#1 AntPos X;#2 AntPos Y;#3 Distance form nest;#4 Total Distance;#5 Total Y Distance
-19.5665;22.7467;30.0043;0.2;-0.199232
-19.549;22.5475;29.8421;0.4;-0.398465
-19.5315;22.3482;29.6803;0.6;-0.597697
-19.514;22.149;29.519;0.8;-0.796929
-19.4965;21.9498;29.3582;1;-0.996162
-19.4789;21.7506;29.1979;1.2;-1.19539
-19.4614;21.5513;29.038;1.4;-1.39463
-19.4439;21.3521;28.8787;1.6;-1.59386
-19.4264;21.1529;28.7198;1.8;-1.79309
-19.4089;20.9536;28.5615;2;-1.99232
-19.3914;20.7544;28.4037;2.2;-2.19156
-19.3739;20.5552;28.2465;2.4;-2.39079
-19.3564;20.3559;28.0898;2.6;-2.59002
-19.3389;20.1567;27.9336;2.8;-2.78925
-19.3214;19.9575;27.778;3;-2.98849
-19.3039;19.7582;27.623;3.2;-3.18772
-19.2864;19.559;27.4685;3.4;-3.38695
-19.2689;19.3598;27.3146;3.6;-3.58618
-19.2514;19.1605;27.1614;3.8;-3.78541
-19.2339;18.9613;27.0087;4;-3.98465
-19.2164;18.7621;26.8567;4.2;-4.18388
-19.1988;18.5628;26.7053;4.4;-4.38311
-19.1813;18.3636;26.5546;4.6;-4.58234
-19.1638;18.1644;26.4045;4.8;-4.78158
-19.1463;17.9651;26.2551;5;-4.98081
-19.1288;17.7659;26.1063;5.2;-5.18004
-19.1113;17.5667;25.9582;5.4;-5.37927
-19.0938;17.3674;25.8109;5.6;-5.57851
-19.0763;17.1682;25.6642;5.8;-5.77774
-19.0588;16.969;25.5183;6;-5.97697
-19.0413;16.7697;25.3731;6.2;-6.1762
-19.0238;16.5705;25.2287;6.4;-6.37544
-19.0063;16.3713;25.085;6.6;-6.57467
-18.9888;16.172;24.9421;6.8;-6.7739
-18.9713;15.9728;24.8;7;-6.97313
-18.9538;15.7736;24.6587;7.2;-7.17236
-18.9363;15.5743;24.5182;7.4;-7.3716
-18.9187;15.3751;24.3785;7.6;-7.57083
-18.9012;15.1759;24.2397;7.8;-7.77006
-18.8837;14.9767;24.1018;8;-7.96929
-18.8662;14.7774;23.9647;8.2;-8.16853
-18.8487;14.5782;23.8285;8.4;-8.36776
-18.8312;14.379;23.6932;8.6;-8.56699
-18.8137;14.1797;23.5589;8.8;-8.76622
-18.7962;13.9805;23.4254;9;-8.96546
-18.7787;13.7813;23.293;9.2;-9.16469
-18.7612;13.582;23.1615;9.4;-9.36392
-18.7437;13.3828;23.031;9.6;-9.56315
-18.7262;13.1836;22.9014;9.8;-9.76239
-18.7087;12.9843;22.773;10;-9.96162
-18.6912;12.7851;22.6455;10.2;-10.1609
-18.6737;12.5859;22.5191;10.4;-10.3601
-18.6562;12.3866;22.3938;10.6;-10.5593
-18.6386;12.1874;22.2695;10.8;-10.7585
-18.6211;11.9882;22.1464;11;-10.9578
-18.6036;11.7889;22.0244;11.2;-11.157
-18.5861;11.5897;21.9035;11.4;-11.3562
-18.5686;11.3905;21.7839;11.6;-11.5555
-18.5511;11.1912;21.6654;11.8;-11.7547
-18.5336;10.992;21.5481;12;-11.9539
-18.5161;10.7928;21.432;12.2;-12.1532
-18.4986;10.5935;21.3172;12.4;-12.3524
-18.4811;10.3943;21.2036;12.6;-12.5516
-18.4636;10.1951;21.0913;12.8;-12.7509
-18.4461;9.99584;20.9803;13;-12.9501
-18.4286;9.79661;20.8707;13.2;-13.1493
-18.4111;9.59738;20.7624;13.4;-13.3486
-18.3936;9.39815;20.6555;13.6;-13.5478
-18.3761;9.19891;20.5499;13.8;-13.747
-18.3586;8.99968;20.4458;14;-13.9463
-18.341;8.80045;20.3431;14.2;-14.1455
-18.3235;8.60122;20.2419;14.4;-14.3447
-18.306;8.40198;20.1421;14.6;-14.544
-18.2885;8.20275;20.0438;14.8;-14.7432
-18.271;8.00352;19.9471;15;-14.9424
-18.2535;7.80429;19.8519;15.2;-15.1417
-18.236;7.60506;19.7583;15.4;-15.3409
-18.2185;7.40582;19.6662;15.6;-15.5401
-18.201;7.20659;19.5758;15.8;-15.7394
-18.1835;7.00736;19.487;16;-15.9386
-18.166;6.80813;19.3998;16.2;-16.1378
-18.1485;6.60889;19.3144;16.4;-16.3371
-18.131;6.40966;19.2306;16.6;-16.5363
-18.1135;6.21043;19.1486;16.8;-16.7355
-18.096;6.0112;19.0683;17;-16.9348
-18.0785;5.81196;18.9897;17.2;-17.134
-18.0609;5.61273;18.913;17.4;-17.3332
-18.0434;5.4135;18.838;17.6;-17.5324
-18.0259;5.21427;18.7649;17.8;-17.7317
-18.0084;5.01503;18.6937;18;-17.9309
-17.9909;4.8158;18.6243;18.2;-18.1301
-17.9734;4.61657;18.5568;18.4;-18.3294
-17.9559;4.41734;18.4913;18.6;-18.5286
-17.9384;4.2181;18.4277;18.8;-18.7278
-17.9209;4.01887;18.366;19;-18.9271
-17.9034;3.81964;18.3063;19.2;-19.1263
-17.8859;3.62041;18.2486;19.4;-19.3255
-17.8684;3.42118;18.1929;19.6;-19.5248
-17.8509;3.22194;18.1393;19.8;-19.724
-17.8334;3.02271;18.0877;20;-19.9232
-17.8159;2.82348;18.0382;20.2;-20.1225
-17.7984;2.62425;17.9908;20.4;-20.3217
-17.7808;2.42501;17.9455;20.6;-20.5209
-17.7633;2.22578;17.9022;20.8;-20.7202
-17.7458;2.02655;17.8612;21;-20.9194
-17.7283;1.82732;17.8223;21.2;-21.1186
-17.7108;1.62808;17.7855;21.4;-21.3179
-17.6933;1.42885;17.7509;21.6;-21.5171
-17.6758;1.22962;17.7185;21.8;-21.7163
-17.6583;1.03039;17.6883;22;-21.9156
-17.6408;0.831155;17.6604;22.2;-22.1148
-17.6233;0.631922;17.6346;22.4;-22.314
-17.6058;0.43269;17.6111;22.6;-22.5133
-17.5883;0.233458;17.5898;22.8;-22.7125
-17.5708;0.0342254;17.5708;23;-22.9117
-17.5533;-0.165007;17.554;23.2;-23.111
-17.5358;-0.364239;17.5395;23.4;-23.3102
-17.5183;-0.563472;17.5273;23.6;-23.5094
-17.5007;-0.762704;17.5174;23.8;-23.7087
-17.4832;-0.961936;17.5097;24;-23.9079
-17.4657;-1.16117;17.5043;24.2;-24.1071
-17.4482;-1.3604;17.5012;24.4;-24.3063
-17.4307;-1.55963;17.5004;24.6;-24.5056
-17.4132;-1.75887;17.5018;24.8;-24.7048
-17.3957;-1.9581;17.5056;25;-24.904
-17.3782;-2.15733;17.5116;25.2;-25.1033
-17.3607;-2.35656;17.5199;25.4;-25.3025
-17.3432;-2.5558;17.5305;25.6;-25.5017
-17.3257;-2.75503;17.5434;25.8;-25.701
-17.3082;-2.95426;17.5585;26;-25.9002
-17.2907;-3.15349;17.5759;26.2;-26.0994
-17.2732;-3.35272;17.5955;26.4;-26.2987
-17.2557;-3.55196;17.6174;26.6;-26.4979
-17.2382;-3.75119;17.6416;26.8;-26.6971
-17.2206;-3.95042;17.668;27;-26.8964
-17.2031;-4.14965;17.6965;27.2;-27.0956
-17.1856;-4.34889;17.7273;27.4;-27.2948
-17.1681;-4.54812;17.7604;27.6;-27.4941
-17.1506;-4.74735;17.7955;27.8;-27.6933
-17.1331;-4.94658;17.8329;28;-27.8925
-17.1156;-5.14582;17.8724;28.2;-28.0918
-17.0981;-5.34505;17.9141;28.4;-28.291
-17.0806;-5.54428;17.9579;28.6;-28.4902
-17.0631;-5.74351;18.0038;28.8;-28.6895
-17.0456;-5.94275;18.0518;29;-28.8887
-17.0281;-6.14198;18.1019;29.2;-29.0879
-17.0106;-6.34121;18.1541;29.4;-29.2872
-16.9931;-6.54044;18.2083;29.6;-29.4864
-16.9756;-6.73967;18.2645;29.8;-29.6856
-16.9581;-6.93891;18.3228;30;-29.8849
-16.9405;-7.13814;18.383;30.2;-30.0841
-16.923;-7.33737;18.4452;30.4;-30.2833
-16.9055;-7.5366;18.5094;30.6;-30.4826
-16.888;-7.73584;18.5755;30.8;-30.6818
-16.8705;-7.93507;18.6435;31;-30.881
-16.853;-8.1343;18.7134;31.2;-31.0802
-16.8355;-8.33353;18.7852;31.4;-31.2795
-16.818;-8.53277;18.8588;31.6;-31.4787
-16.8005;-8.732;18.9342;31.8;-31.6779
-16.783;-8.93123;19.0115;32;-31.8772
-16.7655;-9.13046;19.0905;32.2;-32.0764
-16.748;-9.3297;19.1713;32.4;-32.2756
-16.7305;-9.52893;19.2538;32.6;-32.4749
-16.713;-9.72816;19.3381;32.8;-32.6741
-16.6955;-9.92739;19.424;33;-32.8733
-16.678;-10.1266;19.5116;33.2;-33.0726
-16.6605;-10.3259;19.6009;33.4;-33.2718
-16.6429;-10.5251;19.6918;33.6;-33.471
-16.6254;-10.7243;19.7842;33.8;-33.6703
-16.6079;-10.9236;19.8783;34;-33.8695
-16.5904;-11.1228;19.9739;34.2;-34.0687
-16.5729;-11.322;20.0711;34.4;-34.268
-16.5554;-11.5213;20.1698;34.6;-34.4672
-16.5379;-11.7205;20.27;34.8;-34.6664
-16.5204;-11.9197;20.3716;35;-34.8657
-16.5029;-12.1189;20.4747;35.2;-35.0649
-16.4854;-12.3182;20.5793;35.4;-35.2641
-16.4679;-12.5174;20.6852;35.6;-35.4634
-16.4504;-12.7166;20.7925;35.8;-35.6626
-16.4329;-12.9159;20.9012;36;-35.8618
-16.4154;-13.1151;21.0112;36.2;-36.0611
-16.3979;-13.3143;21.1225;36.4;-36.2603
-16.3804;-13.5136;21.2352;36.6;-36.4595
-16.3628;-13.7128;21.3491;36.8;-36.6588
-16.3453;-13.912;21.4643;37;-36.858
-16.3278;-14.1113;21.5807;37.2;-37.0572
-16.3103;-14.3105;21.6983;37.4;-37.2565
-16.2928;-14.5097;21.8172;37.6;-37.4557
-16.2753;-14.709;21.9372;37.8;-37.6549
-16.2578;-14.9082;22.0583;38;-37.8541
-16.2403;-15.1074;22.1807;38.2;-38.0534
-16.2228;-15.3067;22.3041;38.4;-38.2526
-16.2053;-15.5059;22.4286;38.6;-38.4518
-16.1878;-15.7051;22.5543;38.8;-38.6511
-16.1703;-15.9044;22.681;39;-38.8503
-16.1528;-16.1036;22.8087;39.2;-39.0495
-16.1353;-16.3028;22.9375;39.4;-39.2488
-16.1178;-16.5021;23.0673;39.6;-39.448
-16.1003;-16.7013;23.1981;39.8;-39.6472
-16.0827;-16.9005;23.3299;40;-39.8465
-16.0652;-17.0998;23.4626;40.2;-40.0457
-16.0477;-17.299;23.5963;40.4;-40.2449
-16.0302;-17.4982;23.7309;40.6;-40.4442
-16.0127;-17.6975;23.8664;40.8;-40.6434
-15.9952;-17.8967;24.0029;41;-40.8426
-15.9777;-18.0959;24.1402;41.2;-41.0419
-15.9602;-18.2952;24.2784;41.4;-41.2411
-15.9427;-18.4944;24.4174;41.6;-41.4403
-15.9252;-18.6936;24.5573;41.8;-41.6396
-15.9077;-18.8928;24.6981;42;-41.8388
-15.8902;-19.0921;24.8396;42.2;-42.038
-15.8727;-19.2913;24.9819;42.4;-42.2373
-15.8552;-19.4905;25.125;42.6;-42.4365
-15.8377;-19.6898;25.2689;42.8;-42.6357
-15.8202;-19.889;25.4136;43;-42.835
-15.8026;-20.0882;25.559;43.2;-43.0342
-15.7851;-20.2875;25.7051;43.4;-43.2334
-15.7676;-20.4867;25.852;43.6;-43.4327
-15.7501;-20.6859;25.9995;43.8;-43.6319
-15.7326;-20.8852;26.1478;44;-43.8311
-15.7151;-21.0844;26.2967;44.2;-44.0304
-15.6976;-21.2836;26.4463;44.4;-44.2296
-15.6801;-21.4829;26.5966;44.6;-44.4288
-15.6626;-21.6821;26.7475;44.8;-44.628
-15.6451;-21.8813;26.8991;45;-44.8273
-15.6276;-22.0806;27.0513;45.2;-45.0265
-15.6101;-22.2798;27.2041;45.4;-45.2257
-15.5926;-22.479;27.3575;45.6;-45.425
-15.5751;-22.6783;27.5116;45.8;-45.6242
-15.5576;-22.8775;27.6662;46;-45.8234
-15.5401;-23.0767;27.8214;46.2;-46.0227
-15.5225;-23.276;27.9771;46.4;-46.2219
-15.505;-23.4752;28.1334;46.6;-46.4211
-15.4875;-23.6744;28.2903;46.8;-46.6204
-15.47;-23.8737;28.4477;47;-46.8196
-15.4525;-24.0729;28.6057;47.2;-47.0188
-15.435;-24.2721;28.7641;47.4;-47.2181
-15.4175;-24.4714;28.9231;47.6;-47.4173
-15.4;-24.6706;29.0826;47.8;-47.6165
-15.3825;-24.8698;29.2426;48;-47.8158
-15.365;-25.0691;29.4031;48.2;-48.015
-15.3475;-25.2683;29.564;48.4;-48.2142
-15.33;-25.4675;29.7255;48.6;-48.4135
-15.3125;-25.6667;29.8874;48.8;-48.6127
-15.295;-25.866;30.0497;49;-48.8119
-15.2775;-26.0652;30.2125;49.2;-49.0112
-15.26;-26.2644;30.3758;49.4;-49.2104
-15.2424;-26.4637;30.5395;49.6;-49.4096
-15.2249;-26.6629;30.7036;49.8;-49.6089
-15.2074;-26.8621;30.8681;50;-49.8081
-15.1899;-27.0614;31.0331;50.2;-50.0073
-15.1724;-27.2606;31.1984;50.4;-50.2066
-15.1549;-27.4598;31.3642;50.6;-50.4058
-15.1374;-27.6591;31.5304;50.8;-50.605
-15.1199;-27.8583;31.697;51;-50.8043
-15.1024;-28.0575;31.8639;51.2;-51.0035
-15.0849;-28.2568;32.0312;51.4;-51.2027
-15.0674;-28.456;32.1989;51.6;-51.4019
-15.0499;-28.6552;32.367;51.8;-51.6012
-15.0324;-28.8545;32.5354;52;-51.8004
-15.0149;-29.0537;32.7042;52.2;-51.9996
-14.9974;-29.2529;32.8733;52.4;-52.1989
-14.9799;-29.4522;33.0428;52.6;-52.3981
-14.9623;-29.6514;33.2126;52.8;-52.5973
-14.9448;-29.8506;33.3828;53;-52.7966

-14.9273;29.9501;33.464;53.2;-52.9958
-14.9098;29.7509;33.2779;53.4;-53.195
-14.8923;29.5517;33.092;53.6;-53.3943
-14.8748;29.3524;32.9063;53.8;-53.5935
-14.8573;29.1532;32.7208;54;-53.7927
-14.8398;28.954;32.5354;54.2;-53.992
-14.8223;28.7547;32.3502;54.4;-54.1912
-14.8048;28.5555;32.1652;54.6;-54.3904
-14.7873;28.3563;31.9803;54.8;-54.5897
-14.7698;28.157;31.7957;55;-54.7889
-14.7523;27.9578;31.6112;55.2;-54.9881
-14.7348;27.7586;31.4269;55.4;-55.1874
-14.7173;27.5594;31.2428;55.6;-55.3866
-14.6998;27.3601;31.059;55.8;-55.5858
-14.6823;27.1609;30.8753;56;-55.7851
-14.6647;26.9617;30.6918;56.2;-55.9843
-14.6472;26.7624;30.5085;56.4;-56.1835
-14.6297;26.5632;30.3254;56.6;-56.3828
-14.6122;26.364;30.1426;56.8;-56.582
-14.5947;26.1647;29.96;57;-56.7812
-14.5772;25.9655;29.7775;57.2;-56.9805
-14.5597;25.7663;29.5954;57.4;-57.1797
-14.5422;25.567;29.4134;57.6;-57.3789
-14.5247;25.3678;29.2317;57.8;-57.5782
-14.5072;25.1686;29.0502;58;-57.7774
-14.4897;24.9693;28.869;58.2;-57.9766
-14.4722;24.7701;28.688;58.4;-58.1758
-14.4547;24.5709;28.5073;58.6;-58.3751
-14.4372;24.3716;28.3268;58.8;-58.5743
-14.4197;24.1724;28.1466;59;-58.7735
-14.4022;23.9732;27.9667;59.2;-58.9728
-14.3846;23.7739;27.787;59.4;-59.172
-14.3671;23.5747;27.6076;59.6;-59.3712
-14.3496;23.3755;27.4285;59.8;-59.5705
-14.3321;23.1762;27.2497;60;-59.7697
-14.3146;22.977;27.0712;60.2;-59.9689
-14.2971;22.7778;26.893;60.4;-60.1682
-14.2796;22.5785;26.7151;60.6;-60.3674
-14.2621;22.3793;26.5375;60.8;-60.5666
-14.2446;22.1801;26.3603;61;-60.7659
-14.2271;21.9808;26.1833;61.2;-60.9651
-14.2096;21.7816;26.0067;61.4;-61.1643
-14.1921;21.5824;25.8305;61.6;-61.3636
-14.1746;21.3831;25.6546;61.8;-61.5628
-14.1571;21.1839;25.479;62;-61.762
-14.1396;20.9847;25.3038;62.2;-61.9613
-14.1221;20.7855;25.129;62.4;-62.1605
-14.1045;20.5862;24.9546;62.6;-62.3597
-14.087;20.387;24.7805;62.8;-62.559
-14.0695;20.1878;24.6069;63;-62.7582
-14.052;19.9885;24.4336;63.2;-62.9574
-14.0345;19.7893;24.2607;63.4;-63.1567
-14.017;19.5901;24.0883;63.6;-63.3559
-13.9995;19.3908;23.9163;63.8;-63.5551
-13.982;19.1916;23.7448;64;-63.7544
-13.9645;18.9924;23.5736;64.2;-63.9536
-13.947;18.7931;23.403;64.4;-64.1528
-13.9295;18.5939;23.2328;64.6;-64.3521
-13.912;18.3947;23.0631;64.8;-64.5513
-13.8945;18.1954;22.8939;65;-64.7505
-13.877;17.9962;22.7252;65.2;-64.9497
-13.8595;17.797;22.557;65.4;-65.149
-13.842;17.5977;22.3893;65.6;-65.3482
-13.8244;17.3985;22.2221;65.8;-65.5474
-13.8069;17.1993;22.0555;66;-65.7467
-13.7894;17;21.8895;66.2;-65.9459
-13.7719;16.8008;21.724;66.4;-66.1451
-13.7544;16.6016;21.5591;66.6;-66.3444
-13.7369;16.4023;21.3948;66.8;-66.5436
-13.7194;16.2031;21.2312;67;-66.7428
-13.7019;16.0039;21.0681;67.2;-66.9421
-13.6844;15.8046;20.9057;67.4;-67.1413
-13.6669;15.6054;20.744;67.6;-67.3405
-13.6494;15.4062;20.5829;67.8;-67.5398
-13.6319;15.2069;20.4225;68;-67.739
-13.6144;15.0077;20.2628;68.2;-67.9382
-13.5969;14.8085;20.1039;68.4;-68.1375
-13.5794;14.6092;19.9457;68.6;-68.3367
-13.5619;14.41;19.7882;68.8;-68.5359
-13.5443;14.2108;19.6315;69;-68.7352
-13.5268;14.0116;19.4756;69.2;-68.9344
-13.5093;13.8123;19.3205;69.4;-69.1336
-13.4918;13.6131;19.1663;69.6;-69.3329
-13.4743;13.4139;19.0129;69.8;-69.5321
-13.4568;13.2146;18.8603;70;-69.7313
-13.4393;13.0154;18.7087;70.2;-69.9306
-13.4218;12.8162;18.558;70.4;-70.1298
-13.4043;12.6169;18.4082;70.6;-70.329
-13.3868;12.4177;18.2594;70.8;-70.5283
-13.3693;12.2185;18.1116;71;-70.7275
-13.3518;12.0192;17.9647;71.2;-70.9267
-13.3343;11.82;17.819;71.4;-71.126
-13.3168;11.6208;17.6742;71.6;-71.3252
-13.2993;11.4215;17.5306;71.8;-71.5244
-13.2818;11.2223;17.3881;72;-71.7236
-13.2642;11.0231;17.2467;72.2;-71.9229
-13.2467;10.8238;17.1065;72.4;-72.1221
-13.2292;10.6246;16.9675;72.6;-72.3213
-13.2117;10.4254;16.8297;72.8;-72.5206
-13.1942;10.2261;16.6932;73;-72.7198
-13.1767;10.0269;16.5579;73.2;-72.919
-13.1592;9.82767;16.424;73.4;-73.1183
-13.1417;9.62844;16.2914;73.6;-73.3175
-13.1242;9.42921;16.1603;73.8;-73.5167
-13.1067;9.22997;16.0305;74;-73.716
-13.0892;9.03074;15.9022;74.2;-73.9152
-13.0717;8.83151;15.7754;74.4;-74.1144
-13.0542;8.63228;15.6502;74.6;-74.3137
-13.0367;8.43304;15.5265;74.8;-74.5129
-13.0192;8.23381;15.4044;75;-74.7121
-13.0017;8.03458;15.2839;75.2;-74.9114
-12.9842;7.83535;15.1651;75.4;-75.1106
-12.9666;7.63611;15.0481;75.6;-75.3098
-12.9491;7.43688;14.9328;75.8;-75.5091
-12.9316;7.23765;14.8193;76;-75.7083
-12.9141;7.03842;14.7076;76.2;-75.9075
-12.8966;6.83919;14.5979;76.4;-76.1068
-12.8791;6.63995;14.49;76.6;-76.306
-12.8616;6.44072;14.3842;76.8;-76.5052
-12.8441;6.24149;14.2803;77;-76.7045
-12.8266;6.04226;14.1785;77.2;-76.9037
-12.8091;5.84302;14.0788;77.4;-77.1029
-12.7916;5.64379;13.9813;77.6;-77.3022
-12.7741;5.44456;13.886;77.8;-77.5014
-12.7566;5.24533;13.7929;78;-77.7006
-12.7391;5.04609;13.7021;78.2;-77.8999
-12.7216;4.84686;13.6136;78.4;-78.0991
-12.7041;4.64763;13.5275;78.6;-78.2983
-12.6865;4.4484;13.4438;78.8;-78.4975
-12.669;4.24916;13.3626;79;-78.6968
-12.6515;4.04993;13.2839;79.2;-78.896
-12.634;3.8507;13.2078;79.4;-79.0952
-12.6165;3.65147;13.1343;79.6;-79.2945
-12.599;3.45224;13.0634;79.8;-79.4937
-12.5815;3.253;12.9952;80;-79.6929
-12.564;3.05377;12.9298;80.2;-79.8922
-12.5465;2.85454;12.8671;80.4;-80.0914
-12.529;2.65531;12.8073;80.6;-80.2906
-12.5115;2.45607;12.7503;80.8;-80.4899
-12.494;2.25684;12.6962;81;-80.6891
-12.4765;2.05761;12.645;81.2;-80.8883
-12.459;1.85838;12.5968;81.4;-81.0876
-12.4415;1.65914;12.5516;81.6;-81.2868
-12.424;1.45991;12.5094;81.8;-81.486
-12.4064;1.26068;12.4703;82;-81.6853
-12.3889;1.06145;12.4343;82.2;-81.8845
-12.3714;0.862214;12.4014;82.4;-82.0837
-12.3539;0.662982;12.3717;82.6;-82.283
-12.3364;0.46375;12.3451;82.8;-82.4822
-12.3189;0.264517;12.3218;83;-82.6814
-12.3014;0.065285;12.3016;83.2;-82.8807
-12.2839;-0.133947;12.2846;83.4;-83.0799
-12.2664;-0.33318;12.2709;83.6;-83.2791
-12.2489;-0.532412;12.2605;83.8;-83.4784
-12.2314;-0.731644;12.2532;84;-83.6776
-12.2139;-0.930877;12.2493;84.2;-83.8768
-12.1964;-1.13011;12.2486;84.4;-84.0761
-12.1789;-1.32934;12.2512;84.6;-84.2753
-12.1614;-1.52857;12.257;84.8;-84.4745
-12.1439;-1.72781;12.2662;85;-84.6738
-12.1263;-1.92704;12.2785;85.2;-84.873
-12.1088;-2.12627;12.2941;85.4;-85.0722
-12.0913;-2.3255;12.3129;85.6;-85.2715
-12.0738;-2.52474;12.335;85.8;-85.4707
-12.0563;-2.72397;12.3602;86;-85.6699
-12.0388;-2.9232;12.3886;86.2;-85.8691
-12.0213;-3.12243;12.4202;86.4;-86.0684
-12.0038;-3.32167;12.4549;86.6;-86.2676
-11.9863;-3.5209;12.4927;86.8;-86.4668
-11.9688;-3.72013;12.5336;87;-86.6661
-11.9513;-3.91936;12.5775;87.2;-86.8653
-11.9338;-4.11859;12.6245;87.4;-87.0645
-11.9163;-4.31783;12.6744;87.6;-87.2638
-11.8988;-4.51706;12.7273;87.8;-87.463
-11.8813;-4.71629;12.7831;88;-87.6622
-11.8638;-4.91552;12.8418;88.2;-87.8615
-11.8462;-5.11476;12.9033;88.4;-88.0607
-11.8287;-5.31399;12.9676;88.6;-88.2599
-11.8112;-5.51322;13.0346;88.8;-88.4592
-11.7937;-5.71245;13.1044;89;-88.6584
-11.7762;-5.91169;13.1768;89.2;-88.8576
-11.7587;-6.11092;13.2518;89.4;-89.0569
-11.7412;-6.31015;13.3294;89.6;-89.2561
-11.7237;-6.50938;13.4096;89.8;-89.4553
-11.7062;-6.70862;13.4922;90;-89.6546
-11.6887;-6.90785;13.5773;90.2;-89.8538
-11.6712;-7.10708;13.6648;90.4;-90.053
-11.6537;-7.30631;13.7547;90.6;-90.2523
-11.6362;-7.50554;13.8468;90.8;-90.4515
-11.6187;-7.70478;13.9412;91;-90.6507
-11.6012;-7.90401;14.0378;91.2;-90.85
-11.5837;-8.10324;14.1366;91.4;-91.0492
-11.5661;-8.30247;14.2375;91.6;-91.2484
-11.5486;-8.50171;14.3405;91.8;-91.4477
-11.5311;-8.70094;14.4455;92;-91.6469
-11.5136;-8.90017;14.5526;92.2;-91.8461
-11.4961;-9.0994;14.6615;92.4;-92.0454
-11.4786;-9.29864;14.7724;92.6;-92.2446
-11.4611;-9.49787;14.8851;92.8;-92.4438
-11.4436;-9.6971;14.9997;93;-92.643
-11.4261;-9.89633;15.116;93.2;-92.8423
-11.4086;-10.0956;15.2341;93.4;-93.0415
-11.3911;-10.2948;15.3538;93.6;-93.2407
-11.3736;-10.494;15.4752;93.8;-93.44
-11.3561;-10.6933;15.5983;94;-93.6392
-11.3386;-10.8925;15.7229;94.2;-93.8384
-11.3211;-11.0917;15.8491;94.4;-94.0377
-11.3036;-11.291;15.9767;94.6;-94.2369
-11.286;-11.4902;16.1059;94.8;-94.4361
-11.2685;-11.6894;16.2365;95;-94.6354
-11.251;-11.8887;16.3684;95.2;-94.8346
-11.2335;-12.0879;16.5018;95.4;-95.0338
-11.216;-12.2871;16.6365;95.6;-95.2331
-11.1985;-12.4864;16.7725;95.8;-95.4323
-11.181;-12.6856;16.9097;96;-95.6315
-11.1635;-12.8848;17.0482;96.2;-95.8308
-11.146;-13.0841;17.188;96.4;-96.03
-11.1285;-13.2833;17.3288;96.6;-96.2292
-11.111;-13.4825;17.4709;96.8;-96.4285
-11.0935;-13.6817;17.6141;97;-96.6277
-11.076;-13.881;17.7583;97.2;-96.8269
-11.0585;-14.0802;17.9037;97.4;-97.0262
-11.041;-14.2794;18.0501;97.6;-97.2254
-11.0235;-14.4787;18.1975;97.8;-97.4246
-11.006;-14.6779;18.3459;98;-97.6239
-10.9884;-14.8771;18.4953;98.2;-97.8231
-10.9709;-15.0764;18.6456;98.4;-98.0223
-10.9534;-15.2756;18.7969;98.6;-98.2216
-10.9359;-15.4748;18.949;98.8;-98.4208
-10.9184;-15.6741;19.1021;99;-98.62
-10.9009;-15.8733;19.256;99.2;-98.8193
-10.8834;-16.0725;19.4107;99.4;-99.0185
-10.8659;-16.2718;19.5663;99.6;-99.2177
-10.8484;-16.471;19.7226;99.8;-99.4169
-10.8309;-16.6702;19.8798;100;-99.6162
-10.8134;-16.8695;20.0377;100.2;-99.8154
-10.7959;-17.0687;20.1963;100.4;-100.015
-10.7784;-17.2679;20.3557;100.6;-100.214
-10.7609;-17.4672;20.5158;100.8;-100.413
-10.7434;-17.6664;20.6766;101;-100.612
-10.7259;-17.8656;20.8381;101.2;-100.812
-10.7083;-18.0649;21.0002;101.4;-101.011
-10.6908;-18.2641;21.163;101.6;-101.21
-10.6733;-18.4633;21.3264;101.8;-101.409
-10.6558;-18.6626;21.4904;102;-101.609
-10.6383;-18.8618;21.655;102.2;-101.808
-10.6208;-19.061;21.8203;102.4;-102.007
-10.6033;-19.2603;21.9861;102.6;-102.206
-10.5858;-19.4595;22.1524;102.8;-102.405
-10.5683;-19.6587;22.3194;103;-102.605
-10.5508;-19.858;22.4868;103.2;-102.804
-10.5333;-20.0572;22.6548;103.4;-103.003
-10.5158;-20.2564;22.8233;103.6;-103.202
-10.4983;-20.4556;22.9923;103.8;-103.402
-10.4808;-20.6549;23.1618;104;-103.601
-10.4633;-20.8541;23.3318;104.2;-103.8
-10.4458;-21.0533;23.5023;104.4;-103.999
-10.4282;-21.2526;23.6732;104.6;-104.199
-10.4107;-21.4518;23.8446;104.8;-104.398
-10.3932;-21.651;24.0164;105;-104.597
-10.3757;-21.8503;24.1886;105.2;-104.796
-10.3582;-22.0495;24.3613;105.4;-104.995
-10.3407;-22.2487;24.5344;105.6;-105.195
-10.3232;-22.448;24.7079;105.8;-105.394
-10.3057;-22.6472;24.8818;106;-105.593
-10.2882;-22.8464;25.0561;106.2;-105.792
-10.2707;-23.0457;25.2307;106.4;-105.992
-10.2532;-23.2449;25.4058;106.6;-106.191
-10.2357;-23.4441;25.5812;106.8;-106.39
-10.2182;-23.6434;25.7569;107;-106.589
-10.2007;-23.8426;25.933;107.2;-106.789
-10.1832;-24.0418;26.1095;107.4;-106.988
-10.1657;-24.2411;26.2863;107.6;-107.187
-10.1481;-24.4403;26.4634;107.8;-107.386
-10.1306;-24.6395;26.6409;108;-107.585
-10.1131;-24.8388;26.8186;108.2;-107.785
-10.0956;-25.038;26.9967;108.4;-107.984
-10.0781;-25.2372;27.1751;108.6;-108.183
-10.0606;-25.4365;27.3538;108.8;-108.382
-10.0431;-25.6357;27.5328;109;-108.582
-10.0256;-25.8349;27.712;109.2;-108.781
-10.0081;-26.0342;27.8916;109.4;-108.98
-9.99059;-26.2334;28.0714;109.6;-109.179
-9.97309;-26.4326;28.2515;109.8;-109.379
-9.95558;-26.6319;28.4318;110;-109.578
-9.93807;-26.8311;28.6125;110.2;-109.777
-9.92057;-27.0303;28.7933;110.4;-109.976
-9.90306;-27.2295;28.9745;110.6;-110.175
-9.88555;-27.4288;29.1558;110.8;-110.375
-9.86805;-27.628;29.3374;111;-110.574
-9.85054;-27.8272;29.5193;111.2;-110.773
-9.83304;-28.0265;29.7014;111.4;-110.972
-9.81553;-28.2257;29.8837;111.6;-111.172
-9.79802;-28.4249;30.0662;111.8;-111.371
-9.78052;-28.6242;30.249;112;-111.57
-9.76301;-28.8234;30.432;112.2;-111.769
-9.74551;-29.0226;30.6152;112.4;-111.969
-9.728;-29.2219;30.7986;112.6;-112.168
-9.71049;-29.4211;30.9822;112.8;-112.367
-9.69299;-29.6203;31.166;113;-112.566
-9.67548;-29.8196;31.35;113.2;-112.766

-9.65797;29.9812;31.4984;113.4;-112.965
-9.64047;29.782;31.3034;113.6;-113.164
-9.62296;29.5827;31.1085;113.8;-113.363
-9.60546;29.3835;30.9137;114;-113.562
-9.58795;29.1843;30.7189;114.2;-113.762
-9.57044;28.985;30.5242;114.4;-113.961
-9.55294;28.7858;30.3295;114.6;-114.16
-9.53543;28.5866;30.135;114.8;-114.359
-9.51792;28.3873;29.9405;115;-114.559
-9.50042;28.1881;29.746;115.2;-114.758
-9.48291;27.9889;29.5517;115.4;-114.957
-9.46541;27.7896;29.3574;115.6;-115.156
-9.4479;27.5904;29.1632;115.8;-115.356
-9.43039;27.3912;28.9691;116;-115.555
-9.41289;27.1919;28.7751;116.2;-115.754
-9.39538;26.9927;28.5811;116.4;-115.953
-9.37788;26.7935;28.3872;116.6;-116.152
-9.36037;26.5942;28.1934;116.8;-116.352
-9.34286;26.395;27.9997;117;-116.551
-9.32536;26.1958;27.8061;117.2;-116.75
-9.30785;25.9966;27.6126;117.4;-116.949
-9.29034;25.7973;27.4192;117.6;-117.149
-9.27284;25.5981;27.2259;117.8;-117.348
-9.25533;25.3989;27.0326;118;-117.547
-9.23783;25.1996;26.8395;118.2;-117.746
-9.22032;25.0004;26.6465;118.4;-117.946
-9.20281;24.8012;26.4535;118.6;-118.145
-9.18531;24.6019;26.2607;118.8;-118.344
-9.1678;24.4027;26.068;119;-118.543
-9.15029;24.2035;25.8754;119.2;-118.742
-9.13279;24.0042;25.6829;119.4;-118.942
-9.11528;23.805;25.4905;119.6;-119.141
-9.09778;23.6058;25.2983;119.8;-119.34
-9.08027;23.4065;25.1061;120;-119.539
-9.06276;23.2073;24.9141;120.2;-119.739
-9.04526;23.0081;24.7222;120.4;-119.938
-9.02775;22.8088;24.5305;120.6;-120.137
-9.01025;22.6096;24.3388;120.8;-120.336
-8.99274;22.4104;24.1473;121;-120.536
-8.97523;22.2111;23.956;121.2;-120.735
-8.95773;22.0119;23.7648;121.4;-120.934
-8.94022;21.8127;23.5737;121.6;-121.133
-8.92271;21.6134;23.3828;121.8;-121.333
-8.90521;21.4142;23.192;122;-121.532
-8.8877;21.215;23.0014;122.2;-121.731
-8.8702;21.0157;22.811;122.4;-121.93
-8.85269;20.8165;22.6207;122.6;-122.129
-8.83518;20.6173;22.4306;122.8;-122.329
-8.81768;20.418;22.2407;123;-122.528
-8.80017;20.2188;22.0509;123.2;-122.727
-8.78266;20.0196;21.8614;123.4;-122.926
-8.76516;19.8203;21.672;123.6;-123.126
-8.74765;19.6211;21.4828;123.8;-123.325
-8.73015;19.4219;21.2938;124;-123.524
-8.71264;19.2227;21.105;124.2;-123.723
-8.69513;19.0234;20.9164;124.4;-123.923
-8.67763;18.8242;20.728;124.6;-124.122
-8.66012;18.625;20.5399;124.8;-124.321
-8.64262;18.4257;20.352;125;-124.52
-8.62511;18.2265;20.1643;125.2;-124.719
-8.6076;18.0273;19.9768;125.4;-124.919
-8.5901;17.828;19.7896;125.6;-125.118
-8.57259;17.6288;19.6026;125.8;-125.317
-8.55508;17.4296;19.4159;126;-125.516
-8.53758;17.2303;19.2295;126.2;-125.716
-8.52007;17.0311;19.0434;126.4;-125.915
-8.50257;16.8319;18.8575;126.6;-126.114
-8.48506;16.6326;18.6719;126.8;-126.313
-8.46755;16.4334;18.4866;127;-126.513
-8.45005;16.2342;18.3017;127.2;-126.712
-8.43254;16.0349;18.117;127.4;-126.911
-8.41503;15.8357;17.9327;127.6;-127.11
-8.39753;15.6365;17.7487;127.8;-127.309
-8.38002;15.4372;17.5651;128;-127.509
-8.36252;15.238;17.3818;128.2;-127.708
-8.34501;15.0388;17.1989;128.4;-127.907
-8.3275;14.8395;17.0164;128.6;-128.106
-8.31;14.6403;16.8343;128.8;-128.306
-8.29249;14.4411;16.6526;129;-128.505
-8.27499;14.2418;16.4714;129.2;-128.704
-8.25748;14.0426;16.2905;129.4;-128.903
-8.23997;13.8434;16.1101;129.6;-129.103
-8.22247;13.6441;15.9302;129.8;-129.302
-8.20496;13.4449;15.7508;130;-129.501
-8.18745;13.2457;15.5718;130.2;-129.7
-8.16995;13.0464;15.3934;130.4;-129.899
-8.15244;12.8472;15.2156;130.6;-130.099
-8.13494;12.648;15.0382;130.8;-130.298
-8.11743;12.4488;14.8615;131;-130.497
-8.09992;12.2495;14.6853;131.2;-130.696
-8.08242;12.0503;14.5098;131.4;-130.896
-8.06491;11.8511;14.3349;131.6;-131.095
-8.0474;11.6518;14.1607;131.8;-131.294
-8.0299;11.4526;13.9872;132;-131.493
-8.01239;11.2534;13.8144;132.2;-131.693
-7.99489;11.0541;13.6423;132.4;-131.892
-7.97738;10.8549;13.471;132.6;-132.091
-7.95987;10.6557;13.3005;132.8;-132.29
-7.94237;10.4564;13.1308;133;-132.49
-7.92486;10.2572;12.962;133.2;-132.689
-7.90736;10.058;12.7941;133.4;-132.888
-7.88985;9.85873;12.6271;133.6;-133.087
-7.87234;9.6595;12.4611;133.8;-133.286
-7.85484;9.46027;12.2961;134;-133.486
-7.83733;9.26103;12.1322;134.2;-133.685
-7.81982;9.0618;11.9694;134.4;-133.884
-7.80232;8.86257;11.8077;134.6;-134.083
-7.78481;8.66334;11.6472;134.8;-134.283
-7.76731;8.4641;11.4879;135;-134.482
-7.7498;8.26487;11.3299;135.2;-134.681
-7.73229;8.06564;11.1733;135.4;-134.88
-7.71479;7.86641;11.0181;135.6;-135.08
-7.69728;7.66717;10.8643;135.8;-135.279
-7.67977;7.46794;10.7121;136;-135.478
-7.66227;7.26871;10.5615;136.2;-135.677
-7.64476;7.06948;10.4125;136.4;-135.876
-7.62726;6.87024;10.2652;136.6;-136.076
-7.60975;6.67101;10.1198;136.8;-136.275
-7.59224;6.47178;9.97628;137;-136.474
-7.57474;6.27255;9.83471;137.2;-136.673
-7.55723;6.07332;9.6952;137.4;-136.873
-7.53973;5.87408;9.55784;137.6;-137.072
-7.52222;5.67485;9.42272;137.8;-137.271
-7.50471;5.47562;9.28995;138;-137.47
-7.48721;5.27639;9.15961;138.2;-137.67
-7.4697;5.07715;9.03183;138.4;-137.869
-7.45219;4.87792;8.9067;138.6;-138.068
-7.43469;4.67869;8.78435;138.8;-138.267
-7.41718;4.47946;8.66488;139;-138.466
-7.39968;4.28022;8.54842;139.2;-138.666
-7.38217;4.08099;8.4351;139.4;-138.865
-7.36466;3.88176;8.32504;139.6;-139.064
-7.34716;3.68253;8.21838;139.8;-139.263
-7.32965;3.48329;8.11524;140;-139.463
-7.31214;3.28406;8.01577;140.2;-139.662
-7.29464;3.08483;7.9201;140.4;-139.861
-7.27713;2.8856;7.82837;140.6;-140.06
-7.25963;2.68637;7.74072;140.8;-140.26
-7.24212;2.48713;7.65729;141;-140.459
-7.22461;2.2879;7.57823;141.2;-140.658
-7.20711;2.08867;7.50366;141.4;-140.857
-7.1896;1.88944;7.43373;141.6;-141.057
-7.1721;1.6902;7.36856;141.8;-141.256
-7.15459;1.49097;7.30829;142;-141.455
-7.13708;1.29174;7.25304;142.2;-141.654
-7.11958;1.09251;7.20291;142.4;-141.853
-7.10207;0.893274;7.15803;142.6;-142.053
-7.08456;0.694042;7.11848;142.8;-142.252
-7.06706;0.494809;7.08436;143;-142.451
-7.04955;0.295577;7.05575;143.2;-142.65
-7.03205;0.0963446;7.03271;143.4;-142.85
-7.01454;-0.102888;7.01529;143.6;-143.049
-6.99703;-0.30212;7.00355;143.8;-143.248
-6.97953;-0.501352;6.99751;144;-143.447
-6.96202;-0.700585;6.99718;144.2;-143.647
-6.94451;-0.899817;7.00257;144.4;-143.846
-6.92701;-1.09905;7.01366;144.6;-144.045
-6.9095;-1.29828;7.03042;144.8;-144.244
-6.892;-1.49751;7.05281;145;-144.443
-6.87449;-1.69675;7.08079;145.2;-144.643
-6.85698;-1.89598;7.11428;145.4;-144.842
-6.83948;-2.09521;7.15321;145.6;-145.041
-6.82197;-2.29444;7.19748;145.8;-145.24
-6.80447;-2.49368;7.24701;146;-145.44
-6.78696;-2.69291;7.30168;146.2;-145.639
-6.76945;-2.89214;7.36138;146.4;-145.838
-6.75195;-3.09137;7.42599;146.6;-146.037
-6.73444;-3.29061;7.49538;146.8;-146.237
-6.71693;-3.48984;7.56942;147;-146.436
-6.69943;-3.68907;7.64798;147.2;-146.635
-6.68192;-3.8883;7.73091;147.4;-146.834
-6.66442;-4.08753;7.81808;147.6;-147.033
-6.64691;-4.28677;7.90935;147.8;-147.233
-6.6294;-4.486;8.00457;148;-147.432
-6.6119;-4.68523;8.10362;148.2;-147.631
-6.59439;-4.88446;8.20634;148.4;-147.83
-6.57688;-5.0837;8.3126;148.6;-148.03
-6.55938;-5.28293;8.42228;148.8;-148.229
-6.54187;-5.48216;8.53523;149;-148.428
-6.52437;-5.68139;8.65133;149.2;-148.627
-6.50686;-5.88063;8.77046;149.4;-148.827
-6.48935;-6.07986;8.89249;149.6;-149.026
-6.47185;-6.27909;9.01731;149.8;-149.225
-6.45434;-6.47832;9.14479;150;-149.424
-6.43684;-6.67756;9.27484;150.2;-149.624
-6.41933;-6.87679;9.40734;150.4;-149.823
-6.40182;-7.07602;9.54219;150.6;-150.022
-6.38432;-7.27525;9.6793;150.8;-150.221
-6.36681;-7.47449;9.81856;151;-150.42
-6.3493;-7.67372;9.9599;151.2;-150.62
-6.3318;-7.87295;10.1032;151.4;-150.819
-6.31429;-8.07218;10.2484;151.6;-151.018
-6.29679;-8.27141;10.3955;151.8;-151.217
-6.27928;-8.47065;10.5443;152;-151.417
-6.26177;-8.66988;10.6947;152.2;-151.616
-6.24427;-8.86911;10.8468;152.4;-151.815
-6.22676;-9.06834;11.0003;152.6;-152.014
-6.20926;-9.26758;11.1554;152.8;-152.214
-6.19175;-9.46681;11.3119;153;-152.413
-6.17424;-9.66604;11.4697;153.2;-152.612
-6.15674;-9.86527;11.6288;153.4;-152.811
-6.13923;-10.0645;11.7892;153.6;-153.01
-6.12172;-10.2637;11.9507;153.8;-153.21
-6.10422;-10.463;12.1134;154;-153.409
-6.08671;-10.6622;12.2772;154.2;-153.608
-6.06921;-10.8614;12.4421;154.4;-153.807
-6.0517;-11.0607;12.608;154.6;-154.007
-6.03419;-11.2599;12.7749;154.8;-154.206
-6.01669;-11.4591;12.9427;155;-154.405
-5.99918;-11.6584;13.1114;155.2;-154.604
-5.98167;-11.8576;13.2809;155.4;-154.804
-5.96417;-12.0568;13.4513;155.6;-155.003
-5.94666;-12.2561;13.6225;155.8;-155.202
-5.92916;-12.4553;13.7945;156;-155.401
-5.91165;-12.6545;13.9673;156.2;-155.6
-5.89414;-12.8538;14.1407;156.4;-155.8
-5.87664;-13.053;14.3149;156.6;-155.999
-5.85913;-13.2522;14.4897;156.8;-156.198
-5.84163;-13.4515;14.6651;157;-156.397
-5.82412;-13.6507;14.8412;157.2;-156.597
-5.80661;-13.8499;15.0179;157.4;-156.796
-5.78911;-14.0492;15.1951;157.6;-156.995
-5.7716;-14.2484;15.373;157.8;-157.194
-5.75409;-14.4476;15.5513;158;-157.394
-5.73659;-14.6469;15.7302;158.2;-157.593
-5.71908;-14.8461;15.9096;158.4;-157.792
-5.70158;-15.0453;16.0894;158.6;-157.991
-5.68407;-15.2445;16.2698;158.8;-158.19
-5.66656;-15.4438;16.4505;159;-158.39
-5.64906;-15.643;16.6318;159.2;-158.589
-5.63155;-15.8422;16.8134;159.4;-158.788
-5.61404;-16.0415;16.9955;159.6;-158.987
-5.59654;-16.2407;17.1779;159.8;-159.187
-5.57903;-16.4399;17.3608;160;-159.386
-5.56153;-16.6392;17.544;160.2;-159.585
-5.54402;-16.8384;17.7276;160.4;-159.784
-5.52651;-17.0376;17.9115;160.6;-159.984
-5.50901;-17.2369;18.0958;160.8;-160.183
-5.4915;-17.4361;18.2804;161;-160.382
-5.474;-17.6353;18.4654;161.2;-160.581
-5.45649;-17.8346;18.6506;161.4;-160.781
-5.43898;-18.0338;18.8361;161.6;-160.98
-5.42148;-18.233;19.022;161.8;-161.179
-5.40397;-18.4323;19.2081;162;-161.378
-5.38646;-18.6315;19.3945;162.2;-161.577
-5.36896;-18.8307;19.5812;162.4;-161.777
-5.35145;-19.03;19.7681;162.6;-161.976
-5.33395;-19.2292;19.9553;162.8;-162.175
-5.31644;-19.4284;20.1427;163;-162.374
-5.29893;-19.6277;20.3304;163.2;-162.574
-5.28143;-19.8269;20.5183;163.4;-162.773
-5.26392;-20.0261;20.7064;163.6;-162.972
-5.24641;-20.2254;20.8947;163.8;-163.171
-5.22891;-20.4246;21.0833;164;-163.371
-5.2114;-20.6238;21.2721;164.2;-163.57
-5.1939;-20.8231;21.461;164.4;-163.769
-5.17639;-21.0223;21.6502;164.6;-163.968
-5.15888;-21.2215;21.8396;164.8;-164.167
-5.14138;-21.4208;22.0291;165;-164.367
-5.12387;-21.62;22.2189;165.2;-164.566
-5.10637;-21.8192;22.4088;165.4;-164.765
-5.08886;-22.0184;22.5989;165.6;-164.964
-5.07135;-22.2177;22.7891;165.8;-165.164
-5.05385;-22.4169;22.9795;166;-165.363
-5.03634;-22.6161;23.1701;166.2;-165.562
-5.01883;-22.8154;23.3609;166.4;-165.761
-5.00133;-23.0146;23.5518;166.6;-165.961
-4.98382;-23.2138;23.7428;166.8;-166.16
-4.96632;-23.4131;23.934;167;-166.359
-4.94881;-23.6123;24.1253;167.2;-166.558
-4.9313;-23.8115;24.3168;167.4;-166.757
-4.9138;-24.0108;24.5084;167.6;-166.957
-4.89629;-24.21;24.7002;167.8;-167.156
-4.87878;-24.4092;24.892;168;-167.355
-4.86128;-24.6085;25.084;168.2;-167.554
-4.84377;-24.8077;25.2762;168.4;-167.754
-4.82627;-25.0069;25.4684;168.6;-167.953
-4.80876;-25.2062;25.6608;168.8;-168.152
-4.79125;-25.4054;25.8532;169;-168.351
-4.77375;-25.6046;26.0458;169.2;-168.551
-4.75624;-25.8039;26.2385;169.4;-168.75
-4.73874;-26.0031;26.4314;169.6;-168.949
-4.72123;-26.2023;26.6243;169.8;-169.148
-4.70372;-26.4016;26.8173;170;-169.348
-4.68622;-26.6008;27.0104;170.2;-169.547
-4.66871;-26.8;27.2036;170.4;-169.746
-4.6512;-26.9993;27.397;170.6;-169.945
-4.6337;-27.1985;27.5904;170.8;-170.144
-4.61619;-27.3977;27.7839;171;-170.344
-4.59869;-27.597;27.9775;171.2;-170.543
-4.58118;-27.7962;28.1712;171.4;-170.742
-4.56367;-27.9954;28.365;171.6;-170.941
-4.54617;-28.1947;28.5588;171.8;-171.141
-4.52866;-28.3939;28.7528;172;-171.34
-4.51115;-28.5931;28.9468;172.2;-171.539
-4.49365;-28.7923;29.1409;172.4;-171.738
-4.47614;-28.9916;29.3351;172.6;-171.938
-4.45864;-29.1908;29.5294;172.8;-172.137
-4.44113;-29.39;29.7237;173;-172.336
-4.42362;-29.5893;29.9181;173.2;-172.535
-4.40612;-29.7885;30.1126;173.4;-172.734
-4.38861;-29.9877;30.3072;173.6;-172.934

-4.37111;29.813;30.1318;173.8;-173.133
-4.3536;29.6138;29.9321;174;-173.332
-4.33609;29.4146;29.7324;174.2;-173.531
-4.31859;29.2153;29.5328;174.4;-173.731
-4.30108;29.0161;29.3331;174.6;-173.93
-4.28357;28.8169;29.1335;174.8;-174.129
-4.26607;28.6176;28.9339;175;-174.328
-4.24856;28.4184;28.7342;175.2;-174.528
-4.23106;28.2192;28.5346;175.4;-174.727
-4.21355;28.0199;28.335;175.6;-174.926
-4.19604;27.8207;28.1354;175.8;-175.125
-4.17854;27.6215;27.9357;176;-175.324
-4.16103;27.4222;27.7361;176.2;-175.524
-4.14352;27.223;27.5365;176.4;-175.723
-4.12602;27.0238;27.3369;176.6;-175.922
-4.10851;26.8245;27.1374;176.8;-176.121
-4.09101;26.6253;26.9378;177;-176.321
-4.0735;26.4261;26.7382;177.2;-176.52
-4.05599;26.2268;26.5386;177.4;-176.719
-4.03849;26.0276;26.3391;177.6;-176.918
-4.02098;25.8284;26.1395;177.8;-177.118
-4.00348;25.6291;25.9399;178;-177.317
-3.98597;25.4299;25.7404;178.2;-177.516
-3.96846;25.2307;25.5409;178.4;-177.715
-3.95096;25.0314;25.3413;178.6;-177.914
-3.93345;24.8322;25.1418;178.8;-178.114
-3.91594;24.633;24.9423;179;-178.313
-3.89844;24.4338;24.7428;179.2;-178.512
-3.88093;24.2345;24.5433;179.4;-178.711
-3.86343;24.0353;24.3438;179.6;-178.911
-3.84592;23.8361;24.1443;179.8;-179.11
-3.82841;23.6368;23.9449;180;-179.309
-3.81091;23.4376;23.7454;180.2;-179.508
-3.7934;23.2384;23.5459;180.4;-179.708
-3.77589;23.0391;23.3465;180.6;-179.907
-3.75839;22.8399;23.1471;180.8;-180.106
-3.74088;22.6407;22.9476;181;-180.305
-3.72338;22.4414;22.7482;181.2;-180.505
-3.70587;22.2422;22.5488;181.4;-180.704
-3.68836;22.043;22.3494;181.6;-180.903
-3.67086;21.8437;22.15;181.8;-181.102
-3.65335;21.6445;21.9507;182;-181.301
-3.63585;21.4453;21.7513;182.2;-181.501
-3.61834;21.246;21.5519;182.4;-181.7
-3.60083;21.0468;21.3526;182.6;-181.899
-3.58333;20.8476;21.1533;182.8;-182.098
-3.56582;20.6483;20.954;183;-182.298
-3.54831;20.4491;20.7547;183.2;-182.497
-3.53081;20.2499;20.5554;183.4;-182.696
-3.5133;20.0506;20.3561;183.6;-182.895
-3.4958;19.8514;20.1569;183.8;-183.095
-3.47829;19.6522;19.9576;184;-183.294
-3.46078;19.4529;19.7584;184.2;-183.493
-3.44328;19.2537;19.5592;184.4;-183.692
-3.42577;19.0545;19.36;184.6;-183.891
-3.40826;18.8552;19.1608;184.8;-184.091
-3.39076;18.656;18.9616;185;-184.29
-3.37325;18.4568;18.7625;185.2;-184.489
-3.35575;18.2575;18.5634;185.4;-184.688
-3.33824;18.0583;18.3643;185.6;-184.888
-3.32073;17.8591;18.1652;185.8;-185.087
-3.30323;17.6599;17.9661;186;-185.286
-3.28572;17.4606;17.7671;186.2;-185.485
-3.26822;17.2614;17.5681;186.4;-185.685
-3.25071;17.0622;17.3691;186.6;-185.884
-3.2332;16.8629;17.1701;186.8;-186.083
-3.2157;16.6637;16.9711;187;-186.282
-3.19819;16.4645;16.7722;187.2;-186.481
-3.18068;16.2652;16.5733;187.4;-186.681
-3.16318;16.066;16.3744;187.6;-186.88
-3.14567;15.8668;16.1756;187.8;-187.079
-3.12817;15.6675;15.9768;188;-187.278
-3.11066;15.4683;15.778;188.2;-187.478
-3.09315;15.2691;15.5792;188.4;-187.677
-3.07565;15.0698;15.3805;188.6;-187.876
-3.05814;14.8706;15.1818;188.8;-188.075
-3.04063;14.6714;14.9831;189;-188.275
-3.02313;14.4721;14.7845;189.2;-188.474
-3.00562;14.2729;14.5859;189.4;-188.673
-2.98812;14.0737;14.3874;189.6;-188.872
-2.97061;13.8744;14.1889;189.8;-189.072
-2.9531;13.6752;13.9904;190;-189.271
-2.9356;13.476;13.792;190.2;-189.47
-2.91809;13.2767;13.5936;190.4;-189.669
-2.90059;13.0775;13.3953;190.6;-189.868
-2.88308;12.8783;13.197;190.8;-190.068
-2.86557;12.679;12.9988;191;-190.267
-2.84807;12.4798;12.8007;191.2;-190.466
-2.83056;12.2806;12.6026;191.4;-190.665
-2.81305;12.0813;12.4045;191.6;-190.865
-2.79555;11.8821;12.2065;191.8;-191.064
-2.77804;11.6829;12.0086;192;-191.263
-2.76054;11.4836;11.8108;192.2;-191.462
-2.74303;11.2844;11.613;192.4;-191.662
-2.72552;11.0852;11.4153;192.6;-191.861
-2.70802;10.886;11.2177;192.8;-192.06
-2.69051;10.6867;11.0202;193;-192.259
-2.673;10.4875;10.8228;193.2;-192.458
-2.6555;10.2883;10.6254;193.4;-192.658
-2.63799;10.089;10.4282;193.6;-192.857
-2.62049;9.88979;10.2311;193.8;-193.056
-2.60298;9.69056;10.0341;194;-193.255
-2.58547;9.49133;9.83717;194.2;-193.455
-2.56797;9.29209;9.64041;194.4;-193.654
-2.55046;9.09286;9.44378;194.6;-193.853
-2.53296;8.89363;9.2473;194.8;-194.052
-2.51545;8.6944;9.05097;195;-194.252
-2.49794;8.49516;8.8548;195.2;-194.451
-2.48044;8.29593;8.65881;195.4;-194.65
-2.46293;8.0967;8.46301;195.6;-194.849
-2.44542;7.89747;8.26741;195.8;-195.048
-2.42792;7.69823;8.07203;196;-195.248
-2.41041;7.499;7.87687;196.2;-195.447
-2.39291;7.29977;7.68197;196.4;-195.646
-2.3754;7.10054;7.48733;196.6;-195.845
-2.35789;6.9013;7.29299;196.8;-196.045
-2.34039;6.70207;7.09896;197;-196.244
-2.32288;6.50284;6.90527;197.2;-196.443
-2.30537;6.30361;6.71195;197.4;-196.642
-2.28787;6.10437;6.51903;197.6;-196.842
-2.27036;5.90514;6.32655;197.8;-197.041
-2.25286;5.70591;6.13456;198;-197.24
-2.23535;5.50668;5.94309;198.2;-197.439
-2.21784;5.30745;5.7522;198.4;-197.639
-2.20034;5.10821;5.56195;198.6;-197.838
-2.18283;4.90898;5.37242;198.8;-198.037
-2.16533;4.70975;5.18366;199;-198.236
-2.14782;4.51052;4.99579;199.2;-198.435
-2.13031;4.31128;4.80889;199.4;-198.635
-2.11281;4.11205;4.62309;199.6;-198.834
-2.0953;3.91282;4.43852;199.8;-199.033
-2.07779;3.71359;4.25534;200;-199.232
-2.06029;3.51435;4.07375;200.2;-199.432
-2.04278;3.31512;3.89397;200.4;-199.631
-2.02528;3.11589;3.71625;200.6;-199.83
-2.00777;2.91666;3.54091;200.8;-200.029
-1.99026;2.71742;3.36832;201;-200.229
-1.97276;2.51819;3.19892;201.2;-200.428
-1.95525;2.31896;3.03325;201.4;-200.627
-1.93774;2.11973;2.87195;201.6;-200.826
-1.92024;1.9205;2.71581;201.8;-201.025
-1.90273;1.72126;2.56576;202;-201.225
-1.88523;1.52203;2.42294;202.2;-201.424
-1.86772;1.3228;2.28871;202.4;-201.623
-1.85021;1.12357;2.16465;202.6;-201.822
-1.83271;0.924334;2.05261;202.8;-202.022
-1.8152;0.725101;1.95467;203;-202.221
-1.7977;0.525869;1.87303;203.2;-202.42
-1.78019;0.326637;1.80991;203.4;-202.619
-1.76268;0.127404;1.76728;203.6;-202.819
-1.74518;-0.0718282;1.74665;203.8;-203.018
-1.72767;-0.271061;1.74881;204;-203.217
-1.71016;-0.470293;1.77365;204.2;-203.416
-1.69266;-0.669525;1.82026;204.4;-203.615
-1.67515;-0.868758;1.88703;204.6;-203.815
-1.65765;-1.06799;1.9719;204.8;-204.014
-1.64014;-1.26722;2.07266;205;-204.213
-1.62263;-1.46645;2.1871;205.2;-204.412
-1.60513;-1.66569;2.31321;205.4;-204.612
-1.58762;-1.86492;2.44918;205.6;-204.811
-1.57011;-2.06415;2.59345;205.8;-205.01
-1.55261;-2.26338;2.74472;206;-205.209
-1.5351;-2.46262;2.9019;206.2;-205.409
-1.5176;-2.66185;3.06407;206.4;-205.608
-1.50009;-2.86108;3.23049;206.6;-205.807
-1.48258;-3.06031;3.40053;206.8;-206.006
-1.46508;-3.25955;3.57367;207;-206.205
-1.44757;-3.45878;3.74948;207.2;-206.405
-1.43007;-3.65801;3.92761;207.4;-206.604
-1.41256;-3.85724;4.10775;207.6;-206.803
-1.39505;-4.05648;4.28966;207.8;-207.002
-1.37755;-4.25571;4.47311;208;-207.202
-1.36004;-4.45494;4.65792;208.2;-207.401
-1.34253;-4.65417;4.84394;208.4;-207.6
-1.32503;-4.8534;5.03103;208.6;-207.799
-1.30752;-5.05264;5.21908;208.8;-207.999
-1.29002;-5.25187;5.40798;209;-208.198
-1.27251;-5.4511;5.59766;209.2;-208.397
-1.255;-5.65033;5.78803;209.4;-208.596
-1.2375;-5.84957;5.97903;209.6;-208.796
-1.21999;-6.0488;6.1706;209.8;-208.995
-1.20248;-6.24803;6.36269;210;-209.194
-1.18498;-6.44726;6.55526;210.2;-209.393
-1.16747;-6.6465;6.74825;210.4;-209.592
-1.14997;-6.84573;6.94164;210.6;-209.792
-1.13246;-7.04496;7.1354;210.8;-209.991
-1.11495;-7.24419;7.32949;211;-210.19
-1.09745;-7.44343;7.52389;211.2;-210.389
-1.07994;-7.64266;7.71858;211.4;-210.589
-1.06244;-7.84189;7.91353;211.6;-210.788
-1.04493;-8.04112;8.10873;211.8;-210.987
-1.02742;-8.24035;8.30416;212;-211.186
-1.00992;-8.43959;8.4998;212.2;-211.386
-0.992411;-8.63882;8.69564;212.4;-211.585
-0.974904;-8.83805;8.89166;212.6;-211.784
-0.957398;-9.03728;9.08786;212.8;-211.983
-0.939892;-9.23652;9.28421;213;-212.182
-0.922386;-9.43575;9.48073;213.2;-212.382
-0.90488;-9.63498;9.67738;213.4;-212.581
-0.887373;-9.83421;9.87417;213.6;-212.78
-0.869867;-10.0334;10.0711;213.8;-212.979
-0.852361;-10.2327;10.2681;214;-213.179
-0.834855;-10.4319;10.4653;214.2;-213.378
-0.817349;-10.6311;10.6625;214.4;-213.577
-0.799842;-10.8304;10.8599;214.6;-213.776
-0.782336;-11.0296;11.0573;214.8;-213.976
-0.76483;-11.2288;11.2549;215;-214.175
-0.747324;-11.4281;11.4525;215.2;-214.374
-0.729818;-11.6273;11.6502;215.4;-214.573
-0.712311;-11.8265;11.848;215.6;-214.772
-0.694805;-12.0258;12.0458;215.8;-214.972
-0.677299;-12.225;12.2437;216;-215.171
-0.659793;-12.4242;12.4417;216.2;-215.37
-0.642287;-12.6235;12.6398;216.4;-215.569
-0.624781;-12.8227;12.8379;216.6;-215.769
-0.607274;-13.0219;13.0361;216.8;-215.968
-0.589768;-13.2212;13.2343;217;-216.167
-0.572262;-13.4204;13.4326;217.2;-216.366
-0.554756;-13.6196;13.6309;217.4;-216.566
-0.53725;-13.8189;13.8293;217.6;-216.765
-0.519743;-14.0181;14.0277;217.8;-216.964
-0.502237;-14.2173;14.2262;218;-217.163
-0.484731;-14.4166;14.4247;218.2;-217.363
-0.467225;-14.6158;14.6233;218.4;-217.562
-0.449719;-14.815;14.8218;218.6;-217.761
-0.432212;-15.0143;15.0205;218.8;-217.96
-0.414706;-15.2135;15.2191;219;-218.159
-0.3972;-15.4127;15.4178;219.2;-218.359
-0.379694;-15.612;15.6166;219.4;-218.558
-0.362188;-15.8112;15.8153;219.6;-218.757
-0.344681;-16.0104;16.0141;219.8;-218.956
-0.327175;-16.2096;16.213;220;-219.156
-0.309669;-16.4089;16.4118;220.2;-219.355
-0.292163;-16.6081;16.6107;220.4;-219.554
-0.274657;-16.8073;16.8096;220.6;-219.753
-0.257151;-17.0066;17.0085;220.8;-219.953
-0.239644;-17.2058;17.2075;221;-220.152
-0.222138;-17.405;17.4065;221.2;-220.351
-0.204632;-17.6043;17.6055;221.4;-220.55
-0.187126;-17.8035;17.8045;221.6;-220.749
-0.16962;-18.0027;18.0035;221.8;-220.949
-0.152113;-18.202;18.2026;222;-221.148
-0.134607;-18.4012;18.4017;222.2;-221.347
-0.117101;-18.6004;18.6008;222.4;-221.546
-0.0995948;-18.7997;18.7999;222.6;-221.746
-0.0820886;-18.9989;18.9991;222.8;-221.945
-0.0645825;-19.1981;19.1982;223;-222.144
-0.0470763;-19.3974;19.3974;223.2;-222.343
-0.0295701;-19.5966;19.5966;223.4;-222.543
-0.0120639;-19.7958;19.7958;223.6;-222.742
0.0054423;-19.9951;19.9951;223.8;-222.941
0.0229485;-20.1943;20.1943;224;-223.14
0.0404547;-20.3935;20.3936;224.2;-223.339
0.0579609;-20.5928;20.5928;224.4;-223.539
0.0754671;-20.792;20.7921;224.6;-223.738
0.0929733;-20.9912;20.9914;224.8;-223.937
0.110479;-21.1905;21.1907;225;-224.136
0.127986;-21.3897;21.3901;225.2;-224.336
0.145492;-21.5889;21.5894;225.4;-224.535
0.162998;-21.7882;21.7888;225.6;-224.734
0.180504;-21.9874;21.9881;225.8;-224.933
0.19801;-22.1866;22.1875;226;-225.133
0.215517;-22.3859;22.3869;226.2;-225.332
0.233023;-22.5851;22.5863;226.4;-225.531
0.250529;-22.7843;22.7857;226.6;-225.73
0.268035;-22.9835;22.9851;226.8;-225.929
0.285541;-23.1828;23.1845;227;-226.129
0.303048;-23.382;23.384;227.2;-226.328
0.320554;-23.5812;23.5834;227.4;-226.527
0.33806;-23.7805;23.7829;227.6;-226.726
0.355566;-23.9797;23.9823;227.8;-226.926
0.373072;-24.1789;24.1818;228;-227.125
0.390578;-24.3782;24.3813;228.2;-227.324
0.408085;-24.5774;24.5808;228.4;-227.523
0.425591;-24.7766;24.7803;228.6;-227.723
0.443097;-24.9759;24.9798;228.8;-227.922
0.460603;-25.1751;25.1793;229;-228.121
0.478109;-25.3743;25.3788;229.2;-228.32
0.495616;-25.5736;25.5784;229.4;-228.52
0.513122;-25.7728;25.7779;229.6;-228.719
0.530628;-25.972;25.9775;229.8;-228.918
0.548134;-26.1713;26.177;230;-229.117
0.56564;-26.3705;26.3766;230.2;-229.316
0.583147;-26.5697;26.5761;230.4;-229.516
0.600653;-26.769;26.7757;230.6;-229.715
0.618159;-26.9682;26.9753;230.8;-229.914
0.635665;-27.1674;27.1749;231;-230.113
0.653171;-27.3667;27.3745;231.2;-230.313
0.670678;-27.5659;27.5741;231.4;-230.512
0.688184;-27.7651;27.7737;231.6;-230.711
0.70569;-27.9644;27.9733;231.8;-230.91
0.723196;-28.1636;28.1729;232;-231.11
0.740702;-28.3628;28.3725;232.2;-231.309
0.758208;-28.5621;28.5721;232.4;-231.508
0.775715;-28.7613;28.7717;232.6;-231.707
0.793221;-28.9605;28.9714;232.8;-231.906
0.810727;-29.1598;29.171;233;-232.106
0.828233;-29.359;29.3707;233.2;-232.305
0.845739;-29.5582;29.5703;233.4;-232.504
0.863246;-29.7574;29.77;233.6;-232.703
0.880752;-29.9567;29.9696;233.8;-232.903

0.898258;29.8441;29.8576;234;-233.102
0.915764;29.6449;29.659;234.2;-233.301
0.93327;29.4456;29.4604;234.4;-233.5
0.950777;29.2464;29.2618;234.6;-233.7
0.968283;29.0472;29.0633;234.8;-233.899
0.985789;28.8479;28.8648;235;-234.098
1.0033;28.6487;28.6663;235.2;-234.297
1.0208;28.4495;28.4678;235.4;-234.496
1.03831;28.2502;28.2693;235.6;-234.696
1.05581;28.051;28.0709;235.8;-234.895
1.07332;27.8518;27.8724;236;-235.094
1.09083;27.6525;27.674;236.2;-235.293
1.10833;27.4533;27.4757;236.4;-235.493
1.12584;27.2541;27.2773;236.6;-235.692
1.14334;27.0548;27.079;236.8;-235.891
1.16085;26.8556;26.8807;237;-236.09
1.17836;26.6564;26.6824;237.2;-236.29
1.19586;26.4571;26.4841;237.4;-236.489
1.21337;26.2579;26.2859;237.6;-236.688
1.23088;26.0587;26.0877;237.8;-236.887
1.24838;25.8594;25.8896;238;-237.087
1.26589;25.6602;25.6914;238.2;-237.286
1.28339;25.461;25.4933;238.4;-237.485
1.3009;25.2617;25.2952;238.6;-237.684
1.31841;25.0625;25.0972;238.8;-237.883
1.33591;24.8633;24.8991;239;-238.083
1.35342;24.664;24.7012;239.2;-238.282
1.37093;24.4648;24.5032;239.4;-238.481
1.38843;24.2656;24.3053;239.6;-238.68
1.40594;24.0663;24.1074;239.8;-238.88
1.42344;23.8671;23.9095;240;-239.079
1.44095;23.6679;23.7117;240.2;-239.278
1.45846;23.4686;23.5139;240.4;-239.477
1.47596;23.2694;23.3162;240.6;-239.677
1.49347;23.0702;23.1185;240.8;-239.876
1.51097;22.871;22.9208;241;-240.075
1.52848;22.6717;22.7232;241.2;-240.274
1.54599;22.4725;22.5256;241.4;-240.473
1.56349;22.2733;22.3281;241.6;-240.673
1.581;22.074;22.1306;241.8;-240.872
1.59851;21.8748;21.9331;242;-241.071
1.61601;21.6756;21.7357;242.2;-241.27
1.63352;21.4763;21.5384;242.4;-241.47
1.65102;21.2771;21.3411;242.6;-241.669
1.66853;21.0779;21.1438;242.8;-241.868
1.68604;20.8786;20.9466;243;-242.067
1.70354;20.6794;20.7494;243.2;-242.267
1.72105;20.4802;20.5524;243.4;-242.466
1.73856;20.2809;20.3553;243.6;-242.665
1.75606;20.0817;20.1583;243.8;-242.864
1.77357;19.8825;19.9614;244;-243.063
1.79107;19.6832;19.7646;244.2;-243.263
1.80858;19.484;19.5678;244.4;-243.462
1.82609;19.2848;19.371;244.6;-243.661
1.84359;19.0855;19.1744;244.8;-243.86
1.8611;18.8863;18.9778;245;-244.06
1.8786;18.6871;18.7813;245.2;-244.259
1.89611;18.4878;18.5848;245.4;-244.458
1.91362;18.2886;18.3885;245.6;-244.657
1.93112;18.0894;18.1922;245.8;-244.857
1.94863;17.8901;17.996;246;-245.056
1.96614;17.6909;17.7998;246.2;-245.255
1.98364;17.4917;17.6038;246.4;-245.454
2.00115;17.2924;17.4079;246.6;-245.654
2.01865;17.0932;17.212;246.8;-245.853
2.03616;16.894;17.0162;247;-246.052
2.05367;16.6947;16.8206;247.2;-246.251
2.07117;16.4955;16.625;247.4;-246.45
2.08868;16.2963;16.4296;247.6;-246.65
2.10619;16.0971;16.2343;247.8;-246.849
2.12369;15.8978;16.039;248;-247.048
2.1412;15.6986;15.8439;248.2;-247.247
2.1587;15.4994;15.649;248.4;-247.447
2.17621;15.3001;15.4541;248.6;-247.646
2.19372;15.1009;15.2594;248.8;-247.845
2.21122;14.9017;15.0648;249;-248.044
2.22873;14.7024;14.8704;249.2;-248.244
2.24623;14.5032;14.6761;249.4;-248.443
2.26374;14.304;14.482;249.6;-248.642
2.28125;14.1047;14.288;249.8;-248.841
2.29875;13.9055;14.0942;250;-249.04
2.31626;13.7063;13.9006;250.2;-249.24
2.33377;13.507;13.7072;250.4;-249.439
2.35127;13.3078;13.5139;250.6;-249.638
2.36878;13.1086;13.3209;250.8;-249.837
2.38628;12.9093;13.128;251;-250.037
2.40379;12.7101;12.9354;251.2;-250.236
2.4213;12.5109;12.743;251.4;-250.435
2.4388;12.3116;12.5509;251.6;-250.634
2.45631;12.1124;12.359;251.8;-250.834
2.47382;11.9132;12.1673;252;-251.033
2.49132;11.7139;11.9759;252.2;-251.232
2.50883;11.5147;11.7849;252.4;-251.431
2.52633;11.3155;11.5941;252.6;-251.63
2.54384;11.1162;11.4036;252.8;-251.83
2.56135;10.917;11.2135;253;-252.029
2.57885;10.7178;11.0237;253.2;-252.228
2.59636;10.5185;10.8342;253.4;-252.427
2.61386;10.3193;10.6452;253.6;-252.627
2.63137;10.1201;10.4566;253.8;-252.826
2.64888;9.92085;10.2684;254;-253.025
2.66638;9.72162;10.0806;254.2;-253.224
2.68389;9.52238;9.89339;254.4;-253.424
2.7014;9.32315;9.70663;254.6;-253.623
2.7189;9.12392;9.52042;254.8;-253.822
2.73641;8.92469;9.33477;255;-254.021
2.75391;8.72546;9.14973;255.2;-254.22
2.77142;8.52622;8.96534;255.4;-254.42
2.78893;8.32699;8.78162;255.6;-254.619
2.80643;8.12776;8.59863;255.8;-254.818
2.82394;7.92853;8.41642;256;-255.017
2.84145;7.72929;8.23503;256.2;-255.217
2.85895;7.53006;8.05453;256.4;-255.416
2.87646;7.33083;7.87496;256.6;-255.615
2.89396;7.1316;7.69641;256.8;-255.814
2.91147;6.93236;7.51893;257;-256.014
2.92898;6.73313;7.34261;257.2;-256.213
2.94648;6.5339;7.16754;257.4;-256.412
2.96399;6.33467;6.9938;257.6;-256.611
2.98149;6.13543;6.8215;257.8;-256.811
2.999;5.9362;6.65075;258;-257.01
3.01651;5.73697;6.48168;258.2;-257.209
3.03401;5.53774;6.31441;258.4;-257.408
3.05152;5.33851;6.1491;258.6;-257.607
3.06903;5.13927;5.9859;258.8;-257.807
3.08653;4.94004;5.825;259;-258.006
3.10404;4.74081;5.6666;259.2;-258.205
3.12154;4.54158;5.51089;259.4;-258.404
3.13905;4.34234;5.35813;259.6;-258.604
3.15656;4.14311;5.20857;259.8;-258.803
3.17406;3.94388;5.06249;260;-259.002
3.19157;3.74465;4.92021;260.2;-259.201
3.20908;3.54541;4.78206;260.4;-259.401
3.22658;3.34618;4.64841;260.6;-259.6
3.24409;3.14695;4.51967;260.8;-259.799
3.26159;2.94772;4.39625;261;-259.998
3.2791;2.74848;4.27863;261.2;-260.197
3.29661;2.54925;4.16729;261.4;-260.397
3.31411;2.35002;4.06275;261.6;-260.596
3.33162;2.15079;3.96555;261.8;-260.795
3.34912;1.95156;3.87624;262;-260.994
3.36663;1.75232;3.79537;262.2;-261.194
3.38414;1.55309;3.7235;262.4;-261.393
3.40164;1.35386;3.66116;262.6;-261.592
3.41915;1.15463;3.60884;262.8;-261.791
3.43666;0.955393;3.56698;263;-261.991
3.45416;0.756161;3.53596;263.2;-262.19
3.47167;0.556929;3.51606;263.4;-262.389
3.48917;0.357696;3.50746;263.6;-262.588
3.50668;0.158464;3.51026;263.8;-262.787
3.52419;-0.0407686;3.52442;264;-262.987
3.54169;-0.240001;3.54982;264.2;-263.186
3.5592;-0.439233;3.5862;264.4;-263.385
3.5767;-0.638466;3.63324;264.6;-263.584
3.59421;-0.837698;3.69054;264.8;-263.784
3.61172;-1.03693;3.75762;265;-263.983
3.62922;-1.23616;3.83397;265.2;-264.182
3.64673;-1.4354;3.91906;265.4;-264.381
3.66424;-1.63463;4.01231;265.6;-264.581
3.68174;-1.83386;4.11318;265.8;-264.78
3.69925;-2.03309;4.22113;266;-264.979
3.71675;-2.23232;4.33561;266.2;-265.178
3.73426;-2.43156;4.45614;266.4;-265.378
3.75177;-2.63079;4.58223;266.6;-265.577
3.76927;-2.83002;4.71343;266.8;-265.776
3.78678;-3.02925;4.84934;267;-265.975
3.80429;-3.22849;4.98956;267.2;-266.174
3.82179;-3.42772;5.13375;267.4;-266.374
3.8393;-3.62695;5.28157;267.6;-266.573
3.8568;-3.82618;5.43274;267.8;-266.772
3.87431;-4.02542;5.58697;268;-266.971
3.89182;-4.22465;5.74403;268.2;-267.171
3.90932;-4.42388;5.90369;268.4;-267.37
3.92683;-4.62311;6.06574;268.6;-267.569
3.94433;-4.82235;6.22999;268.8;-267.768
3.96184;-5.02158;6.39628;269;-267.968
3.97935;-5.22081;6.56445;269.2;-268.167
3.99685;-5.42004;6.73437;269.4;-268.366
4.01436;-5.61927;6.90589;269.6;-268.565
4.03187;-5.81851;7.07891;269.8;-268.764
4.04937;-6.01774;7.25332;270;-268.964
4.06688;-6.21697;7.42901;270.2;-269.163
4.08438;-6.4162;7.60591;270.4;-269.362
4.10189;-6.61544;7.78393;270.6;-269.561
4.1194;-6.81467;7.96299;270.8;-269.761
4.1369;-7.0139;8.14302;271;-269.96
4.15441;-7.21313;8.32397;271.2;-270.159
4.17192;-7.41237;8.50577;271.4;-270.358
4.18942;-7.6116;8.68836;271.6;-270.558
4.20693;-7.81083;8.87171;271.8;-270.757
4.22443;-8.01006;9.05577;272;-270.956
4.24194;-8.2093;9.24049;272.2;-271.155
4.25945;-8.40853;9.42583;272.4;-271.354
4.27695;-8.60776;9.61176;272.6;-271.554
4.29446;-8.80699;9.79824;272.8;-271.753
4.31196;-9.00622;9.98525;273;-271.952
4.32947;-9.20546;10.1727;273.2;-272.151
4.34698;-9.40469;10.3607;273.4;-272.351
4.36448;-9.60392;10.5491;273.6;-272.55
4.38199;-9.80315;10.738;273.8;-272.749
4.3995;-10.0024;10.9272;274;-272.948
4.417;-10.2016;11.1168;274.2;-273.148
4.43451;-10.4009;11.3067;274.4;-273.347
4.45201;-10.6001;11.4971;274.6;-273.546
4.46952;-10.7993;11.6877;274.8;-273.745
4.48703;-10.9985;11.8786;275;-273.944
4.50453;-11.1978;12.0698;275.2;-274.144
4.52204;-11.397;12.2614;275.4;-274.343
4.53955;-11.5962;12.4531;275.6;-274.542
4.55705;-11.7955;12.6452;275.8;-274.741
4.57456;-11.9947;12.8374;276;-274.941
4.59206;-12.1939;13.0299;276.2;-275.14
4.60957;-12.3932;13.2227;276.4;-275.339
4.62708;-12.5924;13.4156;276.6;-275.538
4.64458;-12.7916;13.6088;276.8;-275.738
4.66209;-12.9909;13.8021;277;-275.937
4.67959;-13.1901;13.9956;277.2;-276.136
4.6971;-13.3893;14.1893;277.4;-276.335
4.71461;-13.5886;14.3832;277.6;-276.535
4.73211;-13.7878;14.5773;277.8;-276.734
4.74962;-13.987;14.7715;278;-276.933
4.76713;-14.1863;14.9658;278.2;-277.132
4.78463;-14.3855;15.1603;278.4;-277.331
4.80214;-14.5847;15.355;278.6;-277.531
4.81964;-14.784;15.5497;278.8;-277.73
4.83715;-14.9832;15.7447;279;-277.929
4.85466;-15.1824;15.9397;279.2;-278.128
4.87216;-15.3817;16.1349;279.4;-278.328
4.88967;-15.5809;16.3301;279.6;-278.527
4.90718;-15.7801;16.5255;279.8;-278.726
4.92468;-15.9794;16.721;280;-278.925
4.94219;-16.1786;16.9166;280.2;-279.125
4.95969;-16.3778;17.1123;280.4;-279.324
4.9772;-16.5771;17.3081;280.6;-279.523
4.99471;-16.7763;17.504;280.8;-279.722
5.01221;-16.9755;17.7;281;-279.921
5.02972;-17.1748;17.8961;281.2;-280.121
5.04722;-17.374;18.0923;281.4;-280.32
5.06473;-17.5732;18.2885;281.6;-280.519
5.08224;-17.7724;18.4848;281.8;-280.718
5.09974;-17.9717;18.6812;282;-280.918
5.11725;-18.1709;18.8777;282.2;-281.117
5.13476;-18.3701;19.0743;282.4;-281.316
5.15226;-18.5694;19.2709;282.6;-281.515
5.16977;-18.7686;19.4676;282.8;-281.715
5.18727;-18.9678;19.6644;283;-281.914
5.20478;-19.1671;19.8612;283.2;-282.113
5.22229;-19.3663;20.0581;283.4;-282.312
5.23979;-19.5655;20.255;283.6;-282.511
5.2573;-19.7648;20.452;283.8;-282.711
5.27481;-19.964;20.6491;284;-282.91
5.29231;-20.1632;20.8462;284.2;-283.109
5.30982;-20.3625;21.0434;284.4;-283.308
5.32732;-20.5617;21.2406;284.6;-283.508
5.34483;-20.7609;21.4379;284.8;-283.707
5.36234;-20.9602;21.6352;285;-283.906
5.37984;-21.1594;21.8326;285.2;-284.105
5.39735;-21.3586;22.03;285.4;-284.305
5.41485;-21.5579;22.2275;285.6;-284.504
5.43236;-21.7571;22.425;285.8;-284.703
5.44987;-21.9563;22.6226;286;-284.902
5.46737;-22.1556;22.8202;286.2;-285.102
5.48488;-22.3548;23.0178;286.4;-285.301
5.50239;-22.554;23.2155;286.6;-285.5
5.51989;-22.7533;23.4132;286.8;-285.699
5.5374;-22.9525;23.611;287;-285.898
5.5549;-23.1517;23.8088;287.2;-286.098
5.57241;-23.351;24.0066;287.4;-286.297
5.58992;-23.5502;24.2045;287.6;-286.496
5.60742;-23.7494;24.4024;287.8;-286.695
5.62493;-23.9487;24.6004;288;-286.895
5.64244;-24.1479;24.7983;288.2;-287.094
5.65994;-24.3471;24.9963;288.4;-287.293
5.67745;-24.5463;25.1944;288.6;-287.492
5.69495;-24.7456;25.3924;288.8;-287.692
5.71246;-24.9448;25.5905;289;-287.891
5.72997;-25.144;25.7887;289.2;-288.09
5.74747;-25.3433;25.9868;289.4;-288.289
5.76498;-25.5425;26.185;289.6;-288.488
5.78248;-25.7417;26.3832;289.8;-288.688
5.79999;-25.941;26.5815;290;-288.887
5.8175;-26.1402;26.7797;290.2;-289.086
5.835;-26.3394;26.978;290.4;-289.285
5.85251;-26.5387;27.1763;290.6;-289.485
5.87002;-26.7379;27.3747;290.8;-289.684
5.88752;-26.9371;27.573;291;-289.883
5.90503;-27.1364;27.7714;291.2;-290.082
5.92253;-27.3356;27.9698;291.4;-290.282
5.94004;-27.5348;28.1683;291.6;-290.481
5.95755;-27.7341;28.3667;291.8;-290.68
5.97505;-27.9333;28.5652;292;-290.879
5.99256;-28.1325;28.7637;292.2;-291.078
6.01007;-28.3318;28.9622;292.4;-291.278
6.02757;-28.531;29.1608;292.6;-291.477
6.04508;-28.7302;29.3593;292.8;-291.676
6.06258;-28.9295;29.5579;293;-291.875
6.08009;-29.1287;29.7565;293.2;-292.075
6.0976;-29.3279;29.9551;293.4;-292.274
6.1151;-29.5272;30.1537;293.6;-292.473
6.13261;-29.7264;30.3524;293.8;-292.672
6.15011;-29.9256;30.5511;294;-292.872

6.16762;29.8751;30.5051;294.2;-293.071
6.18513;29.6759;30.3136;294.4;-293.27
6.20263;29.4767;30.1222;294.6;-293.469
6.22014;29.2774;29.9309;294.8;-293.668
6.23765;29.0782;29.7397;295;-293.868
6.25515;28.879;29.5486;295.2;-294.067
6.27266;28.6798;29.3577;295.4;-294.266
6.29016;28.4805;29.1669;295.6;-294.465
6.30767;28.2813;28.9762;295.8;-294.665
6.32518;28.0821;28.7856;296;-294.864
6.34268;27.8828;28.5951;296.2;-295.063
6.36019;27.6836;28.4048;296.4;-295.262
6.3777;27.4844;28.2146;296.6;-295.462
6.3952;27.2851;28.0246;296.8;-295.661
6.41271;27.0859;27.8347;297;-295.86
6.43021;26.8867;27.6449;297.2;-296.059
6.44772;26.6874;27.4553;297.4;-296.259
6.46523;26.4882;27.2658;297.6;-296.458
6.48273;26.289;27.0765;297.8;-296.657
6.50024;26.0897;26.8873;298;-296.856
6.51774;25.8905;26.6983;298.2;-297.055
6.53525;25.6913;26.5094;298.4;-297.255
6.55276;25.492;26.3208;298.6;-297.454
6.57026;25.2928;26.1322;298.8;-297.653
6.58777;25.0936;25.9439;299;-297.852
6.60528;24.8943;25.7557;299.2;-298.052
6.62278;24.6951;25.5677;299.4;-298.251
6.64029;24.4959;25.3799;299.6;-298.45
6.65779;24.2966;25.1923;299.8;-298.649
6.6753;24.0974;25.0049;300;-298.849
6.69281;23.8982;24.8177;300.2;-299.048
6.71031;23.6989;24.6306;300.4;-299.247
6.72782;23.4997;24.4438;300.6;-299.446
6.74533;23.3005;24.2572;300.8;-299.645
6.76283;23.1012;24.0708;301;-299.845
6.78034;22.902;23.8846;301.2;-300.044
6.79784;22.7028;23.6987;301.4;-300.243
6.81535;22.5035;23.5129;301.6;-300.442
6.83286;22.3043;23.3275;301.8;-300.642
6.85036;22.1051;23.1422;302;-300.841
6.86787;21.9059;22.9572;302.2;-301.04
6.88537;21.7066;22.7725;302.4;-301.239
6.90288;21.5074;22.588;302.6;-301.439
6.92039;21.3082;22.4038;302.8;-301.638
6.93789;21.1089;22.2198;303;-301.837
6.9554;20.9097;22.0362;303.2;-302.036
6.97291;20.7105;21.8528;303.4;-302.235
6.99041;20.5112;21.6697;303.6;-302.435
7.00792;20.312;21.4869;303.8;-302.634
7.02542;20.1128;21.3045;304;-302.833
7.04293;19.9135;21.1223;304.2;-303.032
7.06044;19.7143;20.9405;304.4;-303.232
7.07794;19.5151;20.759;304.6;-303.431
7.09545;19.3158;20.5778;304.8;-303.63
7.11296;19.1166;20.397;305;-303.829
7.13046;18.9174;20.2166;305.2;-304.029
7.14797;18.7181;20.0365;305.4;-304.228
7.16547;18.5189;19.8568;305.6;-304.427
7.18298;18.3197;19.6775;305.8;-304.626
7.20049;18.1204;19.4986;306;-304.826
7.21799;17.9212;19.3202;306.2;-305.025
7.2355;17.722;19.1421;306.4;-305.224
7.253;17.5227;18.9645;306.6;-305.423
7.27051;17.3235;18.7873;306.8;-305.622
7.28802;17.1243;18.6106;307;-305.822
7.30552;16.925;18.4344;307.2;-306.021
7.32303;16.7258;18.2587;307.4;-306.22
7.34054;16.5266;18.0835;307.6;-306.419
7.35804;16.3273;17.9087;307.8;-306.619
7.37555;16.1281;17.7346;308;-306.818
7.39305;15.9289;17.5609;308.2;-307.017
7.41056;15.7296;17.3879;308.4;-307.216
7.42807;15.5304;17.2154;308.6;-307.416
7.44557;15.3312;17.0435;308.8;-307.615
7.46308;15.132;16.8723;309;-307.814
7.48059;14.9327;16.7017;309.2;-308.013
7.49809;14.7335;16.5317;309.4;-308.212
7.5156;14.5343;16.3624;309.6;-308.412
7.5331;14.335;16.1938;309.8;-308.611
7.55061;14.1358;16.026;310;-308.81
7.56812;13.9366;15.8589;310.2;-309.009
7.58562;13.7373;15.6925;310.4;-309.209
7.60313;13.5381;15.527;310.6;-309.408
7.62063;13.3389;15.3623;310.8;-309.607
7.63814;13.1396;15.1984;311;-309.806
7.65565;12.9404;15.0354;311.2;-310.006
7.67315;12.7412;14.8733;311.4;-310.205
7.69066;12.5419;14.7121;311.6;-310.404
7.70817;12.3427;14.5519;311.8;-310.603
7.72567;12.1435;14.3927;312;-310.802
7.74318;11.9442;14.2345;312.2;-311.002
7.76068;11.745;14.0774;312.4;-311.201
7.77819;11.5458;13.9214;312.6;-311.4
7.7957;11.3465;13.7665;312.8;-311.599
7.8132;11.1473;13.6128;313;-311.799
7.83071;10.9481;13.4603;313.2;-311.998
7.84822;10.7488;13.3091;313.4;-312.197
7.86572;10.5496;13.1592;313.6;-312.396
7.88323;10.3504;13.0106;313.8;-312.596
7.90073;10.1511;12.8634;314;-312.795
7.91824;9.95191;12.7177;314.2;-312.994
7.93575;9.75268;12.5734;314.4;-313.193
7.95325;9.55344;12.4307;314.6;-313.393
7.97076;9.35421;12.2896;314.8;-313.592
7.98826;9.15498;12.1501;315;-313.791
8.00577;8.95575;12.0124;315.2;-313.99
8.02328;8.75651;11.8764;315.4;-314.189
8.04078;8.55728;11.7423;315.6;-314.389
8.05829;8.35805;11.61;315.8;-314.588
8.0758;8.15882;11.4798;316;-314.787
8.0933;7.95959;11.3515;316.2;-314.986
8.11081;7.76035;11.2253;316.4;-315.186
8.12831;7.56112;11.1014;316.6;-315.385
8.14582;7.36189;10.9796;316.8;-315.584
8.16333;7.16266;10.8602;317;-315.783
8.18083;6.96342;10.7432;317.2;-315.983
8.19834;6.76419;10.6286;317.4;-316.182
8.21585;6.56496;10.5166;317.6;-316.381
8.23335;6.36573;10.4072;317.8;-316.58
8.25086;6.16649;10.3006;318;-316.779
8.26836;5.96726;10.1968;318.2;-316.979
8.28587;5.76803;10.0958;318.4;-317.178
8.30338;5.5688;9.99788;318.6;-317.377
8.32088;5.36956;9.90299;318.8;-317.576
8.33839;5.17033;9.81127;319;-317.776
8.35589;4.9711;9.7228;319.2;-317.975
8.3734;4.77187;9.63766;319.4;-318.174
8.39091;4.57264;9.55596;319.6;-318.373
8.40841;4.3734;9.47777;319.8;-318.573
8.42592;4.17417;9.40318;320;-318.772
8.44343;3.97494;9.33229;320.2;-318.971
8.46093;3.77571;9.26517;320.4;-319.17
8.47844;3.57647;9.20191;320.6;-319.369
8.49594;3.37724;9.14258;320.8;-319.569
8.51345;3.17801;9.08728;321;-319.768
8.53096;2.97878;9.03606;321.2;-319.967
8.54846;2.77954;8.989;321.4;-320.166
8.56597;2.58031;8.94616;321.6;-320.366
8.58348;2.38108;8.90761;321.8;-320.565
8.60098;2.18185;8.87341;322;-320.764
8.61849;1.98261;8.84359;322.2;-320.963
8.63599;1.78338;8.81821;322.4;-321.163
8.6535;1.58415;8.79731;322.6;-321.362
8.67101;1.38492;8.78091;322.8;-321.561
8.68851;1.18569;8.76904;323;-321.76
8.70602;0.986453;8.76173;323.2;-321.959
8.72352;0.78722;8.75897;323.4;-322.159
8.74103;0.587988;8.76078;323.6;-322.358
8.75854;0.388756;8.76716;323.8;-322.557
8.77604;0.189523;8.77809;324;-322.756
8.79355;-0.00970897;8.79355;324.2;-322.956
8.81106;-0.208941;8.81353;324.4;-323.155
8.82856;-0.408174;8.83799;324.6;-323.354
8.84607;-0.607406;8.8669;324.8;-323.553
8.86357;-0.806638;8.9002;325;-323.753
8.88108;-1.00587;8.93786;325.2;-323.952
8.89859;-1.2051;8.97982;325.4;-324.151
8.91609;-1.40434;9.02601;325.6;-324.35
8.9336;-1.60357;9.07638;325.8;-324.55
8.95111;-1.8028;9.13085;326;-324.749
8.96861;-2.00203;9.18935;326.2;-324.948
8.98612;-2.20126;9.2518;326.4;-325.147
9.00362;-2.4005;9.31813;326.6;-325.346
9.02113;-2.59973;9.38826;326.8;-325.546
9.03864;-2.79896;9.46209;327;-325.745
9.05614;-2.99819;9.53954;327.2;-325.944
9.07365;-3.19743;9.62053;327.4;-326.143
9.09115;-3.39666;9.70497;327.6;-326.343
9.10866;-3.59589;9.79276;327.8;-326.542
9.12617;-3.79512;9.88382;328;-326.741
9.14367;-3.99436;9.97806;328.2;-326.94
9.16118;-4.19359;10.0754;328.4;-327.14
9.17869;-4.39282;10.1757;328.6;-327.339
9.19619;-4.59205;10.279;328.8;-327.538
9.2137;-4.79129;10.385;329;-327.737
9.2312;-4.99052;10.4938;329.2;-327.936
9.24871;-5.18975;10.6053;329.4;-328.136
9.26622;-5.38898;10.7193;329.6;-328.335
9.28372;-5.58822;10.8359;329.8;-328.534
9.30123;-5.78745;10.9548;330;-328.733
9.31874;-5.98668;11.0761;330.2;-328.933
9.33624;-6.18591;11.1996;330.4;-329.132
9.35375;-6.38514;11.3253;330.6;-329.331
9.37125;-6.58438;11.4531;330.8;-329.53
9.38876;-6.78361;11.583;331;-329.73
9.40627;-6.98284;11.7149;331.2;-329.929
9.42377;-7.18207;11.8486;331.4;-330.128
9.44128;-7.38131;11.9842;331.6;-330.327
9.45878;-7.58054;12.1216;331.8;-330.526
9.47629;-7.77977;12.2607;332;-330.726
9.4938;-7.979;12.4015;332.2;-330.925
9.5113;-8.17824;12.5439;332.4;-331.124
9.52881;-8.37747;12.6878;332.6;-331.323
9.54632;-8.5767;12.8332;332.8;-331.523
9.56382;-8.77593;12.9801;333;-331.722
9.58133;-8.97517;13.1284;333.2;-331.921
9.59883;-9.1744;13.2781;333.4;-332.12
9.61634;-9.37363;13.429;333.6;-332.32
9.63385;-9.57286;13.5813;333.8;-332.519
9.65135;-9.77209;13.7347;334;-332.718
9.66886;-9.97133;13.8894;334.2;-332.917
9.68637;-10.1706;14.0451;334.4;-333.117
9.70387;-10.3698;14.202;334.6;-333.316
9.72138;-10.569;14.36;334.8;-333.515
9.73888;-10.7683;14.519;335;-333.714
9.75639;-10.9675;14.679;335.2;-333.913
9.7739;-11.1667;14.84;335.4;-334.113
9.7914;-11.366;15.0019;335.6;-334.312
9.80891;-11.5652;15.1647;335.8;-334.511
9.82641;-11.7644;15.3284;336;-334.71
9.84392;-11.9637;15.493;336.2;-334.91
9.86143;-12.1629;15.6583;336.4;-335.109
9.87893;-12.3621;15.8245;336.6;-335.308
9.89644;-12.5613;15.9915;336.8;-335.507
9.91395;-12.7606;16.1592;337;-335.707
9.93145;-12.9598;16.3276;337.2;-335.906
9.94896;-13.159;16.4967;337.4;-336.105
9.96646;-13.3583;16.6666;337.6;-336.304
9.98397;-13.5575;16.837;337.8;-336.503
10.0015;-13.7567;17.0082;338;-336.703
10.019;-13.956;17.1799;338.2;-336.902
10.0365;-14.1552;17.3523;338.4;-337.101
10.054;-14.3544;17.5252;338.6;-337.3
10.0715;-14.5537;17.6987;338.8;-337.5
10.089;-14.7529;17.8728;339;-337.699
10.1065;-14.9521;18.0474;339.2;-337.898
10.124;-15.1514;18.2225;339.4;-338.097
10.1415;-15.3506;18.3981;339.6;-338.297
10.159;-15.5498;18.5743;339.8;-338.496
10.1765;-15.7491;18.7509;340;-338.695
10.194;-15.9483;18.9279;340.2;-338.894
10.2116;-16.1475;19.1055;340.4;-339.093
10.2291;-16.3468;19.2834;340.6;-339.293
10.2466;-16.546;19.4618;340.8;-339.492
10.2641;-16.7452;19.6406;341;-339.691
10.2816;-16.9445;19.8198;341.2;-339.89
10.2991;-17.1437;19.9994;341.4;-340.09
10.3166;-17.3429;20.1794;341.6;-340.289
10.3341;-17.5422;20.3598;341.8;-340.488
10.3516;-17.7414;20.5405;342;-340.687
10.3691;-17.9406;20.7216;342.2;-340.887
10.3866;-18.1399;20.903;342.4;-341.086
10.4041;-18.3391;21.0848;342.6;-341.285
10.4216;-18.5383;21.2669;342.8;-341.484
10.4391;-18.7376;21.4493;343;-341.683
10.4566;-18.9368;21.632;343.2;-341.883
10.4741;-19.136;21.815;343.4;-342.082
10.4916;-19.3352;21.9983;343.6;-342.281
10.5092;-19.5345;22.1819;343.8;-342.48
10.5267;-19.7337;22.3658;344;-342.68
10.5442;-19.9329;22.55;344.2;-342.879
10.5617;-20.1322;22.7344;344.4;-343.078
10.5792;-20.3314;22.9191;344.6;-343.277
10.5967;-20.5306;23.104;344.8;-343.477
10.6142;-20.7299;23.2892;345;-343.676
10.6317;-20.9291;23.4747;345.2;-343.875
10.6492;-21.1283;23.6604;345.4;-344.074
10.6667;-21.3276;23.8463;345.6;-344.274
10.6842;-21.5268;24.0324;345.8;-344.473
10.7017;-21.726;24.2187;346;-344.672
10.7192;-21.9253;24.4053;346.2;-344.871
10.7367;-22.1245;24.5921;346.4;-345.07
10.7542;-22.3237;24.7791;346.6;-345.27
10.7717;-22.523;24.9663;346.8;-345.469
10.7893;-22.7222;25.1537;347;-345.668
10.8068;-22.9214;25.3412;347.2;-345.867
10.8243;-23.1207;25.529;347.4;-346.067
10.8418;-23.3199;25.717;347.6;-346.266
10.8593;-23.5191;25.9051;347.8;-346.465
10.8768;-23.7184;26.0934;348;-346.664
10.8943;-23.9176;26.2819;348.2;-346.864
10.9118;-24.1168;26.4705;348.4;-347.063
10.9293;-24.3161;26.6593;348.6;-347.262
10.9468;-24.5153;26.8483;348.8;-347.461
10.9643;-24.7145;27.0375;349;-347.66
10.9818;-24.9138;27.2267;349.2;-347.86
10.9993;-25.113;27.4162;349.4;-348.059
11.0168;-25.3122;27.6058;349.6;-348.258
11.0343;-25.5115;27.7955;349.8;-348.457
11.0518;-25.7107;27.9854;350;-348.657
11.0694;-25.9099;28.1754;350.2;-348.856
11.0869;-26.1091;28.3656;350.4;-349.055
11.1044;-26.3084;28.5559;350.6;-349.254
11.1219;-26.5076;28.7463;350.8;-349.454
11.1394;-26.7068;28.9369;351;-349.653
11.1569;-26.9061;29.1275;351.2;-349.852
11.1744;-27.1053;29.3183;351.4;-350.051
11.1919;-27.3045;29.5093;351.6;-350.25
11.2094;-27.5038;29.7003;351.8;-350.45
11.2269;-27.703;29.8915;352;-350.649
11.2444;-27.9022;30.0828;352.2;-350.848
11.2619;-28.1015;30.2741;352.4;-351.047
11.2794;-28.3007;30.4656;352.6;-351.247
11.2969;-28.4999;30.6573;352.8;-351.446
11.3144;-28.6992;30.849;353;-351.645
11.3319;-28.8984;31.0408;353.2;-351.844
11.3495;-29.0976;31.2327;353.4;-352.044
11.367;-29.2969;31.4247;353.6;-352.243
11.3845;-29.4961;31.6169;353.8;-352.442
11.402;-29.6953;31.8091;354;-352.641
11.4195;-29.8946;32.0014;354.2;-352.841

11.437;29.9062;32.0185;354.4;-353.04
11.4545;29.707;31.8388;354.6;-353.239
11.472;29.5077;31.6593;354.8;-353.438
11.4895;29.3085;31.4801;355;-353.637
11.507;29.1093;31.3011;355.2;-353.837
11.5245;28.91;31.1224;355.4;-354.036
11.542;28.7108;30.944;355.6;-354.235
11.5595;28.5116;30.7658;355.8;-354.434
11.577;28.3123;30.5879;356;-354.634
11.5945;28.1131;30.4102;356.2;-354.833
11.612;27.9139;30.2328;356.4;-355.032
11.6296;27.7146;30.0558;356.6;-355.231
11.6471;27.5154;29.879;356.8;-355.431
11.6646;27.3162;29.7025;357;-355.63
11.6821;27.117;29.5263;357.2;-355.829
11.6996;26.9177;29.3504;357.4;-356.028
11.7171;26.7185;29.1748;357.6;-356.227
11.7346;26.5193;28.9995;357.8;-356.427
11.7521;26.32;28.8246;358;-356.626
11.7696;26.1208;28.6499;358.2;-356.825
11.7871;25.9216;28.4757;358.4;-357.024
11.8046;25.7223;28.3017;358.6;-357.224
11.8221;25.5231;28.1281;358.8;-357.423
11.8396;25.3239;27.9549;359;-357.622
11.8571;25.1246;27.782;359.2;-357.821
11.8746;24.9254;27.6095;359.4;-358.021
11.8921;24.7262;27.4373;359.6;-358.22
11.9097;24.5269;27.2655;359.8;-358.419
11.9272;24.3277;27.0942;360;-358.618
11.9447;24.1285;26.9232;360.2;-358.817
11.9622;23.9292;26.7526;360.4;-359.017
11.9797;23.73;26.5824;360.6;-359.216
11.9972;23.5308;26.4127;360.8;-359.415
12.0147;23.3315;26.2433;361;-359.614
12.0322;23.1323;26.0745;361.2;-359.814
12.0497;22.9331;25.906;361.4;-360.013
12.0672;22.7338;25.738;361.6;-360.212
12.0847;22.5346;25.5705;361.8;-360.411
12.1022;22.3354;25.4034;362;-360.611
12.1197;22.1361;25.2368;362.2;-360.81
12.1372;21.9369;25.0707;362.4;-361.009
12.1547;21.7377;24.9051;362.6;-361.208
12.1722;21.5384;24.74;362.8;-361.408
12.1898;21.3392;24.5754;363;-361.607
12.2073;21.14;24.4114;363.2;-361.806
12.2248;20.9407;24.2479;363.4;-362.005
12.2423;20.7415;24.0849;363.6;-362.204
12.2598;20.5423;23.9225;363.8;-362.404
12.2773;20.3431;23.7607;364;-362.603
12.2948;20.1438;23.5995;364.2;-362.802
12.3123;19.9446;23.4388;364.4;-363.001
12.3298;19.7454;23.2788;364.6;-363.201
12.3473;19.5461;23.1194;364.8;-363.4
12.3648;19.3469;22.9606;365;-363.599
12.3823;19.1477;22.8025;365.2;-363.798
12.3998;18.9484;22.6451;365.4;-363.998
12.4173;18.7492;22.4883;365.6;-364.197
12.4348;18.55;22.3322;365.8;-364.396
12.4523;18.3507;22.1768;366;-364.595
12.4698;18.1515;22.0221;366.2;-364.794
12.4874;17.9523;21.8682;366.4;-364.994
12.5049;17.753;21.715;366.6;-365.193
12.5224;17.5538;21.5626;366.8;-365.392
12.5399;17.3546;21.411;367;-365.591
12.5574;17.1553;21.2601;367.2;-365.791
12.5749;16.9561;21.1101;367.4;-365.99
12.5924;16.7569;20.9609;367.6;-366.189
12.6099;16.5576;20.8126;367.8;-366.388
12.6274;16.3584;20.6652;368;-366.588
12.6449;16.1592;20.5186;368.2;-366.787
12.6624;15.9599;20.3729;368.4;-366.986
12.6799;15.7607;20.2282;368.6;-367.185
12.6974;15.5615;20.0844;368.8;-367.384
12.7149;15.3622;19.9416;369;-367.584
12.7324;15.163;19.7998;369.2;-367.783
12.7499;14.9638;19.659;369.4;-367.982
12.7675;14.7645;19.5192;369.6;-368.181
12.785;14.5653;19.3805;369.8;-368.381
12.8025;14.3661;19.2429;370;-368.58
12.82;14.1668;19.1063;370.2;-368.779
12.8375;13.9676;18.9709;370.4;-368.978
12.855;13.7684;18.8366;370.6;-369.178
12.8725;13.5692;18.7036;370.8;-369.377
12.89;13.3699;18.5717;371;-369.576
12.9075;13.1707;18.441;371.2;-369.775
12.925;12.9715;18.3116;371.4;-369.974
12.9425;12.7722;18.1835;371.6;-370.174
12.96;12.573;18.0566;371.8;-370.373
12.9775;12.3738;17.9311;372;-370.572
12.995;12.1745;17.807;372.2;-370.771
13.0125;11.9753;17.6843;372.4;-370.971
13.03;11.7761;17.563;372.6;-371.17
13.0476;11.5768;17.4431;372.8;-371.369
13.0651;11.3776;17.3247;373;-371.568
13.0826;11.1784;17.2078;373.2;-371.768
13.1001;10.9791;17.0925;373.4;-371.967
13.1176;10.7799;16.9787;373.6;-372.166
13.1351;10.5807;16.8666;373.8;-372.365
13.1526;10.3814;16.756;374;-372.565
13.1701;10.1822;16.6472;374.2;-372.764
13.1876;9.98297;16.54;374.4;-372.963
13.2051;9.78374;16.4346;374.6;-373.162
13.2226;9.5845;16.331;374.8;-373.361
13.2401;9.38527;16.2291;375;-373.561
13.2576;9.18604;16.1291;375.2;-373.76
13.2751;8.98681;16.031;375.4;-373.959
13.2926;8.78757;15.9347;375.6;-374.158
13.3101;8.58834;15.8404;375.8;-374.358
13.3277;8.38911;15.7481;376;-374.557
13.3452;8.18988;15.6578;376.2;-374.756
13.3627;7.99065;15.5696;376.4;-374.955
13.3802;7.79141;15.4834;376.6;-375.155
13.3977;7.59218;15.3993;376.8;-375.354
13.4152;7.39295;15.3174;377;-375.553
13.4327;7.19372;15.2377;377.2;-375.752
13.4502;6.99448;15.1602;377.4;-375.951
13.4677;6.79525;15.0849;377.6;-376.151
13.4852;6.59602;15.0119;377.8;-376.35
13.5027;6.39679;14.9413;378;-376.549
13.5202;6.19755;14.873;378.2;-376.748
13.5377;5.99832;14.8071;378.4;-376.948
13.5552;5.79909;14.7436;378.6;-377.147
13.5727;5.59986;14.6826;378.8;-377.346
13.5902;5.40062;14.624;379;-377.545
13.6078;5.20139;14.568;379.2;-377.745
13.6253;5.00216;14.5144;379.4;-377.944
13.6428;4.80293;14.4635;379.6;-378.143
13.6603;4.60369;14.4152;379.8;-378.342
13.6778;4.40446;14.3694;380;-378.541
13.6953;4.20523;14.3264;380.2;-378.741
13.7128;4.006;14.286;380.4;-378.94
13.7303;3.80677;14.2482;380.6;-379.139
13.7478;3.60753;14.2132;380.8;-379.338
13.7653;3.4083;14.181;381;-379.538
13.7828;3.20907;14.1515;381.2;-379.737
13.8003;3.00984;14.1247;381.4;-379.936
13.8178;2.8106;14.1008;381.6;-380.135
13.8353;2.61137;14.0796;381.8;-380.335
13.8528;2.41214;14.0613;382;-380.534
13.8703;2.21291;14.0458;382.2;-380.733
13.8879;2.01367;14.0331;382.4;-380.932
13.9054;1.81444;14.0232;382.6;-381.132
13.9229;1.61521;14.0162;382.8;-381.331
13.9404;1.41598;14.0121;383;-381.53
13.9579;1.21674;14.0108;383.2;-381.729
13.9754;1.01751;14.0124;383.4;-381.928
13.9929;0.81828;14.0168;383.6;-382.128
14.0104;0.619048;14.0241;383.8;-382.327
14.0279;0.419815;14.0342;384;-382.526
14.0454;0.220583;14.0471;384.2;-382.725
14.0629;0.0213506;14.0629;384.4;-382.925
14.0804;-0.177882;14.0815;384.6;-383.124
14.0979;-0.377114;14.103;384.8;-383.323
14.1154;-0.576346;14.1272;385;-383.522
14.1329;-0.775579;14.1542;385.2;-383.722
14.1504;-0.974811;14.184;385.4;-383.921
14.1679;-1.17404;14.2165;385.6;-384.12
14.1855;-1.37328;14.2518;385.8;-384.319
14.203;-1.57251;14.2897;386;-384.518
14.2205;-1.77174;14.3304;386.2;-384.718
14.238;-1.97097;14.3737;386.4;-384.917
14.2555;-2.17021;14.4197;386.6;-385.116
14.273;-2.36944;14.4683;386.8;-385.315
14.2905;-2.56867;14.5195;387;-385.515
14.308;-2.7679;14.5733;387.2;-385.714
14.3255;-2.96713;14.6296;387.4;-385.913
14.343;-3.16637;14.6884;387.6;-386.112
14.3605;-3.3656;14.7496;387.8;-386.312
14.378;-3.56483;14.8134;388;-386.511
14.3955;-3.76406;14.8795;388.2;-386.71
14.413;-3.9633;14.948;388.4;-386.909
14.4305;-4.16253;15.0189;388.6;-387.108
14.448;-4.36176;15.0921;388.8;-387.308
14.4656;-4.56099;15.1676;389;-387.507
14.4831;-4.76023;15.2453;389.2;-387.706
14.5006;-4.95946;15.3252;389.4;-387.905
14.5181;-5.15869;15.4074;389.6;-388.105
14.5356;-5.35792;15.4916;389.8;-388.304
14.5531;-5.55716;15.578;390;-388.503
14.5706;-5.75639;15.6665;390.2;-388.702
14.5881;-5.95562;15.757;390.4;-388.902
14.6056;-6.15485;15.8495;390.6;-389.101
14.6231;-6.35408;15.944;390.8;-389.3
14.6406;-6.55332;16.0404;391;-389.499
14.6581;-6.75255;16.1387;391.2;-389.698
14.6756;-6.95178;16.2389;391.4;-389.898
14.6931;-7.15101;16.3409;391.6;-390.097
14.7106;-7.35025;16.4447;391.8;-390.296
14.7281;-7.54948;16.5503;392;-390.495
14.7457;-7.74871;16.6576;392.2;-390.695
14.7632;-7.94794;16.7667;392.4;-390.894
14.7807;-8.14718;16.8773;392.6;-391.093
14.7982;-8.34641;16.9897;392.8;-391.292
14.8157;-8.54564;17.1036;393;-391.492
14.8332;-8.74487;17.2191;393.2;-391.691
14.8507;-8.94411;17.3361;393.4;-391.89
14.8682;-9.14334;17.4546;393.6;-392.089
14.8857;-9.34257;17.5746;393.8;-392.289
14.9032;-9.5418;17.6961;394;-392.488
14.9207;-9.74104;17.819;394.2;-392.687
14.9382;-9.94027;17.9432;394.4;-392.886
14.9557;-10.1395;18.0688;394.6;-393.085
14.9732;-10.3387;18.1958;394.8;-393.285
14.9907;-10.538;18.3241;395;-393.484
15.0082;-10.7372;18.4536;395.2;-393.683
15.0258;-10.9364;18.5844;395.4;-393.882
15.0433;-11.1357;18.7164;395.6;-394.082
15.0608;-11.3349;18.8496;395.8;-394.281
15.0783;-11.5341;18.9839;396;-394.48
15.0958;-11.7334;19.1195;396.2;-394.679
15.1133;-11.9326;19.2561;396.4;-394.879
15.1308;-12.1318;19.3939;396.6;-395.078
15.1483;-12.3311;19.5327;396.8;-395.277
15.1658;-12.5303;19.6726;397;-395.476
15.1833;-12.7295;19.8135;397.2;-395.675
15.2008;-12.9288;19.9554;397.4;-395.875
15.2183;-13.128;20.0983;397.6;-396.074
15.2358;-13.3272;20.2422;397.8;-396.273
15.2533;-13.5264;20.387;398;-396.472
15.2708;-13.7257;20.5327;398.2;-396.672
15.2883;-13.9249;20.6794;398.4;-396.871
15.3059;-14.1241;20.8269;398.6;-397.07
15.3234;-14.3234;20.9753;398.8;-397.269
15.3409;-14.5226;21.1246;399;-397.469
15.3584;-14.7218;21.2747;399.2;-397.668
15.3759;-14.9211;21.4256;399.4;-397.867
15.3934;-15.1203;21.5773;399.6;-398.066
15.4109;-15.3195;21.7298;399.8;-398.265
15.4284;-15.5188;21.883;400;-398.465
