#1 AntPos X;#2 AntPos Y;#3 Distance form nest;#4 Total Distance;#5 Total Y Distance
-12.1097;1.918;12.2607;0.2;-0.00963339
-11.9099;1.90836;12.0619;0.4;-0.0192668
-11.7102;1.89873;11.8631;0.6;-0.0289002
-11.5104;1.8891;11.6644;0.8;-0.0385336
-11.3106;1.87946;11.4657;1;-0.048167
-11.1109;1.86983;11.2671;1.2;-0.0578004
-10.9111;1.8602;11.0685;1.4;-0.0674338
-10.7113;1.85056;10.87;1.6;-0.0770671
-10.5116;1.84093;10.6716;1.8;-0.0867005
-10.3118;1.8313;10.4731;2;-0.0963339
-10.112;1.82166;10.2748;2.2;-0.105967
-9.91226;1.81203;10.0765;2.4;-0.115601
-9.7125;1.8024;9.87832;2.6;-0.125234
-9.51273;1.79276;9.68019;2.8;-0.134868
-9.31296;1.78313;9.48213;3;-0.144501
-9.11319;1.7735;9.28416;3.2;-0.154134
-8.91342;1.76386;9.08627;3.4;-0.163768
-8.71366;1.75423;8.88848;3.6;-0.173401
-8.51389;1.7446;8.69079;3.8;-0.183034
-8.31412;1.73496;8.49321;4;-0.192668
-8.11435;1.72533;8.29575;4.2;-0.202301
-7.91458;1.7157;8.09841;4.4;-0.211935
-7.71482;1.70606;7.90121;4.6;-0.221568
-7.51505;1.69643;7.70414;4.8;-0.231201
-7.31528;1.6868;7.50724;5;-0.240835
-7.11551;1.67716;7.3105;5.2;-0.250468
-6.91575;1.66753;7.11394;5.4;-0.260102
-6.71598;1.6579;6.91758;5.6;-0.269735
-6.51621;1.64826;6.72144;5.8;-0.279368
-6.31644;1.63863;6.52553;6;-0.289002
-6.11667;1.629;6.32988;6.2;-0.298635
-5.91691;1.61936;6.1345;6.4;-0.308269
-5.71714;1.60973;5.93944;6.6;-0.317902
-5.51737;1.6001;5.74471;6.8;-0.327535
-5.3176;1.59046;5.55036;7;-0.337169
-5.11783;1.58083;5.35642;7.2;-0.346802
-4.91807;1.5712;5.16295;7.4;-0.356436
-4.7183;1.56156;4.96999;7.6;-0.366069
-4.51853;1.55193;4.77761;7.8;-0.375702
-4.31876;1.5423;4.58589;8;-0.385336
-4.119;1.53266;4.3949;8.2;-0.394969
-3.91923;1.52303;4.20475;8.4;-0.404603
-3.71946;1.5134;4.01556;8.6;-0.414236
-3.51969;1.50376;3.82747;8.8;-0.423869
-3.31992;1.49413;3.64065;9;-0.433503
-3.12016;1.4845;3.4553;9.2;-0.443136
-2.92039;1.47486;3.27168;9.4;-0.452769
-2.72062;1.46523;3.09009;9.6;-0.462403
-2.52085;1.4556;2.91092;9.8;-0.472036
-2.32108;1.44596;2.73464;10;-0.48167
-2.12132;1.43633;2.56184;10.2;-0.491303
-1.92155;1.4267;2.39328;10.4;-0.500936
-1.72178;1.41706;2.22993;10.6;-0.51057
-1.52201;1.40743;2.07301;10.8;-0.520203
-1.32224;1.3978;1.9241;11;-0.529837
-1.12248;1.38816;1.7852;11.2;-0.53947
-0.922709;1.37853;1.65883;11.4;-0.549103
-0.722941;1.36889;1.54807;11.6;-0.558737
-0.523174;1.35926;1.45647;11.8;-0.56837
-0.323406;1.34963;1.38784;12;-0.578004
-0.123638;1.33999;1.34569;12.2;-0.587637
0.07613;1.33036;1.33254;12.4;-0.59727
0.275898;1.32073;1.34924;12.6;-0.606904
0.475666;1.31109;1.39471;12.8;-0.616537
0.675434;1.30146;1.46629;13;-0.626171
0.875201;1.29183;1.56038;13.2;-0.635804
1.07497;1.28219;1.67319;13.4;-0.645437
1.27474;1.27256;1.80121;13.6;-0.655071
1.47451;1.26293;1.94143;13.8;-0.664704
1.67427;1.25329;2.0914;14;-0.674338
1.87404;1.24366;2.24916;14.2;-0.683971
2.07381;1.23403;2.41319;14.4;-0.693604
2.27358;1.22439;2.5823;14.6;-0.703238
2.47334;1.21476;2.75555;14.8;-0.712871
2.67311;1.20513;2.93221;15;-0.722504
2.87288;1.19549;3.11169;15.2;-0.732138
3.07265;1.18586;3.29354;15.4;-0.741771
3.27242;1.17623;3.47739;15.6;-0.751405
3.47218;1.16659;3.66292;15.8;-0.761038
3.67195;1.15696;3.84991;16;-0.770671
3.87172;1.14733;4.03814;16.2;-0.780305
4.07149;1.13769;4.22745;16.4;-0.789938
4.27126;1.12806;4.41771;16.6;-0.799572
4.47102;1.11843;4.60879;16.8;-0.809205
4.67079;1.10879;4.80059;17;-0.818838
4.87056;1.09916;4.99304;17.2;-0.828472
5.07033;1.08953;5.18607;17.4;-0.838105
5.27009;1.07989;5.3796;17.6;-0.847739
5.46986;1.07026;5.57358;17.8;-0.857372
5.66963;1.06063;5.76798;18;-0.867005
5.8694;1.05099;5.96275;18.2;-0.876639
6.06917;1.04136;6.15786;18.4;-0.886272
6.26893;1.03173;6.35327;18.6;-0.895906
6.4687;1.02209;6.54895;18.8;-0.905539
6.66847;1.01246;6.74489;19;-0.915172
6.86824;1.00283;6.94106;19.2;-0.924806
7.06801;0.993193;7.13745;19.4;-0.934439
7.26777;0.983559;7.33402;19.6;-0.944073
7.46754;0.973926;7.53078;19.8;-0.953706
7.66731;0.964292;7.72771;20;-0.963339
7.86708;0.954659;7.92479;20.2;-0.972973
8.06684;0.945026;8.12201;20.4;-0.982606
8.26661;0.935392;8.31937;20.6;-0.992239
8.46638;0.925759;8.51684;20.8;-1.00187
8.66615;0.916125;8.71444;21;-1.01151
8.86592;0.906492;8.91214;21.2;-1.02114
9.06568;0.896859;9.10994;21.4;-1.03077
9.26545;0.887225;9.30783;21.6;-1.04041
9.46522;0.877592;9.50582;21.8;-1.05004
9.66499;0.867958;9.70388;22;-1.05967
9.86476;0.858325;9.90203;22.2;-1.06931
10.0645;0.848692;10.1002;22.4;-1.07894
10.2643;0.839058;10.2985;22.6;-1.08857
10.4641;0.829425;10.4969;22.8;-1.09821
10.6638;0.819791;10.6953;23;-1.10784
10.8636;0.810158;10.8938;23.2;-1.11747
11.0634;0.800525;11.0923;23.4;-1.12711
11.2631;0.790891;11.2909;23.6;-1.13674
11.4629;0.781258;11.4895;23.8;-1.14637
11.6627;0.771624;11.6882;24;-1.15601
11.8624;0.761991;11.8869;24.2;-1.16564
12.0622;0.752358;12.0856;24.4;-1.17527
12.262;0.742724;12.2844;24.6;-1.18491
12.4617;0.733091;12.4833;24.8;-1.19454
12.6615;0.723458;12.6822;25;-1.20417
12.8613;0.713824;12.8811;25.2;-1.21381
13.061;0.704191;13.08;25.4;-1.22344
13.2608;0.694557;13.279;25.6;-1.23307
13.4606;0.684924;13.478;25.8;-1.24271
13.6603;0.675291;13.677;26;-1.25234
13.8601;0.665657;13.8761;26.2;-1.26197
14.0599;0.656024;14.0752;26.4;-1.27161
14.2596;0.64639;14.2743;26.6;-1.28124
14.4594;0.636757;14.4734;26.8;-1.29087
14.6592;0.627124;14.6726;27;-1.30051
14.859;0.61749;14.8718;27.2;-1.31014
15.0587;0.607857;15.071;27.4;-1.31977
15.2585;0.598223;15.2702;27.6;-1.32941
15.4583;0.58859;15.4695;27.8;-1.33904
15.658;0.578957;15.6687;28;-1.34868
15.8578;0.569323;15.868;28.2;-1.35831
16.0576;0.55969;16.0673;28.4;-1.36794
16.2573;0.550056;16.2666;28.6;-1.37758
16.4571;0.540423;16.466;28.8;-1.38721
16.6569;0.53079;16.6653;29;-1.39684
16.8566;0.521156;16.8647;29.2;-1.40648
17.0564;0.511523;17.0641;29.4;-1.41611
17.2562;0.501889;17.2635;29.6;-1.42574
17.4559;0.492256;17.4629;29.8;-1.43538
17.6557;0.482623;17.6623;30;-1.44501
17.8555;0.472989;17.8617;30.2;-1.45464
18.0552;0.463356;18.0612;30.4;-1.46428
18.255;0.453723;18.2606;30.6;-1.47391
18.4548;0.444089;18.4601;30.8;-1.48354
18.6545;0.434456;18.6596;31;-1.49318
18.8543;0.424822;18.8591;31.2;-1.50281
19.0541;0.415189;19.0586;31.4;-1.51244
19.2538;0.405556;19.2581;31.6;-1.52208
19.4536;0.395922;19.4576;31.8;-1.53171
19.6534;0.386289;19.6572;32;-1.54134
19.8531;0.376655;19.8567;32.2;-1.55098
20.0529;0.367022;20.0563;32.4;-1.56061
20.2527;0.357389;20.2558;32.6;-1.57024
20.4525;0.347755;20.4554;32.8;-1.57988
20.6522;0.338122;20.655;33;-1.58951
20.852;0.328488;20.8546;33.2;-1.59914
21.0518;0.318855;21.0542;33.4;-1.60878
21.2515;0.309222;21.2538;33.6;-1.61841
21.4513;0.299588;21.4534;33.8;-1.62804
21.6511;0.289955;21.653;34;-1.63768
21.8508;0.280321;21.8526;34.2;-1.64731
22.0506;0.270688;22.0523;34.4;-1.65694
22.2504;0.261055;22.2519;34.6;-1.66658
22.4501;0.251421;22.4515;34.8;-1.67621
22.6499;0.241788;22.6512;35;-1.68584
22.8497;0.232154;22.8508;35.2;-1.69548
23.0494;0.222521;23.0505;35.4;-1.70511
23.2492;0.212888;23.2502;35.6;-1.71474
23.449;0.203254;23.4499;35.8;-1.72438
23.6487;0.193621;23.6495;36;-1.73401
23.8485;0.183987;23.8492;36.2;-1.74364
24.0483;0.174354;24.0489;36.4;-1.75328
24.248;0.164721;24.2486;36.6;-1.76291
24.4478;0.155087;24.4483;36.8;-1.77254
24.6476;0.145454;24.648;37;-1.78218
24.8473;0.135821;24.8477;37.2;-1.79181
25.0471;0.126187;25.0474;37.4;-1.80144
25.2469;0.116554;25.2471;37.6;-1.81108
25.4466;0.10692;25.4469;37.8;-1.82071
25.6464;0.097287;25.6466;38;-1.83034
25.8462;0.0876536;25.8463;38.2;-1.83998
26.046;0.0780202;26.0461;38.4;-1.84961
26.2457;0.0683868;26.2458;38.6;-1.85924
26.4455;0.0587534;26.4456;38.8;-1.86888
26.6453;0.04912;26.6453;39;-1.87851
26.845;0.0394866;26.8451;39.2;-1.88815
27.0448;0.0298532;27.0448;39.4;-1.89778
27.2446;0.0202198;27.2446;39.6;-1.90741
27.4443;0.0105864;27.4443;39.8;-1.91705
27.6441;0.000953025;27.6441;40;-1.92668
27.8439;-0.00868037;27.8439;40.2;-1.93631
28.0436;-0.0183138;28.0436;40.4;-1.94595
28.2434;-0.0279472;28.2434;40.6;-1.95558
28.4432;-0.0375805;28.4432;40.8;-1.96521
28.6429;-0.0472139;28.643;41;-1.97485
28.8427;-0.0568473;28.8428;41.2;-1.98448
29.0425;-0.0664807;29.0425;41.4;-1.99411
29.2422;-0.0761141;29.2423;41.6;-2.00375
29.442;-0.0857475;29.4421;41.8;-2.01338
29.6418;-0.0953809;29.6419;42;-2.02301
29.8415;-0.105014;29.8417;42.2;-2.03265

-29.9587;-0.114648;29.9589;42.4;-2.04228
-29.7589;-0.124281;29.7592;42.6;-2.05191
-29.5592;-0.133914;29.5595;42.8;-2.06155
-29.3594;-0.143548;29.3597;43;-2.07118
-29.1596;-0.153181;29.16;43.2;-2.08081
-28.9599;-0.162815;28.9603;43.4;-2.09045
-28.7601;-0.172448;28.7606;43.6;-2.10008
-28.5603;-0.182081;28.5609;43.8;-2.10971
-28.3605;-0.191715;28.3612;44;-2.11935
-28.1608;-0.201348;28.1615;44.2;-2.12898
-27.961;-0.210982;27.9618;44.4;-2.13861
-27.7612;-0.220615;27.7621;44.6;-2.14825
-27.5615;-0.230248;27.5624;44.8;-2.15788
-27.3617;-0.239882;27.3628;45;-2.16751
-27.1619;-0.249515;27.1631;45.2;-2.17715
-26.9622;-0.259149;26.9634;45.4;-2.18678
-26.7624;-0.268782;26.7638;45.6;-2.19641
-26.5626;-0.278415;26.5641;45.8;-2.20605
-26.3629;-0.288049;26.3644;46;-2.21568
-26.1631;-0.297682;26.1648;46.2;-2.22531
-25.9633;-0.307316;25.9652;46.4;-2.23495
-25.7636;-0.316949;25.7655;46.6;-2.24458
-25.5638;-0.326582;25.5659;46.8;-2.25421
-25.364;-0.336216;25.3663;47;-2.26385
-25.1643;-0.345849;25.1666;47.2;-2.27348
-24.9645;-0.355483;24.967;47.4;-2.28311
-24.7647;-0.365116;24.7674;47.6;-2.29275
-24.565;-0.374749;24.5678;47.8;-2.30238
-24.3652;-0.384383;24.3682;48;-2.31201
-24.1654;-0.394016;24.1686;48.2;-2.32165
-23.9657;-0.403649;23.9691;48.4;-2.33128
-23.7659;-0.413283;23.7695;48.6;-2.34091
-23.5661;-0.422916;23.5699;48.8;-2.35055
-23.3664;-0.43255;23.3704;49;-2.36018
-23.1666;-0.442183;23.1708;49.2;-2.36981
-22.9668;-0.451816;22.9713;49.4;-2.37945
-22.767;-0.46145;22.7717;49.6;-2.38908
-22.5673;-0.471083;22.5722;49.8;-2.39871
-22.3675;-0.480717;22.3727;50;-2.40835
-22.1677;-0.49035;22.1732;50.2;-2.41798
-21.968;-0.499983;21.9737;50.4;-2.42762
-21.7682;-0.509617;21.7742;50.6;-2.43725
-21.5684;-0.51925;21.5747;50.8;-2.44688
-21.3687;-0.528884;21.3752;51;-2.45652
-21.1689;-0.538517;21.1758;51.2;-2.46615
-20.9691;-0.54815;20.9763;51.4;-2.47578
-20.7694;-0.557784;20.7769;51.6;-2.48542
-20.5696;-0.567417;20.5774;51.8;-2.49505
-20.3698;-0.577051;20.378;52;-2.50468
-20.1701;-0.586684;20.1786;52.2;-2.51432
-19.9703;-0.596317;19.9792;52.4;-2.52395
-19.7705;-0.605951;19.7798;52.6;-2.53358
-19.5708;-0.615584;19.5804;52.8;-2.54322
-19.371;-0.625218;19.3811;53;-2.55285
-19.1712;-0.634851;19.1817;53.2;-2.56248
-18.9715;-0.644484;18.9824;53.4;-2.57212
-18.7717;-0.654118;18.7831;53.6;-2.58175
-18.5719;-0.663751;18.5838;53.8;-2.59138
-18.3722;-0.673384;18.3845;54;-2.60102
-18.1724;-0.683018;18.1852;54.2;-2.61065
-17.9726;-0.692651;17.986;54.4;-2.62028
-17.7729;-0.702285;17.7867;54.6;-2.62992
-17.5731;-0.711918;17.5875;54.8;-2.63955
-17.3733;-0.721551;17.3883;55;-2.64918
-17.1735;-0.731185;17.1891;55.2;-2.65882
-16.9738;-0.740818;16.9899;55.4;-2.66845
-16.774;-0.750452;16.7908;55.6;-2.67808
-16.5742;-0.760085;16.5917;55.8;-2.68772
-16.3745;-0.769718;16.3926;56;-2.69735
-16.1747;-0.779352;16.1935;56.2;-2.70698
-15.9749;-0.788985;15.9944;56.4;-2.71662
-15.7752;-0.798619;15.7954;56.6;-2.72625
-15.5754;-0.808252;15.5964;56.8;-2.73588
-15.3756;-0.817885;15.3974;57;-2.74552
-15.1759;-0.827519;15.1984;57.2;-2.75515
-14.9761;-0.837152;14.9995;57.4;-2.76478
-14.7763;-0.846786;14.8006;57.6;-2.77442
-14.5766;-0.856419;14.6017;57.8;-2.78405
-14.3768;-0.866052;14.4029;58;-2.79368
-14.177;-0.875686;14.204;58.2;-2.80332
-13.9773;-0.885319;14.0053;58.4;-2.81295
-13.7775;-0.894953;13.8065;58.6;-2.82258
-13.5777;-0.904586;13.6078;58.8;-2.83222
-13.378;-0.914219;13.4092;59;-2.84185
-13.1782;-0.923853;13.2105;59.2;-2.85148
-12.9784;-0.933486;13.012;59.4;-2.86112
-12.7787;-0.94312;12.8134;59.6;-2.87075
-12.5789;-0.952753;12.6149;59.8;-2.88038
-12.3791;-0.962386;12.4165;60;-2.89002
-12.1794;-0.97202;12.2181;60.2;-2.89965
-11.9796;-0.981653;12.0197;60.4;-2.90928
-11.7798;-0.991286;11.8215;60.6;-2.91892
-11.58;-1.00092;11.6232;60.8;-2.92855
-11.3803;-1.01055;11.4251;61;-2.93818
-11.1805;-1.02019;11.227;61.2;-2.94782
-10.9807;-1.02982;11.0289;61.4;-2.95745
-10.781;-1.03945;10.831;61.6;-2.96709
-10.5812;-1.04909;10.6331;61.8;-2.97672
-10.3814;-1.05872;10.4353;62;-2.98635
-10.1817;-1.06835;10.2376;62.2;-2.99599
-9.98191;-1.07799;10.0399;62.4;-3.00562
-9.78214;-1.08762;9.84241;62.6;-3.01525
-9.58237;-1.09725;9.64499;62.8;-3.02489
-9.3826;-1.10689;9.44767;63;-3.03452
-9.18283;-1.11652;9.25046;63.2;-3.04415
-8.98307;-1.12615;9.05338;63.4;-3.05379
-8.7833;-1.13579;8.85643;63.6;-3.06342
-8.58353;-1.14542;8.65962;63.8;-3.07305
-8.38376;-1.15505;8.46296;64;-3.08269
-8.18399;-1.16469;8.26645;64.2;-3.09232
-7.98423;-1.17432;8.07012;64.4;-3.10195
-7.78446;-1.18395;7.87398;64.6;-3.11159
-7.58469;-1.19359;7.67803;64.8;-3.12122
-7.38492;-1.20322;7.4823;65;-3.13085
-7.18516;-1.21285;7.2868;65.2;-3.14049
-6.98539;-1.22249;7.09155;65.4;-3.15012
-6.78562;-1.23212;6.89658;65.6;-3.15975
-6.58585;-1.24175;6.70189;65.8;-3.16939
-6.38608;-1.25139;6.50754;66;-3.17902
-6.18632;-1.26102;6.31353;66.2;-3.18865
-5.98655;-1.27065;6.11991;66.4;-3.19829
-5.78678;-1.28029;5.92672;66.6;-3.20792
-5.58701;-1.28992;5.73399;66.8;-3.21755
-5.38724;-1.29956;5.54177;67;-3.22719
-5.18748;-1.30919;5.35013;67.2;-3.23682
-4.98771;-1.31882;5.15912;67.4;-3.24645
-4.78794;-1.32846;4.96882;67.6;-3.25609
-4.58817;-1.33809;4.77931;67.8;-3.26572
-4.3884;-1.34772;4.59069;68;-3.27535
-4.18864;-1.35736;4.40308;68.2;-3.28499
-3.98887;-1.36699;4.2166;68.4;-3.29462
-3.7891;-1.37662;4.03142;68.6;-3.30425
-3.58933;-1.38626;3.84773;68.8;-3.31389
-3.38957;-1.39589;3.66574;69;-3.32352
-3.1898;-1.40552;3.48573;69.2;-3.33315
-2.99003;-1.41516;3.30801;69.4;-3.34279
-2.79026;-1.42479;3.13298;69.6;-3.35242
-2.59049;-1.43442;2.96112;69.8;-3.36205
-2.39073;-1.44406;2.793;70;-3.37169
-2.19096;-1.45369;2.62936;70.2;-3.38132
-1.99119;-1.46332;2.47106;70.4;-3.39095
-1.79142;-1.47296;2.31922;70.6;-3.40059
-1.59165;-1.48259;2.17519;70.8;-3.41022
-1.39189;-1.49222;2.04061;71;-3.41985
-1.19212;-1.50186;1.91748;71.2;-3.42949
-0.992351;-1.51149;1.80814;71.4;-3.43912
-0.792584;-1.52112;1.71523;71.6;-3.44875
-0.592816;-1.53076;1.64154;71.8;-3.45839
-0.393048;-1.54039;1.58974;72;-3.46802
-0.19328;-1.55002;1.56203;72.2;-3.47765
0.00648791;-1.55966;1.55967;72.4;-3.48729
0.206256;-1.56929;1.58279;72.6;-3.49692
0.406024;-1.57892;1.63029;72.8;-3.50656
0.605791;-1.58856;1.70015;73;-3.51619
0.805559;-1.59819;1.78973;73.2;-3.52582
1.00533;-1.60782;1.89625;73.4;-3.53546
1.2051;-1.61746;2.01703;73.6;-3.54509
1.40486;-1.62709;2.14967;73.8;-3.55472
1.60463;-1.63672;2.2921;74;-3.56436
1.8044;-1.64636;2.44261;74.2;-3.57399
2.00417;-1.65599;2.59981;74.4;-3.58362
2.20393;-1.66562;2.76254;74.6;-3.59326
2.4037;-1.67526;2.92989;74.8;-3.60289
2.60347;-1.68489;3.10111;75;-3.61252
2.80324;-1.69452;3.2756;75.2;-3.62216
3.00301;-1.70416;3.45285;75.4;-3.63179
3.20277;-1.71379;3.63247;75.6;-3.64142
3.40254;-1.72342;3.81412;75.8;-3.65106
3.60231;-1.73306;3.99751;76;-3.66069
3.80208;-1.74269;4.18244;76.2;-3.67032
4.00185;-1.75232;4.36868;76.4;-3.67996
4.20161;-1.76196;4.5561;76.6;-3.68959
4.40138;-1.77159;4.74454;76.8;-3.69922
4.60115;-1.78122;4.9339;77;-3.70886
4.80092;-1.79086;5.12406;77.2;-3.71849
5.00068;-1.80049;5.31494;77.4;-3.72812
5.20045;-1.81012;5.50647;77.6;-3.73776
5.40022;-1.81976;5.69859;77.8;-3.74739
5.59999;-1.82939;5.89123;78;-3.75702
5.79976;-1.83903;6.08434;78.2;-3.76666
5.99952;-1.84866;6.27788;78.4;-3.77629
6.19929;-1.85829;6.47182;78.6;-3.78592
6.39906;-1.86793;6.66612;78.8;-3.79556
6.59883;-1.87756;6.86074;79;-3.80519
6.7986;-1.88719;7.05566;79.2;-3.81482
6.99836;-1.89683;7.25086;79.4;-3.82446
7.19813;-1.90646;7.44632;79.6;-3.83409
7.3979;-1.91609;7.64201;79.8;-3.84372
7.59767;-1.92573;7.83792;80;-3.85336
7.79743;-1.93536;8.03403;80.2;-3.86299
7.9972;-1.94499;8.23032;80.4;-3.87262
8.19697;-1.95463;8.4268;80.6;-3.88226
8.39674;-1.96426;8.62343;80.8;-3.89189
8.59651;-1.97389;8.82021;81;-3.90152
8.79627;-1.98353;9.01714;81.2;-3.91116
8.99604;-1.99316;9.2142;81.4;-3.92079
9.19581;-2.00279;9.41138;81.6;-3.93042
9.39558;-2.01243;9.60868;81.8;-3.94006
9.59535;-2.02206;9.80609;82;-3.94969
9.79511;-2.03169;10.0036;82.2;-3.95932
9.99488;-2.04133;10.2012;82.4;-3.96896
10.1946;-2.05096;10.3989;82.6;-3.97859
10.3944;-2.06059;10.5967;82.8;-3.98822
10.5942;-2.07023;10.7946;83;-3.99786
10.794;-2.07986;10.9925;83.2;-4.00749
10.9937;-2.08949;11.1905;83.4;-4.01712
11.1935;-2.09913;11.3886;83.6;-4.02676
11.3933;-2.10876;11.5868;83.8;-4.03639
11.593;-2.11839;11.785;84;-4.04603
11.7928;-2.12803;11.9833;84.2;-4.05566
11.9926;-2.13766;12.1816;84.4;-4.06529
12.1923;-2.14729;12.38;84.6;-4.07493
12.3921;-2.15693;12.5784;84.8;-4.08456
12.5919;-2.16656;12.7769;85;-4.09419
12.7916;-2.17619;12.9754;85.2;-4.10383
12.9914;-2.18583;13.174;85.4;-4.11346
13.1912;-2.19546;13.3726;85.6;-4.12309
13.3909;-2.20509;13.5713;85.8;-4.13273
13.5907;-2.21473;13.77;86;-4.14236
13.7905;-2.22436;13.9687;86.2;-4.15199
13.9902;-2.23399;14.1675;86.4;-4.16163
14.19;-2.24363;14.3663;86.6;-4.17126
14.3898;-2.25326;14.5651;86.8;-4.18089
14.5895;-2.26289;14.764;87;-4.19053
14.7893;-2.27253;14.9629;87.2;-4.20016
14.9891;-2.28216;15.1618;87.4;-4.20979
15.1888;-2.29179;15.3608;87.6;-4.21943
15.3886;-2.30143;15.5598;87.8;-4.22906
15.5884;-2.31106;15.7588;88;-4.23869
15.7881;-2.32069;15.9578;88.2;-4.24833
15.9879;-2.33033;16.1569;88.4;-4.25796
16.1877;-2.33996;16.3559;88.6;-4.26759
16.3875;-2.34959;16.555;88.8;-4.27723
16.5872;-2.35923;16.7542;89;-4.28686
16.787;-2.36886;16.9533;89.2;-4.29649
16.9868;-2.3785;17.1525;89.4;-4.30613
17.1865;-2.38813;17.3517;89.6;-4.31576
17.3863;-2.39776;17.5509;89.8;-4.32539
17.5861;-2.4074;17.7501;90;-4.33503
17.7858;-2.41703;17.9493;90.2;-4.34466
17.9856;-2.42666;18.1486;90.4;-4.35429
18.1854;-2.4363;18.3478;90.6;-4.36393
18.3851;-2.44593;18.5471;90.8;-4.37356
18.5849;-2.45556;18.7464;91;-4.38319
18.7847;-2.4652;18.9457;91.2;-4.39283
18.9844;-2.47483;19.1451;91.4;-4.40246
19.1842;-2.48446;19.3444;91.6;-4.41209
19.384;-2.4941;19.5438;91.8;-4.42173
19.5837;-2.50373;19.7431;92;-4.43136
19.7835;-2.51336;19.9425;92.2;-4.44099
19.9833;-2.523;20.1419;92.4;-4.45063
20.183;-2.53263;20.3413;92.6;-4.46026
20.3828;-2.54226;20.5407;92.8;-4.46989
20.5826;-2.5519;20.7402;93;-4.47953
20.7823;-2.56153;20.9396;93.2;-4.48916
20.9821;-2.57116;21.1391;93.4;-4.49879
21.1819;-2.5808;21.3385;93.6;-4.50843
21.3816;-2.59043;21.538;93.8;-4.51806
21.5814;-2.60006;21.7375;94;-4.52769
21.7812;-2.6097;21.937;94.2;-4.53733
21.981;-2.61933;22.1365;94.4;-4.54696
22.1807;-2.62896;22.336;94.6;-4.55659
22.3805;-2.6386;22.5355;94.8;-4.56623
22.5803;-2.64823;22.735;95;-4.57586
22.78;-2.65786;22.9346;95.2;-4.5855
22.9798;-2.6675;23.1341;95.4;-4.59513
23.1796;-2.67713;23.3336;95.6;-4.60476
23.3793;-2.68676;23.5332;95.8;-4.6144
23.5791;-2.6964;23.7328;96;-4.62403
23.7789;-2.70603;23.9323;96.2;-4.63366
23.9786;-2.71566;24.1319;96.4;-4.6433
24.1784;-2.7253;24.3315;96.6;-4.65293
24.3782;-2.73493;24.5311;96.8;-4.66256
24.5779;-2.74456;24.7307;97;-4.6722
24.7777;-2.7542;24.9303;97.2;-4.68183
24.9775;-2.76383;25.1299;97.4;-4.69146
25.1772;-2.77346;25.3295;97.6;-4.7011
25.377;-2.7831;25.5292;97.8;-4.71073
25.5768;-2.79273;25.7288;98;-4.72036
25.7765;-2.80236;25.9284;98.2;-4.73
25.9763;-2.812;26.1281;98.4;-4.73963
26.1761;-2.82163;26.3277;98.6;-4.74926
26.3758;-2.83126;26.5274;98.8;-4.7589
26.5756;-2.8409;26.727;99;-4.76853
26.7754;-2.85053;26.9267;99.2;-4.77816
26.9751;-2.86016;27.1264;99.4;-4.7878
27.1749;-2.8698;27.326;99.6;-4.79743
27.3747;-2.87943;27.5257;99.8;-4.80706
27.5745;-2.88906;27.7254;100;-4.8167
27.7742;-2.8987;27.9251;100.2;-4.82633
27.974;-2.90833;28.1248;100.4;-4.83596
28.1738;-2.91797;28.3245;100.6;-4.8456
28.3735;-2.9276;28.5242;100.8;-4.85523
28.5733;-2.93723;28.7239;101;-4.86486
28.7731;-2.94687;28.9236;101.2;-4.8745
28.9728;-2.9565;29.1233;101.4;-4.88413
29.1726;-2.96613;29.323;101.6;-4.89376
29.3724;-2.97577;29.5227;101.8;-4.9034
29.5721;-2.9854;29.7224;102;-4.91303
29.7719;-2.99503;29.9222;102.2;-4.92266
29.9717;-3.00467;30.1219;102.4;-4.9323

-29.8286;-3.0143;29.9805;102.6;-4.94193
-29.6288;-3.02393;29.7827;102.8;-4.95156
-29.429;-3.03357;29.585;103;-4.9612
-29.2293;-3.0432;29.3873;103.2;-4.97083
-29.0295;-3.05283;29.1896;103.4;-4.98046
-28.8297;-3.06247;28.9919;103.6;-4.9901
-28.63;-3.0721;28.7943;103.8;-4.99973
-28.4302;-3.08173;28.5967;104;-5.00936
-28.2304;-3.09137;28.3992;104.2;-5.019
-28.0307;-3.101;28.2017;104.4;-5.02863
-27.8309;-3.11063;28.0042;104.6;-5.03826
-27.6311;-3.12027;27.8067;104.8;-5.0479
-27.4314;-3.1299;27.6093;105;-5.05753
-27.2316;-3.13953;27.412;105.2;-5.06716
-27.0318;-3.14917;27.2146;105.4;-5.0768
-26.832;-3.1588;27.0173;105.6;-5.08643
-26.6323;-3.16843;26.8201;105.8;-5.09606
-26.4325;-3.17807;26.6229;106;-5.1057
-26.2327;-3.1877;26.4257;106.2;-5.11533
-26.033;-3.19733;26.2286;106.4;-5.12497
-25.8332;-3.20697;26.0315;106.6;-5.1346
-25.6334;-3.2166;25.8345;106.8;-5.14423
-25.4337;-3.22623;25.6375;107;-5.15387
-25.2339;-3.23587;25.4405;107.2;-5.1635
-25.0341;-3.2455;25.2436;107.4;-5.17313
-24.8344;-3.25513;25.0468;107.6;-5.18277
-24.6346;-3.26477;24.85;107.8;-5.1924
-24.4348;-3.2744;24.6533;108;-5.20203
-24.2351;-3.28403;24.4566;108.2;-5.21167
-24.0353;-3.29367;24.2599;108.4;-5.2213
-23.8355;-3.3033;24.0633;108.6;-5.23093
-23.6358;-3.31293;23.8668;108.8;-5.24057
-23.436;-3.32257;23.6703;109;-5.2502
-23.2362;-3.3322;23.4739;109.2;-5.25983
-23.0365;-3.34183;23.2776;109.4;-5.26947
-22.8367;-3.35147;23.0813;109.6;-5.2791
-22.6369;-3.3611;22.8851;109.8;-5.28873
-22.4372;-3.37073;22.6889;110;-5.29837
-22.2374;-3.38037;22.4928;110.2;-5.308
-22.0376;-3.39;22.2968;110.4;-5.31763
-21.8379;-3.39963;22.1009;110.6;-5.32727
-21.6381;-3.40927;21.905;110.8;-5.3369
-21.4383;-3.4189;21.7092;111;-5.34653
-21.2385;-3.42853;21.5135;111.2;-5.35617
-21.0388;-3.43817;21.3179;111.4;-5.3658
-20.839;-3.4478;21.1223;111.6;-5.37543
-20.6392;-3.45744;20.9268;111.8;-5.38507
-20.4395;-3.46707;20.7314;112;-5.3947
-20.2397;-3.4767;20.5361;112.2;-5.40433
-20.0399;-3.48634;20.3409;112.4;-5.41397
-19.8402;-3.49597;20.1458;112.6;-5.4236
-19.6404;-3.5056;19.9508;112.8;-5.43323
-19.4406;-3.51524;19.7559;113;-5.44287
-19.2409;-3.52487;19.5611;113.2;-5.4525
-19.0411;-3.5345;19.3664;113.4;-5.46213
-18.8413;-3.54414;19.1718;113.6;-5.47177
-18.6416;-3.55377;18.9773;113.8;-5.4814
-18.4418;-3.5634;18.7829;114;-5.49103
-18.242;-3.57304;18.5887;114.2;-5.50067
-18.0423;-3.58267;18.3945;114.4;-5.5103
-17.8425;-3.5923;18.2005;114.6;-5.51993
-17.6427;-3.60194;18.0067;114.8;-5.52957
-17.443;-3.61157;17.8129;115;-5.5392
-17.2432;-3.6212;17.6193;115.2;-5.54883
-17.0434;-3.63084;17.4259;115.4;-5.55847
-16.8437;-3.64047;17.2326;115.6;-5.5681
-16.6439;-3.6501;17.0394;115.8;-5.57773
-16.4441;-3.65974;16.8464;116;-5.58737
-16.2444;-3.66937;16.6536;116.2;-5.597
-16.0446;-3.679;16.461;116.4;-5.60663
-15.8448;-3.68864;16.2685;116.6;-5.61627
-15.645;-3.69827;16.0762;116.8;-5.6259
-15.4453;-3.7079;15.8841;117;-5.63553
-15.2455;-3.71754;15.6922;117.2;-5.64517
-15.0457;-3.72717;15.5005;117.4;-5.6548
-14.846;-3.7368;15.309;117.6;-5.66444
-14.6462;-3.74644;15.1178;117.8;-5.67407
-14.4464;-3.75607;14.9267;118;-5.6837
-14.2467;-3.7657;14.7359;118.2;-5.69334
-14.0469;-3.77534;14.5454;118.4;-5.70297
-13.8471;-3.78497;14.3551;118.6;-5.7126
-13.6474;-3.7946;14.1651;118.8;-5.72224
-13.4476;-3.80424;13.9753;119;-5.73187
-13.2478;-3.81387;13.7859;119.2;-5.7415
-13.0481;-3.8235;13.5967;119.4;-5.75114
-12.8483;-3.83314;13.4079;119.6;-5.76077
-12.6485;-3.84277;13.2194;119.8;-5.7704
-12.4488;-3.8524;13.0312;120;-5.78004
-12.249;-3.86204;12.8434;120.2;-5.78967
-12.0492;-3.87167;12.656;120.4;-5.7993
-11.8495;-3.8813;12.4689;120.6;-5.80894
-11.6497;-3.89094;12.2823;120.8;-5.81857
-11.4499;-3.90057;12.0961;121;-5.8282
-11.2502;-3.9102;11.9103;121.2;-5.83784
-11.0504;-3.91984;11.725;121.4;-5.84747
-10.8506;-3.92947;11.5402;121.6;-5.8571
-10.6509;-3.9391;11.3559;121.8;-5.86674
-10.4511;-3.94874;11.1722;122;-5.87637
-10.2513;-3.95837;10.989;122.2;-5.886
-10.0515;-3.968;10.8064;122.4;-5.89564
-9.85178;-3.97764;10.6245;122.6;-5.90527
-9.65201;-3.98727;10.4432;122.8;-5.9149
-9.45224;-3.99691;10.2626;123;-5.92454
-9.25248;-4.00654;10.0827;123.2;-5.93417
-9.05271;-4.01617;9.90359;123.4;-5.9438
-8.85294;-4.02581;9.72531;123.6;-5.95344
-8.65317;-4.03544;9.54789;123.8;-5.96307
-8.4534;-4.04507;9.37137;124;-5.9727
-8.25364;-4.05471;9.19582;124.2;-5.98234
-8.05387;-4.06434;9.02129;124.4;-5.99197
-7.8541;-4.07397;8.84783;124.6;-6.0016
-7.65433;-4.08361;8.67552;124.8;-6.01124
-7.45457;-4.09324;8.50442;125;-6.02087
-7.2548;-4.10287;8.33461;125.2;-6.0305
-7.05503;-4.11251;8.16616;125.4;-6.04014
-6.85526;-4.12214;7.99917;125.6;-6.04977
-6.65549;-4.13177;7.83372;125.8;-6.0594
-6.45573;-4.14141;7.66992;126;-6.06904
-6.25596;-4.15104;7.50787;126.2;-6.07867
-6.05619;-4.16067;7.3477;126.4;-6.0883
-5.85642;-4.17031;7.18952;126.6;-6.09794
-5.65665;-4.17994;7.03347;126.8;-6.10757
-5.45689;-4.18957;6.87969;127;-6.1172
-5.25712;-4.19921;6.72835;127.2;-6.12684
-5.05735;-4.20884;6.5796;127.4;-6.13647
-4.85758;-4.21847;6.43363;127.6;-6.1461
-4.65781;-4.22811;6.29064;127.8;-6.15574
-4.45805;-4.23774;6.15082;128;-6.16537
-4.25828;-4.24737;6.01441;128.2;-6.17501
-4.05851;-4.25701;5.88163;128.4;-6.18464
-3.85874;-4.26664;5.75275;128.6;-6.19427
-3.65898;-4.27627;5.62802;128.8;-6.20391
-3.45921;-4.28591;5.50773;129;-6.21354
-3.25944;-4.29554;5.39218;129.2;-6.22317
-3.05967;-4.30517;5.28168;129.4;-6.23281
-2.8599;-4.31481;5.17654;129.6;-6.24244
-2.66014;-4.32444;5.07712;129.8;-6.25207
-2.46037;-4.33407;4.98373;130;-6.26171
-2.2606;-4.34371;4.89674;130.2;-6.27134
-2.06083;-4.35334;4.81649;130.4;-6.28097
-1.86106;-4.36297;4.74332;130.6;-6.29061
-1.6613;-4.37261;4.67756;130.8;-6.30024
-1.46153;-4.38224;4.61953;131;-6.30987
-1.26176;-4.39187;4.56953;131.2;-6.31951
-1.06199;-4.40151;4.52781;131.4;-6.32914
-0.862226;-4.41114;4.49462;131.6;-6.33877
-0.662458;-4.42077;4.47013;131.8;-6.34841
-0.46269;-4.43041;4.4545;132;-6.35804
-0.262922;-4.44004;4.44782;132.2;-6.36767
-0.0631542;-4.44967;4.45012;132.4;-6.37731
0.136614;-4.45931;4.4614;132.6;-6.38694
0.336382;-4.46894;4.48158;132.8;-6.39657
0.536149;-4.47857;4.51055;133;-6.40621
0.735917;-4.48821;4.54814;133.2;-6.41584
0.935685;-4.49784;4.59414;133.4;-6.42547
1.13545;-4.50747;4.64829;133.6;-6.43511
1.33522;-4.51711;4.71032;133.8;-6.44474
1.53499;-4.52674;4.77991;134;-6.45437
1.73476;-4.53638;4.85676;134.2;-6.46401
1.93452;-4.54601;4.9405;134.4;-6.47364
2.13429;-4.55564;5.03081;134.6;-6.48327
2.33406;-4.56528;5.12734;134.8;-6.49291
2.53383;-4.57491;5.22973;135;-6.50254
2.7336;-4.58454;5.33766;135.2;-6.51217
2.93336;-4.59418;5.45079;135.4;-6.52181
3.13313;-4.60381;5.5688;135.6;-6.53144
3.3329;-4.61344;5.6914;135.8;-6.54107
3.53267;-4.62308;5.8183;136;-6.55071
3.73244;-4.63271;5.94921;136.2;-6.56034
3.9322;-4.64234;6.08388;136.4;-6.56997
4.13197;-4.65198;6.22206;136.6;-6.57961
4.33174;-4.66161;6.36353;136.8;-6.58924
4.53151;-4.67124;6.50808;137;-6.59887
4.73127;-4.68088;6.65549;137.2;-6.60851
4.93104;-4.69051;6.80559;137.4;-6.61814
5.13081;-4.70014;6.9582;137.6;-6.62777
5.33058;-4.70978;7.11316;137.8;-6.63741
5.53035;-4.71941;7.27032;138;-6.64704
5.73011;-4.72904;7.42954;138.2;-6.65667
5.92988;-4.73868;7.59069;138.4;-6.66631
6.12965;-4.74831;7.75365;138.6;-6.67594
6.32942;-4.75794;7.9183;138.8;-6.68557
6.52919;-4.76758;8.08456;139;-6.69521
6.72895;-4.77721;8.25231;139.2;-6.70484
6.92872;-4.78684;8.42146;139.4;-6.71448
7.12849;-4.79648;8.59195;139.6;-6.72411
7.32826;-4.80611;8.76368;139.8;-6.73374
7.52802;-4.81574;8.93658;140;-6.74338
7.72779;-4.82538;9.1106;140.2;-6.75301
7.92756;-4.83501;9.28566;140.4;-6.76264
8.12733;-4.84464;9.46171;140.6;-6.77228
8.3271;-4.85428;9.6387;140.8;-6.78191
8.52686;-4.86391;9.81657;141;-6.79154
8.72663;-4.87354;9.99528;141.2;-6.80118
8.9264;-4.88318;10.1748;141.4;-6.81081
9.12617;-4.89281;10.355;141.6;-6.82044
9.32594;-4.90244;10.536;141.8;-6.83008
9.5257;-4.91208;10.7176;142;-6.83971
9.72547;-4.92171;10.8999;142.2;-6.84934
9.92524;-4.93134;11.0828;142.4;-6.85898
10.125;-4.94098;11.2663;142.6;-6.86861
10.3248;-4.95061;11.4503;142.8;-6.87824
10.5245;-4.96024;11.6349;143;-6.88788
10.7243;-4.96988;11.8199;143.2;-6.89751
10.9241;-4.97951;12.0055;143.4;-6.90714
11.1238;-4.98914;12.1915;143.6;-6.91678
11.3236;-4.99878;12.3779;143.8;-6.92641
11.5234;-5.00841;12.5647;144;-6.93604
11.7231;-5.01804;12.752;144.2;-6.94568
11.9229;-5.02768;12.9396;144.4;-6.95531
12.1227;-5.03731;13.1276;144.6;-6.96494
12.3225;-5.04694;13.3159;144.8;-6.97458
12.5222;-5.05658;13.5046;145;-6.98421
12.722;-5.06621;13.6936;145.2;-6.99384
12.9218;-5.07585;13.8829;145.4;-7.00348
13.1215;-5.08548;14.0725;145.6;-7.01311
13.3213;-5.09511;14.2624;145.8;-7.02274
13.5211;-5.10475;14.4526;146;-7.03238
13.7208;-5.11438;14.643;146.2;-7.04201
13.9206;-5.12401;14.8337;146.4;-7.05164
14.1204;-5.13365;15.0246;146.6;-7.06128
14.3201;-5.14328;15.2158;146.8;-7.07091
14.5199;-5.15291;15.4071;147;-7.08054
14.7197;-5.16255;15.5987;147.2;-7.09018
14.9194;-5.17218;15.7905;147.4;-7.09981
15.1192;-5.18181;15.9825;147.6;-7.10944
15.319;-5.19145;16.1747;147.8;-7.11908
15.5187;-5.20108;16.3671;148;-7.12871
15.7185;-5.21071;16.5597;148.2;-7.13834
15.9183;-5.22035;16.7524;148.4;-7.14798
16.118;-5.22998;16.9453;148.6;-7.15761
16.3178;-5.23961;17.1384;148.8;-7.16724
16.5176;-5.24925;17.3316;149;-7.17688
16.7173;-5.25888;17.525;149.2;-7.18651
16.9171;-5.26851;17.7185;149.4;-7.19614
17.1169;-5.27815;17.9122;149.6;-7.20578
17.3166;-5.28778;18.106;149.8;-7.21541
17.5164;-5.29741;18.2999;150;-7.22504
17.7162;-5.30705;18.494;150.2;-7.23468
17.916;-5.31668;18.6882;150.4;-7.24431
18.1157;-5.32631;18.8825;150.6;-7.25395
18.3155;-5.33595;19.0769;150.8;-7.26358
18.5153;-5.34558;19.2715;151;-7.27321
18.715;-5.35521;19.4661;151.2;-7.28285
18.9148;-5.36485;19.6609;151.4;-7.29248
19.1146;-5.37448;19.8558;151.6;-7.30211
19.3143;-5.38411;20.0507;151.8;-7.31175
19.5141;-5.39375;20.2458;152;-7.32138
19.7139;-5.40338;20.441;152.2;-7.33101
19.9136;-5.41301;20.6362;152.4;-7.34065
20.1134;-5.42265;20.8316;152.6;-7.35028
20.3132;-5.43228;21.027;152.8;-7.35991
20.5129;-5.44191;21.2225;153;-7.36955
20.7127;-5.45155;21.4181;153.2;-7.37918
20.9125;-5.46118;21.6138;153.4;-7.38881
21.1122;-5.47081;21.8095;153.6;-7.39845
21.312;-5.48045;22.0054;153.8;-7.40808
21.5118;-5.49008;22.2013;154;-7.41771
21.7115;-5.49971;22.3973;154.2;-7.42735
21.9113;-5.50935;22.5933;154.4;-7.43698
22.1111;-5.51898;22.7894;154.6;-7.44661
22.3108;-5.52861;22.9856;154.8;-7.45625
22.5106;-5.53825;23.1819;155;-7.46588
22.7104;-5.54788;23.3782;155.2;-7.47551
22.9101;-5.55751;23.5746;155.4;-7.48515
23.1099;-5.56715;23.771;155.6;-7.49478
23.3097;-5.57678;23.9675;155.8;-7.50441
23.5095;-5.58641;24.1641;156;-7.51405
23.7092;-5.59605;24.3607;156.2;-7.52368
23.909;-5.60568;24.5573;156.4;-7.53331
24.1088;-5.61532;24.7541;156.6;-7.54295
24.3085;-5.62495;24.9508;156.8;-7.55258
24.5083;-5.63458;25.1477;157;-7.56221
24.7081;-5.64422;25.3445;157.2;-7.57185
24.9078;-5.65385;25.5415;157.4;-7.58148
25.1076;-5.66348;25.7384;157.6;-7.59111
25.3074;-5.67312;25.9354;157.8;-7.60075
25.5071;-5.68275;26.1325;158;-7.61038
25.7069;-5.69238;26.3296;158.2;-7.62001
25.9067;-5.70202;26.5267;158.4;-7.62965
26.1064;-5.71165;26.7239;158.6;-7.63928
26.3062;-5.72128;26.9212;158.8;-7.64891
26.506;-5.73092;27.1184;159;-7.65855
26.7057;-5.74055;27.3158;159.2;-7.66818
26.9055;-5.75018;27.5131;159.4;-7.67781
27.1053;-5.75982;27.7105;159.6;-7.68745
27.305;-5.76945;27.9079;159.8;-7.69708
27.5048;-5.77908;28.1054;160;-7.70671
27.7046;-5.78872;28.3029;160.2;-7.71635
27.9043;-5.79835;28.5004;160.4;-7.72598
28.1041;-5.80798;28.698;160.6;-7.73561
28.3039;-5.81762;28.8956;160.8;-7.74525
28.5036;-5.82725;29.0932;161;-7.75488
28.7034;-5.83688;29.2909;161.2;-7.76451
28.9032;-5.84652;29.4886;161.4;-7.77415
29.103;-5.85615;29.6863;161.6;-7.78378
29.3027;-5.86578;29.8841;161.8;-7.79342
29.5025;-5.87542;30.0818;162;-7.80305
29.7023;-5.88505;30.2797;162.2;-7.81268
29.902;-5.89468;30.4775;162.4;-7.82232

-29.8982;-5.90432;30.4756;162.6;-7.83195
-29.6984;-5.91395;30.2815;162.8;-7.84158
-29.4987;-5.92358;30.0875;163;-7.85122
-29.2989;-5.93322;29.8936;163.2;-7.86085
-29.0991;-5.94285;29.6998;163.4;-7.87048
-28.8994;-5.95248;29.506;163.6;-7.88012
-28.6996;-5.96212;29.3124;163.8;-7.88975
-28.4998;-5.97175;29.1188;164;-7.89938
-28.3001;-5.98138;28.9253;164.2;-7.90902
-28.1003;-5.99102;28.7318;164.4;-7.91865
-27.9005;-6.00065;28.5385;164.6;-7.92828
-27.7008;-6.01028;28.3453;164.8;-7.93792
-27.501;-6.01992;28.1522;165;-7.94755
-27.3012;-6.02955;27.9591;165.2;-7.95718
-27.1015;-6.03918;27.7662;165.4;-7.96682
-26.9017;-6.04882;27.5733;165.6;-7.97645
-26.7019;-6.05845;27.3806;165.8;-7.98608
-26.5022;-6.06808;27.188;166;-7.99572
-26.3024;-6.07772;26.9954;166.2;-8.00535
-26.1026;-6.08735;26.803;166.4;-8.01498
-25.9029;-6.09698;26.6107;166.6;-8.02462
-25.7031;-6.10662;26.4185;166.8;-8.03425
-25.5033;-6.11625;26.2265;167;-8.04388
-25.3035;-6.12589;26.0345;167.2;-8.05352
-25.1038;-6.13552;25.8427;167.4;-8.06315
-24.904;-6.14515;25.651;167.6;-8.07278
-24.7042;-6.15479;25.4594;167.8;-8.08242
-24.5045;-6.16442;25.268;168;-8.09205
-24.3047;-6.17405;25.0766;168.2;-8.10168
-24.1049;-6.18369;24.8855;168.4;-8.11132
-23.9052;-6.19332;24.6944;168.6;-8.12095
-23.7054;-6.20295;24.5035;168.8;-8.13058
-23.5056;-6.21259;24.3128;169;-8.14022
-23.3059;-6.22222;24.1222;169.2;-8.14985
-23.1061;-6.23185;23.9317;169.4;-8.15948
-22.9063;-6.24149;23.7414;169.6;-8.16912
-22.7066;-6.25112;23.5513;169.8;-8.17875
-22.5068;-6.26075;23.3614;170;-8.18838
-22.307;-6.27039;23.1716;170.2;-8.19802
-22.1073;-6.28002;22.9819;170.4;-8.20765
-21.9075;-6.28965;22.7925;170.6;-8.21728
-21.7077;-6.29929;22.6032;170.8;-8.22692
-21.508;-6.30892;22.4142;171;-8.23655
-21.3082;-6.31855;22.2253;171.2;-8.24618
-21.1084;-6.32819;22.0366;171.4;-8.25582
-20.9087;-6.33782;21.8481;171.6;-8.26545
-20.7089;-6.34745;21.6598;171.8;-8.27508
-20.5091;-6.35709;21.4718;172;-8.28472
-20.3094;-6.36672;21.2839;172.2;-8.29435
-20.1096;-6.37635;21.0963;172.4;-8.30398
-19.9098;-6.38599;20.9089;172.6;-8.31362
-19.71;-6.39562;20.7217;172.8;-8.32325
-19.5103;-6.40525;20.5348;173;-8.33289
-19.3105;-6.41489;20.3481;173.2;-8.34252
-19.1107;-6.42452;20.1617;173.4;-8.35215
-18.911;-6.43415;19.9756;173.6;-8.36179
-18.7112;-6.44379;19.7897;173.8;-8.37142
-18.5114;-6.45342;19.6041;174;-8.38105
-18.3117;-6.46305;19.4188;174.2;-8.39069
-18.1119;-6.47269;19.2337;174.4;-8.40032
-17.9121;-6.48232;19.049;174.6;-8.40995
-17.7124;-6.49195;18.8646;174.8;-8.41959
-17.5126;-6.50159;18.6805;175;-8.42922
-17.3128;-6.51122;18.4968;175.2;-8.43885
-17.1131;-6.52085;18.3133;175.4;-8.44849
-16.9133;-6.53049;18.1303;175.6;-8.45812
-16.7135;-6.54012;17.9476;175.8;-8.46775
-16.5138;-6.54975;17.7652;176;-8.47739
-16.314;-6.55939;17.5833;176.2;-8.48702
-16.1142;-6.56902;17.4017;176.4;-8.49665
-15.9145;-6.57865;17.2206;176.6;-8.50629
-15.7147;-6.58829;17.0399;176.8;-8.51592
-15.5149;-6.59792;16.8596;177;-8.52555
-15.3152;-6.60755;16.6797;177.2;-8.53519
-15.1154;-6.61719;16.5004;177.4;-8.54482
-14.9156;-6.62682;16.3215;177.6;-8.55445
-14.7159;-6.63645;16.1431;177.8;-8.56409
-14.5161;-6.64609;15.9652;178;-8.57372
-14.3163;-6.65572;15.7878;178.2;-8.58335
-14.1165;-6.66536;15.611;178.4;-8.59299
-13.9168;-6.67499;15.4348;178.6;-8.60262
-13.717;-6.68462;15.2591;178.8;-8.61225
-13.5172;-6.69426;15.0841;179;-8.62189
-13.3175;-6.70389;14.9096;179.2;-8.63152
-13.1177;-6.71352;14.7359;179.4;-8.64115
-12.9179;-6.72316;14.5628;179.6;-8.65079
-12.7182;-6.73279;14.3904;179.8;-8.66042
-12.5184;-6.74242;14.2187;180;-8.67005
-12.3186;-6.75206;14.0477;180.2;-8.67969
-12.1189;-6.76169;13.8776;180.4;-8.68932
-11.9191;-6.77132;13.7082;180.6;-8.69895
-11.7193;-6.78096;13.5397;180.8;-8.70859
-11.5196;-6.79059;13.3721;181;-8.71822
-11.3198;-6.80022;13.2053;181.2;-8.72785
-11.12;-6.80986;13.0395;181.4;-8.73749
-10.9203;-6.81949;12.8747;181.6;-8.74712
-10.7205;-6.82912;12.7109;181.8;-8.75675
-10.5207;-6.83876;12.5481;182;-8.76639
-10.321;-6.84839;12.3864;182.2;-8.77602
-10.1212;-6.85802;12.2258;182.4;-8.78565
-9.92142;-6.86766;12.0665;182.6;-8.79529
-9.72165;-6.87729;11.9083;182.8;-8.80492
-9.52189;-6.88692;11.7514;183;-8.81455
-9.32212;-6.89656;11.5959;183.2;-8.82419
-9.12235;-6.90619;11.4417;183.4;-8.83382
-8.92258;-6.91582;11.289;183.6;-8.84345
-8.72281;-6.92546;11.1377;183.8;-8.85309
-8.52305;-6.93509;10.9881;184;-8.86272
-8.32328;-6.94472;10.84;184.2;-8.87236
-8.12351;-6.95436;10.6937;184.4;-8.88199
-7.92374;-6.96399;10.5491;184.6;-8.89162
-7.72397;-6.97362;10.4063;184.8;-8.90126
-7.52421;-6.98326;10.2655;185;-8.91089
-7.32444;-6.99289;10.1266;185.2;-8.92052
-7.12467;-7.00252;9.98981;185.4;-8.93016
-6.9249;-7.01216;9.85518;185.6;-8.93979
-6.72514;-7.02179;9.72281;185.8;-8.94942
-6.52537;-7.03142;9.59278;186;-8.95906
-6.3256;-7.04106;9.46518;186.2;-8.96869
-6.12583;-7.05069;9.34013;186.4;-8.97832
-5.92606;-7.06032;9.21772;186.6;-8.98796
-5.7263;-7.06996;9.09806;186.8;-8.99759
-5.52653;-7.07959;8.98127;187;-9.00722
-5.32676;-7.08922;8.86744;187.2;-9.01686
-5.12699;-7.09886;8.7567;187.4;-9.02649
-4.92722;-7.10849;8.64917;187.6;-9.03612
-4.72746;-7.11812;8.54497;187.8;-9.04576
-4.52769;-7.12776;8.44422;188;-9.05539
-4.32792;-7.13739;8.34705;188.2;-9.06502
-4.12815;-7.14702;8.25358;188.4;-9.07466
-3.92839;-7.15666;8.16394;188.6;-9.08429
-3.72862;-7.16629;8.07826;188.8;-9.09392
-3.52885;-7.17592;7.99667;189;-9.10356
-3.32908;-7.18556;7.91928;189.2;-9.11319
-3.12931;-7.19519;7.84623;189.4;-9.12282
-2.92955;-7.20483;7.77764;189.6;-9.13246
-2.72978;-7.21446;7.71363;189.8;-9.14209
-2.53001;-7.22409;7.65431;190;-9.15172
-2.33024;-7.23373;7.59979;190.2;-9.16136
-2.13047;-7.24336;7.55018;190.4;-9.17099
-1.93071;-7.25299;7.50557;190.6;-9.18062
-1.73094;-7.26263;7.46605;190.8;-9.19026
-1.53117;-7.27226;7.4317;191;-9.19989
-1.3314;-7.28189;7.40261;191.2;-9.20952
-1.13164;-7.29153;7.37882;191.4;-9.21916
-0.931868;-7.30116;7.36039;191.6;-9.22879
-0.7321;-7.31079;7.34736;191.8;-9.23842
-0.532332;-7.32043;7.33976;192;-9.24806
-0.332564;-7.33006;7.3376;192.2;-9.25769
-0.132796;-7.33969;7.34089;192.4;-9.26732
0.0669715;-7.34933;7.34963;192.6;-9.27696
0.266739;-7.35896;7.36379;192.8;-9.28659
0.466507;-7.36859;7.38335;193;-9.29622
0.666275;-7.37823;7.40825;193.2;-9.30586
0.866043;-7.38786;7.43845;193.4;-9.31549
1.06581;-7.39749;7.47388;193.6;-9.32512
1.26558;-7.40713;7.51447;193.8;-9.33476
1.46535;-7.41676;7.56013;194;-9.34439
1.66511;-7.42639;7.61078;194.2;-9.35402
1.86488;-7.43603;7.66631;194.4;-9.36366
2.06465;-7.44566;7.72662;194.6;-9.37329
2.26442;-7.45529;7.7916;194.8;-9.38292
2.46419;-7.46493;7.86113;195;-9.39256
2.66395;-7.47456;7.93509;195.2;-9.40219
2.86372;-7.48419;8.01337;195.4;-9.41183
3.06349;-7.49383;8.09583;195.6;-9.42146
3.26326;-7.50346;8.18234;195.8;-9.43109
3.46303;-7.51309;8.27279;196;-9.44073
3.66279;-7.52273;8.36705;196.2;-9.45036
3.86256;-7.53236;8.46498;196.4;-9.45999
4.06233;-7.54199;8.56646;196.6;-9.46963
4.2621;-7.55163;8.67136;196.8;-9.47926
4.46186;-7.56126;8.77957;197;-9.48889
4.66163;-7.57089;8.89096;197.2;-9.49853
4.8614;-7.58053;9.00542;197.4;-9.50816
5.06117;-7.59016;9.12283;197.6;-9.51779
5.26094;-7.59979;9.24307;197.8;-9.52743
5.4607;-7.60943;9.36604;198;-9.53706
5.66047;-7.61906;9.49163;198.2;-9.54669
5.86024;-7.62869;9.61974;198.4;-9.55633
6.06001;-7.63833;9.75027;198.6;-9.56596
6.25978;-7.64796;9.88312;198.8;-9.57559
6.45954;-7.65759;10.0182;199;-9.58523
6.65931;-7.66723;10.1554;199.2;-9.59486
6.85908;-7.67686;10.2947;199.4;-9.60449
7.05885;-7.68649;10.436;199.6;-9.61413
7.25861;-7.69613;10.5791;199.8;-9.62376
7.45838;-7.70576;10.7241;200;-9.63339
7.65815;-7.71539;10.8708;200.2;-9.64303
7.85792;-7.72503;11.0192;200.4;-9.65266
8.05769;-7.73466;11.1692;200.6;-9.66229
8.25745;-7.7443;11.3208;200.8;-9.67193
8.45722;-7.75393;11.4738;201;-9.68156
8.65699;-7.76356;11.6283;201.2;-9.69119
8.85676;-7.7732;11.7841;201.4;-9.70083
9.05653;-7.78283;11.9412;201.6;-9.71046
9.25629;-7.79246;12.0996;201.8;-9.72009
9.45606;-7.8021;12.2593;202;-9.72973
9.65583;-7.81173;12.4201;202.2;-9.73936
9.8556;-7.82136;12.582;202.4;-9.74899
10.0554;-7.831;12.745;202.6;-9.75863
10.2551;-7.84063;12.909;202.8;-9.76826
10.4549;-7.85026;13.0741;203;-9.77789
10.6547;-7.8599;13.2401;203.2;-9.78753
10.8544;-7.86953;13.407;203.4;-9.79716
11.0542;-7.87916;13.5749;203.6;-9.80679
11.254;-7.8888;13.7435;203.8;-9.81643
11.4537;-7.89843;13.9131;204;-9.82606
11.6535;-7.90806;14.0834;204.2;-9.83569
11.8533;-7.9177;14.2545;204.4;-9.84533
12.053;-7.92733;14.4263;204.6;-9.85496
12.2528;-7.93696;14.5989;204.8;-9.86459
12.4526;-7.9466;14.7721;205;-9.87423
12.6523;-7.95623;14.946;205.2;-9.88386
12.8521;-7.96586;15.1206;205.4;-9.89349
13.0519;-7.9755;15.2958;205.6;-9.90313
13.2517;-7.98513;15.4715;205.8;-9.91276
13.4514;-7.99476;15.6479;206;-9.92239
13.6512;-8.0044;15.8248;206.2;-9.93203
13.851;-8.01403;16.0023;206.4;-9.94166
14.0507;-8.02366;16.1803;206.6;-9.9513
14.2505;-8.0333;16.3588;206.8;-9.96093
14.4503;-8.04293;16.5378;207;-9.97056
14.65;-8.05256;16.7173;207.2;-9.9802
14.8498;-8.0622;16.8972;207.4;-9.98983
15.0496;-8.07183;17.0776;207.6;-9.99946
15.2493;-8.08146;17.2584;207.8;-10.0091
15.4491;-8.0911;17.4396;208;-10.0187
15.6489;-8.10073;17.6213;208.2;-10.0284
15.8486;-8.11036;17.8033;208.4;-10.038
16.0484;-8.12;17.9857;208.6;-10.0476
16.2482;-8.12963;18.1685;208.8;-10.0573
16.4479;-8.13926;18.3516;209;-10.0669
16.6477;-8.1489;18.5351;209.2;-10.0765
16.8475;-8.15853;18.7189;209.4;-10.0862
17.0472;-8.16816;18.9031;209.6;-10.0958
17.247;-8.1778;19.0876;209.8;-10.1054
17.4468;-8.18743;19.2724;210;-10.1151
17.6465;-8.19706;19.4574;210.2;-10.1247
17.8463;-8.2067;19.6428;210.4;-10.1343
18.0461;-8.21633;19.8285;210.6;-10.144
18.2458;-8.22596;20.0144;210.8;-10.1536
18.4456;-8.2356;20.2006;211;-10.1632
18.6454;-8.24523;20.3871;211.2;-10.1729
18.8452;-8.25486;20.5738;211.4;-10.1825
19.0449;-8.2645;20.7608;211.6;-10.1921
19.2447;-8.27413;20.948;211.8;-10.2018
19.4445;-8.28377;21.1355;212;-10.2114
19.6442;-8.2934;21.3231;212.2;-10.221
19.844;-8.30303;21.511;212.4;-10.2307
20.0438;-8.31267;21.6991;212.6;-10.2403
20.2435;-8.3223;21.8875;212.8;-10.2499
20.4433;-8.33193;22.076;213;-10.2596
20.6431;-8.34157;22.2647;213.2;-10.2692
20.8428;-8.3512;22.4536;213.4;-10.2788
21.0426;-8.36083;22.6428;213.6;-10.2885
21.2424;-8.37047;22.8321;213.8;-10.2981
21.4421;-8.3801;23.0215;214;-10.3077
21.6419;-8.38973;23.2112;214.2;-10.3174
21.8417;-8.39937;23.401;214.4;-10.327
22.0414;-8.409;23.591;214.6;-10.3366
22.2412;-8.41863;23.7812;214.8;-10.3463
22.441;-8.42827;23.9715;215;-10.3559
22.6407;-8.4379;24.162;215.2;-10.3655
22.8405;-8.44753;24.3526;215.4;-10.3752
23.0403;-8.45717;24.5434;215.6;-10.3848
23.24;-8.4668;24.7343;215.8;-10.3944
23.4398;-8.47643;24.9254;216;-10.4041
23.6396;-8.48607;25.1166;216.2;-10.4137
23.8393;-8.4957;25.3079;216.4;-10.4233
24.0391;-8.50533;25.4994;216.6;-10.433
24.2389;-8.51497;25.691;216.8;-10.4426
24.4387;-8.5246;25.8827;217;-10.4522
24.6384;-8.53423;26.0746;217.2;-10.4619
24.8382;-8.54387;26.2666;217.4;-10.4715
25.038;-8.5535;26.4587;217.6;-10.4811
25.2377;-8.56313;26.6509;217.8;-10.4908
25.4375;-8.57277;26.8432;218;-10.5004
25.6373;-8.5824;27.0357;218.2;-10.51
25.837;-8.59203;27.2282;218.4;-10.5197
26.0368;-8.60167;27.4209;218.6;-10.5293
26.2366;-8.6113;27.6136;218.8;-10.5389
26.4363;-8.62093;27.8065;219;-10.5486
26.6361;-8.63057;27.9994;219.2;-10.5582
26.8359;-8.6402;28.1925;219.4;-10.5678
27.0356;-8.64983;28.3856;219.6;-10.5775
27.2354;-8.65947;28.5789;219.8;-10.5871
27.4352;-8.6691;28.7722;220;-10.5967
27.6349;-8.67873;28.9657;220.2;-10.6064
27.8347;-8.68837;29.1592;220.4;-10.616
28.0345;-8.698;29.3528;220.6;-10.6256
28.2342;-8.70763;29.5465;220.8;-10.6353
28.434;-8.71727;29.7403;221;-10.6449
28.6338;-8.7269;29.9341;221.2;-10.6545
28.8335;-8.73653;30.1281;221.4;-10.6642
29.0333;-8.74617;30.3221;221.6;-10.6738
29.2331;-8.7558;30.5162;221.8;-10.6834
29.4328;-8.76543;30.7103;222;-10.6931
29.6326;-8.77507;30.9046;222.2;-10.7027
29.8324;-8.7847;31.0989;222.4;-10.7123

-29.9678;-8.79433;31.2316;222.6;-10.722
-29.7681;-8.80397;31.0427;222.8;-10.7316
-29.5683;-8.8136;30.8539;223;-10.7412
-29.3685;-8.82324;30.6653;223.2;-10.7509
-29.1688;-8.83287;30.4768;223.4;-10.7605
-28.969;-8.8425;30.2885;223.6;-10.7701
-28.7692;-8.85214;30.1003;223.8;-10.7798
-28.5695;-8.86177;29.9123;224;-10.7894
-28.3697;-8.8714;29.7244;224.2;-10.799
-28.1699;-8.88104;29.5367;224.4;-10.8087
-27.9702;-8.89067;29.3492;224.6;-10.8183
-27.7704;-8.9003;29.1618;224.8;-10.8279
-27.5706;-8.90994;28.9746;225;-10.8376
-27.3709;-8.91957;28.7876;225.2;-10.8472
-27.1711;-8.9292;28.6007;225.4;-10.8568
-26.9713;-8.93884;28.414;225.6;-10.8665
-26.7716;-8.94847;28.2275;225.8;-10.8761
-26.5718;-8.9581;28.0412;226;-10.8857
-26.372;-8.96774;27.8551;226.2;-10.8954
-26.1723;-8.97737;27.6691;226.4;-10.905
-25.9725;-8.987;27.4834;226.6;-10.9146
-25.7727;-8.99664;27.2979;226.8;-10.9243
-25.573;-9.00627;27.1125;227;-10.9339
-25.3732;-9.0159;26.9274;227.2;-10.9435
-25.1734;-9.02554;26.7425;227.4;-10.9532
-24.9737;-9.03517;26.5578;227.6;-10.9628
-24.7739;-9.0448;26.3734;227.8;-10.9724
-24.5741;-9.05444;26.1891;228;-10.9821
-24.3743;-9.06407;26.0051;228.2;-10.9917
-24.1746;-9.0737;25.8214;228.4;-11.0013
-23.9748;-9.08334;25.6378;228.6;-11.011
-23.775;-9.09297;25.4546;228.8;-11.0206
-23.5753;-9.1026;25.2715;229;-11.0302
-23.3755;-9.11224;25.0888;229.2;-11.0399
-23.1757;-9.12187;24.9063;229.4;-11.0495
-22.976;-9.1315;24.7241;229.6;-11.0591
-22.7762;-9.14114;24.5421;229.8;-11.0688
-22.5764;-9.15077;24.3605;230;-11.0784
-22.3767;-9.1604;24.1791;230.2;-11.088
-22.1769;-9.17004;23.998;230.4;-11.0977
-21.9771;-9.17967;23.8172;230.6;-11.1073
-21.7774;-9.1893;23.6368;230.8;-11.1169
-21.5776;-9.19894;23.4566;231;-11.1266
-21.3778;-9.20857;23.2768;231.2;-11.1362
-21.1781;-9.2182;23.0973;231.4;-11.1458
-20.9783;-9.22784;22.9182;231.6;-11.1555
-20.7785;-9.23747;22.7394;231.8;-11.1651
-20.5788;-9.2471;22.5609;232;-11.1747
-20.379;-9.25674;22.3828;232.2;-11.1844
-20.1792;-9.26637;22.2051;232.4;-11.194
-19.9795;-9.276;22.0278;232.6;-11.2036
-19.7797;-9.28564;21.8508;232.8;-11.2133
-19.5799;-9.29527;21.6743;233;-11.2229
-19.3802;-9.3049;21.4982;233.2;-11.2325
-19.1804;-9.31454;21.3225;233.4;-11.2422
-18.9806;-9.32417;21.1472;233.6;-11.2518
-18.7808;-9.3338;20.9724;233.8;-11.2614
-18.5811;-9.34344;20.798;234;-11.2711
-18.3813;-9.35307;20.6241;234.2;-11.2807
-18.1815;-9.36271;20.4506;234.4;-11.2903
-17.9818;-9.37234;20.2777;234.6;-11.3
-17.782;-9.38197;20.1053;234.8;-11.3096
-17.5822;-9.39161;19.9333;235;-11.3192
-17.3825;-9.40124;19.7619;235.2;-11.3289
-17.1827;-9.41087;19.5911;235.4;-11.3385
-16.9829;-9.42051;19.4208;235.6;-11.3481
-16.7832;-9.43014;19.251;235.8;-11.3578
-16.5834;-9.43977;19.0819;236;-11.3674
-16.3836;-9.44941;18.9133;236.2;-11.377
-16.1839;-9.45904;18.7454;236.4;-11.3867
-15.9841;-9.46867;18.5781;236.6;-11.3963
-15.7843;-9.47831;18.4115;236.8;-11.4059
-15.5846;-9.48794;18.2455;237;-11.4156
-15.3848;-9.49757;18.0803;237.2;-11.4252
-15.185;-9.50721;17.9157;237.4;-11.4348
-14.9853;-9.51684;17.7519;237.6;-11.4445
-14.7855;-9.52647;17.5888;237.8;-11.4541
-14.5857;-9.53611;17.4264;238;-11.4637
-14.386;-9.54574;17.2649;238.2;-11.4734
-14.1862;-9.55537;17.1042;238.4;-11.483
-13.9864;-9.56501;16.9443;238.6;-11.4926
-13.7867;-9.57464;16.7853;238.8;-11.5023
-13.5869;-9.58427;16.6271;239;-11.5119
-13.3871;-9.59391;16.4699;239.2;-11.5215
-13.1873;-9.60354;16.3136;239.4;-11.5312
-12.9876;-9.61317;16.1583;239.6;-11.5408
-12.7878;-9.62281;16.004;239.8;-11.5504
-12.588;-9.63244;15.8506;240;-11.5601
-12.3883;-9.64207;15.6984;240.2;-11.5697
-12.1885;-9.65171;15.5472;240.4;-11.5793
-11.9887;-9.66134;15.3971;240.6;-11.589
-11.789;-9.67097;15.2482;240.8;-11.5986
-11.5892;-9.68061;15.1005;241;-11.6082
-11.3894;-9.69024;14.9539;241.2;-11.6179
-11.1897;-9.69987;14.8087;241.4;-11.6275
-10.9899;-9.70951;14.6647;241.6;-11.6371
-10.7901;-9.71914;14.522;241.8;-11.6468
-10.5904;-9.72877;14.3807;242;-11.6564
-10.3906;-9.73841;14.2408;242.2;-11.666
-10.1908;-9.74804;14.1024;242.4;-11.6757
-9.99106;-9.75767;13.9654;242.6;-11.6853
-9.7913;-9.76731;13.83;242.8;-11.6949
-9.59153;-9.77694;13.6962;243;-11.7046
-9.39176;-9.78657;13.564;243.2;-11.7142
-9.19199;-9.79621;13.4335;243.4;-11.7238
-8.99222;-9.80584;13.3047;243.6;-11.7335
-8.79246;-9.81547;13.1777;243.8;-11.7431
-8.59269;-9.82511;13.0525;244;-11.7527
-8.39292;-9.83474;12.9292;244.2;-11.7624
-8.19315;-9.84437;12.8078;244.4;-11.772
-7.99338;-9.85401;12.6884;244.6;-11.7816
-7.79362;-9.86364;12.5711;244.8;-11.7913
-7.59385;-9.87327;12.4558;245;-11.8009
-7.39408;-9.88291;12.3428;245.2;-11.8105
-7.19431;-9.89254;12.2319;245.4;-11.8202
-6.99455;-9.90218;12.1234;245.6;-11.8298
-6.79478;-9.91181;12.0172;245.8;-11.8394
-6.59501;-9.92144;11.9134;246;-11.8491
-6.39524;-9.93108;11.8121;246.2;-11.8587
-6.19547;-9.94071;11.7133;246.4;-11.8683
-5.99571;-9.95034;11.6171;246.6;-11.878
-5.79594;-9.95998;11.5236;246.8;-11.8876
-5.59617;-9.96961;11.4329;247;-11.8972
-5.3964;-9.97924;11.3449;247.2;-11.9069
-5.19663;-9.98888;11.2598;247.4;-11.9165
-4.99687;-9.99851;11.1776;247.6;-11.9261
-4.7971;-10.0081;11.0984;247.8;-11.9358
-4.59733;-10.0178;11.0223;248;-11.9454
-4.39756;-10.0274;10.9493;248.2;-11.955
-4.1978;-10.037;10.8795;248.4;-11.9647
-3.99803;-10.0467;10.813;248.6;-11.9743
-3.79826;-10.0563;10.7497;248.8;-11.9839
-3.59849;-10.0659;10.6898;249;-11.9936
-3.39872;-10.0756;10.6334;249.2;-12.0032
-3.19896;-10.0852;10.5804;249.4;-12.0128
-2.99919;-10.0948;10.531;249.6;-12.0225
-2.79942;-10.1045;10.4851;249.8;-12.0321
-2.59965;-10.1141;10.4429;250;-12.0417
-2.39988;-10.1237;10.4043;250.2;-12.0514
-2.20012;-10.1334;10.3695;250.4;-12.061
-2.00035;-10.143;10.3384;250.6;-12.0706
-1.80058;-10.1526;10.3111;250.8;-12.0803
-1.60081;-10.1623;10.2876;251;-12.0899
-1.40105;-10.1719;10.2679;251.2;-12.0995
-1.20128;-10.1815;10.2522;251.4;-12.1092
-1.00151;-10.1912;10.2403;251.6;-12.1188
-0.801742;-10.2008;10.2323;251.8;-12.1284
-0.601974;-10.2104;10.2282;252;-12.1381
-0.402206;-10.2201;10.228;252.2;-12.1477
-0.202438;-10.2297;10.2317;252.4;-12.1573
-0.00267057;-10.2393;10.2393;252.6;-12.167
0.197097;-10.249;10.2509;252.8;-12.1766
0.396865;-10.2586;10.2663;253;-12.1862
0.596633;-10.2682;10.2856;253.2;-12.1959
0.796401;-10.2779;10.3087;253.4;-12.2055
0.996169;-10.2875;10.3356;253.6;-12.2151
1.19594;-10.2971;10.3664;253.8;-12.2248
1.3957;-10.3068;10.4008;254;-12.2344
1.59547;-10.3164;10.4391;254.2;-12.244
1.79524;-10.326;10.4809;254.4;-12.2537
1.99501;-10.3357;10.5265;254.6;-12.2633
2.19478;-10.3453;10.5756;254.8;-12.2729
2.39454;-10.3549;10.6282;255;-12.2826
2.59431;-10.3646;10.6843;255.2;-12.2922
2.79408;-10.3742;10.7439;255.4;-12.3018
2.99385;-10.3838;10.8068;255.6;-12.3115
3.19362;-10.3935;10.8731;255.8;-12.3211
3.39338;-10.4031;10.9426;256;-12.3307
3.59315;-10.4127;11.0153;256.2;-12.3404
3.79292;-10.4224;11.0911;256.4;-12.35
3.99269;-10.432;11.17;256.6;-12.3596
4.19245;-10.4416;11.2519;256.8;-12.3693
4.39222;-10.4513;11.3367;257;-12.3789
4.59199;-10.4609;11.4244;257.2;-12.3885
4.79176;-10.4705;11.5149;257.4;-12.3982
4.99153;-10.4802;11.6082;257.6;-12.4078
5.19129;-10.4898;11.7041;257.8;-12.4174
5.39106;-10.4994;11.8026;258;-12.4271
5.59083;-10.5091;11.9037;258.2;-12.4367
5.7906;-10.5187;12.0073;258.4;-12.4463
5.99037;-10.5283;12.1132;258.6;-12.456
6.19013;-10.538;12.2216;258.8;-12.4656
6.3899;-10.5476;12.3322;259;-12.4752
6.58967;-10.5572;12.445;259.2;-12.4849
6.78944;-10.5669;12.5601;259.4;-12.4945
6.9892;-10.5765;12.6772;259.6;-12.5041
7.18897;-10.5861;12.7964;259.8;-12.5138
7.38874;-10.5958;12.9176;260;-12.5234
7.58851;-10.6054;13.0407;260.2;-12.533
7.78828;-10.615;13.1657;260.4;-12.5427
7.98804;-10.6247;13.2926;260.6;-12.5523
8.18781;-10.6343;13.4212;260.8;-12.5619
8.38758;-10.6439;13.5516;261;-12.5716
8.58735;-10.6536;13.6836;261.2;-12.5812
8.78712;-10.6632;13.8173;261.4;-12.5908
8.98688;-10.6728;13.9526;261.6;-12.6005
9.18665;-10.6825;14.0894;261.8;-12.6101
9.38642;-10.6921;14.2277;262;-12.6197
9.58619;-10.7017;14.3674;262.2;-12.6294
9.78595;-10.7114;14.5086;262.4;-12.639
9.98572;-10.721;14.6511;262.6;-12.6486
10.1855;-10.7306;14.795;262.8;-12.6583
10.3853;-10.7403;14.9401;263;-12.6679
10.585;-10.7499;15.0865;263.2;-12.6775
10.7848;-10.7595;15.2342;263.4;-12.6872
10.9846;-10.7692;15.383;263.6;-12.6968
11.1843;-10.7788;15.5329;263.8;-12.7064
11.3841;-10.7884;15.684;264;-12.7161
11.5839;-10.7981;15.8362;264.2;-12.7257
11.7836;-10.8077;15.9894;264.4;-12.7353
11.9834;-10.8173;16.1436;264.6;-12.745
12.1832;-10.827;16.2989;264.8;-12.7546
12.3829;-10.8366;16.4551;265;-12.7642
12.5827;-10.8462;16.6122;265.2;-12.7739
12.7825;-10.8559;16.7703;265.4;-12.7835
12.9822;-10.8655;16.9292;265.6;-12.7931
13.182;-10.8751;17.089;265.8;-12.8028
13.3818;-10.8848;17.2496;266;-12.8124
13.5815;-10.8944;17.4111;266.2;-12.822
13.7813;-10.904;17.5734;266.4;-12.8317
13.9811;-10.9137;17.7364;266.6;-12.8413
14.1808;-10.9233;17.9001;266.8;-12.8509
14.3806;-10.9329;18.0646;267;-12.8606
14.5804;-10.9426;18.2299;267.2;-12.8702
14.7802;-10.9522;18.3958;267.4;-12.8798
14.9799;-10.9618;18.5623;267.6;-12.8895
15.1797;-10.9715;18.7296;267.8;-12.8991
15.3795;-10.9811;18.8974;268;-12.9087
15.5792;-10.9907;19.0659;268.2;-12.9184
15.779;-11.0004;19.235;268.4;-12.928
15.9788;-11.01;19.4047;268.6;-12.9376
16.1785;-11.0196;19.5749;268.8;-12.9473
16.3783;-11.0293;19.7457;269;-12.9569
16.5781;-11.0389;19.9171;269.2;-12.9665
16.7778;-11.0485;20.089;269.4;-12.9762
16.9776;-11.0582;20.2613;269.6;-12.9858
17.1774;-11.0678;20.4342;269.8;-12.9954
17.3771;-11.0774;20.6076;270;-13.0051
17.5769;-11.0871;20.7815;270.2;-13.0147
17.7767;-11.0967;20.9558;270.4;-13.0243
17.9764;-11.1063;21.1306;270.6;-13.034
18.1762;-11.116;21.3059;270.8;-13.0436
18.376;-11.1256;21.4815;271;-13.0532
18.5757;-11.1352;21.6576;271.2;-13.0629
18.7755;-11.1449;21.8341;271.4;-13.0725
18.9753;-11.1545;22.011;271.6;-13.0821
19.175;-11.1641;22.1883;271.8;-13.0918
19.3748;-11.1738;22.366;272;-13.1014
19.5746;-11.1834;22.544;272.2;-13.111
19.7743;-11.193;22.7224;272.4;-13.1207
19.9741;-11.2027;22.9012;272.6;-13.1303
20.1739;-11.2123;23.0803;272.8;-13.1399
20.3737;-11.2219;23.2598;273;-13.1496
20.5734;-11.2316;23.4396;273.2;-13.1592
20.7732;-11.2412;23.6197;273.4;-13.1688
20.973;-11.2509;23.8001;273.6;-13.1785
21.1727;-11.2605;23.9809;273.8;-13.1881
21.3725;-11.2701;24.1619;274;-13.1977
21.5723;-11.2798;24.3433;274.2;-13.2074
21.772;-11.2894;24.5249;274.4;-13.217
21.9718;-11.299;24.7068;274.6;-13.2266
22.1716;-11.3087;24.889;274.8;-13.2363
22.3713;-11.3183;25.0715;275;-13.2459
22.5711;-11.3279;25.2542;275.2;-13.2555
22.7709;-11.3376;25.4372;275.4;-13.2652
22.9706;-11.3472;25.6205;275.6;-13.2748
23.1704;-11.3568;25.804;275.8;-13.2844
23.3702;-11.3665;25.9877;276;-13.2941
23.5699;-11.3761;26.1717;276.2;-13.3037
23.7697;-11.3857;26.3559;276.4;-13.3133
23.9695;-11.3954;26.5403;276.6;-13.323
24.1692;-11.405;26.725;276.8;-13.3326
24.369;-11.4146;26.9099;277;-13.3422
24.5688;-11.4243;27.095;277.2;-13.3519
24.7685;-11.4339;27.2803;277.4;-13.3615
24.9683;-11.4435;27.4658;277.6;-13.3711
25.1681;-11.4532;27.6515;277.8;-13.3808
25.3678;-11.4628;27.8374;278;-13.3904
25.5676;-11.4724;28.0235;278.2;-13.4
25.7674;-11.4821;28.2098;278.4;-13.4097
25.9672;-11.4917;28.3963;278.6;-13.4193
26.1669;-11.5013;28.583;278.8;-13.429
26.3667;-11.511;28.7698;279;-13.4386
26.5665;-11.5206;28.9569;279.2;-13.4482
26.7662;-11.5302;29.1441;279.4;-13.4579
26.966;-11.5399;29.3314;279.6;-13.4675
27.1658;-11.5495;29.519;279.8;-13.4771
27.3655;-11.5591;29.7067;280;-13.4868
27.5653;-11.5688;29.8945;280.2;-13.4964
27.7651;-11.5784;30.0825;280.4;-13.506
27.9648;-11.588;30.2707;280.6;-13.5157
28.1646;-11.5977;30.459;280.8;-13.5253
28.3644;-11.6073;30.6475;281;-13.5349
28.5641;-11.6169;30.8361;281.2;-13.5446
28.7639;-11.6266;31.0248;281.4;-13.5542
28.9637;-11.6362;31.2137;281.6;-13.5638
29.1634;-11.6458;31.4027;281.8;-13.5735
29.3632;-11.6555;31.5919;282;-13.5831
29.563;-11.6651;31.7812;282.2;-13.5927
29.7627;-11.6747;31.9706;282.4;-13.6024
29.9625;-11.6844;32.1602;282.6;-13.612

-29.8377;-11.694;32.0475;282.8;-13.6216
-29.638;-11.7036;31.8651;283;-13.6313
-29.4382;-11.7133;31.6829;283.2;-13.6409
-29.2384;-11.7229;31.501;283.4;-13.6505
-29.0387;-11.7325;31.3192;283.6;-13.6602
-28.8389;-11.7422;31.1377;283.8;-13.6698
-28.6391;-11.7518;30.9565;284;-13.6794
-28.4393;-11.7614;30.7754;284.2;-13.6891
-28.2396;-11.7711;30.5946;284.4;-13.6987
-28.0398;-11.7807;30.4141;284.6;-13.7083
-27.84;-11.7903;30.2338;284.8;-13.718
-27.6403;-11.8;30.0537;285;-13.7276
-27.4405;-11.8096;29.8739;285.2;-13.7372
-27.2407;-11.8192;29.6943;285.4;-13.7469
-27.041;-11.8289;29.515;285.6;-13.7565
-26.8412;-11.8385;29.336;285.8;-13.7661
-26.6414;-11.8481;29.1572;286;-13.7758
-26.4417;-11.8578;28.9788;286.2;-13.7854
-26.2419;-11.8674;28.8006;286.4;-13.795
-26.0421;-11.877;28.6227;286.6;-13.8047
-25.8424;-11.8867;28.445;286.8;-13.8143
-25.6426;-11.8963;28.2677;287;-13.8239
-25.4428;-11.9059;28.0907;287.2;-13.8336
-25.2431;-11.9156;27.914;287.4;-13.8432
-25.0433;-11.9252;27.7376;287.6;-13.8528
-24.8435;-11.9348;27.5616;287.8;-13.8625
-24.6438;-11.9445;27.3859;288;-13.8721
-24.444;-11.9541;27.2105;288.2;-13.8817
-24.2442;-11.9637;27.0354;288.4;-13.8914
-24.0445;-11.9734;26.8607;288.6;-13.901
-23.8447;-11.983;26.6863;288.8;-13.9106
-23.6449;-11.9926;26.5124;289;-13.9203
-23.4452;-12.0023;26.3387;289.2;-13.9299
-23.2454;-12.0119;26.1655;289.4;-13.9395
-23.0456;-12.0215;25.9926;289.6;-13.9492
-22.8458;-12.0312;25.8202;289.8;-13.9588
-22.6461;-12.0408;25.6481;290;-13.9684
-22.4463;-12.0504;25.4765;290.2;-13.9781
-22.2465;-12.0601;25.3052;290.4;-13.9877
-22.0468;-12.0697;25.1344;290.6;-13.9973
-21.847;-12.0793;24.964;290.8;-14.007
-21.6472;-12.089;24.7941;291;-14.0166
-21.4475;-12.0986;24.6246;291.2;-14.0262
-21.2477;-12.1082;24.4556;291.4;-14.0359
-21.0479;-12.1179;24.287;291.6;-14.0455
-20.8482;-12.1275;24.1189;291.8;-14.0551
-20.6484;-12.1371;23.9513;292;-14.0648
-20.4486;-12.1468;23.7842;292.2;-14.0744
-20.2489;-12.1564;23.6177;292.4;-14.084
-20.0491;-12.166;23.4516;292.6;-14.0937
-19.8493;-12.1757;23.2861;292.8;-14.1033
-19.6496;-12.1853;23.1211;293;-14.1129
-19.4498;-12.1949;22.9567;293.2;-14.1226
-19.25;-12.2046;22.7929;293.4;-14.1322
-19.0503;-12.2142;22.6296;293.6;-14.1418
-18.8505;-12.2238;22.4669;293.8;-14.1515
-18.6507;-12.2335;22.3049;294;-14.1611
-18.451;-12.2431;22.1434;294.2;-14.1707
-18.2512;-12.2527;21.9826;294.4;-14.1804
-18.0514;-12.2624;21.8224;294.6;-14.19
-17.8517;-12.272;21.6629;294.8;-14.1996
-17.6519;-12.2816;21.5041;295;-14.2093
-17.4521;-12.2913;21.346;295.2;-14.2189
-17.2523;-12.3009;21.1886;295.4;-14.2285
-17.0526;-12.3105;21.0319;295.6;-14.2382
-16.8528;-12.3202;20.8759;295.8;-14.2478
-16.653;-12.3298;20.7207;296;-14.2574
-16.4533;-12.3394;20.5663;296.2;-14.2671
-16.2535;-12.3491;20.4126;296.4;-14.2767
-16.0537;-12.3587;20.2598;296.6;-14.2863
-15.854;-12.3683;20.1078;296.8;-14.296
-15.6542;-12.378;19.9567;297;-14.3056
-15.4544;-12.3876;19.8064;297.2;-14.3152
-15.2547;-12.3972;19.657;297.4;-14.3249
-15.0549;-12.4069;19.5085;297.6;-14.3345
-14.8551;-12.4165;19.3609;297.8;-14.3441
-14.6554;-12.4261;19.2143;298;-14.3538
-14.4556;-12.4358;19.0686;298.2;-14.3634
-14.2558;-12.4454;18.924;298.4;-14.373
-14.0561;-12.455;18.7803;298.6;-14.3827
-13.8563;-12.4647;18.6377;298.8;-14.3923
-13.6565;-12.4743;18.4962;299;-14.4019
-13.4568;-12.4839;18.3557;299.2;-14.4116
-13.257;-12.4936;18.2164;299.4;-14.4212
-13.0572;-12.5032;18.0782;299.6;-14.4308
-12.8575;-12.5128;17.9412;299.8;-14.4405
-12.6577;-12.5225;17.8053;300;-14.4501
-12.4579;-12.5321;17.6707;300.2;-14.4597
-12.2582;-12.5417;17.5373;300.4;-14.4694
-12.0584;-12.5514;17.4052;300.6;-14.479
-11.8586;-12.561;17.2744;300.8;-14.4886
-11.6588;-12.5706;17.145;301;-14.4983
-11.4591;-12.5803;17.0169;301.2;-14.5079
-11.2593;-12.5899;16.8902;301.4;-14.5175
-11.0595;-12.5995;16.7649;301.6;-14.5272
-10.8598;-12.6092;16.6411;301.8;-14.5368
-10.66;-12.6188;16.5188;302;-14.5464
-10.4602;-12.6284;16.398;302.2;-14.5561
-10.2605;-12.6381;16.2788;302.4;-14.5657
-10.0607;-12.6477;16.1611;302.6;-14.5753
-9.86094;-12.6573;16.0451;302.8;-14.585
-9.66117;-12.667;15.9308;303;-14.5946
-9.4614;-12.6766;15.8182;303.2;-14.6042
-9.26163;-12.6862;15.7073;303.4;-14.6139
-9.06187;-12.6959;15.5981;303.6;-14.6235
-8.8621;-12.7055;15.4908;303.8;-14.6331
-8.66233;-12.7151;15.3854;304;-14.6428
-8.46256;-12.7248;15.2818;304.2;-14.6524
-8.26279;-12.7344;15.1802;304.4;-14.662
-8.06303;-12.744;15.0805;304.6;-14.6717
-7.86326;-12.7537;14.9829;304.8;-14.6813
-7.66349;-12.7633;14.8873;305;-14.6909
-7.46372;-12.7729;14.7937;305.2;-14.7006
-7.26396;-12.7826;14.7023;305.4;-14.7102
-7.06419;-12.7922;14.6131;305.6;-14.7198
-6.86442;-12.8018;14.5261;305.8;-14.7295
-6.66465;-12.8115;14.4413;306;-14.7391
-6.46488;-12.8211;14.3588;306.2;-14.7487
-6.26512;-12.8307;14.2786;306.4;-14.7584
-6.06535;-12.8404;14.2008;306.6;-14.768
-5.86558;-12.85;14.1254;306.8;-14.7776
-5.66581;-12.8596;14.0525;307;-14.7873
-5.46604;-12.8693;13.982;307.2;-14.7969
-5.26628;-12.8789;13.914;307.4;-14.8065
-5.06651;-12.8885;13.8486;307.6;-14.8162
-4.86674;-12.8982;13.7858;307.8;-14.8258
-4.66697;-12.9078;13.7256;308;-14.8354
-4.46721;-12.9174;13.6681;308.2;-14.8451
-4.26744;-12.9271;13.6132;308.4;-14.8547
-4.06767;-12.9367;13.5611;308.6;-14.8643
-3.8679;-12.9463;13.5118;308.8;-14.874
-3.66813;-12.956;13.4652;309;-14.8836
-3.46837;-12.9656;13.4215;309.2;-14.8932
-3.2686;-12.9752;13.3806;309.4;-14.9029
-3.06883;-12.9849;13.3426;309.6;-14.9125
-2.86906;-12.9945;13.3075;309.8;-14.9221
-2.66929;-13.0041;13.2753;310;-14.9318
-2.46953;-13.0138;13.246;310.2;-14.9414
-2.26976;-13.0234;13.2197;310.4;-14.951
-2.06999;-13.033;13.1964;310.6;-14.9607
-1.87022;-13.0427;13.1761;310.8;-14.9703
-1.67046;-13.0523;13.1588;311;-14.9799
-1.47069;-13.0619;13.1445;311.2;-14.9896
-1.27092;-13.0716;13.1332;311.4;-14.9992
-1.07115;-13.0812;13.125;311.6;-15.0088
-0.871384;-13.0908;13.1198;311.8;-15.0185
-0.671616;-13.1005;13.1177;312;-15.0281
-0.471848;-13.1101;13.1186;312.2;-15.0377
-0.272081;-13.1197;13.1225;312.4;-15.0474
-0.0723127;-13.1294;13.1296;312.6;-15.057
0.127455;-13.139;13.1396;312.8;-15.0666
0.327223;-13.1486;13.1527;313;-15.0763
0.526991;-13.1583;13.1688;313.2;-15.0859
0.726759;-13.1679;13.1879;313.4;-15.0955
0.926527;-13.1775;13.2101;313.6;-15.1052
1.12629;-13.1872;13.2352;313.8;-15.1148
1.32606;-13.1968;13.2633;314;-15.1244
1.52583;-13.2064;13.2943;314.2;-15.1341
1.7256;-13.2161;13.3282;314.4;-15.1437
1.92537;-13.2257;13.3651;314.6;-15.1533
2.12513;-13.2353;13.4049;314.8;-15.163
2.3249;-13.245;13.4475;315;-15.1726
2.52467;-13.2546;13.4929;315.2;-15.1822
2.72444;-13.2642;13.5411;315.4;-15.1919
2.92421;-13.2739;13.5921;315.6;-15.2015
3.12397;-13.2835;13.6459;315.8;-15.2111
3.32374;-13.2931;13.7024;316;-15.2208
3.52351;-13.3028;13.7615;316.2;-15.2304
3.72328;-13.3124;13.8233;316.4;-15.24
3.92304;-13.322;13.8876;316.6;-15.2497
4.12281;-13.3317;13.9546;316.8;-15.2593
4.32258;-13.3413;14.0241;317;-15.2689
4.52235;-13.3509;14.0961;317.2;-15.2786
4.72212;-13.3606;14.1705;317.4;-15.2882
4.92188;-13.3702;14.2474;317.6;-15.2978
5.12165;-13.3798;14.3266;317.8;-15.3075
5.32142;-13.3895;14.4082;318;-15.3171
5.52119;-13.3991;14.492;318.2;-15.3267
5.72096;-13.4087;14.5782;318.4;-15.3364
5.92072;-13.4184;14.6665;318.6;-15.346
6.12049;-13.428;14.7571;318.8;-15.3556
6.32026;-13.4376;14.8498;319;-15.3653
6.52003;-13.4473;14.9446;319.2;-15.3749
6.71979;-13.4569;15.0414;319.4;-15.3845
6.91956;-13.4665;15.1403;319.6;-15.3942
7.11933;-13.4762;15.2411;319.8;-15.4038
7.3191;-13.4858;15.3439;320;-15.4134
7.51887;-13.4954;15.4486;320.2;-15.4231
7.71863;-13.5051;15.5552;320.4;-15.4327
7.9184;-13.5147;15.6636;320.6;-15.4423
8.11817;-13.5243;15.7738;320.8;-15.452
8.31794;-13.534;15.8857;321;-15.4616
8.51771;-13.5436;15.9994;321.2;-15.4712
8.71747;-13.5532;16.1147;321.4;-15.4809
8.91724;-13.5629;16.2317;321.6;-15.4905
9.11701;-13.5725;16.3503;321.8;-15.5001
9.31678;-13.5821;16.4705;322;-15.5098
9.51654;-13.5918;16.5922;322.2;-15.5194
9.71631;-13.6014;16.7154;322.4;-15.529
9.91608;-13.611;16.8401;322.6;-15.5387
10.1158;-13.6207;16.9662;322.8;-15.5483
10.3156;-13.6303;17.0938;323;-15.5579
10.5154;-13.6399;17.2227;323.2;-15.5676
10.7152;-13.6496;17.353;323.4;-15.5772
10.9149;-13.6592;17.4845;323.6;-15.5868
11.1147;-13.6688;17.6174;323.8;-15.5965
11.3145;-13.6785;17.7515;324;-15.6061
11.5142;-13.6881;17.8869;324.2;-15.6157
11.714;-13.6977;18.0235;324.4;-15.6254
11.9138;-13.7074;18.1612;324.6;-15.635
12.1135;-13.717;18.3001;324.8;-15.6446
12.3133;-13.7266;18.4401;325;-15.6543
12.5131;-13.7363;18.5812;325.2;-15.6639
12.7128;-13.7459;18.7234;325.4;-15.6735
12.9126;-13.7555;18.8666;325.6;-15.6832
13.1124;-13.7652;19.0109;325.8;-15.6928
13.3121;-13.7748;19.1561;326;-15.7024
13.5119;-13.7844;19.3024;326.2;-15.7121
13.7117;-13.7941;19.4496;326.4;-15.7217
13.9114;-13.8037;19.5977;326.6;-15.7313
14.1112;-13.8133;19.7468;326.8;-15.741
14.311;-13.823;19.8967;327;-15.7506
14.5107;-13.8326;20.0475;327.2;-15.7602
14.7105;-13.8422;20.1992;327.4;-15.7699
14.9103;-13.8519;20.3517;327.6;-15.7795
15.11;-13.8615;20.505;327.8;-15.7891
15.3098;-13.8711;20.6591;328;-15.7988
15.5096;-13.8808;20.814;328.2;-15.8084
15.7093;-13.8904;20.9697;328.4;-15.818
15.9091;-13.9;21.1261;328.6;-15.8277
16.1089;-13.9097;21.2832;328.8;-15.8373
16.3087;-13.9193;21.4411;329;-15.8469
16.5084;-13.9289;21.5996;329.2;-15.8566
16.7082;-13.9386;21.7588;329.4;-15.8662
16.908;-13.9482;21.9187;329.6;-15.8758
17.1077;-13.9578;22.0793;329.8;-15.8855
17.3075;-13.9675;22.2405;330;-15.8951
17.5073;-13.9771;22.4023;330.2;-15.9047
17.707;-13.9867;22.5647;330.4;-15.9144
17.9068;-13.9964;22.7278;330.6;-15.924
18.1066;-14.006;22.8914;330.8;-15.9336
18.3063;-14.0156;23.0556;331;-15.9433
18.5061;-14.0253;23.2203;331.2;-15.9529
18.7059;-14.0349;23.3856;331.4;-15.9625
18.9056;-14.0445;23.5515;331.6;-15.9722
19.1054;-14.0542;23.7178;331.8;-15.9818
19.3052;-14.0638;23.8847;332;-15.9914
19.5049;-14.0734;24.0521;332.2;-16.0011
19.7047;-14.0831;24.22;332.4;-16.0107
19.9045;-14.0927;24.3884;332.6;-16.0203
20.1042;-14.1023;24.5572;332.8;-16.03
20.304;-14.112;24.7265;333;-16.0396
20.5038;-14.1216;24.8963;333.2;-16.0492
20.7035;-14.1312;25.0665;333.4;-16.0589
20.9033;-14.1409;25.2371;333.6;-16.0685
21.1031;-14.1505;25.4082;333.8;-16.0781
21.3028;-14.1601;25.5797;334;-16.0878
21.5026;-14.1698;25.7516;334.2;-16.0974
21.7024;-14.1794;25.9239;334.4;-16.107
21.9022;-14.189;26.0966;334.6;-16.1167
22.1019;-14.1987;26.2697;334.8;-16.1263
22.3017;-14.2083;26.4432;335;-16.1359
22.5015;-14.2179;26.617;335.2;-16.1456
22.7012;-14.2276;26.7912;335.4;-16.1552
22.901;-14.2372;26.9658;335.6;-16.1648
23.1008;-14.2468;27.1407;335.8;-16.1745
23.3005;-14.2565;27.316;336;-16.1841
23.5003;-14.2661;27.4916;336.2;-16.1937
23.7001;-14.2757;27.6675;336.4;-16.2034
23.8998;-14.2854;27.8437;336.6;-16.213
24.0996;-14.295;28.0203;336.8;-16.2226
24.2994;-14.3046;28.1972;337;-16.2323
24.4991;-14.3143;28.3744;337.2;-16.2419
24.6989;-14.3239;28.5519;337.4;-16.2515
24.8987;-14.3335;28.7297;337.6;-16.2612
25.0984;-14.3432;28.9078;337.8;-16.2708
25.2982;-14.3528;29.0861;338;-16.2804
25.498;-14.3624;29.2648;338.2;-16.2901
25.6977;-14.3721;29.4437;338.4;-16.2997
25.8975;-14.3817;29.6229;338.6;-16.3093
26.0973;-14.3913;29.8023;338.8;-16.319
26.297;-14.401;29.982;339;-16.3286
26.4968;-14.4106;30.162;339.2;-16.3382
26.6966;-14.4202;30.3422;339.4;-16.3479
26.8963;-14.4299;30.5227;339.6;-16.3575
27.0961;-14.4395;30.7034;339.8;-16.3671
27.2959;-14.4491;30.8843;340;-16.3768
27.4957;-14.4588;31.0655;340.2;-16.3864
27.6954;-14.4684;31.2469;340.4;-16.396
27.8952;-14.478;31.4286;340.6;-16.4057
28.095;-14.4877;31.6104;340.8;-16.4153
28.2947;-14.4973;31.7925;341;-16.4249
28.4945;-14.5069;31.9748;341.2;-16.4346
28.6943;-14.5166;32.1573;341.4;-16.4442
28.894;-14.5262;32.34;341.6;-16.4538
29.0938;-14.5358;32.5229;341.8;-16.4635
29.2936;-14.5455;32.706;342;-16.4731
29.4933;-14.5551;32.8893;342.2;-16.4827
29.6931;-14.5647;33.0728;342.4;-16.4924
29.8929;-14.5744;33.2565;342.6;-16.502

-29.9074;-14.584;33.2738;342.8;-16.5116
-29.7076;-14.5936;33.0986;343;-16.5213
-29.5078;-14.6033;32.9237;343.2;-16.5309
-29.3081;-14.6129;32.749;343.4;-16.5405
-29.1083;-14.6225;32.5747;343.6;-16.5502
-28.9085;-14.6322;32.4007;343.8;-16.5598
-28.7088;-14.6418;32.2269;344;-16.5694
-28.509;-14.6514;32.0535;344.2;-16.5791
-28.3092;-14.6611;31.8804;344.4;-16.5887
-28.1095;-14.6707;31.7076;344.6;-16.5983
-27.9097;-14.6803;31.5351;344.8;-16.608
-27.7099;-14.69;31.363;345;-16.6176
-27.5102;-14.6996;31.1911;345.2;-16.6272
-27.3104;-14.7092;31.0197;345.4;-16.6369
-27.1106;-14.7189;30.8485;345.6;-16.6465
-26.9108;-14.7285;30.6777;345.8;-16.6561
-26.7111;-14.7381;30.5073;346;-16.6658
-26.5113;-14.7478;30.3372;346.2;-16.6754
-26.3115;-14.7574;30.1675;346.4;-16.685
-26.1118;-14.767;29.9982;346.6;-16.6947
-25.912;-14.7767;29.8292;346.8;-16.7043
-25.7122;-14.7863;29.6606;347;-16.7139
-25.5125;-14.7959;29.4925;347.2;-16.7236
-25.3127;-14.8056;29.3247;347.4;-16.7332
-25.1129;-14.8152;29.1573;347.6;-16.7428
-24.9132;-14.8248;28.9904;347.8;-16.7525
-24.7134;-14.8345;28.8238;348;-16.7621
-24.5136;-14.8441;28.6577;348.2;-16.7717
-24.3139;-14.8537;28.4921;348.4;-16.7814
-24.1141;-14.8634;28.3268;348.6;-16.791
-23.9143;-14.873;28.1621;348.8;-16.8006
-23.7146;-14.8826;27.9977;349;-16.8103
-23.5148;-14.8923;27.8339;349.2;-16.8199
-23.315;-14.9019;27.6705;349.4;-16.8295
-23.1153;-14.9115;27.5076;349.6;-16.8392
-22.9155;-14.9212;27.3452;349.8;-16.8488
-22.7157;-14.9308;27.1833;350;-16.8584
-22.516;-14.9404;27.0219;350.2;-16.8681
-22.3162;-14.9501;26.8611;350.4;-16.8777
-22.1164;-14.9597;26.7007;350.6;-16.8873
-21.9167;-14.9693;26.5409;350.8;-16.897
-21.7169;-14.979;26.3817;351;-16.9066
-21.5171;-14.9886;26.223;351.2;-16.9162
-21.3173;-14.9982;26.0649;351.4;-16.9259
-21.1176;-15.0079;25.9073;351.6;-16.9355
-20.9178;-15.0175;25.7503;351.8;-16.9451
-20.718;-15.0271;25.594;352;-16.9548
-20.5183;-15.0368;25.4382;352.2;-16.9644
-20.3185;-15.0464;25.2831;352.4;-16.974
-20.1187;-15.056;25.1286;352.6;-16.9837
-19.919;-15.0657;24.9748;352.8;-16.9933
-19.7192;-15.0753;24.8216;353;-17.0029
-19.5194;-15.0849;24.6691;353.2;-17.0126
-19.3197;-15.0946;24.5173;353.4;-17.0222
-19.1199;-15.1042;24.3661;353.6;-17.0318
-18.9201;-15.1138;24.2157;353.8;-17.0415
-18.7204;-15.1235;24.066;354;-17.0511
-18.5206;-15.1331;23.917;354.2;-17.0607
-18.3208;-15.1427;23.7688;354.4;-17.0704
-18.1211;-15.1524;23.6213;354.6;-17.08
-17.9213;-15.162;23.4747;354.8;-17.0896
-17.7215;-15.1716;23.3288;355;-17.0993
-17.5218;-15.1813;23.1837;355.2;-17.1089
-17.322;-15.1909;23.0394;355.4;-17.1185
-17.1222;-15.2005;22.896;355.6;-17.1282
-16.9225;-15.2102;22.7534;355.8;-17.1378
-16.7227;-15.2198;22.6117;356;-17.1474
-16.5229;-15.2294;22.4709;356.2;-17.1571
-16.3232;-15.2391;22.331;356.4;-17.1667
-16.1234;-15.2487;22.192;356.6;-17.1763
-15.9236;-15.2583;22.054;356.8;-17.186
-15.7238;-15.268;21.9169;357;-17.1956
-15.5241;-15.2776;21.7808;357.2;-17.2052
-15.3243;-15.2872;21.6457;357.4;-17.2149
-15.1245;-15.2969;21.5115;357.6;-17.2245
-14.9248;-15.3065;21.3785;357.8;-17.2341
-14.725;-15.3161;21.2464;358;-17.2438
-14.5252;-15.3258;21.1154;358.2;-17.2534
-14.3255;-15.3354;20.9856;358.4;-17.263
-14.1257;-15.345;20.8568;358.6;-17.2727
-13.9259;-15.3547;20.7292;358.8;-17.2823
-13.7262;-15.3643;20.6027;359;-17.2919
-13.5264;-15.3739;20.4773;359.2;-17.3016
-13.3266;-15.3836;20.3532;359.4;-17.3112
-13.1269;-15.3932;20.2303;359.6;-17.3208
-12.9271;-15.4028;20.1086;359.8;-17.3305
-12.7273;-15.4125;19.9882;360;-17.3401
-12.5276;-15.4221;19.8691;360.2;-17.3497
-12.3278;-15.4317;19.7513;360.4;-17.3594
-12.128;-15.4414;19.6348;360.6;-17.369
-11.9283;-15.451;19.5197;360.8;-17.3786
-11.7285;-15.4606;19.4059;361;-17.3883
-11.5287;-15.4703;19.2935;361.2;-17.3979
-11.329;-15.4799;19.1826;361.4;-17.4075
-11.1292;-15.4895;19.0731;361.6;-17.4172
-10.9294;-15.4992;18.9651;361.8;-17.4268
-10.7297;-15.5088;18.8586;362;-17.4364
-10.5299;-15.5184;18.7537;362.2;-17.4461
-10.3301;-15.5281;18.6503;362.4;-17.4557
-10.1303;-15.5377;18.5484;362.6;-17.4653
-9.93058;-15.5473;18.4482;362.8;-17.475
-9.73081;-15.557;18.3496;363;-17.4846
-9.53104;-15.5666;18.2527;363.2;-17.4942
-9.33128;-15.5762;18.1574;363.4;-17.5039
-9.13151;-15.5859;18.0639;363.6;-17.5135
-8.93174;-15.5955;17.9721;363.8;-17.5231
-8.73197;-15.6051;17.8821;364;-17.5328
-8.5322;-15.6148;17.7938;364.2;-17.5424
-8.33244;-15.6244;17.7074;364.4;-17.552
-8.13267;-15.634;17.6228;364.6;-17.5617
-7.9329;-15.6437;17.5401;364.8;-17.5713
-7.73313;-15.6533;17.4593;365;-17.5809
-7.53337;-15.6629;17.3804;365.2;-17.5906
-7.3336;-15.6726;17.3035;365.4;-17.6002
-7.13383;-15.6822;17.2286;365.6;-17.6098
-6.93406;-15.6918;17.1556;365.8;-17.6195
-6.73429;-15.7015;17.0847;366;-17.6291
-6.53453;-15.7111;17.0158;366.2;-17.6387
-6.33476;-15.7207;16.9491;366.4;-17.6484
-6.13499;-15.7304;16.8844;366.6;-17.658
-5.93522;-15.74;16.8219;366.8;-17.6676
-5.73545;-15.7496;16.7615;367;-17.6773
-5.53569;-15.7593;16.7033;367.2;-17.6869
-5.33592;-15.7689;16.6472;367.4;-17.6965
-5.13615;-15.7785;16.5934;367.6;-17.7062
-4.93638;-15.7882;16.5419;367.8;-17.7158
-4.73662;-15.7978;16.4926;368;-17.7254
-4.53685;-15.8074;16.4456;368.2;-17.7351
-4.33708;-15.8171;16.4009;368.4;-17.7447
-4.13731;-15.8267;16.3586;368.6;-17.7543
-3.93754;-15.8363;16.3185;368.8;-17.764
-3.73778;-15.846;16.2808;369;-17.7736
-3.53801;-15.8556;16.2456;369.2;-17.7832
-3.33824;-15.8652;16.2126;369.4;-17.7929
-3.13847;-15.8749;16.1821;369.6;-17.8025
-2.9387;-15.8845;16.1541;369.8;-17.8121
-2.73894;-15.8941;16.1284;370;-17.8218
-2.53917;-15.9038;16.1052;370.2;-17.8314
-2.3394;-15.9134;16.0844;370.4;-17.841
-2.13963;-15.923;16.0662;370.6;-17.8507
-1.93987;-15.9327;16.0503;370.8;-17.8603
-1.7401;-15.9423;16.037;371;-17.8699
-1.54033;-15.9519;16.0261;371.2;-17.8796
-1.34056;-15.9616;16.0178;371.4;-17.8892
-1.14079;-15.9712;16.0119;371.6;-17.8988
-0.941026;-15.9808;16.0085;371.8;-17.9085
-0.741258;-15.9905;16.0077;372;-17.9181
-0.541491;-16.0001;16.0093;372.2;-17.9277
-0.341723;-16.0097;16.0134;372.4;-17.9374
-0.141955;-16.0194;16.02;372.6;-17.947
0.0578131;-16.029;16.0291;372.8;-17.9566
0.257581;-16.0386;16.0407;373;-17.9663
0.457349;-16.0483;16.0548;373.2;-17.9759
0.657117;-16.0579;16.0714;373.4;-17.9855
0.856884;-16.0675;16.0904;373.6;-17.9952
1.05665;-16.0772;16.1119;373.8;-18.0048
1.25642;-16.0868;16.1358;374;-18.0144
1.45619;-16.0964;16.1622;374.2;-18.0241
1.65596;-16.1061;16.191;374.4;-18.0337
1.85572;-16.1157;16.2222;374.6;-18.0433
2.05549;-16.1253;16.2558;374.8;-18.053
2.25526;-16.135;16.2918;375;-18.0626
2.45503;-16.1446;16.3302;375.2;-18.0722
2.6548;-16.1542;16.3709;375.4;-18.0819
2.85456;-16.1639;16.414;375.6;-18.0915
3.05433;-16.1735;16.4594;375.8;-18.1011
3.2541;-16.1831;16.5071;376;-18.1108
3.45387;-16.1928;16.557;376.2;-18.1204
3.65363;-16.2024;16.6093;376.4;-18.13
3.8534;-16.212;16.6637;376.6;-18.1397
4.05317;-16.2217;16.7204;376.8;-18.1493
4.25294;-16.2313;16.7792;377;-18.1589
4.45271;-16.2409;16.8403;377.2;-18.1686
4.65247;-16.2506;16.9035;377.4;-18.1782
4.85224;-16.2602;16.9688;377.6;-18.1878
5.05201;-16.2698;17.0362;377.8;-18.1975
5.25178;-16.2795;17.1056;378;-18.2071
5.45155;-16.2891;17.1772;378.2;-18.2167
5.65131;-16.2987;17.2507;378.4;-18.2264
5.85108;-16.3084;17.3262;378.6;-18.236
6.05085;-16.318;17.4037;378.8;-18.2456
6.25062;-16.3276;17.4832;379;-18.2553
6.45038;-16.3373;17.5646;379.2;-18.2649
6.65015;-16.3469;17.6478;379.4;-18.2745
6.84992;-16.3565;17.733;379.6;-18.2842
7.04969;-16.3662;17.8199;379.8;-18.2938
7.24946;-16.3758;17.9087;380;-18.3034
7.44922;-16.3854;17.9993;380.2;-18.3131
7.64899;-16.3951;18.0916;380.4;-18.3227
7.84876;-16.4047;18.1856;380.6;-18.3323
8.04853;-16.4143;18.2814;380.8;-18.342
8.2483;-16.424;18.3788;381;-18.3516
8.44806;-16.4336;18.4779;381.2;-18.3612
8.64783;-16.4432;18.5786;381.4;-18.3709
8.8476;-16.4529;18.6809;381.6;-18.3805
9.04737;-16.4625;18.7848;381.8;-18.3901
9.24713;-16.4721;18.8902;382;-18.3998
9.4469;-16.4818;18.9972;382.2;-18.4094
9.64667;-16.4914;19.1056;382.4;-18.419
9.84644;-16.501;19.2155;382.6;-18.4287
10.0462;-16.5107;19.3269;382.8;-18.4383
10.246;-16.5203;19.4397;383;-18.4479
10.4457;-16.5299;19.5538;383.2;-18.4576
10.6455;-16.5396;19.6694;383.4;-18.4672
10.8453;-16.5492;19.7863;383.6;-18.4768
11.045;-16.5588;19.9045;383.8;-18.4865
11.2448;-16.5685;20.024;384;-18.4961
11.4446;-16.5781;20.1448;384.2;-18.5057
11.6443;-16.5877;20.2668;384.4;-18.5154
11.8441;-16.5974;20.3901;384.6;-18.525
12.0439;-16.607;20.5146;384.8;-18.5346
12.2437;-16.6167;20.6403;385;-18.5443
12.4434;-16.6263;20.7671;385.2;-18.5539
12.6432;-16.6359;20.8951;385.4;-18.5635
12.843;-16.6456;21.0242;385.6;-18.5732
13.0427;-16.6552;21.1544;385.8;-18.5828
13.2425;-16.6648;21.2857;386;-18.5924
13.4423;-16.6745;21.418;386.2;-18.6021
13.642;-16.6841;21.5514;386.4;-18.6117
13.8418;-16.6937;21.6858;386.6;-18.6213
14.0416;-16.7034;21.8213;386.8;-18.631
14.2413;-16.713;21.9577;387;-18.6406
14.4411;-16.7226;22.0951;387.2;-18.6502
14.6409;-16.7323;22.2334;387.4;-18.6599
14.8406;-16.7419;22.3726;387.6;-18.6695
15.0404;-16.7515;22.5128;387.8;-18.6791
15.2402;-16.7612;22.6539;388;-18.6888
15.4399;-16.7708;22.7959;388.2;-18.6984
15.6397;-16.7804;22.9387;388.4;-18.708
15.8395;-16.7901;23.0823;388.6;-18.7177
16.0392;-16.7997;23.2269;388.8;-18.7273
16.239;-16.8093;23.3722;389;-18.7369
16.4388;-16.819;23.5183;389.2;-18.7466
16.6385;-16.8286;23.6652;389.4;-18.7562
16.8383;-16.8382;23.8129;389.6;-18.7658
17.0381;-16.8479;23.9614;389.8;-18.7755
17.2378;-16.8575;24.1105;390;-18.7851
17.4376;-16.8671;24.2605;390.2;-18.7948
17.6374;-16.8768;24.4111;390.4;-18.8044
17.8372;-16.8864;24.5625;390.6;-18.814
18.0369;-16.896;24.7145;390.8;-18.8237
18.2367;-16.9057;24.8672;391;-18.8333
18.4365;-16.9153;25.0206;391.2;-18.8429
18.6362;-16.9249;25.1746;391.4;-18.8526
18.836;-16.9346;25.3293;391.6;-18.8622
19.0358;-16.9442;25.4846;391.8;-18.8718
19.2355;-16.9538;25.6405;392;-18.8815
19.4353;-16.9635;25.7971;392.2;-18.8911
19.6351;-16.9731;25.9542;392.4;-18.9007
19.8348;-16.9827;26.1119;392.6;-18.9104
20.0346;-16.9924;26.2702;392.8;-18.92
20.2344;-17.002;26.4291;393;-18.9296
20.4341;-17.0116;26.5885;393.2;-18.9393
20.6339;-17.0213;26.7485;393.4;-18.9489
20.8337;-17.0309;26.909;393.6;-18.9585
21.0334;-17.0405;27.07;393.8;-18.9682
21.2332;-17.0502;27.2315;394;-18.9778
21.433;-17.0598;27.3936;394.2;-18.9874
21.6327;-17.0694;27.5561;394.4;-18.9971
21.8325;-17.0791;27.7192;394.6;-19.0067
22.0323;-17.0887;27.8827;394.8;-19.0163
22.232;-17.0983;28.0467;395;-19.026
22.4318;-17.108;28.2111;395.2;-19.0356
22.6316;-17.1176;28.3761;395.4;-19.0452
22.8313;-17.1272;28.5414;395.6;-19.0549
23.0311;-17.1369;28.7072;395.8;-19.0645
23.2309;-17.1465;28.8734;396;-19.0741
23.4307;-17.1561;29.0401;396.2;-19.0838
23.6304;-17.1658;29.2072;396.4;-19.0934
23.8302;-17.1754;29.3747;396.6;-19.103
24.03;-17.185;29.5426;396.8;-19.1127
24.2297;-17.1947;29.7109;397;-19.1223
24.4295;-17.2043;29.8796;397.2;-19.1319
24.6293;-17.2139;30.0486;397.4;-19.1416
24.829;-17.2236;30.2181;397.6;-19.1512
25.0288;-17.2332;30.3879;397.8;-19.1608
25.2286;-17.2428;30.5581;398;-19.1705
25.4283;-17.2525;30.7286;398.2;-19.1801
25.6281;-17.2621;30.8995;398.4;-19.1897
25.8279;-17.2717;31.0707;398.6;-19.1994
26.0276;-17.2814;31.2423;398.8;-19.209
26.2274;-17.291;31.4142;399;-19.2186
26.4272;-17.3006;31.5865;399.2;-19.2283
26.6269;-17.3103;31.7591;399.4;-19.2379
26.8267;-17.3199;31.932;399.6;-19.2475
27.0265;-17.3295;32.1052;399.8;-19.2572
27.2262;-17.3392;32.2787;400;-19.2668
