#1 AntPos X	#2 AntVel X	#3 AntPos Y	#4 AntVel Y	#5 AntAngle	
-19.3326;1.57924;-8.77019;1.22719;0.660603;
-19.1747;1.57924;-8.64747;1.22719;0.660603;
-19.0168;1.57924;-8.52476;1.22719;0.660603;
-18.8589;1.57924;-8.40204;1.22719;0.660603;
-18.7009;1.57924;-8.27932;1.22719;0.660603;
-18.543;1.57924;-8.1566;1.22719;0.660603;
-18.3851;1.57924;-8.03388;1.22719;0.660603;
-18.2272;1.57924;-7.91116;1.22719;0.660603;
-18.0692;1.57924;-7.78844;1.22719;0.660603;
-17.9113;1.57924;-7.66573;1.22719;0.660603;
-17.7534;1.57924;-7.54301;1.22719;0.660603;
-17.5955;1.57924;-7.42029;1.22719;0.660603;
-17.4375;1.57924;-7.29757;1.22719;0.660603;
-17.2796;1.57924;-7.17485;1.22719;0.660603;
-17.1217;1.57924;-7.05213;1.22719;0.660603;
-16.9638;1.57924;-6.92941;1.22719;0.660603;
-16.8059;1.57924;-6.80669;1.22719;0.660603;
-16.6479;1.57924;-6.68398;1.22719;0.660603;
-16.49;1.57924;-6.56126;1.22719;0.660603;
-16.3321;1.57924;-6.43854;1.22719;0.660603;
-16.1742;1.57924;-6.31582;1.22719;0.660603;
-16.0162;1.57924;-6.1931;1.22719;0.660603;
-15.8583;1.57924;-6.07038;1.22719;0.660603;
-15.7004;1.57924;-5.94766;1.22719;0.660603;
-15.5425;1.57924;-5.82495;1.22719;0.660603;
-15.3845;1.57924;-5.70223;1.22719;0.660603;
-15.2266;1.57924;-5.57951;1.22719;0.660603;
-15.0687;1.57924;-5.45679;1.22719;0.660603;
-14.9108;1.57924;-5.33407;1.22719;0.660603;
-14.7528;1.57924;-5.21135;1.22719;0.660603;
-14.5949;1.57924;-5.08863;1.22719;0.660603;
-14.437;1.57924;-4.96591;1.22719;0.660603;
-14.2791;1.57924;-4.8432;1.22719;0.660603;
-14.1211;1.57924;-4.72048;1.22719;0.660603;
-13.9632;1.57924;-4.59776;1.22719;0.660603;
-13.8053;1.57924;-4.47504;1.22719;0.660603;
-13.6474;1.57924;-4.35232;1.22719;0.660603;
-13.4894;1.57924;-4.2296;1.22719;0.660603;
-13.3315;1.57924;-4.10688;1.22719;0.660603;
-13.1736;1.57924;-3.98417;1.22719;0.660603;
-13.0157;1.57924;-3.86145;1.22719;0.660603;
-12.8577;1.57924;-3.73873;1.22719;0.660603;
-12.6998;1.57924;-3.61601;1.22719;0.660603;
-12.5419;1.57924;-3.49329;1.22719;0.660603;
-12.384;1.57924;-3.37057;1.22719;0.660603;
-12.226;1.57924;-3.24785;1.22719;0.660603;
-12.0681;1.57924;-3.12513;1.22719;0.660603;
-11.9102;1.57924;-3.00242;1.22719;0.660603;
-11.7523;1.57924;-2.8797;1.22719;0.660603;
-11.5943;1.57924;-2.75698;1.22719;0.660603;
-11.4364;1.57924;-2.63426;1.22719;0.660603;
-11.2785;1.57924;-2.51154;1.22719;0.660603;
-11.1206;1.57924;-2.38882;1.22719;0.660603;
-10.9626;1.57924;-2.2661;1.22719;0.660603;
-10.8047;1.57924;-2.14339;1.22719;0.660603;
-10.6468;1.57924;-2.02067;1.22719;0.660603;
-10.4889;1.57924;-1.89795;1.22719;0.660603;
-10.3309;1.57924;-1.77523;1.22719;0.660603;
-10.173;1.57924;-1.65251;1.22719;0.660603;
-10.0151;1.57924;-1.52979;1.22719;0.660603;
-9.85717;1.57924;-1.40707;1.22719;0.660603;
-9.69925;1.57924;-1.28436;1.22719;0.660603;
-9.54133;1.57924;-1.16164;1.22719;0.660603;
-9.3834;1.57924;-1.03892;1.22719;0.660603;
-9.22548;1.57924;-0.916199;1.22719;0.660603;
-9.06755;1.57924;-0.793481;1.22719;0.660603;
-8.90963;1.57924;-0.670762;1.22719;0.660603;
-8.7517;1.57924;-0.548043;1.22719;0.660603;
-8.59378;1.57924;-0.425325;1.22719;0.660603;
-8.43585;1.57924;-0.302606;1.22719;0.660603;
-8.27793;1.57924;-0.179887;1.22719;0.660603;
-8.12001;1.57924;-0.0571686;1.22719;0.660603;
-7.96208;1.57924;0.06555;1.22719;0.660603;
-7.80416;1.57924;0.188269;1.22719;0.660603;
-7.64623;1.57924;0.310987;1.22719;0.660603;
-7.48831;1.57924;0.433706;1.22719;0.660603;
-7.33038;1.57924;0.556425;1.22719;0.660603;
-7.17246;1.57924;0.679143;1.22719;0.660603;
-7.01453;1.57924;0.801862;1.22719;0.660603;
-6.85661;1.57924;0.924581;1.22719;0.660603;
-6.69869;1.57924;1.0473;1.22719;0.660603;
-6.54076;1.57924;1.17002;1.22719;0.660603;
-6.38284;1.57924;1.29274;1.22719;0.660603;
-6.22491;1.57924;1.41546;1.22719;0.660603;
-6.06699;1.57924;1.53817;1.22719;0.660603;
-5.90906;1.57924;1.66089;1.22719;0.660603;
-5.75114;1.57924;1.78361;1.22719;0.660603;
-5.59321;1.57924;1.90633;1.22719;0.660603;
-5.43529;1.57924;2.02905;1.22719;0.660603;
-5.27737;1.57924;2.15177;1.22719;0.660603;
-5.11944;1.57924;2.27449;1.22719;0.660603;
-4.96152;1.57924;2.3972;1.22719;0.660603;
-4.80359;1.57924;2.51992;1.22719;0.660603;
-4.64567;1.57924;2.64264;1.22719;0.660603;
-4.48774;1.57924;2.76536;1.22719;0.660603;
-4.32982;1.57924;2.88808;1.22719;0.660603;
-4.17189;1.57924;3.0108;1.22719;0.660603;
-4.01397;1.57924;3.13352;1.22719;0.660603;
-3.85605;1.57924;3.25623;1.22719;0.660603;
-3.69812;1.57924;3.37895;1.22719;0.660603;
-3.5402;1.57924;3.50167;1.22719;0.660603;
-3.38227;1.57924;3.62439;1.22719;0.660603;
-3.22435;1.57924;3.74711;1.22719;0.660603;
-3.06642;1.57924;3.86983;1.22719;0.660603;
-2.9085;1.57924;3.99255;1.22719;0.660603;
-2.75057;1.57924;4.11527;1.22719;0.660603;
-2.59265;1.57924;4.23798;1.22719;0.660603;
-2.43473;1.57924;4.3607;1.22719;0.660603;
-2.2768;1.57924;4.48342;1.22719;0.660603;
-2.11888;1.57924;4.60614;1.22719;0.660603;
-1.96095;1.57924;4.72886;1.22719;0.660603;
-1.80303;1.57924;4.85158;1.22719;0.660603;
-1.6451;1.57924;4.9743;1.22719;0.660603;
-1.48718;1.57924;5.09701;1.22719;0.660603;
-1.32925;1.57924;5.21973;1.22719;0.660603;
-1.17133;1.57924;5.34245;1.22719;0.660603;
-1.01341;1.57924;5.46517;1.22719;0.660603;
-0.855481;1.57924;5.58789;1.22719;0.660603;
-0.697557;1.57924;5.71061;1.22719;0.660603;
-0.539632;1.57924;5.83333;1.22719;0.660603;
-0.381708;1.57924;5.95605;1.22719;0.660603;
-0.223783;1.57924;6.07876;1.22719;0.660603;
-0.0658589;1.57924;6.20148;1.22719;0.660603;
0.0920655;1.57924;6.3242;1.22719;0.660603;
0.24999;1.57924;6.44692;1.22719;0.660603;
0.407914;1.57924;6.56964;1.22719;0.660603;
0.565839;1.57924;6.69236;1.22719;0.660603;
0.723763;1.57924;6.81508;1.22719;0.660603;
0.881688;1.57924;6.93779;1.22719;0.660603;
1.03961;1.57924;7.06051;1.22719;0.660603;
1.19754;1.57924;7.18323;1.22719;0.660603;
1.35546;1.57924;7.30595;1.22719;0.660603;
1.51339;1.57924;7.42867;1.22719;0.660603;
1.67131;1.57924;7.55139;1.22719;0.660603;
1.82923;1.57924;7.67411;1.22719;0.660603;
1.98716;1.57924;7.79683;1.22719;0.660603;
2.14508;1.57924;7.91954;1.22719;0.660603;
2.30301;1.57924;8.04226;1.22719;0.660603;
2.46093;1.57924;8.16498;1.22719;0.660603;
2.61886;1.57924;8.2877;1.22719;0.660603;
2.77678;1.57924;8.41042;1.22719;0.660603;
2.93471;1.57924;8.53314;1.22719;0.660603;
3.09263;1.57924;8.65586;1.22719;0.660603;
3.25055;1.57924;8.77857;1.22719;0.660603;
3.40848;1.57924;8.90129;1.22719;0.660603;
3.5664;1.57924;9.02401;1.22719;0.660603;
3.72433;1.57924;9.14673;1.22719;0.660603;
3.88225;1.57924;9.26945;1.22719;0.660603;
4.04018;1.57924;9.39217;1.22719;0.660603;
4.1981;1.57924;9.51489;1.22719;0.660603;
4.35603;1.57924;9.6376;1.22719;0.660603;
4.51395;1.57924;9.76032;1.22719;0.660603;
4.67187;1.57924;9.88304;1.22719;0.660603;
4.8298;1.57924;10.0058;1.22719;0.660603;
4.98772;1.57924;10.1285;1.22719;0.660603;
5.14565;1.57924;10.2512;1.22719;0.660603;
5.30357;1.57924;10.3739;1.22719;0.660603;
5.4615;1.57924;10.4966;1.22719;0.660603;
5.61942;1.57924;10.6194;1.22719;0.660603;
5.77735;1.57924;10.7421;1.22719;0.660603;
5.93527;1.57924;10.8648;1.22719;0.660603;
6.09319;1.57924;10.9875;1.22719;0.660603;
6.25112;1.57924;11.1102;1.22719;0.660603;
6.40904;1.57924;11.2329;1.22719;0.660603;
6.56697;1.57924;11.3557;1.22719;0.660603;
6.72489;1.57924;11.4784;1.22719;0.660603;
6.88282;1.57924;11.6011;1.22719;0.660603;
7.04074;1.57924;11.7238;1.22719;0.660603;
7.19867;1.57924;11.8465;1.22719;0.660603;
7.35659;1.57924;11.9693;1.22719;0.660603;
7.51451;1.57924;12.092;1.22719;0.660603;
7.67244;1.57924;12.2147;1.22719;0.660603;
7.83036;1.57924;12.3374;1.22719;0.660603;
7.98829;1.57924;12.4601;1.22719;0.660603;
8.14621;1.57924;12.5829;1.22719;0.660603;
8.30414;1.57924;12.7056;1.22719;0.660603;
8.46206;1.57924;12.8283;1.22719;0.660603;
8.61999;1.57924;12.951;1.22719;0.660603;
8.77791;1.57924;13.0737;1.22719;0.660603;
8.93583;1.57924;13.1964;1.22719;0.660603;
9.09376;1.57924;13.3192;1.22719;0.660603;
9.25168;1.57924;13.4419;1.22719;0.660603;
9.40961;1.57924;13.5646;1.22719;0.660603;
9.56753;1.57924;13.6873;1.22719;0.660603;
9.72546;1.57924;13.81;1.22719;0.660603;
9.88338;1.57924;13.9328;1.22719;0.660603;
10.0413;1.57924;14.0555;1.22719;0.660603;
10.1992;1.57924;14.1782;1.22719;0.660603;
10.3572;1.57924;14.3009;1.22719;0.660603;
10.5151;1.57924;14.4236;1.22719;0.660603;
10.673;1.57924;14.5464;1.22719;0.660603;
10.8309;1.57924;14.6691;1.22719;0.660603;
10.9889;1.57924;14.7918;1.22719;0.660603;
11.1468;1.57924;14.9145;1.22719;0.660603;
11.3047;1.57924;15.0372;1.22719;0.660603;
11.4626;1.57924;15.1599;1.22719;0.660603;
11.6206;1.57924;15.2827;1.22719;0.660603;
11.7785;1.57924;15.4054;1.22719;0.660603;
11.9364;1.57924;15.5281;1.22719;0.660603;
12.0943;1.57924;15.6508;1.22719;0.660603;
12.2522;1.57924;15.7735;1.22719;0.660603;
12.4102;1.57924;15.8963;1.22719;0.660603;
12.5681;1.57924;16.019;1.22719;0.660603;
12.726;1.57924;16.1417;1.22719;0.660603;
12.8839;1.57924;16.2644;1.22719;0.660603;
13.0419;1.57924;16.3871;1.22719;0.660603;
13.1998;1.57924;16.5098;1.22719;0.660603;
13.3577;1.57924;16.6326;1.22719;0.660603;
13.5156;1.57924;16.7553;1.22719;0.660603;
13.6736;1.57924;16.878;1.22719;0.660603;
13.8315;1.57924;17.0007;1.22719;0.660603;
13.9894;1.57924;17.1234;1.22719;0.660603;
14.1473;1.57924;17.2462;1.22719;0.660603;
14.3053;1.57924;17.3689;1.22719;0.660603;
14.4632;1.57924;17.4916;1.22719;0.660603;
14.6211;1.57924;17.6143;1.22719;0.660603;
14.779;1.57924;17.737;1.22719;0.660603;
14.937;1.57924;17.8598;1.22719;0.660603;
15.0949;1.57924;17.9825;1.22719;0.660603;
15.2528;1.57924;18.1052;1.22719;0.660603;
15.4107;1.57924;18.2279;1.22719;0.660603;
15.5687;1.57924;18.3506;1.22719;0.660603;
15.7266;1.57924;18.4733;1.22719;0.660603;
15.8845;1.57924;18.5961;1.22719;0.660603;
16.0424;1.57924;18.7188;1.22719;0.660603;
16.2004;1.57924;18.8415;1.22719;0.660603;
16.3583;1.57924;18.9642;1.22719;0.660603;
16.5162;1.57924;19.0869;1.22719;0.660603;
16.6741;1.57924;19.2097;1.22719;0.660603;
16.8321;1.57924;19.3324;1.22719;0.660603;
16.99;1.57924;19.4551;1.22719;0.660603;
17.1479;1.57924;19.5778;1.22719;0.660603;
17.3058;1.57924;19.7005;1.22719;0.660603;
17.4638;1.57924;19.8233;1.22719;0.660603;
17.6217;1.57924;19.946;1.22719;0.660603;
17.7796;1.57924;20.0687;1.22719;0.660603;
17.9375;1.57924;20.1914;1.22719;0.660603;
18.0955;1.57924;20.3141;1.22719;0.660603;
18.2534;1.57924;20.4368;1.22719;0.660603;
18.4113;1.57924;20.5596;1.22719;0.660603;
18.5692;1.57924;20.6823;1.22719;0.660603;
18.7272;1.57924;20.805;1.22719;0.660603;
18.8851;1.57924;20.9277;1.22719;0.660603;
19.043;1.57924;21.0504;1.22719;0.660603;
19.2009;1.57924;21.1732;1.22719;0.660603;
19.3588;1.57924;21.2959;1.22719;0.660603;
19.5168;1.57924;21.4186;1.22719;0.660603;
19.6747;1.57924;21.5413;1.22719;0.660603;
19.8326;1.57924;21.664;1.22719;0.660603;
19.9905;1.57924;21.7868;1.22719;0.660603;
20.1485;1.57924;21.9095;1.22719;0.660603;
20.3064;1.57924;22.0322;1.22719;0.660603;
20.4643;1.57924;22.1549;1.22719;0.660603;
20.6222;1.57924;22.2776;1.22719;0.660603;
20.7802;1.57924;22.4003;1.22719;0.660603;
20.9381;1.57924;22.5231;1.22719;0.660603;
21.096;1.57924;22.6458;1.22719;0.660603;
21.2539;1.57924;22.7685;1.22719;0.660603;
21.4119;1.57924;22.8912;1.22719;0.660603;
21.5698;1.57924;23.0139;1.22719;0.660603;
21.7277;1.57924;23.1367;1.22719;0.660603;
21.8856;1.57924;23.2594;1.22719;0.660603;
22.0436;1.57924;23.3821;1.22719;0.660603;
22.2015;1.57924;23.5048;1.22719;0.660603;
22.3594;1.57924;23.6275;1.22719;0.660603;
22.5173;1.57924;23.7502;1.22719;0.660603;
22.6753;1.57924;23.873;1.22719;0.660603;
22.8332;1.57924;23.9957;1.22719;0.660603;
22.9911;1.57924;24.1184;1.22719;0.660603;
23.149;1.57924;24.2411;1.22719;0.660603;
23.307;1.57924;24.3638;1.22719;0.660603;
23.4649;1.57924;24.4866;1.22719;0.660603;
23.6228;1.57924;24.6093;1.22719;0.660603;
23.7807;1.57924;24.732;1.22719;0.660603;
23.9387;1.57924;24.8547;1.22719;0.660603;
24.0966;1.57924;24.9774;1.22719;0.660603;
24.2545;1.57924;25.1002;1.22719;0.660603;
24.4124;1.57924;25.2229;1.22719;0.660603;
24.5704;1.57924;25.3456;1.22719;0.660603;
24.7283;1.57924;25.4683;1.22719;0.660603;
24.8862;1.57924;25.591;1.22719;0.660603;
25.0441;1.57924;25.7137;1.22719;0.660603;
25.2021;1.57924;25.8365;1.22719;0.660603;
25.36;1.57924;25.9592;1.22719;0.660603;
25.5179;1.57924;26.0819;1.22719;0.660603;
25.6758;1.57924;26.2046;1.22719;0.660603;
25.8338;1.57924;26.3273;1.22719;0.660603;
25.9917;1.57924;26.4501;1.22719;0.660603;
26.1496;1.57924;26.5728;1.22719;0.660603;
26.3075;1.57924;26.6955;1.22719;0.660603;
26.4654;1.57924;26.8182;1.22719;0.660603;
26.6234;1.57924;26.9409;1.22719;0.660603;
26.7813;1.57924;27.0637;1.22719;0.660603;
26.9392;1.57924;27.1864;1.22719;0.660603;
27.0971;1.57924;27.3091;1.22719;0.660603;
27.2551;1.57924;27.4318;1.22719;0.660603;
27.413;1.57924;27.5545;1.22719;0.660603;
27.5709;1.57924;27.6772;1.22719;0.660603;
27.7288;1.57924;27.8;1.22719;0.660603;
27.8868;1.57924;27.9227;1.22719;0.660603;
28.0447;1.57924;28.0454;1.22719;0.660603;
28.2026;1.57924;28.1681;1.22719;0.660603;
28.3605;1.57924;28.2908;1.22719;0.660603;
28.5185;1.57924;28.4136;1.22719;0.660603;
28.6764;1.57924;28.5363;1.22719;0.660603;
28.8343;1.57924;28.659;1.22719;0.660603;
28.9922;1.57924;28.7817;1.22719;0.660603;
29.1502;1.57924;28.9044;1.22719;0.660603;
29.3081;1.57924;29.0272;1.22719;0.660603;
29.466;1.57924;29.1499;1.22719;0.660603;
29.6239;1.57924;29.2726;1.22719;0.660603;
29.7819;1.57924;29.3953;1.22719;0.660603;
29.9398;1.57924;29.518;1.22719;0.660603;

-29.9023;1.57924;29.6407;1.22719;0.660603;
-29.7444;1.57924;29.7635;1.22719;0.660603;
-29.5864;1.57924;29.8862;1.22719;0.660603;

-29.4285;1.57924;-29.9911;1.22719;0.660603;
-29.2706;1.57924;-29.8684;1.22719;0.660603;
-29.1127;1.57924;-29.7457;1.22719;0.660603;
-28.9547;1.57924;-29.6229;1.22719;0.660603;
-28.7968;1.57924;-29.5002;1.22719;0.660603;
-28.6389;1.57924;-29.3775;1.22719;0.660603;
-28.481;1.57924;-29.2548;1.22719;0.660603;
-28.323;1.57924;-29.1321;1.22719;0.660603;
-28.1651;1.57924;-29.0093;1.22719;0.660603;
-28.0072;1.57924;-28.8866;1.22719;0.660603;
-27.8493;1.57924;-28.7639;1.22719;0.660603;
-27.6913;1.57924;-28.6412;1.22719;0.660603;
-27.5334;1.57924;-28.5185;1.22719;0.660603;
-27.3755;1.57924;-28.3958;1.22719;0.660603;
-27.2176;1.57924;-28.273;1.22719;0.660603;
-27.0596;1.57924;-28.1503;1.22719;0.660603;
-26.9017;1.57924;-28.0276;1.22719;0.660603;
-26.7438;1.57924;-27.9049;1.22719;0.660603;
-26.5859;1.57924;-27.7822;1.22719;0.660603;
-26.428;1.57924;-27.6594;1.22719;0.660603;
-26.27;1.57924;-27.5367;1.22719;0.660603;
-26.1121;1.57924;-27.414;1.22719;0.660603;
-25.9542;1.57924;-27.2913;1.22719;0.660603;
-25.7963;1.57924;-27.1686;1.22719;0.660603;
-25.6383;1.57924;-27.0459;1.22719;0.660603;
-25.4804;1.57924;-26.9231;1.22719;0.660603;
-25.3225;1.57924;-26.8004;1.22719;0.660603;
-25.1646;1.57924;-26.6777;1.22719;0.660603;
-25.0066;1.57924;-26.555;1.22719;0.660603;
-24.8487;1.57924;-26.4323;1.22719;0.660603;
-24.6908;1.57924;-26.3095;1.22719;0.660603;
-24.5329;1.57924;-26.1868;1.22719;0.660603;
-24.3749;1.57924;-26.0641;1.22719;0.660603;
-24.217;1.57924;-25.9414;1.22719;0.660603;
-24.0591;1.57924;-25.8187;1.22719;0.660603;
-23.9012;1.57924;-25.6959;1.22719;0.660603;
-23.7432;1.57924;-25.5732;1.22719;0.660603;
-23.5853;1.57924;-25.4505;1.22719;0.660603;
-23.4274;1.57924;-25.3278;1.22719;0.660603;
-23.2695;1.57924;-25.2051;1.22719;0.660603;
-23.1115;1.57924;-25.0824;1.22719;0.660603;
-22.9536;1.57924;-24.9596;1.22719;0.660603;
-22.7957;1.57924;-24.8369;1.22719;0.660603;
-22.6378;1.57924;-24.7142;1.22719;0.660603;
-22.4798;1.57924;-24.5915;1.22719;0.660603;
-22.3219;1.57924;-24.4688;1.22719;0.660603;
-22.164;1.57924;-24.346;1.22719;0.660603;
-22.0061;1.57924;-24.2233;1.22719;0.660603;
-21.8481;1.57924;-24.1006;1.22719;0.660603;
-21.6902;1.57924;-23.9779;1.22719;0.660603;
-21.5323;1.57924;-23.8552;1.22719;0.660603;
-21.3744;1.57924;-23.7324;1.22719;0.660603;
-21.2164;1.57924;-23.6097;1.22719;0.660603;
-21.0585;1.57924;-23.487;1.22719;0.660603;
-20.9006;1.57924;-23.3643;1.22719;0.660603;
-20.7427;1.57924;-23.2416;1.22719;0.660603;
-20.5847;1.57924;-23.1189;1.22719;0.660603;
-20.4268;1.57924;-22.9961;1.22719;0.660603;
-20.2689;1.57924;-22.8734;1.22719;0.660603;
-20.111;1.57924;-22.7507;1.22719;0.660603;
-19.953;1.57924;-22.628;1.22719;0.660603;
-19.7951;1.57924;-22.5053;1.22719;0.660603;
-19.6372;1.57924;-22.3825;1.22719;0.660603;
-19.4793;1.57924;-22.2598;1.22719;0.660603;
-19.3214;1.57924;-22.1371;1.22719;0.660603;
-19.1634;1.57924;-22.0144;1.22719;0.660603;
-19.0055;1.57924;-21.8917;1.22719;0.660603;
-18.8476;1.57924;-21.7689;1.22719;0.660603;
-18.6897;1.57924;-21.6462;1.22719;0.660603;
-18.5317;1.57924;-21.5235;1.22719;0.660603;
-18.3738;1.57924;-21.4008;1.22719;0.660603;
-18.2159;1.57924;-21.2781;1.22719;0.660603;
-18.058;1.57924;-21.1554;1.22719;0.660603;
-17.9;1.57924;-21.0326;1.22719;0.660603;
-17.7421;1.57924;-20.9099;1.22719;0.660603;
-17.5842;1.57924;-20.7872;1.22719;0.660603;
-17.4263;1.57924;-20.6645;1.22719;0.660603;
-17.2683;1.57924;-20.5418;1.22719;0.660603;
-17.1104;1.57924;-20.419;1.22719;0.660603;
-16.9525;1.57924;-20.2963;1.22719;0.660603;
-16.7946;1.57924;-20.1736;1.22719;0.660603;
-16.6366;1.57924;-20.0509;1.22719;0.660603;
-16.4787;1.57924;-19.9282;1.22719;0.660603;
-16.3208;1.57924;-19.8055;1.22719;0.660603;
-16.1629;1.57924;-19.6827;1.22719;0.660603;
-16.0049;1.57924;-19.56;1.22719;0.660603;
-15.847;1.57924;-19.4373;1.22719;0.660603;
-15.6891;1.57924;-19.3146;1.22719;0.660603;
-15.5312;1.57924;-19.1919;1.22719;0.660603;
-15.3732;1.57924;-19.0691;1.22719;0.660603;
-15.2153;1.57924;-18.9464;1.22719;0.660603;
-15.0574;1.57924;-18.8237;1.22719;0.660603;
-14.8995;1.57924;-18.701;1.22719;0.660603;
-14.7415;1.57924;-18.5783;1.22719;0.660603;
-14.5836;1.57924;-18.4555;1.22719;0.660603;
-14.4257;1.57924;-18.3328;1.22719;0.660603;
-14.2678;1.57924;-18.2101;1.22719;0.660603;
-14.1098;1.57924;-18.0874;1.22719;0.660603;
-13.9519;1.57924;-17.9647;1.22719;0.660603;
-13.794;1.57924;-17.842;1.22719;0.660603;
-13.6361;1.57924;-17.7192;1.22719;0.660603;
-13.4781;1.57924;-17.5965;1.22719;0.660603;
-13.3202;1.57924;-17.4738;1.22719;0.660603;
-13.1623;1.57924;-17.3511;1.22719;0.660603;
-13.0044;1.57924;-17.2284;1.22719;0.660603;
-12.8464;1.57924;-17.1056;1.22719;0.660603;
-12.6885;1.57924;-16.9829;1.22719;0.660603;
-12.5306;1.57924;-16.8602;1.22719;0.660603;
-12.3727;1.57924;-16.7375;1.22719;0.660603;
-12.2148;1.57924;-16.6148;1.22719;0.660603;
-12.0568;1.57924;-16.492;1.22719;0.660603;
-11.8989;1.57924;-16.3693;1.22719;0.660603;
-11.741;1.57924;-16.2466;1.22719;0.660603;
-11.5831;1.57924;-16.1239;1.22719;0.660603;
-11.4251;1.57924;-16.0012;1.22719;0.660603;
-11.2672;1.57924;-15.8785;1.22719;0.660603;
-11.1093;1.57924;-15.7557;1.22719;0.660603;
-10.9514;1.57924;-15.633;1.22719;0.660603;
-10.7934;1.57924;-15.5103;1.22719;0.660603;
-10.6355;1.57924;-15.3876;1.22719;0.660603;
-10.4776;1.57924;-15.2649;1.22719;0.660603;
-10.3197;1.57924;-15.1421;1.22719;0.660603;
-10.1617;1.57924;-15.0194;1.22719;0.660603;
-10.0038;1.57924;-14.8967;1.22719;0.660603;
-9.84588;1.57924;-14.774;1.22719;0.660603;
-9.68796;1.57924;-14.6513;1.22719;0.660603;
-9.53003;1.57924;-14.5285;1.22719;0.660603;
-9.37211;1.57924;-14.4058;1.22719;0.660603;
-9.21419;1.57924;-14.2831;1.22719;0.660603;
-9.05626;1.57924;-14.1604;1.22719;0.660603;
-8.89834;1.57924;-14.0377;1.22719;0.660603;
-8.74041;1.57924;-13.915;1.22719;0.660603;
-8.58249;1.57924;-13.7922;1.22719;0.660603;
-8.42456;1.57924;-13.6695;1.22719;0.660603;
-8.26664;1.57924;-13.5468;1.22719;0.660603;
-8.10871;1.57924;-13.4241;1.22719;0.660603;
-7.95079;1.57924;-13.3014;1.22719;0.660603;
-7.79287;1.57924;-13.1786;1.22719;0.660603;
-7.63494;1.57924;-13.0559;1.22719;0.660603;
-7.47702;1.57924;-12.9332;1.22719;0.660603;
-7.31909;1.57924;-12.8105;1.22719;0.660603;
-7.16117;1.57924;-12.6878;1.22719;0.660603;
-7.00324;1.57924;-12.5651;1.22719;0.660603;
-6.84532;1.57924;-12.4423;1.22719;0.660603;
-6.68739;1.57924;-12.3196;1.22719;0.660603;
-6.52947;1.57924;-12.1969;1.22719;0.660603;
-6.37155;1.57924;-12.0742;1.22719;0.660603;
-6.21362;1.57924;-11.9515;1.22719;0.660603;
-6.0557;1.57924;-11.8287;1.22719;0.660603;
-5.89777;1.57924;-11.706;1.22719;0.660603;
-5.73985;1.57924;-11.5833;1.22719;0.660603;
-5.58192;1.57924;-11.4606;1.22719;0.660603;
-5.424;1.57924;-11.3379;1.22719;0.660603;
-5.26607;1.57924;-11.2151;1.22719;0.660603;
-5.10815;1.57924;-11.0924;1.22719;0.660603;
-4.95023;1.57924;-10.9697;1.22719;0.660603;
-4.7923;1.57924;-10.847;1.22719;0.660603;
-4.63438;1.57924;-10.7243;1.22719;0.660603;
-4.47645;1.57924;-10.6016;1.22719;0.660603;
-4.31853;1.57924;-10.4788;1.22719;0.660603;
-4.1606;1.57924;-10.3561;1.22719;0.660603;
-4.00268;1.57924;-10.2334;1.22719;0.660603;
-3.84475;1.57924;-10.1107;1.22719;0.660603;
-3.68683;1.57924;-9.98796;1.22719;0.660603;
-3.52891;1.57924;-9.86524;1.22719;0.660603;
-3.37098;1.57924;-9.74252;1.22719;0.660603;
-3.21306;1.57924;-9.6198;1.22719;0.660603;
-3.05513;1.57924;-9.49708;1.22719;0.660603;
-2.89721;1.57924;-9.37437;1.22719;0.660603;
-2.73928;1.57924;-9.25165;1.22719;0.660603;
-2.58136;1.57924;-9.12893;1.22719;0.660603;
-2.42343;1.57924;-9.00621;1.22719;0.660603;
-2.26551;1.57924;-8.88349;1.22719;0.660603;
-2.10759;1.57924;-8.76077;1.22719;0.660603;
-1.94966;1.57924;-8.63805;1.22719;0.660603;
-1.79174;1.57924;-8.51533;1.22719;0.660603;
-1.63381;1.57924;-8.39262;1.22719;0.660603;
-1.47589;1.57924;-8.2699;1.22719;0.660603;
-1.31796;1.57924;-8.14718;1.22719;0.660603;
-1.16004;1.57924;-8.02446;1.22719;0.660603;
-1.00211;1.57924;-7.90174;1.22719;0.660603;
-0.84419;1.57924;-7.77902;1.22719;0.660603;
-0.686265;1.57924;-7.6563;1.22719;0.660603;
-0.528341;1.57924;-7.53359;1.22719;0.660603;
-0.370416;1.57924;-7.41087;1.22719;0.660603;
-0.212492;1.57924;-7.28815;1.22719;0.660603;
-0.0545674;1.57924;-7.16543;1.22719;0.660603;
0.103357;1.57924;-7.04271;1.22719;0.660603;
0.261281;1.57924;-6.91999;1.22719;0.660603;
0.419206;1.57924;-6.79727;1.22719;0.660603;
0.57713;1.57924;-6.67455;1.22719;0.660603;
0.735055;1.57924;-6.55184;1.22719;0.660603;
0.892979;1.57924;-6.42912;1.22719;0.660603;
1.0509;1.57924;-6.3064;1.22719;0.660603;
1.20883;1.57924;-6.18368;1.22719;0.660603;
1.36675;1.57924;-6.06096;1.22719;0.660603;
1.52468;1.57924;-5.93824;1.22719;0.660603;
1.6826;1.57924;-5.81552;1.22719;0.660603;
1.84053;1.57924;-5.69281;1.22719;0.660603;
1.99845;1.57924;-5.57009;1.22719;0.660603;
2.15637;1.57924;-5.44737;1.22719;0.660603;
2.3143;1.57924;-5.32465;1.22719;0.660603;
2.47222;1.57924;-5.20193;1.22719;0.660603;
2.63015;1.57924;-5.07921;1.22719;0.660603;
2.78807;1.57924;-4.95649;1.22719;0.660603;
2.946;1.57924;-4.83378;1.22719;0.660603;
3.10392;1.57924;-4.71106;1.22719;0.660603;
3.26185;1.57924;-4.58834;1.22719;0.660603;
3.41977;1.57924;-4.46562;1.22719;0.660603;
3.57769;1.57924;-4.3429;1.22719;0.660603;
3.73562;1.57924;-4.22018;1.22719;0.660603;
3.89354;1.57924;-4.09746;1.22719;0.660603;
4.05147;1.57924;-3.97474;1.22719;0.660603;
4.20939;1.57924;-3.85203;1.22719;0.660603;
4.36732;1.57924;-3.72931;1.22719;0.660603;
4.52524;1.57924;-3.60659;1.22719;0.660603;
4.68317;1.57924;-3.48387;1.22719;0.660603;
4.84109;1.57924;-3.36115;1.22719;0.660603;
4.99902;1.57924;-3.23843;1.22719;0.660603;
5.15694;1.57924;-3.11571;1.22719;0.660603;
5.31486;1.57924;-2.993;1.22719;0.660603;
5.47279;1.57924;-2.87028;1.22719;0.660603;
5.63071;1.57924;-2.74756;1.22719;0.660603;
5.78864;1.57924;-2.62484;1.22719;0.660603;
5.94656;1.57924;-2.50212;1.22719;0.660603;
6.10449;1.57924;-2.3794;1.22719;0.660603;
6.26241;1.57924;-2.25668;1.22719;0.660603;
6.42034;1.57924;-2.13396;1.22719;0.660603;
6.57826;1.57924;-2.01125;1.22719;0.660603;
6.73618;1.57924;-1.88853;1.22719;0.660603;
6.89411;1.57924;-1.76581;1.22719;0.660603;
7.05203;1.57924;-1.64309;1.22719;0.660603;
7.20996;1.57924;-1.52037;1.22719;0.660603;
7.36788;1.57924;-1.39765;1.22719;0.660603;
7.52581;1.57924;-1.27493;1.22719;0.660603;
7.68373;1.57924;-1.15222;1.22719;0.660603;
7.84166;1.57924;-1.0295;1.22719;0.660603;
7.99958;1.57924;-0.906778;1.22719;0.660603;
8.1575;1.57924;-0.784059;1.22719;0.660603;
8.31543;1.57924;-0.661341;1.22719;0.660603;
8.47335;1.57924;-0.538622;1.22719;0.660603;
8.63128;1.57924;-0.415904;1.22719;0.660603;
8.7892;1.57924;-0.293185;1.22719;0.660603;
8.94713;1.57924;-0.170466;1.22719;0.660603;
9.10505;1.57924;-0.0477476;1.22719;0.660603;
9.26298;1.57924;0.0749711;1.22719;0.660603;
9.4209;1.57924;0.19769;1.22719;0.660603;
9.57882;1.57924;0.320408;1.22719;0.660603;
9.73675;1.57924;0.443127;1.22719;0.660603;
9.89467;1.57924;0.565846;1.22719;0.660603;
10.0526;1.57924;0.688564;1.22719;0.660603;
10.2105;1.57924;0.811283;1.22719;0.660603;
10.3684;1.57924;0.934002;1.22719;0.660603;
10.5264;1.57924;1.05672;1.22719;0.660603;
10.6843;1.57924;1.17944;1.22719;0.660603;
10.8422;1.57924;1.30216;1.22719;0.660603;
11.0001;1.57924;1.42488;1.22719;0.660603;
11.1581;1.57924;1.54759;1.22719;0.660603;
11.316;1.57924;1.67031;1.22719;0.660603;
11.4739;1.57924;1.79303;1.22719;0.660603;
11.6318;1.57924;1.91575;1.22719;0.660603;
11.7898;1.57924;2.03847;1.22719;0.660603;
11.9477;1.57924;2.16119;1.22719;0.660603;
12.1056;1.57924;2.28391;1.22719;0.660603;
12.2635;1.57924;2.40663;1.22719;0.660603;
12.4215;1.57924;2.52934;1.22719;0.660603;
12.5794;1.57924;2.65206;1.22719;0.660603;
12.7373;1.57924;2.77478;1.22719;0.660603;
12.8952;1.57924;2.8975;1.22719;0.660603;
13.0532;1.57924;3.02022;1.22719;0.660603;
13.2111;1.57924;3.14294;1.22719;0.660603;
13.369;1.57924;3.26566;1.22719;0.660603;
13.5269;1.57924;3.38837;1.22719;0.660603;
13.6849;1.57924;3.51109;1.22719;0.660603;
13.8428;1.57924;3.63381;1.22719;0.660603;
14.0007;1.57924;3.75653;1.22719;0.660603;
14.1586;1.57924;3.87925;1.22719;0.660603;
14.3166;1.57924;4.00197;1.22719;0.660603;
14.4745;1.57924;4.12469;1.22719;0.660603;
14.6324;1.57924;4.24741;1.22719;0.660603;
14.7903;1.57924;4.37012;1.22719;0.660603;
14.9483;1.57924;4.49284;1.22719;0.660603;
15.1062;1.57924;4.61556;1.22719;0.660603;
15.2641;1.57924;4.73828;1.22719;0.660603;
15.422;1.57924;4.861;1.22719;0.660603;
15.58;1.57924;4.98372;1.22719;0.660603;
15.7379;1.57924;5.10644;1.22719;0.660603;
15.8958;1.57924;5.22915;1.22719;0.660603;
16.0537;1.57924;5.35187;1.22719;0.660603;
16.2117;1.57924;5.47459;1.22719;0.660603;
16.3696;1.57924;5.59731;1.22719;0.660603;
16.5275;1.57924;5.72003;1.22719;0.660603;
16.6854;1.57924;5.84275;1.22719;0.660603;
16.8433;1.57924;5.96547;1.22719;0.660603;
17.0013;1.57924;6.08819;1.22719;0.660603;
17.1592;1.57924;6.2109;1.22719;0.660603;
17.3171;1.57924;6.33362;1.22719;0.660603;
17.475;1.57924;6.45634;1.22719;0.660603;
17.633;1.57924;6.57906;1.22719;0.660603;
17.7909;1.57924;6.70178;1.22719;0.660603;
17.9488;1.57924;6.8245;1.22719;0.660603;
18.1067;1.57924;6.94722;1.22719;0.660603;
18.2647;1.57924;7.06993;1.22719;0.660603;
18.4226;1.57924;7.19265;1.22719;0.660603;
18.5805;1.57924;7.31537;1.22719;0.660603;
18.7384;1.57924;7.43809;1.22719;0.660603;
18.8964;1.57924;7.56081;1.22719;0.660603;
19.0543;1.57924;7.68353;1.22719;0.660603;
19.2122;1.57924;7.80625;1.22719;0.660603;
19.3701;1.57924;7.92896;1.22719;0.660603;
19.5281;1.57924;8.05168;1.22719;0.660603;
19.686;1.57924;8.1744;1.22719;0.660603;
19.8439;1.57924;8.29712;1.22719;0.660603;
20.0018;1.57924;8.41984;1.22719;0.660603;
20.1598;1.57924;8.54256;1.22719;0.660603;
20.3177;1.57924;8.66528;1.22719;0.660603;
20.4756;1.57924;8.788;1.22719;0.660603;
20.6335;1.57924;8.91071;1.22719;0.660603;
20.7915;1.57924;9.03343;1.22719;0.660603;
20.9494;1.57924;9.15615;1.22719;0.660603;
21.1073;1.57924;9.27887;1.22719;0.660603;
21.2652;1.57924;9.40159;1.22719;0.660603;
21.4232;1.57924;9.52431;1.22719;0.660603;
21.5811;1.57924;9.64703;1.22719;0.660603;
21.739;1.57924;9.76974;1.22719;0.660603;
21.8969;1.57924;9.89246;1.22719;0.660603;
22.0549;1.57924;10.0152;1.22719;0.660603;
22.2128;1.57924;10.1379;1.22719;0.660603;
22.3707;1.57924;10.2606;1.22719;0.660603;
22.5286;1.57924;10.3833;1.22719;0.660603;
22.6866;1.57924;10.5061;1.22719;0.660603;
22.8445;1.57924;10.6288;1.22719;0.660603;
23.0024;1.57924;10.7515;1.22719;0.660603;
23.1603;1.57924;10.8742;1.22719;0.660603;
23.3183;1.57924;10.9969;1.22719;0.660603;
23.4762;1.57924;11.1196;1.22719;0.660603;
23.6341;1.57924;11.2424;1.22719;0.660603;
23.792;1.57924;11.3651;1.22719;0.660603;
23.9499;1.57924;11.4878;1.22719;0.660603;
24.1079;1.57924;11.6105;1.22719;0.660603;
24.2658;1.57924;11.7332;1.22719;0.660603;
24.4237;1.57924;11.856;1.22719;0.660603;
24.5816;1.57924;11.9787;1.22719;0.660603;
24.7396;1.57924;12.1014;1.22719;0.660603;
24.8975;1.57924;12.2241;1.22719;0.660603;
25.0554;1.57924;12.3468;1.22719;0.660603;
25.2133;1.57924;12.4696;1.22719;0.660603;
25.3713;1.57924;12.5923;1.22719;0.660603;
25.5292;1.57924;12.715;1.22719;0.660603;
25.6871;1.57924;12.8377;1.22719;0.660603;
25.845;1.57924;12.9604;1.22719;0.660603;
26.003;1.57924;13.0831;1.22719;0.660603;
26.1609;1.57924;13.2059;1.22719;0.660603;
26.3188;1.57924;13.3286;1.22719;0.660603;
26.4767;1.57924;13.4513;1.22719;0.660603;
26.6347;1.57924;13.574;1.22719;0.660603;
26.7926;1.57924;13.6967;1.22719;0.660603;
26.9505;1.57924;13.8195;1.22719;0.660603;
27.1084;1.57924;13.9422;1.22719;0.660603;
27.2664;1.57924;14.0649;1.22719;0.660603;
27.4243;1.57924;14.1876;1.22719;0.660603;
27.5822;1.57924;14.3103;1.22719;0.660603;
27.7401;1.57924;14.4331;1.22719;0.660603;
27.8981;1.57924;14.5558;1.22719;0.660603;
28.056;1.57924;14.6785;1.22719;0.660603;
28.2139;1.57924;14.8012;1.22719;0.660603;
28.3718;1.57924;14.9239;1.22719;0.660603;
28.5298;1.57924;15.0466;1.22719;0.660603;
28.6877;1.57924;15.1694;1.22719;0.660603;
28.8456;1.57924;15.2921;1.22719;0.660603;
29.0035;1.57924;15.4148;1.22719;0.660603;
29.1615;1.57924;15.5375;1.22719;0.660603;
29.3194;1.57924;15.6602;1.22719;0.660603;
29.4773;1.57924;15.783;1.22719;0.660603;
29.6352;1.57924;15.9057;1.22719;0.660603;
29.7932;1.57924;16.0284;1.22719;0.660603;
29.9511;1.57924;16.1511;1.22719;0.660603;

-29.891;1.57924;16.2738;1.22719;0.660603;
-29.7331;1.57924;16.3966;1.22719;0.660603;
-29.5751;1.57924;16.5193;1.22719;0.660603;
-29.4172;1.57924;16.642;1.22719;0.660603;
-29.2593;1.57924;16.7647;1.22719;0.660603;
-29.1014;1.57924;16.8874;1.22719;0.660603;
-28.9435;1.57924;17.0101;1.22719;0.660603;
-28.7855;1.57924;17.1329;1.22719;0.660603;
-28.6276;1.57924;17.2556;1.22719;0.660603;
-28.4697;1.57924;17.3783;1.22719;0.660603;
-28.3118;1.57924;17.501;1.22719;0.660603;
-28.1538;1.57924;17.6237;1.22719;0.660603;
-27.9959;1.57924;17.7465;1.22719;0.660603;
-27.838;1.57924;17.8692;1.22719;0.660603;
-27.6801;1.57924;17.9919;1.22719;0.660603;
-27.5221;1.57924;18.1146;1.22719;0.660603;
-27.3642;1.57924;18.2373;1.22719;0.660603;
-27.2063;1.57924;18.3601;1.22719;0.660603;
-27.0484;1.57924;18.4828;1.22719;0.660603;
-26.8904;1.57924;18.6055;1.22719;0.660603;
-26.7325;1.57924;18.7282;1.22719;0.660603;
-26.5746;1.57924;18.8509;1.22719;0.660603;
-26.4167;1.57924;18.9736;1.22719;0.660603;
-26.2587;1.57924;19.0964;1.22719;0.660603;
-26.1008;1.57924;19.2191;1.22719;0.660603;
-25.9429;1.57924;19.3418;1.22719;0.660603;
-25.785;1.57924;19.4645;1.22719;0.660603;
-25.627;1.57924;19.5872;1.22719;0.660603;
-25.4691;1.57924;19.71;1.22719;0.660603;
-25.3112;1.57924;19.8327;1.22719;0.660603;
-25.1533;1.57924;19.9554;1.22719;0.660603;
-24.9953;1.57924;20.0781;1.22719;0.660603;
-24.8374;1.57924;20.2008;1.22719;0.660603;
-24.6795;1.57924;20.3235;1.22719;0.660603;
-24.5216;1.57924;20.4463;1.22719;0.660603;
-24.3636;1.57924;20.569;1.22719;0.660603;
-24.2057;1.57924;20.6917;1.22719;0.660603;
-24.0478;1.57924;20.8144;1.22719;0.660603;
-23.8899;1.57924;20.9371;1.22719;0.660603;
-23.7319;1.57924;21.0599;1.22719;0.660603;
-23.574;1.57924;21.1826;1.22719;0.660603;
-23.4161;1.57924;21.3053;1.22719;0.660603;
-23.2582;1.57924;21.428;1.22719;0.660603;
-23.1002;1.57924;21.5507;1.22719;0.660603;
-22.9423;1.57924;21.6735;1.22719;0.660603;
-22.7844;1.57924;21.7962;1.22719;0.660603;
-22.6265;1.57924;21.9189;1.22719;0.660603;
-22.4685;1.57924;22.0416;1.22719;0.660603;
-22.3106;1.57924;22.1643;1.22719;0.660603;
-22.1527;1.57924;22.287;1.22719;0.660603;
-21.9948;1.57924;22.4098;1.22719;0.660603;
-21.8369;1.57924;22.5325;1.22719;0.660603;
-21.6789;1.57924;22.6552;1.22719;0.660603;
-21.521;1.57924;22.7779;1.22719;0.660603;
-21.3631;1.57924;22.9006;1.22719;0.660603;
-21.2052;1.57924;23.0234;1.22719;0.660603;
-21.0472;1.57924;23.1461;1.22719;0.660603;
-20.8893;1.57924;23.2688;1.22719;0.660603;
-20.7314;1.57924;23.3915;1.22719;0.660603;
-20.5735;1.57924;23.5142;1.22719;0.660603;
-20.4155;1.57924;23.637;1.22719;0.660603;
-20.2576;1.57924;23.7597;1.22719;0.660603;
-20.0997;1.57924;23.8824;1.22719;0.660603;
-19.9418;1.57924;24.0051;1.22719;0.660603;
-19.7838;1.57924;24.1278;1.22719;0.660603;
-19.6259;1.57924;24.2505;1.22719;0.660603;
-19.468;1.57924;24.3733;1.22719;0.660603;
-19.3101;1.57924;24.496;1.22719;0.660603;
-19.1521;1.57924;24.6187;1.22719;0.660603;
-18.9942;1.57924;24.7414;1.22719;0.660603;
-18.8363;1.57924;24.8641;1.22719;0.660603;
-18.6784;1.57924;24.9869;1.22719;0.660603;
-18.5204;1.57924;25.1096;1.22719;0.660603;
-18.3625;1.57924;25.2323;1.22719;0.660603;
-18.2046;1.57924;25.355;1.22719;0.660603;
-18.0467;1.57924;25.4777;1.22719;0.660603;
-17.8887;1.57924;25.6005;1.22719;0.660603;
-17.7308;1.57924;25.7232;1.22719;0.660603;
-17.5729;1.57924;25.8459;1.22719;0.660603;
-17.415;1.57924;25.9686;1.22719;0.660603;
-17.257;1.57924;26.0913;1.22719;0.660603;
-17.0991;1.57924;26.214;1.22719;0.660603;
-16.9412;1.57924;26.3368;1.22719;0.660603;
-16.7833;1.57924;26.4595;1.22719;0.660603;
-16.6253;1.57924;26.5822;1.22719;0.660603;
-16.4674;1.57924;26.7049;1.22719;0.660603;
-16.3095;1.57924;26.8276;1.22719;0.660603;
-16.1516;1.57924;26.9504;1.22719;0.660603;
-15.9936;1.57924;27.0731;1.22719;0.660603;
-15.8357;1.57924;27.1958;1.22719;0.660603;
-15.6778;1.57924;27.3185;1.22719;0.660603;
-15.5199;1.57924;27.4412;1.22719;0.660603;
-15.3619;1.57924;27.5639;1.22719;0.660603;
-15.204;1.57924;27.6867;1.22719;0.660603;
-15.0461;1.57924;27.8094;1.22719;0.660603;
-14.8882;1.57924;27.9321;1.22719;0.660603;
-14.7302;1.57924;28.0548;1.22719;0.660603;
-14.5723;1.57924;28.1775;1.22719;0.660603;
-14.4144;1.57924;28.3003;1.22719;0.660603;
-14.2565;1.57924;28.423;1.22719;0.660603;
-14.0986;1.57924;28.5457;1.22719;0.660603;
-13.9406;1.57924;28.6684;1.22719;0.660603;
-13.7827;1.57924;28.7911;1.22719;0.660603;
-13.6248;1.57924;28.9139;1.22719;0.660603;
-13.4669;1.57924;29.0366;1.22719;0.660603;
-13.3089;1.57924;29.1593;1.22719;0.660603;
-13.151;1.57924;29.282;1.22719;0.660603;
-12.9931;1.57924;29.4047;1.22719;0.660603;
-12.8352;1.57924;29.5274;1.22719;0.660603;
-12.6772;1.57924;29.6502;1.22719;0.660603;
-12.5193;1.57924;29.7729;1.22719;0.660603;
-12.3614;1.57924;29.8956;1.22719;0.660603;

-12.2035;1.57924;-29.9817;1.22719;0.660603;
-12.0455;1.57924;-29.859;1.22719;0.660603;
-11.8876;1.57924;-29.7362;1.22719;0.660603;
-11.7297;1.57924;-29.6135;1.22719;0.660603;
-11.5718;1.57924;-29.4908;1.22719;0.660603;
-11.4138;1.57924;-29.3681;1.22719;0.660603;
-11.2559;1.57924;-29.2454;1.22719;0.660603;
-11.098;1.57924;-29.1226;1.22719;0.660603;
-10.9401;1.57924;-28.9999;1.22719;0.660603;
-10.7821;1.57924;-28.8772;1.22719;0.660603;
-10.6242;1.57924;-28.7545;1.22719;0.660603;
-10.4663;1.57924;-28.6318;1.22719;0.660603;
-10.3084;1.57924;-28.5091;1.22719;0.660603;
-10.1504;1.57924;-28.3863;1.22719;0.660603;
-9.99252;1.57924;-28.2636;1.22719;0.660603;
-9.83459;1.57924;-28.1409;1.22719;0.660603;
-9.67667;1.57924;-28.0182;1.22719;0.660603;
-9.51874;1.57924;-27.8955;1.22719;0.660603;
-9.36082;1.57924;-27.7727;1.22719;0.660603;
-9.20289;1.57924;-27.65;1.22719;0.660603;
-9.04497;1.57924;-27.5273;1.22719;0.660603;
-8.88705;1.57924;-27.4046;1.22719;0.660603;
-8.72912;1.57924;-27.2819;1.22719;0.660603;
-8.5712;1.57924;-27.1591;1.22719;0.660603;
-8.41327;1.57924;-27.0364;1.22719;0.660603;
-8.25535;1.57924;-26.9137;1.22719;0.660603;
-8.09742;1.57924;-26.791;1.22719;0.660603;
-7.9395;1.57924;-26.6683;1.22719;0.660603;
-7.78157;1.57924;-26.5456;1.22719;0.660603;
-7.62365;1.57924;-26.4228;1.22719;0.660603;
-7.46573;1.57924;-26.3001;1.22719;0.660603;
-7.3078;1.57924;-26.1774;1.22719;0.660603;
-7.14988;1.57924;-26.0547;1.22719;0.660603;
-6.99195;1.57924;-25.932;1.22719;0.660603;
-6.83403;1.57924;-25.8092;1.22719;0.660603;
-6.6761;1.57924;-25.6865;1.22719;0.660603;
-6.51818;1.57924;-25.5638;1.22719;0.660603;
-6.36025;1.57924;-25.4411;1.22719;0.660603;
-6.20233;1.57924;-25.3184;1.22719;0.660603;
-6.04441;1.57924;-25.1957;1.22719;0.660603;
-5.88648;1.57924;-25.0729;1.22719;0.660603;
-5.72856;1.57924;-24.9502;1.22719;0.660603;
-5.57063;1.57924;-24.8275;1.22719;0.660603;
-5.41271;1.57924;-24.7048;1.22719;0.660603;
-5.25478;1.57924;-24.5821;1.22719;0.660603;
-5.09686;1.57924;-24.4593;1.22719;0.660603;
-4.93893;1.57924;-24.3366;1.22719;0.660603;
-4.78101;1.57924;-24.2139;1.22719;0.660603;
-4.62309;1.57924;-24.0912;1.22719;0.660603;
-4.46516;1.57924;-23.9685;1.22719;0.660603;
-4.30724;1.57924;-23.8457;1.22719;0.660603;
-4.14931;1.57924;-23.723;1.22719;0.660603;
-3.99139;1.57924;-23.6003;1.22719;0.660603;
-3.83346;1.57924;-23.4776;1.22719;0.660603;
-3.67554;1.57924;-23.3549;1.22719;0.660603;
-3.51761;1.57924;-23.2322;1.22719;0.660603;
-3.35969;1.57924;-23.1094;1.22719;0.660603;
-3.20176;1.57924;-22.9867;1.22719;0.660603;
-3.04384;1.57924;-22.864;1.22719;0.660603;
-2.88592;1.57924;-22.7413;1.22719;0.660603;
-2.72799;1.57924;-22.6186;1.22719;0.660603;
-2.57007;1.57924;-22.4958;1.22719;0.660603;
-2.41214;1.57924;-22.3731;1.22719;0.660603;
-2.25422;1.57924;-22.2504;1.22719;0.660603;
-2.09629;1.57924;-22.1277;1.22719;0.660603;
-1.93837;1.57924;-22.005;1.22719;0.660603;
-1.78044;1.57924;-21.8822;1.22719;0.660603;
-1.62252;1.57924;-21.7595;1.22719;0.660603;
-1.4646;1.57924;-21.6368;1.22719;0.660603;
-1.30667;1.57924;-21.5141;1.22719;0.660603;
-1.14875;1.57924;-21.3914;1.22719;0.660603;
-0.990823;1.57924;-21.2687;1.22719;0.660603;
-0.832898;1.57924;-21.1459;1.22719;0.660603;
-0.674974;1.57924;-21.0232;1.22719;0.660603;
-0.517049;1.57924;-20.9005;1.22719;0.660603;
-0.359125;1.57924;-20.7778;1.22719;0.660603;
-0.2012;1.57924;-20.6551;1.22719;0.660603;
-0.0432759;1.57924;-20.5323;1.22719;0.660603;
0.114649;1.57924;-20.4096;1.22719;0.660603;
0.272573;1.57924;-20.2869;1.22719;0.660603;
0.430497;1.57924;-20.1642;1.22719;0.660603;
0.588422;1.57924;-20.0415;1.22719;0.660603;
0.746346;1.57924;-19.9187;1.22719;0.660603;
0.904271;1.57924;-19.796;1.22719;0.660603;
1.0622;1.57924;-19.6733;1.22719;0.660603;
1.22012;1.57924;-19.5506;1.22719;0.660603;
1.37804;1.57924;-19.4279;1.22719;0.660603;
1.53597;1.57924;-19.3052;1.22719;0.660603;
1.69389;1.57924;-19.1824;1.22719;0.660603;
1.85182;1.57924;-19.0597;1.22719;0.660603;
2.00974;1.57924;-18.937;1.22719;0.660603;
2.16767;1.57924;-18.8143;1.22719;0.660603;
2.32559;1.57924;-18.6916;1.22719;0.660603;
2.48352;1.57924;-18.5688;1.22719;0.660603;
2.64144;1.57924;-18.4461;1.22719;0.660603;
2.79936;1.57924;-18.3234;1.22719;0.660603;
2.95729;1.57924;-18.2007;1.22719;0.660603;
3.11521;1.57924;-18.078;1.22719;0.660603;
3.27314;1.57924;-17.9552;1.22719;0.660603;
3.43106;1.57924;-17.8325;1.22719;0.660603;
3.58899;1.57924;-17.7098;1.22719;0.660603;
3.74691;1.57924;-17.5871;1.22719;0.660603;
3.90484;1.57924;-17.4644;1.22719;0.660603;
4.06276;1.57924;-17.3417;1.22719;0.660603;
4.22068;1.57924;-17.2189;1.22719;0.660603;
4.37861;1.57924;-17.0962;1.22719;0.660603;
4.53653;1.57924;-16.9735;1.22719;0.660603;
4.69446;1.57924;-16.8508;1.22719;0.660603;
4.85238;1.57924;-16.7281;1.22719;0.660603;
5.01031;1.57924;-16.6053;1.22719;0.660603;
5.16823;1.57924;-16.4826;1.22719;0.660603;
5.32616;1.57924;-16.3599;1.22719;0.660603;
5.48408;1.57924;-16.2372;1.22719;0.660603;
5.642;1.57924;-16.1145;1.22719;0.660603;
5.79993;1.57924;-15.9918;1.22719;0.660603;
5.95785;1.57924;-15.869;1.22719;0.660603;
6.11578;1.57924;-15.7463;1.22719;0.660603;
6.2737;1.57924;-15.6236;1.22719;0.660603;
6.43163;1.57924;-15.5009;1.22719;0.660603;
6.58955;1.57924;-15.3782;1.22719;0.660603;
6.74748;1.57924;-15.2554;1.22719;0.660603;
6.9054;1.57924;-15.1327;1.22719;0.660603;
7.06332;1.57924;-15.01;1.22719;0.660603;
7.22125;1.57924;-14.8873;1.22719;0.660603;
7.37917;1.57924;-14.7646;1.22719;0.660603;
7.5371;1.57924;-14.6418;1.22719;0.660603;
7.69502;1.57924;-14.5191;1.22719;0.660603;
7.85295;1.57924;-14.3964;1.22719;0.660603;
8.01087;1.57924;-14.2737;1.22719;0.660603;
8.1688;1.57924;-14.151;1.22719;0.660603;
8.32672;1.57924;-14.0283;1.22719;0.660603;
8.48464;1.57924;-13.9055;1.22719;0.660603;
8.64257;1.57924;-13.7828;1.22719;0.660603;
8.80049;1.57924;-13.6601;1.22719;0.660603;
8.95842;1.57924;-13.5374;1.22719;0.660603;
9.11634;1.57924;-13.4147;1.22719;0.660603;
9.27427;1.57924;-13.2919;1.22719;0.660603;
9.43219;1.57924;-13.1692;1.22719;0.660603;
9.59012;1.57924;-13.0465;1.22719;0.660603;
9.74804;1.57924;-12.9238;1.22719;0.660603;
9.90596;1.57924;-12.8011;1.22719;0.660603;
10.0639;1.57924;-12.6783;1.22719;0.660603;
10.2218;1.57924;-12.5556;1.22719;0.660603;
10.3797;1.57924;-12.4329;1.22719;0.660603;
10.5377;1.57924;-12.3102;1.22719;0.660603;
10.6956;1.57924;-12.1875;1.22719;0.660603;
10.8535;1.57924;-12.0648;1.22719;0.660603;
11.0114;1.57924;-11.942;1.22719;0.660603;
11.1694;1.57924;-11.8193;1.22719;0.660603;
11.3273;1.57924;-11.6966;1.22719;0.660603;
11.4852;1.57924;-11.5739;1.22719;0.660603;
11.6431;1.57924;-11.4512;1.22719;0.660603;
11.8011;1.57924;-11.3284;1.22719;0.660603;
11.959;1.57924;-11.2057;1.22719;0.660603;
12.1169;1.57924;-11.083;1.22719;0.660603;
12.2748;1.57924;-10.9603;1.22719;0.660603;
12.4328;1.57924;-10.8376;1.22719;0.660603;
12.5907;1.57924;-10.7148;1.22719;0.660603;
12.7486;1.57924;-10.5921;1.22719;0.660603;
12.9065;1.57924;-10.4694;1.22719;0.660603;
13.0645;1.57924;-10.3467;1.22719;0.660603;
13.2224;1.57924;-10.224;1.22719;0.660603;
13.3803;1.57924;-10.1013;1.22719;0.660603;
13.5382;1.57924;-9.97854;1.22719;0.660603;
13.6962;1.57924;-9.85582;1.22719;0.660603;
13.8541;1.57924;-9.7331;1.22719;0.660603;
14.012;1.57924;-9.61038;1.22719;0.660603;
14.1699;1.57924;-9.48766;1.22719;0.660603;
14.3278;1.57924;-9.36494;1.22719;0.660603;
14.4858;1.57924;-9.24223;1.22719;0.660603;
14.6437;1.57924;-9.11951;1.22719;0.660603;
14.8016;1.57924;-8.99679;1.22719;0.660603;
14.9595;1.57924;-8.87407;1.22719;0.660603;
15.1175;1.57924;-8.75135;1.22719;0.660603;
15.2754;1.57924;-8.62863;1.22719;0.660603;
15.4333;1.57924;-8.50591;1.22719;0.660603;
15.5912;1.57924;-8.38319;1.22719;0.660603;
15.7492;1.57924;-8.26048;1.22719;0.660603;
15.9071;1.57924;-8.13776;1.22719;0.660603;
16.065;1.57924;-8.01504;1.22719;0.660603;
16.2229;1.57924;-7.89232;1.22719;0.660603;
16.3809;1.57924;-7.7696;1.22719;0.660603;
16.5388;1.57924;-7.64688;1.22719;0.660603;
16.6967;1.57924;-7.52416;1.22719;0.660603;
16.8546;1.57924;-7.40145;1.22719;0.660603;
17.0126;1.57924;-7.27873;1.22719;0.660603;
17.1705;1.57924;-7.15601;1.22719;0.660603;
17.3284;1.57924;-7.03329;1.22719;0.660603;
17.4863;1.57924;-6.91057;1.22719;0.660603;
17.6443;1.57924;-6.78785;1.22719;0.660603;
17.8022;1.57924;-6.66513;1.22719;0.660603;
17.9601;1.57924;-6.54242;1.22719;0.660603;
18.118;1.57924;-6.4197;1.22719;0.660603;
18.276;1.57924;-6.29698;1.22719;0.660603;
18.4339;1.57924;-6.17426;1.22719;0.660603;
18.5918;1.57924;-6.05154;1.22719;0.660603;
18.7497;1.57924;-5.92882;1.22719;0.660603;
18.9077;1.57924;-5.8061;1.22719;0.660603;
19.0656;1.57924;-5.68338;1.22719;0.660603;
19.2235;1.57924;-5.56067;1.22719;0.660603;
19.3814;1.57924;-5.43795;1.22719;0.660603;
19.5394;1.57924;-5.31523;1.22719;0.660603;
19.6973;1.57924;-5.19251;1.22719;0.660603;
19.8552;1.57924;-5.06979;1.22719;0.660603;
20.0131;1.57924;-4.94707;1.22719;0.660603;
20.1711;1.57924;-4.82435;1.22719;0.660603;
20.329;1.57924;-4.70164;1.22719;0.660603;
20.4869;1.57924;-4.57892;1.22719;0.660603;
20.6448;1.57924;-4.4562;1.22719;0.660603;
20.8028;1.57924;-4.33348;1.22719;0.660603;
20.9607;1.57924;-4.21076;1.22719;0.660603;
21.1186;1.57924;-4.08804;1.22719;0.660603;
21.2765;1.57924;-3.96532;1.22719;0.660603;
21.4344;1.57924;-3.8426;1.22719;0.660603;
21.5924;1.57924;-3.71989;1.22719;0.660603;
21.7503;1.57924;-3.59717;1.22719;0.660603;
21.9082;1.57924;-3.47445;1.22719;0.660603;
22.0661;1.57924;-3.35173;1.22719;0.660603;
22.2241;1.57924;-3.22901;1.22719;0.660603;
22.382;1.57924;-3.10629;1.22719;0.660603;
22.5399;1.57924;-2.98357;1.22719;0.660603;
22.6978;1.57924;-2.86086;1.22719;0.660603;
22.8558;1.57924;-2.73814;1.22719;0.660603;
23.0137;1.57924;-2.61542;1.22719;0.660603;
23.1716;1.57924;-2.4927;1.22719;0.660603;
23.3295;1.57924;-2.36998;1.22719;0.660603;
23.4875;1.57924;-2.24726;1.22719;0.660603;
23.6454;1.57924;-2.12454;1.22719;0.660603;
23.8033;1.57924;-2.00182;1.22719;0.660603;
23.9612;1.57924;-1.87911;1.22719;0.660603;
24.1192;1.57924;-1.75639;1.22719;0.660603;
24.2771;1.57924;-1.63367;1.22719;0.660603;
24.435;1.57924;-1.51095;1.22719;0.660603;
24.5929;1.57924;-1.38823;1.22719;0.660603;
24.7509;1.57924;-1.26551;1.22719;0.660603;
24.9088;1.57924;-1.14279;1.22719;0.660603;
25.0667;1.57924;-1.02008;1.22719;0.660603;
25.2246;1.57924;-0.897357;1.22719;0.660603;
25.3826;1.57924;-0.774638;1.22719;0.660603;
25.5405;1.57924;-0.65192;1.22719;0.660603;
25.6984;1.57924;-0.529201;1.22719;0.660603;
25.8563;1.57924;-0.406482;1.22719;0.660603;
26.0143;1.57924;-0.283764;1.22719;0.660603;
26.1722;1.57924;-0.161045;1.22719;0.660603;
26.3301;1.57924;-0.0383265;1.22719;0.660603;
26.488;1.57924;0.0843921;1.22719;0.660603;
26.646;1.57924;0.207111;1.22719;0.660603;
26.8039;1.57924;0.329829;1.22719;0.660603;
26.9618;1.57924;0.452548;1.22719;0.660603;
27.1197;1.57924;0.575267;1.22719;0.660603;
27.2777;1.57924;0.697985;1.22719;0.660603;
27.4356;1.57924;0.820704;1.22719;0.660603;
27.5935;1.57924;0.943423;1.22719;0.660603;
27.7514;1.57924;1.06614;1.22719;0.660603;
27.9094;1.57924;1.18886;1.22719;0.660603;
28.0673;1.57924;1.31158;1.22719;0.660603;
28.2252;1.57924;1.4343;1.22719;0.660603;
28.3831;1.57924;1.55702;1.22719;0.660603;
28.541;1.57924;1.67973;1.22719;0.660603;
28.699;1.57924;1.80245;1.22719;0.660603;
28.8569;1.57924;1.92517;1.22719;0.660603;
29.0148;1.57924;2.04789;1.22719;0.660603;
29.1727;1.57924;2.17061;1.22719;0.660603;
29.3307;1.57924;2.29333;1.22719;0.660603;
29.4886;1.57924;2.41605;1.22719;0.660603;
29.6465;1.57924;2.53877;1.22719;0.660603;
29.8044;1.57924;2.66148;1.22719;0.660603;
29.9624;1.57924;2.7842;1.22719;0.660603;

-29.8797;1.57924;2.90692;1.22719;0.660603;
-29.7218;1.57924;3.02964;1.22719;0.660603;
-29.5639;1.57924;3.15236;1.22719;0.660603;
-29.4059;1.57924;3.27508;1.22719;0.660603;
-29.248;1.57924;3.3978;1.22719;0.660603;
-29.0901;1.57924;3.52051;1.22719;0.660603;
-28.9322;1.57924;3.64323;1.22719;0.660603;
-28.7742;1.57924;3.76595;1.22719;0.660603;
-28.6163;1.57924;3.88867;1.22719;0.660603;
-28.4584;1.57924;4.01139;1.22719;0.660603;
-28.3005;1.57924;4.13411;1.22719;0.660603;
-28.1425;1.57924;4.25683;1.22719;0.660603;
-27.9846;1.57924;4.37954;1.22719;0.660603;
-27.8267;1.57924;4.50226;1.22719;0.660603;
-27.6688;1.57924;4.62498;1.22719;0.660603;
-27.5108;1.57924;4.7477;1.22719;0.660603;
-27.3529;1.57924;4.87042;1.22719;0.660603;
-27.195;1.57924;4.99314;1.22719;0.660603;
-27.0371;1.57924;5.11586;1.22719;0.660603;
-26.8791;1.57924;5.23858;1.22719;0.660603;
-26.7212;1.57924;5.36129;1.22719;0.660603;
-26.5633;1.57924;5.48401;1.22719;0.660603;
-26.4054;1.57924;5.60673;1.22719;0.660603;
-26.2474;1.57924;5.72945;1.22719;0.660603;
-26.0895;1.57924;5.85217;1.22719;0.660603;
-25.9316;1.57924;5.97489;1.22719;0.660603;
-25.7737;1.57924;6.09761;1.22719;0.660603;
-25.6157;1.57924;6.22032;1.22719;0.660603;
-25.4578;1.57924;6.34304;1.22719;0.660603;
-25.2999;1.57924;6.46576;1.22719;0.660603;
-25.142;1.57924;6.58848;1.22719;0.660603;
-24.984;1.57924;6.7112;1.22719;0.660603;
-24.8261;1.57924;6.83392;1.22719;0.660603;
-24.6682;1.57924;6.95664;1.22719;0.660603;
-24.5103;1.57924;7.07936;1.22719;0.660603;
-24.3523;1.57924;7.20207;1.22719;0.660603;
-24.1944;1.57924;7.32479;1.22719;0.660603;
-24.0365;1.57924;7.44751;1.22719;0.660603;
-23.8786;1.57924;7.57023;1.22719;0.660603;
-23.7207;1.57924;7.69295;1.22719;0.660603;
-23.5627;1.57924;7.81567;1.22719;0.660603;
-23.4048;1.57924;7.93839;1.22719;0.660603;
-23.2469;1.57924;8.0611;1.22719;0.660603;
-23.089;1.57924;8.18382;1.22719;0.660603;
-22.931;1.57924;8.30654;1.22719;0.660603;
-22.7731;1.57924;8.42926;1.22719;0.660603;
-22.6152;1.57924;8.55198;1.22719;0.660603;
-22.4573;1.57924;8.6747;1.22719;0.660603;
-22.2993;1.57924;8.79742;1.22719;0.660603;
-22.1414;1.57924;8.92014;1.22719;0.660603;
-21.9835;1.57924;9.04285;1.22719;0.660603;
-21.8256;1.57924;9.16557;1.22719;0.660603;
-21.6676;1.57924;9.28829;1.22719;0.660603;
-21.5097;1.57924;9.41101;1.22719;0.660603;
-21.3518;1.57924;9.53373;1.22719;0.660603;
-21.1939;1.57924;9.65645;1.22719;0.660603;
-21.0359;1.57924;9.77917;1.22719;0.660603;
-20.878;1.57924;9.90188;1.22719;0.660603;
-20.7201;1.57924;10.0246;1.22719;0.660603;
-20.5622;1.57924;10.1473;1.22719;0.660603;
-20.4042;1.57924;10.27;1.22719;0.660603;
-20.2463;1.57924;10.3928;1.22719;0.660603;
-20.0884;1.57924;10.5155;1.22719;0.660603;
-19.9305;1.57924;10.6382;1.22719;0.660603;
-19.7725;1.57924;10.7609;1.22719;0.660603;
-19.6146;1.57924;10.8836;1.22719;0.660603;
-19.4567;1.57924;11.0064;1.22719;0.660603;
-19.2988;1.57924;11.1291;1.22719;0.660603;
-19.1408;1.57924;11.2518;1.22719;0.660603;
-18.9829;1.57924;11.3745;1.22719;0.660603;
-18.825;1.57924;11.4972;1.22719;0.660603;
-18.6671;1.57924;11.6199;1.22719;0.660603;
-18.5091;1.57924;11.7427;1.22719;0.660603;
-18.3512;1.57924;11.8654;1.22719;0.660603;
-18.1933;1.57924;11.9881;1.22719;0.660603;
-18.0354;1.57924;12.1108;1.22719;0.660603;
-17.8774;1.57924;12.2335;1.22719;0.660603;
-17.7195;1.57924;12.3563;1.22719;0.660603;
-17.5616;1.57924;12.479;1.22719;0.660603;
-17.4037;1.57924;12.6017;1.22719;0.660603;
-17.2457;1.57924;12.7244;1.22719;0.660603;
-17.0878;1.57924;12.8471;1.22719;0.660603;
-16.9299;1.57924;12.9699;1.22719;0.660603;
-16.772;1.57924;13.0926;1.22719;0.660603;
-16.6141;1.57924;13.2153;1.22719;0.660603;
-16.4561;1.57924;13.338;1.22719;0.660603;
-16.2982;1.57924;13.4607;1.22719;0.660603;
-16.1403;1.57924;13.5834;1.22719;0.660603;
-15.9824;1.57924;13.7062;1.22719;0.660603;
-15.8244;1.57924;13.8289;1.22719;0.660603;
-15.6665;1.57924;13.9516;1.22719;0.660603;
-15.5086;1.57924;14.0743;1.22719;0.660603;
-15.3507;1.57924;14.197;1.22719;0.660603;
-15.1927;1.57924;14.3198;1.22719;0.660603;
-15.0348;1.57924;14.4425;1.22719;0.660603;
-14.8769;1.57924;14.5652;1.22719;0.660603;
-14.719;1.57924;14.6879;1.22719;0.660603;
-14.561;1.57924;14.8106;1.22719;0.660603;
-14.4031;1.57924;14.9333;1.22719;0.660603;
-14.2452;1.57924;15.0561;1.22719;0.660603;
-14.0873;1.57924;15.1788;1.22719;0.660603;
-13.9293;1.57924;15.3015;1.22719;0.660603;
-13.7714;1.57924;15.4242;1.22719;0.660603;
-13.6135;1.57924;15.5469;1.22719;0.660603;
-13.4556;1.57924;15.6697;1.22719;0.660603;
-13.2976;1.57924;15.7924;1.22719;0.660603;
-13.1397;1.57924;15.9151;1.22719;0.660603;
-12.9818;1.57924;16.0378;1.22719;0.660603;
-12.8239;1.57924;16.1605;1.22719;0.660603;
-12.6659;1.57924;16.2833;1.22719;0.660603;
-12.508;1.57924;16.406;1.22719;0.660603;
-12.3501;1.57924;16.5287;1.22719;0.660603;
-12.1922;1.57924;16.6514;1.22719;0.660603;
-12.0342;1.57924;16.7741;1.22719;0.660603;
-11.8763;1.57924;16.8968;1.22719;0.660603;
-11.7184;1.57924;17.0196;1.22719;0.660603;
-11.5605;1.57924;17.1423;1.22719;0.660603;
-11.4025;1.57924;17.265;1.22719;0.660603;
-11.2446;1.57924;17.3877;1.22719;0.660603;
-11.0867;1.57924;17.5104;1.22719;0.660603;
-10.9288;1.57924;17.6332;1.22719;0.660603;
-10.7708;1.57924;17.7559;1.22719;0.660603;
-10.6129;1.57924;17.8786;1.22719;0.660603;
-10.455;1.57924;18.0013;1.22719;0.660603;
-10.2971;1.57924;18.124;1.22719;0.660603;
-10.1391;1.57924;18.2468;1.22719;0.660603;
-9.98122;1.57924;18.3695;1.22719;0.660603;
-9.8233;1.57924;18.4922;1.22719;0.660603;
-9.66538;1.57924;18.6149;1.22719;0.660603;
-9.50745;1.57924;18.7376;1.22719;0.660603;
-9.34953;1.57924;18.8603;1.22719;0.660603;
-9.1916;1.57924;18.9831;1.22719;0.660603;
-9.03368;1.57924;19.1058;1.22719;0.660603;
-8.87575;1.57924;19.2285;1.22719;0.660603;
-8.71783;1.57924;19.3512;1.22719;0.660603;
-8.5599;1.57924;19.4739;1.22719;0.660603;
-8.40198;1.57924;19.5967;1.22719;0.660603;
-8.24406;1.57924;19.7194;1.22719;0.660603;
-8.08613;1.57924;19.8421;1.22719;0.660603;
-7.92821;1.57924;19.9648;1.22719;0.660603;
-7.77028;1.57924;20.0875;1.22719;0.660603;
-7.61236;1.57924;20.2103;1.22719;0.660603;
-7.45443;1.57924;20.333;1.22719;0.660603;
-7.29651;1.57924;20.4557;1.22719;0.660603;
-7.13858;1.57924;20.5784;1.22719;0.660603;
-6.98066;1.57924;20.7011;1.22719;0.660603;
-6.82274;1.57924;20.8238;1.22719;0.660603;
-6.66481;1.57924;20.9466;1.22719;0.660603;
-6.50689;1.57924;21.0693;1.22719;0.660603;
-6.34896;1.57924;21.192;1.22719;0.660603;
-6.19104;1.57924;21.3147;1.22719;0.660603;
-6.03311;1.57924;21.4374;1.22719;0.660603;
-5.87519;1.57924;21.5602;1.22719;0.660603;
-5.71726;1.57924;21.6829;1.22719;0.660603;
-5.55934;1.57924;21.8056;1.22719;0.660603;
-5.40142;1.57924;21.9283;1.22719;0.660603;
-5.24349;1.57924;22.051;1.22719;0.660603;
-5.08557;1.57924;22.1737;1.22719;0.660603;
-4.92764;1.57924;22.2965;1.22719;0.660603;
-4.76972;1.57924;22.4192;1.22719;0.660603;
-4.61179;1.57924;22.5419;1.22719;0.660603;
-4.45387;1.57924;22.6646;1.22719;0.660603;
-4.29594;1.57924;22.7873;1.22719;0.660603;
-4.13802;1.57924;22.9101;1.22719;0.660603;
-3.9801;1.57924;23.0328;1.22719;0.660603;
-3.82217;1.57924;23.1555;1.22719;0.660603;
-3.66425;1.57924;23.2782;1.22719;0.660603;
-3.50632;1.57924;23.4009;1.22719;0.660603;
-3.3484;1.57924;23.5237;1.22719;0.660603;
-3.19047;1.57924;23.6464;1.22719;0.660603;
-3.03255;1.57924;23.7691;1.22719;0.660603;
-2.87462;1.57924;23.8918;1.22719;0.660603;
-2.7167;1.57924;24.0145;1.22719;0.660603;
-2.55878;1.57924;24.1372;1.22719;0.660603;
-2.40085;1.57924;24.26;1.22719;0.660603;
-2.24293;1.57924;24.3827;1.22719;0.660603;
-2.085;1.57924;24.5054;1.22719;0.660603;
-1.92708;1.57924;24.6281;1.22719;0.660603;
-1.76915;1.57924;24.7508;1.22719;0.660603;
-1.61123;1.57924;24.8736;1.22719;0.660603;
-1.4533;1.57924;24.9963;1.22719;0.660603;
-1.29538;1.57924;25.119;1.22719;0.660603;
-1.13746;1.57924;25.2417;1.22719;0.660603;
-0.979531;1.57924;25.3644;1.22719;0.660603;
-0.821607;1.57924;25.4872;1.22719;0.660603;
-0.663682;1.57924;25.6099;1.22719;0.660603;
-0.505758;1.57924;25.7326;1.22719;0.660603;
-0.347833;1.57924;25.8553;1.22719;0.660603;
-0.189909;1.57924;25.978;1.22719;0.660603;
-0.0319844;1.57924;26.1007;1.22719;0.660603;
0.12594;1.57924;26.2235;1.22719;0.660603;
0.283865;1.57924;26.3462;1.22719;0.660603;
0.441789;1.57924;26.4689;1.22719;0.660603;
0.599713;1.57924;26.5916;1.22719;0.660603;
0.757638;1.57924;26.7143;1.22719;0.660603;
0.915562;1.57924;26.8371;1.22719;0.660603;
1.07349;1.57924;26.9598;1.22719;0.660603;
1.23141;1.57924;27.0825;1.22719;0.660603;
1.38934;1.57924;27.2052;1.22719;0.660603;
1.54726;1.57924;27.3279;1.22719;0.660603;
1.70518;1.57924;27.4507;1.22719;0.660603;
1.86311;1.57924;27.5734;1.22719;0.660603;
2.02103;1.57924;27.6961;1.22719;0.660603;
2.17896;1.57924;27.8188;1.22719;0.660603;
2.33688;1.57924;27.9415;1.22719;0.660603;
2.49481;1.57924;28.0642;1.22719;0.660603;
2.65273;1.57924;28.187;1.22719;0.660603;
2.81066;1.57924;28.3097;1.22719;0.660603;
2.96858;1.57924;28.4324;1.22719;0.660603;
3.1265;1.57924;28.5551;1.22719;0.660603;
3.28443;1.57924;28.6778;1.22719;0.660603;
3.44235;1.57924;28.8006;1.22719;0.660603;
3.60028;1.57924;28.9233;1.22719;0.660603;
3.7582;1.57924;29.046;1.22719;0.660603;
3.91613;1.57924;29.1687;1.22719;0.660603;
4.07405;1.57924;29.2914;1.22719;0.660603;
4.23198;1.57924;29.4142;1.22719;0.660603;
4.3899;1.57924;29.5369;1.22719;0.660603;
4.54782;1.57924;29.6596;1.22719;0.660603;
4.70575;1.57924;29.7823;1.22719;0.660603;
4.86367;1.57924;29.905;1.22719;0.660603;

5.0216;1.57924;-29.9723;1.22719;0.660603;
5.17952;1.57924;-29.8495;1.22719;0.660603;
5.33745;1.57924;-29.7268;1.22719;0.660603;
5.49537;1.57924;-29.6041;1.22719;0.660603;
5.6533;1.57924;-29.4814;1.22719;0.660603;
5.81122;1.57924;-29.3587;1.22719;0.660603;
5.96914;1.57924;-29.2359;1.22719;0.660603;
6.12707;1.57924;-29.1132;1.22719;0.660603;
6.28499;1.57924;-28.9905;1.22719;0.660603;
6.44292;1.57924;-28.8678;1.22719;0.660603;
6.60084;1.57924;-28.7451;1.22719;0.660603;
6.75877;1.57924;-28.6224;1.22719;0.660603;
6.91669;1.57924;-28.4996;1.22719;0.660603;
7.07462;1.57924;-28.3769;1.22719;0.660603;
7.23254;1.57924;-28.2542;1.22719;0.660603;
7.39046;1.57924;-28.1315;1.22719;0.660603;
7.54839;1.57924;-28.0088;1.22719;0.660603;
7.70631;1.57924;-27.886;1.22719;0.660603;
7.86424;1.57924;-27.7633;1.22719;0.660603;
8.02216;1.57924;-27.6406;1.22719;0.660603;
8.18009;1.57924;-27.5179;1.22719;0.660603;
8.33801;1.57924;-27.3952;1.22719;0.660603;
8.49594;1.57924;-27.2724;1.22719;0.660603;
8.65386;1.57924;-27.1497;1.22719;0.660603;
8.81178;1.57924;-27.027;1.22719;0.660603;
8.96971;1.57924;-26.9043;1.22719;0.660603;
9.12763;1.57924;-26.7816;1.22719;0.660603;
9.28556;1.57924;-26.6589;1.22719;0.660603;
9.44348;1.57924;-26.5361;1.22719;0.660603;
9.60141;1.57924;-26.4134;1.22719;0.660603;
9.75933;1.57924;-26.2907;1.22719;0.660603;
9.91726;1.57924;-26.168;1.22719;0.660603;
10.0752;1.57924;-26.0453;1.22719;0.660603;
10.2331;1.57924;-25.9225;1.22719;0.660603;
10.391;1.57924;-25.7998;1.22719;0.660603;
10.549;1.57924;-25.6771;1.22719;0.660603;
10.7069;1.57924;-25.5544;1.22719;0.660603;
10.8648;1.57924;-25.4317;1.22719;0.660603;
11.0227;1.57924;-25.3089;1.22719;0.660603;
11.1807;1.57924;-25.1862;1.22719;0.660603;
11.3386;1.57924;-25.0635;1.22719;0.660603;
11.4965;1.57924;-24.9408;1.22719;0.660603;
11.6544;1.57924;-24.8181;1.22719;0.660603;
11.8123;1.57924;-24.6954;1.22719;0.660603;
11.9703;1.57924;-24.5726;1.22719;0.660603;
12.1282;1.57924;-24.4499;1.22719;0.660603;
12.2861;1.57924;-24.3272;1.22719;0.660603;
12.444;1.57924;-24.2045;1.22719;0.660603;
12.602;1.57924;-24.0818;1.22719;0.660603;
12.7599;1.57924;-23.959;1.22719;0.660603;
12.9178;1.57924;-23.8363;1.22719;0.660603;
13.0757;1.57924;-23.7136;1.22719;0.660603;
13.2337;1.57924;-23.5909;1.22719;0.660603;
13.3916;1.57924;-23.4682;1.22719;0.660603;
13.5495;1.57924;-23.3454;1.22719;0.660603;
13.7074;1.57924;-23.2227;1.22719;0.660603;
13.8654;1.57924;-23.1;1.22719;0.660603;
14.0233;1.57924;-22.9773;1.22719;0.660603;
14.1812;1.57924;-22.8546;1.22719;0.660603;
14.3391;1.57924;-22.7319;1.22719;0.660603;
14.4971;1.57924;-22.6091;1.22719;0.660603;
14.655;1.57924;-22.4864;1.22719;0.660603;
14.8129;1.57924;-22.3637;1.22719;0.660603;
14.9708;1.57924;-22.241;1.22719;0.660603;
15.1288;1.57924;-22.1183;1.22719;0.660603;
15.2867;1.57924;-21.9955;1.22719;0.660603;
15.4446;1.57924;-21.8728;1.22719;0.660603;
15.6025;1.57924;-21.7501;1.22719;0.660603;
15.7605;1.57924;-21.6274;1.22719;0.660603;
15.9184;1.57924;-21.5047;1.22719;0.660603;
16.0763;1.57924;-21.382;1.22719;0.660603;
16.2342;1.57924;-21.2592;1.22719;0.660603;
16.3922;1.57924;-21.1365;1.22719;0.660603;
16.5501;1.57924;-21.0138;1.22719;0.660603;
16.708;1.57924;-20.8911;1.22719;0.660603;
16.8659;1.57924;-20.7684;1.22719;0.660603;
17.0239;1.57924;-20.6456;1.22719;0.660603;
17.1818;1.57924;-20.5229;1.22719;0.660603;
17.3397;1.57924;-20.4002;1.22719;0.660603;
17.4976;1.57924;-20.2775;1.22719;0.660603;
17.6556;1.57924;-20.1548;1.22719;0.660603;
17.8135;1.57924;-20.032;1.22719;0.660603;
17.9714;1.57924;-19.9093;1.22719;0.660603;
18.1293;1.57924;-19.7866;1.22719;0.660603;
18.2873;1.57924;-19.6639;1.22719;0.660603;
18.4452;1.57924;-19.5412;1.22719;0.660603;
18.6031;1.57924;-19.4185;1.22719;0.660603;
18.761;1.57924;-19.2957;1.22719;0.660603;
18.9189;1.57924;-19.173;1.22719;0.660603;
19.0769;1.57924;-19.0503;1.22719;0.660603;
19.2348;1.57924;-18.9276;1.22719;0.660603;
19.3927;1.57924;-18.8049;1.22719;0.660603;
19.5506;1.57924;-18.6821;1.22719;0.660603;
19.7086;1.57924;-18.5594;1.22719;0.660603;
19.8665;1.57924;-18.4367;1.22719;0.660603;
20.0244;1.57924;-18.314;1.22719;0.660603;
20.1823;1.57924;-18.1913;1.22719;0.660603;
20.3403;1.57924;-18.0685;1.22719;0.660603;
20.4982;1.57924;-17.9458;1.22719;0.660603;
20.6561;1.57924;-17.8231;1.22719;0.660603;
20.814;1.57924;-17.7004;1.22719;0.660603;
20.972;1.57924;-17.5777;1.22719;0.660603;
21.1299;1.57924;-17.455;1.22719;0.660603;
21.2878;1.57924;-17.3322;1.22719;0.660603;
21.4457;1.57924;-17.2095;1.22719;0.660603;
21.6037;1.57924;-17.0868;1.22719;0.660603;
21.7616;1.57924;-16.9641;1.22719;0.660603;
21.9195;1.57924;-16.8414;1.22719;0.660603;
22.0774;1.57924;-16.7186;1.22719;0.660603;
22.2354;1.57924;-16.5959;1.22719;0.660603;
22.3933;1.57924;-16.4732;1.22719;0.660603;
22.5512;1.57924;-16.3505;1.22719;0.660603;
22.7091;1.57924;-16.2278;1.22719;0.660603;
22.8671;1.57924;-16.105;1.22719;0.660603;
23.025;1.57924;-15.9823;1.22719;0.660603;
23.1829;1.57924;-15.8596;1.22719;0.660603;
23.3408;1.57924;-15.7369;1.22719;0.660603;
23.4988;1.57924;-15.6142;1.22719;0.660603;
23.6567;1.57924;-15.4915;1.22719;0.660603;
23.8146;1.57924;-15.3687;1.22719;0.660603;
23.9725;1.57924;-15.246;1.22719;0.660603;
24.1305;1.57924;-15.1233;1.22719;0.660603;
24.2884;1.57924;-15.0006;1.22719;0.660603;
24.4463;1.57924;-14.8779;1.22719;0.660603;
24.6042;1.57924;-14.7551;1.22719;0.660603;
24.7622;1.57924;-14.6324;1.22719;0.660603;
24.9201;1.57924;-14.5097;1.22719;0.660603;
25.078;1.57924;-14.387;1.22719;0.660603;
25.2359;1.57924;-14.2643;1.22719;0.660603;
25.3939;1.57924;-14.1416;1.22719;0.660603;
25.5518;1.57924;-14.0188;1.22719;0.660603;
25.7097;1.57924;-13.8961;1.22719;0.660603;
25.8676;1.57924;-13.7734;1.22719;0.660603;
26.0256;1.57924;-13.6507;1.22719;0.660603;
26.1835;1.57924;-13.528;1.22719;0.660603;
26.3414;1.57924;-13.4052;1.22719;0.660603;
26.4993;1.57924;-13.2825;1.22719;0.660603;
26.6572;1.57924;-13.1598;1.22719;0.660603;
26.8152;1.57924;-13.0371;1.22719;0.660603;
26.9731;1.57924;-12.9144;1.22719;0.660603;
27.131;1.57924;-12.7916;1.22719;0.660603;
27.2889;1.57924;-12.6689;1.22719;0.660603;
27.4469;1.57924;-12.5462;1.22719;0.660603;
27.6048;1.57924;-12.4235;1.22719;0.660603;
27.7627;1.57924;-12.3008;1.22719;0.660603;
27.9206;1.57924;-12.1781;1.22719;0.660603;
28.0786;1.57924;-12.0553;1.22719;0.660603;
28.2365;1.57924;-11.9326;1.22719;0.660603;
28.3944;1.57924;-11.8099;1.22719;0.660603;
28.5523;1.57924;-11.6872;1.22719;0.660603;
28.7103;1.57924;-11.5645;1.22719;0.660603;
28.8682;1.57924;-11.4417;1.22719;0.660603;
29.0261;1.57924;-11.319;1.22719;0.660603;
29.184;1.57924;-11.1963;1.22719;0.660603;
29.342;1.57924;-11.0736;1.22719;0.660603;
29.4999;1.57924;-10.9509;1.22719;0.660603;
29.6578;1.57924;-10.8281;1.22719;0.660603;
29.8157;1.57924;-10.7054;1.22719;0.660603;
29.9737;1.57924;-10.5827;1.22719;0.660603;

-29.8684;1.57924;-10.46;1.22719;0.660603;
-29.7105;1.57924;-10.3373;1.22719;0.660603;
-29.5526;1.57924;-10.2146;1.22719;0.660603;
-29.3946;1.57924;-10.0918;1.22719;0.660603;
-29.2367;1.57924;-9.96912;1.22719;0.660603;
-29.0788;1.57924;-9.8464;1.22719;0.660603;
-28.9209;1.57924;-9.72368;1.22719;0.660603;
-28.7629;1.57924;-9.60096;1.22719;0.660603;
-28.605;1.57924;-9.47824;1.22719;0.660603;
-28.4471;1.57924;-9.35552;1.22719;0.660603;
-28.2892;1.57924;-9.2328;1.22719;0.660603;
-28.1312;1.57924;-9.11009;1.22719;0.660603;
-27.9733;1.57924;-8.98737;1.22719;0.660603;
-27.8154;1.57924;-8.86465;1.22719;0.660603;
-27.6575;1.57924;-8.74193;1.22719;0.660603;
-27.4995;1.57924;-8.61921;1.22719;0.660603;
-27.3416;1.57924;-8.49649;1.22719;0.660603;
-27.1837;1.57924;-8.37377;1.22719;0.660603;
-27.0258;1.57924;-8.25106;1.22719;0.660603;
-26.8678;1.57924;-8.12834;1.22719;0.660603;
-26.7099;1.57924;-8.00562;1.22719;0.660603;
-26.552;1.57924;-7.8829;1.22719;0.660603;
-26.3941;1.57924;-7.76018;1.22719;0.660603;
-26.2362;1.57924;-7.63746;1.22719;0.660603;
-26.0782;1.57924;-7.51474;1.22719;0.660603;
-25.9203;1.57924;-7.39202;1.22719;0.660603;
-25.7624;1.57924;-7.26931;1.22719;0.660603;
-25.6045;1.57924;-7.14659;1.22719;0.660603;
-25.4465;1.57924;-7.02387;1.22719;0.660603;
-25.2886;1.57924;-6.90115;1.22719;0.660603;
-25.1307;1.57924;-6.77843;1.22719;0.660603;
-24.9728;1.57924;-6.65571;1.22719;0.660603;
-24.8148;1.57924;-6.53299;1.22719;0.660603;
-24.6569;1.57924;-6.41028;1.22719;0.660603;
-24.499;1.57924;-6.28756;1.22719;0.660603;
-24.3411;1.57924;-6.16484;1.22719;0.660603;
-24.1831;1.57924;-6.04212;1.22719;0.660603;
-24.0252;1.57924;-5.9194;1.22719;0.660603;
-23.8673;1.57924;-5.79668;1.22719;0.660603;
-23.7094;1.57924;-5.67396;1.22719;0.660603;
-23.5514;1.57924;-5.55124;1.22719;0.660603;
-23.3935;1.57924;-5.42853;1.22719;0.660603;
-23.2356;1.57924;-5.30581;1.22719;0.660603;
-23.0777;1.57924;-5.18309;1.22719;0.660603;
-22.9197;1.57924;-5.06037;1.22719;0.660603;
-22.7618;1.57924;-4.93765;1.22719;0.660603;
-22.6039;1.57924;-4.81493;1.22719;0.660603;
-22.446;1.57924;-4.69221;1.22719;0.660603;
-22.288;1.57924;-4.5695;1.22719;0.660603;
-22.1301;1.57924;-4.44678;1.22719;0.660603;
-21.9722;1.57924;-4.32406;1.22719;0.660603;
-21.8143;1.57924;-4.20134;1.22719;0.660603;
-21.6563;1.57924;-4.07862;1.22719;0.660603;
-21.4984;1.57924;-3.9559;1.22719;0.660603;
-21.3405;1.57924;-3.83318;1.22719;0.660603;
-21.1826;1.57924;-3.71047;1.22719;0.660603;
-21.0246;1.57924;-3.58775;1.22719;0.660603;
-20.8667;1.57924;-3.46503;1.22719;0.660603;
-20.7088;1.57924;-3.34231;1.22719;0.660603;
-20.5509;1.57924;-3.21959;1.22719;0.660603;
-20.3929;1.57924;-3.09687;1.22719;0.660603;
-20.235;1.57924;-2.97415;1.22719;0.660603;
-20.0771;1.57924;-2.85143;1.22719;0.660603;
-19.9192;1.57924;-2.72872;1.22719;0.660603;
-19.7612;1.57924;-2.606;1.22719;0.660603;
-19.6033;1.57924;-2.48328;1.22719;0.660603;
-19.4454;1.57924;-2.36056;1.22719;0.660603;
-19.2875;1.57924;-2.23784;1.22719;0.660603;
-19.1296;1.57924;-2.11512;1.22719;0.660603;
-18.9716;1.57924;-1.9924;1.22719;0.660603;
-18.8137;1.57924;-1.86969;1.22719;0.660603;
-18.6558;1.57924;-1.74697;1.22719;0.660603;
-18.4979;1.57924;-1.62425;1.22719;0.660603;
-18.3399;1.57924;-1.50153;1.22719;0.660603;
-18.182;1.57924;-1.37881;1.22719;0.660603;
-18.0241;1.57924;-1.25609;1.22719;0.660603;
-17.8662;1.57924;-1.13337;1.22719;0.660603;
-17.7082;1.57924;-1.01065;1.22719;0.660603;
-17.5503;1.57924;-0.887936;1.22719;0.660603;
-17.3924;1.57924;-0.765217;1.22719;0.660603;
-17.2345;1.57924;-0.642499;1.22719;0.660603;
-17.0765;1.57924;-0.51978;1.22719;0.660603;
-16.9186;1.57924;-0.397061;1.22719;0.660603;
-16.7607;1.57924;-0.274343;1.22719;0.660603;
-16.6028;1.57924;-0.151624;1.22719;0.660603;
-16.4448;1.57924;-0.0289055;1.22719;0.660603;
-16.2869;1.57924;0.0938132;1.22719;0.660603;
-16.129;1.57924;0.216532;1.22719;0.660603;
-15.9711;1.57924;0.339251;1.22719;0.660603;
-15.8131;1.57924;0.461969;1.22719;0.660603;
-15.6552;1.57924;0.584688;1.22719;0.660603;
-15.4973;1.57924;0.707406;1.22719;0.660603;
-15.3394;1.57924;0.830125;1.22719;0.660603;
-15.1814;1.57924;0.952844;1.22719;0.660603;
-15.0235;1.57924;1.07556;1.22719;0.660603;
-14.8656;1.57924;1.19828;1.22719;0.660603;
-14.7077;1.57924;1.321;1.22719;0.660603;
-14.5497;1.57924;1.44372;1.22719;0.660603;
-14.3918;1.57924;1.56644;1.22719;0.660603;
-14.2339;1.57924;1.68916;1.22719;0.660603;
-14.076;1.57924;1.81187;1.22719;0.660603;
-13.918;1.57924;1.93459;1.22719;0.660603;
-13.7601;1.57924;2.05731;1.22719;0.660603;
-13.6022;1.57924;2.18003;1.22719;0.660603;
-13.4443;1.57924;2.30275;1.22719;0.660603;
-13.2863;1.57924;2.42547;1.22719;0.660603;
-13.1284;1.57924;2.54819;1.22719;0.660603;
-12.9705;1.57924;2.6709;1.22719;0.660603;
-12.8126;1.57924;2.79362;1.22719;0.660603;
-12.6546;1.57924;2.91634;1.22719;0.660603;
-12.4967;1.57924;3.03906;1.22719;0.660603;
-12.3388;1.57924;3.16178;1.22719;0.660603;
-12.1809;1.57924;3.2845;1.22719;0.660603;
-12.023;1.57924;3.40722;1.22719;0.660603;
-11.865;1.57924;3.52994;1.22719;0.660603;
-11.7071;1.57924;3.65265;1.22719;0.660603;
-11.5492;1.57924;3.77537;1.22719;0.660603;
-11.3913;1.57924;3.89809;1.22719;0.660603;
-11.2333;1.57924;4.02081;1.22719;0.660603;
-11.0754;1.57924;4.14353;1.22719;0.660603;
-10.9175;1.57924;4.26625;1.22719;0.660603;
-10.7596;1.57924;4.38897;1.22719;0.660603;
-10.6016;1.57924;4.51168;1.22719;0.660603;
-10.4437;1.57924;4.6344;1.22719;0.660603;
-10.2858;1.57924;4.75712;1.22719;0.660603;
-10.1279;1.57924;4.87984;1.22719;0.660603;
-9.96993;1.57924;5.00256;1.22719;0.660603;
-9.81201;1.57924;5.12528;1.22719;0.660603;
-9.65408;1.57924;5.248;1.22719;0.660603;
-9.49616;1.57924;5.37072;1.22719;0.660603;
-9.33824;1.57924;5.49343;1.22719;0.660603;
-9.18031;1.57924;5.61615;1.22719;0.660603;
-9.02239;1.57924;5.73887;1.22719;0.660603;
-8.86446;1.57924;5.86159;1.22719;0.660603;
-8.70654;1.57924;5.98431;1.22719;0.660603;
-8.54861;1.57924;6.10703;1.22719;0.660603;
-8.39069;1.57924;6.22975;1.22719;0.660603;
-8.23276;1.57924;6.35246;1.22719;0.660603;
-8.07484;1.57924;6.47518;1.22719;0.660603;
-7.91692;1.57924;6.5979;1.22719;0.660603;
-7.75899;1.57924;6.72062;1.22719;0.660603;
-7.60107;1.57924;6.84334;1.22719;0.660603;
-7.44314;1.57924;6.96606;1.22719;0.660603;
-7.28522;1.57924;7.08878;1.22719;0.660603;
-7.12729;1.57924;7.2115;1.22719;0.660603;
-6.96937;1.57924;7.33421;1.22719;0.660603;
-6.81144;1.57924;7.45693;1.22719;0.660603;
-6.65352;1.57924;7.57965;1.22719;0.660603;
-6.4956;1.57924;7.70237;1.22719;0.660603;
-6.33767;1.57924;7.82509;1.22719;0.660603;
-6.17975;1.57924;7.94781;1.22719;0.660603;
-6.02182;1.57924;8.07053;1.22719;0.660603;
-5.8639;1.57924;8.19324;1.22719;0.660603;
-5.70597;1.57924;8.31596;1.22719;0.660603;
-5.54805;1.57924;8.43868;1.22719;0.660603;
-5.39012;1.57924;8.5614;1.22719;0.660603;
-5.2322;1.57924;8.68412;1.22719;0.660603;
-5.07428;1.57924;8.80684;1.22719;0.660603;
-4.91635;1.57924;8.92956;1.22719;0.660603;
-4.75843;1.57924;9.05227;1.22719;0.660603;
-4.6005;1.57924;9.17499;1.22719;0.660603;
-4.44258;1.57924;9.29771;1.22719;0.660603;
-4.28465;1.57924;9.42043;1.22719;0.660603;
-4.12673;1.57924;9.54315;1.22719;0.660603;
-3.9688;1.57924;9.66587;1.22719;0.660603;
-3.81088;1.57924;9.78859;1.22719;0.660603;
-3.65296;1.57924;9.91131;1.22719;0.660603;
-3.49503;1.57924;10.034;1.22719;0.660603;
-3.33711;1.57924;10.1567;1.22719;0.660603;
-3.17918;1.57924;10.2795;1.22719;0.660603;
-3.02126;1.57924;10.4022;1.22719;0.660603;
-2.86333;1.57924;10.5249;1.22719;0.660603;
-2.70541;1.57924;10.6476;1.22719;0.660603;
-2.54748;1.57924;10.7703;1.22719;0.660603;
-2.38956;1.57924;10.8931;1.22719;0.660603;
-2.23164;1.57924;11.0158;1.22719;0.660603;
-2.07371;1.57924;11.1385;1.22719;0.660603;
-1.91579;1.57924;11.2612;1.22719;0.660603;
-1.75786;1.57924;11.3839;1.22719;0.660603;
-1.59994;1.57924;11.5066;1.22719;0.660603;
-1.44201;1.57924;11.6294;1.22719;0.660603;
-1.28409;1.57924;11.7521;1.22719;0.660603;
-1.12616;1.57924;11.8748;1.22719;0.660603;
-0.96824;1.57924;11.9975;1.22719;0.660603;
-0.810315;1.57924;12.1202;1.22719;0.660603;
-0.652391;1.57924;12.243;1.22719;0.660603;
-0.494466;1.57924;12.3657;1.22719;0.660603;
-0.336542;1.57924;12.4884;1.22719;0.660603;
-0.178617;1.57924;12.6111;1.22719;0.660603;
-0.0206929;1.57924;12.7338;1.22719;0.660603;
0.137232;1.57924;12.8566;1.22719;0.660603;
0.295156;1.57924;12.9793;1.22719;0.660603;
0.45308;1.57924;13.102;1.22719;0.660603;
0.611005;1.57924;13.2247;1.22719;0.660603;
0.768929;1.57924;13.3474;1.22719;0.660603;
0.926854;1.57924;13.4701;1.22719;0.660603;
1.08478;1.57924;13.5929;1.22719;0.660603;
1.2427;1.57924;13.7156;1.22719;0.660603;
1.40063;1.57924;13.8383;1.22719;0.660603;
1.55855;1.57924;13.961;1.22719;0.660603;
1.71648;1.57924;14.0837;1.22719;0.660603;
1.8744;1.57924;14.2065;1.22719;0.660603;
2.03232;1.57924;14.3292;1.22719;0.660603;
2.19025;1.57924;14.4519;1.22719;0.660603;
2.34817;1.57924;14.5746;1.22719;0.660603;
2.5061;1.57924;14.6973;1.22719;0.660603;
2.66402;1.57924;14.8201;1.22719;0.660603;
2.82195;1.57924;14.9428;1.22719;0.660603;
2.97987;1.57924;15.0655;1.22719;0.660603;
3.1378;1.57924;15.1882;1.22719;0.660603;
3.29572;1.57924;15.3109;1.22719;0.660603;
3.45365;1.57924;15.4336;1.22719;0.660603;
3.61157;1.57924;15.5564;1.22719;0.660603;
3.76949;1.57924;15.6791;1.22719;0.660603;
3.92742;1.57924;15.8018;1.22719;0.660603;
4.08534;1.57924;15.9245;1.22719;0.660603;
4.24327;1.57924;16.0472;1.22719;0.660603;
4.40119;1.57924;16.17;1.22719;0.660603;
4.55912;1.57924;16.2927;1.22719;0.660603;
4.71704;1.57924;16.4154;1.22719;0.660603;
4.87497;1.57924;16.5381;1.22719;0.660603;
5.03289;1.57924;16.6608;1.22719;0.660603;
5.19081;1.57924;16.7835;1.22719;0.660603;
5.34874;1.57924;16.9063;1.22719;0.660603;
5.50666;1.57924;17.029;1.22719;0.660603;
5.66459;1.57924;17.1517;1.22719;0.660603;
5.82251;1.57924;17.2744;1.22719;0.660603;
5.98044;1.57924;17.3971;1.22719;0.660603;
6.13836;1.57924;17.5199;1.22719;0.660603;
6.29629;1.57924;17.6426;1.22719;0.660603;
6.45421;1.57924;17.7653;1.22719;0.660603;
6.61213;1.57924;17.888;1.22719;0.660603;
6.77006;1.57924;18.0107;1.22719;0.660603;
6.92798;1.57924;18.1335;1.22719;0.660603;
7.08591;1.57924;18.2562;1.22719;0.660603;
7.24383;1.57924;18.3789;1.22719;0.660603;
7.40176;1.57924;18.5016;1.22719;0.660603;
7.55968;1.57924;18.6243;1.22719;0.660603;
7.71761;1.57924;18.747;1.22719;0.660603;
7.87553;1.57924;18.8698;1.22719;0.660603;
8.03345;1.57924;18.9925;1.22719;0.660603;
8.19138;1.57924;19.1152;1.22719;0.660603;
8.3493;1.57924;19.2379;1.22719;0.660603;
8.50723;1.57924;19.3606;1.22719;0.660603;
8.66515;1.57924;19.4834;1.22719;0.660603;
8.82308;1.57924;19.6061;1.22719;0.660603;
8.981;1.57924;19.7288;1.22719;0.660603;
9.13893;1.57924;19.8515;1.22719;0.660603;
9.29685;1.57924;19.9742;1.22719;0.660603;
9.45477;1.57924;20.097;1.22719;0.660603;
9.6127;1.57924;20.2197;1.22719;0.660603;
9.77062;1.57924;20.3424;1.22719;0.660603;
9.92855;1.57924;20.4651;1.22719;0.660603;
10.0865;1.57924;20.5878;1.22719;0.660603;
10.2444;1.57924;20.7105;1.22719;0.660603;
10.4023;1.57924;20.8333;1.22719;0.660603;
10.5602;1.57924;20.956;1.22719;0.660603;
10.7182;1.57924;21.0787;1.22719;0.660603;
10.8761;1.57924;21.2014;1.22719;0.660603;
11.034;1.57924;21.3241;1.22719;0.660603;
11.1919;1.57924;21.4469;1.22719;0.660603;
11.3499;1.57924;21.5696;1.22719;0.660603;
11.5078;1.57924;21.6923;1.22719;0.660603;
11.6657;1.57924;21.815;1.22719;0.660603;
11.8236;1.57924;21.9377;1.22719;0.660603;
11.9816;1.57924;22.0605;1.22719;0.660603;
12.1395;1.57924;22.1832;1.22719;0.660603;
12.2974;1.57924;22.3059;1.22719;0.660603;
12.4553;1.57924;22.4286;1.22719;0.660603;
12.6133;1.57924;22.5513;1.22719;0.660603;
12.7712;1.57924;22.674;1.22719;0.660603;
12.9291;1.57924;22.7968;1.22719;0.660603;
13.087;1.57924;22.9195;1.22719;0.660603;
13.245;1.57924;23.0422;1.22719;0.660603;
13.4029;1.57924;23.1649;1.22719;0.660603;
13.5608;1.57924;23.2876;1.22719;0.660603;
13.7187;1.57924;23.4104;1.22719;0.660603;
13.8767;1.57924;23.5331;1.22719;0.660603;
14.0346;1.57924;23.6558;1.22719;0.660603;
14.1925;1.57924;23.7785;1.22719;0.660603;
14.3504;1.57924;23.9012;1.22719;0.660603;
14.5084;1.57924;24.024;1.22719;0.660603;
14.6663;1.57924;24.1467;1.22719;0.660603;
14.8242;1.57924;24.2694;1.22719;0.660603;
14.9821;1.57924;24.3921;1.22719;0.660603;
15.1401;1.57924;24.5148;1.22719;0.660603;
15.298;1.57924;24.6375;1.22719;0.660603;
15.4559;1.57924;24.7603;1.22719;0.660603;
15.6138;1.57924;24.883;1.22719;0.660603;
15.7718;1.57924;25.0057;1.22719;0.660603;
15.9297;1.57924;25.1284;1.22719;0.660603;
16.0876;1.57924;25.2511;1.22719;0.660603;
16.2455;1.57924;25.3739;1.22719;0.660603;
16.4035;1.57924;25.4966;1.22719;0.660603;
16.5614;1.57924;25.6193;1.22719;0.660603;
16.7193;1.57924;25.742;1.22719;0.660603;
16.8772;1.57924;25.8647;1.22719;0.660603;
17.0351;1.57924;25.9874;1.22719;0.660603;
17.1931;1.57924;26.1102;1.22719;0.660603;
17.351;1.57924;26.2329;1.22719;0.660603;
17.5089;1.57924;26.3556;1.22719;0.660603;
17.6668;1.57924;26.4783;1.22719;0.660603;
17.8248;1.57924;26.601;1.22719;0.660603;
17.9827;1.57924;26.7238;1.22719;0.660603;
18.1406;1.57924;26.8465;1.22719;0.660603;
18.2985;1.57924;26.9692;1.22719;0.660603;
18.4565;1.57924;27.0919;1.22719;0.660603;
18.6144;1.57924;27.2146;1.22719;0.660603;
18.7723;1.57924;27.3374;1.22719;0.660603;
18.9302;1.57924;27.4601;1.22719;0.660603;
19.0882;1.57924;27.5828;1.22719;0.660603;
19.2461;1.57924;27.7055;1.22719;0.660603;
19.404;1.57924;27.8282;1.22719;0.660603;
19.5619;1.57924;27.9509;1.22719;0.660603;
19.7199;1.57924;28.0737;1.22719;0.660603;
19.8778;1.57924;28.1964;1.22719;0.660603;
20.0357;1.57924;28.3191;1.22719;0.660603;
20.1936;1.57924;28.4418;1.22719;0.660603;
20.3516;1.57924;28.5645;1.22719;0.660603;
20.5095;1.57924;28.6873;1.22719;0.660603;
20.6674;1.57924;28.81;1.22719;0.660603;
20.8253;1.57924;28.9327;1.22719;0.660603;
20.9833;1.57924;29.0554;1.22719;0.660603;
21.1412;1.57924;29.1781;1.22719;0.660603;
21.2991;1.57924;29.3009;1.22719;0.660603;
21.457;1.57924;29.4236;1.22719;0.660603;
21.615;1.57924;29.5463;1.22719;0.660603;
21.7729;1.57924;29.669;1.22719;0.660603;
21.9308;1.57924;29.7917;1.22719;0.660603;
22.0887;1.57924;29.9144;1.22719;0.660603;

22.2467;1.57924;-29.9628;1.22719;0.660603;
22.4046;1.57924;-29.8401;1.22719;0.660603;
22.5625;1.57924;-29.7174;1.22719;0.660603;
22.7204;1.57924;-29.5947;1.22719;0.660603;
22.8784;1.57924;-29.472;1.22719;0.660603;
23.0363;1.57924;-29.3492;1.22719;0.660603;
23.1942;1.57924;-29.2265;1.22719;0.660603;
23.3521;1.57924;-29.1038;1.22719;0.660603;
23.5101;1.57924;-28.9811;1.22719;0.660603;
23.668;1.57924;-28.8584;1.22719;0.660603;
23.8259;1.57924;-28.7356;1.22719;0.660603;
23.9838;1.57924;-28.6129;1.22719;0.660603;
24.1417;1.57924;-28.4902;1.22719;0.660603;
24.2997;1.57924;-28.3675;1.22719;0.660603;
24.4576;1.57924;-28.2448;1.22719;0.660603;
24.6155;1.57924;-28.1221;1.22719;0.660603;
24.7734;1.57924;-27.9993;1.22719;0.660603;
24.9314;1.57924;-27.8766;1.22719;0.660603;
25.0893;1.57924;-27.7539;1.22719;0.660603;
25.2472;1.57924;-27.6312;1.22719;0.660603;
25.4051;1.57924;-27.5085;1.22719;0.660603;
25.5631;1.57924;-27.3857;1.22719;0.660603;
25.721;1.57924;-27.263;1.22719;0.660603;
25.8789;1.57924;-27.1403;1.22719;0.660603;
26.0368;1.57924;-27.0176;1.22719;0.660603;
26.1948;1.57924;-26.8949;1.22719;0.660603;
26.3527;1.57924;-26.7722;1.22719;0.660603;
26.5106;1.57924;-26.6494;1.22719;0.660603;
26.6685;1.57924;-26.5267;1.22719;0.660603;
26.8265;1.57924;-26.404;1.22719;0.660603;
26.9844;1.57924;-26.2813;1.22719;0.660603;
27.1423;1.57924;-26.1586;1.22719;0.660603;
27.3002;1.57924;-26.0358;1.22719;0.660603;
27.4582;1.57924;-25.9131;1.22719;0.660603;
27.6161;1.57924;-25.7904;1.22719;0.660603;
27.774;1.57924;-25.6677;1.22719;0.660603;
27.9319;1.57924;-25.545;1.22719;0.660603;
28.0899;1.57924;-25.4222;1.22719;0.660603;
28.2478;1.57924;-25.2995;1.22719;0.660603;
28.4057;1.57924;-25.1768;1.22719;0.660603;
28.5636;1.57924;-25.0541;1.22719;0.660603;
28.7216;1.57924;-24.9314;1.22719;0.660603;
28.8795;1.57924;-24.8087;1.22719;0.660603;
29.0374;1.57924;-24.6859;1.22719;0.660603;
29.1953;1.57924;-24.5632;1.22719;0.660603;
29.3533;1.57924;-24.4405;1.22719;0.660603;
29.5112;1.57924;-24.3178;1.22719;0.660603;
29.6691;1.57924;-24.1951;1.22719;0.660603;
29.827;1.57924;-24.0723;1.22719;0.660603;
29.985;1.57924;-23.9496;1.22719;0.660603;

-29.8571;1.57924;-23.8269;1.22719;0.660603;
-29.6992;1.57924;-23.7042;1.22719;0.660603;
-29.5413;1.57924;-23.5815;1.22719;0.660603;
-29.3833;1.57924;-23.4587;1.22719;0.660603;
-29.2254;1.57924;-23.336;1.22719;0.660603;
-29.0675;1.57924;-23.2133;1.22719;0.660603;
-28.9096;1.57924;-23.0906;1.22719;0.660603;
-28.7517;1.57924;-22.9679;1.22719;0.660603;
-28.5937;1.57924;-22.8452;1.22719;0.660603;
-28.4358;1.57924;-22.7224;1.22719;0.660603;
-28.2779;1.57924;-22.5997;1.22719;0.660603;
-28.12;1.57924;-22.477;1.22719;0.660603;
-27.962;1.57924;-22.3543;1.22719;0.660603;
-27.8041;1.57924;-22.2316;1.22719;0.660603;
-27.6462;1.57924;-22.1088;1.22719;0.660603;
-27.4883;1.57924;-21.9861;1.22719;0.660603;
-27.3303;1.57924;-21.8634;1.22719;0.660603;
-27.1724;1.57924;-21.7407;1.22719;0.660603;
-27.0145;1.57924;-21.618;1.22719;0.660603;
-26.8566;1.57924;-21.4952;1.22719;0.660603;
-26.6986;1.57924;-21.3725;1.22719;0.660603;
-26.5407;1.57924;-21.2498;1.22719;0.660603;
-26.3828;1.57924;-21.1271;1.22719;0.660603;
-26.2249;1.57924;-21.0044;1.22719;0.660603;
-26.0669;1.57924;-20.8817;1.22719;0.660603;
-25.909;1.57924;-20.7589;1.22719;0.660603;
-25.7511;1.57924;-20.6362;1.22719;0.660603;
-25.5932;1.57924;-20.5135;1.22719;0.660603;
-25.4352;1.57924;-20.3908;1.22719;0.660603;
-25.2773;1.57924;-20.2681;1.22719;0.660603;
-25.1194;1.57924;-20.1453;1.22719;0.660603;
-24.9615;1.57924;-20.0226;1.22719;0.660603;
-24.8035;1.57924;-19.8999;1.22719;0.660603;
-24.6456;1.57924;-19.7772;1.22719;0.660603;
-24.4877;1.57924;-19.6545;1.22719;0.660603;
-24.3298;1.57924;-19.5318;1.22719;0.660603;
-24.1718;1.57924;-19.409;1.22719;0.660603;
-24.0139;1.57924;-19.2863;1.22719;0.660603;
-23.856;1.57924;-19.1636;1.22719;0.660603;
-23.6981;1.57924;-19.0409;1.22719;0.660603;
-23.5401;1.57924;-18.9182;1.22719;0.660603;
-23.3822;1.57924;-18.7954;1.22719;0.660603;
-23.2243;1.57924;-18.6727;1.22719;0.660603;
-23.0664;1.57924;-18.55;1.22719;0.660603;
-22.9084;1.57924;-18.4273;1.22719;0.660603;
-22.7505;1.57924;-18.3046;1.22719;0.660603;
-22.5926;1.57924;-18.1818;1.22719;0.660603;
-22.4347;1.57924;-18.0591;1.22719;0.660603;
-22.2767;1.57924;-17.9364;1.22719;0.660603;
-22.1188;1.57924;-17.8137;1.22719;0.660603;
-21.9609;1.57924;-17.691;1.22719;0.660603;
-21.803;1.57924;-17.5683;1.22719;0.660603;
-21.6451;1.57924;-17.4455;1.22719;0.660603;
-21.4871;1.57924;-17.3228;1.22719;0.660603;
-21.3292;1.57924;-17.2001;1.22719;0.660603;
-21.1713;1.57924;-17.0774;1.22719;0.660603;
-21.0134;1.57924;-16.9547;1.22719;0.660603;
-20.8554;1.57924;-16.8319;1.22719;0.660603;
-20.6975;1.57924;-16.7092;1.22719;0.660603;
-20.5396;1.57924;-16.5865;1.22719;0.660603;
-20.3817;1.57924;-16.4638;1.22719;0.660603;
-20.2237;1.57924;-16.3411;1.22719;0.660603;
-20.0658;1.57924;-16.2183;1.22719;0.660603;
-19.9079;1.57924;-16.0956;1.22719;0.660603;
-19.75;1.57924;-15.9729;1.22719;0.660603;
-19.592;1.57924;-15.8502;1.22719;0.660603;
-19.4341;1.57924;-15.7275;1.22719;0.660603;
-19.2762;1.57924;-15.6048;1.22719;0.660603;
-19.1183;1.57924;-15.482;1.22719;0.660603;
-18.9603;1.57924;-15.3593;1.22719;0.660603;
-18.8024;1.57924;-15.2366;1.22719;0.660603;
-18.6445;1.57924;-15.1139;1.22719;0.660603;
-18.4866;1.57924;-14.9912;1.22719;0.660603;
-18.3286;1.57924;-14.8684;1.22719;0.660603;
-18.1707;1.57924;-14.7457;1.22719;0.660603;
-18.0128;1.57924;-14.623;1.22719;0.660603;
-17.8549;1.57924;-14.5003;1.22719;0.660603;
-17.6969;1.57924;-14.3776;1.22719;0.660603;
-17.539;1.57924;-14.2548;1.22719;0.660603;
-17.3811;1.57924;-14.1321;1.22719;0.660603;
-17.2232;1.57924;-14.0094;1.22719;0.660603;
-17.0652;1.57924;-13.8867;1.22719;0.660603;
-16.9073;1.57924;-13.764;1.22719;0.660603;
-16.7494;1.57924;-13.6413;1.22719;0.660603;
-16.5915;1.57924;-13.5185;1.22719;0.660603;
-16.4335;1.57924;-13.3958;1.22719;0.660603;
-16.2756;1.57924;-13.2731;1.22719;0.660603;
-16.1177;1.57924;-13.1504;1.22719;0.660603;
-15.9598;1.57924;-13.0277;1.22719;0.660603;
-15.8018;1.57924;-12.9049;1.22719;0.660603;
-15.6439;1.57924;-12.7822;1.22719;0.660603;
-15.486;1.57924;-12.6595;1.22719;0.660603;
-15.3281;1.57924;-12.5368;1.22719;0.660603;
-15.1701;1.57924;-12.4141;1.22719;0.660603;
-15.0122;1.57924;-12.2913;1.22719;0.660603;
-14.8543;1.57924;-12.1686;1.22719;0.660603;
-14.6964;1.57924;-12.0459;1.22719;0.660603;
-14.5385;1.57924;-11.9232;1.22719;0.660603;
-14.3805;1.57924;-11.8005;1.22719;0.660603;
-14.2226;1.57924;-11.6778;1.22719;0.660603;
-14.0647;1.57924;-11.555;1.22719;0.660603;
-13.9068;1.57924;-11.4323;1.22719;0.660603;
-13.7488;1.57924;-11.3096;1.22719;0.660603;
-13.5909;1.57924;-11.1869;1.22719;0.660603;
-13.433;1.57924;-11.0642;1.22719;0.660603;
-13.2751;1.57924;-10.9414;1.22719;0.660603;
-13.1171;1.57924;-10.8187;1.22719;0.660603;
-12.9592;1.57924;-10.696;1.22719;0.660603;
-12.8013;1.57924;-10.5733;1.22719;0.660603;
-12.6434;1.57924;-10.4506;1.22719;0.660603;
-12.4854;1.57924;-10.3279;1.22719;0.660603;
-12.3275;1.57924;-10.2051;1.22719;0.660603;
-12.1696;1.57924;-10.0824;1.22719;0.660603;
-12.0117;1.57924;-9.9597;1.22719;0.660603;
-11.8537;1.57924;-9.83698;1.22719;0.660603;
-11.6958;1.57924;-9.71426;1.22719;0.660603;
-11.5379;1.57924;-9.59154;1.22719;0.660603;
-11.38;1.57924;-9.46882;1.22719;0.660603;
-11.222;1.57924;-9.3461;1.22719;0.660603;
-11.0641;1.57924;-9.22338;1.22719;0.660603;
-10.9062;1.57924;-9.10066;1.22719;0.660603;
-10.7483;1.57924;-8.97795;1.22719;0.660603;
-10.5903;1.57924;-8.85523;1.22719;0.660603;
-10.4324;1.57924;-8.73251;1.22719;0.660603;
-10.2745;1.57924;-8.60979;1.22719;0.660603;
-10.1166;1.57924;-8.48707;1.22719;0.660603;
-9.95864;1.57924;-8.36435;1.22719;0.660603;
-9.80072;1.57924;-8.24163;1.22719;0.660603;
-9.64279;1.57924;-8.11892;1.22719;0.660603;
-9.48487;1.57924;-7.9962;1.22719;0.660603;
-9.32694;1.57924;-7.87348;1.22719;0.660603;
-9.16902;1.57924;-7.75076;1.22719;0.660603;
-9.0111;1.57924;-7.62804;1.22719;0.660603;
-8.85317;1.57924;-7.50532;1.22719;0.660603;
-8.69525;1.57924;-7.3826;1.22719;0.660603;
-8.53732;1.57924;-7.25988;1.22719;0.660603;
-8.3794;1.57924;-7.13717;1.22719;0.660603;
-8.22147;1.57924;-7.01445;1.22719;0.660603;
-8.06355;1.57924;-6.89173;1.22719;0.660603;
-7.90562;1.57924;-6.76901;1.22719;0.660603;
-7.7477;1.57924;-6.64629;1.22719;0.660603;
-7.58978;1.57924;-6.52357;1.22719;0.660603;
-7.43185;1.57924;-6.40085;1.22719;0.660603;
-7.27393;1.57924;-6.27814;1.22719;0.660603;
-7.116;1.57924;-6.15542;1.22719;0.660603;
-6.95808;1.57924;-6.0327;1.22719;0.660603;
-6.80015;1.57924;-5.90998;1.22719;0.660603;
-6.64223;1.57924;-5.78726;1.22719;0.660603;
-6.4843;1.57924;-5.66454;1.22719;0.660603;
-6.32638;1.57924;-5.54182;1.22719;0.660603;
-6.16845;1.57924;-5.41911;1.22719;0.660603;
-6.01053;1.57924;-5.29639;1.22719;0.660603;
-5.85261;1.57924;-5.17367;1.22719;0.660603;
-5.69468;1.57924;-5.05095;1.22719;0.660603;
-5.53676;1.57924;-4.92823;1.22719;0.660603;
-5.37883;1.57924;-4.80551;1.22719;0.660603;
-5.22091;1.57924;-4.68279;1.22719;0.660603;
-5.06298;1.57924;-4.56007;1.22719;0.660603;
-4.90506;1.57924;-4.43736;1.22719;0.660603;
-4.74713;1.57924;-4.31464;1.22719;0.660603;
-4.58921;1.57924;-4.19192;1.22719;0.660603;
-4.43129;1.57924;-4.0692;1.22719;0.660603;
-4.27336;1.57924;-3.94648;1.22719;0.660603;
-4.11544;1.57924;-3.82376;1.22719;0.660603;
-3.95751;1.57924;-3.70104;1.22719;0.660603;
-3.79959;1.57924;-3.57833;1.22719;0.660603;
-3.64166;1.57924;-3.45561;1.22719;0.660603;
