#1 AntPos X;#2 AntPos Y;#3 Distance form nest;#4 Total Distance;#5 Total Y Distance
6.2155;0.264632;6.22113;0.2;-0.196022
6.17581;0.06861;6.17619;0.4;-0.392043
6.13611;-0.127412;6.13743;0.6;-0.588065
6.09642;-0.323433;6.10499;0.8;-0.784086
6.05673;-0.519455;6.07896;1;-0.980108
6.01703;-0.715476;6.05942;1.2;-1.17613
5.97734;-0.911498;6.04644;1.4;-1.37215
5.93765;-1.10752;6.04005;1.6;-1.56817
5.89795;-1.30354;6.04029;1.8;-1.76419
5.85826;-1.49956;6.04714;2;-1.96022
5.81857;-1.69558;6.06059;2.2;-2.15624
5.77887;-1.89161;6.08059;2.4;-2.35226
5.73918;-2.08763;6.10708;2.6;-2.54828
5.69949;-2.28365;6.13997;2.8;-2.7443
5.65979;-2.47967;6.17916;3;-2.94032
5.6201;-2.67569;6.22454;3.2;-3.13635
5.58041;-2.87171;6.27596;3.4;-3.33237
5.54072;-3.06774;6.33329;3.6;-3.52839
5.50102;-3.26376;6.39635;3.8;-3.72441
5.46133;-3.45978;6.465;4;-3.92043
5.42164;-3.6558;6.53904;4.2;-4.11645
5.38194;-3.85182;6.6183;4.4;-4.31247
5.34225;-4.04784;6.70259;4.6;-4.5085
5.30256;-4.24386;6.79172;4.8;-4.70452
5.26286;-4.43989;6.88552;5;-4.90054
5.22317;-4.63591;6.98378;5.2;-5.09656
5.18348;-4.83193;7.08632;5.4;-5.29258
5.14378;-5.02795;7.19297;5.6;-5.4886
5.10409;-5.22397;7.30354;5.8;-5.68463
5.0644;-5.41999;7.41785;6;-5.88065
5.0247;-5.61602;7.53573;6.2;-6.07667
4.98501;-5.81204;7.65703;6.4;-6.27269
4.94532;-6.00806;7.78158;6.6;-6.46871
4.90563;-6.20408;7.90922;6.8;-6.66473
4.86593;-6.4001;8.03981;7;-6.86076
4.82624;-6.59612;8.17321;7.2;-7.05678
4.78655;-6.79214;8.30929;7.4;-7.2528
4.74685;-6.98817;8.4479;7.6;-7.44882
4.70716;-7.18419;8.58894;7.8;-7.64484
4.66747;-7.38021;8.73228;8;-7.84086
4.62777;-7.57623;8.87781;8.2;-8.03688
4.58808;-7.77225;9.02543;8.4;-8.23291
4.54839;-7.96827;9.17503;8.6;-8.42893
4.50869;-8.1643;9.32652;8.8;-8.62495
4.469;-8.36032;9.47981;9;-8.82097
4.42931;-8.55634;9.63482;9.2;-9.01699
4.38962;-8.75236;9.79145;9.4;-9.21301
4.34992;-8.94838;9.94964;9.6;-9.40904
4.31023;-9.1444;10.1093;9.8;-9.60506
4.27054;-9.34043;10.2704;10;-9.80108
4.23084;-9.53645;10.4328;10.2;-9.9971
4.19115;-9.73247;10.5965;10.4;-10.1931
4.15146;-9.92849;10.7615;10.6;-10.3891
4.11176;-10.1245;10.9276;10.8;-10.5852
4.07207;-10.3205;11.0948;11;-10.7812
4.03238;-10.5166;11.2631;11.2;-10.9772
3.99268;-10.7126;11.4324;11.4;-11.1732
3.95299;-10.9086;11.6027;11.6;-11.3693
3.9133;-11.1046;11.774;11.8;-11.5653
3.8736;-11.3006;11.9461;12;-11.7613
3.83391;-11.4967;12.1191;12.2;-11.9573
3.79422;-11.6927;12.2929;12.4;-12.1533
3.75453;-11.8887;12.4675;12.6;-12.3494
3.71483;-12.0847;12.6428;12.8;-12.5454
3.67514;-12.2807;12.8189;13;-12.7414
3.63545;-12.4768;12.9956;13.2;-12.9374
3.59575;-12.6728;13.173;13.4;-13.1334
3.55606;-12.8688;13.3511;13.6;-13.3295
3.51637;-13.0648;13.5298;13.8;-13.5255
3.47667;-13.2609;13.709;14;-13.7215
3.43698;-13.4569;13.8889;14.2;-13.9175
3.39729;-13.6529;14.0692;14.4;-14.1136
3.35759;-13.8489;14.2501;14.6;-14.3096
3.3179;-14.0449;14.4315;14.8;-14.5056
3.27821;-14.241;14.6134;15;-14.7016
3.23851;-14.437;14.7958;15.2;-14.8976
3.19882;-14.633;14.9786;15.4;-15.0937
3.15913;-14.829;15.1618;15.6;-15.2897
3.11944;-15.0251;15.3455;15.8;-15.4857
3.07974;-15.2211;15.5295;16;-15.6817
3.04005;-15.4171;15.714;16.2;-15.8777
3.00036;-15.6131;15.8988;16.4;-16.0738
2.96066;-15.8091;16.084;16.6;-16.2698
2.92097;-16.0052;16.2695;16.8;-16.4658
2.88128;-16.2012;16.4554;17;-16.6618
2.84158;-16.3972;16.6416;17.2;-16.8579
2.80189;-16.5932;16.8281;17.4;-17.0539
2.7622;-16.7892;17.0149;17.6;-17.2499
2.7225;-16.9853;17.2021;17.8;-17.4459
2.68281;-17.1813;17.3895;18;-17.6419
2.64312;-17.3773;17.5772;18.2;-17.838
2.60342;-17.5733;17.7651;18.4;-18.034
2.56373;-17.7694;17.9533;18.6;-18.23
2.52404;-17.9654;18.1418;18.8;-18.426
2.48435;-18.1614;18.3305;19;-18.622
2.44465;-18.3574;18.5195;19.2;-18.8181
2.40496;-18.5534;18.7087;19.4;-19.0141
2.36527;-18.7495;18.8981;19.6;-19.2101
2.32557;-18.9455;19.0877;19.8;-19.4061
2.28588;-19.1415;19.2775;20;-19.6022
2.24619;-19.3375;19.4675;20.2;-19.7982
2.20649;-19.5335;19.6578;20.4;-19.9942
2.1668;-19.7296;19.8482;20.6;-20.1902
2.12711;-19.9256;20.0388;20.8;-20.3862
2.08741;-20.1216;20.2296;21;-20.5823
2.04772;-20.3176;20.4206;21.2;-20.7783
2.00803;-20.5137;20.6117;21.4;-20.9743
1.96834;-20.7097;20.803;21.6;-21.1703
1.92864;-20.9057;20.9945;21.8;-21.3664
1.88895;-21.1017;21.1861;22;-21.5624
1.84926;-21.2977;21.3779;22.2;-21.7584
1.80956;-21.4938;21.5698;22.4;-21.9544
1.76987;-21.6898;21.7619;22.6;-22.1504
1.73018;-21.8858;21.9541;22.8;-22.3465
1.69048;-22.0818;22.1464;23;-22.5425
1.65079;-22.2778;22.3389;23.2;-22.7385
1.6111;-22.4739;22.5315;23.4;-22.9345
1.5714;-22.6699;22.7243;23.6;-23.1305
1.53171;-22.8659;22.9172;23.8;-23.3266
1.49202;-23.0619;23.1101;24;-23.5226
1.45232;-23.258;23.3033;24.2;-23.7186
1.41263;-23.454;23.4965;24.4;-23.9146
1.37294;-23.65;23.6898;24.6;-24.1107
1.33325;-23.846;23.8833;24.8;-24.3067
1.29355;-24.042;24.0768;25;-24.5027
1.25386;-24.2381;24.2705;25.2;-24.6987
1.21417;-24.4341;24.4642;25.4;-24.8947
1.17447;-24.6301;24.6581;25.6;-25.0908
1.13478;-24.8261;24.8521;25.8;-25.2868
1.09509;-25.0222;25.0461;26;-25.4828
1.05539;-25.2182;25.2402;26.2;-25.6788
1.0157;-25.4142;25.4345;26.4;-25.8748
0.976007;-25.6102;25.6288;26.6;-26.0709
0.936314;-25.8062;25.8232;26.8;-26.2669
0.896621;-26.0023;26.0177;27;-26.4629
0.856928;-26.1983;26.2123;27.2;-26.6589
0.817235;-26.3943;26.407;27.4;-26.855
0.777542;-26.5903;26.6017;27.6;-27.051
0.737849;-26.7863;26.7965;27.8;-27.247
0.698155;-26.9824;26.9914;28;-27.443
0.658462;-27.1784;27.1864;28.2;-27.639
0.618769;-27.3744;27.3814;28.4;-27.8351
0.579076;-27.5704;27.5765;28.6;-28.0311
0.539383;-27.7665;27.7717;28.8;-28.2271
0.49969;-27.9625;27.9669;29;-28.4231
0.459997;-28.1585;28.1623;29.2;-28.6191
0.420304;-28.3545;28.3576;29.4;-28.8152
0.38061;-28.5505;28.5531;29.6;-29.0112
0.340917;-28.7466;28.7486;29.8;-29.2072
0.301224;-28.9426;28.9442;30;-29.4032
0.261531;-29.1386;29.1398;30.2;-29.5993
0.221838;-29.3346;29.3355;30.4;-29.7953
0.182145;-29.5306;29.5312;30.6;-29.9913
0.142452;-29.7267;29.727;30.8;-30.1873
0.102759;-29.9227;29.9229;31;-30.3833

0.0630655;29.8813;29.8814;31.2;-30.5794
0.0233724;29.6853;29.6853;31.4;-30.7754
-0.0163207;29.4892;29.4892;31.6;-30.9714
-0.0560138;29.2932;29.2933;31.8;-31.1674
-0.0957069;29.0972;29.0974;32;-31.3635
-0.1354;28.9012;28.9015;32.2;-31.5595
-0.175093;28.7052;28.7057;32.4;-31.7555
-0.214786;28.5091;28.5099;32.6;-31.9515
-0.254479;28.3131;28.3143;32.8;-32.1475
-0.294173;28.1171;28.1186;33;-32.3436
-0.333866;27.9211;27.9231;33.2;-32.5396
-0.373559;27.7251;27.7276;33.4;-32.7356
-0.413252;27.529;27.5321;33.6;-32.9316
-0.452945;27.333;27.3368;33.8;-33.1276
-0.492638;27.137;27.1415;34;-33.3237
-0.532331;26.941;26.9462;34.2;-33.5197
-0.572024;26.7449;26.7511;34.4;-33.7157
-0.611717;26.5489;26.556;34.6;-33.9117
-0.651411;26.3529;26.3609;34.8;-34.1078
-0.691104;26.1569;26.166;35;-34.3038
-0.730797;25.9609;25.9711;35.2;-34.4998
-0.77049;25.7648;25.7764;35.4;-34.6958
-0.810183;25.5688;25.5816;35.6;-34.8918
-0.849876;25.3728;25.387;35.8;-35.0879
-0.889569;25.1768;25.1925;36;-35.2839
-0.929262;24.9807;24.998;36.2;-35.4799
-0.968955;24.7847;24.8037;36.4;-35.6759
-1.00865;24.5887;24.6094;36.6;-35.8719
-1.04834;24.3927;24.4152;36.8;-36.068
-1.08803;24.1967;24.2211;37;-36.264
-1.12773;24.0006;24.0271;37.2;-36.46
-1.16742;23.8046;23.8332;37.4;-36.656
-1.20711;23.6086;23.6394;37.6;-36.8521
-1.24681;23.4126;23.4458;37.8;-37.0481
-1.2865;23.2166;23.2522;38;-37.2441
-1.32619;23.0205;23.0587;38.2;-37.4401
-1.36589;22.8245;22.8653;38.4;-37.6361
-1.40558;22.6285;22.6721;38.6;-37.8322
-1.44527;22.4325;22.479;38.8;-38.0282
-1.48497;22.2364;22.286;39;-38.2242
-1.52466;22.0404;22.0931;39.2;-38.4202
-1.56435;21.8444;21.9003;39.4;-38.6162
-1.60405;21.6484;21.7077;39.6;-38.8123
-1.64374;21.4524;21.5152;39.8;-39.0083
-1.68343;21.2563;21.3229;40;-39.2043
-1.72312;21.0603;21.1307;40.2;-39.4003
-1.76282;20.8643;20.9386;40.4;-39.5964
-1.80251;20.6683;20.7467;40.6;-39.7924
-1.8422;20.4723;20.555;40.8;-39.9884
-1.8819;20.2762;20.3634;41;-40.1844
-1.92159;20.0802;20.1719;41.2;-40.3804
-1.96128;19.8842;19.9807;41.4;-40.5765
-2.00098;19.6882;19.7896;41.6;-40.7725
-2.04067;19.4921;19.5987;41.8;-40.9685
-2.08036;19.2961;19.4079;42;-41.1645
-2.12006;19.1001;19.2174;42.2;-41.3606
-2.15975;18.9041;19.0271;42.4;-41.5566
-2.19944;18.7081;18.8369;42.6;-41.7526
-2.23914;18.512;18.647;42.8;-41.9486
-2.27883;18.316;18.4572;43;-42.1446
-2.31852;18.12;18.2677;43.2;-42.3407
-2.35821;17.924;18.0784;43.4;-42.5367
-2.39791;17.728;17.8894;43.6;-42.7327
-2.4376;17.5319;17.7006;43.8;-42.9287
-2.47729;17.3359;17.512;44;-43.1247
-2.51699;17.1399;17.3237;44.2;-43.3208
-2.55668;16.9439;17.1357;44.4;-43.5168
-2.59637;16.7478;16.9479;44.6;-43.7128
-2.63607;16.5518;16.7604;44.8;-43.9088
-2.67576;16.3558;16.5732;45;-44.1049
-2.71545;16.1598;16.3863;45.2;-44.3009
-2.75515;15.9638;16.1998;45.4;-44.4969
-2.79484;15.7677;16.0135;45.6;-44.6929
-2.83453;15.5717;15.8276;45.8;-44.8889
-2.87423;15.3757;15.642;46;-45.085
-2.91392;15.1797;15.4568;46.2;-45.281
-2.95361;14.9836;15.272;46.4;-45.477
-2.9933;14.7876;15.0875;46.6;-45.673
-3.033;14.5916;14.9035;46.8;-45.869
-3.07269;14.3956;14.7199;47;-46.0651
-3.11238;14.1996;14.5367;47.2;-46.2611
-3.15208;14.0035;14.3539;47.4;-46.4571
-3.19177;13.8075;14.1716;47.6;-46.6531
-3.23146;13.6115;13.9898;47.8;-46.8492
-3.27116;13.4155;13.8085;48;-47.0452
-3.31085;13.2195;13.6278;48.2;-47.2412
-3.35054;13.0234;13.4475;48.4;-47.4372
-3.39024;12.8274;13.2679;48.6;-47.6332
-3.42993;12.6314;13.0888;48.8;-47.8293
-3.46962;12.4354;12.9103;49;-48.0253
-3.50931;12.2393;12.7325;49.2;-48.2213
-3.54901;12.0433;12.5554;49.4;-48.4173
-3.5887;11.8473;12.3789;49.6;-48.6133
-3.62839;11.6513;12.2032;49.8;-48.8094
-3.66809;11.4553;12.0282;50;-49.0054
-3.70778;11.2592;11.854;50.2;-49.2014
-3.74747;11.0632;11.6807;50.4;-49.3974
-3.78717;10.8672;11.5082;50.6;-49.5935
-3.82686;10.6712;11.3366;50.8;-49.7895
-3.86655;10.4752;11.166;51;-49.9855
-3.90625;10.2791;10.9963;51.2;-50.1815
-3.94594;10.0831;10.8277;51.4;-50.3775
-3.98563;9.88709;10.6602;51.6;-50.5736
-4.02533;9.69107;10.4938;51.8;-50.7696
-4.06502;9.49504;10.3286;52;-50.9656
-4.10471;9.29902;10.1647;52.2;-51.1616
-4.1444;9.103;10.002;52.4;-51.3577
-4.1841;8.90698;9.84078;52.6;-51.5537
-4.22379;8.71096;9.68097;52.8;-51.7497
-4.26348;8.51494;9.52268;53;-51.9457
-4.30318;8.31892;9.36599;53.2;-52.1417
-4.34287;8.12289;9.21097;53.4;-52.3378
-4.38256;7.92687;9.05771;53.6;-52.5338
-4.42226;7.73085;8.90631;53.8;-52.7298
-4.46195;7.53483;8.75686;54;-52.9258
-4.50164;7.33881;8.60946;54.2;-53.1218
-4.54134;7.14279;8.46423;54.4;-53.3179
-4.58103;6.94676;8.32126;54.6;-53.5139
-4.62072;6.75074;8.18068;54.8;-53.7099
-4.66042;6.55472;8.04263;55;-53.9059
-4.70011;6.3587;7.90722;55.2;-54.102
-4.7398;6.16268;7.77459;55.4;-54.298
-4.77949;5.96666;7.6449;55.6;-54.494
-4.81919;5.77063;7.5183;55.8;-54.69
-4.85888;5.57461;7.39493;56;-54.886
-4.89857;5.37859;7.27498;56.2;-55.0821
-4.93827;5.18257;7.1586;56.4;-55.2781
-4.97796;4.98655;7.04597;56.6;-55.4741
-5.01765;4.79053;6.93729;56.8;-55.6701
-5.05735;4.59451;6.83273;57;-55.8661
-5.09704;4.39848;6.73249;57.2;-56.0622
-5.13673;4.20246;6.63677;57.4;-56.2582
-5.17643;4.00644;6.54576;57.6;-56.4542
-5.21612;3.81042;6.45966;57.8;-56.6502
-5.25581;3.6144;6.37867;58;-56.8463
-5.29551;3.41838;6.30299;58.2;-57.0423
-5.3352;3.22235;6.23281;58.4;-57.2383
-5.37489;3.02633;6.16832;58.6;-57.4343
-5.41458;2.83031;6.1097;58.8;-57.6303
-5.45428;2.63429;6.05711;59;-57.8264
-5.49397;2.43827;6.01073;59.2;-58.0224
-5.53366;2.24225;5.97069;59.4;-58.2184
-5.57336;2.04622;5.93712;59.6;-58.4144
-5.61305;1.8502;5.91013;59.8;-58.6104
-5.65274;1.65418;5.88981;60;-58.8065
-5.69244;1.45816;5.87623;60.2;-59.0025
-5.73213;1.26214;5.86944;60.4;-59.1985
-5.77182;1.06612;5.86946;60.6;-59.3945
-5.81152;0.870095;5.87629;60.8;-59.5906
-5.85121;0.674074;5.88991;61;-59.7866
-5.8909;0.478052;5.91027;61.2;-59.9826
-5.93059;0.282031;5.9373;61.4;-60.1786
-5.97029;0.0860091;5.97091;61.6;-60.3746
-6.00998;-0.110012;6.01099;61.8;-60.5707
-6.04967;-0.306034;6.05741;62;-60.7667
-6.08937;-0.502056;6.11003;62.2;-60.9627
-6.12906;-0.698077;6.16869;62.4;-61.1587
-6.16875;-0.894099;6.23321;62.6;-61.3548
-6.20845;-1.09012;6.30343;62.8;-61.5508
-6.24814;-1.28614;6.37914;63;-61.7468
-6.28783;-1.48216;6.46016;63.2;-61.9428
-6.32753;-1.67819;6.54629;63.4;-62.1388
-6.36722;-1.87421;6.63733;63.6;-62.3349
-6.40691;-2.07023;6.73308;63.8;-62.5309
-6.44661;-2.26625;6.83335;64;-62.7269
-6.4863;-2.46227;6.93793;64.2;-62.9229
-6.52599;-2.65829;7.04664;64.4;-63.1189
-6.56568;-2.85431;7.15928;64.6;-63.315
-6.60538;-3.05034;7.27568;64.8;-63.511
-6.64507;-3.24636;7.39566;65;-63.707
-6.68476;-3.44238;7.51905;65.2;-63.903
-6.72446;-3.6384;7.64567;65.4;-64.0991
-6.76415;-3.83442;7.77538;65.6;-64.2951
-6.80384;-4.03044;7.90802;65.8;-64.4911
-6.84354;-4.22647;8.04344;66;-64.6871
-6.88323;-4.42249;8.18152;66.2;-64.8831
-6.92292;-4.61851;8.32211;66.4;-65.0792
-6.96262;-4.81453;8.46509;66.6;-65.2752
-7.00231;-5.01055;8.61034;66.8;-65.4712
-7.042;-5.20657;8.75775;67;-65.6672
-7.0817;-5.40259;8.90721;67.2;-65.8632
-7.12139;-5.59862;9.05862;67.4;-66.0593
-7.16108;-5.79464;9.21189;67.6;-66.2553
-7.20077;-5.99066;9.36692;67.8;-66.4513
-7.24047;-6.18668;9.52362;68;-66.6473
-7.28016;-6.3827;9.68192;68.2;-66.8434
-7.31985;-6.57872;9.84174;68.4;-67.0394
-7.35955;-6.77475;10.003;68.6;-67.2354
-7.39924;-6.97077;10.1656;68.8;-67.4314
-7.43893;-7.16679;10.3296;69;-67.6274
-7.47863;-7.36281;10.4948;69.2;-67.8235
-7.51832;-7.55883;10.6612;69.4;-68.0195
-7.55801;-7.75485;10.8287;69.6;-68.2155
-7.59771;-7.95088;10.9973;69.8;-68.4115
-7.6374;-8.1469;11.167;70;-68.6076
-7.67709;-8.34292;11.3376;70.2;-68.8036
-7.71679;-8.53894;11.5092;70.4;-68.9996
-7.75648;-8.73496;11.6817;70.6;-69.1956
-7.79617;-8.93098;11.8551;70.8;-69.3916
-7.83586;-9.127;12.0293;71;-69.5877
-7.87556;-9.32303;12.2042;71.2;-69.7837
-7.91525;-9.51905;12.38;71.4;-69.9797
-7.95494;-9.71507;12.5564;71.6;-70.1757
-7.99464;-9.91109;12.7336;71.8;-70.3717
-8.03433;-10.1071;12.9114;72;-70.5678
-8.07402;-10.3031;13.0899;72.2;-70.7638
-8.11372;-10.4992;13.2689;72.4;-70.9598
-8.15341;-10.6952;13.4486;72.6;-71.1558
-8.1931;-10.8912;13.6288;72.8;-71.3519
-8.2328;-11.0872;13.8096;73;-71.5479
-8.27249;-11.2832;13.9909;73.2;-71.7439
-8.31218;-11.4793;14.1727;73.4;-71.9399
-8.35187;-11.6753;14.355;73.6;-72.1359
-8.39157;-11.8713;14.5378;73.8;-72.332
-8.43126;-12.0673;14.721;74;-72.528
-8.47095;-12.2633;14.9046;74.2;-72.724
-8.51065;-12.4594;15.0886;74.4;-72.92
-8.55034;-12.6554;15.2731;74.6;-73.116
-8.59003;-12.8514;15.4579;74.8;-73.3121
-8.62973;-13.0474;15.6431;75;-73.5081
-8.66942;-13.2435;15.8287;75.2;-73.7041
-8.70911;-13.4395;16.0146;75.4;-73.9001
-8.74881;-13.6355;16.2009;75.6;-74.0962
-8.7885;-13.8315;16.3875;75.8;-74.2922
-8.82819;-14.0275;16.5743;76;-74.4882
-8.86789;-14.2236;16.7615;76.2;-74.6842
-8.90758;-14.4196;16.949;76.4;-74.8802
-8.94727;-14.6156;17.1368;76.6;-75.0763
-8.98696;-14.8116;17.3248;76.8;-75.2723
-9.02666;-15.0077;17.5131;77;-75.4683
-9.06635;-15.2037;17.7017;77.2;-75.6643
-9.10604;-15.3997;17.8905;77.4;-75.8603
-9.14574;-15.5957;18.0796;77.6;-76.0564
-9.18543;-15.7917;18.2689;77.8;-76.2524
-9.22512;-15.9878;18.4584;78;-76.4484
-9.26482;-16.1838;18.6481;78.2;-76.6444
-9.30451;-16.3798;18.838;78.4;-76.8405
-9.3442;-16.5758;19.0282;78.6;-77.0365
-9.3839;-16.7718;19.2185;78.8;-77.2325
-9.42359;-16.9679;19.4091;79;-77.4285
-9.46328;-17.1639;19.5998;79.2;-77.6245
-9.50298;-17.3599;19.7907;79.4;-77.8206
-9.54267;-17.5559;19.9818;79.6;-78.0166
-9.58236;-17.752;20.1731;79.8;-78.2126
-9.62205;-17.948;20.3645;80;-78.4086
-9.66175;-18.144;20.5561;80.2;-78.6047
-9.70144;-18.34;20.7479;80.4;-78.8007
-9.74113;-18.536;20.9398;80.6;-78.9967
-9.78083;-18.7321;21.1318;80.8;-79.1927
-9.82052;-18.9281;21.324;81;-79.3887
-9.86021;-19.1241;21.5164;81.2;-79.5848
-9.89991;-19.3201;21.7089;81.4;-79.7808
-9.9396;-19.5161;21.9015;81.6;-79.9768
-9.97929;-19.7122;22.0943;81.8;-80.1728
-10.019;-19.9082;22.2871;82;-80.3688
-10.0587;-20.1042;22.4801;82.2;-80.5649
-10.0984;-20.3002;22.6733;82.4;-80.7609
-10.1381;-20.4963;22.8665;82.6;-80.9569
-10.1778;-20.6923;23.0599;82.8;-81.1529
-10.2175;-20.8883;23.2533;83;-81.349
-10.2571;-21.0843;23.4469;83.2;-81.545
-10.2968;-21.2803;23.6406;83.4;-81.741
-10.3365;-21.4764;23.8344;83.6;-81.937
-10.3762;-21.6724;24.0283;83.8;-82.133
-10.4159;-21.8684;24.2223;84;-82.3291
-10.4556;-22.0644;24.4164;84.2;-82.5251
-10.4953;-22.2605;24.6105;84.4;-82.7211
-10.535;-22.4565;24.8048;84.6;-82.9171
-10.5747;-22.6525;24.9992;84.8;-83.1131
-10.6144;-22.8485;25.1936;85;-83.3092
-10.6541;-23.0445;25.3882;85.2;-83.5052
-10.6938;-23.2406;25.5828;85.4;-83.7012
-10.7335;-23.4366;25.7775;85.6;-83.8972
-10.7732;-23.6326;25.9723;85.8;-84.0933
-10.8128;-23.8286;26.1672;86;-84.2893
-10.8525;-24.0246;26.3621;86.2;-84.4853
-10.8922;-24.2207;26.5571;86.4;-84.6813
-10.9319;-24.4167;26.7522;86.6;-84.8773
-10.9716;-24.6127;26.9474;86.8;-85.0734
-11.0113;-24.8087;27.1426;87;-85.2694
-11.051;-25.0048;27.3379;87.2;-85.4654
-11.0907;-25.2008;27.5333;87.4;-85.6614
-11.1304;-25.3968;27.7287;87.6;-85.8574
-11.1701;-25.5928;27.9242;87.8;-86.0535
-11.2098;-25.7888;28.1198;88;-86.2495
-11.2495;-25.9849;28.3154;88.2;-86.4455
-11.2892;-26.1809;28.5111;88.4;-86.6415
-11.3289;-26.3769;28.7069;88.6;-86.8376
-11.3686;-26.5729;28.9027;88.8;-87.0336
-11.4082;-26.7689;29.0985;89;-87.2296
-11.4479;-26.965;29.2944;89.2;-87.4256
-11.4876;-27.161;29.4904;89.4;-87.6216
-11.5273;-27.357;29.6864;89.6;-87.8177
-11.567;-27.553;29.8825;89.8;-88.0137
-11.6067;-27.7491;30.0787;90;-88.2097
-11.6464;-27.9451;30.2748;90.2;-88.4057
-11.6861;-28.1411;30.4711;90.4;-88.6018
-11.7258;-28.3371;30.6674;90.6;-88.7978
-11.7655;-28.5331;30.8637;90.8;-88.9938
-11.8052;-28.7292;31.0601;91;-89.1898
-11.8449;-28.9252;31.2565;91.2;-89.3858
-11.8846;-29.1212;31.4529;91.4;-89.5819
-11.9243;-29.3172;31.6494;91.6;-89.7779
-11.9639;-29.5132;31.846;91.8;-89.9739
-12.0036;-29.7093;32.0426;92;-90.1699
-12.0433;-29.9053;32.2392;92.2;-90.3659

-12.083;29.8987;32.248;92.4;-90.562
-12.1227;29.7027;32.0813;92.6;-90.758
-12.1624;29.5066;31.915;92.8;-90.954
-12.2021;29.3106;31.7491;93;-91.15
-12.2418;29.1146;31.5836;93.2;-91.3461
-12.2815;28.9186;31.4185;93.4;-91.5421
-12.3212;28.7226;31.2538;93.6;-91.7381
-12.3609;28.5265;31.0895;93.8;-91.9341
-12.4006;28.3305;30.9256;94;-92.1301
-12.4403;28.1345;30.7622;94.2;-92.3262
-12.48;27.9385;30.5991;94.4;-92.5222
-12.5197;27.7424;30.4366;94.6;-92.7182
-12.5593;27.5464;30.2745;94.8;-92.9142
-12.599;27.3504;30.1128;95;-93.1102
-12.6387;27.1544;29.9516;95.2;-93.3063
-12.6784;26.9584;29.7909;95.4;-93.5023
-12.7181;26.7623;29.6306;95.6;-93.6983
-12.7578;26.5663;29.4709;95.8;-93.8943
-12.7975;26.3703;29.3116;96;-94.0904
-12.8372;26.1743;29.1528;96.2;-94.2864
-12.8769;25.9783;28.9946;96.4;-94.4824
-12.9166;25.7822;28.8368;96.6;-94.6784
-12.9563;25.5862;28.6796;96.8;-94.8744
-12.996;25.3902;28.5229;97;-95.0705
-13.0357;25.1942;28.3668;97.2;-95.2665
-13.0754;24.9981;28.2112;97.4;-95.4625
-13.115;24.8021;28.0562;97.6;-95.6585
-13.1547;24.6061;27.9017;97.8;-95.8545
-13.1944;24.4101;27.7479;98;-96.0506
-13.2341;24.2141;27.5946;98.2;-96.2466
-13.2738;24.018;27.4419;98.4;-96.4426
-13.3135;23.822;27.2899;98.6;-96.6386
-13.3532;23.626;27.1385;98.8;-96.8347
-13.3929;23.43;26.9877;99;-97.0307
-13.4326;23.234;26.8375;99.2;-97.2267
-13.4723;23.0379;26.688;99.4;-97.4227
-13.512;22.8419;26.5391;99.6;-97.6187
-13.5517;22.6459;26.391;99.8;-97.8148
-13.5914;22.4499;26.2435;100;-98.0108
-13.6311;22.2538;26.0967;100.2;-98.2068
-13.6708;22.0578;25.9507;100.4;-98.4028
-13.7104;21.8618;25.8053;100.6;-98.5989
-13.7501;21.6658;25.6607;100.8;-98.7949
-13.7898;21.4698;25.5169;101;-98.9909
-13.8295;21.2737;25.3738;101.2;-99.1869
-13.8692;21.0777;25.2314;101.4;-99.3829
-13.9089;20.8817;25.0899;101.6;-99.579
-13.9486;20.6857;24.9492;101.8;-99.775
-13.9883;20.4897;24.8092;102;-99.971
-14.028;20.2936;24.6701;102.2;-100.167
-14.0677;20.0976;24.5319;102.4;-100.363
-14.1074;19.9016;24.3945;102.6;-100.559
-14.1471;19.7056;24.258;102.8;-100.755
-14.1868;19.5095;24.1223;103;-100.951
-14.2265;19.3135;23.9876;103.2;-101.147
-14.2661;19.1175;23.8538;103.4;-101.343
-14.3058;18.9215;23.7209;103.6;-101.539
-14.3455;18.7255;23.5889;103.8;-101.735
-14.3852;18.5294;23.4579;104;-101.931
-14.4249;18.3334;23.3279;104.2;-102.127
-14.4646;18.1374;23.1989;104.4;-102.323
-14.5043;17.9414;23.0709;104.6;-102.519
-14.544;17.7453;22.944;104.8;-102.715
-14.5837;17.5493;22.818;105;-102.911
-14.6234;17.3533;22.6932;105.2;-103.107
-14.6631;17.1573;22.5694;105.4;-103.303
-14.7028;16.9613;22.4467;105.6;-103.499
-14.7425;16.7652;22.3252;105.8;-103.695
-14.7822;16.5692;22.2048;106;-103.891
-14.8219;16.3732;22.0855;106.2;-104.087
-14.8615;16.1772;21.9674;106.4;-104.283
-14.9012;15.9812;21.8505;106.6;-104.479
-14.9409;15.7851;21.7348;106.8;-104.676
-14.9806;15.5891;21.6204;107;-104.872
-15.0203;15.3931;21.5071;107.2;-105.068
-15.06;15.1971;21.3952;107.4;-105.264
-15.0997;15.001;21.2846;107.6;-105.46
-15.1394;14.805;21.1752;107.8;-105.656
-15.1791;14.609;21.0672;108;-105.852
-15.2188;14.413;20.9606;108.2;-106.048
-15.2585;14.217;20.8553;108.4;-106.244
-15.2982;14.0209;20.7514;108.6;-106.44
-15.3379;13.8249;20.6489;108.8;-106.636
-15.3776;13.6289;20.5479;109;-106.832
-15.4172;13.4329;20.4483;109.2;-107.028
-15.4569;13.2369;20.3502;109.4;-107.224
-15.4966;13.0408;20.2536;109.6;-107.42
-15.5363;12.8448;20.1585;109.8;-107.616
-15.576;12.6488;20.065;110;-107.812
-15.6157;12.4528;19.973;110.2;-108.008
-15.6554;12.2567;19.8826;110.4;-108.204
-15.6951;12.0607;19.7939;110.6;-108.4
-15.7348;11.8647;19.7067;110.8;-108.596
-15.7745;11.6687;19.6212;111;-108.792
-15.8142;11.4727;19.5374;111.2;-108.988
-15.8539;11.2766;19.4553;111.4;-109.184
-15.8936;11.0806;19.3749;111.6;-109.38
-15.9333;10.8846;19.2962;111.8;-109.576
-15.973;10.6886;19.2193;112;-109.772
-16.0126;10.4926;19.1441;112.2;-109.968
-16.0523;10.2965;19.0708;112.4;-110.164
-16.092;10.1005;18.9993;112.6;-110.36
-16.1317;9.90449;18.9296;112.8;-110.556
-16.1714;9.70847;18.8618;113;-110.752
-16.2111;9.51244;18.7959;113.2;-110.948
-16.2508;9.31642;18.7319;113.4;-111.144
-16.2905;9.1204;18.6698;113.6;-111.34
-16.3302;8.92438;18.6097;113.8;-111.536
-16.3699;8.72836;18.5515;114;-111.732
-16.4096;8.53234;18.4953;114.2;-111.928
-16.4493;8.33631;18.4411;114.4;-112.124
-16.489;8.14029;18.3889;114.6;-112.32
-16.5287;7.94427;18.3387;114.8;-112.516
-16.5683;7.74825;18.2906;115;-112.712
-16.608;7.55223;18.2445;115.2;-112.908
-16.6477;7.35621;18.2006;115.4;-113.104
-16.6874;7.16018;18.1587;115.6;-113.3
-16.7271;6.96416;18.1189;115.8;-113.496
-16.7668;6.76814;18.0813;116;-113.693
-16.8065;6.57212;18.0458;116.2;-113.889
-16.8462;6.3761;18.0125;116.4;-114.085
-16.8859;6.18008;17.9813;116.6;-114.281
-16.9256;5.98406;17.9523;116.8;-114.477
-16.9653;5.78803;17.9255;117;-114.673
-17.005;5.59201;17.9008;117.2;-114.869
-17.0447;5.39599;17.8784;117.4;-115.065
-17.0844;5.19997;17.8582;117.6;-115.261
-17.1241;5.00395;17.8402;117.8;-115.457
-17.1637;4.80793;17.8244;118;-115.653
-17.2034;4.6119;17.8109;118.2;-115.849
-17.2431;4.41588;17.7996;118.4;-116.045
-17.2828;4.21986;17.7905;118.6;-116.241
-17.3225;4.02384;17.7837;118.8;-116.437
-17.3622;3.82782;17.7792;119;-116.633
-17.4019;3.6318;17.7768;119.2;-116.829
-17.4416;3.43577;17.7768;119.4;-117.025
-17.4813;3.23975;17.779;119.6;-117.221
-17.521;3.04373;17.7834;119.8;-117.417
-17.5607;2.84771;17.7901;120;-117.613
-17.6004;2.65169;17.799;120.2;-117.809
-17.6401;2.45567;17.8102;120.4;-118.005
-17.6798;2.25965;17.8236;120.6;-118.201
-17.7195;2.06362;17.8392;120.8;-118.397
-17.7591;1.8676;17.8571;121;-118.593
-17.7988;1.67158;17.8772;121.2;-118.789
-17.8385;1.47556;17.8995;121.4;-118.985
-17.8782;1.27954;17.924;121.6;-119.181
-17.9179;1.08352;17.9506;121.8;-119.377
-17.9576;0.887494;17.9795;122;-119.573
-17.9973;0.691473;18.0106;122.2;-119.769
-18.037;0.495451;18.0438;122.4;-119.965
-18.0767;0.29943;18.0792;122.6;-120.161
-18.1164;0.103408;18.1167;122.8;-120.357
-18.1561;-0.0926134;18.1563;123;-120.553
-18.1958;-0.288635;18.1981;123.2;-120.749
-18.2355;-0.484657;18.2419;123.4;-120.945
-18.2752;-0.680678;18.2878;123.6;-121.141
-18.3148;-0.8767;18.3358;123.8;-121.337
-18.3545;-1.07272;18.3859;124;-121.533
-18.3942;-1.26874;18.4379;124.2;-121.729
-18.4339;-1.46476;18.492;124.4;-121.925
-18.4736;-1.66079;18.5481;124.6;-122.121
-18.5133;-1.85681;18.6062;124.8;-122.317
-18.553;-2.05283;18.6662;125;-122.513
-18.5927;-2.24885;18.7282;125.2;-122.71
-18.6324;-2.44487;18.7921;125.4;-122.906
-18.6721;-2.64089;18.8579;125.6;-123.102
-18.7118;-2.83692;18.9256;125.8;-123.298
-18.7515;-3.03294;18.9952;126;-123.494
-18.7912;-3.22896;19.0666;126.2;-123.69
-18.8309;-3.42498;19.1398;126.4;-123.886
-18.8706;-3.621;19.2148;126.6;-124.082
-18.9102;-3.81702;19.2916;126.8;-124.278
-18.9499;-4.01304;19.3702;127;-124.474
-18.9896;-4.20907;19.4505;127.2;-124.67
-19.0293;-4.40509;19.5325;127.4;-124.866
-19.069;-4.60111;19.6163;127.6;-125.062
-19.1087;-4.79713;19.7017;127.8;-125.258
-19.1484;-4.99315;19.7887;128;-125.454
-19.1881;-5.18917;19.8774;128.2;-125.65
-19.2278;-5.3852;19.9677;128.4;-125.846
-19.2675;-5.58122;20.0596;128.6;-126.042
-19.3072;-5.77724;20.153;128.8;-126.238
-19.3469;-5.97326;20.248;129;-126.434
-19.3866;-6.16928;20.3445;129.2;-126.63
-19.4263;-6.3653;20.4425;129.4;-126.826
-19.4659;-6.56133;20.542;129.6;-127.022
-19.5056;-6.75735;20.643;129.8;-127.218
-19.5453;-6.95337;20.7453;130;-127.414
-19.585;-7.14939;20.8491;130.2;-127.61
-19.6247;-7.34541;20.9543;130.4;-127.806
-19.6644;-7.54143;21.0609;130.6;-128.002
-19.7041;-7.73745;21.1688;130.8;-128.198
-19.7438;-7.93348;21.2781;131;-128.394
-19.7835;-8.1295;21.3887;131.2;-128.59
-19.8232;-8.32552;21.5005;131.4;-128.786
-19.8629;-8.52154;21.6137;131.6;-128.982
-19.9026;-8.71756;21.7281;131.8;-129.178
-19.9423;-8.91358;21.8437;132;-129.374
-19.982;-9.10961;21.9605;132.2;-129.57
-20.0217;-9.30563;22.0785;132.4;-129.766
-20.0613;-9.50165;22.1977;132.6;-129.962
-20.101;-9.69767;22.3181;132.8;-130.158
-20.1407;-9.89369;22.4396;133;-130.354
-20.1804;-10.0897;22.5622;133.2;-130.55
-20.2201;-10.2857;22.6859;133.4;-130.746
-20.2598;-10.4818;22.8107;133.6;-130.942
-20.2995;-10.6778;22.9365;133.8;-131.138
-20.3392;-10.8738;23.0634;134;-131.334
-20.3789;-11.0698;23.1914;134.2;-131.53
-20.4186;-11.2658;23.3203;134.4;-131.726
-20.4583;-11.4619;23.4503;134.6;-131.923
-20.498;-11.6579;23.5812;134.8;-132.119
-20.5377;-11.8539;23.7131;135;-132.315
-20.5774;-12.0499;23.8459;135.2;-132.511
-20.617;-12.246;23.9797;135.4;-132.707
-20.6567;-12.442;24.1144;135.6;-132.903
-20.6964;-12.638;24.25;135.8;-133.099
-20.7361;-12.834;24.3864;136;-133.295
-20.7758;-13.03;24.5238;136.2;-133.491
-20.8155;-13.2261;24.662;136.4;-133.687
-20.8552;-13.4221;24.801;136.6;-133.883
-20.8949;-13.6181;24.9409;136.8;-134.079
-20.9346;-13.8141;25.0816;137;-134.275
-20.9743;-14.0101;25.2231;137.2;-134.471
-21.014;-14.2062;25.3654;137.4;-134.667
-21.0537;-14.4022;25.5084;137.6;-134.863
-21.0934;-14.5982;25.6522;137.8;-135.059
-21.1331;-14.7942;25.7968;138;-135.255
-21.1728;-14.9903;25.9421;138.2;-135.451
-21.2124;-15.1863;26.0881;138.4;-135.647
-21.2521;-15.3823;26.2349;138.6;-135.843
-21.2918;-15.5783;26.3823;138.8;-136.039
-21.3315;-15.7743;26.5304;139;-136.235
-21.3712;-15.9704;26.6792;139.2;-136.431
-21.4109;-16.1664;26.8287;139.4;-136.627
-21.4506;-16.3624;26.9788;139.6;-136.823
-21.4903;-16.5584;27.1296;139.8;-137.019
-21.53;-16.7544;27.281;140;-137.215
-21.5697;-16.9505;27.433;140.2;-137.411
-21.6094;-17.1465;27.5856;140.4;-137.607
-21.6491;-17.3425;27.7389;140.6;-137.803
-21.6888;-17.5385;27.8927;140.8;-137.999
-21.7285;-17.7346;28.0471;141;-138.195
-21.7681;-17.9306;28.2021;141.2;-138.391
-21.8078;-18.1266;28.3576;141.4;-138.587
-21.8475;-18.3226;28.5137;141.6;-138.783
-21.8872;-18.5186;28.6704;141.8;-138.979
-21.9269;-18.7147;28.8276;142;-139.175
-21.9666;-18.9107;28.9853;142.2;-139.371
-22.0063;-19.1067;29.1435;142.4;-139.567
-22.046;-19.3027;29.3022;142.6;-139.763
-22.0857;-19.4987;29.4615;142.8;-139.959
-22.1254;-19.6948;29.6212;143;-140.155
-22.1651;-19.8908;29.7814;143.2;-140.351
-22.2048;-20.0868;29.9421;143.4;-140.547
-22.2445;-20.2828;30.1033;143.6;-140.743
-22.2842;-20.4789;30.265;143.8;-140.94
-22.3239;-20.6749;30.427;144;-141.136
-22.3635;-20.8709;30.5896;144.2;-141.332
-22.4032;-21.0669;30.7526;144.4;-141.528
-22.4429;-21.2629;30.916;144.6;-141.724
-22.4826;-21.459;31.0798;144.8;-141.92
-22.5223;-21.655;31.2441;145;-142.116
-22.562;-21.851;31.4088;145.2;-142.312
-22.6017;-22.047;31.5739;145.4;-142.508
-22.6414;-22.2431;31.7393;145.6;-142.704
-22.6811;-22.4391;31.9052;145.8;-142.9
-22.7208;-22.6351;32.0715;146;-143.096
-22.7605;-22.8311;32.2382;146.2;-143.292
-22.8002;-23.0271;32.4052;146.4;-143.488
-22.8399;-23.2232;32.5726;146.6;-143.684
-22.8796;-23.4192;32.7404;146.8;-143.88
-22.9192;-23.6152;32.9085;147;-144.076
-22.9589;-23.8112;33.077;147.2;-144.272
-22.9986;-24.0072;33.2458;147.4;-144.468
-23.0383;-24.2033;33.415;147.6;-144.664
-23.078;-24.3993;33.5845;147.8;-144.86
-23.1177;-24.5953;33.7544;148;-145.056
-23.1574;-24.7913;33.9246;148.2;-145.252
-23.1971;-24.9874;34.0951;148.4;-145.448
-23.2368;-25.1834;34.2659;148.6;-145.644
-23.2765;-25.3794;34.437;148.8;-145.84
-23.3162;-25.5754;34.6085;149;-146.036
-23.3559;-25.7714;34.7802;149.2;-146.232
-23.3956;-25.9675;34.9523;149.4;-146.428
-23.4353;-26.1635;35.1246;149.6;-146.624
-23.475;-26.3595;35.2973;149.8;-146.82
-23.5146;-26.5555;35.4702;150;-147.016
-23.5543;-26.7515;35.6434;150.2;-147.212
-23.594;-26.9476;35.8169;150.4;-147.408
-23.6337;-27.1436;35.9907;150.6;-147.604
-23.6734;-27.3396;36.1647;150.8;-147.8
-23.7131;-27.5356;36.339;151;-147.996
-23.7528;-27.7317;36.5136;151.2;-148.192
-23.7925;-27.9277;36.6884;151.4;-148.388
-23.8322;-28.1237;36.8635;151.6;-148.584
-23.8719;-28.3197;37.0388;151.8;-148.78
-23.9116;-28.5157;37.2144;152;-148.976
-23.9513;-28.7118;37.3902;152.2;-149.172
-23.991;-28.9078;37.5663;152.4;-149.368
-24.0307;-29.1038;37.7426;152.6;-149.564
-24.0703;-29.2998;37.9191;152.8;-149.76
-24.11;-29.4958;38.0959;153;-149.957
-24.1497;-29.6919;38.2729;153.2;-150.153
-24.1894;-29.8879;38.4502;153.4;-150.349

-24.2291;29.9161;38.497;153.6;-150.545
-24.2688;29.7201;38.37;153.8;-150.741
-24.3085;29.524;38.2436;154;-150.937
-24.3482;29.328;38.1178;154.2;-151.133
-24.3879;29.132;37.9927;154.4;-151.329
-24.4276;28.936;37.8682;154.6;-151.525
-24.4673;28.74;37.7443;154.8;-151.721
-24.507;28.5439;37.6211;155;-151.917
-24.5467;28.3479;37.4986;155.2;-152.113
-24.5864;28.1519;37.3767;155.4;-152.309
-24.6261;27.9559;37.2555;155.6;-152.505
-24.6657;27.7598;37.135;155.8;-152.701
-24.7054;27.5638;37.0152;156;-152.897
-24.7451;27.3678;36.896;156.2;-153.093
-24.7848;27.1718;36.7776;156.4;-153.289
-24.8245;26.9758;36.6599;156.6;-153.485
-24.8642;26.7797;36.5429;156.8;-153.681
-24.9039;26.5837;36.4266;157;-153.877
-24.9436;26.3877;36.3111;157.2;-154.073
-24.9833;26.1917;36.1963;157.4;-154.269
-25.023;25.9957;36.0822;157.6;-154.465
-25.0627;25.7996;35.9689;157.8;-154.661
-25.1024;25.6036;35.8563;158;-154.857
-25.1421;25.4076;35.7445;158.2;-155.053
-25.1818;25.2116;35.6335;158.4;-155.249
-25.2214;25.0155;35.5232;158.6;-155.445
-25.2611;24.8195;35.4138;158.8;-155.641
-25.3008;24.6235;35.3051;159;-155.837
-25.3405;24.4275;35.1972;159.2;-156.033
-25.3802;24.2315;35.0902;159.4;-156.229
-25.4199;24.0354;34.9839;159.6;-156.425
-25.4596;23.8394;34.8785;159.8;-156.621
-25.4993;23.6434;34.7739;160;-156.817
-25.539;23.4474;34.6702;160.2;-157.013
-25.5787;23.2514;34.5672;160.4;-157.209
-25.6184;23.0553;34.4652;160.6;-157.405
-25.6581;22.8593;34.364;160.8;-157.601
-25.6978;22.6633;34.2637;161;-157.797
-25.7375;22.4673;34.1642;161.2;-157.993
-25.7772;22.2712;34.0657;161.4;-158.189
-25.8168;22.0752;33.968;161.6;-158.385
-25.8565;21.8792;33.8712;161.8;-158.581
-25.8962;21.6832;33.7754;162;-158.777
-25.9359;21.4872;33.6804;162.2;-158.973
-25.9756;21.2911;33.5864;162.4;-159.17
-26.0153;21.0951;33.4933;162.6;-159.366
-26.055;20.8991;33.4011;162.8;-159.562
-26.0947;20.7031;33.3099;163;-159.758
-26.1344;20.5071;33.2197;163.2;-159.954
-26.1741;20.311;33.1304;163.4;-160.15
-26.2138;20.115;33.042;163.6;-160.346
-26.2535;19.919;32.9547;163.8;-160.542
-26.2932;19.723;32.8683;164;-160.738
-26.3329;19.5269;32.7829;164.2;-160.934
-26.3725;19.3309;32.6986;164.4;-161.13
-26.4122;19.1349;32.6152;164.6;-161.326
-26.4519;18.9389;32.5328;164.8;-161.522
-26.4916;18.7429;32.4515;165;-161.718
-26.5313;18.5468;32.3712;165.2;-161.914
-26.571;18.3508;32.292;165.4;-162.11
-26.6107;18.1548;32.2138;165.6;-162.306
-26.6504;17.9588;32.1366;165.8;-162.502
-26.6901;17.7627;32.0605;166;-162.698
-26.7298;17.5667;31.9855;166.2;-162.894
-26.7695;17.3707;31.9115;166.4;-163.09
-26.8092;17.1747;31.8387;166.6;-163.286
-26.8489;16.9787;31.7669;166.8;-163.482
-26.8886;16.7826;31.6962;167;-163.678
-26.9283;16.5866;31.6267;167.2;-163.874
-26.9679;16.3906;31.5582;167.4;-164.07
-27.0076;16.1946;31.4909;167.6;-164.266
-27.0473;15.9986;31.4247;167.8;-164.462
-27.087;15.8025;31.3596;168;-164.658
-27.1267;15.6065;31.2957;168.2;-164.854
-27.1664;15.4105;31.2329;168.4;-165.05
-27.2061;15.2145;31.1713;168.6;-165.246
-27.2458;15.0184;31.1109;168.8;-165.442
-27.2855;14.8224;31.0516;169;-165.638
-27.3252;14.6264;30.9935;169.2;-165.834
-27.3649;14.4304;30.9366;169.4;-166.03
-27.4046;14.2344;30.8809;169.6;-166.226
-27.4443;14.0383;30.8263;169.8;-166.422
-27.484;13.8423;30.773;170;-166.618
-27.5236;13.6463;30.7209;170.2;-166.814
-27.5633;13.4503;30.67;170.4;-167.01
-27.603;13.2543;30.6203;170.6;-167.206
-27.6427;13.0582;30.5718;170.8;-167.402
-27.6824;12.8622;30.5246;171;-167.598
-27.7221;12.6662;30.4786;171.2;-167.794
-27.7618;12.4702;30.4339;171.4;-167.99
-27.8015;12.2741;30.3904;171.6;-168.187
-27.8412;12.0781;30.3482;171.8;-168.383
-27.8809;11.8821;30.3072;172;-168.579
-27.9206;11.6861;30.2675;172.2;-168.775
-27.9603;11.4901;30.2291;172.4;-168.971
-28;11.294;30.1919;172.6;-169.167
-28.0397;11.098;30.1561;172.8;-169.363
-28.0794;10.902;30.1215;173;-169.559
-28.119;10.706;30.0882;173.2;-169.755
-28.1587;10.51;30.0562;173.4;-169.951
-28.1984;10.3139;30.0255;173.6;-170.147
-28.2381;10.1179;29.9961;173.8;-170.343
-28.2778;9.92189;29.968;174;-170.539
-28.3175;9.72586;29.9412;174.2;-170.735
-28.3572;9.52984;29.9157;174.4;-170.931
-28.3969;9.33382;29.8915;174.6;-171.127
-28.4366;9.1378;29.8687;174.8;-171.323
-28.4763;8.94178;29.8472;175;-171.519
-28.516;8.74576;29.827;175.2;-171.715
-28.5557;8.54973;29.8081;175.4;-171.911
-28.5954;8.35371;29.7906;175.6;-172.107
-28.6351;8.15769;29.7744;175.8;-172.303
-28.6748;7.96167;29.7595;176;-172.499
-28.7144;7.76565;29.746;176.2;-172.695
-28.7541;7.56963;29.7338;176.4;-172.891
-28.7938;7.37361;29.723;176.6;-173.087
-28.8335;7.17758;29.7135;176.8;-173.283
-28.8732;6.98156;29.7053;177;-173.479
-28.9129;6.78554;29.6985;177.2;-173.675
-28.9526;6.58952;29.693;177.4;-173.871
-28.9923;6.3935;29.6889;177.6;-174.067
-29.032;6.19748;29.6861;177.8;-174.263
-29.0717;6.00145;29.6847;178;-174.459
-29.1114;5.80543;29.6846;178.2;-174.655
-29.1511;5.60941;29.6859;178.4;-174.851
-29.1908;5.41339;29.6885;178.6;-175.047
-29.2305;5.21737;29.6924;178.8;-175.243
-29.2701;5.02135;29.6977;179;-175.439
-29.3098;4.82532;29.7044;179.2;-175.635
-29.3495;4.6293;29.7124;179.4;-175.831
-29.3892;4.43328;29.7217;179.6;-176.027
-29.4289;4.23726;29.7324;179.8;-176.223
-29.4686;4.04124;29.7444;180;-176.419
-29.5083;3.84522;29.7578;180.2;-176.615
-29.548;3.6492;29.7725;180.4;-176.811
-29.5877;3.45317;29.7885;180.6;-177.007
-29.6274;3.25715;29.8059;180.8;-177.204
-29.6671;3.06113;29.8246;181;-177.4
-29.7068;2.86511;29.8446;181.2;-177.596
-29.7465;2.66909;29.866;181.4;-177.792
-29.7862;2.47307;29.8886;181.6;-177.988
-29.8259;2.27704;29.9126;181.8;-178.184
-29.8655;2.08102;29.938;182;-178.38
-29.9052;1.885;29.9646;182.2;-178.576
-29.9449;1.68898;29.9925;182.4;-178.772
-29.9846;1.49296;30.0218;182.6;-178.968

29.9757;1.29694;30.0037;182.8;-179.164
29.936;1.10092;29.9562;183;-179.36
29.8963;0.904893;29.91;183.2;-179.556
29.8566;0.708872;29.865;183.4;-179.752
29.8169;0.51285;29.8213;183.6;-179.948
29.7772;0.316829;29.7789;183.8;-180.144
29.7375;0.120807;29.7378;184;-180.34
29.6978;-0.0752144;29.6979;184.2;-180.536
29.6581;-0.271236;29.6594;184.4;-180.732
29.6184;-0.467258;29.6221;184.6;-180.928
29.5788;-0.663279;29.5862;184.8;-181.124
29.5391;-0.859301;29.5516;185;-181.32
29.4994;-1.05532;29.5182;185.2;-181.516
29.4597;-1.25134;29.4862;185.4;-181.712
29.42;-1.44737;29.4556;185.6;-181.908
29.3803;-1.64339;29.4262;185.8;-182.104
29.3406;-1.83941;29.3982;186;-182.3
29.3009;-2.03543;29.3715;186.2;-182.496
29.2612;-2.23145;29.3462;186.4;-182.692
29.2215;-2.42747;29.3222;186.6;-182.888
29.1818;-2.62349;29.2995;186.8;-183.084
29.1421;-2.81952;29.2782;187;-183.28
29.1024;-3.01554;29.2583;187.2;-183.476
29.0627;-3.21156;29.2396;187.4;-183.672
29.023;-3.40758;29.2224;187.6;-183.868
28.9834;-3.6036;29.2065;187.8;-184.064
28.9437;-3.79962;29.192;188;-184.26
28.904;-3.99565;29.1788;188.2;-184.456
28.8643;-4.19167;29.167;188.4;-184.652
28.8246;-4.38769;29.1566;188.6;-184.848
28.7849;-4.58371;29.1476;188.8;-185.044
28.7452;-4.77973;29.1399;189;-185.24
28.7055;-4.97575;29.1336;189.2;-185.436
28.6658;-5.17178;29.1286;189.4;-185.632
28.6261;-5.3678;29.125;189.6;-185.828
28.5864;-5.56382;29.1228;189.8;-186.024
28.5467;-5.75984;29.122;190;-186.22
28.507;-5.95586;29.1226;190.2;-186.417
28.4673;-6.15188;29.1245;190.4;-186.613
28.4277;-6.3479;29.1278;190.6;-186.809
28.388;-6.54393;29.1324;190.8;-187.005
28.3483;-6.73995;29.1385;191;-187.201
28.3086;-6.93597;29.1459;191.2;-187.397
28.2689;-7.13199;29.1547;191.4;-187.593
28.2292;-7.32801;29.1648;191.6;-187.789
28.1895;-7.52403;29.1763;191.8;-187.985
28.1498;-7.72006;29.1892;192;-188.181
28.1101;-7.91608;29.2035;192.2;-188.377
28.0704;-8.1121;29.2191;192.4;-188.573
28.0307;-8.30812;29.236;192.6;-188.769
27.991;-8.50414;29.2544;192.8;-188.965
27.9513;-8.70016;29.274;193;-189.161
27.9116;-8.89619;29.2951;193.2;-189.357
27.8719;-9.09221;29.3175;193.4;-189.553
27.8323;-9.28823;29.3412;193.6;-189.749
27.7926;-9.48425;29.3663;193.8;-189.945
27.7529;-9.68027;29.3927;194;-190.141
27.7132;-9.87629;29.4204;194.2;-190.337
27.6735;-10.0723;29.4495;194.4;-190.533
27.6338;-10.2683;29.4799;194.6;-190.729
27.5941;-10.4644;29.5116;194.8;-190.925
27.5544;-10.6604;29.5447;195;-191.121
27.5147;-10.8564;29.5791;195.2;-191.317
27.475;-11.0524;29.6147;195.4;-191.513
27.4353;-11.2484;29.6517;195.6;-191.709
27.3956;-11.4445;29.69;195.8;-191.905
27.3559;-11.6405;29.7296;196;-192.101
27.3162;-11.8365;29.7705;196.2;-192.297
27.2766;-12.0325;29.8126;196.4;-192.493
27.2369;-12.2286;29.8561;196.6;-192.689
27.1972;-12.4246;29.9008;196.8;-192.885
27.1575;-12.6206;29.9467;197;-193.081
27.1178;-12.8166;29.994;197.2;-193.277
27.0781;-13.0126;30.0425;197.4;-193.473
27.0384;-13.2087;30.0922;197.6;-193.669
26.9987;-13.4047;30.1432;197.8;-193.865
26.959;-13.6007;30.1955;198;-194.061
26.9193;-13.7967;30.249;198.2;-194.257
26.8796;-13.9927;30.3036;198.4;-194.453
26.8399;-14.1888;30.3596;198.6;-194.649
26.8002;-14.3848;30.4167;198.8;-194.845
26.7605;-14.5808;30.475;199;-195.041
26.7208;-14.7768;30.5345;199.2;-195.237
26.6812;-14.9729;30.5953;199.4;-195.434
26.6415;-15.1689;30.6572;199.6;-195.63
26.6018;-15.3649;30.7203;199.8;-195.826
26.5621;-15.5609;30.7845;200;-196.022
26.5224;-15.7569;30.8499;200.2;-196.218
26.4827;-15.953;30.9165;200.4;-196.414
26.443;-16.149;30.9842;200.6;-196.61
26.4033;-16.345;31.0531;200.8;-196.806
26.3636;-16.541;31.1231;201;-197.002
26.3239;-16.737;31.1942;201.2;-197.198
26.2842;-16.9331;31.2664;201.4;-197.394
26.2445;-17.1291;31.3398;201.6;-197.59
26.2048;-17.3251;31.4142;201.8;-197.786
26.1651;-17.5211;31.4898;202;-197.982
26.1255;-17.7172;31.5664;202.2;-198.178
26.0858;-17.9132;31.6441;202.4;-198.374
26.0461;-18.1092;31.7229;202.6;-198.57
26.0064;-18.3052;31.8027;202.8;-198.766
25.9667;-18.5012;31.8836;203;-198.962
25.927;-18.6973;31.9655;203.2;-199.158
25.8873;-18.8933;32.0485;203.4;-199.354
25.8476;-19.0893;32.1325;203.6;-199.55
25.8079;-19.2853;32.2176;203.8;-199.746
25.7682;-19.4813;32.3036;204;-199.942
25.7285;-19.6774;32.3907;204.2;-200.138
25.6888;-19.8734;32.4787;204.4;-200.334
25.6491;-20.0694;32.5678;204.6;-200.53
25.6094;-20.2654;32.6578;204.8;-200.726
25.5697;-20.4615;32.7488;205;-200.922
25.5301;-20.6575;32.8408;205.2;-201.118
25.4904;-20.8535;32.9337;205.4;-201.314
25.4507;-21.0495;33.0275;205.6;-201.51
25.411;-21.2455;33.1224;205.8;-201.706
25.3713;-21.4416;33.2181;206;-201.902
25.3316;-21.6376;33.3148;206.2;-202.098
25.2919;-21.8336;33.4124;206.4;-202.294
25.2522;-22.0296;33.5109;206.6;-202.49
25.2125;-22.2257;33.6103;206.8;-202.686
25.1728;-22.4217;33.7106;207;-202.882
25.1331;-22.6177;33.8117;207.2;-203.078
25.0934;-22.8137;33.9138;207.4;-203.274
25.0537;-23.0097;34.0167;207.6;-203.47
25.014;-23.2058;34.1205;207.8;-203.666
24.9744;-23.4018;34.2252;208;-203.862
24.9347;-23.5978;34.3306;208.2;-204.058
24.895;-23.7938;34.437;208.4;-204.254
24.8553;-23.9898;34.5441;208.6;-204.45
24.8156;-24.1859;34.6521;208.8;-204.647
24.7759;-24.3819;34.7609;209;-204.843
24.7362;-24.5779;34.8705;209.2;-205.039
24.6965;-24.7739;34.9809;209.4;-205.235
24.6568;-24.97;35.0921;209.6;-205.431
24.6171;-25.166;35.2041;209.8;-205.627
24.5774;-25.362;35.3169;210;-205.823
24.5377;-25.558;35.4304;210.2;-206.019
24.498;-25.754;35.5447;210.4;-206.215
24.4583;-25.9501;35.6597;210.6;-206.411
24.4186;-26.1461;35.7755;210.8;-206.607
24.379;-26.3421;35.8921;211;-206.803
24.3393;-26.5381;36.0093;211.2;-206.999
24.2996;-26.7341;36.1273;211.4;-207.195
24.2599;-26.9302;36.246;211.6;-207.391
24.2202;-27.1262;36.3655;211.8;-207.587
24.1805;-27.3222;36.4856;212;-207.783
24.1408;-27.5182;36.6064;212.2;-207.979
24.1011;-27.7143;36.728;212.4;-208.175
24.0614;-27.9103;36.8502;212.6;-208.371
24.0217;-28.1063;36.9731;212.8;-208.567
23.982;-28.3023;37.0966;213;-208.763
23.9423;-28.4983;37.2208;213.2;-208.959
23.9026;-28.6944;37.3457;213.4;-209.155
23.8629;-28.8904;37.4712;213.6;-209.351
23.8233;-29.0864;37.5974;213.8;-209.547
23.7836;-29.2824;37.7242;214;-209.743
23.7439;-29.4785;37.8517;214.2;-209.939
23.7042;-29.6745;37.9798;214.4;-210.135
23.6645;-29.8705;38.1084;214.6;-210.331

23.6248;29.9335;38.1332;214.8;-210.527
23.5851;29.7375;37.9549;215;-210.723
23.5454;29.5414;37.7767;215.2;-210.919
23.5057;29.3454;37.5988;215.4;-211.115
23.466;29.1494;37.4211;215.6;-211.311
23.4263;28.9534;37.2437;215.8;-211.507
23.3866;28.7574;37.0664;216;-211.703
23.3469;28.5613;36.8894;216.2;-211.899
23.3072;28.3653;36.7126;216.4;-212.095
23.2675;28.1693;36.5361;216.6;-212.291
23.2279;27.9733;36.3598;216.8;-212.487
23.1882;27.7772;36.1838;217;-212.683
23.1485;27.5812;36.008;217.2;-212.879
23.1088;27.3852;35.8325;217.4;-213.075
23.0691;27.1892;35.6572;217.6;-213.271
23.0294;26.9932;35.4822;217.8;-213.467
22.9897;26.7971;35.3074;218;-213.664
22.95;26.6011;35.1329;218.2;-213.86
22.9103;26.4051;34.9587;218.4;-214.056
22.8706;26.2091;34.7848;218.6;-214.252
22.8309;26.0131;34.6111;218.8;-214.448
22.7912;25.817;34.4378;219;-214.644
22.7515;25.621;34.2647;219.2;-214.84
22.7118;25.425;34.0919;219.4;-215.036
22.6722;25.229;33.9194;219.6;-215.232
22.6325;25.0329;33.7472;219.8;-215.428
22.5928;24.8369;33.5754;220;-215.624
22.5531;24.6409;33.4038;220.2;-215.82
22.5134;24.4449;33.2326;220.4;-216.016
22.4737;24.2489;33.0617;220.6;-216.212
22.434;24.0528;32.8911;220.8;-216.408
22.3943;23.8568;32.7208;221;-216.604
22.3546;23.6608;32.5509;221.2;-216.8
22.3149;23.4648;32.3813;221.4;-216.996
22.2752;23.2688;32.2121;221.6;-217.192
22.2355;23.0727;32.0432;221.8;-217.388
22.1958;22.8767;31.8747;222;-217.584
22.1561;22.6807;31.7066;222.2;-217.78
22.1164;22.4847;31.5388;222.4;-217.976
22.0768;22.2886;31.3714;222.6;-218.172
22.0371;22.0926;31.2044;222.8;-218.368
21.9974;21.8966;31.0378;223;-218.564
21.9577;21.7006;30.8716;223.2;-218.76
21.918;21.5046;30.7058;223.4;-218.956
21.8783;21.3085;30.5404;223.6;-219.152
21.8386;21.1125;30.3754;223.8;-219.348
21.7989;20.9165;30.2108;224;-219.544
21.7592;20.7205;30.0466;224.2;-219.74
21.7195;20.5244;29.8829;224.4;-219.936
21.6798;20.3284;29.7197;224.6;-220.132
21.6401;20.1324;29.5569;224.8;-220.328
21.6004;19.9364;29.3945;225;-220.524
21.5607;19.7404;29.2326;225.2;-220.72
21.5211;19.5443;29.0712;225.4;-220.916
21.4814;19.3483;28.9103;225.6;-221.112
21.4417;19.1523;28.7499;225.8;-221.308
21.402;18.9563;28.5899;226;-221.504
21.3623;18.7603;28.4305;226.2;-221.7
21.3226;18.5642;28.2716;226.4;-221.896
21.2829;18.3682;28.1132;226.6;-222.092
21.2432;18.1722;27.9554;226.8;-222.288
21.2035;17.9762;27.798;227;-222.484
21.1638;17.7801;27.6413;227.2;-222.681
21.1241;17.5841;27.4851;227.4;-222.877
21.0844;17.3881;27.3295;227.6;-223.073
21.0447;17.1921;27.1744;227.8;-223.269
21.005;16.9961;27.02;228;-223.465
20.9653;16.8;26.8661;228.2;-223.661
20.9257;16.604;26.7129;228.4;-223.857
20.886;16.408;26.5602;228.6;-224.053
20.8463;16.212;26.4082;228.8;-224.249
20.8066;16.016;26.2569;229;-224.445
20.7669;15.8199;26.1062;229.2;-224.641
20.7272;15.6239;25.9562;229.4;-224.837
20.6875;15.4279;25.8068;229.6;-225.033
20.6478;15.2319;25.6582;229.8;-225.229
20.6081;15.0358;25.5102;230;-225.425
20.5684;14.8398;25.363;230.2;-225.621
20.5287;14.6438;25.2165;230.4;-225.817
20.489;14.4478;25.0707;230.6;-226.013
20.4493;14.2518;24.9256;230.8;-226.209
20.4096;14.0557;24.7814;231;-226.405
20.3699;13.8597;24.6379;231.2;-226.601
20.3303;13.6637;24.4952;231.4;-226.797
20.2906;13.4677;24.3533;231.6;-226.993
20.2509;13.2717;24.2123;231.8;-227.189
20.2112;13.0756;24.0721;232;-227.385
20.1715;12.8796;23.9327;232.2;-227.581
20.1318;12.6836;23.7942;232.4;-227.777
20.0921;12.4876;23.6565;232.6;-227.973
20.0524;12.2915;23.5198;232.8;-228.169
20.0127;12.0955;23.384;233;-228.365
19.973;11.8995;23.2491;233.2;-228.561
19.9333;11.7035;23.1151;233.4;-228.757
19.8936;11.5075;22.9821;233.6;-228.953
19.8539;11.3114;22.8501;233.8;-229.149
19.8142;11.1154;22.7191;234;-229.345
19.7746;10.9194;22.5891;234.2;-229.541
19.7349;10.7234;22.4601;234.4;-229.737
19.6952;10.5273;22.3321;234.6;-229.933
19.6555;10.3313;22.2053;234.8;-230.129
19.6158;10.1353;22.0795;235;-230.325
19.5761;9.93928;21.9548;235.2;-230.521
19.5364;9.74326;21.8312;235.4;-230.717
19.4967;9.54724;21.7088;235.6;-230.913
19.457;9.35122;21.5875;235.8;-231.109
19.4173;9.1552;21.4674;236;-231.305
19.3776;8.95918;21.3485;236.2;-231.501
19.3379;8.76316;21.2308;236.4;-231.697
19.2982;8.56713;21.1144;236.6;-231.894
19.2585;8.37111;20.9992;236.8;-232.09
19.2188;8.17509;20.8853;237;-232.286
19.1792;7.97907;20.7727;237.2;-232.482
19.1395;7.78305;20.6614;237.4;-232.678
19.0998;7.58703;20.5515;237.6;-232.874
19.0601;7.391;20.4429;237.8;-233.07
19.0204;7.19498;20.3358;238;-233.266
18.9807;6.99896;20.23;238.2;-233.462
18.941;6.80294;20.1256;238.4;-233.658
18.9013;6.60692;20.0228;238.6;-233.854
18.8616;6.4109;19.9213;238.8;-234.05
18.8219;6.21487;19.8214;239;-234.246
18.7822;6.01885;19.723;239.2;-234.442
18.7425;5.82283;19.6262;239.4;-234.638
18.7028;5.62681;19.5309;239.6;-234.834
18.6631;5.43079;19.4372;239.8;-235.03
18.6235;5.23477;19.3452;240;-235.226
18.5838;5.03875;19.2547;240.2;-235.422
18.5441;4.84272;19.166;240.4;-235.618
18.5044;4.6467;19.0789;240.6;-235.814
18.4647;4.45068;18.9935;240.8;-236.01
18.425;4.25466;18.9098;241;-236.206
18.3853;4.05864;18.8279;241.2;-236.402
18.3456;3.86262;18.7478;241.4;-236.598
18.3059;3.66659;18.6695;241.6;-236.794
18.2662;3.47057;18.593;241.8;-236.99
18.2265;3.27455;18.5183;242;-237.186
18.1868;3.07853;18.4455;242.2;-237.382
18.1471;2.88251;18.3746;242.4;-237.578
18.1074;2.68649;18.3056;242.6;-237.774
18.0677;2.49047;18.2386;242.8;-237.97
18.0281;2.29444;18.1735;243;-238.166
17.9884;2.09842;18.1103;243.2;-238.362
17.9487;1.9024;18.0492;243.4;-238.558
17.909;1.70638;17.9901;243.6;-238.754
17.8693;1.51036;17.933;243.8;-238.95
17.8296;1.31434;17.878;244;-239.146
17.7899;1.11831;17.825;244.2;-239.342
17.7502;0.922293;17.7741;244.4;-239.538
17.7105;0.726271;17.7254;244.6;-239.734
17.6708;0.530249;17.6788;244.8;-239.93
17.6311;0.334228;17.6343;245;-240.126
17.5914;0.138206;17.592;245.2;-240.322
17.5517;-0.0578153;17.5518;245.4;-240.518
17.512;-0.253837;17.5139;245.6;-240.714
17.4724;-0.449858;17.4781;245.8;-240.911
17.4327;-0.64588;17.4446;246;-241.107
17.393;-0.841902;17.4133;246.2;-241.303
17.3533;-1.03792;17.3843;246.4;-241.499
17.3136;-1.23394;17.3575;246.6;-241.695
17.2739;-1.42997;17.333;246.8;-241.891
17.2342;-1.62599;17.3107;247;-242.087
17.1945;-1.82201;17.2908;247.2;-242.283
17.1548;-2.01803;17.2731;247.4;-242.479
17.1151;-2.21405;17.2577;247.6;-242.675
17.0754;-2.41007;17.2447;247.8;-242.871
17.0357;-2.6061;17.2339;248;-243.067
16.996;-2.80212;17.2255;248.2;-243.263
16.9563;-2.99814;17.2194;248.4;-243.459
16.9166;-3.19416;17.2156;248.6;-243.655
16.877;-3.39018;17.2141;248.8;-243.851
16.8373;-3.5862;17.2149;249;-244.047
16.7976;-3.78223;17.2181;249.2;-244.243
16.7579;-3.97825;17.2236;249.4;-244.439
16.7182;-4.17427;17.2314;249.6;-244.635
16.6785;-4.37029;17.2416;249.8;-244.831
16.6388;-4.56631;17.254;250;-245.027
16.5991;-4.76233;17.2688;250.2;-245.223
16.5594;-4.95835;17.2858;250.4;-245.419
16.5197;-5.15438;17.3052;250.6;-245.615
16.48;-5.3504;17.3268;250.8;-245.811
16.4403;-5.54642;17.3507;251;-246.007
16.4006;-5.74244;17.3769;251.2;-246.203
16.3609;-5.93846;17.4053;251.4;-246.399
16.3213;-6.13448;17.436;251.6;-246.595
16.2816;-6.33051;17.469;251.8;-246.791
16.2419;-6.52653;17.5041;252;-246.987
16.2022;-6.72255;17.5415;252.2;-247.183
16.1625;-6.91857;17.581;252.4;-247.379
16.1228;-7.11459;17.6228;252.6;-247.575
16.0831;-7.31061;17.6667;252.8;-247.771
16.0434;-7.50664;17.7127;253;-247.967
16.0037;-7.70266;17.7609;253.2;-248.163
15.964;-7.89868;17.8112;253.4;-248.359
15.9243;-8.0947;17.8636;253.6;-248.555
15.8846;-8.29072;17.9181;253.8;-248.751
15.8449;-8.48674;17.9746;254;-248.947
15.8052;-8.68276;18.0332;254.2;-249.143
15.7655;-8.87879;18.0938;254.4;-249.339
15.7259;-9.07481;18.1564;254.6;-249.535
15.6862;-9.27083;18.221;254.8;-249.731
15.6465;-9.46685;18.2875;255;-249.928
15.6068;-9.66287;18.356;255.2;-250.124
15.5671;-9.85889;18.4264;255.4;-250.32
15.5274;-10.0549;18.4987;255.6;-250.516
15.4877;-10.2509;18.5728;255.8;-250.712
15.448;-10.447;18.6489;256;-250.908
15.4083;-10.643;18.7267;256.2;-251.104
15.3686;-10.839;18.8063;256.4;-251.3
15.3289;-11.035;18.8878;256.6;-251.496
15.2892;-11.231;18.971;256.8;-251.692
15.2495;-11.4271;19.0559;257;-251.888
15.2098;-11.6231;19.1425;257.2;-252.084
15.1702;-11.8191;19.2308;257.4;-252.28
15.1305;-12.0151;19.3208;257.6;-252.476
15.0908;-12.2112;19.4125;257.8;-252.672
15.0511;-12.4072;19.5057;258;-252.868
15.0114;-12.6032;19.6006;258.2;-253.064
14.9717;-12.7992;19.697;258.4;-253.26
14.932;-12.9952;19.795;258.6;-253.456
14.8923;-13.1913;19.8945;258.8;-253.652
14.8526;-13.3873;19.9955;259;-253.848
14.8129;-13.5833;20.098;259.2;-254.044
14.7732;-13.7793;20.2019;259.4;-254.24
14.7335;-13.9753;20.3073;259.6;-254.436
14.6938;-14.1714;20.4141;259.8;-254.632
14.6541;-14.3674;20.5223;260;-254.828
14.6144;-14.5634;20.6319;260.2;-255.024
14.5748;-14.7594;20.7428;260.4;-255.22
14.5351;-14.9555;20.8551;260.6;-255.416
14.4954;-15.1515;20.9686;260.8;-255.612
14.4557;-15.3475;21.0835;261;-255.808
14.416;-15.5435;21.1996;261.2;-256.004
14.3763;-15.7395;21.3169;261.4;-256.2
14.3366;-15.9356;21.4355;261.6;-256.396
14.2969;-16.1316;21.5553;261.8;-256.592
14.2572;-16.3276;21.6762;262;-256.788
14.2175;-16.5236;21.7983;262.2;-256.984
14.1778;-16.7196;21.9216;262.4;-257.18
14.1381;-16.9157;22.046;262.6;-257.376
14.0984;-17.1117;22.1715;262.8;-257.572
14.0587;-17.3077;22.2981;263;-257.768
14.0191;-17.5037;22.4258;263.2;-257.964
13.9794;-17.6998;22.5545;263.4;-258.16
13.9397;-17.8958;22.6842;263.6;-258.356
13.9;-18.0918;22.815;263.8;-258.552
13.8603;-18.2878;22.9467;264;-258.748
13.8206;-18.4838;23.0795;264.2;-258.944
13.7809;-18.6799;23.2132;264.4;-259.141
13.7412;-18.8759;23.3478;264.6;-259.337
13.7015;-19.0719;23.4834;264.8;-259.533
13.6618;-19.2679;23.6199;265;-259.729
13.6221;-19.464;23.7573;265.2;-259.925
13.5824;-19.66;23.8955;265.4;-260.121
13.5427;-19.856;24.0347;265.6;-260.317
13.503;-20.052;24.1747;265.8;-260.513
13.4633;-20.248;24.3155;266;-260.709
13.4237;-20.4441;24.4572;266.2;-260.905
13.384;-20.6401;24.5997;266.4;-261.101
13.3443;-20.8361;24.7429;266.6;-261.297
13.3046;-21.0321;24.887;266.8;-261.493
13.2649;-21.2281;25.0318;267;-261.689
13.2252;-21.4242;25.1774;267.2;-261.885
13.1855;-21.6202;25.3237;267.4;-262.081
13.1458;-21.8162;25.4708;267.6;-262.277
13.1061;-22.0122;25.6185;267.8;-262.473
13.0664;-22.2083;25.767;268;-262.669
13.0267;-22.4043;25.9162;268.2;-262.865
12.987;-22.6003;26.066;268.4;-263.061
12.9473;-22.7963;26.2165;268.6;-263.257
12.9076;-22.9923;26.3677;268.8;-263.453
12.868;-23.1884;26.5195;269;-263.649
12.8283;-23.3844;26.672;269.2;-263.845
12.7886;-23.5804;26.825;269.4;-264.041
12.7489;-23.7764;26.9787;269.6;-264.237
12.7092;-23.9724;27.133;269.8;-264.433
12.6695;-24.1685;27.2879;270;-264.629
12.6298;-24.3645;27.4434;270.2;-264.825
12.5901;-24.5605;27.5994;270.4;-265.021
12.5504;-24.7565;27.7561;270.6;-265.217
12.5107;-24.9526;27.9132;270.8;-265.413
12.471;-25.1486;28.0709;271;-265.609
12.4313;-25.3446;28.2292;271.2;-265.805
12.3916;-25.5406;28.388;271.4;-266.001
12.3519;-25.7366;28.5472;271.6;-266.197
12.3122;-25.9327;28.707;271.8;-266.393
12.2726;-26.1287;28.8673;272;-266.589
12.2329;-26.3247;29.0281;272.2;-266.785
12.1932;-26.5207;29.1894;272.4;-266.981
12.1535;-26.7167;29.3512;272.6;-267.177
12.1138;-26.9128;29.5134;272.8;-267.373
12.0741;-27.1088;29.6761;273;-267.569
12.0344;-27.3048;29.8392;273.2;-267.765
11.9947;-27.5008;30.0028;273.4;-267.961
11.955;-27.6969;30.1668;273.6;-268.158
11.9153;-27.8929;30.3313;273.8;-268.354
11.8756;-28.0889;30.4962;274;-268.55
11.8359;-28.2849;30.6615;274.2;-268.746
11.7962;-28.4809;30.8272;274.4;-268.942
11.7565;-28.677;30.9933;274.6;-269.138
11.7169;-28.873;31.1598;274.8;-269.334
11.6772;-29.069;31.3267;275;-269.53
11.6375;-29.265;31.494;275.2;-269.726
11.5978;-29.4611;31.6617;275.4;-269.922
11.5581;-29.6571;31.8297;275.6;-270.118
11.5184;-29.8531;31.9981;275.8;-270.314

11.4787;29.9509;32.0752;276;-270.51
11.439;29.7549;31.8779;276.2;-270.706
11.3993;29.5588;31.6807;276.4;-270.902
11.3596;29.3628;31.4836;276.6;-271.098
11.3199;29.1668;31.2865;276.8;-271.294
11.2802;28.9708;31.0894;277;-271.49
11.2405;28.7748;30.8923;277.2;-271.686
11.2008;28.5787;30.6953;277.4;-271.882
11.1611;28.3827;30.4984;277.6;-272.078
11.1215;28.1867;30.3014;277.8;-272.274
11.0818;27.9907;30.1045;278;-272.47
11.0421;27.7946;29.9077;278.2;-272.666
11.0024;27.5986;29.7109;278.4;-272.862
10.9627;27.4026;29.5141;278.6;-273.058
10.923;27.2066;29.3174;278.8;-273.254
10.8833;27.0106;29.1207;279;-273.45
10.8436;26.8145;28.9241;279.2;-273.646
10.8039;26.6185;28.7275;279.4;-273.842
10.7642;26.4225;28.531;279.6;-274.038
10.7245;26.2265;28.3345;279.8;-274.234
10.6848;26.0305;28.1381;280;-274.43
10.6451;25.8344;27.9417;280.2;-274.626
10.6054;25.6384;27.7453;280.4;-274.822
10.5658;25.4424;27.5491;280.6;-275.018
10.5261;25.2464;27.3528;280.8;-275.214
10.4864;25.0503;27.1566;281;-275.41
10.4467;24.8543;26.9605;281.2;-275.606
10.407;24.6583;26.7645;281.4;-275.802
10.3673;24.4623;26.5685;281.6;-275.998
10.3276;24.2663;26.3725;281.8;-276.194
10.2879;24.0702;26.1767;282;-276.39
10.2482;23.8742;25.9808;282.2;-276.586
10.2085;23.6782;25.7851;282.4;-276.782
10.1688;23.4822;25.5894;282.6;-276.978
10.1291;23.2862;25.3938;282.8;-277.175
10.0894;23.0901;25.1982;283;-277.371
10.0497;22.8941;25.0027;283.2;-277.567
10.01;22.6981;24.8073;283.4;-277.763
9.97035;22.5021;24.612;283.6;-277.959
9.93066;22.306;24.4167;283.8;-278.155
9.89097;22.11;24.2216;284;-278.351
9.85127;21.914;24.0265;284.2;-278.547
9.81158;21.718;23.8314;284.4;-278.743
9.77189;21.522;23.6365;284.6;-278.939
9.73219;21.3259;23.4417;284.8;-279.135
9.6925;21.1299;23.2469;285;-279.331
9.65281;20.9339;23.0522;285.2;-279.527
9.61312;20.7379;22.8576;285.4;-279.723
9.57342;20.5418;22.6631;285.6;-279.919
9.53373;20.3458;22.4687;285.8;-280.115
9.49404;20.1498;22.2745;286;-280.311
9.45434;19.9538;22.0803;286.2;-280.507
9.41465;19.7578;21.8862;286.4;-280.703
9.37496;19.5617;21.6922;286.6;-280.899
9.33526;19.3657;21.4983;286.8;-281.095
9.29557;19.1697;21.3046;287;-281.291
9.25588;18.9737;21.1109;287.2;-281.487
9.21618;18.7777;20.9174;287.4;-281.683
9.17649;18.5816;20.724;287.6;-281.879
9.1368;18.3856;20.5308;287.8;-282.075
9.09711;18.1896;20.3376;288;-282.271
9.05741;17.9936;20.1446;288.2;-282.467
9.01772;17.7975;19.9517;288.4;-282.663
8.97803;17.6015;19.759;288.6;-282.859
8.93833;17.4055;19.5664;288.8;-283.055
8.89864;17.2095;19.374;289;-283.251
8.85895;17.0135;19.1817;289.2;-283.447
8.81925;16.8174;18.9896;289.4;-283.643
8.77956;16.6214;18.7977;289.6;-283.839
8.73987;16.4254;18.6059;289.8;-284.035
8.70017;16.2294;18.4143;290;-284.231
8.66048;16.0334;18.2229;290.2;-284.427
8.62079;15.8373;18.0316;290.4;-284.623
8.58109;15.6413;17.8406;290.6;-284.819
8.5414;15.4453;17.6497;290.8;-285.015
8.50171;15.2493;17.4591;291;-285.211
8.46202;15.0532;17.2686;291.2;-285.407
8.42232;14.8572;17.0784;291.4;-285.603
8.38263;14.6612;16.8884;291.6;-285.799
8.34294;14.4652;16.6987;291.8;-285.995
8.30324;14.2692;16.5092;292;-286.191
8.26355;14.0731;16.3199;292.2;-286.388
8.22386;13.8771;16.1309;292.4;-286.584
8.18416;13.6811;15.9422;292.6;-286.78
8.14447;13.4851;15.7537;292.8;-286.976
8.10478;13.2891;15.5655;293;-287.172
8.06508;13.093;15.3777;293.2;-287.368
8.02539;12.897;15.1901;293.4;-287.564
7.9857;12.701;15.0029;293.6;-287.76
7.946;12.505;14.816;293.8;-287.956
7.90631;12.3089;14.6294;294;-288.152
7.86662;12.1129;14.4432;294.2;-288.348
7.82693;11.9169;14.2574;294.4;-288.544
7.78723;11.7209;14.072;294.6;-288.74
7.74754;11.5249;13.8869;294.8;-288.936
7.70785;11.3288;13.7023;295;-289.132
7.66815;11.1328;13.5181;295.2;-289.328
7.62846;10.9368;13.3344;295.4;-289.524
7.58877;10.7408;13.1512;295.6;-289.72
7.54907;10.5447;12.9684;295.8;-289.916
7.50938;10.3487;12.7862;296;-290.112
7.46969;10.1527;12.6045;296.2;-290.308
7.42999;9.95668;12.4234;296.4;-290.504
7.3903;9.76066;12.2428;296.6;-290.7
7.35061;9.56464;12.0629;296.8;-290.896
7.31091;9.36862;11.8836;297;-291.092
7.27122;9.1726;11.705;297.2;-291.288
7.23153;8.97658;11.5271;297.4;-291.484
7.19184;8.78055;11.3499;297.6;-291.68
7.15214;8.58453;11.1735;297.8;-291.876
7.11245;8.38851;10.9979;298;-292.072
7.07276;8.19249;10.8232;298.2;-292.268
7.03306;7.99647;10.6493;298.4;-292.464
6.99337;7.80045;10.4764;298.6;-292.66
6.95368;7.60443;10.3044;298.8;-292.856
6.91398;7.4084;10.1335;299;-293.052
6.87429;7.21238;9.96365;299.2;-293.248
6.8346;7.01636;9.79495;299.4;-293.444
6.7949;6.82034;9.62745;299.6;-293.64
6.75521;6.62432;9.46121;299.8;-293.836
6.71552;6.4283;9.2963;300;-294.032
6.67583;6.23227;9.13279;300.2;-294.228
6.63613;6.03625;8.97076;300.4;-294.424
6.59644;5.84023;8.8103;300.6;-294.62
6.55675;5.64421;8.65147;300.8;-294.816
6.51705;5.44819;8.49439;301;-295.012
6.47736;5.25217;8.33915;301.2;-295.208
6.43767;5.05614;8.18585;301.4;-295.405
6.39797;4.86012;8.0346;301.6;-295.601
6.35828;4.6641;7.88553;301.8;-295.797
6.31859;4.46808;7.73875;302;-295.993
6.27889;4.27206;7.59441;302.2;-296.189
6.2392;4.07604;7.45263;302.4;-296.385
6.19951;3.88002;7.31358;302.6;-296.581
6.15981;3.68399;7.1774;302.8;-296.777
6.12012;3.48797;7.04428;303;-296.973
6.08043;3.29195;6.91437;303.2;-297.169
6.04074;3.09593;6.78788;303.4;-297.365
6.00104;2.89991;6.66498;303.6;-297.561
5.96135;2.70389;6.54589;303.8;-297.757
5.92166;2.50786;6.43082;304;-297.953
5.88196;2.31184;6.31998;304.2;-298.149
5.84227;2.11582;6.2136;304.4;-298.345
5.80258;1.9198;6.11192;304.6;-298.541
5.76288;1.72378;6.01517;304.8;-298.737
5.72319;1.52776;5.92359;305;-298.933
5.6835;1.33173;5.83744;305.2;-299.129
5.6438;1.13571;5.75694;305.4;-299.325
5.60411;0.939692;5.68235;305.6;-299.521
5.56442;0.74367;5.61389;305.8;-299.717
5.52472;0.547648;5.5518;306;-299.913
5.48503;0.351627;5.49629;306.2;-300.109
5.44534;0.155605;5.44756;306.4;-300.305
5.40565;-0.0404162;5.4058;306.6;-300.501
5.36595;-0.236438;5.37116;306.8;-300.697
5.32626;-0.432459;5.34379;307;-300.893
5.28657;-0.628481;5.32379;307.2;-301.089
5.24687;-0.824503;5.31126;307.4;-301.285
5.20718;-1.02052;5.30624;307.6;-301.481
5.16749;-1.21655;5.30876;307.8;-301.677
5.12779;-1.41257;5.3188;308;-301.873
5.0881;-1.60859;5.33632;308.2;-302.069
5.04841;-1.80461;5.36125;308.4;-302.265
5.00871;-2.00063;5.39349;308.6;-302.461
4.96902;-2.19665;5.43291;308.8;-302.657
4.92933;-2.39268;5.47934;309;-302.853
4.88963;-2.5887;5.53262;309.2;-303.049
4.84994;-2.78472;5.59255;309.4;-303.245
4.81025;-2.98074;5.65891;309.6;-303.441
4.77056;-3.17676;5.73149;309.8;-303.637
4.73086;-3.37278;5.81005;310;-303.833
4.69117;-3.5688;5.89436;310.2;-304.029
4.65148;-3.76483;5.98416;310.4;-304.225
4.61178;-3.96085;6.07922;310.6;-304.422
4.57209;-4.15687;6.17929;310.8;-304.618
4.5324;-4.35289;6.28413;311;-304.814
4.4927;-4.54891;6.39351;311.2;-305.01
4.45301;-4.74493;6.5072;311.4;-305.206
4.41332;-4.94096;6.62498;311.6;-305.402
4.37362;-5.13698;6.74664;311.8;-305.598
4.33393;-5.333;6.87196;312;-305.794
4.29424;-5.52902;7.00075;312.2;-305.99
4.25454;-5.72504;7.13283;312.4;-306.186
4.21485;-5.92106;7.26801;312.6;-306.382
4.17516;-6.11708;7.40612;312.8;-306.578
4.13547;-6.31311;7.54701;313;-306.774
4.09577;-6.50913;7.69052;313.2;-306.97
4.05608;-6.70515;7.83651;313.4;-307.166
4.01639;-6.90117;7.98483;313.6;-307.362
3.97669;-7.09719;8.13537;313.8;-307.558
3.937;-7.29321;8.288;314;-307.754
3.89731;-7.48924;8.44261;314.2;-307.95
3.85761;-7.68526;8.59909;314.4;-308.146
3.81792;-7.88128;8.75734;314.6;-308.342
3.77823;-8.0773;8.91727;314.8;-308.538
3.73853;-8.27332;9.07879;315;-308.734
3.69884;-8.46934;9.24182;315.2;-308.93
3.65915;-8.66537;9.40627;315.4;-309.126
3.61946;-8.86139;9.57208;315.6;-309.322
3.57976;-9.05741;9.73917;315.8;-309.518
3.54007;-9.25343;9.90747;316;-309.714
3.50038;-9.44945;10.0769;316.2;-309.91
3.46068;-9.64547;10.2475;316.4;-310.106
3.42099;-9.84149;10.4191;316.6;-310.302
3.3813;-10.0375;10.5917;316.8;-310.498
3.3416;-10.2335;10.7653;317;-310.694
3.30191;-10.4296;10.9398;317.2;-310.89
3.26222;-10.6256;11.1151;317.4;-311.086
3.22252;-10.8216;11.2912;317.6;-311.282
3.18283;-11.0176;11.4681;317.8;-311.478
3.14314;-11.2136;11.6458;318;-311.674
3.10344;-11.4097;11.8242;318.2;-311.87
3.06375;-11.6057;12.0033;318.4;-312.066
3.02406;-11.8017;12.183;318.6;-312.262
2.98437;-11.9977;12.3633;318.8;-312.458
2.94467;-12.1938;12.5443;319;-312.654
2.90498;-12.3898;12.7258;319.2;-312.85
2.86529;-12.5858;12.9078;319.4;-313.046
2.82559;-12.7818;13.0904;319.6;-313.242
2.7859;-12.9778;13.2735;319.8;-313.438
2.74621;-13.1739;13.4571;320;-313.635
2.70651;-13.3699;13.6411;320.2;-313.831
2.66682;-13.5659;13.8255;320.4;-314.027
2.62713;-13.7619;14.0104;320.6;-314.223
2.58743;-13.9579;14.1957;320.8;-314.419
2.54774;-14.154;14.3814;321;-314.615
2.50805;-14.35;14.5675;321.2;-314.811
2.46835;-14.546;14.754;321.4;-315.007
2.42866;-14.742;14.9407;321.6;-315.203
2.38897;-14.9381;15.1279;321.8;-315.399
2.34928;-15.1341;15.3153;322;-315.595
2.30958;-15.3301;15.5031;322.2;-315.791
2.26989;-15.5261;15.6912;322.4;-315.987
2.2302;-15.7221;15.8795;322.6;-316.183
2.1905;-15.9182;16.0682;322.8;-316.379
2.15081;-16.1142;16.2571;323;-316.575
2.11112;-16.3102;16.4463;323.2;-316.771
2.07142;-16.5062;16.6357;323.4;-316.967
2.03173;-16.7022;16.8254;323.6;-317.163
1.99204;-16.8983;17.0153;323.8;-317.359
1.95234;-17.0943;17.2054;324;-317.555
1.91265;-17.2903;17.3958;324.2;-317.751
1.87296;-17.4863;17.5864;324.4;-317.947
1.83326;-17.6824;17.7771;324.6;-318.143
1.79357;-17.8784;17.9681;324.8;-318.339
1.75388;-18.0744;18.1593;325;-318.535
1.71419;-18.2704;18.3507;325.2;-318.731
1.67449;-18.4664;18.5422;325.4;-318.927
1.6348;-18.6625;18.7339;325.6;-319.123
1.59511;-18.8585;18.9258;325.8;-319.319
1.55541;-19.0545;19.1179;326;-319.515
1.51572;-19.2505;19.3101;326.2;-319.711
1.47603;-19.4466;19.5025;326.4;-319.907
1.43633;-19.6426;19.695;326.6;-320.103
1.39664;-19.8386;19.8877;326.8;-320.299
1.35695;-20.0346;20.0805;327;-320.495
1.31725;-20.2306;20.2735;327.2;-320.691
1.27756;-20.4267;20.4666;327.4;-320.887
1.23787;-20.6227;20.6598;327.6;-321.083
1.19818;-20.8187;20.8532;327.8;-321.279
1.15848;-21.0147;21.0466;328;-321.475
1.11879;-21.2107;21.2402;328.2;-321.671
1.0791;-21.4068;21.4339;328.4;-321.867
1.0394;-21.6028;21.6278;328.6;-322.063
0.999709;-21.7988;21.8217;328.8;-322.259
0.960016;-21.9948;22.0158;329;-322.455
0.920323;-22.1909;22.2099;329.2;-322.652
0.88063;-22.3869;22.4042;329.4;-322.848
0.840937;-22.5829;22.5985;329.6;-323.044
0.801244;-22.7789;22.793;329.8;-323.24
0.761551;-22.9749;22.9876;330;-323.436
0.721858;-23.171;23.1822;330.2;-323.632
0.682165;-23.367;23.3769;330.4;-323.828
0.642471;-23.563;23.5718;330.6;-324.024
0.602778;-23.759;23.7667;330.8;-324.22
0.563085;-23.955;23.9617;331;-324.416
0.523392;-24.1511;24.1567;331.2;-324.612
0.483699;-24.3471;24.3519;331.4;-324.808
0.444006;-24.5431;24.5471;331.6;-325.004
0.404313;-24.7391;24.7424;331.8;-325.2
0.36462;-24.9352;24.9378;332;-325.396
0.324927;-25.1312;25.1333;332.2;-325.592
0.285233;-25.3272;25.3288;332.4;-325.788
0.24554;-25.5232;25.5244;332.6;-325.984
0.205847;-25.7192;25.7201;332.8;-326.18
0.166154;-25.9153;25.9158;333;-326.376
0.126461;-26.1113;26.1116;333.2;-326.572
0.0867678;-26.3073;26.3074;333.4;-326.768
0.0470747;-26.5033;26.5034;333.6;-326.964
0.00738159;-26.6993;26.6994;333.8;-327.16
-0.0323115;-26.8954;26.8954;334;-327.356
-0.0720046;-27.0914;27.0915;334.2;-327.552
-0.111698;-27.2874;27.2876;334.4;-327.748
-0.151391;-27.4834;27.4839;334.6;-327.944
-0.191084;-27.6795;27.6801;334.8;-328.14
-0.230777;-27.8755;27.8764;335;-328.336
-0.27047;-28.0715;28.0728;335.2;-328.532
-0.310163;-28.2675;28.2692;335.4;-328.728
-0.349856;-28.4635;28.4657;335.6;-328.924
-0.38955;-28.6596;28.6622;335.8;-329.12
-0.429243;-28.8556;28.8588;336;-329.316
-0.468936;-29.0516;29.0554;336.2;-329.512
-0.508629;-29.2476;29.2521;336.4;-329.708
-0.548322;-29.4437;29.4488;336.6;-329.904
-0.588015;-29.6397;29.6455;336.8;-330.1
-0.627708;-29.8357;29.8423;337;-330.296

-0.667401;29.9683;29.9757;337.2;-330.492
-0.707094;29.7723;29.7807;337.4;-330.688
-0.746788;29.5762;29.5857;337.6;-330.884
-0.786481;29.3802;29.3907;337.8;-331.08
-0.826174;29.1842;29.1959;338;-331.276
-0.865867;28.9882;29.0011;338.2;-331.472
-0.90556;28.7922;28.8064;338.4;-331.668
-0.945253;28.5961;28.6118;338.6;-331.865
-0.984946;28.4001;28.4172;338.8;-332.061
-1.02464;28.2041;28.2227;339;-332.257
-1.06433;28.0081;28.0283;339.2;-332.453
-1.10403;27.812;27.834;339.4;-332.649
-1.14372;27.616;27.6397;339.6;-332.845
-1.18341;27.42;27.4455;339.8;-333.041
-1.2231;27.224;27.2514;340;-333.237
-1.2628;27.028;27.0574;340.2;-333.433
-1.30249;26.8319;26.8635;340.4;-333.629
-1.34218;26.6359;26.6697;340.6;-333.825
-1.38188;26.4399;26.476;340.8;-334.021
-1.42157;26.2439;26.2823;341;-334.217
-1.46126;26.0479;26.0888;341.2;-334.413
-1.50096;25.8518;25.8954;341.4;-334.609
-1.54065;25.6558;25.702;341.6;-334.805
-1.58034;25.4598;25.5088;341.8;-335.001
-1.62004;25.2638;25.3157;342;-335.197
-1.65973;25.0677;25.1226;342.2;-335.393
-1.69942;24.8717;24.9297;342.4;-335.589
-1.73912;24.6757;24.7369;342.6;-335.785
-1.77881;24.4797;24.5442;342.8;-335.981
-1.8185;24.2837;24.3517;343;-336.177
-1.85819;24.0876;24.1592;343.2;-336.373
-1.89789;23.8916;23.9669;343.4;-336.569
-1.93758;23.6956;23.7747;343.6;-336.765
-1.97727;23.4996;23.5826;343.8;-336.961
-2.01697;23.3035;23.3907;344;-337.157
-2.05666;23.1075;23.1989;344.2;-337.353
-2.09635;22.9115;23.0072;344.4;-337.549
-2.13605;22.7155;22.8157;344.6;-337.745
-2.17574;22.5195;22.6243;344.8;-337.941
-2.21543;22.3234;22.4331;345;-338.137
-2.25513;22.1274;22.242;345.2;-338.333
-2.29482;21.9314;22.0511;345.4;-338.529
-2.33451;21.7354;21.8604;345.6;-338.725
-2.37421;21.5394;21.6698;345.8;-338.921
-2.4139;21.3433;21.4794;346;-339.117
-2.45359;21.1473;21.2892;346.2;-339.313
-2.49328;20.9513;21.0991;346.4;-339.509
-2.53298;20.7553;20.9093;346.6;-339.705
-2.57267;20.5592;20.7196;346.8;-339.901
-2.61236;20.3632;20.5301;347;-340.097
-2.65206;20.1672;20.3408;347.2;-340.293
-2.69175;19.9712;20.1518;347.4;-340.489
-2.73144;19.7752;19.9629;347.6;-340.685
-2.77114;19.5791;19.7743;347.8;-340.882
-2.81083;19.3831;19.5859;348;-341.078
-2.85052;19.1871;19.3977;348.2;-341.274
-2.89022;18.9911;19.2097;348.4;-341.47
-2.92991;18.7951;19.0221;348.6;-341.666
-2.9696;18.599;18.8346;348.8;-341.862
-3.0093;18.403;18.6474;349;-342.058
-3.04899;18.207;18.4605;349.2;-342.254
-3.08868;18.011;18.2739;349.4;-342.45
-3.12837;17.8149;18.0875;349.6;-342.646
-3.16807;17.6189;17.9015;349.8;-342.842
-3.20776;17.4229;17.7157;350;-343.038
-3.24745;17.2269;17.5303;350.2;-343.234
-3.28715;17.0309;17.3452;350.4;-343.43
-3.32684;16.8348;17.1604;350.6;-343.626
-3.36653;16.6388;16.976;350.8;-343.822
-3.40623;16.4428;16.7919;351;-344.018
-3.44592;16.2468;16.6082;351.2;-344.214
-3.48561;16.0508;16.4249;351.4;-344.41
-3.52531;15.8547;16.2419;351.6;-344.606
-3.565;15.6587;16.0594;351.8;-344.802
-3.60469;15.4627;15.8773;352;-344.998
-3.64439;15.2667;15.6956;352.2;-345.194
-3.68408;15.0706;15.5144;352.4;-345.39
-3.72377;14.8746;15.3337;352.6;-345.586
-3.76346;14.6786;15.1534;352.8;-345.782
-3.80316;14.4826;14.9736;353;-345.978
-3.84285;14.2866;14.7944;353.2;-346.174
-3.88254;14.0905;14.6157;353.4;-346.37
-3.92224;13.8945;14.4375;353.6;-346.566
-3.96193;13.6985;14.2599;353.8;-346.762
-4.00162;13.5025;14.083;354;-346.958
-4.04132;13.3064;13.9066;354.2;-347.154
-4.08101;13.1104;13.7309;354.4;-347.35
-4.1207;12.9144;13.5559;354.6;-347.546
-4.1604;12.7184;13.3816;354.8;-347.742
-4.20009;12.5224;13.208;355;-347.938
-4.23978;12.3263;13.0351;355.2;-348.134
-4.27947;12.1303;12.8631;355.4;-348.33
-4.31917;11.9343;12.6918;355.6;-348.526
-4.35886;11.7383;12.5215;355.8;-348.722
-4.39855;11.5423;12.352;356;-348.918
-4.43825;11.3462;12.1834;356.2;-349.114
-4.47794;11.1502;12.0158;356.4;-349.31
-4.51763;10.9542;11.8492;356.6;-349.506
-4.55733;10.7582;11.6836;356.8;-349.702
-4.59702;10.5621;11.5192;357;-349.899
-4.63671;10.3661;11.3559;357.2;-350.095
-4.67641;10.1701;11.1937;357.4;-350.291
-4.7161;9.97408;11.0329;357.6;-350.487
-4.75579;9.77806;10.8733;357.8;-350.683
-4.79549;9.58204;10.715;358;-350.879
-4.83518;9.38602;10.5582;358.2;-351.075
-4.87487;9.19;10.4029;358.4;-351.271
-4.91456;8.99398;10.2491;358.6;-351.467
-4.95426;8.79795;10.097;358.8;-351.663
-4.99395;8.60193;9.9465;359;-351.859
-5.03364;8.40591;9.7978;359.2;-352.055
-5.07334;8.20989;9.65096;359.4;-352.251
-5.11303;8.01387;9.50606;359.6;-352.447
-5.15272;7.81785;9.36319;359.8;-352.643
-5.19242;7.62182;9.22244;360;-352.839
-5.23211;7.4258;9.08392;360.2;-353.035
-5.2718;7.22978;8.94772;360.4;-353.231
-5.3115;7.03376;8.81395;360.6;-353.427
-5.35119;6.83774;8.68273;360.8;-353.623
-5.39088;6.64172;8.55418;361;-353.819
-5.43058;6.44569;8.42841;361.2;-354.015
-5.47027;6.24967;8.30556;361.4;-354.211
-5.50996;6.05365;8.18574;361.6;-354.407
-5.54965;5.85763;8.06911;361.8;-354.603
-5.58935;5.66161;7.95579;362;-354.799
-5.62904;5.46559;7.84594;362.2;-354.995
-5.66873;5.26957;7.73969;362.4;-355.191
-5.70843;5.07354;7.63721;362.6;-355.387
-5.74812;4.87752;7.53864;362.8;-355.583
-5.78781;4.6815;7.44414;363;-355.779
-5.82751;4.48548;7.35387;363.2;-355.975
-5.8672;4.28946;7.26798;363.4;-356.171
-5.90689;4.09344;7.18663;363.6;-356.367
-5.94659;3.89741;7.10997;363.8;-356.563
-5.98628;3.70139;7.03817;364;-356.759
-6.02597;3.50537;6.97137;364.2;-356.955
-6.06567;3.30935;6.90971;364.4;-357.151
-6.10536;3.11333;6.85334;364.6;-357.347
-6.14505;2.91731;6.80238;364.8;-357.543
-6.18474;2.72128;6.75696;365;-357.739
-6.22444;2.52526;6.71719;365.2;-357.935
-6.26413;2.32924;6.68317;365.4;-358.131
-6.30382;2.13322;6.65498;365.6;-358.327
-6.34352;1.9372;6.63272;365.8;-358.523
-6.38321;1.74118;6.61642;366;-358.719
-6.4229;1.54516;6.60615;366.2;-358.915
-6.4626;1.34913;6.60192;366.4;-359.112
-6.50229;1.15311;6.60374;366.6;-359.308
-6.54198;0.957091;6.61162;366.8;-359.504
-6.58168;0.761069;6.62553;367;-359.7
-6.62137;0.565048;6.64543;367.2;-359.896
-6.66106;0.369026;6.67128;367.4;-360.092
-6.70075;0.173004;6.70299;367.6;-360.288
-6.74045;-0.0230172;6.74049;367.8;-360.484
-6.78014;-0.219039;6.78368;368;-360.68
-6.81983;-0.41506;6.83245;368.2;-360.876
-6.85953;-0.611082;6.88669;368.4;-361.072
-6.89922;-0.807103;6.94627;368.6;-361.268
-6.93891;-1.00313;7.01105;368.8;-361.464
-6.97861;-1.19915;7.08088;369;-361.66
-7.0183;-1.39517;7.15563;369.2;-361.856
-7.05799;-1.59119;7.23513;369.4;-362.052
-7.09769;-1.78721;7.31924;369.6;-362.248
-7.13738;-1.98323;7.40779;369.8;-362.444
-7.17707;-2.17925;7.50063;370;-362.64
-7.21677;-2.37528;7.59761;370.2;-362.836
-7.25646;-2.5713;7.69856;370.4;-363.032
-7.29615;-2.76732;7.80333;370.6;-363.228
-7.33584;-2.96334;7.91176;370.8;-363.424
-7.37554;-3.15936;8.02372;371;-363.62
-7.41523;-3.35538;8.13906;371.2;-363.816
-7.45492;-3.55141;8.25763;371.4;-364.012
-7.49462;-3.74743;8.37929;371.6;-364.208
-7.53431;-3.94345;8.50392;371.8;-364.404
-7.574;-4.13947;8.63138;372;-364.6
-7.6137;-4.33549;8.76156;372.2;-364.796
-7.65339;-4.53151;8.89432;372.4;-364.992
-7.69308;-4.72753;9.02957;372.6;-365.188
-7.73278;-4.92356;9.16718;372.8;-365.384
-7.77247;-5.11958;9.30706;373;-365.58
-7.81216;-5.3156;9.4491;373.2;-365.776
-7.85186;-5.51162;9.59321;373.4;-365.972
-7.89155;-5.70764;9.73929;373.6;-366.168
-7.93124;-5.90366;9.88726;373.8;-366.364
-7.97093;-6.09969;10.037;374;-366.56
-8.01063;-6.29571;10.1885;374.2;-366.756
-8.05032;-6.49173;10.3417;374.4;-366.952
-8.09001;-6.68775;10.4964;374.6;-367.148
-8.12971;-6.88377;10.6526;374.8;-367.344
-8.1694;-7.07979;10.8103;375;-367.54
-8.20909;-7.27582;10.9694;375.2;-367.736
-8.24879;-7.47184;11.1297;375.4;-367.932
-8.28848;-7.66786;11.2914;375.6;-368.129
-8.32817;-7.86388;11.4542;375.8;-368.325
-8.36787;-8.0599;11.6182;376;-368.521
-8.40756;-8.25592;11.7833;376.2;-368.717
-8.44725;-8.45194;11.9495;376.4;-368.913
-8.48695;-8.64797;12.1167;376.6;-369.109
-8.52664;-8.84399;12.2849;376.8;-369.305
-8.56633;-9.04001;12.4541;377;-369.501
-8.60602;-9.23603;12.6241;377.2;-369.697
-8.64572;-9.43205;12.795;377.4;-369.893
-8.68541;-9.62807;12.9667;377.6;-370.089
-8.7251;-9.8241;13.1393;377.8;-370.285
-8.7648;-10.0201;13.3126;378;-370.481
-8.80449;-10.2161;13.4866;378.2;-370.677
-8.84418;-10.4122;13.6614;378.4;-370.873
-8.88388;-10.6082;13.8368;378.6;-371.069
-8.92357;-10.8042;14.0129;378.8;-371.265
-8.96326;-11.0002;14.1896;379;-371.461
-9.00296;-11.1962;14.3669;379.2;-371.657
-9.04265;-11.3923;14.5449;379.4;-371.853
-9.08234;-11.5883;14.7234;379.6;-372.049
-9.12204;-11.7843;14.9024;379.8;-372.245
-9.16173;-11.9803;15.082;380;-372.441
-9.20142;-12.1764;15.262;380.2;-372.637
-9.24111;-12.3724;15.4426;380.4;-372.833
-9.28081;-12.5684;15.6236;380.6;-373.029
-9.3205;-12.7644;15.8051;380.8;-373.225
-9.36019;-12.9604;15.9871;381;-373.421
-9.39989;-13.1565;16.1694;381.2;-373.617
-9.43958;-13.3525;16.3522;381.4;-373.813
-9.47927;-13.5485;16.5354;381.6;-374.009
-9.51897;-13.7445;16.7189;381.8;-374.205
-9.55866;-13.9405;16.9029;382;-374.401
-9.59835;-14.1366;17.0872;382.2;-374.597
-9.63805;-14.3326;17.2718;382.4;-374.793
-9.67774;-14.5286;17.4568;382.6;-374.989
-9.71743;-14.7246;17.6421;382.8;-375.185
-9.75712;-14.9207;17.8277;383;-375.381
-9.79682;-15.1167;18.0137;383.2;-375.577
-9.83651;-15.3127;18.1999;383.4;-375.773
-9.8762;-15.5087;18.3864;383.6;-375.969
-9.9159;-15.7047;18.5732;383.8;-376.165
-9.95559;-15.9008;18.7603;384;-376.361
-9.99528;-16.0968;18.9476;384.2;-376.557
-10.035;-16.2928;19.1352;384.4;-376.753
-10.0747;-16.4888;19.3231;384.6;-376.949
-10.1144;-16.6849;19.5111;384.8;-377.146
-10.1541;-16.8809;19.6995;385;-377.342
-10.1937;-17.0769;19.888;385.2;-377.538
-10.2334;-17.2729;20.0768;385.4;-377.734
-10.2731;-17.4689;20.2658;385.6;-377.93
-10.3128;-17.665;20.455;385.8;-378.126
-10.3525;-17.861;20.6444;386;-378.322
-10.3922;-18.057;20.8339;386.2;-378.518
-10.4319;-18.253;21.0237;386.4;-378.714
-10.4716;-18.449;21.2137;386.6;-378.91
-10.5113;-18.6451;21.4039;386.8;-379.106
-10.551;-18.8411;21.5942;387;-379.302
-10.5907;-19.0371;21.7847;387.2;-379.498
-10.6304;-19.2331;21.9754;387.4;-379.694
-10.6701;-19.4292;22.1662;387.6;-379.89
-10.7098;-19.6252;22.3572;387.8;-380.086
-10.7495;-19.8212;22.5484;388;-380.282
-10.7891;-20.0172;22.7397;388.2;-380.478
-10.8288;-20.2132;22.9312;388.4;-380.674
-10.8685;-20.4093;23.1228;388.6;-380.87
-10.9082;-20.6053;23.3145;388.8;-381.066
-10.9479;-20.8013;23.5064;389;-381.262
-10.9876;-20.9973;23.6984;389.2;-381.458
-11.0273;-21.1933;23.8906;389.4;-381.654
-11.067;-21.3894;24.0828;389.6;-381.85
-11.1067;-21.5854;24.2752;389.8;-382.046
-11.1464;-21.7814;24.4678;390;-382.242
-11.1861;-21.9774;24.6604;390.2;-382.438
-11.2258;-22.1735;24.8532;390.4;-382.634
-11.2655;-22.3695;25.046;390.6;-382.83
-11.3052;-22.5655;25.239;390.8;-383.026
-11.3448;-22.7615;25.4321;391;-383.222
-11.3845;-22.9575;25.6253;391.2;-383.418
-11.4242;-23.1536;25.8186;391.4;-383.614
-11.4639;-23.3496;26.012;391.6;-383.81
-11.5036;-23.5456;26.2055;391.8;-384.006
-11.5433;-23.7416;26.3991;392;-384.202
-11.583;-23.9376;26.5928;392.2;-384.398
-11.6227;-24.1337;26.7866;392.4;-384.594
-11.6624;-24.3297;26.9805;392.6;-384.79
-11.7021;-24.5257;27.1744;392.8;-384.986
-11.7418;-24.7217;27.3685;393;-385.182
-11.7815;-24.9178;27.5626;393.2;-385.378
-11.8212;-25.1138;27.7568;393.4;-385.574
-11.8609;-25.3098;27.9511;393.6;-385.77
-11.9006;-25.5058;28.1455;393.8;-385.966
-11.9402;-25.7018;28.34;394;-386.162
-11.9799;-25.8979;28.5345;394.2;-386.359
-12.0196;-26.0939;28.7291;394.4;-386.555
-12.0593;-26.2899;28.9238;394.6;-386.751
-12.099;-26.4859;29.1186;394.8;-386.947
-12.1387;-26.682;29.3134;395;-387.143
-12.1784;-26.878;29.5083;395.2;-387.339
-12.2181;-27.074;29.7033;395.4;-387.535
-12.2578;-27.27;29.8983;395.6;-387.731
-12.2975;-27.466;30.0934;395.8;-387.927
-12.3372;-27.6621;30.2885;396;-388.123
-12.3769;-27.8581;30.4838;396.2;-388.319
-12.4166;-28.0541;30.679;396.4;-388.515
-12.4563;-28.2501;30.8744;396.6;-388.711
-12.4959;-28.4461;31.0698;396.8;-388.907
-12.5356;-28.6422;31.2653;397;-389.103
-12.5753;-28.8382;31.4608;397.2;-389.299
-12.615;-29.0342;31.6563;397.4;-389.495
-12.6547;-29.2302;31.852;397.6;-389.691
-12.6944;-29.4263;32.0477;397.8;-389.887
-12.7341;-29.6223;32.2434;398;-390.083
-12.7738;-29.8183;32.4392;398.2;-390.279

-12.8135;29.9857;32.6087;398.4;-390.475
-12.8532;29.7897;32.4442;398.6;-390.671
-12.8929;29.5936;32.2802;398.8;-390.867
-12.9326;29.3976;32.1165;399;-391.063
-12.9723;29.2016;31.9533;399.2;-391.259
-13.012;29.0056;31.7905;399.4;-391.455
-13.0517;28.8096;31.6281;399.6;-391.651
-13.0913;28.6135;31.4661;399.8;-391.847
-13.131;28.4175;31.3046;400;-392.043
