#1 AntPos X	#2 AntVel X	#3 AntPos Y	#4 AntVel Y	#5 AntAngle	
-6.24261;-1.79625;-0.527684;0.879489;2.68628;
-6.42223;-1.79625;-0.439736;0.879489;2.68628;
-6.60185;-1.79625;-0.351787;0.879489;2.68628;
-6.78148;-1.79625;-0.263838;0.879489;2.68628;
-6.9611;-1.79625;-0.175889;0.879489;2.68628;
-7.14073;-1.79625;-0.0879398;0.879489;2.68628;
-7.32035;-1.79625;9.18766e-06;0.879489;2.68628;
-7.49998;-1.79625;0.0879581;0.879489;2.68628;
-7.6796;-1.79625;0.175907;0.879489;2.68628;
-7.85923;-1.79625;0.263856;0.879489;2.68628;
-8.03885;-1.79625;0.351805;0.879489;2.68628;
-8.21848;-1.79625;0.439754;0.879489;2.68628;
-8.3981;-1.79625;0.527703;0.879489;2.68628;
-8.57772;-1.79625;0.615652;0.879489;2.68628;
-8.75735;-1.79625;0.703601;0.879489;2.68628;
-8.93697;-1.79625;0.79155;0.879489;2.68628;
-9.1166;-1.79625;0.879499;0.879489;2.68628;
-9.29622;-1.79625;0.967448;0.879489;2.68628;
-9.47585;-1.79625;1.0554;0.879489;2.68628;
-9.65547;-1.79625;1.14335;0.879489;2.68628;
-9.8351;-1.79625;1.23129;0.879489;2.68628;
-10.0147;-1.79625;1.31924;0.879489;2.68628;
-10.1943;-1.79625;1.40719;0.879489;2.68628;
-10.374;-1.79625;1.49514;0.879489;2.68628;
-10.5536;-1.79625;1.58309;0.879489;2.68628;
-10.7332;-1.79625;1.67104;0.879489;2.68628;
-10.9128;-1.79625;1.75899;0.879489;2.68628;
-11.0925;-1.79625;1.84694;0.879489;2.68628;
-11.2721;-1.79625;1.93489;0.879489;2.68628;
-11.4517;-1.79625;2.02283;0.879489;2.68628;
-11.6313;-1.79625;2.11078;0.879489;2.68628;
-11.811;-1.79625;2.19873;0.879489;2.68628;
-11.9906;-1.79625;2.28668;0.879489;2.68628;
-12.1702;-1.79625;2.37463;0.879489;2.68628;
-12.3498;-1.79625;2.46258;0.879489;2.68628;
-12.5295;-1.79625;2.55053;0.879489;2.68628;
-12.7091;-1.79625;2.63848;0.879489;2.68628;
-12.8887;-1.79625;2.72643;0.879489;2.68628;
-13.0683;-1.79625;2.81438;0.879489;2.68628;
-13.248;-1.79625;2.90232;0.879489;2.68628;
-13.4276;-1.79625;2.99027;0.879489;2.68628;
-13.6072;-1.79625;3.07822;0.879489;2.68628;
-13.7868;-1.79625;3.16617;0.879489;2.68628;
-13.9665;-1.79625;3.25412;0.879489;2.68628;
-14.1461;-1.79625;3.34207;0.879489;2.68628;
-14.3257;-1.79625;3.43002;0.879489;2.68628;
-14.5053;-1.79625;3.51797;0.879489;2.68628;
-14.685;-1.79625;3.60592;0.879489;2.68628;
-14.8646;-1.79625;3.69386;0.879489;2.68628;
-15.0442;-1.79625;3.78181;0.879489;2.68628;
-15.2238;-1.79625;3.86976;0.879489;2.68628;
-15.4035;-1.79625;3.95771;0.879489;2.68628;
-15.5831;-1.79625;4.04566;0.879489;2.68628;
-15.7627;-1.79625;4.13361;0.879489;2.68628;
-15.9423;-1.79625;4.22156;0.879489;2.68628;
-16.122;-1.79625;4.30951;0.879489;2.68628;
-16.3016;-1.79625;4.39746;0.879489;2.68628;
-16.4812;-1.79625;4.48541;0.879489;2.68628;
-16.6608;-1.79625;4.57335;0.879489;2.68628;
-16.8405;-1.79625;4.6613;0.879489;2.68628;
-17.0201;-1.79625;4.74925;0.879489;2.68628;
-17.1997;-1.79625;4.8372;0.879489;2.68628;
-17.3793;-1.79625;4.92515;0.879489;2.68628;
-17.559;-1.79625;5.0131;0.879489;2.68628;
-17.7386;-1.79625;5.10105;0.879489;2.68628;
-17.9182;-1.79625;5.189;0.879489;2.68628;
-18.0978;-1.79625;5.27695;0.879489;2.68628;
-18.2775;-1.79625;5.36489;0.879489;2.68628;
-18.4571;-1.79625;5.45284;0.879489;2.68628;
-18.6367;-1.79625;5.54079;0.879489;2.68628;
-18.8163;-1.79625;5.62874;0.879489;2.68628;
-18.9959;-1.79625;5.71669;0.879489;2.68628;
-19.1756;-1.79625;5.80464;0.879489;2.68628;
-19.3552;-1.79625;5.89259;0.879489;2.68628;
-19.5348;-1.79625;5.98054;0.879489;2.68628;
-19.7144;-1.79625;6.06849;0.879489;2.68628;
-19.8941;-1.79625;6.15644;0.879489;2.68628;
-20.0737;-1.79625;6.24438;0.879489;2.68628;
-20.2533;-1.79625;6.33233;0.879489;2.68628;
-20.4329;-1.79625;6.42028;0.879489;2.68628;
-20.6126;-1.79625;6.50823;0.879489;2.68628;
-20.7922;-1.79625;6.59618;0.879489;2.68628;
-20.9718;-1.79625;6.68413;0.879489;2.68628;
-21.1514;-1.79625;6.77208;0.879489;2.68628;
-21.3311;-1.79625;6.86003;0.879489;2.68628;
-21.5107;-1.79625;6.94798;0.879489;2.68628;
-21.6903;-1.79625;7.03592;0.879489;2.68628;
-21.8699;-1.79625;7.12387;0.879489;2.68628;
-22.0496;-1.79625;7.21182;0.879489;2.68628;
-22.2292;-1.79625;7.29977;0.879489;2.68628;
-22.4088;-1.79625;7.38772;0.879489;2.68628;
-22.5884;-1.79625;7.47567;0.879489;2.68628;
-22.7681;-1.79625;7.56362;0.879489;2.68628;
-22.9477;-1.79625;7.65157;0.879489;2.68628;
-23.1273;-1.79625;7.73952;0.879489;2.68628;
-23.3069;-1.79625;7.82747;0.879489;2.68628;
-23.4866;-1.79625;7.91541;0.879489;2.68628;
-23.6662;-1.79625;8.00336;0.879489;2.68628;
-23.8458;-1.79625;8.09131;0.879489;2.68628;
-24.0254;-1.79625;8.17926;0.879489;2.68628;
-24.2051;-1.79625;8.26721;0.879489;2.68628;
-24.3847;-1.79625;8.35516;0.879489;2.68628;
-24.5643;-1.79625;8.44311;0.879489;2.68628;
-24.7439;-1.79625;8.53106;0.879489;2.68628;
-24.9236;-1.79625;8.61901;0.879489;2.68628;
-25.1032;-1.79625;8.70695;0.879489;2.68628;
-25.2828;-1.79625;8.7949;0.879489;2.68628;
-25.4624;-1.79625;8.88285;0.879489;2.68628;
-25.6421;-1.79625;8.9708;0.879489;2.68628;
-25.8217;-1.79625;9.05875;0.879489;2.68628;
-26.0013;-1.79625;9.1467;0.879489;2.68628;
-26.1809;-1.79625;9.23465;0.879489;2.68628;
-26.3606;-1.79625;9.3226;0.879489;2.68628;
-26.5402;-1.79625;9.41055;0.879489;2.68628;
-26.7198;-1.79625;9.4985;0.879489;2.68628;
-26.8994;-1.79625;9.58644;0.879489;2.68628;
-27.0791;-1.79625;9.67439;0.879489;2.68628;
-27.2587;-1.79625;9.76234;0.879489;2.68628;
-27.4383;-1.79625;9.85029;0.879489;2.68628;
-27.6179;-1.79625;9.93824;0.879489;2.68628;
-27.7976;-1.79625;10.0262;0.879489;2.68628;
-27.9772;-1.79625;10.1141;0.879489;2.68628;
-28.1568;-1.79625;10.2021;0.879489;2.68628;
-28.3364;-1.79625;10.29;0.879489;2.68628;
-28.5161;-1.79625;10.378;0.879489;2.68628;
-28.6957;-1.79625;10.4659;0.879489;2.68628;
-28.8753;-1.79625;10.5539;0.879489;2.68628;
-29.0549;-1.79625;10.6418;0.879489;2.68628;
-29.2345;-1.79625;10.7298;0.879489;2.68628;
-29.4142;-1.79625;10.8177;0.879489;2.68628;
-29.5938;-1.79625;10.9057;0.879489;2.68628;
-29.7734;-1.79625;10.9936;0.879489;2.68628;
-29.953;-1.79625;11.0816;0.879489;2.68628;

29.8673;-1.79625;11.1695;0.879489;2.68628;
29.6877;-1.79625;11.2575;0.879489;2.68628;
29.5081;-1.79625;11.3454;0.879489;2.68628;
29.3285;-1.79625;11.4334;0.879489;2.68628;
29.1488;-1.79625;11.5213;0.879489;2.68628;
28.9692;-1.79625;11.6093;0.879489;2.68628;
28.7896;-1.79625;11.6972;0.879489;2.68628;
28.61;-1.79625;11.7852;0.879489;2.68628;
28.4303;-1.79625;11.8731;0.879489;2.68628;
28.2507;-1.79625;11.9611;0.879489;2.68628;
28.0711;-1.79625;12.049;0.879489;2.68628;
27.8915;-1.79625;12.137;0.879489;2.68628;
27.7118;-1.79625;12.2249;0.879489;2.68628;
27.5322;-1.79625;12.3129;0.879489;2.68628;
27.3526;-1.79625;12.4008;0.879489;2.68628;
27.173;-1.79625;12.4888;0.879489;2.68628;
26.9933;-1.79625;12.5767;0.879489;2.68628;
26.8137;-1.79625;12.6647;0.879489;2.68628;
26.6341;-1.79625;12.7526;0.879489;2.68628;
26.4545;-1.79625;12.8406;0.879489;2.68628;
26.2748;-1.79625;12.9285;0.879489;2.68628;
26.0952;-1.79625;13.0165;0.879489;2.68628;
25.9156;-1.79625;13.1044;0.879489;2.68628;
25.736;-1.79625;13.1924;0.879489;2.68628;
25.5563;-1.79625;13.2803;0.879489;2.68628;
25.3767;-1.79625;13.3682;0.879489;2.68628;
25.1971;-1.79625;13.4562;0.879489;2.68628;
25.0175;-1.79625;13.5441;0.879489;2.68628;
24.8378;-1.79625;13.6321;0.879489;2.68628;
24.6582;-1.79625;13.72;0.879489;2.68628;
24.4786;-1.79625;13.808;0.879489;2.68628;
24.299;-1.79625;13.8959;0.879489;2.68628;
24.1193;-1.79625;13.9839;0.879489;2.68628;
23.9397;-1.79625;14.0718;0.879489;2.68628;
23.7601;-1.79625;14.1598;0.879489;2.68628;
23.5805;-1.79625;14.2477;0.879489;2.68628;
23.4008;-1.79625;14.3357;0.879489;2.68628;
23.2212;-1.79625;14.4236;0.879489;2.68628;
23.0416;-1.79625;14.5116;0.879489;2.68628;
22.862;-1.79625;14.5995;0.879489;2.68628;
22.6823;-1.79625;14.6875;0.879489;2.68628;
22.5027;-1.79625;14.7754;0.879489;2.68628;
22.3231;-1.79625;14.8634;0.879489;2.68628;
22.1435;-1.79625;14.9513;0.879489;2.68628;
21.9638;-1.79625;15.0393;0.879489;2.68628;
21.7842;-1.79625;15.1272;0.879489;2.68628;
21.6046;-1.79625;15.2152;0.879489;2.68628;
21.425;-1.79625;15.3031;0.879489;2.68628;
21.2453;-1.79625;15.3911;0.879489;2.68628;
21.0657;-1.79625;15.479;0.879489;2.68628;
20.8861;-1.79625;15.567;0.879489;2.68628;
20.7065;-1.79625;15.6549;0.879489;2.68628;
20.5269;-1.79625;15.7429;0.879489;2.68628;
20.3472;-1.79625;15.8308;0.879489;2.68628;
20.1676;-1.79625;15.9188;0.879489;2.68628;
19.988;-1.79625;16.0067;0.879489;2.68628;
19.8084;-1.79625;16.0947;0.879489;2.68628;
19.6287;-1.79625;16.1826;0.879489;2.68628;
19.4491;-1.79625;16.2706;0.879489;2.68628;
19.2695;-1.79625;16.3585;0.879489;2.68628;
19.0899;-1.79625;16.4465;0.879489;2.68628;
18.9102;-1.79625;16.5344;0.879489;2.68628;
18.7306;-1.79625;16.6224;0.879489;2.68628;
18.551;-1.79625;16.7103;0.879489;2.68628;
18.3714;-1.79625;16.7983;0.879489;2.68628;
18.1917;-1.79625;16.8862;0.879489;2.68628;
18.0121;-1.79625;16.9742;0.879489;2.68628;
17.8325;-1.79625;17.0621;0.879489;2.68628;
17.6529;-1.79625;17.1501;0.879489;2.68628;
17.4732;-1.79625;17.238;0.879489;2.68628;
17.2936;-1.79625;17.326;0.879489;2.68628;
17.114;-1.79625;17.4139;0.879489;2.68628;
16.9344;-1.79625;17.5018;0.879489;2.68628;
16.7547;-1.79625;17.5898;0.879489;2.68628;
16.5751;-1.79625;17.6777;0.879489;2.68628;
16.3955;-1.79625;17.7657;0.879489;2.68628;
16.2159;-1.79625;17.8536;0.879489;2.68628;
16.0362;-1.79625;17.9416;0.879489;2.68628;
15.8566;-1.79625;18.0295;0.879489;2.68628;
15.677;-1.79625;18.1175;0.879489;2.68628;
15.4974;-1.79625;18.2054;0.879489;2.68628;
15.3177;-1.79625;18.2934;0.879489;2.68628;
15.1381;-1.79625;18.3813;0.879489;2.68628;
14.9585;-1.79625;18.4693;0.879489;2.68628;
14.7789;-1.79625;18.5572;0.879489;2.68628;
14.5992;-1.79625;18.6452;0.879489;2.68628;
14.4196;-1.79625;18.7331;0.879489;2.68628;
14.24;-1.79625;18.8211;0.879489;2.68628;
14.0604;-1.79625;18.909;0.879489;2.68628;
13.8807;-1.79625;18.997;0.879489;2.68628;
13.7011;-1.79625;19.0849;0.879489;2.68628;
13.5215;-1.79625;19.1729;0.879489;2.68628;
13.3419;-1.79625;19.2608;0.879489;2.68628;
13.1622;-1.79625;19.3488;0.879489;2.68628;
12.9826;-1.79625;19.4367;0.879489;2.68628;
12.803;-1.79625;19.5247;0.879489;2.68628;
12.6234;-1.79625;19.6126;0.879489;2.68628;
12.4437;-1.79625;19.7006;0.879489;2.68628;
12.2641;-1.79625;19.7885;0.879489;2.68628;
12.0845;-1.79625;19.8765;0.879489;2.68628;
11.9049;-1.79625;19.9644;0.879489;2.68628;
11.7252;-1.79625;20.0524;0.879489;2.68628;
11.5456;-1.79625;20.1403;0.879489;2.68628;
11.366;-1.79625;20.2283;0.879489;2.68628;
11.1864;-1.79625;20.3162;0.879489;2.68628;
11.0067;-1.79625;20.4042;0.879489;2.68628;
10.8271;-1.79625;20.4921;0.879489;2.68628;
10.6475;-1.79625;20.5801;0.879489;2.68628;
10.4679;-1.79625;20.668;0.879489;2.68628;
10.2883;-1.79625;20.756;0.879489;2.68628;
10.1086;-1.79625;20.8439;0.879489;2.68628;
9.929;-1.79625;20.9319;0.879489;2.68628;
9.74938;-1.79625;21.0198;0.879489;2.68628;
9.56975;-1.79625;21.1078;0.879489;2.68628;
9.39013;-1.79625;21.1957;0.879489;2.68628;
9.2105;-1.79625;21.2837;0.879489;2.68628;
9.03088;-1.79625;21.3716;0.879489;2.68628;
8.85125;-1.79625;21.4596;0.879489;2.68628;
8.67163;-1.79625;21.5475;0.879489;2.68628;
8.49201;-1.79625;21.6354;0.879489;2.68628;
8.31238;-1.79625;21.7234;0.879489;2.68628;
8.13276;-1.79625;21.8113;0.879489;2.68628;
7.95313;-1.79625;21.8993;0.879489;2.68628;
7.77351;-1.79625;21.9872;0.879489;2.68628;
7.59388;-1.79625;22.0752;0.879489;2.68628;
7.41426;-1.79625;22.1631;0.879489;2.68628;
7.23463;-1.79625;22.2511;0.879489;2.68628;
7.05501;-1.79625;22.339;0.879489;2.68628;
6.87538;-1.79625;22.427;0.879489;2.68628;
6.69576;-1.79625;22.5149;0.879489;2.68628;
6.51614;-1.79625;22.6029;0.879489;2.68628;
6.33651;-1.79625;22.6908;0.879489;2.68628;
6.15689;-1.79625;22.7788;0.879489;2.68628;
5.97726;-1.79625;22.8667;0.879489;2.68628;
5.79764;-1.79625;22.9547;0.879489;2.68628;
5.61801;-1.79625;23.0426;0.879489;2.68628;
5.43839;-1.79625;23.1306;0.879489;2.68628;
5.25876;-1.79625;23.2185;0.879489;2.68628;
5.07914;-1.79625;23.3065;0.879489;2.68628;
4.89951;-1.79625;23.3944;0.879489;2.68628;
4.71989;-1.79625;23.4824;0.879489;2.68628;
4.54027;-1.79625;23.5703;0.879489;2.68628;
4.36064;-1.79625;23.6583;0.879489;2.68628;
4.18102;-1.79625;23.7462;0.879489;2.68628;
4.00139;-1.79625;23.8342;0.879489;2.68628;
3.82177;-1.79625;23.9221;0.879489;2.68628;
3.64214;-1.79625;24.0101;0.879489;2.68628;
3.46252;-1.79625;24.098;0.879489;2.68628;
3.28289;-1.79625;24.186;0.879489;2.68628;
3.10327;-1.79625;24.2739;0.879489;2.68628;
2.92364;-1.79625;24.3619;0.879489;2.68628;
2.74402;-1.79625;24.4498;0.879489;2.68628;
2.56439;-1.79625;24.5378;0.879489;2.68628;
2.38477;-1.79625;24.6257;0.879489;2.68628;
2.20515;-1.79625;24.7137;0.879489;2.68628;
2.02552;-1.79625;24.8016;0.879489;2.68628;
1.8459;-1.79625;24.8896;0.879489;2.68628;
1.66627;-1.79625;24.9775;0.879489;2.68628;
1.48665;-1.79625;25.0655;0.879489;2.68628;
1.30702;-1.79625;25.1534;0.879489;2.68628;
1.1274;-1.79625;25.2414;0.879489;2.68628;
0.947774;-1.79625;25.3293;0.879489;2.68628;
0.768149;-1.79625;25.4173;0.879489;2.68628;
0.588525;-1.79625;25.5052;0.879489;2.68628;
0.4089;-1.79625;25.5932;0.879489;2.68628;
0.229276;-1.79625;25.6811;0.879489;2.68628;
0.049651;-1.79625;25.7691;0.879489;2.68628;
-0.129974;-1.79625;25.857;0.879489;2.68628;
-0.309598;-1.79625;25.9449;0.879489;2.68628;
-0.489223;-1.79625;26.0329;0.879489;2.68628;
-0.668847;-1.79625;26.1208;0.879489;2.68628;
-0.848472;-1.79625;26.2088;0.879489;2.68628;
-1.0281;-1.79625;26.2967;0.879489;2.68628;
-1.20772;-1.79625;26.3847;0.879489;2.68628;
-1.38735;-1.79625;26.4726;0.879489;2.68628;
-1.56697;-1.79625;26.5606;0.879489;2.68628;
-1.74659;-1.79625;26.6485;0.879489;2.68628;
-1.92622;-1.79625;26.7365;0.879489;2.68628;
-2.10584;-1.79625;26.8244;0.879489;2.68628;
-2.28547;-1.79625;26.9124;0.879489;2.68628;
-2.46509;-1.79625;27.0003;0.879489;2.68628;
-2.64472;-1.79625;27.0883;0.879489;2.68628;
-2.82434;-1.79625;27.1762;0.879489;2.68628;
-3.00397;-1.79625;27.2642;0.879489;2.68628;
-3.18359;-1.79625;27.3521;0.879489;2.68628;
-3.36322;-1.79625;27.4401;0.879489;2.68628;
-3.54284;-1.79625;27.528;0.879489;2.68628;
-3.72246;-1.79625;27.616;0.879489;2.68628;
-3.90209;-1.79625;27.7039;0.879489;2.68628;
-4.08171;-1.79625;27.7919;0.879489;2.68628;
-4.26134;-1.79625;27.8798;0.879489;2.68628;
-4.44096;-1.79625;27.9678;0.879489;2.68628;
-4.62059;-1.79625;28.0557;0.879489;2.68628;
-4.80021;-1.79625;28.1437;0.879489;2.68628;
-4.97984;-1.79625;28.2316;0.879489;2.68628;
-5.15946;-1.79625;28.3196;0.879489;2.68628;
-5.33909;-1.79625;28.4075;0.879489;2.68628;
-5.51871;-1.79625;28.4955;0.879489;2.68628;
-5.69833;-1.79625;28.5834;0.879489;2.68628;
-5.87796;-1.79625;28.6714;0.879489;2.68628;
-6.05758;-1.79625;28.7593;0.879489;2.68628;
-6.23721;-1.79625;28.8473;0.879489;2.68628;
-6.41683;-1.79625;28.9352;0.879489;2.68628;
-6.59646;-1.79625;29.0232;0.879489;2.68628;
-6.77608;-1.79625;29.1111;0.879489;2.68628;
-6.95571;-1.79625;29.1991;0.879489;2.68628;
-7.13533;-1.79625;29.287;0.879489;2.68628;
-7.31496;-1.79625;29.375;0.879489;2.68628;
-7.49458;-1.79625;29.4629;0.879489;2.68628;
-7.67421;-1.79625;29.5509;0.879489;2.68628;
-7.85383;-1.79625;29.6388;0.879489;2.68628;
-8.03345;-1.79625;29.7268;0.879489;2.68628;
-8.21308;-1.79625;29.8147;0.879489;2.68628;
-8.3927;-1.79625;29.9027;0.879489;2.68628;
-8.57233;-1.79625;29.9906;0.879489;2.68628;

-8.75195;-1.79625;-29.9215;0.879489;2.68628;
-8.93158;-1.79625;-29.8335;0.879489;2.68628;
-9.1112;-1.79625;-29.7456;0.879489;2.68628;
-9.29083;-1.79625;-29.6576;0.879489;2.68628;
-9.47045;-1.79625;-29.5697;0.879489;2.68628;
-9.65008;-1.79625;-29.4817;0.879489;2.68628;
-9.8297;-1.79625;-29.3938;0.879489;2.68628;
-10.0093;-1.79625;-29.3058;0.879489;2.68628;
-10.1889;-1.79625;-29.2179;0.879489;2.68628;
-10.3686;-1.79625;-29.1299;0.879489;2.68628;
-10.5482;-1.79625;-29.042;0.879489;2.68628;
-10.7278;-1.79625;-28.954;0.879489;2.68628;
-10.9074;-1.79625;-28.8661;0.879489;2.68628;
-11.0871;-1.79625;-28.7781;0.879489;2.68628;
-11.2667;-1.79625;-28.6902;0.879489;2.68628;
-11.4463;-1.79625;-28.6022;0.879489;2.68628;
-11.6259;-1.79625;-28.5143;0.879489;2.68628;
-11.8056;-1.79625;-28.4263;0.879489;2.68628;
-11.9852;-1.79625;-28.3384;0.879489;2.68628;
-12.1648;-1.79625;-28.2504;0.879489;2.68628;
-12.3444;-1.79625;-28.1625;0.879489;2.68628;
-12.5241;-1.79625;-28.0745;0.879489;2.68628;
-12.7037;-1.79625;-27.9866;0.879489;2.68628;
-12.8833;-1.79625;-27.8986;0.879489;2.68628;
-13.0629;-1.79625;-27.8107;0.879489;2.68628;
-13.2426;-1.79625;-27.7227;0.879489;2.68628;
-13.4222;-1.79625;-27.6348;0.879489;2.68628;
-13.6018;-1.79625;-27.5468;0.879489;2.68628;
-13.7814;-1.79625;-27.4589;0.879489;2.68628;
-13.9611;-1.79625;-27.3709;0.879489;2.68628;
-14.1407;-1.79625;-27.283;0.879489;2.68628;
-14.3203;-1.79625;-27.195;0.879489;2.68628;
-14.4999;-1.79625;-27.1071;0.879489;2.68628;
-14.6796;-1.79625;-27.0191;0.879489;2.68628;
-14.8592;-1.79625;-26.9312;0.879489;2.68628;
-15.0388;-1.79625;-26.8432;0.879489;2.68628;
-15.2184;-1.79625;-26.7553;0.879489;2.68628;
-15.3981;-1.79625;-26.6673;0.879489;2.68628;
-15.5777;-1.79625;-26.5794;0.879489;2.68628;
-15.7573;-1.79625;-26.4914;0.879489;2.68628;
-15.9369;-1.79625;-26.4035;0.879489;2.68628;
-16.1166;-1.79625;-26.3155;0.879489;2.68628;
-16.2962;-1.79625;-26.2276;0.879489;2.68628;
-16.4758;-1.79625;-26.1396;0.879489;2.68628;
-16.6554;-1.79625;-26.0517;0.879489;2.68628;
-16.8351;-1.79625;-25.9637;0.879489;2.68628;
-17.0147;-1.79625;-25.8758;0.879489;2.68628;
-17.1943;-1.79625;-25.7879;0.879489;2.68628;
-17.3739;-1.79625;-25.6999;0.879489;2.68628;
-17.5536;-1.79625;-25.612;0.879489;2.68628;
-17.7332;-1.79625;-25.524;0.879489;2.68628;
-17.9128;-1.79625;-25.4361;0.879489;2.68628;
-18.0924;-1.79625;-25.3481;0.879489;2.68628;
-18.2721;-1.79625;-25.2602;0.879489;2.68628;
-18.4517;-1.79625;-25.1722;0.879489;2.68628;
-18.6313;-1.79625;-25.0843;0.879489;2.68628;
-18.8109;-1.79625;-24.9963;0.879489;2.68628;
-18.9906;-1.79625;-24.9084;0.879489;2.68628;
-19.1702;-1.79625;-24.8204;0.879489;2.68628;
-19.3498;-1.79625;-24.7325;0.879489;2.68628;
-19.5294;-1.79625;-24.6445;0.879489;2.68628;
-19.7091;-1.79625;-24.5566;0.879489;2.68628;
-19.8887;-1.79625;-24.4686;0.879489;2.68628;
-20.0683;-1.79625;-24.3807;0.879489;2.68628;
-20.2479;-1.79625;-24.2927;0.879489;2.68628;
-20.4275;-1.79625;-24.2048;0.879489;2.68628;
-20.6072;-1.79625;-24.1168;0.879489;2.68628;
-20.7868;-1.79625;-24.0289;0.879489;2.68628;
-20.9664;-1.79625;-23.9409;0.879489;2.68628;
-21.146;-1.79625;-23.853;0.879489;2.68628;
-21.3257;-1.79625;-23.765;0.879489;2.68628;
-21.5053;-1.79625;-23.6771;0.879489;2.68628;
-21.6849;-1.79625;-23.5891;0.879489;2.68628;
-21.8645;-1.79625;-23.5012;0.879489;2.68628;
-22.0442;-1.79625;-23.4132;0.879489;2.68628;
-22.2238;-1.79625;-23.3253;0.879489;2.68628;
-22.4034;-1.79625;-23.2373;0.879489;2.68628;
-22.583;-1.79625;-23.1494;0.879489;2.68628;
-22.7627;-1.79625;-23.0614;0.879489;2.68628;
-22.9423;-1.79625;-22.9735;0.879489;2.68628;
-23.1219;-1.79625;-22.8855;0.879489;2.68628;
-23.3015;-1.79625;-22.7976;0.879489;2.68628;
-23.4812;-1.79625;-22.7096;0.879489;2.68628;
-23.6608;-1.79625;-22.6217;0.879489;2.68628;
-23.8404;-1.79625;-22.5337;0.879489;2.68628;
-24.02;-1.79625;-22.4458;0.879489;2.68628;
-24.1997;-1.79625;-22.3578;0.879489;2.68628;
-24.3793;-1.79625;-22.2699;0.879489;2.68628;
-24.5589;-1.79625;-22.1819;0.879489;2.68628;
-24.7385;-1.79625;-22.094;0.879489;2.68628;
-24.9182;-1.79625;-22.006;0.879489;2.68628;
-25.0978;-1.79625;-21.9181;0.879489;2.68628;
-25.2774;-1.79625;-21.8301;0.879489;2.68628;
-25.457;-1.79625;-21.7422;0.879489;2.68628;
-25.6367;-1.79625;-21.6543;0.879489;2.68628;
-25.8163;-1.79625;-21.5663;0.879489;2.68628;
-25.9959;-1.79625;-21.4784;0.879489;2.68628;
-26.1755;-1.79625;-21.3904;0.879489;2.68628;
-26.3552;-1.79625;-21.3025;0.879489;2.68628;
-26.5348;-1.79625;-21.2145;0.879489;2.68628;
-26.7144;-1.79625;-21.1266;0.879489;2.68628;
-26.894;-1.79625;-21.0386;0.879489;2.68628;
-27.0737;-1.79625;-20.9507;0.879489;2.68628;
-27.2533;-1.79625;-20.8627;0.879489;2.68628;
-27.4329;-1.79625;-20.7748;0.879489;2.68628;
-27.6125;-1.79625;-20.6868;0.879489;2.68628;
-27.7922;-1.79625;-20.5989;0.879489;2.68628;
-27.9718;-1.79625;-20.5109;0.879489;2.68628;
-28.1514;-1.79625;-20.423;0.879489;2.68628;
-28.331;-1.79625;-20.335;0.879489;2.68628;
-28.5107;-1.79625;-20.2471;0.879489;2.68628;
-28.6903;-1.79625;-20.1591;0.879489;2.68628;
-28.8699;-1.79625;-20.0712;0.879489;2.68628;
-29.0495;-1.79625;-19.9832;0.879489;2.68628;
-29.2292;-1.79625;-19.8953;0.879489;2.68628;
-29.4088;-1.79625;-19.8073;0.879489;2.68628;
-29.5884;-1.79625;-19.7194;0.879489;2.68628;
-29.768;-1.79625;-19.6314;0.879489;2.68628;
-29.9477;-1.79625;-19.5435;0.879489;2.68628;

29.8727;-1.79625;-19.4555;0.879489;2.68628;
29.6931;-1.79625;-19.3676;0.879489;2.68628;
29.5135;-1.79625;-19.2796;0.879489;2.68628;
29.3339;-1.79625;-19.1917;0.879489;2.68628;
29.1542;-1.79625;-19.1037;0.879489;2.68628;
28.9746;-1.79625;-19.0158;0.879489;2.68628;
28.795;-1.79625;-18.9278;0.879489;2.68628;
28.6154;-1.79625;-18.8399;0.879489;2.68628;
28.4357;-1.79625;-18.7519;0.879489;2.68628;
28.2561;-1.79625;-18.664;0.879489;2.68628;
28.0765;-1.79625;-18.576;0.879489;2.68628;
27.8969;-1.79625;-18.4881;0.879489;2.68628;
27.7172;-1.79625;-18.4001;0.879489;2.68628;
27.5376;-1.79625;-18.3122;0.879489;2.68628;
27.358;-1.79625;-18.2242;0.879489;2.68628;
27.1784;-1.79625;-18.1363;0.879489;2.68628;
26.9987;-1.79625;-18.0483;0.879489;2.68628;
26.8191;-1.79625;-17.9604;0.879489;2.68628;
26.6395;-1.79625;-17.8724;0.879489;2.68628;
26.4599;-1.79625;-17.7845;0.879489;2.68628;
26.2802;-1.79625;-17.6965;0.879489;2.68628;
26.1006;-1.79625;-17.6086;0.879489;2.68628;
25.921;-1.79625;-17.5207;0.879489;2.68628;
25.7414;-1.79625;-17.4327;0.879489;2.68628;
25.5617;-1.79625;-17.3448;0.879489;2.68628;
25.3821;-1.79625;-17.2568;0.879489;2.68628;
25.2025;-1.79625;-17.1689;0.879489;2.68628;
25.0229;-1.79625;-17.0809;0.879489;2.68628;
24.8432;-1.79625;-16.993;0.879489;2.68628;
24.6636;-1.79625;-16.905;0.879489;2.68628;
24.484;-1.79625;-16.8171;0.879489;2.68628;
24.3044;-1.79625;-16.7291;0.879489;2.68628;
24.1247;-1.79625;-16.6412;0.879489;2.68628;
23.9451;-1.79625;-16.5532;0.879489;2.68628;
23.7655;-1.79625;-16.4653;0.879489;2.68628;
23.5859;-1.79625;-16.3773;0.879489;2.68628;
23.4062;-1.79625;-16.2894;0.879489;2.68628;
23.2266;-1.79625;-16.2014;0.879489;2.68628;
23.047;-1.79625;-16.1135;0.879489;2.68628;
22.8674;-1.79625;-16.0255;0.879489;2.68628;
22.6877;-1.79625;-15.9376;0.879489;2.68628;
22.5081;-1.79625;-15.8496;0.879489;2.68628;
22.3285;-1.79625;-15.7617;0.879489;2.68628;
22.1489;-1.79625;-15.6737;0.879489;2.68628;
21.9692;-1.79625;-15.5858;0.879489;2.68628;
21.7896;-1.79625;-15.4978;0.879489;2.68628;
21.61;-1.79625;-15.4099;0.879489;2.68628;
21.4304;-1.79625;-15.3219;0.879489;2.68628;
21.2507;-1.79625;-15.234;0.879489;2.68628;
21.0711;-1.79625;-15.146;0.879489;2.68628;
20.8915;-1.79625;-15.0581;0.879489;2.68628;
20.7119;-1.79625;-14.9701;0.879489;2.68628;
20.5322;-1.79625;-14.8822;0.879489;2.68628;
20.3526;-1.79625;-14.7942;0.879489;2.68628;
20.173;-1.79625;-14.7063;0.879489;2.68628;
19.9934;-1.79625;-14.6183;0.879489;2.68628;
19.8137;-1.79625;-14.5304;0.879489;2.68628;
19.6341;-1.79625;-14.4424;0.879489;2.68628;
19.4545;-1.79625;-14.3545;0.879489;2.68628;
19.2749;-1.79625;-14.2665;0.879489;2.68628;
19.0953;-1.79625;-14.1786;0.879489;2.68628;
18.9156;-1.79625;-14.0906;0.879489;2.68628;
18.736;-1.79625;-14.0027;0.879489;2.68628;
18.5564;-1.79625;-13.9147;0.879489;2.68628;
18.3768;-1.79625;-13.8268;0.879489;2.68628;
18.1971;-1.79625;-13.7388;0.879489;2.68628;
18.0175;-1.79625;-13.6509;0.879489;2.68628;
17.8379;-1.79625;-13.5629;0.879489;2.68628;
17.6583;-1.79625;-13.475;0.879489;2.68628;
17.4786;-1.79625;-13.387;0.879489;2.68628;
17.299;-1.79625;-13.2991;0.879489;2.68628;
17.1194;-1.79625;-13.2112;0.879489;2.68628;
16.9398;-1.79625;-13.1232;0.879489;2.68628;
16.7601;-1.79625;-13.0353;0.879489;2.68628;
16.5805;-1.79625;-12.9473;0.879489;2.68628;
16.4009;-1.79625;-12.8594;0.879489;2.68628;
16.2213;-1.79625;-12.7714;0.879489;2.68628;
16.0416;-1.79625;-12.6835;0.879489;2.68628;
15.862;-1.79625;-12.5955;0.879489;2.68628;
15.6824;-1.79625;-12.5076;0.879489;2.68628;
15.5028;-1.79625;-12.4196;0.879489;2.68628;
15.3231;-1.79625;-12.3317;0.879489;2.68628;
15.1435;-1.79625;-12.2437;0.879489;2.68628;
14.9639;-1.79625;-12.1558;0.879489;2.68628;
14.7843;-1.79625;-12.0678;0.879489;2.68628;
14.6046;-1.79625;-11.9799;0.879489;2.68628;
14.425;-1.79625;-11.8919;0.879489;2.68628;
14.2454;-1.79625;-11.804;0.879489;2.68628;
14.0658;-1.79625;-11.716;0.879489;2.68628;
13.8861;-1.79625;-11.6281;0.879489;2.68628;
13.7065;-1.79625;-11.5401;0.879489;2.68628;
13.5269;-1.79625;-11.4522;0.879489;2.68628;
13.3473;-1.79625;-11.3642;0.879489;2.68628;
13.1676;-1.79625;-11.2763;0.879489;2.68628;
12.988;-1.79625;-11.1883;0.879489;2.68628;
12.8084;-1.79625;-11.1004;0.879489;2.68628;
12.6288;-1.79625;-11.0124;0.879489;2.68628;
12.4491;-1.79625;-10.9245;0.879489;2.68628;
12.2695;-1.79625;-10.8365;0.879489;2.68628;
12.0899;-1.79625;-10.7486;0.879489;2.68628;
11.9103;-1.79625;-10.6606;0.879489;2.68628;
11.7306;-1.79625;-10.5727;0.879489;2.68628;
11.551;-1.79625;-10.4847;0.879489;2.68628;
11.3714;-1.79625;-10.3968;0.879489;2.68628;
11.1918;-1.79625;-10.3088;0.879489;2.68628;
11.0121;-1.79625;-10.2209;0.879489;2.68628;
10.8325;-1.79625;-10.1329;0.879489;2.68628;
10.6529;-1.79625;-10.045;0.879489;2.68628;
10.4733;-1.79625;-9.95704;0.879489;2.68628;
10.2936;-1.79625;-9.86909;0.879489;2.68628;
10.114;-1.79625;-9.78114;0.879489;2.68628;
9.9344;-1.79625;-9.69319;0.879489;2.68628;
9.75477;-1.79625;-9.60525;0.879489;2.68628;
9.57515;-1.79625;-9.5173;0.879489;2.68628;
9.39552;-1.79625;-9.42935;0.879489;2.68628;
9.2159;-1.79625;-9.3414;0.879489;2.68628;
9.03628;-1.79625;-9.25345;0.879489;2.68628;
8.85665;-1.79625;-9.1655;0.879489;2.68628;
8.67703;-1.79625;-9.07755;0.879489;2.68628;
8.4974;-1.79625;-8.9896;0.879489;2.68628;
8.31778;-1.79625;-8.90165;0.879489;2.68628;
8.13815;-1.79625;-8.8137;0.879489;2.68628;
7.95853;-1.79625;-8.72576;0.879489;2.68628;
7.7789;-1.79625;-8.63781;0.879489;2.68628;
7.59928;-1.79625;-8.54986;0.879489;2.68628;
7.41965;-1.79625;-8.46191;0.879489;2.68628;
7.24003;-1.79625;-8.37396;0.879489;2.68628;
7.06041;-1.79625;-8.28601;0.879489;2.68628;
6.88078;-1.79625;-8.19806;0.879489;2.68628;
6.70116;-1.79625;-8.11011;0.879489;2.68628;
6.52153;-1.79625;-8.02216;0.879489;2.68628;
6.34191;-1.79625;-7.93422;0.879489;2.68628;
6.16228;-1.79625;-7.84627;0.879489;2.68628;
5.98266;-1.79625;-7.75832;0.879489;2.68628;
5.80303;-1.79625;-7.67037;0.879489;2.68628;
5.62341;-1.79625;-7.58242;0.879489;2.68628;
5.44378;-1.79625;-7.49447;0.879489;2.68628;
5.26416;-1.79625;-7.40652;0.879489;2.68628;
5.08454;-1.79625;-7.31857;0.879489;2.68628;
4.90491;-1.79625;-7.23062;0.879489;2.68628;
4.72529;-1.79625;-7.14267;0.879489;2.68628;
4.54566;-1.79625;-7.05473;0.879489;2.68628;
4.36604;-1.79625;-6.96678;0.879489;2.68628;
4.18641;-1.79625;-6.87883;0.879489;2.68628;
4.00679;-1.79625;-6.79088;0.879489;2.68628;
3.82716;-1.79625;-6.70293;0.879489;2.68628;
3.64754;-1.79625;-6.61498;0.879489;2.68628;
3.46791;-1.79625;-6.52703;0.879489;2.68628;
3.28829;-1.79625;-6.43908;0.879489;2.68628;
3.10867;-1.79625;-6.35113;0.879489;2.68628;
2.92904;-1.79625;-6.26319;0.879489;2.68628;
2.74942;-1.79625;-6.17524;0.879489;2.68628;
2.56979;-1.79625;-6.08729;0.879489;2.68628;
2.39017;-1.79625;-5.99934;0.879489;2.68628;
2.21054;-1.79625;-5.91139;0.879489;2.68628;
2.03092;-1.79625;-5.82344;0.879489;2.68628;
1.85129;-1.79625;-5.73549;0.879489;2.68628;
1.67167;-1.79625;-5.64754;0.879489;2.68628;
1.49204;-1.79625;-5.55959;0.879489;2.68628;
1.31242;-1.79625;-5.47164;0.879489;2.68628;
1.13279;-1.79625;-5.3837;0.879489;2.68628;
0.95317;-1.79625;-5.29575;0.879489;2.68628;
0.773546;-1.79625;-5.2078;0.879489;2.68628;
0.593921;-1.79625;-5.11985;0.879489;2.68628;
0.414297;-1.79625;-5.0319;0.879489;2.68628;
0.234672;-1.79625;-4.94395;0.879489;2.68628;
0.0550475;-1.79625;-4.856;0.879489;2.68628;
-0.124577;-1.79625;-4.76805;0.879489;2.68628;
-0.304202;-1.79625;-4.6801;0.879489;2.68628;
-0.483826;-1.79625;-4.59216;0.879489;2.68628;
-0.663451;-1.79625;-4.50421;0.879489;2.68628;
-0.843075;-1.79625;-4.41626;0.879489;2.68628;
-1.0227;-1.79625;-4.32831;0.879489;2.68628;
-1.20232;-1.79625;-4.24036;0.879489;2.68628;
-1.38195;-1.79625;-4.15241;0.879489;2.68628;
-1.56157;-1.79625;-4.06446;0.879489;2.68628;
-1.7412;-1.79625;-3.97651;0.879489;2.68628;
-1.92082;-1.79625;-3.88856;0.879489;2.68628;
-2.10045;-1.79625;-3.80061;0.879489;2.68628;
-2.28007;-1.79625;-3.71267;0.879489;2.68628;
-2.4597;-1.79625;-3.62472;0.879489;2.68628;
-2.63932;-1.79625;-3.53677;0.879489;2.68628;
-2.81895;-1.79625;-3.44882;0.879489;2.68628;
-2.99857;-1.79625;-3.36087;0.879489;2.68628;
-3.17819;-1.79625;-3.27292;0.879489;2.68628;
-3.35782;-1.79625;-3.18497;0.879489;2.68628;
-3.53744;-1.79625;-3.09702;0.879489;2.68628;
-3.71707;-1.79625;-3.00907;0.879489;2.68628;
-3.89669;-1.79625;-2.92113;0.879489;2.68628;
-4.07632;-1.79625;-2.83318;0.879489;2.68628;
-4.25594;-1.79625;-2.74523;0.879489;2.68628;
-4.43557;-1.79625;-2.65728;0.879489;2.68628;
-4.61519;-1.79625;-2.56933;0.879489;2.68628;
-4.79482;-1.79625;-2.48138;0.879489;2.68628;
-4.97444;-1.79625;-2.39343;0.879489;2.68628;
-5.15406;-1.79625;-2.30548;0.879489;2.68628;
-5.33369;-1.79625;-2.21753;0.879489;2.68628;
-5.51331;-1.79625;-2.12958;0.879489;2.68628;
-5.69294;-1.79625;-2.04164;0.879489;2.68628;
-5.87256;-1.79625;-1.95369;0.879489;2.68628;
-6.05219;-1.79625;-1.86574;0.879489;2.68628;
-6.23181;-1.79625;-1.77779;0.879489;2.68628;
-6.41144;-1.79625;-1.68984;0.879489;2.68628;
-6.59106;-1.79625;-1.60189;0.879489;2.68628;
-6.77069;-1.79625;-1.51394;0.879489;2.68628;
-6.95031;-1.79625;-1.42599;0.879489;2.68628;
-7.12993;-1.79625;-1.33804;0.879489;2.68628;
-7.30956;-1.79625;-1.2501;0.879489;2.68628;
-7.48918;-1.79625;-1.16215;0.879489;2.68628;
-7.66881;-1.79625;-1.0742;0.879489;2.68628;
-7.84843;-1.79625;-0.986249;0.879489;2.68628;
-8.02806;-1.79625;-0.8983;0.879489;2.68628;
-8.20768;-1.79625;-0.810351;0.879489;2.68628;
-8.38731;-1.79625;-0.722402;0.879489;2.68628;
-8.56693;-1.79625;-0.634453;0.879489;2.68628;
-8.74656;-1.79625;-0.546504;0.879489;2.68628;
-8.92618;-1.79625;-0.458555;0.879489;2.68628;
-9.10581;-1.79625;-0.370606;0.879489;2.68628;
-9.28543;-1.79625;-0.282657;0.879489;2.68628;
-9.46505;-1.79625;-0.194708;0.879489;2.68628;
-9.64468;-1.79625;-0.106759;0.879489;2.68628;
-9.8243;-1.79625;-0.0188102;0.879489;2.68628;
-10.0039;-1.79625;0.0691388;0.879489;2.68628;
-10.1836;-1.79625;0.157088;0.879489;2.68628;
-10.3632;-1.79625;0.245037;0.879489;2.68628;
-10.5428;-1.79625;0.332986;0.879489;2.68628;
-10.7224;-1.79625;0.420935;0.879489;2.68628;
-10.9021;-1.79625;0.508884;0.879489;2.68628;
-11.0817;-1.79625;0.596832;0.879489;2.68628;
-11.2613;-1.79625;0.684781;0.879489;2.68628;
-11.4409;-1.79625;0.77273;0.879489;2.68628;
-11.6205;-1.79625;0.860679;0.879489;2.68628;
-11.8002;-1.79625;0.948628;0.879489;2.68628;
-11.9798;-1.79625;1.03658;0.879489;2.68628;
-12.1594;-1.79625;1.12453;0.879489;2.68628;
-12.339;-1.79625;1.21248;0.879489;2.68628;
-12.5187;-1.79625;1.30042;0.879489;2.68628;
-12.6983;-1.79625;1.38837;0.879489;2.68628;
-12.8779;-1.79625;1.47632;0.879489;2.68628;
-13.0575;-1.79625;1.56427;0.879489;2.68628;
-13.2372;-1.79625;1.65222;0.879489;2.68628;
-13.4168;-1.79625;1.74017;0.879489;2.68628;
-13.5964;-1.79625;1.82812;0.879489;2.68628;
-13.776;-1.79625;1.91607;0.879489;2.68628;
-13.9557;-1.79625;2.00402;0.879489;2.68628;
-14.1353;-1.79625;2.09196;0.879489;2.68628;
-14.3149;-1.79625;2.17991;0.879489;2.68628;
-14.4945;-1.79625;2.26786;0.879489;2.68628;
-14.6742;-1.79625;2.35581;0.879489;2.68628;
-14.8538;-1.79625;2.44376;0.879489;2.68628;
-15.0334;-1.79625;2.53171;0.879489;2.68628;
-15.213;-1.79625;2.61966;0.879489;2.68628;
-15.3927;-1.79625;2.70761;0.879489;2.68628;
-15.5723;-1.79625;2.79556;0.879489;2.68628;
-15.7519;-1.79625;2.88351;0.879489;2.68628;
-15.9315;-1.79625;2.97145;0.879489;2.68628;
-16.1112;-1.79625;3.0594;0.879489;2.68628;
-16.2908;-1.79625;3.14735;0.879489;2.68628;
-16.4704;-1.79625;3.2353;0.879489;2.68628;
-16.65;-1.79625;3.32325;0.879489;2.68628;
-16.8297;-1.79625;3.4112;0.879489;2.68628;
-17.0093;-1.79625;3.49915;0.879489;2.68628;
-17.1889;-1.79625;3.5871;0.879489;2.68628;
-17.3685;-1.79625;3.67505;0.879489;2.68628;
-17.5482;-1.79625;3.76299;0.879489;2.68628;
-17.7278;-1.79625;3.85094;0.879489;2.68628;
-17.9074;-1.79625;3.93889;0.879489;2.68628;
-18.087;-1.79625;4.02684;0.879489;2.68628;
-18.2667;-1.79625;4.11479;0.879489;2.68628;
-18.4463;-1.79625;4.20274;0.879489;2.68628;
-18.6259;-1.79625;4.29069;0.879489;2.68628;
-18.8055;-1.79625;4.37864;0.879489;2.68628;
-18.9852;-1.79625;4.46659;0.879489;2.68628;
-19.1648;-1.79625;4.55453;0.879489;2.68628;
-19.3444;-1.79625;4.64248;0.879489;2.68628;
-19.524;-1.79625;4.73043;0.879489;2.68628;
-19.7037;-1.79625;4.81838;0.879489;2.68628;
-19.8833;-1.79625;4.90633;0.879489;2.68628;
-20.0629;-1.79625;4.99428;0.879489;2.68628;
-20.2425;-1.79625;5.08223;0.879489;2.68628;
-20.4222;-1.79625;5.17018;0.879489;2.68628;
-20.6018;-1.79625;5.25813;0.879489;2.68628;
-20.7814;-1.79625;5.34608;0.879489;2.68628;
-20.961;-1.79625;5.43402;0.879489;2.68628;
-21.1407;-1.79625;5.52197;0.879489;2.68628;
-21.3203;-1.79625;5.60992;0.879489;2.68628;
-21.4999;-1.79625;5.69787;0.879489;2.68628;
-21.6795;-1.79625;5.78582;0.879489;2.68628;
-21.8591;-1.79625;5.87377;0.879489;2.68628;
-22.0388;-1.79625;5.96172;0.879489;2.68628;
-22.2184;-1.79625;6.04967;0.879489;2.68628;
-22.398;-1.79625;6.13762;0.879489;2.68628;
-22.5776;-1.79625;6.22556;0.879489;2.68628;
-22.7573;-1.79625;6.31351;0.879489;2.68628;
-22.9369;-1.79625;6.40146;0.879489;2.68628;
-23.1165;-1.79625;6.48941;0.879489;2.68628;
-23.2961;-1.79625;6.57736;0.879489;2.68628;
-23.4758;-1.79625;6.66531;0.879489;2.68628;
-23.6554;-1.79625;6.75326;0.879489;2.68628;
-23.835;-1.79625;6.84121;0.879489;2.68628;
-24.0146;-1.79625;6.92916;0.879489;2.68628;
-24.1943;-1.79625;7.01711;0.879489;2.68628;
-24.3739;-1.79625;7.10505;0.879489;2.68628;
-24.5535;-1.79625;7.193;0.879489;2.68628;
-24.7331;-1.79625;7.28095;0.879489;2.68628;
-24.9128;-1.79625;7.3689;0.879489;2.68628;
-25.0924;-1.79625;7.45685;0.879489;2.68628;
-25.272;-1.79625;7.5448;0.879489;2.68628;
-25.4516;-1.79625;7.63275;0.879489;2.68628;
-25.6313;-1.79625;7.7207;0.879489;2.68628;
-25.8109;-1.79625;7.80865;0.879489;2.68628;
-25.9905;-1.79625;7.89659;0.879489;2.68628;
-26.1701;-1.79625;7.98454;0.879489;2.68628;
-26.3498;-1.79625;8.07249;0.879489;2.68628;
-26.5294;-1.79625;8.16044;0.879489;2.68628;
-26.709;-1.79625;8.24839;0.879489;2.68628;
-26.8886;-1.79625;8.33634;0.879489;2.68628;
-27.0683;-1.79625;8.42429;0.879489;2.68628;
-27.2479;-1.79625;8.51224;0.879489;2.68628;
-27.4275;-1.79625;8.60019;0.879489;2.68628;
-27.6071;-1.79625;8.68814;0.879489;2.68628;
-27.7868;-1.79625;8.77608;0.879489;2.68628;
-27.9664;-1.79625;8.86403;0.879489;2.68628;
-28.146;-1.79625;8.95198;0.879489;2.68628;
-28.3256;-1.79625;9.03993;0.879489;2.68628;
-28.5053;-1.79625;9.12788;0.879489;2.68628;
-28.6849;-1.79625;9.21583;0.879489;2.68628;
-28.8645;-1.79625;9.30378;0.879489;2.68628;
-29.0441;-1.79625;9.39173;0.879489;2.68628;
-29.2238;-1.79625;9.47968;0.879489;2.68628;
-29.4034;-1.79625;9.56762;0.879489;2.68628;
-29.583;-1.79625;9.65557;0.879489;2.68628;
-29.7626;-1.79625;9.74352;0.879489;2.68628;
-29.9423;-1.79625;9.83147;0.879489;2.68628;

29.8781;-1.79625;9.91942;0.879489;2.68628;
29.6985;-1.79625;10.0074;0.879489;2.68628;
29.5189;-1.79625;10.0953;0.879489;2.68628;
29.3392;-1.79625;10.1833;0.879489;2.68628;
29.1596;-1.79625;10.2712;0.879489;2.68628;
28.98;-1.79625;10.3592;0.879489;2.68628;
28.8004;-1.79625;10.4471;0.879489;2.68628;
28.6207;-1.79625;10.5351;0.879489;2.68628;
28.4411;-1.79625;10.623;0.879489;2.68628;
28.2615;-1.79625;10.711;0.879489;2.68628;
28.0819;-1.79625;10.7989;0.879489;2.68628;
27.9023;-1.79625;10.8869;0.879489;2.68628;
27.7226;-1.79625;10.9748;0.879489;2.68628;
27.543;-1.79625;11.0628;0.879489;2.68628;
27.3634;-1.79625;11.1507;0.879489;2.68628;
27.1838;-1.79625;11.2387;0.879489;2.68628;
27.0041;-1.79625;11.3266;0.879489;2.68628;
26.8245;-1.79625;11.4146;0.879489;2.68628;
26.6449;-1.79625;11.5025;0.879489;2.68628;
26.4653;-1.79625;11.5905;0.879489;2.68628;
26.2856;-1.79625;11.6784;0.879489;2.68628;
26.106;-1.79625;11.7663;0.879489;2.68628;
25.9264;-1.79625;11.8543;0.879489;2.68628;
25.7468;-1.79625;11.9422;0.879489;2.68628;
25.5671;-1.79625;12.0302;0.879489;2.68628;
25.3875;-1.79625;12.1181;0.879489;2.68628;
25.2079;-1.79625;12.2061;0.879489;2.68628;
25.0283;-1.79625;12.294;0.879489;2.68628;
24.8486;-1.79625;12.382;0.879489;2.68628;
24.669;-1.79625;12.4699;0.879489;2.68628;
24.4894;-1.79625;12.5579;0.879489;2.68628;
24.3098;-1.79625;12.6458;0.879489;2.68628;
24.1301;-1.79625;12.7338;0.879489;2.68628;
23.9505;-1.79625;12.8217;0.879489;2.68628;
23.7709;-1.79625;12.9097;0.879489;2.68628;
23.5913;-1.79625;12.9976;0.879489;2.68628;
23.4116;-1.79625;13.0856;0.879489;2.68628;
23.232;-1.79625;13.1735;0.879489;2.68628;
23.0524;-1.79625;13.2615;0.879489;2.68628;
22.8728;-1.79625;13.3494;0.879489;2.68628;
22.6931;-1.79625;13.4374;0.879489;2.68628;
22.5135;-1.79625;13.5253;0.879489;2.68628;
22.3339;-1.79625;13.6133;0.879489;2.68628;
22.1543;-1.79625;13.7012;0.879489;2.68628;
21.9746;-1.79625;13.7892;0.879489;2.68628;
21.795;-1.79625;13.8771;0.879489;2.68628;
21.6154;-1.79625;13.9651;0.879489;2.68628;
21.4358;-1.79625;14.053;0.879489;2.68628;
21.2561;-1.79625;14.141;0.879489;2.68628;
21.0765;-1.79625;14.2289;0.879489;2.68628;
20.8969;-1.79625;14.3169;0.879489;2.68628;
20.7173;-1.79625;14.4048;0.879489;2.68628;
20.5376;-1.79625;14.4928;0.879489;2.68628;
20.358;-1.79625;14.5807;0.879489;2.68628;
20.1784;-1.79625;14.6687;0.879489;2.68628;
19.9988;-1.79625;14.7566;0.879489;2.68628;
19.8191;-1.79625;14.8446;0.879489;2.68628;
19.6395;-1.79625;14.9325;0.879489;2.68628;
19.4599;-1.79625;15.0205;0.879489;2.68628;
19.2803;-1.79625;15.1084;0.879489;2.68628;
19.1006;-1.79625;15.1964;0.879489;2.68628;
18.921;-1.79625;15.2843;0.879489;2.68628;
18.7414;-1.79625;15.3723;0.879489;2.68628;
18.5618;-1.79625;15.4602;0.879489;2.68628;
18.3821;-1.79625;15.5482;0.879489;2.68628;
18.2025;-1.79625;15.6361;0.879489;2.68628;
18.0229;-1.79625;15.7241;0.879489;2.68628;
17.8433;-1.79625;15.812;0.879489;2.68628;
17.6637;-1.79625;15.8999;0.879489;2.68628;
17.484;-1.79625;15.9879;0.879489;2.68628;
17.3044;-1.79625;16.0758;0.879489;2.68628;
17.1248;-1.79625;16.1638;0.879489;2.68628;
16.9452;-1.79625;16.2517;0.879489;2.68628;
16.7655;-1.79625;16.3397;0.879489;2.68628;
16.5859;-1.79625;16.4276;0.879489;2.68628;
16.4063;-1.79625;16.5156;0.879489;2.68628;
16.2267;-1.79625;16.6035;0.879489;2.68628;
16.047;-1.79625;16.6915;0.879489;2.68628;
15.8674;-1.79625;16.7794;0.879489;2.68628;
15.6878;-1.79625;16.8674;0.879489;2.68628;
15.5082;-1.79625;16.9553;0.879489;2.68628;
15.3285;-1.79625;17.0433;0.879489;2.68628;
15.1489;-1.79625;17.1312;0.879489;2.68628;
14.9693;-1.79625;17.2192;0.879489;2.68628;
14.7897;-1.79625;17.3071;0.879489;2.68628;
14.61;-1.79625;17.3951;0.879489;2.68628;
14.4304;-1.79625;17.483;0.879489;2.68628;
14.2508;-1.79625;17.571;0.879489;2.68628;
14.0712;-1.79625;17.6589;0.879489;2.68628;
13.8915;-1.79625;17.7469;0.879489;2.68628;
13.7119;-1.79625;17.8348;0.879489;2.68628;
13.5323;-1.79625;17.9228;0.879489;2.68628;
13.3527;-1.79625;18.0107;0.879489;2.68628;
13.173;-1.79625;18.0987;0.879489;2.68628;
12.9934;-1.79625;18.1866;0.879489;2.68628;
12.8138;-1.79625;18.2746;0.879489;2.68628;
12.6342;-1.79625;18.3625;0.879489;2.68628;
12.4545;-1.79625;18.4505;0.879489;2.68628;
12.2749;-1.79625;18.5384;0.879489;2.68628;
12.0953;-1.79625;18.6264;0.879489;2.68628;
11.9157;-1.79625;18.7143;0.879489;2.68628;
11.736;-1.79625;18.8023;0.879489;2.68628;
11.5564;-1.79625;18.8902;0.879489;2.68628;
11.3768;-1.79625;18.9782;0.879489;2.68628;
11.1972;-1.79625;19.0661;0.879489;2.68628;
11.0175;-1.79625;19.1541;0.879489;2.68628;
10.8379;-1.79625;19.242;0.879489;2.68628;
10.6583;-1.79625;19.33;0.879489;2.68628;
10.4787;-1.79625;19.4179;0.879489;2.68628;
10.299;-1.79625;19.5059;0.879489;2.68628;
10.1194;-1.79625;19.5938;0.879489;2.68628;
9.93979;-1.79625;19.6818;0.879489;2.68628;
9.76017;-1.79625;19.7697;0.879489;2.68628;
9.58055;-1.79625;19.8577;0.879489;2.68628;
9.40092;-1.79625;19.9456;0.879489;2.68628;
9.2213;-1.79625;20.0335;0.879489;2.68628;
9.04167;-1.79625;20.1215;0.879489;2.68628;
8.86205;-1.79625;20.2094;0.879489;2.68628;
8.68242;-1.79625;20.2974;0.879489;2.68628;
8.5028;-1.79625;20.3853;0.879489;2.68628;
8.32317;-1.79625;20.4733;0.879489;2.68628;
8.14355;-1.79625;20.5612;0.879489;2.68628;
7.96392;-1.79625;20.6492;0.879489;2.68628;
7.7843;-1.79625;20.7371;0.879489;2.68628;
7.60468;-1.79625;20.8251;0.879489;2.68628;
7.42505;-1.79625;20.913;0.879489;2.68628;
7.24543;-1.79625;21.001;0.879489;2.68628;
7.0658;-1.79625;21.0889;0.879489;2.68628;
6.88618;-1.79625;21.1769;0.879489;2.68628;
6.70655;-1.79625;21.2648;0.879489;2.68628;
6.52693;-1.79625;21.3528;0.879489;2.68628;
6.3473;-1.79625;21.4407;0.879489;2.68628;
6.16768;-1.79625;21.5287;0.879489;2.68628;
5.98805;-1.79625;21.6166;0.879489;2.68628;
5.80843;-1.79625;21.7046;0.879489;2.68628;
5.62881;-1.79625;21.7925;0.879489;2.68628;
5.44918;-1.79625;21.8805;0.879489;2.68628;
5.26956;-1.79625;21.9684;0.879489;2.68628;
5.08993;-1.79625;22.0564;0.879489;2.68628;
4.91031;-1.79625;22.1443;0.879489;2.68628;
4.73068;-1.79625;22.2323;0.879489;2.68628;
4.55106;-1.79625;22.3202;0.879489;2.68628;
4.37143;-1.79625;22.4082;0.879489;2.68628;
4.19181;-1.79625;22.4961;0.879489;2.68628;
4.01218;-1.79625;22.5841;0.879489;2.68628;
3.83256;-1.79625;22.672;0.879489;2.68628;
3.65294;-1.79625;22.76;0.879489;2.68628;
3.47331;-1.79625;22.8479;0.879489;2.68628;
3.29369;-1.79625;22.9359;0.879489;2.68628;
3.11406;-1.79625;23.0238;0.879489;2.68628;
2.93444;-1.79625;23.1118;0.879489;2.68628;
2.75481;-1.79625;23.1997;0.879489;2.68628;
2.57519;-1.79625;23.2877;0.879489;2.68628;
2.39556;-1.79625;23.3756;0.879489;2.68628;
2.21594;-1.79625;23.4636;0.879489;2.68628;
2.03631;-1.79625;23.5515;0.879489;2.68628;
1.85669;-1.79625;23.6395;0.879489;2.68628;
1.67707;-1.79625;23.7274;0.879489;2.68628;
1.49744;-1.79625;23.8154;0.879489;2.68628;
1.31782;-1.79625;23.9033;0.879489;2.68628;
1.13819;-1.79625;23.9913;0.879489;2.68628;
0.958567;-1.79625;24.0792;0.879489;2.68628;
0.778942;-1.79625;24.1671;0.879489;2.68628;
0.599318;-1.79625;24.2551;0.879489;2.68628;
0.419693;-1.79625;24.343;0.879489;2.68628;
0.240069;-1.79625;24.431;0.879489;2.68628;
0.060444;-1.79625;24.5189;0.879489;2.68628;
-0.119181;-1.79625;24.6069;0.879489;2.68628;
-0.298805;-1.79625;24.6948;0.879489;2.68628;
-0.47843;-1.79625;24.7828;0.879489;2.68628;
-0.658054;-1.79625;24.8707;0.879489;2.68628;
-0.837679;-1.79625;24.9587;0.879489;2.68628;
-1.0173;-1.79625;25.0466;0.879489;2.68628;
-1.19693;-1.79625;25.1346;0.879489;2.68628;
-1.37655;-1.79625;25.2225;0.879489;2.68628;
-1.55618;-1.79625;25.3105;0.879489;2.68628;
-1.7358;-1.79625;25.3984;0.879489;2.68628;
-1.91543;-1.79625;25.4864;0.879489;2.68628;
-2.09505;-1.79625;25.5743;0.879489;2.68628;
-2.27468;-1.79625;25.6623;0.879489;2.68628;
-2.4543;-1.79625;25.7502;0.879489;2.68628;
-2.63392;-1.79625;25.8382;0.879489;2.68628;
-2.81355;-1.79625;25.9261;0.879489;2.68628;
-2.99317;-1.79625;26.0141;0.879489;2.68628;
-3.1728;-1.79625;26.102;0.879489;2.68628;
-3.35242;-1.79625;26.19;0.879489;2.68628;
-3.53205;-1.79625;26.2779;0.879489;2.68628;
-3.71167;-1.79625;26.3659;0.879489;2.68628;
-3.8913;-1.79625;26.4538;0.879489;2.68628;
-4.07092;-1.79625;26.5418;0.879489;2.68628;
-4.25055;-1.79625;26.6297;0.879489;2.68628;
-4.43017;-1.79625;26.7177;0.879489;2.68628;
-4.60979;-1.79625;26.8056;0.879489;2.68628;
-4.78942;-1.79625;26.8936;0.879489;2.68628;
-4.96904;-1.79625;26.9815;0.879489;2.68628;
-5.14867;-1.79625;27.0695;0.879489;2.68628;
-5.32829;-1.79625;27.1574;0.879489;2.68628;
-5.50792;-1.79625;27.2454;0.879489;2.68628;
-5.68754;-1.79625;27.3333;0.879489;2.68628;
-5.86717;-1.79625;27.4213;0.879489;2.68628;
-6.04679;-1.79625;27.5092;0.879489;2.68628;
-6.22642;-1.79625;27.5972;0.879489;2.68628;
-6.40604;-1.79625;27.6851;0.879489;2.68628;
-6.58566;-1.79625;27.7731;0.879489;2.68628;
-6.76529;-1.79625;27.861;0.879489;2.68628;
-6.94491;-1.79625;27.949;0.879489;2.68628;
-7.12454;-1.79625;28.0369;0.879489;2.68628;
-7.30416;-1.79625;28.1249;0.879489;2.68628;
-7.48379;-1.79625;28.2128;0.879489;2.68628;
-7.66341;-1.79625;28.3008;0.879489;2.68628;
-7.84304;-1.79625;28.3887;0.879489;2.68628;
-8.02266;-1.79625;28.4766;0.879489;2.68628;
-8.20229;-1.79625;28.5646;0.879489;2.68628;
-8.38191;-1.79625;28.6525;0.879489;2.68628;
-8.56153;-1.79625;28.7405;0.879489;2.68628;
-8.74116;-1.79625;28.8284;0.879489;2.68628;
-8.92078;-1.79625;28.9164;0.879489;2.68628;
-9.10041;-1.79625;29.0043;0.879489;2.68628;
-9.28003;-1.79625;29.0923;0.879489;2.68628;
-9.45966;-1.79625;29.1802;0.879489;2.68628;
-9.63928;-1.79625;29.2682;0.879489;2.68628;
-9.81891;-1.79625;29.3561;0.879489;2.68628;
-9.99853;-1.79625;29.4441;0.879489;2.68628;
-10.1782;-1.79625;29.532;0.879489;2.68628;
-10.3578;-1.79625;29.62;0.879489;2.68628;
-10.5374;-1.79625;29.7079;0.879489;2.68628;
-10.717;-1.79625;29.7959;0.879489;2.68628;
-10.8967;-1.79625;29.8838;0.879489;2.68628;
-11.0763;-1.79625;29.9718;0.879489;2.68628;

-11.2559;-1.79625;-29.9403;0.879489;2.68628;
-11.4355;-1.79625;-29.8523;0.879489;2.68628;
-11.6152;-1.79625;-29.7644;0.879489;2.68628;
-11.7948;-1.79625;-29.6764;0.879489;2.68628;
-11.9744;-1.79625;-29.5885;0.879489;2.68628;
-12.154;-1.79625;-29.5005;0.879489;2.68628;
-12.3337;-1.79625;-29.4126;0.879489;2.68628;
-12.5133;-1.79625;-29.3246;0.879489;2.68628;
-12.6929;-1.79625;-29.2367;0.879489;2.68628;
-12.8725;-1.79625;-29.1487;0.879489;2.68628;
-13.0521;-1.79625;-29.0608;0.879489;2.68628;
-13.2318;-1.79625;-28.9728;0.879489;2.68628;
-13.4114;-1.79625;-28.8849;0.879489;2.68628;
-13.591;-1.79625;-28.7969;0.879489;2.68628;
-13.7706;-1.79625;-28.709;0.879489;2.68628;
-13.9503;-1.79625;-28.621;0.879489;2.68628;
-14.1299;-1.79625;-28.5331;0.879489;2.68628;
-14.3095;-1.79625;-28.4451;0.879489;2.68628;
-14.4891;-1.79625;-28.3572;0.879489;2.68628;
-14.6688;-1.79625;-28.2692;0.879489;2.68628;
-14.8484;-1.79625;-28.1813;0.879489;2.68628;
-15.028;-1.79625;-28.0933;0.879489;2.68628;
-15.2076;-1.79625;-28.0054;0.879489;2.68628;
-15.3873;-1.79625;-27.9174;0.879489;2.68628;
-15.5669;-1.79625;-27.8295;0.879489;2.68628;
-15.7465;-1.79625;-27.7415;0.879489;2.68628;
-15.9261;-1.79625;-27.6536;0.879489;2.68628;
-16.1058;-1.79625;-27.5656;0.879489;2.68628;
-16.2854;-1.79625;-27.4777;0.879489;2.68628;
-16.465;-1.79625;-27.3898;0.879489;2.68628;
-16.6446;-1.79625;-27.3018;0.879489;2.68628;
-16.8243;-1.79625;-27.2139;0.879489;2.68628;
-17.0039;-1.79625;-27.1259;0.879489;2.68628;
-17.1835;-1.79625;-27.038;0.879489;2.68628;
-17.3631;-1.79625;-26.95;0.879489;2.68628;
-17.5428;-1.79625;-26.8621;0.879489;2.68628;
-17.7224;-1.79625;-26.7741;0.879489;2.68628;
-17.902;-1.79625;-26.6862;0.879489;2.68628;
-18.0816;-1.79625;-26.5982;0.879489;2.68628;
-18.2613;-1.79625;-26.5103;0.879489;2.68628;
-18.4409;-1.79625;-26.4223;0.879489;2.68628;
-18.6205;-1.79625;-26.3344;0.879489;2.68628;
-18.8001;-1.79625;-26.2464;0.879489;2.68628;
-18.9798;-1.79625;-26.1585;0.879489;2.68628;
-19.1594;-1.79625;-26.0705;0.879489;2.68628;
-19.339;-1.79625;-25.9826;0.879489;2.68628;
-19.5186;-1.79625;-25.8946;0.879489;2.68628;
-19.6983;-1.79625;-25.8067;0.879489;2.68628;
-19.8779;-1.79625;-25.7187;0.879489;2.68628;
-20.0575;-1.79625;-25.6308;0.879489;2.68628;
-20.2371;-1.79625;-25.5428;0.879489;2.68628;
-20.4168;-1.79625;-25.4549;0.879489;2.68628;
-20.5964;-1.79625;-25.3669;0.879489;2.68628;
-20.776;-1.79625;-25.279;0.879489;2.68628;
-20.9556;-1.79625;-25.191;0.879489;2.68628;
-21.1353;-1.79625;-25.1031;0.879489;2.68628;
-21.3149;-1.79625;-25.0151;0.879489;2.68628;
-21.4945;-1.79625;-24.9272;0.879489;2.68628;
-21.6741;-1.79625;-24.8392;0.879489;2.68628;
-21.8538;-1.79625;-24.7513;0.879489;2.68628;
-22.0334;-1.79625;-24.6633;0.879489;2.68628;
-22.213;-1.79625;-24.5754;0.879489;2.68628;
-22.3926;-1.79625;-24.4874;0.879489;2.68628;
-22.5723;-1.79625;-24.3995;0.879489;2.68628;
-22.7519;-1.79625;-24.3115;0.879489;2.68628;
-22.9315;-1.79625;-24.2236;0.879489;2.68628;
-23.1111;-1.79625;-24.1356;0.879489;2.68628;
-23.2907;-1.79625;-24.0477;0.879489;2.68628;
-23.4704;-1.79625;-23.9597;0.879489;2.68628;
-23.65;-1.79625;-23.8718;0.879489;2.68628;
-23.8296;-1.79625;-23.7838;0.879489;2.68628;
-24.0092;-1.79625;-23.6959;0.879489;2.68628;
-24.1889;-1.79625;-23.6079;0.879489;2.68628;
-24.3685;-1.79625;-23.52;0.879489;2.68628;
-24.5481;-1.79625;-23.432;0.879489;2.68628;
-24.7277;-1.79625;-23.3441;0.879489;2.68628;
-24.9074;-1.79625;-23.2562;0.879489;2.68628;
-25.087;-1.79625;-23.1682;0.879489;2.68628;
-25.2666;-1.79625;-23.0803;0.879489;2.68628;
-25.4462;-1.79625;-22.9923;0.879489;2.68628;
-25.6259;-1.79625;-22.9044;0.879489;2.68628;
-25.8055;-1.79625;-22.8164;0.879489;2.68628;
-25.9851;-1.79625;-22.7285;0.879489;2.68628;
-26.1647;-1.79625;-22.6405;0.879489;2.68628;
-26.3444;-1.79625;-22.5526;0.879489;2.68628;
-26.524;-1.79625;-22.4646;0.879489;2.68628;
-26.7036;-1.79625;-22.3767;0.879489;2.68628;
-26.8832;-1.79625;-22.2887;0.879489;2.68628;
-27.0629;-1.79625;-22.2008;0.879489;2.68628;
-27.2425;-1.79625;-22.1128;0.879489;2.68628;
-27.4221;-1.79625;-22.0249;0.879489;2.68628;
-27.6017;-1.79625;-21.9369;0.879489;2.68628;
-27.7814;-1.79625;-21.849;0.879489;2.68628;
-27.961;-1.79625;-21.761;0.879489;2.68628;
-28.1406;-1.79625;-21.6731;0.879489;2.68628;
-28.3202;-1.79625;-21.5851;0.879489;2.68628;
-28.4999;-1.79625;-21.4972;0.879489;2.68628;
-28.6795;-1.79625;-21.4092;0.879489;2.68628;
-28.8591;-1.79625;-21.3213;0.879489;2.68628;
-29.0387;-1.79625;-21.2333;0.879489;2.68628;
-29.2184;-1.79625;-21.1454;0.879489;2.68628;
-29.398;-1.79625;-21.0574;0.879489;2.68628;
-29.5776;-1.79625;-20.9695;0.879489;2.68628;
-29.7572;-1.79625;-20.8815;0.879489;2.68628;
-29.9369;-1.79625;-20.7936;0.879489;2.68628;

29.8835;-1.79625;-20.7056;0.879489;2.68628;
29.7039;-1.79625;-20.6177;0.879489;2.68628;
29.5243;-1.79625;-20.5297;0.879489;2.68628;
29.3446;-1.79625;-20.4418;0.879489;2.68628;
29.165;-1.79625;-20.3538;0.879489;2.68628;
28.9854;-1.79625;-20.2659;0.879489;2.68628;
28.8058;-1.79625;-20.1779;0.879489;2.68628;
28.6261;-1.79625;-20.09;0.879489;2.68628;
28.4465;-1.79625;-20.002;0.879489;2.68628;
28.2669;-1.79625;-19.9141;0.879489;2.68628;
28.0873;-1.79625;-19.8261;0.879489;2.68628;
27.9076;-1.79625;-19.7382;0.879489;2.68628;
27.728;-1.79625;-19.6502;0.879489;2.68628;
27.5484;-1.79625;-19.5623;0.879489;2.68628;
27.3688;-1.79625;-19.4743;0.879489;2.68628;
27.1891;-1.79625;-19.3864;0.879489;2.68628;
27.0095;-1.79625;-19.2984;0.879489;2.68628;
26.8299;-1.79625;-19.2105;0.879489;2.68628;
26.6503;-1.79625;-19.1226;0.879489;2.68628;
26.4707;-1.79625;-19.0346;0.879489;2.68628;
26.291;-1.79625;-18.9467;0.879489;2.68628;
26.1114;-1.79625;-18.8587;0.879489;2.68628;
25.9318;-1.79625;-18.7708;0.879489;2.68628;
25.7522;-1.79625;-18.6828;0.879489;2.68628;
25.5725;-1.79625;-18.5949;0.879489;2.68628;
25.3929;-1.79625;-18.5069;0.879489;2.68628;
25.2133;-1.79625;-18.419;0.879489;2.68628;
25.0337;-1.79625;-18.331;0.879489;2.68628;
24.854;-1.79625;-18.2431;0.879489;2.68628;
24.6744;-1.79625;-18.1551;0.879489;2.68628;
24.4948;-1.79625;-18.0672;0.879489;2.68628;
24.3152;-1.79625;-17.9792;0.879489;2.68628;
24.1355;-1.79625;-17.8913;0.879489;2.68628;
23.9559;-1.79625;-17.8033;0.879489;2.68628;
23.7763;-1.79625;-17.7154;0.879489;2.68628;
23.5967;-1.79625;-17.6274;0.879489;2.68628;
23.417;-1.79625;-17.5395;0.879489;2.68628;
23.2374;-1.79625;-17.4515;0.879489;2.68628;
23.0578;-1.79625;-17.3636;0.879489;2.68628;
22.8782;-1.79625;-17.2756;0.879489;2.68628;
22.6985;-1.79625;-17.1877;0.879489;2.68628;
22.5189;-1.79625;-17.0997;0.879489;2.68628;
22.3393;-1.79625;-17.0118;0.879489;2.68628;
22.1597;-1.79625;-16.9238;0.879489;2.68628;
21.98;-1.79625;-16.8359;0.879489;2.68628;
21.8004;-1.79625;-16.7479;0.879489;2.68628;
21.6208;-1.79625;-16.66;0.879489;2.68628;
21.4412;-1.79625;-16.572;0.879489;2.68628;
21.2615;-1.79625;-16.4841;0.879489;2.68628;
21.0819;-1.79625;-16.3961;0.879489;2.68628;
20.9023;-1.79625;-16.3082;0.879489;2.68628;
20.7227;-1.79625;-16.2202;0.879489;2.68628;
20.543;-1.79625;-16.1323;0.879489;2.68628;
20.3634;-1.79625;-16.0443;0.879489;2.68628;
20.1838;-1.79625;-15.9564;0.879489;2.68628;
20.0042;-1.79625;-15.8684;0.879489;2.68628;
19.8245;-1.79625;-15.7805;0.879489;2.68628;
19.6449;-1.79625;-15.6925;0.879489;2.68628;
19.4653;-1.79625;-15.6046;0.879489;2.68628;
19.2857;-1.79625;-15.5166;0.879489;2.68628;
19.106;-1.79625;-15.4287;0.879489;2.68628;
18.9264;-1.79625;-15.3407;0.879489;2.68628;
18.7468;-1.79625;-15.2528;0.879489;2.68628;
18.5672;-1.79625;-15.1648;0.879489;2.68628;
18.3875;-1.79625;-15.0769;0.879489;2.68628;
18.2079;-1.79625;-14.989;0.879489;2.68628;
18.0283;-1.79625;-14.901;0.879489;2.68628;
17.8487;-1.79625;-14.8131;0.879489;2.68628;
17.669;-1.79625;-14.7251;0.879489;2.68628;
17.4894;-1.79625;-14.6372;0.879489;2.68628;
17.3098;-1.79625;-14.5492;0.879489;2.68628;
17.1302;-1.79625;-14.4613;0.879489;2.68628;
16.9505;-1.79625;-14.3733;0.879489;2.68628;
16.7709;-1.79625;-14.2854;0.879489;2.68628;
16.5913;-1.79625;-14.1974;0.879489;2.68628;
16.4117;-1.79625;-14.1095;0.879489;2.68628;
16.2321;-1.79625;-14.0215;0.879489;2.68628;
16.0524;-1.79625;-13.9336;0.879489;2.68628;
15.8728;-1.79625;-13.8456;0.879489;2.68628;
15.6932;-1.79625;-13.7577;0.879489;2.68628;
15.5136;-1.79625;-13.6697;0.879489;2.68628;
15.3339;-1.79625;-13.5818;0.879489;2.68628;
15.1543;-1.79625;-13.4938;0.879489;2.68628;
14.9747;-1.79625;-13.4059;0.879489;2.68628;
14.7951;-1.79625;-13.3179;0.879489;2.68628;
14.6154;-1.79625;-13.23;0.879489;2.68628;
14.4358;-1.79625;-13.142;0.879489;2.68628;
14.2562;-1.79625;-13.0541;0.879489;2.68628;
14.0766;-1.79625;-12.9661;0.879489;2.68628;
13.8969;-1.79625;-12.8782;0.879489;2.68628;
13.7173;-1.79625;-12.7902;0.879489;2.68628;
13.5377;-1.79625;-12.7023;0.879489;2.68628;
13.3581;-1.79625;-12.6143;0.879489;2.68628;
13.1784;-1.79625;-12.5264;0.879489;2.68628;
12.9988;-1.79625;-12.4384;0.879489;2.68628;
12.8192;-1.79625;-12.3505;0.879489;2.68628;
12.6396;-1.79625;-12.2625;0.879489;2.68628;
12.4599;-1.79625;-12.1746;0.879489;2.68628;
12.2803;-1.79625;-12.0866;0.879489;2.68628;
12.1007;-1.79625;-11.9987;0.879489;2.68628;
11.9211;-1.79625;-11.9107;0.879489;2.68628;
11.7414;-1.79625;-11.8228;0.879489;2.68628;
11.5618;-1.79625;-11.7348;0.879489;2.68628;
11.3822;-1.79625;-11.6469;0.879489;2.68628;
11.2026;-1.79625;-11.5589;0.879489;2.68628;
11.0229;-1.79625;-11.471;0.879489;2.68628;
10.8433;-1.79625;-11.383;0.879489;2.68628;
10.6637;-1.79625;-11.2951;0.879489;2.68628;
10.4841;-1.79625;-11.2071;0.879489;2.68628;
10.3044;-1.79625;-11.1192;0.879489;2.68628;
10.1248;-1.79625;-11.0312;0.879489;2.68628;
9.94519;-1.79625;-10.9433;0.879489;2.68628;
9.76557;-1.79625;-10.8553;0.879489;2.68628;
9.58594;-1.79625;-10.7674;0.879489;2.68628;
9.40632;-1.79625;-10.6795;0.879489;2.68628;
9.22669;-1.79625;-10.5915;0.879489;2.68628;
9.04707;-1.79625;-10.5036;0.879489;2.68628;
8.86744;-1.79625;-10.4156;0.879489;2.68628;
8.68782;-1.79625;-10.3277;0.879489;2.68628;
8.50819;-1.79625;-10.2397;0.879489;2.68628;
8.32857;-1.79625;-10.1518;0.879489;2.68628;
8.14895;-1.79625;-10.0638;0.879489;2.68628;
7.96932;-1.79625;-9.97586;0.879489;2.68628;
7.7897;-1.79625;-9.88791;0.879489;2.68628;
7.61007;-1.79625;-9.79996;0.879489;2.68628;
7.43045;-1.79625;-9.71201;0.879489;2.68628;
7.25082;-1.79625;-9.62406;0.879489;2.68628;
7.0712;-1.79625;-9.53612;0.879489;2.68628;
6.89157;-1.79625;-9.44817;0.879489;2.68628;
6.71195;-1.79625;-9.36022;0.879489;2.68628;
6.53232;-1.79625;-9.27227;0.879489;2.68628;
6.3527;-1.79625;-9.18432;0.879489;2.68628;
6.17308;-1.79625;-9.09637;0.879489;2.68628;
5.99345;-1.79625;-9.00842;0.879489;2.68628;
5.81383;-1.79625;-8.92047;0.879489;2.68628;
5.6342;-1.79625;-8.83252;0.879489;2.68628;
5.45458;-1.79625;-8.74458;0.879489;2.68628;
5.27495;-1.79625;-8.65663;0.879489;2.68628;
5.09533;-1.79625;-8.56868;0.879489;2.68628;
4.9157;-1.79625;-8.48073;0.879489;2.68628;
4.73608;-1.79625;-8.39278;0.879489;2.68628;
4.55645;-1.79625;-8.30483;0.879489;2.68628;
4.37683;-1.79625;-8.21688;0.879489;2.68628;
4.19721;-1.79625;-8.12893;0.879489;2.68628;
4.01758;-1.79625;-8.04098;0.879489;2.68628;
3.83796;-1.79625;-7.95303;0.879489;2.68628;
3.65833;-1.79625;-7.86509;0.879489;2.68628;
3.47871;-1.79625;-7.77714;0.879489;2.68628;
3.29908;-1.79625;-7.68919;0.879489;2.68628;
3.11946;-1.79625;-7.60124;0.879489;2.68628;
2.93983;-1.79625;-7.51329;0.879489;2.68628;
2.76021;-1.79625;-7.42534;0.879489;2.68628;
2.58058;-1.79625;-7.33739;0.879489;2.68628;
2.40096;-1.79625;-7.24944;0.879489;2.68628;
2.22134;-1.79625;-7.16149;0.879489;2.68628;
2.04171;-1.79625;-7.07355;0.879489;2.68628;
1.86209;-1.79625;-6.9856;0.879489;2.68628;
1.68246;-1.79625;-6.89765;0.879489;2.68628;
1.50284;-1.79625;-6.8097;0.879489;2.68628;
1.32321;-1.79625;-6.72175;0.879489;2.68628;
1.14359;-1.79625;-6.6338;0.879489;2.68628;
0.963963;-1.79625;-6.54585;0.879489;2.68628;
0.784339;-1.79625;-6.4579;0.879489;2.68628;
0.604714;-1.79625;-6.36995;0.879489;2.68628;
0.42509;-1.79625;-6.282;0.879489;2.68628;
0.245465;-1.79625;-6.19406;0.879489;2.68628;
0.0658405;-1.79625;-6.10611;0.879489;2.68628;
-0.113784;-1.79625;-6.01816;0.879489;2.68628;
-0.293409;-1.79625;-5.93021;0.879489;2.68628;
-0.473033;-1.79625;-5.84226;0.879489;2.68628;
-0.652658;-1.79625;-5.75431;0.879489;2.68628;
-0.832282;-1.79625;-5.66636;0.879489;2.68628;
-1.01191;-1.79625;-5.57841;0.879489;2.68628;
-1.19153;-1.79625;-5.49046;0.879489;2.68628;
-1.37116;-1.79625;-5.40252;0.879489;2.68628;
-1.55078;-1.79625;-5.31457;0.879489;2.68628;
-1.73041;-1.79625;-5.22662;0.879489;2.68628;
-1.91003;-1.79625;-5.13867;0.879489;2.68628;
-2.08965;-1.79625;-5.05072;0.879489;2.68628;
-2.26928;-1.79625;-4.96277;0.879489;2.68628;
-2.4489;-1.79625;-4.87482;0.879489;2.68628;
-2.62853;-1.79625;-4.78687;0.879489;2.68628;
-2.80815;-1.79625;-4.69892;0.879489;2.68628;
-2.98778;-1.79625;-4.61097;0.879489;2.68628;
-3.1674;-1.79625;-4.52303;0.879489;2.68628;
-3.34703;-1.79625;-4.43508;0.879489;2.68628;
-3.52665;-1.79625;-4.34713;0.879489;2.68628;
-3.70628;-1.79625;-4.25918;0.879489;2.68628;
-3.8859;-1.79625;-4.17123;0.879489;2.68628;
-4.06552;-1.79625;-4.08328;0.879489;2.68628;
-4.24515;-1.79625;-3.99533;0.879489;2.68628;
-4.42477;-1.79625;-3.90738;0.879489;2.68628;
-4.6044;-1.79625;-3.81943;0.879489;2.68628;
-4.78402;-1.79625;-3.73149;0.879489;2.68628;
-4.96365;-1.79625;-3.64354;0.879489;2.68628;
-5.14327;-1.79625;-3.55559;0.879489;2.68628;
-5.3229;-1.79625;-3.46764;0.879489;2.68628;
-5.50252;-1.79625;-3.37969;0.879489;2.68628;
-5.68215;-1.79625;-3.29174;0.879489;2.68628;
-5.86177;-1.79625;-3.20379;0.879489;2.68628;
-6.04139;-1.79625;-3.11584;0.879489;2.68628;
-6.22102;-1.79625;-3.02789;0.879489;2.68628;
-6.40064;-1.79625;-2.93994;0.879489;2.68628;
-6.58027;-1.79625;-2.852;0.879489;2.68628;
-6.75989;-1.79625;-2.76405;0.879489;2.68628;
-6.93952;-1.79625;-2.6761;0.879489;2.68628;
-7.11914;-1.79625;-2.58815;0.879489;2.68628;
-7.29877;-1.79625;-2.5002;0.879489;2.68628;
-7.47839;-1.79625;-2.41225;0.879489;2.68628;
-7.65802;-1.79625;-2.3243;0.879489;2.68628;
-7.83764;-1.79625;-2.23635;0.879489;2.68628;
-8.01726;-1.79625;-2.1484;0.879489;2.68628;
-8.19689;-1.79625;-2.06046;0.879489;2.68628;
-8.37651;-1.79625;-1.97251;0.879489;2.68628;
-8.55614;-1.79625;-1.88456;0.879489;2.68628;
-8.73576;-1.79625;-1.79661;0.879489;2.68628;
-8.91539;-1.79625;-1.70866;0.879489;2.68628;
-9.09501;-1.79625;-1.62071;0.879489;2.68628;
-9.27464;-1.79625;-1.53276;0.879489;2.68628;
-9.45426;-1.79625;-1.44481;0.879489;2.68628;
-9.63389;-1.79625;-1.35686;0.879489;2.68628;
-9.81351;-1.79625;-1.26891;0.879489;2.68628;
-9.99313;-1.79625;-1.18097;0.879489;2.68628;
-10.1728;-1.79625;-1.09302;0.879489;2.68628;
-10.3524;-1.79625;-1.00507;0.879489;2.68628;
-10.532;-1.79625;-0.917119;0.879489;2.68628;
-10.7116;-1.79625;-0.82917;0.879489;2.68628;
-10.8913;-1.79625;-0.741221;0.879489;2.68628;
-11.0709;-1.79625;-0.653272;0.879489;2.68628;
-11.2505;-1.79625;-0.565323;0.879489;2.68628;
-11.4301;-1.79625;-0.477374;0.879489;2.68628;
-11.6098;-1.79625;-0.389425;0.879489;2.68628;
-11.7894;-1.79625;-0.301476;0.879489;2.68628;
-11.969;-1.79625;-0.213527;0.879489;2.68628;
-12.1486;-1.79625;-0.125578;0.879489;2.68628;
-12.3283;-1.79625;-0.0376295;0.879489;2.68628;
-12.5079;-1.79625;0.0503194;0.879489;2.68628;
-12.6875;-1.79625;0.138268;0.879489;2.68628;
-12.8671;-1.79625;0.226217;0.879489;2.68628;
-13.0468;-1.79625;0.314166;0.879489;2.68628;
-13.2264;-1.79625;0.402115;0.879489;2.68628;
-13.406;-1.79625;0.490064;0.879489;2.68628;
-13.5856;-1.79625;0.578013;0.879489;2.68628;
-13.7653;-1.79625;0.665962;0.879489;2.68628;
-13.9449;-1.79625;0.753911;0.879489;2.68628;
-14.1245;-1.79625;0.84186;0.879489;2.68628;
-14.3041;-1.79625;0.929809;0.879489;2.68628;
-14.4837;-1.79625;1.01776;0.879489;2.68628;
-14.6634;-1.79625;1.10571;0.879489;2.68628;
-14.843;-1.79625;1.19366;0.879489;2.68628;
-15.0226;-1.79625;1.2816;0.879489;2.68628;
-15.2022;-1.79625;1.36955;0.879489;2.68628;
-15.3819;-1.79625;1.4575;0.879489;2.68628;
-15.5615;-1.79625;1.54545;0.879489;2.68628;
-15.7411;-1.79625;1.6334;0.879489;2.68628;
-15.9207;-1.79625;1.72135;0.879489;2.68628;
-16.1004;-1.79625;1.8093;0.879489;2.68628;
-16.28;-1.79625;1.89725;0.879489;2.68628;
-16.4596;-1.79625;1.9852;0.879489;2.68628;
-16.6392;-1.79625;2.07315;0.879489;2.68628;
-16.8189;-1.79625;2.16109;0.879489;2.68628;
-16.9985;-1.79625;2.24904;0.879489;2.68628;
-17.1781;-1.79625;2.33699;0.879489;2.68628;
-17.3577;-1.79625;2.42494;0.879489;2.68628;
-17.5374;-1.79625;2.51289;0.879489;2.68628;
-17.717;-1.79625;2.60084;0.879489;2.68628;
-17.8966;-1.79625;2.68879;0.879489;2.68628;
-18.0762;-1.79625;2.77674;0.879489;2.68628;
-18.2559;-1.79625;2.86469;0.879489;2.68628;
-18.4355;-1.79625;2.95263;0.879489;2.68628;
-18.6151;-1.79625;3.04058;0.879489;2.68628;
-18.7947;-1.79625;3.12853;0.879489;2.68628;
-18.9744;-1.79625;3.21648;0.879489;2.68628;
-19.154;-1.79625;3.30443;0.879489;2.68628;
-19.3336;-1.79625;3.39238;0.879489;2.68628;
-19.5132;-1.79625;3.48033;0.879489;2.68628;
-19.6929;-1.79625;3.56828;0.879489;2.68628;
-19.8725;-1.79625;3.65623;0.879489;2.68628;
-20.0521;-1.79625;3.74418;0.879489;2.68628;
-20.2317;-1.79625;3.83212;0.879489;2.68628;
-20.4114;-1.79625;3.92007;0.879489;2.68628;
-20.591;-1.79625;4.00802;0.879489;2.68628;
-20.7706;-1.79625;4.09597;0.879489;2.68628;
-20.9502;-1.79625;4.18392;0.879489;2.68628;
-21.1299;-1.79625;4.27187;0.879489;2.68628;
-21.3095;-1.79625;4.35982;0.879489;2.68628;
-21.4891;-1.79625;4.44777;0.879489;2.68628;
-21.6687;-1.79625;4.53572;0.879489;2.68628;
-21.8484;-1.79625;4.62366;0.879489;2.68628;
-22.028;-1.79625;4.71161;0.879489;2.68628;
-22.2076;-1.79625;4.79956;0.879489;2.68628;
-22.3872;-1.79625;4.88751;0.879489;2.68628;
-22.5669;-1.79625;4.97546;0.879489;2.68628;
-22.7465;-1.79625;5.06341;0.879489;2.68628;
-22.9261;-1.79625;5.15136;0.879489;2.68628;
-23.1057;-1.79625;5.23931;0.879489;2.68628;
-23.2854;-1.79625;5.32726;0.879489;2.68628;
-23.465;-1.79625;5.41521;0.879489;2.68628;
-23.6446;-1.79625;5.50315;0.879489;2.68628;
-23.8242;-1.79625;5.5911;0.879489;2.68628;
-24.0039;-1.79625;5.67905;0.879489;2.68628;
-24.1835;-1.79625;5.767;0.879489;2.68628;
-24.3631;-1.79625;5.85495;0.879489;2.68628;
-24.5427;-1.79625;5.9429;0.879489;2.68628;
-24.7223;-1.79625;6.03085;0.879489;2.68628;
-24.902;-1.79625;6.1188;0.879489;2.68628;
-25.0816;-1.79625;6.20675;0.879489;2.68628;
-25.2612;-1.79625;6.29469;0.879489;2.68628;
-25.4408;-1.79625;6.38264;0.879489;2.68628;
-25.6205;-1.79625;6.47059;0.879489;2.68628;
-25.8001;-1.79625;6.55854;0.879489;2.68628;
-25.9797;-1.79625;6.64649;0.879489;2.68628;
-26.1593;-1.79625;6.73444;0.879489;2.68628;
-26.339;-1.79625;6.82239;0.879489;2.68628;
-26.5186;-1.79625;6.91034;0.879489;2.68628;
-26.6982;-1.79625;6.99829;0.879489;2.68628;
-26.8778;-1.79625;7.08624;0.879489;2.68628;
-27.0575;-1.79625;7.17418;0.879489;2.68628;
-27.2371;-1.79625;7.26213;0.879489;2.68628;
-27.4167;-1.79625;7.35008;0.879489;2.68628;
-27.5963;-1.79625;7.43803;0.879489;2.68628;
-27.776;-1.79625;7.52598;0.879489;2.68628;
-27.9556;-1.79625;7.61393;0.879489;2.68628;
-28.1352;-1.79625;7.70188;0.879489;2.68628;
-28.3148;-1.79625;7.78983;0.879489;2.68628;
-28.4945;-1.79625;7.87778;0.879489;2.68628;
-28.6741;-1.79625;7.96572;0.879489;2.68628;
-28.8537;-1.79625;8.05367;0.879489;2.68628;
-29.0333;-1.79625;8.14162;0.879489;2.68628;
-29.213;-1.79625;8.22957;0.879489;2.68628;
-29.3926;-1.79625;8.31752;0.879489;2.68628;
-29.5722;-1.79625;8.40547;0.879489;2.68628;
-29.7518;-1.79625;8.49342;0.879489;2.68628;
-29.9315;-1.79625;8.58137;0.879489;2.68628;

29.8889;-1.79625;8.66932;0.879489;2.68628;
29.7093;-1.79625;8.75726;0.879489;2.68628;
29.5297;-1.79625;8.84521;0.879489;2.68628;
29.35;-1.79625;8.93316;0.879489;2.68628;
29.1704;-1.79625;9.02111;0.879489;2.68628;
28.9908;-1.79625;9.10906;0.879489;2.68628;
28.8112;-1.79625;9.19701;0.879489;2.68628;
28.6315;-1.79625;9.28496;0.879489;2.68628;
28.4519;-1.79625;9.37291;0.879489;2.68628;
28.2723;-1.79625;9.46086;0.879489;2.68628;
28.0927;-1.79625;9.54881;0.879489;2.68628;
27.913;-1.79625;9.63675;0.879489;2.68628;
27.7334;-1.79625;9.7247;0.879489;2.68628;
27.5538;-1.79625;9.81265;0.879489;2.68628;
27.3742;-1.79625;9.9006;0.879489;2.68628;
27.1945;-1.79625;9.98855;0.879489;2.68628;
27.0149;-1.79625;10.0765;0.879489;2.68628;
26.8353;-1.79625;10.1644;0.879489;2.68628;
26.6557;-1.79625;10.2524;0.879489;2.68628;
26.476;-1.79625;10.3403;0.879489;2.68628;
26.2964;-1.79625;10.4283;0.879489;2.68628;
26.1168;-1.79625;10.5162;0.879489;2.68628;
25.9372;-1.79625;10.6042;0.879489;2.68628;
25.7575;-1.79625;10.6921;0.879489;2.68628;
25.5779;-1.79625;10.7801;0.879489;2.68628;
25.3983;-1.79625;10.868;0.879489;2.68628;
25.2187;-1.79625;10.956;0.879489;2.68628;
25.0391;-1.79625;11.0439;0.879489;2.68628;
24.8594;-1.79625;11.1319;0.879489;2.68628;
24.6798;-1.79625;11.2198;0.879489;2.68628;
24.5002;-1.79625;11.3078;0.879489;2.68628;
24.3206;-1.79625;11.3957;0.879489;2.68628;
24.1409;-1.79625;11.4837;0.879489;2.68628;
23.9613;-1.79625;11.5716;0.879489;2.68628;
23.7817;-1.79625;11.6596;0.879489;2.68628;
23.6021;-1.79625;11.7475;0.879489;2.68628;
23.4224;-1.79625;11.8355;0.879489;2.68628;
23.2428;-1.79625;11.9234;0.879489;2.68628;
23.0632;-1.79625;12.0114;0.879489;2.68628;
22.8836;-1.79625;12.0993;0.879489;2.68628;
22.7039;-1.79625;12.1873;0.879489;2.68628;
22.5243;-1.79625;12.2752;0.879489;2.68628;
22.3447;-1.79625;12.3632;0.879489;2.68628;
22.1651;-1.79625;12.4511;0.879489;2.68628;
21.9854;-1.79625;12.5391;0.879489;2.68628;
21.8058;-1.79625;12.627;0.879489;2.68628;
21.6262;-1.79625;12.715;0.879489;2.68628;
21.4466;-1.79625;12.8029;0.879489;2.68628;
21.2669;-1.79625;12.8909;0.879489;2.68628;
21.0873;-1.79625;12.9788;0.879489;2.68628;
20.9077;-1.79625;13.0668;0.879489;2.68628;
20.7281;-1.79625;13.1547;0.879489;2.68628;
20.5484;-1.79625;13.2427;0.879489;2.68628;
20.3688;-1.79625;13.3306;0.879489;2.68628;
20.1892;-1.79625;13.4186;0.879489;2.68628;
20.0096;-1.79625;13.5065;0.879489;2.68628;
19.8299;-1.79625;13.5945;0.879489;2.68628;
19.6503;-1.79625;13.6824;0.879489;2.68628;
19.4707;-1.79625;13.7704;0.879489;2.68628;
19.2911;-1.79625;13.8583;0.879489;2.68628;
19.1114;-1.79625;13.9463;0.879489;2.68628;
18.9318;-1.79625;14.0342;0.879489;2.68628;
18.7522;-1.79625;14.1222;0.879489;2.68628;
18.5726;-1.79625;14.2101;0.879489;2.68628;
18.3929;-1.79625;14.298;0.879489;2.68628;
18.2133;-1.79625;14.386;0.879489;2.68628;
18.0337;-1.79625;14.4739;0.879489;2.68628;
17.8541;-1.79625;14.5619;0.879489;2.68628;
17.6744;-1.79625;14.6498;0.879489;2.68628;
17.4948;-1.79625;14.7378;0.879489;2.68628;
17.3152;-1.79625;14.8257;0.879489;2.68628;
17.1356;-1.79625;14.9137;0.879489;2.68628;
16.9559;-1.79625;15.0016;0.879489;2.68628;
16.7763;-1.79625;15.0896;0.879489;2.68628;
16.5967;-1.79625;15.1775;0.879489;2.68628;
16.4171;-1.79625;15.2655;0.879489;2.68628;
16.2374;-1.79625;15.3534;0.879489;2.68628;
16.0578;-1.79625;15.4414;0.879489;2.68628;
15.8782;-1.79625;15.5293;0.879489;2.68628;
15.6986;-1.79625;15.6173;0.879489;2.68628;
15.5189;-1.79625;15.7052;0.879489;2.68628;
15.3393;-1.79625;15.7932;0.879489;2.68628;
15.1597;-1.79625;15.8811;0.879489;2.68628;
14.9801;-1.79625;15.9691;0.879489;2.68628;
14.8005;-1.79625;16.057;0.879489;2.68628;
14.6208;-1.79625;16.145;0.879489;2.68628;
14.4412;-1.79625;16.2329;0.879489;2.68628;
14.2616;-1.79625;16.3209;0.879489;2.68628;
14.082;-1.79625;16.4088;0.879489;2.68628;
13.9023;-1.79625;16.4968;0.879489;2.68628;
13.7227;-1.79625;16.5847;0.879489;2.68628;
13.5431;-1.79625;16.6727;0.879489;2.68628;
13.3635;-1.79625;16.7606;0.879489;2.68628;
13.1838;-1.79625;16.8486;0.879489;2.68628;
13.0042;-1.79625;16.9365;0.879489;2.68628;
12.8246;-1.79625;17.0245;0.879489;2.68628;
12.645;-1.79625;17.1124;0.879489;2.68628;
12.4653;-1.79625;17.2004;0.879489;2.68628;
12.2857;-1.79625;17.2883;0.879489;2.68628;
12.1061;-1.79625;17.3763;0.879489;2.68628;
11.9265;-1.79625;17.4642;0.879489;2.68628;
11.7468;-1.79625;17.5522;0.879489;2.68628;
11.5672;-1.79625;17.6401;0.879489;2.68628;
11.3876;-1.79625;17.7281;0.879489;2.68628;
11.208;-1.79625;17.816;0.879489;2.68628;
11.0283;-1.79625;17.904;0.879489;2.68628;
10.8487;-1.79625;17.9919;0.879489;2.68628;
10.6691;-1.79625;18.0799;0.879489;2.68628;
10.4895;-1.79625;18.1678;0.879489;2.68628;
10.3098;-1.79625;18.2558;0.879489;2.68628;
10.1302;-1.79625;18.3437;0.879489;2.68628;
9.95059;-1.79625;18.4316;0.879489;2.68628;
9.77096;-1.79625;18.5196;0.879489;2.68628;
9.59134;-1.79625;18.6075;0.879489;2.68628;
9.41171;-1.79625;18.6955;0.879489;2.68628;
9.23209;-1.79625;18.7834;0.879489;2.68628;
9.05247;-1.79625;18.8714;0.879489;2.68628;
8.87284;-1.79625;18.9593;0.879489;2.68628;
8.69322;-1.79625;19.0473;0.879489;2.68628;
8.51359;-1.79625;19.1352;0.879489;2.68628;
8.33397;-1.79625;19.2232;0.879489;2.68628;
8.15434;-1.79625;19.3111;0.879489;2.68628;
7.97472;-1.79625;19.3991;0.879489;2.68628;
7.79509;-1.79625;19.487;0.879489;2.68628;
7.61547;-1.79625;19.575;0.879489;2.68628;
7.43584;-1.79625;19.6629;0.879489;2.68628;
7.25622;-1.79625;19.7509;0.879489;2.68628;
7.07659;-1.79625;19.8388;0.879489;2.68628;
6.89697;-1.79625;19.9268;0.879489;2.68628;
6.71735;-1.79625;20.0147;0.879489;2.68628;
6.53772;-1.79625;20.1027;0.879489;2.68628;
6.3581;-1.79625;20.1906;0.879489;2.68628;
6.17847;-1.79625;20.2786;0.879489;2.68628;
5.99885;-1.79625;20.3665;0.879489;2.68628;
5.81922;-1.79625;20.4545;0.879489;2.68628;
5.6396;-1.79625;20.5424;0.879489;2.68628;
5.45997;-1.79625;20.6304;0.879489;2.68628;
5.28035;-1.79625;20.7183;0.879489;2.68628;
5.10072;-1.79625;20.8063;0.879489;2.68628;
4.9211;-1.79625;20.8942;0.879489;2.68628;
4.74148;-1.79625;20.9822;0.879489;2.68628;
4.56185;-1.79625;21.0701;0.879489;2.68628;
4.38223;-1.79625;21.1581;0.879489;2.68628;
4.2026;-1.79625;21.246;0.879489;2.68628;
4.02298;-1.79625;21.334;0.879489;2.68628;
3.84335;-1.79625;21.4219;0.879489;2.68628;
3.66373;-1.79625;21.5099;0.879489;2.68628;
3.4841;-1.79625;21.5978;0.879489;2.68628;
3.30448;-1.79625;21.6858;0.879489;2.68628;
3.12485;-1.79625;21.7737;0.879489;2.68628;
2.94523;-1.79625;21.8617;0.879489;2.68628;
2.76561;-1.79625;21.9496;0.879489;2.68628;
2.58598;-1.79625;22.0376;0.879489;2.68628;
2.40636;-1.79625;22.1255;0.879489;2.68628;
2.22673;-1.79625;22.2135;0.879489;2.68628;
2.04711;-1.79625;22.3014;0.879489;2.68628;
1.86748;-1.79625;22.3894;0.879489;2.68628;
1.68786;-1.79625;22.4773;0.879489;2.68628;
1.50823;-1.79625;22.5652;0.879489;2.68628;
1.32861;-1.79625;22.6532;0.879489;2.68628;
1.14898;-1.79625;22.7411;0.879489;2.68628;
0.96936;-1.79625;22.8291;0.879489;2.68628;
0.789735;-1.79625;22.917;0.879489;2.68628;
0.610111;-1.79625;23.005;0.879489;2.68628;
0.430486;-1.79625;23.0929;0.879489;2.68628;
0.250862;-1.79625;23.1809;0.879489;2.68628;
0.071237;-1.79625;23.2688;0.879489;2.68628;
-0.108388;-1.79625;23.3568;0.879489;2.68628;
-0.288012;-1.79625;23.4447;0.879489;2.68628;
-0.467637;-1.79625;23.5327;0.879489;2.68628;
-0.647261;-1.79625;23.6206;0.879489;2.68628;
-0.826886;-1.79625;23.7086;0.879489;2.68628;
-1.00651;-1.79625;23.7965;0.879489;2.68628;
-1.18613;-1.79625;23.8845;0.879489;2.68628;
-1.36576;-1.79625;23.9724;0.879489;2.68628;
-1.54538;-1.79625;24.0604;0.879489;2.68628;
-1.72501;-1.79625;24.1483;0.879489;2.68628;
-1.90463;-1.79625;24.2363;0.879489;2.68628;
-2.08426;-1.79625;24.3242;0.879489;2.68628;
-2.26388;-1.79625;24.4122;0.879489;2.68628;
-2.44351;-1.79625;24.5001;0.879489;2.68628;
-2.62313;-1.79625;24.5881;0.879489;2.68628;
-2.80276;-1.79625;24.676;0.879489;2.68628;
-2.98238;-1.79625;24.764;0.879489;2.68628;
-3.16201;-1.79625;24.8519;0.879489;2.68628;
-3.34163;-1.79625;24.9399;0.879489;2.68628;
-3.52125;-1.79625;25.0278;0.879489;2.68628;
-3.70088;-1.79625;25.1158;0.879489;2.68628;
-3.8805;-1.79625;25.2037;0.879489;2.68628;
-4.06013;-1.79625;25.2917;0.879489;2.68628;
-4.23975;-1.79625;25.3796;0.879489;2.68628;
-4.41938;-1.79625;25.4676;0.879489;2.68628;
-4.599;-1.79625;25.5555;0.879489;2.68628;
-4.77863;-1.79625;25.6435;0.879489;2.68628;
-4.95825;-1.79625;25.7314;0.879489;2.68628;
-5.13788;-1.79625;25.8194;0.879489;2.68628;
-5.3175;-1.79625;25.9073;0.879489;2.68628;
-5.49712;-1.79625;25.9953;0.879489;2.68628;
-5.67675;-1.79625;26.0832;0.879489;2.68628;
-5.85637;-1.79625;26.1712;0.879489;2.68628;
-6.036;-1.79625;26.2591;0.879489;2.68628;
-6.21562;-1.79625;26.3471;0.879489;2.68628;
-6.39525;-1.79625;26.435;0.879489;2.68628;
-6.57487;-1.79625;26.523;0.879489;2.68628;
-6.7545;-1.79625;26.6109;0.879489;2.68628;
-6.93412;-1.79625;26.6988;0.879489;2.68628;
-7.11375;-1.79625;26.7868;0.879489;2.68628;
-7.29337;-1.79625;26.8747;0.879489;2.68628;
-7.47299;-1.79625;26.9627;0.879489;2.68628;
-7.65262;-1.79625;27.0506;0.879489;2.68628;
-7.83224;-1.79625;27.1386;0.879489;2.68628;
-8.01187;-1.79625;27.2265;0.879489;2.68628;
-8.19149;-1.79625;27.3145;0.879489;2.68628;
-8.37112;-1.79625;27.4024;0.879489;2.68628;
-8.55074;-1.79625;27.4904;0.879489;2.68628;
-8.73037;-1.79625;27.5783;0.879489;2.68628;
-8.90999;-1.79625;27.6663;0.879489;2.68628;
-9.08962;-1.79625;27.7542;0.879489;2.68628;
-9.26924;-1.79625;27.8422;0.879489;2.68628;
-9.44886;-1.79625;27.9301;0.879489;2.68628;
-9.62849;-1.79625;28.0181;0.879489;2.68628;
-9.80811;-1.79625;28.106;0.879489;2.68628;
-9.98774;-1.79625;28.194;0.879489;2.68628;
-10.1674;-1.79625;28.2819;0.879489;2.68628;
-10.347;-1.79625;28.3699;0.879489;2.68628;
-10.5266;-1.79625;28.4578;0.879489;2.68628;
-10.7062;-1.79625;28.5458;0.879489;2.68628;
-10.8859;-1.79625;28.6337;0.879489;2.68628;
-11.0655;-1.79625;28.7217;0.879489;2.68628;
-11.2451;-1.79625;28.8096;0.879489;2.68628;
-11.4247;-1.79625;28.8976;0.879489;2.68628;
-11.6044;-1.79625;28.9855;0.879489;2.68628;
-11.784;-1.79625;29.0735;0.879489;2.68628;
-11.9636;-1.79625;29.1614;0.879489;2.68628;
-12.1432;-1.79625;29.2494;0.879489;2.68628;
-12.3229;-1.79625;29.3373;0.879489;2.68628;
-12.5025;-1.79625;29.4253;0.879489;2.68628;
-12.6821;-1.79625;29.5132;0.879489;2.68628;
-12.8617;-1.79625;29.6012;0.879489;2.68628;
-13.0414;-1.79625;29.6891;0.879489;2.68628;
-13.221;-1.79625;29.7771;0.879489;2.68628;
-13.4006;-1.79625;29.865;0.879489;2.68628;
-13.5802;-1.79625;29.953;0.879489;2.68628;

-13.7599;-1.79625;-29.9591;0.879489;2.68628;
-13.9395;-1.79625;-29.8711;0.879489;2.68628;
-14.1191;-1.79625;-29.7832;0.879489;2.68628;
-14.2987;-1.79625;-29.6952;0.879489;2.68628;
-14.4784;-1.79625;-29.6073;0.879489;2.68628;
-14.658;-1.79625;-29.5193;0.879489;2.68628;
-14.8376;-1.79625;-29.4314;0.879489;2.68628;
-15.0172;-1.79625;-29.3434;0.879489;2.68628;
-15.1969;-1.79625;-29.2555;0.879489;2.68628;
-15.3765;-1.79625;-29.1675;0.879489;2.68628;
-15.5561;-1.79625;-29.0796;0.879489;2.68628;
-15.7357;-1.79625;-28.9917;0.879489;2.68628;
-15.9153;-1.79625;-28.9037;0.879489;2.68628;
-16.095;-1.79625;-28.8158;0.879489;2.68628;
-16.2746;-1.79625;-28.7278;0.879489;2.68628;
-16.4542;-1.79625;-28.6399;0.879489;2.68628;
-16.6338;-1.79625;-28.5519;0.879489;2.68628;
-16.8135;-1.79625;-28.464;0.879489;2.68628;
-16.9931;-1.79625;-28.376;0.879489;2.68628;
-17.1727;-1.79625;-28.2881;0.879489;2.68628;
-17.3523;-1.79625;-28.2001;0.879489;2.68628;
-17.532;-1.79625;-28.1122;0.879489;2.68628;
-17.7116;-1.79625;-28.0242;0.879489;2.68628;
-17.8912;-1.79625;-27.9363;0.879489;2.68628;
-18.0708;-1.79625;-27.8483;0.879489;2.68628;
-18.2505;-1.79625;-27.7604;0.879489;2.68628;
-18.4301;-1.79625;-27.6724;0.879489;2.68628;
-18.6097;-1.79625;-27.5845;0.879489;2.68628;
-18.7893;-1.79625;-27.4965;0.879489;2.68628;
-18.969;-1.79625;-27.4086;0.879489;2.68628;
-19.1486;-1.79625;-27.3206;0.879489;2.68628;
-19.3282;-1.79625;-27.2327;0.879489;2.68628;
-19.5078;-1.79625;-27.1447;0.879489;2.68628;
-19.6875;-1.79625;-27.0568;0.879489;2.68628;
-19.8671;-1.79625;-26.9688;0.879489;2.68628;
-20.0467;-1.79625;-26.8809;0.879489;2.68628;
-20.2263;-1.79625;-26.7929;0.879489;2.68628;
-20.406;-1.79625;-26.705;0.879489;2.68628;
-20.5856;-1.79625;-26.617;0.879489;2.68628;
-20.7652;-1.79625;-26.5291;0.879489;2.68628;
-20.9448;-1.79625;-26.4411;0.879489;2.68628;
-21.1245;-1.79625;-26.3532;0.879489;2.68628;
-21.3041;-1.79625;-26.2652;0.879489;2.68628;
-21.4837;-1.79625;-26.1773;0.879489;2.68628;
-21.6633;-1.79625;-26.0893;0.879489;2.68628;
-21.843;-1.79625;-26.0014;0.879489;2.68628;
-22.0226;-1.79625;-25.9134;0.879489;2.68628;
-22.2022;-1.79625;-25.8255;0.879489;2.68628;
-22.3818;-1.79625;-25.7375;0.879489;2.68628;
-22.5615;-1.79625;-25.6496;0.879489;2.68628;
-22.7411;-1.79625;-25.5616;0.879489;2.68628;
-22.9207;-1.79625;-25.4737;0.879489;2.68628;
-23.1003;-1.79625;-25.3857;0.879489;2.68628;
-23.28;-1.79625;-25.2978;0.879489;2.68628;
-23.4596;-1.79625;-25.2098;0.879489;2.68628;
-23.6392;-1.79625;-25.1219;0.879489;2.68628;
-23.8188;-1.79625;-25.0339;0.879489;2.68628;
-23.9985;-1.79625;-24.946;0.879489;2.68628;
-24.1781;-1.79625;-24.8581;0.879489;2.68628;
-24.3577;-1.79625;-24.7701;0.879489;2.68628;
-24.5373;-1.79625;-24.6822;0.879489;2.68628;
-24.717;-1.79625;-24.5942;0.879489;2.68628;
-24.8966;-1.79625;-24.5063;0.879489;2.68628;
-25.0762;-1.79625;-24.4183;0.879489;2.68628;
-25.2558;-1.79625;-24.3304;0.879489;2.68628;
-25.4355;-1.79625;-24.2424;0.879489;2.68628;
-25.6151;-1.79625;-24.1545;0.879489;2.68628;
-25.7947;-1.79625;-24.0665;0.879489;2.68628;
-25.9743;-1.79625;-23.9786;0.879489;2.68628;
-26.1539;-1.79625;-23.8906;0.879489;2.68628;
-26.3336;-1.79625;-23.8027;0.879489;2.68628;
-26.5132;-1.79625;-23.7147;0.879489;2.68628;
-26.6928;-1.79625;-23.6268;0.879489;2.68628;
-26.8724;-1.79625;-23.5388;0.879489;2.68628;
-27.0521;-1.79625;-23.4509;0.879489;2.68628;
-27.2317;-1.79625;-23.3629;0.879489;2.68628;
-27.4113;-1.79625;-23.275;0.879489;2.68628;
-27.5909;-1.79625;-23.187;0.879489;2.68628;
-27.7706;-1.79625;-23.0991;0.879489;2.68628;
-27.9502;-1.79625;-23.0111;0.879489;2.68628;
-28.1298;-1.79625;-22.9232;0.879489;2.68628;
-28.3094;-1.79625;-22.8352;0.879489;2.68628;
-28.4891;-1.79625;-22.7473;0.879489;2.68628;
-28.6687;-1.79625;-22.6593;0.879489;2.68628;
-28.8483;-1.79625;-22.5714;0.879489;2.68628;
-29.0279;-1.79625;-22.4834;0.879489;2.68628;
-29.2076;-1.79625;-22.3955;0.879489;2.68628;
-29.3872;-1.79625;-22.3075;0.879489;2.68628;
-29.5668;-1.79625;-22.2196;0.879489;2.68628;
-29.7464;-1.79625;-22.1316;0.879489;2.68628;
-29.9261;-1.79625;-22.0437;0.879489;2.68628;

29.8943;-1.79625;-21.9557;0.879489;2.68628;
29.7147;-1.79625;-21.8678;0.879489;2.68628;
29.5351;-1.79625;-21.7798;0.879489;2.68628;
29.3554;-1.79625;-21.6919;0.879489;2.68628;
29.1758;-1.79625;-21.6039;0.879489;2.68628;
28.9962;-1.79625;-21.516;0.879489;2.68628;
28.8166;-1.79625;-21.428;0.879489;2.68628;
28.6369;-1.79625;-21.3401;0.879489;2.68628;
28.4573;-1.79625;-21.2521;0.879489;2.68628;
28.2777;-1.79625;-21.1642;0.879489;2.68628;
28.0981;-1.79625;-21.0762;0.879489;2.68628;
27.9184;-1.79625;-20.9883;0.879489;2.68628;
27.7388;-1.79625;-20.9003;0.879489;2.68628;
27.5592;-1.79625;-20.8124;0.879489;2.68628;
27.3796;-1.79625;-20.7245;0.879489;2.68628;
27.1999;-1.79625;-20.6365;0.879489;2.68628;
27.0203;-1.79625;-20.5486;0.879489;2.68628;
26.8407;-1.79625;-20.4606;0.879489;2.68628;
26.6611;-1.79625;-20.3727;0.879489;2.68628;
26.4814;-1.79625;-20.2847;0.879489;2.68628;
26.3018;-1.79625;-20.1968;0.879489;2.68628;
26.1222;-1.79625;-20.1088;0.879489;2.68628;
25.9426;-1.79625;-20.0209;0.879489;2.68628;
25.7629;-1.79625;-19.9329;0.879489;2.68628;
25.5833;-1.79625;-19.845;0.879489;2.68628;
25.4037;-1.79625;-19.757;0.879489;2.68628;
25.2241;-1.79625;-19.6691;0.879489;2.68628;
25.0444;-1.79625;-19.5811;0.879489;2.68628;
24.8648;-1.79625;-19.4932;0.879489;2.68628;
24.6852;-1.79625;-19.4052;0.879489;2.68628;
24.5056;-1.79625;-19.3173;0.879489;2.68628;
24.3259;-1.79625;-19.2293;0.879489;2.68628;
24.1463;-1.79625;-19.1414;0.879489;2.68628;
23.9667;-1.79625;-19.0534;0.879489;2.68628;
23.7871;-1.79625;-18.9655;0.879489;2.68628;
23.6075;-1.79625;-18.8775;0.879489;2.68628;
23.4278;-1.79625;-18.7896;0.879489;2.68628;
23.2482;-1.79625;-18.7016;0.879489;2.68628;
23.0686;-1.79625;-18.6137;0.879489;2.68628;
22.889;-1.79625;-18.5257;0.879489;2.68628;
22.7093;-1.79625;-18.4378;0.879489;2.68628;
22.5297;-1.79625;-18.3498;0.879489;2.68628;
22.3501;-1.79625;-18.2619;0.879489;2.68628;
22.1705;-1.79625;-18.1739;0.879489;2.68628;
21.9908;-1.79625;-18.086;0.879489;2.68628;
21.8112;-1.79625;-17.998;0.879489;2.68628;
21.6316;-1.79625;-17.9101;0.879489;2.68628;
21.452;-1.79625;-17.8221;0.879489;2.68628;
21.2723;-1.79625;-17.7342;0.879489;2.68628;
21.0927;-1.79625;-17.6462;0.879489;2.68628;
20.9131;-1.79625;-17.5583;0.879489;2.68628;
20.7335;-1.79625;-17.4703;0.879489;2.68628;
20.5538;-1.79625;-17.3824;0.879489;2.68628;
20.3742;-1.79625;-17.2944;0.879489;2.68628;
20.1946;-1.79625;-17.2065;0.879489;2.68628;
20.015;-1.79625;-17.1185;0.879489;2.68628;
19.8353;-1.79625;-17.0306;0.879489;2.68628;
19.6557;-1.79625;-16.9426;0.879489;2.68628;
19.4761;-1.79625;-16.8547;0.879489;2.68628;
19.2965;-1.79625;-16.7667;0.879489;2.68628;
19.1168;-1.79625;-16.6788;0.879489;2.68628;
18.9372;-1.79625;-16.5909;0.879489;2.68628;
18.7576;-1.79625;-16.5029;0.879489;2.68628;
18.578;-1.79625;-16.415;0.879489;2.68628;
18.3983;-1.79625;-16.327;0.879489;2.68628;
18.2187;-1.79625;-16.2391;0.879489;2.68628;
18.0391;-1.79625;-16.1511;0.879489;2.68628;
17.8595;-1.79625;-16.0632;0.879489;2.68628;
17.6798;-1.79625;-15.9752;0.879489;2.68628;
17.5002;-1.79625;-15.8873;0.879489;2.68628;
17.3206;-1.79625;-15.7993;0.879489;2.68628;
17.141;-1.79625;-15.7114;0.879489;2.68628;
16.9613;-1.79625;-15.6234;0.879489;2.68628;
16.7817;-1.79625;-15.5355;0.879489;2.68628;
16.6021;-1.79625;-15.4475;0.879489;2.68628;
16.4225;-1.79625;-15.3596;0.879489;2.68628;
16.2428;-1.79625;-15.2716;0.879489;2.68628;
16.0632;-1.79625;-15.1837;0.879489;2.68628;
15.8836;-1.79625;-15.0957;0.879489;2.68628;
15.704;-1.79625;-15.0078;0.879489;2.68628;
15.5243;-1.79625;-14.9198;0.879489;2.68628;
15.3447;-1.79625;-14.8319;0.879489;2.68628;
15.1651;-1.79625;-14.7439;0.879489;2.68628;
14.9855;-1.79625;-14.656;0.879489;2.68628;
14.8058;-1.79625;-14.568;0.879489;2.68628;
14.6262;-1.79625;-14.4801;0.879489;2.68628;
14.4466;-1.79625;-14.3921;0.879489;2.68628;
14.267;-1.79625;-14.3042;0.879489;2.68628;
14.0873;-1.79625;-14.2162;0.879489;2.68628;
13.9077;-1.79625;-14.1283;0.879489;2.68628;
13.7281;-1.79625;-14.0403;0.879489;2.68628;
13.5485;-1.79625;-13.9524;0.879489;2.68628;
13.3689;-1.79625;-13.8644;0.879489;2.68628;
13.1892;-1.79625;-13.7765;0.879489;2.68628;
13.0096;-1.79625;-13.6885;0.879489;2.68628;
12.83;-1.79625;-13.6006;0.879489;2.68628;
12.6504;-1.79625;-13.5126;0.879489;2.68628;
12.4707;-1.79625;-13.4247;0.879489;2.68628;
12.2911;-1.79625;-13.3367;0.879489;2.68628;
12.1115;-1.79625;-13.2488;0.879489;2.68628;
11.9319;-1.79625;-13.1608;0.879489;2.68628;
11.7522;-1.79625;-13.0729;0.879489;2.68628;
11.5726;-1.79625;-12.9849;0.879489;2.68628;
11.393;-1.79625;-12.897;0.879489;2.68628;
11.2134;-1.79625;-12.809;0.879489;2.68628;
11.0337;-1.79625;-12.7211;0.879489;2.68628;
10.8541;-1.79625;-12.6331;0.879489;2.68628;
10.6745;-1.79625;-12.5452;0.879489;2.68628;
10.4949;-1.79625;-12.4573;0.879489;2.68628;
10.3152;-1.79625;-12.3693;0.879489;2.68628;
10.1356;-1.79625;-12.2814;0.879489;2.68628;
9.95598;-1.79625;-12.1934;0.879489;2.68628;
9.77636;-1.79625;-12.1055;0.879489;2.68628;
9.59674;-1.79625;-12.0175;0.879489;2.68628;
9.41711;-1.79625;-11.9296;0.879489;2.68628;
9.23749;-1.79625;-11.8416;0.879489;2.68628;
9.05786;-1.79625;-11.7537;0.879489;2.68628;
8.87824;-1.79625;-11.6657;0.879489;2.68628;
8.69861;-1.79625;-11.5778;0.879489;2.68628;
8.51899;-1.79625;-11.4898;0.879489;2.68628;
8.33936;-1.79625;-11.4019;0.879489;2.68628;
8.15974;-1.79625;-11.3139;0.879489;2.68628;
7.98011;-1.79625;-11.226;0.879489;2.68628;
7.80049;-1.79625;-11.138;0.879489;2.68628;
7.62087;-1.79625;-11.0501;0.879489;2.68628;
7.44124;-1.79625;-10.9621;0.879489;2.68628;
7.26162;-1.79625;-10.8742;0.879489;2.68628;
7.08199;-1.79625;-10.7862;0.879489;2.68628;
6.90237;-1.79625;-10.6983;0.879489;2.68628;
6.72274;-1.79625;-10.6103;0.879489;2.68628;
6.54312;-1.79625;-10.5224;0.879489;2.68628;
6.36349;-1.79625;-10.4344;0.879489;2.68628;
6.18387;-1.79625;-10.3465;0.879489;2.68628;
6.00424;-1.79625;-10.2585;0.879489;2.68628;
5.82462;-1.79625;-10.1706;0.879489;2.68628;
5.64499;-1.79625;-10.0826;0.879489;2.68628;
5.46537;-1.79625;-9.99468;0.879489;2.68628;
5.28575;-1.79625;-9.90673;0.879489;2.68628;
5.10612;-1.79625;-9.81878;0.879489;2.68628;
4.9265;-1.79625;-9.73083;0.879489;2.68628;
4.74687;-1.79625;-9.64288;0.879489;2.68628;
4.56725;-1.79625;-9.55493;0.879489;2.68628;
4.38762;-1.79625;-9.46699;0.879489;2.68628;
4.208;-1.79625;-9.37904;0.879489;2.68628;
4.02837;-1.79625;-9.29109;0.879489;2.68628;
3.84875;-1.79625;-9.20314;0.879489;2.68628;
3.66912;-1.79625;-9.11519;0.879489;2.68628;
3.4895;-1.79625;-9.02724;0.879489;2.68628;
3.30988;-1.79625;-8.93929;0.879489;2.68628;
3.13025;-1.79625;-8.85134;0.879489;2.68628;
2.95063;-1.79625;-8.76339;0.879489;2.68628;
2.771;-1.79625;-8.67545;0.879489;2.68628;
2.59138;-1.79625;-8.5875;0.879489;2.68628;
2.41175;-1.79625;-8.49955;0.879489;2.68628;
2.23213;-1.79625;-8.4116;0.879489;2.68628;
2.0525;-1.79625;-8.32365;0.879489;2.68628;
1.87288;-1.79625;-8.2357;0.879489;2.68628;
1.69325;-1.79625;-8.14775;0.879489;2.68628;
1.51363;-1.79625;-8.0598;0.879489;2.68628;
1.33401;-1.79625;-7.97185;0.879489;2.68628;
1.15438;-1.79625;-7.88391;0.879489;2.68628;
0.974756;-1.79625;-7.79596;0.879489;2.68628;
0.795132;-1.79625;-7.70801;0.879489;2.68628;
0.615507;-1.79625;-7.62006;0.879489;2.68628;
0.435883;-1.79625;-7.53211;0.879489;2.68628;
0.256258;-1.79625;-7.44416;0.879489;2.68628;
0.0766336;-1.79625;-7.35621;0.879489;2.68628;
-0.102991;-1.79625;-7.26826;0.879489;2.68628;
-0.282616;-1.79625;-7.18031;0.879489;2.68628;
-0.46224;-1.79625;-7.09236;0.879489;2.68628;
-0.641865;-1.79625;-7.00442;0.879489;2.68628;
-0.821489;-1.79625;-6.91647;0.879489;2.68628;
-1.00111;-1.79625;-6.82852;0.879489;2.68628;
-1.18074;-1.79625;-6.74057;0.879489;2.68628;
-1.36036;-1.79625;-6.65262;0.879489;2.68628;
-1.53999;-1.79625;-6.56467;0.879489;2.68628;
-1.71961;-1.79625;-6.47672;0.879489;2.68628;
-1.89924;-1.79625;-6.38877;0.879489;2.68628;
-2.07886;-1.79625;-6.30082;0.879489;2.68628;
-2.25849;-1.79625;-6.21288;0.879489;2.68628;
-2.43811;-1.79625;-6.12493;0.879489;2.68628;
-2.61773;-1.79625;-6.03698;0.879489;2.68628;
-2.79736;-1.79625;-5.94903;0.879489;2.68628;
-2.97698;-1.79625;-5.86108;0.879489;2.68628;
-3.15661;-1.79625;-5.77313;0.879489;2.68628;
-3.33623;-1.79625;-5.68518;0.879489;2.68628;
-3.51586;-1.79625;-5.59723;0.879489;2.68628;
-3.69548;-1.79625;-5.50928;0.879489;2.68628;
-3.87511;-1.79625;-5.42133;0.879489;2.68628;
-4.05473;-1.79625;-5.33339;0.879489;2.68628;
-4.23436;-1.79625;-5.24544;0.879489;2.68628;
-4.41398;-1.79625;-5.15749;0.879489;2.68628;
-4.59361;-1.79625;-5.06954;0.879489;2.68628;
-4.77323;-1.79625;-4.98159;0.879489;2.68628;
-4.95285;-1.79625;-4.89364;0.879489;2.68628;
-5.13248;-1.79625;-4.80569;0.879489;2.68628;
-5.3121;-1.79625;-4.71774;0.879489;2.68628;
