#1 AntPos X;#2 AntPos Y;#3 Distance form nest;#4 Total Distance;#5 Total Y Distance
0.241583;-20.8903;20.8917;0.2;0.194257
0.194;-20.696;20.6969;0.4;0.388514
0.146417;-20.5018;20.5023;0.6;0.582771
0.0988339;-20.3075;20.3077;0.8;0.777029
0.0512508;-20.1133;20.1133;1;0.971286
0.00366766;-19.919;19.919;1.2;1.16554
-0.0439155;-19.7247;19.7248;1.4;1.3598
-0.0914986;-19.5305;19.5307;1.6;1.55406
-0.139082;-19.3362;19.3367;1.8;1.74831
-0.186665;-19.142;19.1429;2;1.94257
-0.234248;-18.9477;18.9492;2.2;2.13683
-0.281831;-18.7535;18.7556;2.4;2.33109
-0.329414;-18.5592;18.5621;2.6;2.52534
-0.376997;-18.3649;18.3688;2.8;2.7196
-0.42458;-18.1707;18.1756;3;2.91386
-0.472164;-17.9764;17.9826;3.2;3.10811
-0.519747;-17.7822;17.7898;3.4;3.30237
-0.56733;-17.5879;17.5971;3.6;3.49663
-0.614913;-17.3937;17.4045;3.8;3.69089
-0.662496;-17.1994;17.2121;4;3.88514
-0.710079;-17.0051;17.02;4.2;4.0794
-0.757662;-16.8109;16.8279;4.4;4.27366
-0.805245;-16.6166;16.6361;4.6;4.46791
-0.852829;-16.4224;16.4445;4.8;4.66217
-0.900412;-16.2281;16.2531;5;4.85643
-0.947995;-16.0339;16.0619;5.2;5.05069
-0.995578;-15.8396;15.8709;5.4;5.24494
-1.04316;-15.6453;15.6801;5.6;5.4392
-1.09074;-15.4511;15.4895;5.8;5.63346
-1.13833;-15.2568;15.2992;6;5.82771
-1.18591;-15.0626;15.1092;6.2;6.02197
-1.23349;-14.8683;14.9194;6.4;6.21623
-1.28108;-14.6741;14.7299;6.6;6.41049
-1.32866;-14.4798;14.5406;6.8;6.60474
-1.37624;-14.2855;14.3517;7;6.799
-1.42383;-14.0913;14.163;7.2;6.99326
-1.47141;-13.897;13.9747;7.4;7.18752
-1.51899;-13.7028;13.7867;7.6;7.38177
-1.56658;-13.5085;13.599;7.8;7.57603
-1.61416;-13.3143;13.4117;8;7.77029
-1.66174;-13.12;13.2248;8.2;7.96454
-1.70932;-12.9257;13.0383;8.4;8.1588
-1.75691;-12.7315;12.8521;8.6;8.35306
-1.80449;-12.5372;12.6664;8.8;8.54732
-1.85207;-12.343;12.4811;9;8.74157
-1.89966;-12.1487;12.2963;9.2;8.93583
-1.94724;-11.9545;12.112;9.4;9.13009
-1.99482;-11.7602;11.9282;9.6;9.32434
-2.04241;-11.5659;11.7449;9.8;9.5186
-2.08999;-11.3717;11.5621;10;9.71286
-2.13757;-11.1774;11.38;10.2;9.90712
-2.18516;-10.9832;11.1984;10.4;10.1014
-2.23274;-10.7889;11.0175;10.6;10.2956
-2.28032;-10.5947;10.8373;10.8;10.4899
-2.32791;-10.4004;10.6577;11;10.6841
-2.37549;-10.2061;10.4789;11.2;10.8784
-2.42307;-10.0119;10.3009;11.4;11.0727
-2.47065;-9.81762;10.1237;11.6;11.2669
-2.51824;-9.62336;9.9474;11.8;11.4612
-2.56582;-9.42911;9.77198;12;11.6554
-2.6134;-9.23485;9.59752;12.2;11.8497
-2.66099;-9.04059;9.42407;12.4;12.0439
-2.70857;-8.84634;9.2517;12.6;12.2382
-2.75615;-8.65208;9.08047;12.8;12.4325
-2.80374;-8.45782;8.91043;13;12.6267
-2.85132;-8.26356;8.74165;13.2;12.821
-2.8989;-8.06931;8.57423;13.4;13.0152
-2.94649;-7.87505;8.40822;13.6;13.2095
-2.99407;-7.68079;8.24373;13.8;13.4037
-3.04165;-7.48654;8.08083;14;13.598
-3.08924;-7.29228;7.91964;14.2;13.7923
-3.13682;-7.09802;7.76025;14.4;13.9865
-3.1844;-6.90376;7.60279;14.6;14.1808
-3.23198;-6.70951;7.44736;14.8;14.375
-3.27957;-6.51525;7.29411;15;14.5693
-3.32715;-6.32099;7.14317;15.2;14.7635
-3.37473;-6.12674;6.99469;15.4;14.9578
-3.42232;-5.93248;6.84884;15.6;15.1521
-3.4699;-5.73822;6.70577;15.8;15.3463
-3.51748;-5.54396;6.56569;16;15.5406
-3.56507;-5.34971;6.42877;16.2;15.7348
-3.61265;-5.15545;6.29523;16.4;15.9291
-3.66023;-4.96119;6.16528;16.6;16.1233
-3.70782;-4.76694;6.03917;16.8;16.3176
-3.7554;-4.57268;5.91713;17;16.5119
-3.80298;-4.37842;5.79942;17.2;16.7061
-3.85057;-4.18416;5.68631;17.4;16.9004
-3.89815;-3.98991;5.57807;17.6;17.0946
-3.94573;-3.79565;5.47501;17.8;17.2889
-3.99331;-3.60139;5.37741;18;17.4831
-4.0409;-3.40714;5.28559;18.2;17.6774
-4.08848;-3.21288;5.19983;18.4;17.8717
-4.13606;-3.01862;5.12046;18.6;18.0659
-4.18365;-2.82436;5.04777;18.8;18.2602
-4.23123;-2.63011;4.98204;19;18.4544
-4.27881;-2.43585;4.92358;19.2;18.6487
-4.3264;-2.24159;4.87262;19.4;18.8429
-4.37398;-2.04734;4.82942;19.6;19.0372
-4.42156;-1.85308;4.79418;19.8;19.2315
-4.46915;-1.65882;4.76707;20;19.4257
-4.51673;-1.46456;4.74824;20.2;19.62
-4.56431;-1.27031;4.73779;20.4;19.8142
-4.6119;-1.07605;4.73576;20.6;20.0085
-4.65948;-0.881792;4.74218;20.8;20.2027
-4.70706;-0.687535;4.75701;21;20.397
-4.75464;-0.493278;4.78016;21.2;20.5913
-4.80223;-0.299021;4.81153;21.4;20.7855
-4.84981;-0.104764;4.85094;21.6;20.9798
-4.89739;0.0894934;4.89821;21.8;21.174
-4.94498;0.283751;4.95311;22;21.3683
-4.99256;0.478008;5.01539;22.2;21.5625
-5.04014;0.672265;5.08478;22.4;21.7568
-5.08773;0.866522;5.16099;22.6;21.9511
-5.13531;1.06078;5.24373;22.8;22.1453
-5.18289;1.25504;5.33268;23;22.3396
-5.23048;1.44929;5.42755;23.2;22.5338
-5.27806;1.64355;5.52803;23.4;22.7281
-5.32564;1.83781;5.63383;23.6;22.9223
-5.37323;2.03207;5.74464;23.8;23.1166
-5.42081;2.22632;5.86018;24;23.3109
-5.46839;2.42058;5.98018;24.2;23.5051
-5.51597;2.61484;6.10437;24.4;23.6994
-5.56356;2.80909;6.23251;24.6;23.8936
-5.61114;3.00335;6.36436;24.8;24.0879
-5.65872;3.19761;6.49968;25;24.2821
-5.70631;3.39187;6.63827;25.2;24.4764
-5.75389;3.58612;6.77994;25.4;24.6707
-5.80147;3.78038;6.92448;25.6;24.8649
-5.84906;3.97464;7.07172;25.8;25.0592
-5.89664;4.16889;7.2215;26;25.2534
-5.94422;4.36315;7.37366;26.2;25.4477
-5.99181;4.55741;7.52806;26.4;25.6419
-6.03939;4.75167;7.68457;26.6;25.8362
-6.08697;4.94592;7.84305;26.8;26.0305
-6.13456;5.14018;8.00339;27;26.2247
-6.18214;5.33444;8.16548;27.2;26.419
-6.22972;5.52869;8.32922;27.4;26.6132
-6.2773;5.72295;8.49451;27.6;26.8075
-6.32489;5.91721;8.66127;27.8;27.0017
-6.37247;6.11147;8.82941;28;27.196
-6.42005;6.30572;8.99885;28.2;27.3903
-6.46764;6.49998;9.16952;28.4;27.5845
-6.51522;6.69424;9.34135;28.6;27.7788
-6.5628;6.88849;9.51429;28.8;27.973
-6.61039;7.08275;9.68827;29;28.1673
-6.65797;7.27701;9.86324;29.2;28.3615
-6.70555;7.47127;10.0391;29.4;28.5558
-6.75314;7.66552;10.2159;29.6;28.7501
-6.80072;7.85978;10.3936;29.8;28.9443
-6.8483;8.05404;10.572;30;29.1386
-6.89589;8.24829;10.7512;30.2;29.3328
-6.94347;8.44255;10.9311;30.4;29.5271
-6.99105;8.63681;11.1117;30.6;29.7213
-7.03863;8.83107;11.2929;30.8;29.9156
-7.08622;9.02532;11.4748;31;30.1099
-7.1338;9.21958;11.6573;31.2;30.3041
-7.18138;9.41384;11.8403;31.4;30.4984
-7.22897;9.60809;12.0239;31.6;30.6926
-7.27655;9.80235;12.208;31.8;30.8869
-7.32413;9.99661;12.3925;32;31.0811
-7.37172;10.1909;12.5776;32.2;31.2754
-7.4193;10.3851;12.7631;32.4;31.4697
-7.46688;10.5794;12.949;32.6;31.6639
-7.51447;10.7736;13.1354;32.8;31.8582
-7.56205;10.9679;13.3221;33;32.0524
-7.60963;11.1622;13.5093;33.2;32.2467
-7.65722;11.3564;13.6968;33.4;32.4409
-7.7048;11.5507;13.8846;33.6;32.6352
-7.75238;11.7449;14.0728;33.8;32.8295
-7.79996;11.9392;14.2613;34;33.0237
-7.84755;12.1334;14.4501;34.2;33.218
-7.89513;12.3277;14.6392;34.4;33.4122
-7.94271;12.522;14.8286;34.6;33.6065
-7.9903;12.7162;15.0182;34.8;33.8007
-8.03788;12.9105;15.2081;35;33.995
-8.08546;13.1047;15.3983;35.2;34.1893
-8.13305;13.299;15.5888;35.4;34.3835
-8.18063;13.4932;15.7794;35.6;34.5778
-8.22821;13.6875;15.9703;35.8;34.772
-8.2758;13.8818;16.1614;36;34.9663
-8.32338;14.076;16.3528;36.2;35.1605
-8.37096;14.2703;16.5443;36.4;35.3548
-8.41855;14.4645;16.736;36.6;35.5491
-8.46613;14.6588;16.9279;36.8;35.7433
-8.51371;14.853;17.12;37;35.9376
-8.56129;15.0473;17.3123;37.2;36.1318
-8.60888;15.2416;17.5048;37.4;36.3261
-8.65646;15.4358;17.6974;37.6;36.5203
-8.70404;15.6301;17.8902;37.8;36.7146
-8.75163;15.8243;18.0831;38;36.9089
-8.79921;16.0186;18.2762;38.2;37.1031
-8.84679;16.2128;18.4695;38.4;37.2974
-8.89438;16.4071;18.6629;38.6;37.4916
-8.94196;16.6014;18.8564;38.8;37.6859
-8.98954;16.7956;19.05;39;37.8801
-9.03713;16.9899;19.2438;39.2;38.0744
-9.08471;17.1841;19.4377;39.4;38.2687
-9.13229;17.3784;19.6318;39.6;38.4629
-9.17988;17.5726;19.8259;39.8;38.6572
-9.22746;17.7669;20.0202;40;38.8514
-9.27504;17.9612;20.2146;40.2;39.0457
-9.32262;18.1554;20.4091;40.4;39.2399
-9.37021;18.3497;20.6037;40.6;39.4342
-9.41779;18.5439;20.7984;40.8;39.6285
-9.46537;18.7382;20.9932;41;39.8227
-9.51296;18.9324;21.1881;41.2;40.017
-9.56054;19.1267;21.383;41.4;40.2112
-9.60812;19.321;21.5781;41.6;40.4055
-9.65571;19.5152;21.7733;41.8;40.5997
-9.70329;19.7095;21.9685;42;40.794
-9.75087;19.9037;22.1639;42.2;40.9883
-9.79846;20.098;22.3593;42.4;41.1825
-9.84604;20.2922;22.5548;42.6;41.3768
-9.89362;20.4865;22.7504;42.8;41.571
-9.94121;20.6808;22.946;43;41.7653
-9.98879;20.875;23.1418;43.2;41.9595
-10.0364;21.0693;23.3376;43.4;42.1538
-10.084;21.2635;23.5335;43.6;42.3481
-10.1315;21.4578;23.7294;43.8;42.5423
-10.1791;21.652;23.9254;44;42.7366
-10.2267;21.8463;24.1215;44.2;42.9308
-10.2743;22.0406;24.3176;44.4;43.1251
-10.3219;22.2348;24.5138;44.6;43.3193
-10.3695;22.4291;24.7101;44.8;43.5136
-10.417;22.6233;24.9064;45;43.7079
-10.4646;22.8176;25.1028;45.2;43.9021
-10.5122;23.0118;25.2992;45.4;44.0964
-10.5598;23.2061;25.4957;45.6;44.2906
-10.6074;23.4004;25.6923;45.8;44.4849
-10.655;23.5946;25.8889;46;44.6791
-10.7025;23.7889;26.0855;46.2;44.8734
-10.7501;23.9831;26.2822;46.4;45.0677
-10.7977;24.1774;26.479;46.6;45.2619
-10.8453;24.3716;26.6758;46.8;45.4562
-10.8929;24.5659;26.8726;47;45.6504
-10.9405;24.7602;27.0695;47.2;45.8447
-10.988;24.9544;27.2665;47.4;46.0389
-11.0356;25.1487;27.4634;47.6;46.2332
-11.0832;25.3429;27.6605;47.8;46.4275
-11.1308;25.5372;27.8575;48;46.6217
-11.1784;25.7314;28.0546;48.2;46.816
-11.2259;25.9257;28.2518;48.4;47.0102
-11.2735;26.12;28.449;48.6;47.2045
-11.3211;26.3142;28.6462;48.8;47.3987
-11.3687;26.5085;28.8435;49;47.593
-11.4163;26.7027;29.0408;49.2;47.7873
-11.4639;26.897;29.2381;49.4;47.9815
-11.5114;27.0912;29.4355;49.6;48.1758
-11.559;27.2855;29.6329;49.8;48.37
-11.6066;27.4798;29.8304;50;48.5643
-11.6542;27.674;30.0278;50.2;48.7585
-11.7018;27.8683;30.2254;50.4;48.9528
-11.7494;28.0625;30.4229;50.6;49.1471
-11.7969;28.2568;30.6205;50.8;49.3413
-11.8445;28.451;30.8181;51;49.5356
-11.8921;28.6453;31.0157;51.2;49.7298
-11.9397;28.8396;31.2134;51.4;49.9241
-11.9873;29.0338;31.4111;51.6;50.1183
-12.0349;29.2281;31.6088;51.8;50.3126
-12.0824;29.4223;31.8066;52;50.5069
-12.13;29.6166;32.0044;52.2;50.7011
-12.1776;29.8108;32.2022;52.4;50.8954

-12.2252;-29.9949;32.3906;52.6;51.0896
-12.2728;-29.8006;32.2289;52.8;51.2839
-12.3204;-29.6064;32.0676;53;51.4781
-12.3679;-29.4121;31.9067;53.2;51.6724
-12.4155;-29.2179;31.7463;53.4;51.8667
-12.4631;-29.0236;31.5864;53.6;52.0609
-12.5107;-28.8294;31.4269;53.8;52.2552
-12.5583;-28.6351;31.2679;54;52.4494
-12.6059;-28.4408;31.1093;54.2;52.6437
-12.6534;-28.2466;30.9512;54.4;52.8379
-12.701;-28.0523;30.7937;54.6;53.0322
-12.7486;-27.8581;30.6366;54.8;53.2265
-12.7962;-27.6638;30.48;55;53.4207
-12.8438;-27.4696;30.3239;55.2;53.615
-12.8914;-27.2753;30.1683;55.4;53.8092
-12.9389;-27.081;30.0133;55.6;54.0035
-12.9865;-26.8868;29.8588;55.8;54.1977
-13.0341;-26.6925;29.7049;56;54.392
-13.0817;-26.4983;29.5515;56.2;54.5863
-13.1293;-26.304;29.3986;56.4;54.7805
-13.1769;-26.1098;29.2464;56.6;54.9748
-13.2244;-25.9155;29.0947;56.8;55.169
-13.272;-25.7212;28.9435;57;55.3633
-13.3196;-25.527;28.793;57.2;55.5575
-13.3672;-25.3327;28.6431;57.4;55.7518
-13.4148;-25.1385;28.4938;57.6;55.9461
-13.4624;-24.9442;28.3452;57.8;56.1403
-13.5099;-24.75;28.1971;58;56.3346
-13.5575;-24.5557;28.0498;58.2;56.5288
-13.6051;-24.3614;27.903;58.4;56.7231
-13.6527;-24.1672;27.757;58.6;56.9173
-13.7003;-23.9729;27.6116;58.8;57.1116
-13.7479;-23.7787;27.4669;59;57.3059
-13.7954;-23.5844;27.3229;59.2;57.5001
-13.843;-23.3902;27.1796;59.4;57.6944
-13.8906;-23.1959;27.037;59.6;57.8886
-13.9382;-23.0016;26.8951;59.8;58.0829
-13.9858;-22.8074;26.754;60;58.2771
-14.0334;-22.6131;26.6137;60.2;58.4714
-14.0809;-22.4189;26.4741;60.4;58.6657
-14.1285;-22.2246;26.3353;60.6;58.8599
-14.1761;-22.0304;26.1973;60.8;59.0542
-14.2237;-21.8361;26.0601;61;59.2484
-14.2713;-21.6418;25.9237;61.2;59.4427
-14.3189;-21.4476;25.7881;61.4;59.6369
-14.3664;-21.2533;25.6534;61.6;59.8312
-14.414;-21.0591;25.5196;61.8;60.0255
-14.4616;-20.8648;25.3866;62;60.2197
-14.5092;-20.6706;25.2545;62.2;60.414
-14.5568;-20.4763;25.1233;62.4;60.6082
-14.6044;-20.282;24.993;62.6;60.8025
-14.6519;-20.0878;24.8636;62.8;60.9968
-14.6995;-19.8935;24.7352;63;61.191
-14.7471;-19.6993;24.6077;63.2;61.3853
-14.7947;-19.505;24.4812;63.4;61.5795
-14.8423;-19.3108;24.3557;63.6;61.7738
-14.8898;-19.1165;24.2311;63.8;61.968
-14.9374;-18.9222;24.1076;64;62.1623
-14.985;-18.728;23.9852;64.2;62.3566
-15.0326;-18.5337;23.8637;64.4;62.5508
-15.0802;-18.3395;23.7434;64.6;62.7451
-15.1278;-18.1452;23.6241;64.8;62.9393
-15.1753;-17.951;23.5059;65;63.1336
-15.2229;-17.7567;23.3888;65.2;63.3278
-15.2705;-17.5624;23.2729;65.4;63.5221
-15.3181;-17.3682;23.1581;65.6;63.7164
-15.3657;-17.1739;23.0445;65.8;63.9106
-15.4133;-16.9797;22.932;66;64.1049
-15.4608;-16.7854;22.8208;66.2;64.2991
-15.5084;-16.5912;22.7107;66.4;64.4934
-15.556;-16.3969;22.6019;66.6;64.6876
-15.6036;-16.2026;22.4944;66.8;64.8819
-15.6512;-16.0084;22.3881;67;65.0762
-15.6988;-15.8141;22.2831;67.2;65.2704
-15.7463;-15.6199;22.1794;67.4;65.4647
-15.7939;-15.4256;22.0771;67.6;65.6589
-15.8415;-15.2314;21.9761;67.8;65.8532
-15.8891;-15.0371;21.8764;68;66.0474
-15.9367;-14.8428;21.7781;68.2;66.2417
-15.9843;-14.6486;21.6813;68.4;66.436
-16.0318;-14.4543;21.5858;68.6;66.6302
-16.0794;-14.2601;21.4918;68.8;66.8245
-16.127;-14.0658;21.3992;69;67.0187
-16.1746;-13.8716;21.3082;69.2;67.213
-16.2222;-13.6773;21.2186;69.4;67.4072
-16.2698;-13.483;21.1305;69.6;67.6015
-16.3173;-13.2888;21.0439;69.8;67.7958
-16.3649;-13.0945;20.9589;70;67.99
-16.4125;-12.9003;20.8755;70.2;68.1843
-16.4601;-12.706;20.7937;70.4;68.3785
-16.5077;-12.5118;20.7135;70.6;68.5728
-16.5553;-12.3175;20.6349;70.8;68.767
-16.6028;-12.1232;20.5579;71;68.9613
-16.6504;-11.929;20.4826;71.2;69.1556
-16.698;-11.7347;20.409;71.4;69.3498
-16.7456;-11.5405;20.3371;71.6;69.5441
-16.7932;-11.3462;20.2669;71.8;69.7383
-16.8408;-11.152;20.1984;72;69.9326
-16.8883;-10.9577;20.1317;72.2;70.1268
-16.9359;-10.7634;20.0668;72.4;70.3211
-16.9835;-10.5692;20.0037;72.6;70.5154
-17.0311;-10.3749;19.9423;72.8;70.7096
-17.0787;-10.1807;19.8828;73;70.9039
-17.1263;-9.98641;19.8252;73.2;71.0981
-17.1738;-9.79216;19.7693;73.4;71.2924
-17.2214;-9.5979;19.7154;73.6;71.4866
-17.269;-9.40364;19.6633;73.8;71.6809
-17.3166;-9.20939;19.6132;74;71.8752
-17.3642;-9.01513;19.5649;74.2;72.0694
-17.4118;-8.82087;19.5186;74.4;72.2637
-17.4593;-8.62661;19.4743;74.6;72.4579
-17.5069;-8.43236;19.4319;74.8;72.6522
-17.5545;-8.2381;19.3914;75;72.8464
-17.6021;-8.04384;19.353;75.2;73.0407
-17.6497;-7.84959;19.3165;75.4;73.235
-17.6973;-7.65533;19.282;75.6;73.4292
-17.7448;-7.46107;19.2496;75.8;73.6235
-17.7924;-7.26681;19.2192;76;73.8177
-17.84;-7.07256;19.1908;76.2;74.012
-17.8876;-6.8783;19.1645;76.4;74.2062
-17.9352;-6.68404;19.1402;76.6;74.4005
-17.9828;-6.48979;19.118;76.8;74.5948
-18.0303;-6.29553;19.0978;77;74.789
-18.0779;-6.10127;19.0797;77.2;74.9833
-18.1255;-5.90701;19.0638;77.4;75.1775
-18.1731;-5.71276;19.0498;77.6;75.3718
-18.2207;-5.5185;19.038;77.8;75.566
-18.2683;-5.32424;19.0283;78;75.7603
-18.3158;-5.12999;19.0207;78.2;75.9546
-18.3634;-4.93573;19.0152;78.4;76.1488
-18.411;-4.74147;19.0117;78.6;76.3431
-18.4586;-4.54721;19.0104;78.8;76.5373
-18.5062;-4.35296;19.0112;79;76.7316
-18.5538;-4.1587;19.0141;79.2;76.9258
-18.6013;-3.96444;19.0191;79.4;77.1201
-18.6489;-3.77019;19.0262;79.6;77.3144
-18.6965;-3.57593;19.0354;79.8;77.5086
-18.7441;-3.38167;19.0467;80;77.7029
-18.7917;-3.18741;19.0601;80.2;77.8971
-18.8392;-2.99316;19.0755;80.4;78.0914
-18.8868;-2.7989;19.0931;80.6;78.2856
-18.9344;-2.60464;19.1127;80.8;78.4799
-18.982;-2.41039;19.1344;81;78.6742
-19.0296;-2.21613;19.1582;81.2;78.8684
-19.0772;-2.02187;19.184;81.4;79.0627
-19.1247;-1.82761;19.2119;81.6;79.2569
-19.1723;-1.63336;19.2418;81.8;79.4512
-19.2199;-1.4391;19.2737;82;79.6454
-19.2675;-1.24484;19.3077;82.2;79.8397
-19.3151;-1.05059;19.3436;82.4;80.034
-19.3627;-0.856328;19.3816;82.6;80.2282
-19.4102;-0.662071;19.4215;82.8;80.4225
-19.4578;-0.467814;19.4635;83;80.6167
-19.5054;-0.273557;19.5073;83.2;80.811
-19.553;-0.0792995;19.5532;83.4;81.0052
-19.6006;0.114958;19.6009;83.6;81.1995
-19.6482;0.309215;19.6506;83.8;81.3938
-19.6957;0.503472;19.7022;84;81.588
-19.7433;0.697729;19.7557;84.2;81.7823
-19.7909;0.891986;19.811;84.4;81.9765
-19.8385;1.08624;19.8682;84.6;82.1708
-19.8861;1.2805;19.9273;84.8;82.365
-19.9337;1.47476;19.9881;85;82.5593
-19.9812;1.66901;20.0508;85.2;82.7536
-20.0288;1.86327;20.1153;85.4;82.9478
-20.0764;2.05753;20.1816;85.6;83.1421
-20.124;2.25179;20.2496;85.8;83.3363
-20.1716;2.44604;20.3193;86;83.5306
-20.2192;2.6403;20.3908;86.2;83.7248
-20.2667;2.83456;20.464;86.4;83.9191
-20.3143;3.02882;20.5389;86.6;84.1134
-20.3619;3.22307;20.6154;86.8;84.3076
-20.4095;3.41733;20.6936;87;84.5019
-20.4571;3.61159;20.7734;87.2;84.6961
-20.5047;3.80584;20.8549;87.4;84.8904
-20.5522;4.0001;20.9379;87.6;85.0846
-20.5998;4.19436;21.0225;87.8;85.2789
-20.6474;4.38862;21.1087;88;85.4732
-20.695;4.58287;21.1964;88.2;85.6674
-20.7426;4.77713;21.2856;88.4;85.8617
-20.7902;4.97139;21.3763;88.6;86.0559
-20.8377;5.16564;21.4685;88.8;86.2502
-20.8853;5.3599;21.5621;89;86.4444
-20.9329;5.55416;21.6572;89.2;86.6387
-20.9805;5.74842;21.7537;89.4;86.833
-21.0281;5.94267;21.8517;89.6;87.0272
-21.0757;6.13693;21.951;89.8;87.2215
-21.1232;6.33119;22.0516;90;87.4157
-21.1708;6.52544;22.1537;90.2;87.61
-21.2184;6.7197;22.257;90.4;87.8042
-21.266;6.91396;22.3617;90.6;87.9985
-21.3136;7.10822;22.4676;90.8;88.1928
-21.3612;7.30247;22.5749;91;88.387
-21.4087;7.49673;22.6834;91.2;88.5813
-21.4563;7.69099;22.7931;91.4;88.7755
-21.5039;7.88524;22.904;91.6;88.9698
-21.5515;8.0795;23.0162;91.8;89.164
-21.5991;8.27376;23.1295;92;89.3583
-21.6467;8.46802;23.244;92.2;89.5526
-21.6942;8.66227;23.3597;92.4;89.7468
-21.7418;8.85653;23.4765;92.6;89.9411
-21.7894;9.05079;23.5944;92.8;90.1353
-21.837;9.24504;23.7134;93;90.3296
-21.8846;9.4393;23.8335;93.2;90.5238
-21.9322;9.63356;23.9546;93.4;90.7181
-21.9797;9.82782;24.0769;93.6;90.9124
-22.0273;10.0221;24.2001;93.8;91.1066
-22.0749;10.2163;24.3244;94;91.3009
-22.1225;10.4106;24.4496;94.2;91.4951
-22.1701;10.6048;24.5759;94.4;91.6894
-22.2177;10.7991;24.7031;94.6;91.8836
-22.2652;10.9934;24.8313;94.8;92.0779
-22.3128;11.1876;24.9605;95;92.2722
-22.3604;11.3819;25.0905;95.2;92.4664
-22.408;11.5761;25.2215;95.4;92.6607
-22.4556;11.7704;25.3534;95.6;92.8549
-22.5031;11.9646;25.4862;95.8;93.0492
-22.5507;12.1589;25.6198;96;93.2434
-22.5983;12.3532;25.7543;96.2;93.4377
-22.6459;12.5474;25.8897;96.4;93.632
-22.6935;12.7417;26.0258;96.6;93.8262
-22.7411;12.9359;26.1628;96.8;94.0205
-22.7886;13.1302;26.3007;97;94.2147
-22.8362;13.3244;26.4393;97.2;94.409
-22.8838;13.5187;26.5786;97.4;94.6032
-22.9314;13.713;26.7188;97.6;94.7975
-22.979;13.9072;26.8597;97.8;94.9918
-23.0266;14.1015;27.0014;98;95.186
-23.0741;14.2957;27.1438;98.2;95.3803
-23.1217;14.49;27.2869;98.4;95.5745
-23.1693;14.6842;27.4307;98.6;95.7688
-23.2169;14.8785;27.5752;98.8;95.963
-23.2645;15.0728;27.7205;99;96.1573
-23.3121;15.267;27.8664;99.2;96.3516
-23.3596;15.4613;28.0129;99.4;96.5458
-23.4072;15.6555;28.1601;99.6;96.7401
-23.4548;15.8498;28.308;99.8;96.9343
-23.5024;16.044;28.4565;100;97.1286
-23.55;16.2383;28.6057;100.2;97.3228
-23.5976;16.4326;28.7554;100.4;97.5171
-23.6451;16.6268;28.9058;100.6;97.7114
-23.6927;16.8211;29.0567;100.8;97.9056
-23.7403;17.0153;29.2083;101;98.0999
-23.7879;17.2096;29.3604;101.2;98.2941
-23.8355;17.4038;29.5131;101.4;98.4884
-23.8831;17.5981;29.6664;101.6;98.6826
-23.9306;17.7924;29.8202;101.8;98.8769
-23.9782;17.9866;29.9746;102;99.0712
-24.0258;18.1809;30.1294;102.2;99.2654
-24.0734;18.3751;30.2849;102.4;99.4597
-24.121;18.5694;30.4408;102.6;99.6539
-24.1686;18.7636;30.5973;102.8;99.8482
-24.2161;18.9579;30.7542;103;100.042
-24.2637;19.1522;30.9117;103.2;100.237
-24.3113;19.3464;31.0697;103.4;100.431
-24.3589;19.5407;31.2281;103.6;100.625
-24.4065;19.7349;31.387;103.8;100.819
-24.4541;19.9292;31.5464;104;101.014
-24.5016;20.1234;31.7062;104.2;101.208
-24.5492;20.3177;31.8665;104.4;101.402
-24.5968;20.512;32.0272;104.6;101.596
-24.6444;20.7062;32.1884;104.8;101.791
-24.692;20.9005;32.35;105;101.985
-24.7396;21.0947;32.512;105.2;102.179
-24.7871;21.289;32.6745;105.4;102.374
-24.8347;21.4832;32.8374;105.6;102.568
-24.8823;21.6775;33.0007;105.8;102.762
-24.9299;21.8718;33.1643;106;102.956
-24.9775;22.066;33.3284;106.2;103.151
-25.0251;22.2603;33.4929;106.4;103.345
-25.0726;22.4545;33.6577;106.6;103.539
-25.1202;22.6488;33.823;106.8;103.733
-25.1678;22.843;33.9886;107;103.928
-25.2154;23.0373;34.1545;107.2;104.122
-25.263;23.2316;34.3209;107.4;104.316
-25.3106;23.4258;34.4876;107.6;104.51
-25.3581;23.6201;34.6546;107.8;104.705
-25.4057;23.8143;34.822;108;104.899
-25.4533;24.0086;34.9898;108.2;105.093
-25.5009;24.2028;35.1578;108.4;105.287
-25.5485;24.3971;35.3262;108.6;105.482
-25.5961;24.5914;35.495;108.8;105.676
-25.6436;24.7856;35.664;109;105.87
-25.6912;24.9799;35.8334;109.2;106.064
-25.7388;25.1741;36.0031;109.4;106.259
-25.7864;25.3684;36.1731;109.6;106.453
-25.834;25.5626;36.3434;109.8;106.647
-25.8816;25.7569;36.514;110;106.841
-25.9291;25.9512;36.6849;110.2;107.036
-25.9767;26.1454;36.8561;110.4;107.23
-26.0243;26.3397;37.0276;110.6;107.424
-26.0719;26.5339;37.1994;110.8;107.618
-26.1195;26.7282;37.3714;111;107.813
-26.167;26.9224;37.5437;111.2;108.007
-26.2146;27.1167;37.7163;111.4;108.201
-26.2622;27.311;37.8892;111.6;108.395
-26.3098;27.5052;38.0624;111.8;108.59
-26.3574;27.6995;38.2357;112;108.784
-26.405;27.8937;38.4094;112.2;108.978
-26.4525;28.088;38.5833;112.4;109.173
-26.5001;28.2822;38.7575;112.6;109.367
-26.5477;28.4765;38.9319;112.8;109.561
-26.5953;28.6708;39.1066;113;109.755
-26.6429;28.865;39.2815;113.2;109.95
-26.6905;29.0593;39.4566;113.4;110.144
-26.738;29.2535;39.632;113.6;110.338
-26.7856;29.4478;39.8076;113.8;110.532
-26.8332;29.642;39.9834;114;110.727
-26.8808;29.8363;40.1595;114.2;110.921

-26.9284;-29.9694;40.2903;114.4;111.115
-26.976;-29.7752;40.1779;114.6;111.309
-27.0235;-29.5809;40.0662;114.8;111.504
-27.0711;-29.3867;39.9553;115;111.698
-27.1187;-29.1924;39.845;115.2;111.892
-27.1663;-28.9982;39.7354;115.4;112.086
-27.2139;-28.8039;39.6265;115.6;112.281
-27.2615;-28.6096;39.5183;115.8;112.475
-27.309;-28.4154;39.4109;116;112.669
-27.3566;-28.2211;39.3042;116.2;112.863
-27.4042;-28.0269;39.1982;116.4;113.058
-27.4518;-27.8326;39.0929;116.6;113.252
-27.4994;-27.6384;38.9884;116.8;113.446
-27.547;-27.4441;38.8846;117;113.64
-27.5945;-27.2498;38.7816;117.2;113.835
-27.6421;-27.0556;38.6793;117.4;114.029
-27.6897;-26.8613;38.5779;117.6;114.223
-27.7373;-26.6671;38.4771;117.8;114.417
-27.7849;-26.4728;38.3772;118;114.612
-27.8325;-26.2786;38.278;118.2;114.806
-27.88;-26.0843;38.1797;118.4;115
-27.9276;-25.89;38.0821;118.6;115.194
-27.9752;-25.6958;37.9853;118.8;115.389
-28.0228;-25.5015;37.8894;119;115.583
-28.0704;-25.3073;37.7942;119.2;115.777
-28.118;-25.113;37.6999;119.4;115.972
-28.1655;-24.9188;37.6064;119.6;116.166
-28.2131;-24.7245;37.5137;119.8;116.36
-28.2607;-24.5302;37.4219;120;116.554
-28.3083;-24.336;37.3309;120.2;116.749
-28.3559;-24.1417;37.2408;120.4;116.943
-28.4035;-23.9475;37.1515;120.6;117.137
-28.451;-23.7532;37.0631;120.8;117.331
-28.4986;-23.559;36.9756;121;117.526
-28.5462;-23.3647;36.889;121.2;117.72
-28.5938;-23.1704;36.8032;121.4;117.914
-28.6414;-22.9762;36.7183;121.6;118.108
-28.689;-22.7819;36.6343;121.8;118.303
-28.7365;-22.5877;36.5512;122;118.497
-28.7841;-22.3934;36.469;122.2;118.691
-28.8317;-22.1992;36.3878;122.4;118.885
-28.8793;-22.0049;36.3074;122.6;119.08
-28.9269;-21.8106;36.228;122.8;119.274
-28.9745;-21.6164;36.1495;123;119.468
-29.022;-21.4221;36.072;123.2;119.662
-29.0696;-21.2279;35.9953;123.4;119.857
-29.1172;-21.0336;35.9197;123.6;120.051
-29.1648;-20.8394;35.845;123.8;120.245
-29.2124;-20.6451;35.7713;124;120.439
-29.26;-20.4508;35.6985;124.2;120.634
-29.3075;-20.2566;35.6267;124.4;120.828
-29.3551;-20.0623;35.5559;124.6;121.022
-29.4027;-19.8681;35.486;124.8;121.216
-29.4503;-19.6738;35.4172;125;121.411
-29.4979;-19.4796;35.3494;125.2;121.605
-29.5455;-19.2853;35.2825;125.4;121.799
-29.593;-19.091;35.2167;125.6;121.994
-29.6406;-18.8968;35.1519;125.8;122.188
-29.6882;-18.7025;35.0881;126;122.382
-29.7358;-18.5083;35.0253;126.2;122.576
-29.7834;-18.314;34.9636;126.4;122.771
-29.831;-18.1198;34.9029;126.6;122.965
-29.8785;-17.9255;34.8432;126.8;123.159
-29.9261;-17.7312;34.7846;127;123.353
-29.9737;-17.537;34.7271;127.2;123.548

29.9787;-17.3427;34.6337;127.4;123.742
29.9311;-17.1485;34.4955;127.6;123.936
29.8836;-16.9542;34.358;127.8;124.13
29.836;-16.76;34.2211;128;124.325
29.7884;-16.5657;34.0847;128.2;124.519
29.7408;-16.3714;33.9491;128.4;124.713
29.6932;-16.1772;33.814;128.6;124.907
29.6456;-15.9829;33.6796;128.8;125.102
29.5981;-15.7887;33.5459;129;125.296
29.5505;-15.5944;33.4128;129.2;125.49
29.5029;-15.4002;33.2804;129.4;125.684
29.4553;-15.2059;33.1487;129.6;125.879
29.4077;-15.0116;33.0176;129.8;126.073
29.3601;-14.8174;32.8873;130;126.267
29.3126;-14.6231;32.7576;130.2;126.461
29.265;-14.4289;32.6287;130.4;126.656
29.2174;-14.2346;32.5005;130.6;126.85
29.1698;-14.0404;32.373;130.8;127.044
29.1222;-13.8461;32.2462;131;127.238
29.0746;-13.6518;32.1202;131.2;127.433
29.0271;-13.4576;31.9949;131.4;127.627
28.9795;-13.2633;31.8704;131.6;127.821
28.9319;-13.0691;31.7467;131.8;128.015
28.8843;-12.8748;31.6238;132;128.21
28.8367;-12.6806;31.5016;132.2;128.404
28.7891;-12.4863;31.3803;132.4;128.598
28.7416;-12.292;31.2597;132.6;128.793
28.694;-12.0978;31.14;132.8;128.987
28.6464;-11.9035;31.0211;133;129.181
28.5988;-11.7093;30.9031;133.2;129.375
28.5512;-11.515;30.7858;133.4;129.57
28.5036;-11.3208;30.6695;133.6;129.764
28.4561;-11.1265;30.554;133.8;129.958
28.4085;-10.9322;30.4394;134;130.152
28.3609;-10.738;30.3256;134.2;130.347
28.3133;-10.5437;30.2128;134.4;130.541
28.2657;-10.3495;30.1009;134.6;130.735
28.2181;-10.1552;29.9899;134.8;130.929
28.1706;-9.96095;29.8798;135;131.124
28.123;-9.76669;29.7706;135.2;131.318
28.0754;-9.57244;29.6624;135.4;131.512
28.0278;-9.37818;29.5552;135.6;131.706
27.9802;-9.18392;29.4489;135.8;131.901
27.9326;-8.98966;29.3436;136;132.095
27.8851;-8.79541;29.2393;136.2;132.289
27.8375;-8.60115;29.136;136.4;132.483
27.7899;-8.40689;29.0337;136.6;132.678
27.7423;-8.21264;28.9324;136.8;132.872
27.6947;-8.01838;28.8321;137;133.066
27.6471;-7.82412;28.7329;137.2;133.26
27.5996;-7.62986;28.6348;137.4;133.455
27.552;-7.43561;28.5377;137.6;133.649
27.5044;-7.24135;28.4417;137.8;133.843
27.4568;-7.04709;28.3467;138;134.037
27.4092;-6.85284;28.2529;138.2;134.232
27.3616;-6.65858;28.1602;138.4;134.426
27.3141;-6.46432;28.0686;138.6;134.62
27.2665;-6.27006;27.9781;138.8;134.814
27.2189;-6.07581;27.8888;139;135.009
27.1713;-5.88155;27.8006;139.2;135.203
27.1237;-5.68729;27.7136;139.4;135.397
27.0761;-5.49304;27.6277;139.6;135.592
27.0286;-5.29878;27.5431;139.8;135.786
26.981;-5.10452;27.4596;140;135.98
26.9334;-4.91026;27.3773;140.2;136.174
26.8858;-4.71601;27.2963;140.4;136.369
26.8382;-4.52175;27.2165;140.6;136.563
26.7906;-4.32749;27.1379;140.8;136.757
26.7431;-4.13324;27.0606;141;136.951
26.6955;-3.93898;26.9845;141.2;137.146
26.6479;-3.74472;26.9097;141.4;137.34
26.6003;-3.55046;26.8362;141.6;137.534
26.5527;-3.35621;26.764;141.8;137.728
26.5051;-3.16195;26.6931;142;137.923
26.4576;-2.96769;26.6235;142.2;138.117
26.41;-2.77344;26.5552;142.4;138.311
26.3624;-2.57918;26.4883;142.6;138.505
26.3148;-2.38492;26.4227;142.8;138.7
26.2672;-2.19066;26.3584;143;138.894
26.2197;-1.99641;26.2955;143.2;139.088
26.1721;-1.80215;26.234;143.4;139.282
26.1245;-1.60789;26.1739;143.6;139.477
26.0769;-1.41364;26.1152;143.8;139.671
26.0293;-1.21938;26.0579;144;139.865
25.9817;-1.02512;26.002;144.2;140.059
25.9342;-0.830864;25.9475;144.4;140.254
25.8866;-0.636607;25.8944;144.6;140.448
25.839;-0.44235;25.8428;144.8;140.642
25.7914;-0.248093;25.7926;145;140.836
25.7438;-0.0538353;25.7439;145.2;141.031
25.6962;0.140422;25.6966;145.4;141.225
25.6487;0.334679;25.6508;145.6;141.419
25.6011;0.528936;25.6065;145.8;141.613
25.5535;0.723193;25.5637;146;141.808
25.5059;0.91745;25.5224;146.2;142.002
25.4583;1.11171;25.4826;146.4;142.196
25.4107;1.30596;25.4443;146.6;142.391
25.3632;1.50022;25.4075;146.8;142.585
25.3156;1.69448;25.3722;147;142.779
25.268;1.88874;25.3385;147.2;142.973
25.2204;2.08299;25.3063;147.4;143.168
25.1728;2.27725;25.2756;147.6;143.362
25.1252;2.47151;25.2465;147.8;143.556
25.0777;2.66576;25.2189;148;143.75
25.0301;2.86002;25.1929;148.2;143.945
24.9825;3.05428;25.1685;148.4;144.139
24.9349;3.24854;25.1456;148.6;144.333
24.8873;3.44279;25.1243;148.8;144.527
24.8397;3.63705;25.1046;149;144.722
24.7922;3.83131;25.0864;149.2;144.916
24.7446;4.02557;25.0699;149.4;145.11
24.697;4.21982;25.0549;149.6;145.304
24.6494;4.41408;25.0415;149.8;145.499
24.6018;4.60834;25.0297;150;145.693
24.5542;4.80259;25.0195;150.2;145.887
24.5067;4.99685;25.0109;150.4;146.081
24.4591;5.19111;25.0039;150.6;146.276
24.4115;5.38537;24.9985;150.8;146.47
24.3639;5.57962;24.9946;151;146.664
24.3163;5.77388;24.9924;151.2;146.858
24.2687;5.96814;24.9918;151.4;147.053
24.2212;6.16239;24.9928;151.6;147.247
24.1736;6.35665;24.9954;151.8;147.441
24.126;6.55091;24.9996;152;147.635
24.0784;6.74517;25.0053;152.2;147.83
24.0308;6.93942;25.0127;152.4;148.024
23.9832;7.13368;25.0217;152.6;148.218
23.9357;7.32794;25.0323;152.8;148.412
23.8881;7.52219;25.0444;153;148.607
23.8405;7.71645;25.0582;153.2;148.801
23.7929;7.91071;25.0735;153.4;148.995
23.7453;8.10497;25.0905;153.6;149.19
23.6977;8.29922;25.109;153.8;149.384
23.6502;8.49348;25.1291;154;149.578
23.6026;8.68774;25.1507;154.2;149.772
23.555;8.88199;25.1739;154.4;149.967
23.5074;9.07625;25.1987;154.6;150.161
23.4598;9.27051;25.2251;154.8;150.355
23.4122;9.46477;25.253;155;150.549
23.3647;9.65902;25.2825;155.2;150.744
23.3171;9.85328;25.3135;155.4;150.938
23.2695;10.0475;25.3461;155.6;151.132
23.2219;10.2418;25.3801;155.8;151.326
23.1743;10.4361;25.4158;156;151.521
23.1267;10.6303;25.4529;156.2;151.715
23.0792;10.8246;25.4915;156.4;151.909
23.0316;11.0188;25.5317;156.6;152.103
22.984;11.2131;25.5734;156.8;152.298
22.9364;11.4073;25.6165;157;152.492
22.8888;11.6016;25.6612;157.2;152.686
22.8412;11.7959;25.7073;157.4;152.88
22.7937;11.9901;25.7549;157.6;153.075
22.7461;12.1844;25.8039;157.8;153.269
22.6985;12.3786;25.8544;158;153.463
22.6509;12.5729;25.9064;158.2;153.657
22.6033;12.7671;25.9598;158.4;153.852
22.5557;12.9614;26.0146;158.6;154.046
22.5082;13.1557;26.0708;158.8;154.24
22.4606;13.3499;26.1285;159;154.434
22.413;13.5442;26.1875;159.2;154.629
22.3654;13.7384;26.248;159.4;154.823
22.3178;13.9327;26.3098;159.6;155.017
22.2703;14.1269;26.373;159.8;155.211
22.2227;14.3212;26.4375;160;155.406
22.1751;14.5155;26.5034;160.2;155.6
22.1275;14.7097;26.5707;160.4;155.794
22.0799;14.904;26.6393;160.6;155.989
22.0323;15.0982;26.7092;160.8;156.183
21.9848;15.2925;26.7804;161;156.377
21.9372;15.4867;26.8529;161.2;156.571
21.8896;15.681;26.9267;161.4;156.766
21.842;15.8753;27.0018;161.6;156.96
21.7944;16.0695;27.0781;161.8;157.154
21.7468;16.2638;27.1558;162;157.348
21.6993;16.458;27.2346;162.2;157.543
21.6517;16.6523;27.3147;162.4;157.737
21.6041;16.8465;27.396;162.6;157.931
21.5565;17.0408;27.4786;162.8;158.125
21.5089;17.2351;27.5623;163;158.32
21.4613;17.4293;27.6472;163.2;158.514
21.4138;17.6236;27.7334;163.4;158.708
21.3662;17.8178;27.8206;163.6;158.902
21.3186;18.0121;27.9091;163.8;159.097
21.271;18.2063;27.9987;164;159.291
21.2234;18.4006;28.0894;164.2;159.485
21.1758;18.5949;28.1813;164.4;159.679
21.1283;18.7891;28.2743;164.6;159.874
21.0807;18.9834;28.3683;164.8;160.068
21.0331;19.1776;28.4635;165;160.262
20.9855;19.3719;28.5598;165.2;160.456
20.9379;19.5661;28.6571;165.4;160.651
20.8903;19.7604;28.7555;165.6;160.845
20.8428;19.9547;28.855;165.8;161.039
20.7952;20.1489;28.9554;166;161.233
20.7476;20.3432;29.057;166.2;161.428
20.7;20.5374;29.1595;166.4;161.622
20.6524;20.7317;29.263;166.6;161.816
20.6048;20.9259;29.3676;166.8;162.01
20.5573;21.1202;29.4731;167;162.205
20.5097;21.3145;29.5796;167.2;162.399
20.4621;21.5087;29.6871;167.4;162.593
20.4145;21.703;29.7955;167.6;162.788
20.3669;21.8972;29.9049;167.8;162.982
20.3193;22.0915;30.0152;168;163.176
20.2718;22.2857;30.1264;168.2;163.37
20.2242;22.48;30.2385;168.4;163.565
20.1766;22.6743;30.3516;168.6;163.759
20.129;22.8685;30.4655;168.8;163.953
20.0814;23.0628;30.5803;169;164.147
20.0338;23.257;30.696;169.2;164.342
19.9863;23.4513;30.8126;169.4;164.536
19.9387;23.6455;30.93;169.6;164.73
19.8911;23.8398;31.0482;169.8;164.924
19.8435;24.0341;31.1673;170;165.119
19.7959;24.2283;31.2872;170.2;165.313
19.7483;24.4226;31.4079;170.4;165.507
19.7008;24.6168;31.5295;170.6;165.701
19.6532;24.8111;31.6518;170.8;165.896
19.6056;25.0053;31.7749;171;166.09
19.558;25.1996;31.8988;171.2;166.284
19.5104;25.3939;32.0235;171.4;166.478
19.4628;25.5881;32.1489;171.6;166.673
19.4153;25.7824;32.2751;171.8;166.867
19.3677;25.9766;32.402;172;167.061
19.3201;26.1709;32.5297;172.2;167.255
19.2725;26.3651;32.6581;172.4;167.45
19.2249;26.5594;32.7872;172.6;167.644
19.1773;26.7537;32.917;172.8;167.838
19.1298;26.9479;33.0475;173;168.032
19.0822;27.1422;33.1787;173.2;168.227
19.0346;27.3364;33.3106;173.4;168.421
18.987;27.5307;33.4432;173.6;168.615
18.9394;27.7249;33.5764;173.8;168.809
18.8918;27.9192;33.7103;174;169.004
18.8443;28.1135;33.8448;174.2;169.198
18.7967;28.3077;33.98;174.4;169.392
18.7491;28.502;34.1158;174.6;169.587
18.7015;28.6962;34.2523;174.8;169.781
18.6539;28.8905;34.3894;175;169.975
18.6064;29.0847;34.5271;175.2;170.169
18.5588;29.279;34.6654;175.4;170.364
18.5112;29.4733;34.8043;175.6;170.558
18.4636;29.6675;34.9438;175.8;170.752
18.416;29.8618;35.0838;176;170.946

18.3684;-29.944;35.1289;176.2;171.141
18.3209;-29.7497;34.9385;176.4;171.335
18.2733;-29.5555;34.7482;176.6;171.529
18.2257;-29.3612;34.558;176.8;171.723
18.1781;-29.1669;34.3679;177;171.918
18.1305;-28.9727;34.178;177.2;172.112
18.0829;-28.7784;33.9881;177.4;172.306
18.0354;-28.5842;33.7984;177.6;172.5
17.9878;-28.3899;33.6087;177.8;172.695
17.9402;-28.1957;33.4192;178;172.889
17.8926;-28.0014;33.2299;178.2;173.083
17.845;-27.8071;33.0406;178.4;173.277
17.7974;-27.6129;32.8515;178.6;173.472
17.7499;-27.4186;32.6625;178.8;173.666
17.7023;-27.2244;32.4736;179;173.86
17.6547;-27.0301;32.2849;179.2;174.054
17.6071;-26.8359;32.0963;179.4;174.249
17.5595;-26.6416;31.9079;179.6;174.443
17.5119;-26.4473;31.7196;179.8;174.637
17.4644;-26.2531;31.5314;180;174.831
17.4168;-26.0588;31.3434;180.2;175.026
17.3692;-25.8646;31.1555;180.4;175.22
17.3216;-25.6703;30.9678;180.6;175.414
17.274;-25.4761;30.7802;180.8;175.608
17.2264;-25.2818;30.5928;181;175.803
17.1789;-25.0875;30.4056;181.2;175.997
17.1313;-24.8933;30.2185;181.4;176.191
17.0837;-24.699;30.0316;181.6;176.386
17.0361;-24.5048;29.8448;181.8;176.58
16.9885;-24.3105;29.6582;182;176.774
16.9409;-24.1163;29.4718;182.2;176.968
16.8934;-23.922;29.2856;182.4;177.163
16.8458;-23.7277;29.0996;182.6;177.357
16.7982;-23.5335;28.9137;182.8;177.551
16.7506;-23.3392;28.7281;183;177.745
16.703;-23.145;28.5426;183.2;177.94
16.6554;-22.9507;28.3573;183.4;178.134
16.6079;-22.7565;28.1723;183.6;178.328
16.5603;-22.5622;27.9874;183.8;178.522
16.5127;-22.3679;27.8028;184;178.717
16.4651;-22.1737;27.6183;184.2;178.911
16.4175;-21.9794;27.4341;184.4;179.105
16.3699;-21.7852;27.2501;184.6;179.299
16.3224;-21.5909;27.0663;184.8;179.494
16.2748;-21.3967;26.8828;185;179.688
16.2272;-21.2024;26.6995;185.2;179.882
16.1796;-21.0081;26.5164;185.4;180.076
16.132;-20.8139;26.3336;185.6;180.271
16.0844;-20.6196;26.1511;185.8;180.465
16.0369;-20.4254;25.9688;186;180.659
15.9893;-20.2311;25.7867;186.2;180.853
15.9417;-20.0369;25.6049;186.4;181.048
15.8941;-19.8426;25.4234;186.6;181.242
15.8465;-19.6483;25.2422;186.8;181.436
15.7989;-19.4541;25.0613;187;181.63
15.7514;-19.2598;24.8806;187.2;181.825
15.7038;-19.0656;24.7003;187.4;182.019
15.6562;-18.8713;24.5203;187.6;182.213
15.6086;-18.6771;24.3405;187.8;182.407
15.561;-18.4828;24.1611;188;182.602
15.5134;-18.2885;23.982;188.2;182.796
15.4659;-18.0943;23.8033;188.4;182.99
15.4183;-17.9;23.6249;188.6;183.185
15.3707;-17.7058;23.4468;188.8;183.379
15.3231;-17.5115;23.2691;189;183.573
15.2755;-17.3173;23.0918;189.2;183.767
15.2279;-17.123;22.9148;189.4;183.962
15.1804;-16.9287;22.7382;189.6;184.156
15.1328;-16.7345;22.562;189.8;184.35
15.0852;-16.5402;22.3862;190;184.544
15.0376;-16.346;22.2108;190.2;184.739
14.99;-16.1517;22.0359;190.4;184.933
14.9425;-15.9575;21.8613;190.6;185.127
14.8949;-15.7632;21.6872;190.8;185.321
14.8473;-15.5689;21.5136;191;185.516
14.7997;-15.3747;21.3404;191.2;185.71
14.7521;-15.1804;21.1677;191.4;185.904
14.7045;-14.9862;20.9954;191.6;186.098
14.657;-14.7919;20.8237;191.8;186.293
14.6094;-14.5977;20.6525;192;186.487
14.5618;-14.4034;20.4818;192.2;186.681
14.5142;-14.2091;20.3116;192.4;186.875
14.4666;-14.0149;20.142;192.6;187.07
14.419;-13.8206;19.9729;192.8;187.264
14.3715;-13.6264;19.8045;193;187.458
14.3239;-13.4321;19.6366;193.2;187.652
14.2763;-13.2379;19.4693;193.4;187.847
14.2287;-13.0436;19.3026;193.6;188.041
14.1811;-12.8493;19.1366;193.8;188.235
14.1335;-12.6551;18.9712;194;188.429
14.086;-12.4608;18.8066;194.2;188.624
14.0384;-12.2666;18.6425;194.4;188.818
13.9908;-12.0723;18.4793;194.6;189.012
13.9432;-11.8781;18.3167;194.8;189.206
13.8956;-11.6838;18.1549;195;189.401
13.848;-11.4895;17.9938;195.2;189.595
13.8005;-11.2953;17.8336;195.4;189.789
13.7529;-11.101;17.6741;195.6;189.984
13.7053;-10.9068;17.5155;195.8;190.178
13.6577;-10.7125;17.3577;196;190.372
13.6101;-10.5183;17.2008;196.2;190.566
13.5625;-10.324;17.0449;196.4;190.761
13.515;-10.1297;16.8898;196.6;190.955
13.4674;-9.93549;16.7357;196.8;191.149
13.4198;-9.74123;16.5826;197;191.343
13.3722;-9.54697;16.4305;197.2;191.538
13.3246;-9.35272;16.2794;197.4;191.732
13.277;-9.15846;16.1294;197.6;191.926
13.2295;-8.9642;15.9805;197.8;192.12
13.1819;-8.76994;15.8327;198;192.315
13.1343;-8.57569;15.686;198.2;192.509
13.0867;-8.38143;15.5406;198.4;192.703
13.0391;-8.18717;15.3964;198.6;192.897
12.9915;-7.99291;15.2534;198.8;193.092
12.944;-7.79866;15.1118;199;193.286
12.8964;-7.6044;14.9714;199.2;193.48
12.8488;-7.41014;14.8325;199.4;193.674
12.8012;-7.21589;14.6949;199.6;193.869
12.7536;-7.02163;14.5588;199.8;194.063
12.706;-6.82737;14.4242;200;194.257
12.6585;-6.63311;14.2911;200.2;194.451
12.6109;-6.43886;14.1596;200.4;194.646
12.5633;-6.2446;14.0297;200.6;194.84
12.5157;-6.05034;13.9014;200.8;195.034
12.4681;-5.85609;13.7749;201;195.228
12.4205;-5.66183;13.6501;201.2;195.423
12.373;-5.46757;13.5272;201.4;195.617
12.3254;-5.27331;13.4061;201.6;195.811
12.2778;-5.07906;13.2869;201.8;196.005
12.2302;-4.8848;13.1696;202;196.2
12.1826;-4.69054;13.0544;202.2;196.394
12.135;-4.49629;12.9412;202.4;196.588
12.0875;-4.30203;12.8302;202.6;196.783
12.0399;-4.10777;12.7213;202.8;196.977
11.9923;-3.91351;12.6147;203;197.171
11.9447;-3.71926;12.5104;203.2;197.365
11.8971;-3.525;12.4084;203.4;197.56
11.8495;-3.33074;12.3088;203.6;197.754
11.802;-3.13649;12.2116;203.8;197.948
11.7544;-2.94223;12.117;204;198.142
11.7068;-2.74797;12.025;204.2;198.337
11.6592;-2.55371;11.9356;204.4;198.531
11.6116;-2.35946;11.8489;204.6;198.725
11.564;-2.1652;11.765;204.8;198.919
11.5165;-1.97094;11.6839;205;199.114
11.4689;-1.77669;11.6057;205.2;199.308
11.4213;-1.58243;11.5304;205.4;199.502
11.3737;-1.38817;11.4581;205.6;199.696
11.3261;-1.19391;11.3889;205.8;199.891
11.2785;-0.999657;11.3228;206;200.085
11.231;-0.8054;11.2598;206.2;200.279
11.1834;-0.611143;11.2001;206.4;200.473
11.1358;-0.416885;11.1436;206.6;200.668
11.0882;-0.222628;11.0905;206.8;200.862
11.0406;-0.0283711;11.0407;207;201.056
10.9931;0.165886;10.9943;207.2;201.25
10.9455;0.360143;10.9514;207.4;201.445
10.8979;0.5544;10.912;207.6;201.639
10.8503;0.748658;10.8761;207.8;201.833
10.8027;0.942915;10.8438;208;202.027
10.7551;1.13717;10.8151;208.2;202.222
10.7076;1.33143;10.79;208.4;202.416
10.66;1.52569;10.7686;208.6;202.61
10.6124;1.71994;10.7509;208.8;202.804
10.5648;1.9142;10.7368;209;202.999
10.5172;2.10846;10.7265;209.2;203.193
10.4696;2.30271;10.7199;209.4;203.387
10.4221;2.49697;10.717;209.6;203.582
10.3745;2.69123;10.7179;209.8;203.776
10.3269;2.88549;10.7224;210;203.97
10.2793;3.07974;10.7307;210.2;204.164
10.2317;3.274;10.7428;210.4;204.359
10.1841;3.46826;10.7585;210.6;204.553
10.1366;3.66251;10.7779;210.8;204.747
10.089;3.85677;10.801;211;204.941
10.0414;4.05103;10.8278;211.2;205.136
9.99381;4.24529;10.8581;211.4;205.33
9.94622;4.43954;10.8921;211.6;205.524
9.89864;4.6338;10.9296;211.8;205.718
9.85106;4.82806;10.9706;212;205.913
9.80347;5.02232;11.0151;212.2;206.107
9.75589;5.21657;11.063;212.4;206.301
9.70831;5.41083;11.1143;212.6;206.495
9.66072;5.60509;11.169;212.8;206.69
9.61314;5.79934;11.227;213;206.884
9.56556;5.9936;11.2882;213.2;207.078
9.51797;6.18786;11.3526;213.4;207.272
9.47039;6.38212;11.4201;213.6;207.467
9.42281;6.57637;11.4908;213.8;207.661
9.37522;6.77063;11.5644;214;207.855
9.32764;6.96489;11.6411;214.2;208.049
9.28006;7.15914;11.7206;214.4;208.244
9.23248;7.3534;11.803;214.6;208.438
9.18489;7.54766;11.8882;214.8;208.632
9.13731;7.74192;11.9761;215;208.826
9.08973;7.93617;12.0667;215.2;209.021
9.04214;8.13043;12.1599;215.4;209.215
8.99456;8.32469;12.2557;215.6;209.409
8.94698;8.51894;12.354;215.8;209.603
8.89939;8.7132;12.4547;216;209.798
8.85181;8.90746;12.5578;216.2;209.992
8.80423;9.10172;12.6632;216.4;210.186
8.75664;9.29597;12.7708;216.6;210.381
8.70906;9.49023;12.8807;216.8;210.575
8.66148;9.68449;12.9927;217;210.769
8.61389;9.87874;13.1068;217.2;210.963
8.56631;10.073;13.223;217.4;211.158
8.51873;10.2673;13.3411;217.6;211.352
8.47115;10.4615;13.4612;217.8;211.546
8.42356;10.6558;13.5831;218;211.74
8.37598;10.85;13.7069;218.2;211.935
8.3284;11.0443;13.8325;218.4;212.129
8.28081;11.2385;13.9598;218.6;212.323
8.23323;11.4328;14.0888;218.8;212.517
8.18565;11.6271;14.2195;219;212.712
8.13806;11.8213;14.3517;219.2;212.906
8.09048;12.0156;14.4855;219.4;213.1
8.0429;12.2098;14.6208;219.6;213.294
7.99531;12.4041;14.7576;219.8;213.489
7.94773;12.5983;14.8958;220;213.683
7.90015;12.7926;15.0354;220.2;213.877
7.85257;12.9869;15.1763;220.4;214.071
7.80498;13.1811;15.3186;220.6;214.266
7.7574;13.3754;15.4621;220.8;214.46
7.70982;13.5696;15.6069;221;214.654
7.66223;13.7639;15.7529;221.2;214.848
7.61465;13.9581;15.9001;221.4;215.043
7.56707;14.1524;16.0484;221.6;215.237
7.51948;14.3467;16.1978;221.8;215.431
7.4719;14.5409;16.3483;222;215.625
7.42432;14.7352;16.4999;222.2;215.82
7.37673;14.9294;16.6525;222.4;216.014
7.32915;15.1237;16.806;222.6;216.208
7.28157;15.3179;16.9606;222.8;216.402
7.23398;15.5122;17.116;223;216.597
7.1864;15.7065;17.2724;223.2;216.791
7.13882;15.9007;17.4297;223.4;216.985
7.09124;16.095;17.5879;223.6;217.18
7.04365;16.2892;17.7469;223.8;217.374
6.99607;16.4835;17.9067;224;217.568
6.94849;16.6777;18.0673;224.2;217.762
6.9009;16.872;18.2287;224.4;217.957
6.85332;17.0663;18.3909;224.6;218.151
6.80574;17.2605;18.5538;224.8;218.345
6.75815;17.4548;18.7174;225;218.539
6.71057;17.649;18.8817;225.2;218.734
6.66299;17.8433;19.0467;225.4;218.928
6.6154;18.0375;19.2124;225.6;219.122
6.56782;18.2318;19.3787;225.8;219.316
6.52024;18.4261;19.5457;226;219.511
6.47265;18.6203;19.7132;226.2;219.705
6.42507;18.8146;19.8814;226.4;219.899
6.37749;19.0088;20.0501;226.6;220.093
6.32991;19.2031;20.2195;226.8;220.288
6.28232;19.3973;20.3893;227;220.482
6.23474;19.5916;20.5597;227.2;220.676
6.18716;19.7859;20.7307;227.4;220.87
6.13957;19.9801;20.9021;227.6;221.065
6.09199;20.1744;21.0741;227.8;221.259
6.04441;20.3686;21.2466;228;221.453
5.99682;20.5629;21.4195;228.2;221.647
5.94924;20.7571;21.5929;228.4;221.842
5.90166;20.9514;21.7667;228.6;222.036
5.85407;21.1457;21.941;228.8;222.23
5.80649;21.3399;22.1158;229;222.424
5.75891;21.5342;22.2909;229.2;222.619
5.71132;21.7284;22.4665;229.4;222.813
5.66374;21.9227;22.6425;229.6;223.007
5.61616;22.1169;22.8189;229.8;223.201
5.56858;22.3112;22.9956;230;223.396
5.52099;22.5055;23.1728;230.2;223.59
5.47341;22.6997;23.3503;230.4;223.784
5.42583;22.894;23.5281;230.6;223.979
5.37824;23.0882;23.7064;230.8;224.173
5.33066;23.2825;23.8849;231;224.367
5.28308;23.4767;24.0638;231.2;224.561
5.23549;23.671;24.2431;231.4;224.756
5.18791;23.8653;24.4226;231.6;224.95
5.14033;24.0595;24.6025;231.8;225.144
5.09274;24.2538;24.7827;232;225.338
5.04516;24.448;24.9632;232.2;225.533
4.99758;24.6423;25.1439;232.4;225.727
4.94999;24.8365;25.325;232.6;225.921
4.90241;25.0308;25.5064;232.8;226.115
4.85483;25.2251;25.688;233;226.31
4.80725;25.4193;25.8699;233.2;226.504
4.75966;25.6136;26.0521;233.4;226.698
4.71208;25.8078;26.2345;233.6;226.892
4.6645;26.0021;26.4172;233.8;227.087
4.61691;26.1963;26.6001;234;227.281
4.56933;26.3906;26.7833;234.2;227.475
4.52175;26.5849;26.9667;234.4;227.669
4.47416;26.7791;27.1503;234.6;227.864
4.42658;26.9734;27.3342;234.8;228.058
4.379;27.1676;27.5183;235;228.252
4.33141;27.3619;27.7026;235.2;228.446
4.28383;27.5561;27.8871;235.4;228.641
4.23625;27.7504;28.0719;235.6;228.835
4.18866;27.9447;28.2568;235.8;229.029
4.14108;28.1389;28.442;236;229.223
4.0935;28.3332;28.6274;236.2;229.418
4.04592;28.5274;28.8129;236.4;229.612
3.99833;28.7217;28.9987;236.6;229.806
3.95075;28.9159;29.1846;236.8;230
3.90317;29.1102;29.3707;237;230.195
3.85558;29.3045;29.557;237.2;230.389
3.808;29.4987;29.7435;237.4;230.583
3.76042;29.693;29.9301;237.6;230.778
3.71283;29.8872;30.117;237.8;230.972

3.66525;-29.9185;30.1422;238;231.166
3.61767;-29.7243;29.9436;238.2;231.36
3.57008;-29.53;29.745;238.4;231.555
3.5225;-29.3357;29.5465;238.6;231.749
3.47492;-29.1415;29.3479;238.8;231.943
3.42733;-28.9472;29.1494;239;232.137
3.37975;-28.753;28.9509;239.2;232.332
3.33217;-28.5587;28.7524;239.4;232.526
3.28459;-28.3645;28.554;239.6;232.72
3.237;-28.1702;28.3556;239.8;232.914
3.18942;-27.9759;28.1572;240;233.109
3.14184;-27.7817;27.9588;240.2;233.303
3.09425;-27.5874;27.7604;240.4;233.497
3.04667;-27.3932;27.5621;240.6;233.691
2.99909;-27.1989;27.3638;240.8;233.886
2.9515;-27.0047;27.1655;241;234.08
2.90392;-26.8104;26.9672;241.2;234.274
2.85634;-26.6161;26.769;241.4;234.468
2.80875;-26.4219;26.5708;241.6;234.663
2.76117;-26.2276;26.3726;241.8;234.857
2.71359;-26.0334;26.1744;242;235.051
2.666;-25.8391;25.9763;242.2;235.245
2.61842;-25.6449;25.7782;242.4;235.44
2.57084;-25.4506;25.5801;242.6;235.634
2.52326;-25.2563;25.3821;242.8;235.828
2.47567;-25.0621;25.1841;243;236.022
2.42809;-24.8678;24.9861;243.2;236.217
2.38051;-24.6736;24.7881;243.4;236.411
2.33292;-24.4793;24.5902;243.6;236.605
2.28534;-24.2851;24.3923;243.8;236.799
2.23776;-24.0908;24.1945;244;236.994
2.19017;-23.8965;23.9967;244.2;237.188
2.14259;-23.7023;23.7989;244.4;237.382
2.09501;-23.508;23.6012;244.6;237.577
2.04742;-23.3138;23.4035;244.8;237.771
1.99984;-23.1195;23.2058;245;237.965
1.95226;-22.9253;23.0082;245.2;238.159
1.90467;-22.731;22.8107;245.4;238.354
1.85709;-22.5367;22.6131;245.6;238.548
1.80951;-22.3425;22.4156;245.8;238.742
1.76193;-22.1482;22.2182;246;238.936
1.71434;-21.954;22.0208;246.2;239.131
1.66676;-21.7597;21.8235;246.4;239.325
1.61918;-21.5655;21.6262;246.6;239.519
1.57159;-21.3712;21.4289;246.8;239.713
1.52401;-21.1769;21.2317;247;239.908
1.47643;-20.9827;21.0346;247.2;240.102
1.42884;-20.7884;20.8375;247.4;240.296
1.38126;-20.5942;20.6404;247.6;240.49
1.33368;-20.3999;20.4435;247.8;240.685
1.28609;-20.2057;20.2465;248;240.879
1.23851;-20.0114;20.0497;248.2;241.073
1.19093;-19.8171;19.8529;248.4;241.267
1.14334;-19.6229;19.6562;248.6;241.462
1.09576;-19.4286;19.4595;248.8;241.656
1.04818;-19.2344;19.2629;249;241.85
1.0006;-19.0401;19.0664;249.2;242.044
0.953012;-18.8459;18.8699;249.4;242.239
0.905429;-18.6516;18.6736;249.6;242.433
0.857846;-18.4573;18.4773;249.8;242.627
0.810263;-18.2631;18.281;250;242.821
0.76268;-18.0688;18.0849;250.2;243.016
0.715097;-17.8746;17.8889;250.4;243.21
0.667513;-17.6803;17.6929;250.6;243.404
0.61993;-17.4861;17.497;250.8;243.598
0.572347;-17.2918;17.3013;251;243.793
0.524764;-17.0975;17.1056;251.2;243.987
0.477181;-16.9033;16.91;251.4;244.181
0.429598;-16.709;16.7145;251.6;244.376
0.382015;-16.5148;16.5192;251.8;244.57
0.334432;-16.3205;16.3239;252;244.764
0.286848;-16.1263;16.1288;252.2;244.958
0.239265;-15.932;15.9338;252.4;245.153
0.191682;-15.7377;15.7389;252.6;245.347
0.144099;-15.5435;15.5441;252.8;245.541
0.096516;-15.3492;15.3495;253;245.735
0.0489329;-15.155;15.155;253.2;245.93
0.00134976;-14.9607;14.9607;253.4;246.124
-0.0462334;-14.7665;14.7665;253.6;246.318
-0.0938165;-14.5722;14.5725;253.8;246.512
-0.1414;-14.3779;14.3786;254;246.707
-0.188983;-14.1837;14.1849;254.2;246.901
-0.236566;-13.9894;13.9914;254.4;247.095
-0.284149;-13.7952;13.7981;254.6;247.289
-0.331732;-13.6009;13.605;254.8;247.484
-0.379315;-13.4067;13.412;255;247.678
-0.426898;-13.2124;13.2193;255.2;247.872
-0.474481;-13.0181;13.0268;255.4;248.066
-0.522065;-12.8239;12.8345;255.6;248.261
-0.569648;-12.6296;12.6425;255.8;248.455
-0.617231;-12.4354;12.4507;256;248.649
-0.664814;-12.2411;12.2591;256.2;248.843
-0.712397;-12.0469;12.0679;256.4;249.038
-0.75998;-11.8526;11.8769;256.6;249.232
-0.807563;-11.6583;11.6863;256.8;249.426
-0.855146;-11.4641;11.4959;257;249.62
-0.90273;-11.2698;11.3059;257.2;249.815
-0.950313;-11.0756;11.1163;257.4;250.009
-0.997896;-10.8813;10.927;257.6;250.203
-1.04548;-10.6871;10.7381;257.8;250.397
-1.09306;-10.4928;10.5496;258;250.592
-1.14065;-10.2985;10.3615;258.2;250.786
-1.18823;-10.1043;10.1739;258.4;250.98
-1.23581;-9.91002;9.98678;258.6;251.175
-1.28339;-9.71577;9.80016;258.8;251.369
-1.33098;-9.52151;9.61408;259;251.563
-1.37856;-9.32725;9.42858;259.2;251.757
-1.42614;-9.13299;9.24367;259.4;251.952
-1.47373;-8.93874;9.05941;259.6;252.146
-1.52131;-8.74448;8.87583;259.8;252.34
-1.56889;-8.55022;8.69297;260;252.534
-1.61648;-8.35597;8.51088;260.2;252.729
-1.66406;-8.16171;8.32962;260.4;252.923
-1.71164;-7.96745;8.14923;260.6;253.117
-1.75923;-7.77319;7.96978;260.8;253.311
-1.80681;-7.57894;7.79133;261;253.506
-1.85439;-7.38468;7.61395;261.2;253.7
-1.90198;-7.19042;7.43772;261.4;253.894
-1.94956;-6.99616;7.26272;261.6;254.088
-1.99714;-6.80191;7.08904;261.8;254.283
-2.04472;-6.60765;6.91679;262;254.477
-2.09231;-6.41339;6.74606;262.2;254.671
-2.13989;-6.21914;6.57699;262.4;254.865
-2.18747;-6.02488;6.4097;262.6;255.06
-2.23506;-5.83062;6.24433;262.8;255.254
-2.28264;-5.63636;6.08104;263;255.448
-2.33022;-5.44211;5.92001;263.2;255.642
-2.37781;-5.24785;5.76141;263.4;255.837
-2.42539;-5.05359;5.60547;263.6;256.031
-2.47297;-4.85934;5.45241;263.8;256.225
-2.52056;-4.66508;5.30247;264;256.419
-2.56814;-4.47082;5.15593;264.2;256.614
-2.61572;-4.27656;5.01308;264.4;256.808
-2.66331;-4.08231;4.87426;264.6;257.002
-2.71089;-3.88805;4.73982;264.8;257.196
-2.75847;-3.69379;4.61013;265;257.391
-2.80605;-3.49954;4.48561;265.2;257.585
-2.85364;-3.30528;4.36671;265.4;257.779
-2.90122;-3.11102;4.25388;265.6;257.974
-2.9488;-2.91676;4.14764;265.8;258.168
-2.99639;-2.72251;4.0485;266;258.362
-3.04397;-2.52825;3.95699;266.2;258.556
-3.09155;-2.33399;3.87366;266.4;258.751
-3.13914;-2.13974;3.79903;266.6;258.945
-3.18672;-1.94548;3.73364;266.8;259.139
-3.2343;-1.75122;3.67797;267;259.333
-3.28189;-1.55696;3.63248;267.2;259.528
-3.32947;-1.36271;3.59755;267.4;259.722
-3.37705;-1.16845;3.57348;267.6;259.916
-3.42464;-0.974193;3.5605;267.8;260.11
-3.47222;-0.779936;3.55874;268;260.305
-3.5198;-0.585678;3.5682;268.2;260.499
-3.56738;-0.391421;3.58879;268.4;260.693
-3.61497;-0.197164;3.62034;268.6;260.887
-3.66255;-0.00290695;3.66255;268.8;261.082
-3.71013;0.19135;3.71506;269;261.276
-3.75772;0.385607;3.77745;269.2;261.47
-3.8053;0.579865;3.84923;269.4;261.664
-3.85288;0.774122;3.92988;269.6;261.859
-3.90047;0.968379;4.01888;269.8;262.053
-3.94805;1.16264;4.11568;270;262.247
-3.99563;1.35689;4.21974;270.2;262.441
-4.04322;1.55115;4.33055;270.4;262.636
-4.0908;1.74541;4.44759;270.6;262.83
-4.13838;1.93966;4.57039;270.8;263.024
-4.18597;2.13392;4.6985;271;263.218
-4.23355;2.32818;4.8315;271.2;263.413
-4.28113;2.52244;4.96898;271.4;263.607
-4.32871;2.71669;5.1106;271.6;263.801
-4.3763;2.91095;5.25601;271.8;263.995
-4.42388;3.10521;5.40491;272;264.19
-4.47146;3.29946;5.55702;272.2;264.384
-4.51905;3.49372;5.71208;272.4;264.578
-4.56663;3.68798;5.86986;272.6;264.773
-4.61421;3.88224;6.03015;272.8;264.967
-4.6618;4.07649;6.19275;273;265.161
-4.70938;4.27075;6.35748;273.2;265.355
-4.75696;4.46501;6.52418;273.4;265.55
-4.80455;4.65927;6.69271;273.6;265.744
-4.85213;4.85352;6.86293;273.8;265.938
-4.89971;5.04778;7.03472;274;266.132
-4.9473;5.24204;7.20796;274.2;266.327
-4.99488;5.43629;7.38255;274.4;266.521
-5.04246;5.63055;7.55841;274.6;266.715
-5.09004;5.82481;7.73543;274.8;266.909
-5.13763;6.01907;7.91356;275;267.104
-5.18521;6.21332;8.0927;275.2;267.298
-5.23279;6.40758;8.2728;275.4;267.492
-5.28038;6.60184;8.45379;275.6;267.686
-5.32796;6.79609;8.63563;275.8;267.881
-5.37554;6.99035;8.81825;276;268.075
-5.42313;7.18461;9.00161;276.2;268.269
-5.47071;7.37887;9.18566;276.4;268.463
-5.51829;7.57312;9.37036;276.6;268.658
-5.56588;7.76738;9.55569;276.8;268.852
-5.61346;7.96164;9.74159;277;269.046
-5.66104;8.15589;9.92804;277.2;269.24
-5.70862;8.35015;10.115;277.4;269.435
-5.75621;8.54441;10.3025;277.6;269.629
-5.80379;8.73867;10.4904;277.8;269.823
-5.85137;8.93292;10.6787;278;270.017
-5.89896;9.12718;10.8675;278.2;270.212
-5.94654;9.32144;11.0567;278.4;270.406
-5.99412;9.51569;11.2462;278.6;270.6
-6.04171;9.70995;11.4361;278.8;270.794
-6.08929;9.90421;11.6264;279;270.989
-6.13687;10.0985;11.8169;279.2;271.183
-6.18446;10.2927;12.0078;279.4;271.377
-6.23204;10.487;12.199;279.6;271.572
-6.27962;10.6812;12.3904;279.8;271.766
-6.32721;10.8755;12.5821;280;271.96
-6.37479;11.0698;12.7741;280.2;272.154
-6.42237;11.264;12.9663;280.4;272.349
-6.46995;11.4583;13.1587;280.6;272.543
-6.51754;11.6525;13.3514;280.8;272.737
-6.56512;11.8468;13.5443;281;272.931
-6.6127;12.041;13.7373;281.2;273.126
-6.66029;12.2353;13.9306;281.4;273.32
-6.70787;12.4296;14.1241;281.6;273.514
-6.75545;12.6238;14.3177;281.8;273.708
-6.80304;12.8181;14.5115;282;273.903
-6.85062;13.0123;14.7055;282.2;274.097
-6.8982;13.2066;14.8996;282.4;274.291
-6.94579;13.4008;15.0939;282.6;274.485
-6.99337;13.5951;15.2884;282.8;274.68
-7.04095;13.7894;15.4829;283;274.874
-7.08854;13.9836;15.6776;283.2;275.068
-7.13612;14.1779;15.8725;283.4;275.262
-7.1837;14.3721;16.0675;283.6;275.457
-7.23128;14.5664;16.2626;283.8;275.651
-7.27887;14.7606;16.4578;284;275.845
-7.32645;14.9549;16.6531;284.2;276.039
-7.37403;15.1492;16.8485;284.4;276.234
-7.42162;15.3434;17.0441;284.6;276.428
-7.4692;15.5377;17.2397;284.8;276.622
-7.51678;15.7319;17.4355;285;276.816
-7.56437;15.9262;17.6313;285.2;277.011
-7.61195;16.1204;17.8272;285.4;277.205
-7.65953;16.3147;18.0233;285.6;277.399
-7.70712;16.509;18.2194;285.8;277.593
-7.7547;16.7032;18.4156;286;277.788
-7.80228;16.8975;18.6118;286.2;277.982
-7.84987;17.0917;18.8082;286.4;278.176
-7.89745;17.286;19.0046;286.6;278.371
-7.94503;17.4802;19.2011;286.8;278.565
-7.99261;17.6745;19.3977;287;278.759
-8.0402;17.8688;19.5943;287.2;278.953
-8.08778;18.063;19.791;287.4;279.148
-8.13536;18.2573;19.9878;287.6;279.342
-8.18295;18.4515;20.1846;287.8;279.536
-8.23053;18.6458;20.3815;288;279.73
-8.27811;18.84;20.5785;288.2;279.925
-8.3257;19.0343;20.7755;288.4;280.119
-8.37328;19.2286;20.9726;288.6;280.313
-8.42086;19.4228;21.1697;288.8;280.507
-8.46845;19.6171;21.3669;289;280.702
-8.51603;19.8113;21.5641;289.2;280.896
-8.56361;20.0056;21.7614;289.4;281.09
-8.6112;20.1998;21.9587;289.6;281.284
-8.65878;20.3941;22.1561;289.8;281.479
-8.70636;20.5884;22.3535;290;281.673
-8.75394;20.7826;22.551;290.2;281.867
-8.80153;20.9769;22.7485;290.4;282.061
-8.84911;21.1711;22.9461;290.6;282.256
-8.89669;21.3654;23.1437;290.8;282.45
-8.94428;21.5596;23.3413;291;282.644
-8.99186;21.7539;23.539;291.2;282.838
-9.03944;21.9482;23.7367;291.4;283.033
-9.08703;22.1424;23.9345;291.6;283.227
-9.13461;22.3367;24.1323;291.8;283.421
-9.18219;22.5309;24.3301;292;283.615
-9.22978;22.7252;24.528;292.2;283.81
-9.27736;22.9194;24.7259;292.4;284.004
-9.32494;23.1137;24.9238;292.6;284.198
-9.37253;23.308;25.1218;292.8;284.392
-9.42011;23.5022;25.3198;293;284.587
-9.46769;23.6965;25.5178;293.2;284.781
-9.51527;23.8907;25.7159;293.4;284.975
-9.56286;24.085;25.914;293.6;285.17
-9.61044;24.2792;26.1121;293.8;285.364
-9.65802;24.4735;26.3103;294;285.558
-9.70561;24.6678;26.5084;294.2;285.752
-9.75319;24.862;26.7066;294.4;285.947
-9.80077;25.0563;26.9049;294.6;286.141
-9.84836;25.2505;27.1031;294.8;286.335
-9.89594;25.4448;27.3014;295;286.529
-9.94352;25.639;27.4997;295.2;286.724
-9.99111;25.8333;27.698;295.4;286.918
-10.0387;26.0276;27.8964;295.6;287.112
-10.0863;26.2218;28.0948;295.8;287.306
-10.1339;26.4161;28.2932;296;287.501
-10.1814;26.6103;28.4916;296.2;287.695
-10.229;26.8046;28.69;296.4;287.889
-10.2766;26.9988;28.8885;296.6;288.083
-10.3242;27.1931;29.087;296.8;288.278
-10.3718;27.3874;29.2855;297;288.472
-10.4194;27.5816;29.484;297.2;288.666
-10.4669;27.7759;29.6826;297.4;288.86
-10.5145;27.9701;29.8811;297.6;289.055
-10.5621;28.1644;30.0797;297.8;289.249
-10.6097;28.3586;30.2783;298;289.443
-10.6573;28.5529;30.477;298.2;289.637
-10.7049;28.7472;30.6756;298.4;289.832
-10.7524;28.9414;30.8743;298.6;290.026
-10.8;29.1357;31.0729;298.8;290.22
-10.8476;29.3299;31.2716;299;290.414
-10.8952;29.5242;31.4703;299.2;290.609
-10.9428;29.7184;31.6691;299.4;290.803
-10.9904;29.9127;31.8678;299.6;290.997

-11.0379;-29.893;31.8658;299.8;291.191
-11.0855;-29.6988;31.7003;300;291.386
-11.1331;-29.5045;31.5351;300.2;291.58
-11.1807;-29.3103;31.3704;300.4;291.774
-11.2283;-29.116;31.206;300.6;291.969
-11.2759;-28.9218;31.0421;300.8;292.163
-11.3234;-28.7275;30.8786;301;292.357
-11.371;-28.5332;30.7156;301.2;292.551
-11.4186;-28.339;30.5529;301.4;292.746
-11.4662;-28.1447;30.3908;301.6;292.94
-11.5138;-27.9505;30.2291;301.8;293.134
-11.5613;-27.7562;30.0678;302;293.328
-11.6089;-27.562;29.907;302.2;293.523
-11.6565;-27.3677;29.7467;302.4;293.717
-11.7041;-27.1734;29.5869;302.6;293.911
-11.7517;-26.9792;29.4275;302.8;294.105
-11.7993;-26.7849;29.2687;303;294.3
-11.8468;-26.5907;29.1103;303.2;294.494
-11.8944;-26.3964;28.9525;303.4;294.688
-11.942;-26.2022;28.7952;303.6;294.882
-11.9896;-26.0079;28.6385;303.8;295.077
-12.0372;-25.8136;28.4822;304;295.271
-12.0848;-25.6194;28.3266;304.2;295.465
-12.1323;-25.4251;28.1715;304.4;295.659
-12.1799;-25.2309;28.0169;304.6;295.854
-12.2275;-25.0366;27.863;304.8;296.048
-12.2751;-24.8424;27.7096;305;296.242
-12.3227;-24.6481;27.5568;305.2;296.436
-12.3703;-24.4538;27.4046;305.4;296.631
-12.4178;-24.2596;27.2531;305.6;296.825
-12.4654;-24.0653;27.1022;305.8;297.019
-12.513;-23.8711;26.9519;306;297.213
-12.5606;-23.6768;26.8022;306.2;297.408
-12.6082;-23.4826;26.6533;306.4;297.602
-12.6558;-23.2883;26.505;306.6;297.796
-12.7033;-23.094;26.3573;306.8;297.99
-12.7509;-22.8998;26.2104;307;298.185
-12.7985;-22.7055;26.0642;307.2;298.379
-12.8461;-22.5113;25.9187;307.4;298.573
-12.8937;-22.317;25.7739;307.6;298.768
-12.9413;-22.1228;25.6299;307.8;298.962
-12.9888;-21.9285;25.4866;308;299.156
-13.0364;-21.7342;25.3441;308.2;299.35
-13.084;-21.54;25.2024;308.4;299.545
-13.1316;-21.3457;25.0615;308.6;299.739
-13.1792;-21.1515;24.9214;308.8;299.933
-13.2268;-20.9572;24.7821;309;300.127
-13.2743;-20.763;24.6436;309.2;300.322
-13.3219;-20.5687;24.506;309.4;300.516
-13.3695;-20.3744;24.3693;309.6;300.71
-13.4171;-20.1802;24.2334;309.8;300.904
-13.4647;-19.9859;24.0984;310;301.099
-13.5123;-19.7917;23.9644;310.2;301.293
-13.5598;-19.5974;23.8312;310.4;301.487
-13.6074;-19.4032;23.699;310.6;301.681
-13.655;-19.2089;23.5678;310.8;301.876
-13.7026;-19.0146;23.4375;311;302.07
-13.7502;-18.8204;23.3082;311.2;302.264
-13.7978;-18.6261;23.18;311.4;302.458
-13.8453;-18.4319;23.0527;311.6;302.653
-13.8929;-18.2376;22.9265;311.8;302.847
-13.9405;-18.0434;22.8013;312;303.041
-13.9881;-17.8491;22.6772;312.2;303.235
-14.0357;-17.6548;22.5542;312.4;303.43
-14.0833;-17.4606;22.4323;312.6;303.624
-14.1308;-17.2663;22.3116;312.8;303.818
-14.1784;-17.0721;22.192;313;304.012
-14.226;-16.8778;22.0735;313.2;304.207
-14.2736;-16.6836;21.9562;313.4;304.401
-14.3212;-16.4893;21.8402;313.6;304.595
-14.3688;-16.295;21.7253;313.8;304.789
-14.4163;-16.1008;21.6117;314;304.984
-14.4639;-15.9065;21.4994;314.2;305.178
-14.5115;-15.7123;21.3883;314.4;305.372
-14.5591;-15.518;21.2785;314.6;305.567
-14.6067;-15.3238;21.1701;314.8;305.761
-14.6543;-15.1295;21.063;315;305.955
-14.7018;-14.9352;20.9572;315.2;306.149
-14.7494;-14.741;20.8529;315.4;306.344
-14.797;-14.5467;20.7499;315.6;306.538
-14.8446;-14.3525;20.6484;315.8;306.732
-14.8922;-14.1582;20.5483;316;306.926
-14.9398;-13.964;20.4497;316.2;307.121
-14.9873;-13.7697;20.3525;316.4;307.315
-15.0349;-13.5754;20.2569;316.6;307.509
-15.0825;-13.3812;20.1628;316.8;307.703
-15.1301;-13.1869;20.0702;317;307.898
-15.1777;-12.9927;19.9793;317.2;308.092
-15.2252;-12.7984;19.8899;317.4;308.286
-15.2728;-12.6042;19.8021;317.6;308.48
-15.3204;-12.4099;19.716;317.8;308.675
-15.368;-12.2156;19.6315;318;308.869
-15.4156;-12.0214;19.5488;318.2;309.063
-15.4632;-11.8271;19.4677;318.4;309.257
-15.5107;-11.6329;19.3883;318.6;309.452
-15.5583;-11.4386;19.3107;318.8;309.646
-15.6059;-11.2444;19.2349;319;309.84
-15.6535;-11.0501;19.1608;319.2;310.034
-15.7011;-10.8558;19.0886;319.4;310.229
-15.7487;-10.6616;19.0181;319.6;310.423
-15.7962;-10.4673;18.9496;319.8;310.617
-15.8438;-10.2731;18.8829;320;310.811
-15.8914;-10.0788;18.8181;320.2;311.006
-15.939;-9.88456;18.7552;320.4;311.2
-15.9866;-9.6903;18.6942;320.6;311.394
-16.0342;-9.49604;18.6352;320.8;311.588
-16.0817;-9.30179;18.5781;321;311.783
-16.1293;-9.10753;18.523;321.2;311.977
-16.1769;-8.91327;18.4699;321.4;312.171
-16.2245;-8.71902;18.4189;321.6;312.366
-16.2721;-8.52476;18.3699;321.8;312.56
-16.3197;-8.3305;18.3229;322;312.754
-16.3672;-8.13624;18.278;322.2;312.948
-16.4148;-7.94199;18.2352;322.4;313.143
-16.4624;-7.74773;18.1945;322.6;313.337
-16.51;-7.55347;18.1558;322.8;313.531
-16.5576;-7.35922;18.1194;323;313.725
-16.6052;-7.16496;18.085;323.2;313.92
-16.6527;-6.9707;18.0528;323.4;314.114
-16.7003;-6.77644;18.0228;323.6;314.308
-16.7479;-6.58219;17.9949;323.8;314.502
-16.7955;-6.38793;17.9693;324;314.697
-16.8431;-6.19367;17.9458;324.2;314.891
-16.8907;-5.99941;17.9245;324.4;315.085
-16.9382;-5.80516;17.9054;324.6;315.279
-16.9858;-5.6109;17.8886;324.8;315.474
-17.0334;-5.41664;17.8739;325;315.668
-17.081;-5.22239;17.8615;325.2;315.862
-17.1286;-5.02813;17.8513;325.4;316.056
-17.1762;-4.83387;17.8434;325.6;316.251
-17.2237;-4.63961;17.8377;325.8;316.445
-17.2713;-4.44536;17.8342;326;316.639
-17.3189;-4.2511;17.833;326.2;316.833
-17.3665;-4.05684;17.834;326.4;317.028
-17.4141;-3.86259;17.8373;326.6;317.222
-17.4617;-3.66833;17.8428;326.8;317.416
-17.5092;-3.47407;17.8506;327;317.61
-17.5568;-3.27981;17.8605;327.2;317.805
-17.6044;-3.08556;17.8728;327.4;317.999
-17.652;-2.8913;17.8872;327.6;318.193
-17.6996;-2.69704;17.9039;327.8;318.387
-17.7472;-2.50279;17.9228;328;318.582
-17.7947;-2.30853;17.9439;328.2;318.776
-17.8423;-2.11427;17.9672;328.4;318.97
-17.8899;-1.92001;17.9926;328.6;319.165
-17.9375;-1.72576;18.0203;328.8;319.359
-17.9851;-1.5315;18.0502;329;319.553
-18.0327;-1.33724;18.0822;329.2;319.747
-18.0802;-1.14299;18.1163;329.4;319.942
-18.1278;-0.948729;18.1526;329.6;320.136
-18.1754;-0.754471;18.1911;329.8;320.33
-18.223;-0.560214;18.2316;330;320.524
-18.2706;-0.365957;18.2742;330.2;320.719
-18.3182;-0.1717;18.319;330.4;320.913
-18.3657;0.0225572;18.3657;330.6;321.107
-18.4133;0.216814;18.4146;330.8;321.301
-18.4609;0.411072;18.4655;331;321.496
-18.5085;0.605329;18.5184;331.2;321.69
-18.5561;0.799586;18.5733;331.4;321.884
-18.6037;0.993843;18.6302;331.6;322.078
-18.6512;1.1881;18.689;331.8;322.273
-18.6988;1.38236;18.7498;332;322.467
-18.7464;1.57661;18.8126;332.2;322.661
-18.794;1.77087;18.8772;332.4;322.855
-18.8416;1.96513;18.9438;332.6;323.05
-18.8892;2.15939;19.0122;332.8;323.244
-18.9367;2.35364;19.0824;333;323.438
-18.9843;2.5479;19.1545;333.2;323.632
-19.0319;2.74216;19.2284;333.4;323.827
-19.0795;2.93641;19.3041;333.6;324.021
-19.1271;3.13067;19.3816;333.8;324.215
-19.1746;3.32493;19.4608;334;324.409
-19.2222;3.51919;19.5417;334.2;324.604
-19.2698;3.71344;19.6244;334.4;324.798
-19.3174;3.9077;19.7087;334.6;324.992
-19.365;4.10196;19.7947;334.8;325.186
-19.4126;4.29621;19.8823;335;325.381
-19.4601;4.49047;19.9715;335.2;325.575
-19.5077;4.68473;20.0624;335.4;325.769
-19.5553;4.87899;20.1548;335.6;325.964
-19.6029;5.07324;20.2487;335.8;326.158
-19.6505;5.2675;20.3442;336;326.352
-19.6981;5.46176;20.4412;336.2;326.546
-19.7456;5.65602;20.5397;336.4;326.741
-19.7932;5.85027;20.6397;336.6;326.935
-19.8408;6.04453;20.7411;336.8;327.129
-19.8884;6.23879;20.844;337;327.323
-19.936;6.43304;20.9482;337.2;327.518
-19.9836;6.6273;21.0538;337.4;327.712
-20.0311;6.82156;21.1608;337.6;327.906
-20.0787;7.01582;21.2692;337.8;328.1
-20.1263;7.21007;21.3788;338;328.295
-20.1739;7.40433;21.4898;338.2;328.489
-20.2215;7.59859;21.602;338.4;328.683
-20.2691;7.79284;21.7155;338.6;328.877
-20.3166;7.9871;21.8302;338.8;329.072
-20.3642;8.18136;21.9462;339;329.266
-20.4118;8.37562;22.0634;339.2;329.46
-20.4594;8.56987;22.1817;339.4;329.654
-20.507;8.76413;22.3013;339.6;329.849
-20.5546;8.95839;22.4219;339.8;330.043
-20.6021;9.15264;22.5437;340;330.237
-20.6497;9.3469;22.6666;340.2;330.431
-20.6973;9.54116;22.7906;340.4;330.626
-20.7449;9.73542;22.9157;340.6;330.82
-20.7925;9.92967;23.0418;340.8;331.014
-20.8401;10.1239;23.169;341;331.208
-20.8876;10.3182;23.2972;341.2;331.403
-20.9352;10.5124;23.4264;341.4;331.597
-20.9828;10.7067;23.5566;341.6;331.791
-21.0304;10.901;23.6877;341.8;331.985
-21.078;11.0952;23.8198;342;332.18
-21.1256;11.2895;23.9529;342.2;332.374
-21.1731;11.4837;24.0869;342.4;332.568
-21.2207;11.678;24.2218;342.6;332.763
-21.2683;11.8722;24.3576;342.8;332.957
-21.3159;12.0665;24.4942;343;333.151
-21.3635;12.2608;24.6318;343.2;333.345
-21.4111;12.455;24.7702;343.4;333.54
-21.4586;12.6493;24.9094;343.6;333.734
-21.5062;12.8435;25.0494;343.8;333.928
-21.5538;13.0378;25.1903;344;334.122
-21.6014;13.232;25.3319;344.2;334.317
-21.649;13.4263;25.4744;344.4;334.511
-21.6966;13.6206;25.6176;344.6;334.705
-21.7441;13.8148;25.7615;344.8;334.899
-21.7917;14.0091;25.9062;345;335.094
-21.8393;14.2033;26.0517;345.2;335.288
-21.8869;14.3976;26.1978;345.4;335.482
-21.9345;14.5918;26.3447;345.6;335.676
-21.9821;14.7861;26.4923;345.8;335.871
-22.0296;14.9804;26.6405;346;336.065
-22.0772;15.1746;26.7894;346.2;336.259
-22.1248;15.3689;26.939;346.4;336.453
-22.1724;15.5631;27.0892;346.6;336.648
-22.22;15.7574;27.2401;346.8;336.842
-22.2676;15.9516;27.3916;347;337.036
-22.3151;16.1459;27.5437;347.2;337.23
-22.3627;16.3402;27.6964;347.4;337.425
-22.4103;16.5344;27.8497;347.6;337.619
-22.4579;16.7287;28.0037;347.8;337.813
-22.5055;16.9229;28.1582;348;338.007
-22.5531;17.1172;28.3132;348.2;338.202
-22.6006;17.3114;28.4688;348.4;338.396
-22.6482;17.5057;28.625;348.6;338.59
-22.6958;17.7;28.7817;348.8;338.784
-22.7434;17.8942;28.939;349;338.979
-22.791;18.0885;29.0968;349.2;339.173
-22.8385;18.2827;29.255;349.4;339.367
-22.8861;18.477;29.4138;349.6;339.562
-22.9337;18.6712;29.5731;349.8;339.756
-22.9813;18.8655;29.7329;350;339.95
-23.0289;19.0598;29.8932;350.2;340.144
-23.0765;19.254;30.054;350.4;340.339
-23.124;19.4483;30.2152;350.6;340.533
-23.1716;19.6425;30.3769;350.8;340.727
-23.2192;19.8368;30.539;351;340.921
-23.2668;20.031;30.7016;351.2;341.116
-23.3144;20.2253;30.8646;351.4;341.31
-23.362;20.4196;31.028;351.6;341.504
-23.4095;20.6138;31.1919;351.8;341.698
-23.4571;20.8081;31.3562;352;341.893
-23.5047;21.0023;31.5209;352.2;342.087
-23.5523;21.1966;31.6861;352.4;342.281
-23.5999;21.3908;31.8516;352.6;342.475
-23.6475;21.5851;32.0175;352.8;342.67
-23.695;21.7794;32.1838;353;342.864
-23.7426;21.9736;32.3505;353.2;343.058
-23.7902;22.1679;32.5175;353.4;343.252
-23.8378;22.3621;32.6849;353.6;343.447
-23.8854;22.5564;32.8527;353.8;343.641
-23.933;22.7506;33.0209;354;343.835
-23.9805;22.9449;33.1894;354.2;344.029
-24.0281;23.1392;33.3582;354.4;344.224
-24.0757;23.3334;33.5274;354.6;344.418
-24.1233;23.5277;33.697;354.8;344.612
-24.1709;23.7219;33.8668;355;344.806
-24.2185;23.9162;34.037;355.2;345.001
-24.266;24.1104;34.2075;355.4;345.195
-24.3136;24.3047;34.3784;355.6;345.389
-24.3612;24.499;34.5495;355.8;345.583
-24.4088;24.6932;34.7209;356;345.778
-24.4564;24.8875;34.8927;356.2;345.972
-24.504;25.0817;35.0648;356.4;346.166
-24.5515;25.276;35.2371;356.6;346.361
-24.5991;25.4702;35.4097;356.8;346.555
-24.6467;25.6645;35.5827;357;346.749
-24.6943;25.8588;35.7559;357.2;346.943
-24.7419;26.053;35.9294;357.4;347.138
-24.7895;26.2473;36.1031;357.6;347.332
-24.837;26.4415;36.2772;357.8;347.526
-24.8846;26.6358;36.4515;358;347.72
-24.9322;26.83;36.626;358.2;347.915
-24.9798;27.0243;36.8009;358.4;348.109
-25.0274;27.2186;36.9759;358.6;348.303
-25.075;27.4128;37.1513;358.8;348.497
-25.1225;27.6071;37.3268;359;348.692
-25.1701;27.8013;37.5027;359.2;348.886
-25.2177;27.9956;37.6787;359.4;349.08
-25.2653;28.1898;37.855;359.6;349.274
-25.3129;28.3841;38.0316;359.8;349.469
-25.3605;28.5784;38.2083;360;349.663
-25.408;28.7726;38.3853;360.2;349.857
-25.4556;28.9669;38.5625;360.4;350.051
-25.5032;29.1611;38.74;360.6;350.246
-25.5508;29.3554;38.9176;360.8;350.44
-25.5984;29.5496;39.0955;361;350.634
-25.646;29.7439;39.2736;361.2;350.828
-25.6935;29.9382;39.4519;361.4;351.023

-25.7411;-29.8676;39.4294;361.6;351.217
-25.7887;-29.6733;39.3137;361.8;351.411
-25.8363;-29.4791;39.1986;362;351.605
-25.8839;-29.2848;39.0842;362.2;351.8
-25.9315;-29.0906;38.9705;362.4;351.994
-25.979;-28.8963;38.8575;362.6;352.188
-26.0266;-28.702;38.7452;362.8;352.382
-26.0742;-28.5078;38.6336;363;352.577
-26.1218;-28.3135;38.5228;363.2;352.771
-26.1694;-28.1193;38.4126;363.4;352.965
-26.217;-27.925;38.3032;363.6;353.16
-26.2645;-27.7308;38.1945;363.8;353.354
-26.3121;-27.5365;38.0866;364;353.548
-26.3597;-27.3422;37.9794;364.2;353.742
-26.4073;-27.148;37.8729;364.4;353.937
-26.4549;-26.9537;37.7672;364.6;354.131
-26.5024;-26.7595;37.6623;364.8;354.325
-26.55;-26.5652;37.5582;365;354.519
-26.5976;-26.371;37.4548;365.2;354.714
-26.6452;-26.1767;37.3522;365.4;354.908
-26.6928;-25.9824;37.2504;365.6;355.102
-26.7404;-25.7882;37.1494;365.8;355.296
-26.7879;-25.5939;37.0492;366;355.491
-26.8355;-25.3997;36.9498;366.2;355.685
-26.8831;-25.2054;36.8512;366.4;355.879
-26.9307;-25.0112;36.7535;366.6;356.073
-26.9783;-24.8169;36.6566;366.8;356.268
-27.0259;-24.6226;36.5605;367;356.462
-27.0734;-24.4284;36.4653;367.2;356.656
-27.121;-24.2341;36.3709;367.4;356.85
-27.1686;-24.0399;36.2774;367.6;357.045
-27.2162;-23.8456;36.1847;367.8;357.239
-27.2638;-23.6514;36.0929;368;357.433
-27.3114;-23.4571;36.002;368.2;357.627
-27.3589;-23.2628;35.912;368.4;357.822
-27.4065;-23.0686;35.8229;368.6;358.016
-27.4541;-22.8743;35.7346;368.8;358.21
-27.5017;-22.6801;35.6473;369;358.404
-27.5493;-22.4858;35.5609;369.2;358.599
-27.5969;-22.2916;35.4753;369.4;358.793
-27.6444;-22.0973;35.3908;369.6;358.987
-27.692;-21.903;35.3071;369.8;359.181
-27.7396;-21.7088;35.2244;370;359.376
-27.7872;-21.5145;35.1426;370.2;359.57
-27.8348;-21.3203;35.0618;370.4;359.764
-27.8824;-21.126;34.9819;370.6;359.959
-27.9299;-20.9318;34.903;370.8;360.153
-27.9775;-20.7375;34.8251;371;360.347
-28.0251;-20.5432;34.7481;371.2;360.541
-28.0727;-20.349;34.6721;371.4;360.736
-28.1203;-20.1547;34.5972;371.6;360.93
-28.1679;-19.9605;34.5232;371.8;361.124
-28.2154;-19.7662;34.4502;372;361.318
-28.263;-19.572;34.3782;372.2;361.513
-28.3106;-19.3777;34.3072;372.4;361.707
-28.3582;-19.1834;34.2373;372.6;361.901
-28.4058;-18.9892;34.1684;372.8;362.095
-28.4534;-18.7949;34.1005;373;362.29
-28.5009;-18.6007;34.0336;373.2;362.484
-28.5485;-18.4064;33.9678;373.4;362.678
-28.5961;-18.2122;33.9031;373.6;362.872
-28.6437;-18.0179;33.8394;373.8;363.067
-28.6913;-17.8236;33.7768;374;363.261
-28.7389;-17.6294;33.7152;374.2;363.455
-28.7864;-17.4351;33.6548;374.4;363.649
-28.834;-17.2409;33.5954;374.6;363.844
-28.8816;-17.0466;33.5371;374.8;364.038
-28.9292;-16.8524;33.4798;375;364.232
-28.9768;-16.6581;33.4237;375.2;364.426
-29.0244;-16.4638;33.3687;375.4;364.621
-29.0719;-16.2696;33.3148;375.6;364.815
-29.1195;-16.0753;33.262;375.8;365.009
-29.1671;-15.8811;33.2104;376;365.203
-29.2147;-15.6868;33.1598;376.2;365.398
-29.2623;-15.4926;33.1104;376.4;365.592
-29.3099;-15.2983;33.0621;376.6;365.786
-29.3574;-15.104;33.015;376.8;365.981
-29.405;-14.9098;32.969;377;366.175
-29.4526;-14.7155;32.9242;377.2;366.369
-29.5002;-14.5213;32.8805;377.4;366.563
-29.5478;-14.327;32.838;377.6;366.758
-29.5954;-14.1328;32.7966;377.8;366.952
-29.6429;-13.9385;32.7565;378;367.146
-29.6905;-13.7442;32.7174;378.2;367.34
-29.7381;-13.55;32.6796;378.4;367.535
-29.7857;-13.3557;32.643;378.6;367.729
-29.8333;-13.1615;32.6075;378.8;367.923
-29.8809;-12.9672;32.5732;379;368.117
-29.9284;-12.773;32.5401;379.2;368.312
-29.976;-12.5787;32.5082;379.4;368.506

29.9764;-12.3844;32.4339;379.6;368.7
29.9288;-12.1902;32.3162;379.8;368.894
29.8812;-11.9959;32.1992;380;369.089
29.8336;-11.8017;32.0831;380.2;369.283
29.7861;-11.6074;31.9678;380.4;369.477
29.7385;-11.4132;31.8534;380.6;369.671
29.6909;-11.2189;31.7398;380.8;369.866
29.6433;-11.0246;31.627;381;370.06
29.5957;-10.8304;31.5151;381.2;370.254
29.5482;-10.6361;31.4041;381.4;370.448
29.5006;-10.4419;31.294;381.6;370.643
29.453;-10.2476;31.1848;381.8;370.837
29.4054;-10.0534;31.0765;382;371.031
29.3578;-9.85909;30.9691;382.2;371.225
29.3102;-9.66484;30.8626;382.4;371.42
29.2627;-9.47058;30.757;382.6;371.614
29.2151;-9.27632;30.6524;382.8;371.808
29.1675;-9.08207;30.5488;383;372.002
29.1199;-8.88781;30.446;383.2;372.197
29.0723;-8.69355;30.3443;383.4;372.391
29.0247;-8.49929;30.2436;383.6;372.585
28.9772;-8.30504;30.1438;383.8;372.78
28.9296;-8.11078;30.045;384;372.974
28.882;-7.91652;29.9473;384.2;373.168
28.8344;-7.72227;29.8506;384.4;373.362
28.7868;-7.52801;29.7549;384.6;373.557
28.7392;-7.33375;29.6602;384.8;373.751
28.6917;-7.13949;29.5666;385;373.945
28.6441;-6.94524;29.474;385.2;374.139
28.5965;-6.75098;29.3826;385.4;374.334
28.5489;-6.55672;29.2922;385.6;374.528
28.5013;-6.36247;29.2028;385.8;374.722
28.4537;-6.16821;29.1146;386;374.916
28.4062;-5.97395;29.0275;386.2;375.111
28.3586;-5.77969;28.9416;386.4;375.305
28.311;-5.58544;28.8567;386.6;375.499
28.2634;-5.39118;28.773;386.8;375.693
28.2158;-5.19692;28.6904;387;375.888
28.1682;-5.00266;28.609;387.2;376.082
28.1207;-4.80841;28.5288;387.4;376.276
28.0731;-4.61415;28.4497;387.6;376.47
28.0255;-4.41989;28.3719;387.8;376.665
27.9779;-4.22564;28.2952;388;376.859
27.9303;-4.03138;28.2198;388.2;377.053
27.8827;-3.83712;28.1455;388.4;377.247
27.8352;-3.64286;28.0725;388.6;377.442
27.7876;-3.44861;28.0008;388.8;377.636
27.74;-3.25435;27.9302;389;377.83
27.6924;-3.06009;27.861;389.2;378.024
27.6448;-2.86584;27.793;389.4;378.219
27.5972;-2.67158;27.7263;389.6;378.413
27.5497;-2.47732;27.6608;389.8;378.607
27.5021;-2.28306;27.5967;390;378.801
27.4545;-2.08881;27.5338;390.2;378.996
27.4069;-1.89455;27.4723;390.4;379.19
27.3593;-1.70029;27.4121;390.6;379.384
27.3117;-1.50604;27.3532;390.8;379.579
27.2642;-1.31178;27.2957;391;379.773
27.2166;-1.11752;27.2395;391.2;379.967
27.169;-0.923264;27.1847;391.4;380.161
27.1214;-0.729007;27.1312;391.6;380.356
27.0738;-0.53475;27.0791;391.8;380.55
27.0262;-0.340493;27.0284;392;380.744
26.9787;-0.146236;26.9791;392.2;380.938
26.9311;0.0480214;26.9311;392.4;381.133
26.8835;0.242279;26.8846;392.6;381.327
26.8359;0.436536;26.8395;392.8;381.521
26.7883;0.630793;26.7958;393;381.715
26.7407;0.82505;26.7535;393.2;381.91
26.6932;1.01931;26.7126;393.4;382.104
26.6456;1.21356;26.6732;393.6;382.298
26.598;1.40782;26.6352;393.8;382.492
26.5504;1.60208;26.5987;394;382.687
26.5028;1.79634;26.5636;394.2;382.881
26.4552;1.99059;26.53;394.4;383.075
26.4077;2.18485;26.4979;394.6;383.269
26.3601;2.37911;26.4672;394.8;383.464
26.3125;2.57336;26.438;395;383.658
26.2649;2.76762;26.4103;395.2;383.852
26.2173;2.96188;26.3841;395.4;384.046
26.1697;3.15614;26.3594;395.6;384.241
26.1222;3.35039;26.3361;395.8;384.435
26.0746;3.54465;26.3144;396;384.629
26.027;3.73891;26.2942;396.2;384.823
25.9794;3.93316;26.2755;396.4;385.018
25.9318;4.12742;26.2582;396.6;385.212
25.8843;4.32168;26.2425;396.8;385.406
25.8367;4.51594;26.2284;397;385.6
25.7891;4.71019;26.2157;397.2;385.795
25.7415;4.90445;26.2046;397.4;385.989
25.6939;5.09871;26.1949;397.6;386.183
25.6463;5.29296;26.1868;397.8;386.378
25.5988;5.48722;26.1803;398;386.572
25.5512;5.68148;26.1752;398.2;386.766
25.5036;5.87574;26.1717;398.4;386.96
25.456;6.06999;26.1697;398.6;387.155
25.4084;6.26425;26.1692;398.8;387.349
25.3608;6.45851;26.1703;399;387.543
25.3133;6.65277;26.1729;399.2;387.737
25.2657;6.84702;26.177;399.4;387.932
25.2181;7.04128;26.1827;399.6;388.126
25.1705;7.23554;26.1898;399.8;388.32
25.1229;7.42979;26.1985;400;388.514
