#1 AntPos X;#2 AntPos Y;#3 Distance form nest;#4 Total Distance;#5 Total Y Distance
14.9998;19.0252;24.2271;0.2;-0.0129083
14.8002;19.0123;24.0938;0.4;-0.0258166
14.6006;18.9994;23.9615;0.6;-0.0387248
14.401;18.9865;23.8301;0.8;-0.0516331
14.2014;18.9735;23.6997;1;-0.0645414
14.0019;18.9606;23.5703;1.2;-0.0774497
13.8023;18.9477;23.4418;1.4;-0.090358
13.6027;18.9348;23.3144;1.6;-0.103266
13.4031;18.9219;23.188;1.8;-0.116175
13.2035;18.909;23.0626;2;-0.129083
13.0039;18.8961;22.9383;2.2;-0.141991
12.8044;18.8832;22.8151;2.4;-0.154899
12.6048;18.8703;22.6929;2.6;-0.167808
12.4052;18.8574;22.5719;2.8;-0.180716
12.2056;18.8445;22.452;3;-0.193624
12.006;18.8316;22.3332;3.2;-0.206533
11.8065;18.8186;22.2156;3.4;-0.219441
11.6069;18.8057;22.0992;3.6;-0.232349
11.4073;18.7928;21.984;3.8;-0.245257
11.2077;18.7799;21.87;4;-0.258166
11.0081;18.767;21.7573;4.2;-0.271074
10.8085;18.7541;21.6458;4.4;-0.283982
10.609;18.7412;21.5356;4.6;-0.29689
10.4094;18.7283;21.4267;4.8;-0.309799
10.2098;18.7154;21.3191;5;-0.322707
10.0102;18.7025;21.2129;5.2;-0.335615
9.81062;18.6896;21.108;5.4;-0.348524
9.61104;18.6767;21.0045;5.6;-0.361432
9.41146;18.6638;20.9024;5.8;-0.37434
9.21187;18.6508;20.8017;6;-0.387248
9.01229;18.6379;20.7025;6.2;-0.400157
8.81271;18.625;20.6047;6.4;-0.413065
8.61312;18.6121;20.5085;6.6;-0.425973
8.41354;18.5992;20.4137;6.8;-0.438882
8.21396;18.5863;20.3204;7;-0.45179
8.01437;18.5734;20.2287;7.2;-0.464698
7.81479;18.5605;20.1386;7.4;-0.477606
7.61521;18.5476;20.05;7.6;-0.490515
7.41563;18.5347;19.9631;7.8;-0.503423
7.21604;18.5218;19.8778;8;-0.516331
7.01646;18.5089;19.7941;8.2;-0.52924
6.81688;18.4959;19.7122;8.4;-0.542148
6.61729;18.483;19.6319;8.6;-0.555056
6.41771;18.4701;19.5533;8.8;-0.567964
6.21813;18.4572;19.4765;9;-0.580873
6.01854;18.4443;19.4014;9.2;-0.593781
5.81896;18.4314;19.3281;9.4;-0.606689
5.61938;18.4185;19.2566;9.6;-0.619598
5.4198;18.4056;19.187;9.8;-0.632506
5.22021;18.3927;19.1191;10;-0.645414
5.02063;18.3798;19.0532;10.2;-0.658322
4.82105;18.3669;18.989;10.4;-0.671231
4.62146;18.354;18.9268;10.6;-0.684139
4.42188;18.341;18.8666;10.8;-0.697047
4.2223;18.3281;18.8082;11;-0.709955
4.02271;18.3152;18.7518;11.2;-0.722864
3.82313;18.3023;18.6974;11.4;-0.735772
3.62355;18.2894;18.6449;11.6;-0.74868
3.42397;18.2765;18.5945;11.8;-0.761589
3.22438;18.2636;18.546;12;-0.774497
3.0248;18.2507;18.4996;12.2;-0.787405
2.82522;18.2378;18.4553;12.4;-0.800313
2.62563;18.2249;18.413;12.6;-0.813222
2.42605;18.212;18.3728;12.8;-0.82613
2.22647;18.1991;18.3347;13;-0.839038
2.02688;18.1861;18.2987;13.2;-0.851947
1.8273;18.1732;18.2649;13.4;-0.864855
1.62772;18.1603;18.2331;13.6;-0.877763
1.42814;18.1474;18.2035;13.8;-0.890671
1.22855;18.1345;18.1761;14;-0.90358
1.02897;18.1216;18.1508;14.2;-0.916488
0.829386;18.1087;18.1277;14.4;-0.929396
0.629803;18.0958;18.1067;14.6;-0.942305
0.43022;18.0829;18.088;14.8;-0.955213
0.230637;18.07;18.0714;15;-0.968121
0.0310542;18.0571;18.0571;15.2;-0.981029
-0.168529;18.0442;18.0449;15.4;-0.993938
-0.368112;18.0312;18.035;15.6;-1.00685
-0.567695;18.0183;18.0273;15.8;-1.01975
-0.767278;18.0054;18.0218;16;-1.03266
-0.966861;17.9925;18.0185;16.2;-1.04557
-1.16644;17.9796;18.0174;16.4;-1.05848
-1.36603;17.9667;18.0186;16.6;-1.07139
-1.56561;17.9538;18.0219;16.8;-1.0843
-1.76519;17.9409;18.0275;17;-1.0972
-1.96478;17.928;18.0353;17.2;-1.11011
-2.16436;17.9151;18.0453;17.4;-1.12302
-2.36394;17.9022;18.0576;17.6;-1.13593
-2.56352;17.8893;18.072;17.8;-1.14884
-2.76311;17.8763;18.0886;18;-1.16175
-2.96269;17.8634;18.1075;18.2;-1.17465
-3.16227;17.8505;18.1285;18.4;-1.18756
-3.36186;17.8376;18.1517;18.6;-1.20047
-3.56144;17.8247;18.177;18.8;-1.21338
-3.76102;17.8118;18.2045;19;-1.22629
-3.96061;17.7989;18.2342;19.2;-1.2392
-4.16019;17.786;18.266;19.4;-1.2521
-4.35977;17.7731;18.3;19.6;-1.26501
-4.55935;17.7602;18.3361;19.8;-1.27792
-4.75894;17.7473;18.3742;20;-1.29083
-4.95852;17.7344;18.4145;20.2;-1.30374
-5.1581;17.7214;18.4569;20.4;-1.31664
-5.35769;17.7085;18.5013;20.6;-1.32955
-5.55727;17.6956;18.5477;20.8;-1.34246
-5.75685;17.6827;18.5962;21;-1.35537
-5.95644;17.6698;18.6468;21.2;-1.36828
-6.15602;17.6569;18.6993;21.4;-1.38119
-6.3556;17.644;18.7538;21.6;-1.39409
-6.55518;17.6311;18.8103;21.8;-1.407
-6.75477;17.6182;18.8687;22;-1.41991
-6.95435;17.6053;18.929;22.2;-1.43282
-7.15393;17.5924;18.9913;22.4;-1.44573
-7.35352;17.5795;19.0555;22.6;-1.45864
-7.5531;17.5665;19.1215;22.8;-1.47154
-7.75268;17.5536;19.1894;23;-1.48445
-7.95227;17.5407;19.2592;23.2;-1.49736
-8.15185;17.5278;19.3307;23.4;-1.51027
-8.35143;17.5149;19.4041;23.6;-1.52318
-8.55102;17.502;19.4792;23.8;-1.53609
-8.7506;17.4891;19.5561;24;-1.54899
-8.95018;17.4762;19.6347;24.2;-1.5619
-9.14976;17.4633;19.7151;24.4;-1.57481
-9.34935;17.4504;19.7971;24.6;-1.58772
-9.54893;17.4375;19.8808;24.8;-1.60063
-9.74851;17.4246;19.9662;25;-1.61354
-9.9481;17.4116;20.0532;25.2;-1.62644
-10.1477;17.3987;20.1418;25.4;-1.63935
-10.3473;17.3858;20.232;25.6;-1.65226
-10.5468;17.3729;20.3237;25.8;-1.66517
-10.7464;17.36;20.417;26;-1.67808
-10.946;17.3471;20.5119;26.2;-1.69098
-11.1456;17.3342;20.6082;26.4;-1.70389
-11.3452;17.3213;20.706;26.6;-1.7168
-11.5448;17.3084;20.8053;26.8;-1.72971
-11.7443;17.2955;20.9061;27;-1.74262
-11.9439;17.2826;21.0082;27.2;-1.75553
-12.1435;17.2697;21.1117;27.4;-1.76843
-12.3431;17.2567;21.2167;27.6;-1.78134
-12.5427;17.2438;21.323;27.8;-1.79425
-12.7423;17.2309;21.4306;28;-1.80716
-12.9418;17.218;21.5395;28.2;-1.82007
-13.1414;17.2051;21.6498;28.4;-1.83298
-13.341;17.1922;21.7613;28.6;-1.84588
-13.5406;17.1793;21.8741;28.8;-1.85879
-13.7402;17.1664;21.9881;29;-1.8717
-13.9398;17.1535;22.1034;29.2;-1.88461
-14.1393;17.1406;22.2198;29.4;-1.89752
-14.3389;17.1277;22.3374;29.6;-1.91043
-14.5385;17.1148;22.4562;29.8;-1.92333
-14.7381;17.1018;22.5762;30;-1.93624
-14.9377;17.0889;22.6973;30.2;-1.94915
-15.1373;17.076;22.8195;30.4;-1.96206
-15.3368;17.0631;22.9427;30.6;-1.97497
-15.5364;17.0502;23.0671;30.8;-1.98788
-15.736;17.0373;23.1925;31;-2.00078
-15.9356;17.0244;23.3189;31.2;-2.01369
-16.1352;17.0115;23.4464;31.4;-2.0266
-16.3348;16.9986;23.5749;31.6;-2.03951
-16.5343;16.9857;23.7044;31.8;-2.05242
-16.7339;16.9728;23.8348;32;-2.06533
-16.9335;16.9599;23.9662;32.2;-2.07823
-17.1331;16.9469;24.0986;32.4;-2.09114
-17.3327;16.934;24.2319;32.6;-2.10405
-17.5323;16.9211;24.3661;32.8;-2.11696
-17.7318;16.9082;24.5011;33;-2.12987
-17.9314;16.8953;24.6371;33.2;-2.14277
-18.131;16.8824;24.774;33.4;-2.15568
-18.3306;16.8695;24.9116;33.6;-2.16859
-18.5302;16.8566;25.0502;33.8;-2.1815
-18.7297;16.8437;25.1895;34;-2.19441
-18.9293;16.8308;25.3297;34.2;-2.20732
-19.1289;16.8179;25.4707;34.4;-2.22022
-19.3285;16.805;25.6124;34.6;-2.23313
-19.5281;16.792;25.755;34.8;-2.24604
-19.7277;16.7791;25.8983;35;-2.25895
-19.9272;16.7662;26.0423;35.2;-2.27186
-20.1268;16.7533;26.1871;35.4;-2.28477
-20.3264;16.7404;26.3326;35.6;-2.29767
-20.526;16.7275;26.4788;35.8;-2.31058
-20.7256;16.7146;26.6257;36;-2.32349
-20.9252;16.7017;26.7733;36.2;-2.3364
-21.1247;16.6888;26.9216;36.4;-2.34931
-21.3243;16.6759;27.0705;36.6;-2.36222
-21.5239;16.663;27.2201;36.8;-2.37512
-21.7235;16.6501;27.3703;37;-2.38803
-21.9231;16.6371;27.5212;37.2;-2.40094
-22.1227;16.6242;27.6727;37.4;-2.41385
-22.3222;16.6113;27.8248;37.6;-2.42676
-22.5218;16.5984;27.9775;37.8;-2.43967
-22.7214;16.5855;28.1308;38;-2.45257
-22.921;16.5726;28.2847;38.2;-2.46548
-23.1206;16.5597;28.4391;38.4;-2.47839
-23.3202;16.5468;28.5942;38.6;-2.4913
-23.5197;16.5339;28.7497;38.8;-2.50421
-23.7193;16.521;28.9059;39;-2.51711
-23.9189;16.5081;29.0625;39.2;-2.53002
-24.1185;16.4952;29.2197;39.4;-2.54293
-24.3181;16.4823;29.3774;39.6;-2.55584
-24.5177;16.4693;29.5357;39.8;-2.56875
-24.7172;16.4564;29.6944;40;-2.58166
-24.9168;16.4435;29.8536;40.2;-2.59456
-25.1164;16.4306;30.0133;40.4;-2.60747
-25.316;16.4177;30.1735;40.6;-2.62038
-25.5156;16.4048;30.3342;40.8;-2.63329
-25.7152;16.3919;30.4953;41;-2.6462
-25.9147;16.379;30.6569;41.2;-2.65911
-26.1143;16.3661;30.8189;41.4;-2.67201
-26.3139;16.3532;30.9814;41.6;-2.68492
-26.5135;16.3403;31.1443;41.8;-2.69783
-26.7131;16.3274;31.3077;42;-2.71074
-26.9127;16.3144;31.4714;42.2;-2.72365
-27.1122;16.3015;31.6356;42.4;-2.73656
-27.3118;16.2886;31.8002;42.6;-2.74946
-27.5114;16.2757;31.9652;42.8;-2.76237
-27.711;16.2628;32.1306;43;-2.77528
-27.9106;16.2499;32.2964;43.2;-2.78819
-28.1101;16.237;32.4626;43.4;-2.8011
-28.3097;16.2241;32.6292;43.6;-2.81401
-28.5093;16.2112;32.7961;43.8;-2.82691
-28.7089;16.1983;32.9634;44;-2.83982
-28.9085;16.1854;33.131;44.2;-2.85273
-29.1081;16.1725;33.2991;44.4;-2.86564
-29.3076;16.1595;33.4674;44.6;-2.87855
-29.5072;16.1466;33.6361;44.8;-2.89146
-29.7068;16.1337;33.8052;45;-2.90436
-29.9064;16.1208;33.9746;45.2;-2.91727

29.894;16.1079;33.9576;45.4;-2.93018
29.6944;16.095;33.7759;45.6;-2.94309
29.4949;16.0821;33.5943;45.8;-2.956
29.2953;16.0692;33.413;46;-2.9689
29.0957;16.0563;33.232;46.2;-2.98181
28.8961;16.0434;33.0511;46.4;-2.99472
28.6965;16.0305;32.8704;46.6;-3.00763
28.4969;16.0176;32.69;46.8;-3.02054
28.2974;16.0046;32.5098;47;-3.03345
28.0978;15.9917;32.3299;47.2;-3.04635
27.8982;15.9788;32.1501;47.4;-3.05926
27.6986;15.9659;31.9707;47.6;-3.07217
27.499;15.953;31.7914;47.8;-3.08508
27.2994;15.9401;31.6124;48;-3.09799
27.0999;15.9272;31.4337;48.2;-3.1109
26.9003;15.9143;31.2552;48.4;-3.1238
26.7007;15.9014;31.077;48.6;-3.13671
26.5011;15.8885;30.8991;48.8;-3.14962
26.3015;15.8756;30.7214;49;-3.16253
26.1019;15.8627;30.544;49.2;-3.17544
25.9024;15.8497;30.3669;49.4;-3.18835
25.7028;15.8368;30.19;49.6;-3.20125
25.5032;15.8239;30.0135;49.8;-3.21416
25.3036;15.811;29.8372;50;-3.22707
25.104;15.7981;29.6613;50.2;-3.23998
24.9044;15.7852;29.4857;50.4;-3.25289
24.7049;15.7723;29.3103;50.6;-3.2658
24.5053;15.7594;29.1353;50.8;-3.2787
24.3057;15.7465;28.9606;51;-3.29161
24.1061;15.7336;28.7863;51.2;-3.30452
23.9065;15.7207;28.6123;51.4;-3.31743
23.7069;15.7078;28.4386;51.6;-3.33034
23.5074;15.6948;28.2652;51.8;-3.34324
23.3078;15.6819;28.0923;52;-3.35615
23.1082;15.669;27.9197;52.2;-3.36906
22.9086;15.6561;27.7474;52.4;-3.38197
22.709;15.6432;27.5755;52.6;-3.39488
22.5094;15.6303;27.404;52.8;-3.40779
22.3099;15.6174;27.2329;53;-3.42069
22.1103;15.6045;27.0622;53.2;-3.4336
21.9107;15.5916;26.8919;53.4;-3.44651
21.7111;15.5787;26.722;53.6;-3.45942
21.5115;15.5658;26.5526;53.8;-3.47233
21.312;15.5529;26.3835;54;-3.48524
21.1124;15.5399;26.2149;54.2;-3.49814
20.9128;15.527;26.0468;54.4;-3.51105
20.7132;15.5141;25.879;54.6;-3.52396
20.5136;15.5012;25.7118;54.8;-3.53687
20.314;15.4883;25.545;55;-3.54978
20.1145;15.4754;25.3787;55.2;-3.56269
19.9149;15.4625;25.2129;55.4;-3.57559
19.7153;15.4496;25.0476;55.6;-3.5885
19.5157;15.4367;24.8828;55.8;-3.60141
19.3161;15.4238;24.7185;56;-3.61432
19.1165;15.4109;24.5548;56.2;-3.62723
18.917;15.398;24.3916;56.4;-3.64014
18.7174;15.385;24.2289;56.6;-3.65304
18.5178;15.3721;24.0668;56.8;-3.66595
18.3182;15.3592;23.9053;57;-3.67886
18.1186;15.3463;23.7443;57.2;-3.69177
17.919;15.3334;23.584;57.4;-3.70468
17.7195;15.3205;23.4243;57.6;-3.71759
17.5199;15.3076;23.2652;57.8;-3.73049
17.3203;15.2947;23.1067;58;-3.7434
17.1207;15.2818;22.9489;58.2;-3.75631
16.9211;15.2689;22.7917;58.4;-3.76922
16.7215;15.256;22.6352;58.6;-3.78213
16.522;15.2431;22.4795;58.8;-3.79503
16.3224;15.2301;22.3244;59;-3.80794
16.1228;15.2172;22.17;59.2;-3.82085
15.9232;15.2043;22.0164;59.4;-3.83376
15.7236;15.1914;21.8635;59.6;-3.84667
15.524;15.1785;21.7114;59.8;-3.85958
15.3245;15.1656;21.56;60;-3.87248
15.1249;15.1527;21.4095;60.2;-3.88539
14.9253;15.1398;21.2598;60.4;-3.8983
14.7257;15.1269;21.1109;60.6;-3.91121
14.5261;15.114;20.9628;60.8;-3.92412
14.3265;15.1011;20.8157;61;-3.93703
14.127;15.0882;20.6694;61.2;-3.94993
13.9274;15.0752;20.524;61.4;-3.96284
13.7278;15.0623;20.3796;61.6;-3.97575
13.5282;15.0494;20.2361;61.8;-3.98866
13.3286;15.0365;20.0935;62;-4.00157
13.129;15.0236;19.952;62.2;-4.01448
12.9295;15.0107;19.8114;62.4;-4.02738
12.7299;14.9978;19.6719;62.6;-4.04029
12.5303;14.9849;19.5334;62.8;-4.0532
12.3307;14.972;19.3961;63;-4.06611
12.1311;14.9591;19.2598;63.2;-4.07902
11.9315;14.9462;19.1246;63.4;-4.09193
11.732;14.9333;18.9906;63.6;-4.10483
11.5324;14.9203;18.8577;63.8;-4.11774
11.3328;14.9074;18.726;64;-4.13065
11.1332;14.8945;18.5956;64.2;-4.14356
10.9336;14.8816;18.4664;64.4;-4.15647
10.7341;14.8687;18.3384;64.6;-4.16937
10.5345;14.8558;18.2118;64.8;-4.18228
10.3349;14.8429;18.0865;65;-4.19519
10.1353;14.83;17.9625;65.2;-4.2081
9.93572;14.8171;17.84;65.4;-4.22101
9.73614;14.8042;17.7188;65.6;-4.23392
9.53655;14.7913;17.5991;65.8;-4.24682
9.33697;14.7784;17.4808;66;-4.25973
9.13739;14.7654;17.3641;66.2;-4.27264
8.9378;14.7525;17.2488;66.4;-4.28555
8.73822;14.7396;17.1351;66.6;-4.29846
8.53864;14.7267;17.0231;66.8;-4.31137
8.33906;14.7138;16.9126;67;-4.32427
8.13947;14.7009;16.8038;67.2;-4.33718
7.93989;14.688;16.6967;67.4;-4.35009
7.74031;14.6751;16.5913;67.6;-4.363
7.54072;14.6622;16.4876;67.8;-4.37591
7.34114;14.6493;16.3858;68;-4.38882
7.14156;14.6364;16.2857;68.2;-4.40172
6.94197;14.6235;16.1875;68.4;-4.41463
6.74239;14.6105;16.0912;68.6;-4.42754
6.54281;14.5976;15.9969;68.8;-4.44045
6.34323;14.5847;15.9044;69;-4.45336
6.14364;14.5718;15.814;69.2;-4.46627
5.94406;14.5589;15.7256;69.4;-4.47917
5.74448;14.546;15.6392;69.6;-4.49208
5.54489;14.5331;15.555;69.8;-4.50499
5.34531;14.5202;15.4728;70;-4.5179
5.14573;14.5073;15.3928;70.2;-4.53081
4.94614;14.4944;15.3151;70.4;-4.54372
4.74656;14.4815;15.2395;70.6;-4.55662
4.54698;14.4686;15.1662;70.8;-4.56953
4.3474;14.4557;15.0952;71;-4.58244
4.14781;14.4427;15.0265;71.2;-4.59535
3.94823;14.4298;14.9602;71.4;-4.60826
3.74865;14.4169;14.8963;71.6;-4.62116
3.54906;14.404;14.8348;71.8;-4.63407
3.34948;14.3911;14.7758;72;-4.64698
3.1499;14.3782;14.7192;72.2;-4.65989
2.95031;14.3653;14.6651;72.4;-4.6728
2.75073;14.3524;14.6136;72.6;-4.68571
2.55115;14.3395;14.5646;72.8;-4.69861
2.35157;14.3266;14.5183;73;-4.71152
2.15198;14.3137;14.4745;73.2;-4.72443
1.9524;14.3008;14.4334;73.4;-4.73734
1.75282;14.2878;14.395;73.6;-4.75025
1.55323;14.2749;14.3592;73.8;-4.76316
1.35365;14.262;14.3261;74;-4.77606
1.15407;14.2491;14.2958;74.2;-4.78897
0.954484;14.2362;14.2682;74.4;-4.80188
0.754901;14.2233;14.2433;74.6;-4.81479
0.555318;14.2104;14.2212;74.8;-4.8277
0.355735;14.1975;14.2019;75;-4.84061
0.156152;14.1846;14.1854;75.2;-4.85351
-0.0434306;14.1717;14.1717;75.4;-4.86642
-0.243014;14.1588;14.1608;75.6;-4.87933
-0.442597;14.1459;14.1528;75.8;-4.89224
-0.64218;14.1329;14.1475;76;-4.90515
-0.841763;14.12;14.1451;76.2;-4.91806
-1.04135;14.1071;14.1455;76.4;-4.93096
-1.24093;14.0942;14.1487;76.6;-4.94387
-1.44051;14.0813;14.1548;76.8;-4.95678
-1.64009;14.0684;14.1637;77;-4.96969
-1.83968;14.0555;14.1754;77.2;-4.9826
-2.03926;14.0426;14.1899;77.4;-4.9955
-2.23884;14.0297;14.2072;77.6;-5.00841
-2.43843;14.0168;14.2273;77.8;-5.02132
-2.63801;14.0039;14.2502;78;-5.03423
-2.83759;13.991;14.2758;78.2;-5.04714
-3.03718;13.978;14.3042;78.4;-5.06005
-3.23676;13.9651;14.3353;78.6;-5.07295
-3.43634;13.9522;14.3692;78.8;-5.08586
-3.63592;13.9393;14.4057;79;-5.09877
-3.83551;13.9264;14.4449;79.2;-5.11168
-4.03509;13.9135;14.4868;79.4;-5.12459
-4.23467;13.9006;14.5313;79.6;-5.1375
-4.43426;13.8877;14.5784;79.8;-5.1504
-4.63384;13.8748;14.6281;80;-5.16331
-4.83342;13.8619;14.6804;80.2;-5.17622
-5.03301;13.849;14.7352;80.4;-5.18913
-5.23259;13.8361;14.7924;80.6;-5.20204
-5.43217;13.8231;14.8522;80.8;-5.21495
-5.63175;13.8102;14.9144;81;-5.22785
-5.83134;13.7973;14.979;81.2;-5.24076
-6.03092;13.7844;15.046;81.4;-5.25367
-6.2305;13.7715;15.1153;81.6;-5.26658
-6.43009;13.7586;15.187;81.8;-5.27949
-6.62967;13.7457;15.261;82;-5.2924
-6.82925;13.7328;15.3371;82.2;-5.3053
-7.02884;13.7199;15.4156;82.4;-5.31821
-7.22842;13.707;15.4962;82.6;-5.33112
-7.428;13.6941;15.5789;82.8;-5.34403
-7.62758;13.6812;15.6638;83;-5.35694
-7.82717;13.6682;15.7507;83.2;-5.36985
-8.02675;13.6553;15.8397;83.4;-5.38275
-8.22633;13.6424;15.9307;83.6;-5.39566
-8.42592;13.6295;16.0237;83.8;-5.40857
-8.6255;13.6166;16.1187;84;-5.42148
-8.82508;13.6037;16.2155;84.2;-5.43439
-9.02467;13.5908;16.3142;84.4;-5.44729
-9.22425;13.5779;16.4148;84.6;-5.4602
-9.42383;13.565;16.5172;84.8;-5.47311
-9.62341;13.5521;16.6213;85;-5.48602
-9.823;13.5392;16.7272;85.2;-5.49893
-10.0226;13.5263;16.8348;85.4;-5.51184
-10.2222;13.5133;16.9441;85.6;-5.52474
-10.4217;13.5004;17.055;85.8;-5.53765
-10.6213;13.4875;17.1676;86;-5.55056
-10.8209;13.4746;17.2817;86.2;-5.56347
-11.0205;13.4617;17.3974;86.4;-5.57638
-11.2201;13.4488;17.5146;86.6;-5.58929
-11.4197;13.4359;17.6333;86.8;-5.60219
-11.6192;13.423;17.7534;87;-5.6151
-11.8188;13.4101;17.875;87.2;-5.62801
-12.0184;13.3972;17.998;87.4;-5.64092
-12.218;13.3843;18.1223;87.6;-5.65383
-12.4176;13.3714;18.248;87.8;-5.66674
-12.6172;13.3584;18.375;88;-5.67964
-12.8167;13.3455;18.5033;88.2;-5.69255
-13.0163;13.3326;18.6329;88.4;-5.70546
-13.2159;13.3197;18.7637;88.6;-5.71837
-13.4155;13.3068;18.8957;88.8;-5.73128
-13.6151;13.2939;19.0289;89;-5.74419
-13.8147;13.281;19.1632;89.2;-5.75709
-14.0142;13.2681;19.2987;89.4;-5.77
-14.2138;13.2552;19.4353;89.6;-5.78291
-14.4134;13.2423;19.573;89.8;-5.79582
-14.613;13.2294;19.7118;90;-5.80873
-14.8126;13.2165;19.8516;90.2;-5.82163
-15.0122;13.2035;19.9925;90.4;-5.83454
-15.2117;13.1906;20.1343;90.6;-5.84745
-15.4113;13.1777;20.2771;90.8;-5.86036
-15.6109;13.1648;20.4209;91;-5.87327
-15.8105;13.1519;20.5656;91.2;-5.88618
-16.0101;13.139;20.7112;91.4;-5.89908
-16.2097;13.1261;20.8578;91.6;-5.91199
-16.4092;13.1132;21.0052;91.8;-5.9249
-16.6088;13.1003;21.1535;92;-5.93781
-16.8084;13.0874;21.3026;92.2;-5.95072
-17.008;13.0745;21.4526;92.4;-5.96363
-17.2076;13.0616;21.6033;92.6;-5.97653
-17.4072;13.0486;21.7549;92.8;-5.98944
-17.6067;13.0357;21.9073;93;-6.00235
-17.8063;13.0228;22.0604;93.2;-6.01526
-18.0059;13.0099;22.2142;93.4;-6.02817
-18.2055;12.997;22.3688;93.6;-6.04108
-18.4051;12.9841;22.5241;93.8;-6.05398
-18.6047;12.9712;22.6801;94;-6.06689
-18.8042;12.9583;22.8367;94.2;-6.0798
-19.0038;12.9454;22.9941;94.4;-6.09271
-19.2034;12.9325;23.1521;94.6;-6.10562
-19.403;12.9196;23.3107;94.8;-6.11853
-19.6026;12.9067;23.47;95;-6.13143
-19.8021;12.8937;23.6299;95.2;-6.14434
-20.0017;12.8808;23.7904;95.4;-6.15725
-20.2013;12.8679;23.9516;95.6;-6.17016
-20.4009;12.855;24.1132;95.8;-6.18307
-20.6005;12.8421;24.2755;96;-6.19598
-20.8001;12.8292;24.4383;96.2;-6.20888
-20.9996;12.8163;24.6017;96.4;-6.22179
-21.1992;12.8034;24.7656;96.6;-6.2347
-21.3988;12.7905;24.93;96.8;-6.24761
-21.5984;12.7776;25.095;97;-6.26052
-21.798;12.7647;25.2604;97.2;-6.27342
-21.9976;12.7518;25.4264;97.4;-6.28633
-22.1971;12.7388;25.5928;97.6;-6.29924
-22.3967;12.7259;25.7597;97.8;-6.31215
-22.5963;12.713;25.9271;98;-6.32506
-22.7959;12.7001;26.0949;98.2;-6.33797
-22.9955;12.6872;26.2632;98.4;-6.35087
-23.1951;12.6743;26.432;98.6;-6.36378
-23.3946;12.6614;26.6011;98.8;-6.37669
-23.5942;12.6485;26.7707;99;-6.3896
-23.7938;12.6356;26.9407;99.2;-6.40251
-23.9934;12.6227;27.1112;99.4;-6.41542
-24.193;12.6098;27.282;99.6;-6.42832
-24.3926;12.5969;27.4532;99.8;-6.44123
-24.5921;12.5839;27.6248;100;-6.45414
-24.7917;12.571;27.7968;100.2;-6.46705
-24.9913;12.5581;27.9691;100.4;-6.47996
-25.1909;12.5452;28.1418;100.6;-6.49287
-25.3905;12.5323;28.3149;100.8;-6.50577
-25.5901;12.5194;28.4884;101;-6.51868
-25.7896;12.5065;28.6621;101.2;-6.53159
-25.9892;12.4936;28.8363;101.4;-6.5445
-26.1888;12.4807;29.0107;101.6;-6.55741
-26.3884;12.4678;29.1855;101.8;-6.57032
-26.588;12.4549;29.3606;102;-6.58322
-26.7876;12.442;29.536;102.2;-6.59613
-26.9871;12.4291;29.7117;102.4;-6.60904
-27.1867;12.4161;29.8878;102.6;-6.62195
-27.3863;12.4032;30.0641;102.8;-6.63486
-27.5859;12.3903;30.2407;103;-6.64776
-27.7855;12.3774;30.4176;103.2;-6.66067
-27.9851;12.3645;30.5948;103.4;-6.67358
-28.1846;12.3516;30.7723;103.6;-6.68649
-28.3842;12.3387;30.9501;103.8;-6.6994
-28.5838;12.3258;31.1281;104;-6.71231
-28.7834;12.3129;31.3064;104.2;-6.72521
-28.983;12.3;31.4849;104.4;-6.73812
-29.1825;12.2871;31.6637;104.6;-6.75103
-29.3821;12.2742;31.8428;104.8;-6.76394
-29.5817;12.2612;32.0221;105;-6.77685
-29.7813;12.2483;32.2017;105.2;-6.78976
-29.9809;12.2354;32.3815;105.4;-6.80266

29.8195;12.2225;32.2272;105.6;-6.81557
29.62;12.2096;32.0377;105.8;-6.82848
29.4204;12.1967;31.8484;106;-6.84139
29.2208;12.1838;31.6591;106.2;-6.8543
29.0212;12.1709;31.47;106.4;-6.86721
28.8216;12.158;31.281;106.6;-6.88011
28.622;12.1451;31.0922;106.8;-6.89302
28.4225;12.1322;30.9035;107;-6.90593
28.2229;12.1193;30.7149;107.2;-6.91884
28.0233;12.1063;30.5265;107.4;-6.93175
27.8237;12.0934;30.3383;107.6;-6.94466
27.6241;12.0805;30.1501;107.8;-6.95756
27.4245;12.0676;29.9622;108;-6.97047
27.225;12.0547;29.7744;108.2;-6.98338
27.0254;12.0418;29.5868;108.4;-6.99629
26.8258;12.0289;29.3993;108.6;-7.0092
26.6262;12.016;29.212;108.8;-7.02211
26.4266;12.0031;29.0248;109;-7.03501
26.227;11.9902;28.8379;109.2;-7.04792
26.0275;11.9773;28.6511;109.4;-7.06083
25.8279;11.9644;28.4644;109.6;-7.07374
25.6283;11.9514;28.278;109.8;-7.08665
25.4287;11.9385;28.0918;110;-7.09955
25.2291;11.9256;27.9057;110.2;-7.11246
25.0295;11.9127;27.7199;110.4;-7.12537
24.83;11.8998;27.5342;110.6;-7.13828
24.6304;11.8869;27.3487;110.8;-7.15119
24.4308;11.874;27.1635;111;-7.1641
24.2312;11.8611;26.9785;111.2;-7.177
24.0316;11.8482;26.7936;111.4;-7.18991
23.832;11.8353;26.609;111.6;-7.20282
23.6325;11.8224;26.4246;111.8;-7.21573
23.4329;11.8095;26.2405;112;-7.22864
23.2333;11.7965;26.0566;112.2;-7.24155
23.0337;11.7836;25.8729;112.4;-7.25445
22.8341;11.7707;25.6894;112.6;-7.26736
22.6345;11.7578;25.5063;112.8;-7.28027
22.435;11.7449;25.3233;113;-7.29318
22.2354;11.732;25.1406;113.2;-7.30609
22.0358;11.7191;24.9582;113.4;-7.319
21.8362;11.7062;24.7761;113.6;-7.3319
21.6366;11.6933;24.5942;113.8;-7.34481
21.437;11.6804;24.4127;114;-7.35772
21.2375;11.6675;24.2314;114.2;-7.37063
21.0379;11.6546;24.0504;114.4;-7.38354
20.8383;11.6416;23.8697;114.6;-7.39645
20.6387;11.6287;23.6893;114.8;-7.40935
20.4391;11.6158;23.5093;115;-7.42226
20.2396;11.6029;23.3295;115.2;-7.43517
20.04;11.59;23.1501;115.4;-7.44808
19.8404;11.5771;22.9711;115.6;-7.46099
19.6408;11.5642;22.7924;115.8;-7.47389
19.4412;11.5513;22.614;116;-7.4868
19.2416;11.5384;22.436;116.2;-7.49971
19.0421;11.5255;22.2584;116.4;-7.51262
18.8425;11.5126;22.0812;116.6;-7.52553
18.6429;11.4997;21.9043;116.8;-7.53844
18.4433;11.4867;21.7279;117;-7.55134
18.2437;11.4738;21.5519;117.2;-7.56425
18.0441;11.4609;21.3762;117.4;-7.57716
17.8446;11.448;21.2011;117.6;-7.59007
17.645;11.4351;21.0263;117.8;-7.60298
17.4454;11.4222;20.8521;118;-7.61589
17.2458;11.4093;20.6782;118.2;-7.62879
17.0462;11.3964;20.5049;118.4;-7.6417
16.8466;11.3835;20.3321;118.6;-7.65461
16.6471;11.3706;20.1597;118.8;-7.66752
16.4475;11.3577;19.9879;119;-7.68043
16.2479;11.3448;19.8166;119.2;-7.69334
16.0483;11.3318;19.6458;119.4;-7.70624
15.8487;11.3189;19.4756;119.6;-7.71915
15.6491;11.306;19.306;119.8;-7.73206
15.4496;11.2931;19.137;120;-7.74497
15.25;11.2802;18.9685;120.2;-7.75788
15.0504;11.2673;18.8007;120.4;-7.77079
14.8508;11.2544;18.6335;120.6;-7.78369
14.6512;11.2415;18.467;120.8;-7.7966
14.4516;11.2286;18.3011;121;-7.80951
14.2521;11.2157;18.1359;121.2;-7.82242
14.0525;11.2028;17.9715;121.4;-7.83533
13.8529;11.1899;17.8077;121.6;-7.84824
13.6533;11.1769;17.6447;121.8;-7.86114
13.4537;11.164;17.4825;122;-7.87405
13.2541;11.1511;17.3211;122.2;-7.88696
13.0546;11.1382;17.1605;122.4;-7.89987
12.855;11.1253;17.0007;122.6;-7.91278
12.6554;11.1124;16.8418;122.8;-7.92568
12.4558;11.0995;16.6837;123;-7.93859
12.2562;11.0866;16.5266;123.2;-7.9515
12.0566;11.0737;16.3704;123.4;-7.96441
11.8571;11.0608;16.2151;123.6;-7.97732
11.6575;11.0479;16.0609;123.8;-7.99023
11.4579;11.035;15.9077;124;-8.00313
11.2583;11.022;15.7555;124.2;-8.01604
11.0587;11.0091;15.6044;124.4;-8.02895
10.8591;10.9962;15.4544;124.6;-8.04186
10.6596;10.9833;15.3055;124.8;-8.05477
10.46;10.9704;15.1579;125;-8.06768
10.2604;10.9575;15.0114;125.2;-8.08058
10.0608;10.9446;14.8662;125.4;-8.09349
9.86123;10.9317;14.7223;125.6;-8.1064
9.66165;10.9188;14.5797;125.8;-8.11931
9.46207;10.9059;14.4384;126;-8.13222
9.26249;10.893;14.2986;126.2;-8.14513
9.0629;10.8801;14.1602;126.4;-8.15803
8.86332;10.8671;14.0233;126.6;-8.17094
8.66374;10.8542;13.8879;126.8;-8.18385
8.46415;10.8413;13.7541;127;-8.19676
8.26457;10.8284;13.622;127.2;-8.20967
8.06499;10.8155;13.4915;127.4;-8.22258
7.8654;10.8026;13.3627;127.6;-8.23548
7.66582;10.7897;13.2356;127.8;-8.24839
7.46624;10.7768;13.1105;128;-8.2613
7.26666;10.7639;12.9871;128.2;-8.27421
7.06707;10.751;12.8657;128.4;-8.28712
6.86749;10.7381;12.7463;128.6;-8.30002
6.66791;10.7252;12.6289;128.8;-8.31293
6.46832;10.7122;12.5137;129;-8.32584
6.26874;10.6993;12.4005;129.2;-8.33875
6.06916;10.6864;12.2896;129.4;-8.35166
5.86957;10.6735;12.181;129.6;-8.36457
5.66999;10.6606;12.0747;129.8;-8.37747
5.47041;10.6477;11.9708;130;-8.39038
5.27083;10.6348;11.8693;130.2;-8.40329
5.07124;10.6219;11.7704;130.4;-8.4162
4.87166;10.609;11.6741;130.6;-8.42911
4.67208;10.5961;11.5804;130.8;-8.44202
4.47249;10.5832;11.4894;131;-8.45492
4.27291;10.5703;11.4012;131.2;-8.46783
4.07333;10.5573;11.3159;131.4;-8.48074
3.87374;10.5444;11.2335;131.6;-8.49365
3.67416;10.5315;11.154;131.8;-8.50656
3.47458;10.5186;11.0776;132;-8.51947
3.275;10.5057;11.0043;132.2;-8.53237
3.07541;10.4928;10.9342;132.4;-8.54528
2.87583;10.4799;10.8673;132.6;-8.55819
2.67625;10.467;10.8037;132.8;-8.5711
2.47666;10.4541;10.7434;133;-8.58401
2.27708;10.4412;10.6866;133.2;-8.59692
2.0775;10.4283;10.6332;133.4;-8.60982
1.87791;10.4154;10.5833;133.6;-8.62273
1.67833;10.4024;10.537;133.8;-8.63564
1.47875;10.3895;10.4942;134;-8.64855
1.27917;10.3766;10.4552;134.2;-8.66146
1.07958;10.3637;10.4198;134.4;-8.67437
0.88;10.3508;10.3882;134.6;-8.68727
0.680417;10.3379;10.3603;134.8;-8.70018
0.480834;10.325;10.3362;135;-8.71309
0.281251;10.3121;10.3159;135.2;-8.726
0.0816676;10.2992;10.2995;135.4;-8.73891
-0.117915;10.2863;10.287;135.6;-8.75181
-0.317498;10.2734;10.2783;135.8;-8.76472
-0.517081;10.2605;10.2735;136;-8.77763
-0.716664;10.2476;10.2726;136.2;-8.79054
-0.916247;10.2346;10.2756;136.4;-8.80345
-1.11583;10.2217;10.2825;136.6;-8.81636
-1.31541;10.2088;10.2932;136.8;-8.82926
-1.515;10.1959;10.3079;137;-8.84217
-1.71458;10.183;10.3263;137.2;-8.85508
-1.91416;10.1701;10.3487;137.4;-8.86799
-2.11375;10.1572;10.3748;137.6;-8.8809
-2.31333;10.1443;10.4047;137.8;-8.89381
-2.51291;10.1314;10.4384;138;-8.90671
-2.71249;10.1185;10.4757;138.2;-8.91962
-2.91208;10.1056;10.5168;138.4;-8.93253
-3.11166;10.0927;10.5614;138.6;-8.94544
-3.31124;10.0797;10.6097;138.8;-8.95835
-3.51083;10.0668;10.6615;139;-8.97126
-3.71041;10.0539;10.7167;139.2;-8.98416
-3.90999;10.041;10.7754;139.4;-8.99707
-4.10958;10.0281;10.8375;139.6;-9.00998
-4.30916;10.0152;10.9029;139.8;-9.02289
-4.50874;10.0023;10.9715;140;-9.0358
-4.70832;9.98938;11.0434;140.2;-9.04871
-4.90791;9.97648;11.1183;140.4;-9.06161
-5.10749;9.96357;11.1964;140.6;-9.07452
-5.30707;9.95066;11.2774;140.8;-9.08743
-5.50666;9.93775;11.3614;141;-9.10034
-5.70624;9.92484;11.4483;141.2;-9.11325
-5.90582;9.91194;11.538;141.4;-9.12615
-6.10541;9.89903;11.6304;141.6;-9.13906
-6.30499;9.88612;11.7255;141.8;-9.15197
-6.50457;9.87321;11.8233;142;-9.16488
-6.70415;9.8603;11.9236;142.2;-9.17779
-6.90374;9.84739;12.0263;142.4;-9.1907
-7.10332;9.83449;12.1315;142.6;-9.2036
-7.3029;9.82158;12.2391;142.8;-9.21651
-7.50249;9.80867;12.349;143;-9.22942
-7.70207;9.79576;12.4611;143.2;-9.24233
-7.90165;9.78285;12.5754;143.4;-9.25524
-8.10124;9.76994;12.6918;143.6;-9.26815
-8.30082;9.75704;12.8103;143.8;-9.28105
-8.5004;9.74413;12.9308;144;-9.29396
-8.69998;9.73122;13.0532;144.2;-9.30687
-8.89957;9.71831;13.1776;144.4;-9.31978
-9.09915;9.7054;13.3037;144.6;-9.33269
-9.29873;9.69249;13.4317;144.8;-9.3456
-9.49832;9.67959;13.5614;145;-9.3585
-9.6979;9.66668;13.6928;145.2;-9.37141
-9.89748;9.65377;13.8259;145.4;-9.38432
-10.0971;9.64086;13.9605;145.6;-9.39723
-10.2966;9.62795;14.0968;145.8;-9.41014
-10.4962;9.61504;14.2345;146;-9.42305
-10.6958;9.60214;14.3736;146.2;-9.43595
-10.8954;9.58923;14.5142;146.4;-9.44886
-11.095;9.57632;14.6562;146.6;-9.46177
-11.2946;9.56341;14.7995;146.8;-9.47468
-11.4941;9.5505;14.9441;147;-9.48759
-11.6937;9.5376;15.09;147.2;-9.5005
-11.8933;9.52469;15.2371;147.4;-9.5134
-12.0929;9.51178;15.3854;147.6;-9.52631
-12.2925;9.49887;15.5349;147.8;-9.53922
-12.4921;9.48596;15.6855;148;-9.55213
-12.6916;9.47305;15.8372;148.2;-9.56504
-12.8912;9.46015;15.9899;148.4;-9.57794
-13.0908;9.44724;16.1437;148.6;-9.59085
-13.2904;9.43433;16.2985;148.8;-9.60376
-13.49;9.42142;16.4543;149;-9.61667
-13.6896;9.40851;16.611;149.2;-9.62958
-13.8891;9.3956;16.7686;149.4;-9.64249
-14.0887;9.3827;16.9271;149.6;-9.65539
-14.2883;9.36979;17.0865;149.8;-9.6683
-14.4879;9.35688;17.2467;150;-9.68121
-14.6875;9.34397;17.4078;150.2;-9.69412
-14.8871;9.33106;17.5697;150.4;-9.70703
-15.0866;9.31815;17.7323;150.6;-9.71994
-15.2862;9.30525;17.8957;150.8;-9.73284
-15.4858;9.29234;18.0598;151;-9.74575
-15.6854;9.27943;18.2247;151.2;-9.75866
-15.885;9.26652;18.3902;151.4;-9.77157
-16.0846;9.25361;18.5565;151.6;-9.78448
-16.2841;9.2407;18.7233;151.8;-9.79739
-16.4837;9.2278;18.8909;152;-9.81029
-16.6833;9.21489;19.059;152.2;-9.8232
-16.8829;9.20198;19.2278;152.4;-9.83611
-17.0825;9.18907;19.3972;152.6;-9.84902
-17.2821;9.17616;19.5671;152.8;-9.86193
-17.4816;9.16325;19.7376;153;-9.87484
-17.6812;9.15035;19.9087;153.2;-9.88774
-17.8808;9.13744;20.0802;153.4;-9.90065
-18.0804;9.12453;20.2523;153.6;-9.91356
-18.28;9.11162;20.425;153.8;-9.92647
-18.4796;9.09871;20.5981;154;-9.93938
-18.6791;9.08581;20.7717;154.2;-9.95228
-18.8787;9.0729;20.9457;154.4;-9.96519
-19.0783;9.05999;21.1203;154.6;-9.9781
-19.2779;9.04708;21.2952;154.8;-9.99101
-19.4775;9.03417;21.4706;155;-10.0039
-19.677;9.02126;21.6465;155.2;-10.0168
-19.8766;9.00836;21.8227;155.4;-10.0297
-20.0762;8.99545;21.9994;155.6;-10.0426
-20.2758;8.98254;22.1764;155.8;-10.0556
-20.4754;8.96963;22.3539;156;-10.0685
-20.675;8.95672;22.5317;156.2;-10.0814
-20.8745;8.94381;22.7099;156.4;-10.0943
-21.0741;8.93091;22.8884;156.6;-10.1072
-21.2737;8.918;23.0673;156.8;-10.1201
-21.4733;8.90509;23.2466;157;-10.133
-21.6729;8.89218;23.4262;157.2;-10.1459
-21.8725;8.87927;23.6061;157.4;-10.1588
-22.072;8.86636;23.7863;157.6;-10.1717
-22.2716;8.85346;23.9668;157.8;-10.1846
-22.4712;8.84055;24.1477;158;-10.1975
-22.6708;8.82764;24.3288;158.2;-10.2105
-22.8704;8.81473;24.5103;158.4;-10.2234
-23.07;8.80182;24.692;158.6;-10.2363
-23.2695;8.78891;24.874;158.8;-10.2492
-23.4691;8.77601;25.0563;159;-10.2621
-23.6687;8.7631;25.2389;159.2;-10.275
-23.8683;8.75019;25.4217;159.4;-10.2879
-24.0679;8.73728;25.6047;159.6;-10.3008
-24.2675;8.72437;25.7881;159.8;-10.3137
-24.467;8.71147;25.9716;160;-10.3266
-24.6666;8.69856;26.1554;160.2;-10.3395
-24.8662;8.68565;26.3395;160.4;-10.3524
-25.0658;8.67274;26.5238;160.6;-10.3653
-25.2654;8.65983;26.7083;160.8;-10.3783
-25.465;8.64692;26.893;161;-10.3912
-25.6645;8.63402;27.0779;161.2;-10.4041
-25.8641;8.62111;27.2631;161.4;-10.417
-26.0637;8.6082;27.4485;161.6;-10.4299
-26.2633;8.59529;27.634;161.8;-10.4428
-26.4629;8.58238;27.8198;162;-10.4557
-26.6625;8.56947;28.0058;162.2;-10.4686
-26.862;8.55657;28.1919;162.4;-10.4815
-27.0616;8.54366;28.3783;162.6;-10.4944
-27.2612;8.53075;28.5648;162.8;-10.5073
-27.4608;8.51784;28.7515;163;-10.5202
-27.6604;8.50493;28.9384;163.2;-10.5332
-27.86;8.49202;29.1254;163.4;-10.5461
-28.0595;8.47912;29.3127;163.6;-10.559
-28.2591;8.46621;29.5001;163.8;-10.5719
-28.4587;8.4533;29.6876;164;-10.5848
-28.6583;8.44039;29.8754;164.2;-10.5977
-28.8579;8.42748;30.0633;164.4;-10.6106
-29.0575;8.41457;30.2513;164.6;-10.6235
-29.257;8.40167;30.4395;164.8;-10.6364
-29.4566;8.38876;30.6278;165;-10.6493
-29.6562;8.37585;30.8163;165.2;-10.6622
-29.8558;8.36294;31.0049;165.4;-10.6751

29.9446;8.35003;31.087;165.6;-10.6881
29.7451;8.33712;30.8914;165.8;-10.701
29.5455;8.32422;30.6957;166;-10.7139
29.3459;8.31131;30.5001;166.2;-10.7268
29.1463;8.2984;30.3046;166.4;-10.7397
28.9467;8.28549;30.1092;166.6;-10.7526
28.7471;8.27258;29.9138;166.8;-10.7655
28.5476;8.25968;29.7184;167;-10.7784
28.348;8.24677;29.5232;167.2;-10.7913
28.1484;8.23386;29.3279;167.4;-10.8042
27.9488;8.22095;29.1328;167.6;-10.8171
27.7492;8.20804;28.9377;167.8;-10.83
27.5496;8.19513;28.7427;168;-10.843
27.3501;8.18223;28.5478;168.2;-10.8559
27.1505;8.16932;28.3529;168.4;-10.8688
26.9509;8.15641;28.1581;168.6;-10.8817
26.7513;8.1435;27.9634;168.8;-10.8946
26.5517;8.13059;27.7687;169;-10.9075
26.3521;8.11768;27.5741;169.2;-10.9204
26.1526;8.10478;27.3796;169.4;-10.9333
25.953;8.09187;27.1852;169.6;-10.9462
25.7534;8.07896;26.9909;169.8;-10.9591
25.5538;8.06605;26.7966;170;-10.972
25.3542;8.05314;26.6024;170.2;-10.9849
25.1546;8.04023;26.4084;170.4;-10.9979
24.9551;8.02733;26.2144;170.6;-11.0108
24.7555;8.01442;26.0205;170.8;-11.0237
24.5559;8.00151;25.8267;171;-11.0366
24.3563;7.9886;25.6329;171.2;-11.0495
24.1567;7.97569;25.4393;171.4;-11.0624
23.9571;7.96278;25.2458;171.6;-11.0753
23.7576;7.94988;25.0524;171.8;-11.0882
23.558;7.93697;24.8591;172;-11.1011
23.3584;7.92406;24.6659;172.2;-11.114
23.1588;7.91115;24.4728;172.4;-11.1269
22.9592;7.89824;24.2798;172.6;-11.1398
22.7596;7.88534;24.0869;172.8;-11.1528
22.5601;7.87243;23.8942;173;-11.1657
22.3605;7.85952;23.7015;173.2;-11.1786
22.1609;7.84661;23.509;173.4;-11.1915
21.9613;7.8337;23.3167;173.6;-11.2044
21.7617;7.82079;23.1244;173.8;-11.2173
21.5621;7.80789;22.9323;174;-11.2302
21.3626;7.79498;22.7403;174.2;-11.2431
21.163;7.78207;22.5484;174.4;-11.256
20.9634;7.76916;22.3567;174.6;-11.2689
20.7638;7.75625;22.1652;174.8;-11.2818
20.5642;7.74334;21.9738;175;-11.2947
20.3646;7.73044;21.7825;175.2;-11.3077
20.1651;7.71753;21.5914;175.4;-11.3206
19.9655;7.70462;21.4005;175.6;-11.3335
19.7659;7.69171;21.2097;175.8;-11.3464
19.5663;7.6788;21.0192;176;-11.3593
19.3667;7.66589;20.8287;176.2;-11.3722
19.1672;7.65299;20.6385;176.4;-11.3851
18.9676;7.64008;20.4485;176.6;-11.398
18.768;7.62717;20.2586;176.8;-11.4109
18.5684;7.61426;20.0689;177;-11.4238
18.3688;7.60135;19.8795;177.2;-11.4367
18.1692;7.58844;19.6902;177.4;-11.4496
17.9697;7.57554;19.5012;177.6;-11.4626
17.7701;7.56263;19.3124;177.8;-11.4755
17.5705;7.54972;19.1238;178;-11.4884
17.3709;7.53681;18.9355;178.2;-11.5013
17.1713;7.5239;18.7474;178.4;-11.5142
16.9717;7.51099;18.5595;178.6;-11.5271
16.7722;7.49809;18.3719;178.8;-11.54
16.5726;7.48518;18.1846;179;-11.5529
16.373;7.47227;17.9975;179.2;-11.5658
16.1734;7.45936;17.8107;179.4;-11.5787
15.9738;7.44645;17.6242;179.6;-11.5916
15.7742;7.43355;17.438;179.8;-11.6045
15.5747;7.42064;17.2521;180;-11.6175
15.3751;7.40773;17.0666;180.2;-11.6304
15.1755;7.39482;16.8813;180.4;-11.6433
14.9759;7.38191;16.6964;180.6;-11.6562
14.7763;7.369;16.5119;180.8;-11.6691
14.5767;7.3561;16.3277;181;-11.682
14.3772;7.34319;16.1439;181.2;-11.6949
14.1776;7.33028;15.9605;181.4;-11.7078
13.978;7.31737;15.7775;181.6;-11.7207
13.7784;7.30446;15.5949;181.8;-11.7336
13.5788;7.29155;15.4127;182;-11.7465
13.3792;7.27865;15.231;182.2;-11.7594
13.1797;7.26574;15.0497;182.4;-11.7724
12.9801;7.25283;14.869;182.6;-11.7853
12.7805;7.23992;14.6887;182.8;-11.7982
12.5809;7.22701;14.5089;183;-11.8111
12.3813;7.2141;14.3297;183.2;-11.824
12.1817;7.2012;14.151;183.4;-11.8369
11.9822;7.18829;13.973;183.6;-11.8498
11.7826;7.17538;13.7955;183.8;-11.8627
11.583;7.16247;13.6186;184;-11.8756
11.3834;7.14956;13.4424;184.2;-11.8885
11.1838;7.13665;13.2669;184.4;-11.9014
10.9842;7.12375;13.092;184.6;-11.9143
10.7847;7.11084;12.9179;184.8;-11.9273
10.5851;7.09793;12.7446;185;-11.9402
10.3855;7.08502;12.572;185.2;-11.9531
10.1859;7.07211;12.4003;185.4;-11.966
9.98633;7.05921;12.2294;185.6;-11.9789
9.78675;7.0463;12.0595;185.8;-11.9918
9.58717;7.03339;11.8904;186;-12.0047
9.38758;7.02048;11.7224;186.2;-12.0176
9.188;7.00757;11.5553;186.4;-12.0305
8.98842;6.99466;11.3893;186.6;-12.0434
8.78884;6.98176;11.2245;186.8;-12.0563
8.58925;6.96885;11.0607;187;-12.0692
8.38967;6.95594;10.8982;187.2;-12.0822
8.19009;6.94303;10.737;187.4;-12.0951
7.9905;6.93012;10.5771;187.6;-12.108
7.79092;6.91721;10.4186;187.8;-12.1209
7.59134;6.90431;10.2615;188;-12.1338
7.39175;6.8914;10.1059;188.2;-12.1467
7.19217;6.87849;9.95193;188.4;-12.1596
6.99259;6.86558;9.79962;188.6;-12.1725
6.79301;6.85267;9.64904;188.8;-12.1854
6.59342;6.83976;9.50029;189;-12.1983
6.39384;6.82686;9.35346;189.2;-12.2112
6.19426;6.81395;9.20862;189.4;-12.2241
5.99467;6.80104;9.06588;189.6;-12.2371
5.79509;6.78813;8.92535;189.8;-12.25
5.59551;6.77522;8.78711;190;-12.2629
5.39592;6.76231;8.65129;190.2;-12.2758
5.19634;6.74941;8.51801;190.4;-12.2887
4.99676;6.7365;8.38737;190.6;-12.3016
4.79717;6.72359;8.25951;190.8;-12.3145
4.59759;6.71068;8.13456;191;-12.3274
4.39801;6.69777;8.01266;191.2;-12.3403
4.19843;6.68486;7.89393;191.4;-12.3532
3.99884;6.67196;7.77854;191.6;-12.3661
3.79926;6.65905;7.66664;191.8;-12.379
3.59968;6.64614;7.55836;192;-12.392
3.40009;6.63323;7.45389;192.2;-12.4049
3.20051;6.62032;7.35336;192.4;-12.4178
3.00093;6.60742;7.25696;192.6;-12.4307
2.80134;6.59451;7.16485;192.8;-12.4436
2.60176;6.5816;7.07719;193;-12.4565
2.40218;6.56869;6.99415;193.2;-12.4694
2.2026;6.55578;6.9159;193.4;-12.4823
2.00301;6.54287;6.84261;193.6;-12.4952
1.80343;6.52997;6.77442;193.8;-12.5081
1.60385;6.51706;6.71151;194;-12.521
1.40426;6.50415;6.65401;194.2;-12.5339
1.20468;6.49124;6.60208;194.4;-12.5468
1.0051;6.47833;6.55584;194.6;-12.5598
0.805515;6.46542;6.51541;194.8;-12.5727
0.605932;6.45252;6.4809;195;-12.5856
0.406349;6.43961;6.45242;195.2;-12.5985
0.206766;6.4267;6.43002;195.4;-12.6114
0.00718282;6.41379;6.4138;195.6;-12.6243
-0.1924;6.40088;6.40377;195.8;-12.6372
-0.391983;6.38797;6.39999;196;-12.6501
-0.591566;6.37507;6.40245;196.2;-12.663
-0.791149;6.36216;6.41116;196.4;-12.6759
-0.990732;6.34925;6.42608;196.6;-12.6888
-1.19032;6.33634;6.44718;196.8;-12.7017
-1.3899;6.32343;6.47438;197;-12.7147
-1.58948;6.31052;6.50762;197.2;-12.7276
-1.78906;6.29762;6.54681;197.4;-12.7405
-1.98865;6.28471;6.59183;197.6;-12.7534
-2.18823;6.2718;6.64258;197.8;-12.7663
-2.38781;6.25889;6.69891;198;-12.7792
-2.5874;6.24598;6.76069;198.2;-12.7921
-2.78698;6.23308;6.82777;198.4;-12.805
-2.98656;6.22017;6.9;198.6;-12.8179
-3.18615;6.20726;6.97722;198.8;-12.8308
-3.38573;6.19435;7.05926;199;-12.8437
-3.58531;6.18144;7.14596;199.2;-12.8566
-3.78489;6.16853;7.23714;199.4;-12.8696
-3.98448;6.15563;7.33265;199.6;-12.8825
-4.18406;6.14272;7.43232;199.8;-12.8954
-4.38364;6.12981;7.53597;200;-12.9083
-4.58323;6.1169;7.64346;200.2;-12.9212
-4.78281;6.10399;7.75461;200.4;-12.9341
-4.98239;6.09108;7.86928;200.6;-12.947
-5.18198;6.07818;7.98731;200.8;-12.9599
-5.38156;6.06527;8.10855;201;-12.9728
-5.58114;6.05236;8.23287;201.2;-12.9857
-5.78072;6.03945;8.36013;201.4;-12.9986
-5.98031;6.02654;8.49019;201.6;-13.0115
-6.17989;6.01363;8.62293;201.8;-13.0245
-6.37947;6.00073;8.75822;202;-13.0374
-6.57906;5.98782;8.89595;202.2;-13.0503
-6.77864;5.97491;9.03601;202.4;-13.0632
-6.97822;5.962;9.17829;202.6;-13.0761
-7.17781;5.94909;9.32269;202.8;-13.089
-7.37739;5.93618;9.46912;203;-13.1019
-7.57697;5.92328;9.61747;203.2;-13.1148
-7.77655;5.91037;9.76766;203.4;-13.1277
-7.97614;5.89746;9.91962;203.6;-13.1406
-8.17572;5.88455;10.0732;203.8;-13.1535
-8.3753;5.87164;10.2285;204;-13.1664
-8.57489;5.85873;10.3853;204.2;-13.1794
-8.77447;5.84583;10.5435;204.4;-13.1923
-8.97405;5.83292;10.7031;204.6;-13.2052
-9.17364;5.82001;10.8641;204.8;-13.2181
-9.37322;5.8071;11.0263;205;-13.231
-9.5728;5.79419;11.1898;205.2;-13.2439
-9.77238;5.78129;11.3544;205.4;-13.2568
-9.97197;5.76838;11.5202;205.6;-13.2697
-10.1716;5.75547;11.687;205.8;-13.2826
-10.3711;5.74256;11.8548;206;-13.2955
-10.5707;5.72965;12.0237;206.2;-13.3084
-10.7703;5.71674;12.1935;206.4;-13.3213
-10.9699;5.70384;12.3641;206.6;-13.3343
-11.1695;5.69093;12.5357;206.8;-13.3472
-11.369;5.67802;12.7081;207;-13.3601
-11.5686;5.66511;12.8813;207.2;-13.373
-11.7682;5.6522;13.0552;207.4;-13.3859
-11.9678;5.63929;13.2299;207.6;-13.3988
-12.1674;5.62639;13.4053;207.8;-13.4117
-12.367;5.61348;13.5813;208;-13.4246
-12.5665;5.60057;13.7581;208.2;-13.4375
-12.7661;5.58766;13.9354;208.4;-13.4504
-12.9657;5.57475;14.1134;208.6;-13.4633
-13.1653;5.56184;14.2919;208.8;-13.4762
-13.3649;5.54894;14.471;209;-13.4892
-13.5645;5.53603;14.6507;209.2;-13.5021
-13.764;5.52312;14.8308;209.4;-13.515
-13.9636;5.51021;15.0115;209.6;-13.5279
-14.1632;5.4973;15.1927;209.8;-13.5408
-14.3628;5.48439;15.3743;210;-13.5537
-14.5624;5.47149;15.5563;210.2;-13.5666
-14.762;5.45858;15.7389;210.4;-13.5795
-14.9615;5.44567;15.9218;210.6;-13.5924
-15.1611;5.43276;16.1051;210.8;-13.6053
-15.3607;5.41985;16.2888;211;-13.6182
-15.5603;5.40695;16.4729;211.2;-13.6311
-15.7599;5.39404;16.6574;211.4;-13.6441
-15.9595;5.38113;16.8422;211.6;-13.657
-16.159;5.36822;17.0274;211.8;-13.6699
-16.3586;5.35531;17.2129;212;-13.6828
-16.5582;5.3424;17.3987;212.2;-13.6957
-16.7578;5.3295;17.5849;212.4;-13.7086
-16.9574;5.31659;17.7713;212.6;-13.7215
-17.157;5.30368;17.958;212.8;-13.7344
-17.3565;5.29077;18.145;213;-13.7473
-17.5561;5.27786;18.3323;213.2;-13.7602
-17.7557;5.26495;18.5198;213.4;-13.7731
-17.9553;5.25205;18.7077;213.6;-13.786
-18.1549;5.23914;18.8957;213.8;-13.799
-18.3545;5.22623;19.084;214;-13.8119
-18.554;5.21332;19.2725;214.2;-13.8248
-18.7536;5.20041;19.4613;214.4;-13.8377
-18.9532;5.1875;19.6503;214.6;-13.8506
-19.1528;5.1746;19.8395;214.8;-13.8635
-19.3524;5.16169;20.0289;215;-13.8764
-19.552;5.14878;20.2185;215.2;-13.8893
-19.7515;5.13587;20.4083;215.4;-13.9022
-19.9511;5.12296;20.5983;215.6;-13.9151
-20.1507;5.11005;20.7885;215.8;-13.928
-20.3503;5.09715;20.9789;216;-13.9409
-20.5499;5.08424;21.1695;216.2;-13.9539
-20.7494;5.07133;21.3602;216.4;-13.9668
-20.949;5.05842;21.5511;216.6;-13.9797
-21.1486;5.04551;21.7422;216.8;-13.9926
-21.3482;5.0326;21.9334;217;-14.0055
-21.5478;5.0197;22.1247;217.2;-14.0184
-21.7474;5.00679;22.3163;217.4;-14.0313
-21.9469;4.99388;22.5079;217.6;-14.0442
-22.1465;4.98097;22.6998;217.8;-14.0571
-22.3461;4.96806;22.8917;218;-14.07
-22.5457;4.95516;23.0838;218.2;-14.0829
-22.7453;4.94225;23.276;218.4;-14.0958
-22.9449;4.92934;23.4684;218.6;-14.1088
-23.1444;4.91643;23.6609;218.8;-14.1217
-23.344;4.90352;23.8535;219;-14.1346
-23.5436;4.89061;24.0462;219.2;-14.1475
-23.7432;4.87771;24.239;219.4;-14.1604
-23.9428;4.8648;24.432;219.6;-14.1733
-24.1424;4.85189;24.6251;219.8;-14.1862
-24.3419;4.83898;24.8183;220;-14.1991
-24.5415;4.82607;25.0115;220.2;-14.212
-24.7411;4.81316;25.2049;220.4;-14.2249
-24.9407;4.80026;25.3984;220.6;-14.2378
-25.1403;4.78735;25.592;220.8;-14.2507
-25.3399;4.77444;25.7857;221;-14.2637
-25.5394;4.76153;25.9795;221.2;-14.2766
-25.739;4.74862;26.1734;221.4;-14.2895
-25.9386;4.73571;26.3674;221.6;-14.3024
-26.1382;4.72281;26.5614;221.8;-14.3153
-26.3378;4.7099;26.7556;222;-14.3282
-26.5374;4.69699;26.9498;222.2;-14.3411
-26.7369;4.68408;27.1441;222.4;-14.354
-26.9365;4.67117;27.3385;222.6;-14.3669
-27.1361;4.65826;27.533;222.8;-14.3798
-27.3357;4.64536;27.7276;223;-14.3927
-27.5353;4.63245;27.9222;223.2;-14.4056
-27.7349;4.61954;28.1169;223.4;-14.4186
-27.9344;4.60663;28.3117;223.6;-14.4315
-28.134;4.59372;28.5066;223.8;-14.4444
-28.3336;4.58082;28.7015;224;-14.4573
-28.5332;4.56791;28.8965;224.2;-14.4702
-28.7328;4.555;29.0916;224.4;-14.4831
-28.9324;4.54209;29.2867;224.6;-14.496
-29.1319;4.52918;29.4819;224.8;-14.5089
-29.3315;4.51627;29.6772;225;-14.5218
-29.5311;4.50337;29.8725;225.2;-14.5347
-29.7307;4.49046;30.0679;225.4;-14.5476
-29.9303;4.47755;30.2633;225.6;-14.5605

29.8701;4.46464;30.202;225.8;-14.5734
29.6706;4.45173;30.0027;226;-14.5864
29.471;4.43882;29.8034;226.2;-14.5993
29.2714;4.42592;29.6041;226.4;-14.6122
29.0718;4.41301;29.4048;226.6;-14.6251
28.8722;4.4001;29.2056;226.8;-14.638
28.6727;4.38719;29.0064;227;-14.6509
28.4731;4.37428;28.8071;227.2;-14.6638
28.2735;4.36137;28.6079;227.4;-14.6767
28.0739;4.34847;28.4087;227.6;-14.6896
27.8743;4.33556;28.2095;227.8;-14.7025
27.6747;4.32265;28.0103;228;-14.7154
27.4752;4.30974;27.8111;228.2;-14.7283
27.2756;4.29683;27.6119;228.4;-14.7413
27.076;4.28392;27.4128;228.6;-14.7542
26.8764;4.27102;27.2136;228.8;-14.7671
26.6768;4.25811;27.0145;229;-14.78
26.4772;4.2452;26.8154;229.2;-14.7929
26.2777;4.23229;26.6163;229.4;-14.8058
26.0781;4.21938;26.4172;229.6;-14.8187
25.8785;4.20647;26.2181;229.8;-14.8316
25.6789;4.19357;26.0191;230;-14.8445
25.4793;4.18066;25.82;230.2;-14.8574
25.2797;4.16775;25.621;230.4;-14.8703
25.0802;4.15484;25.422;230.6;-14.8832
24.8806;4.14193;25.223;230.8;-14.8962
24.681;4.12903;25.024;231;-14.9091
24.4814;4.11612;24.825;231.2;-14.922
24.2818;4.10321;24.6261;231.4;-14.9349
24.0822;4.0903;24.4271;231.6;-14.9478
23.8827;4.07739;24.2282;231.8;-14.9607
23.6831;4.06448;24.0293;232;-14.9736
23.4835;4.05158;23.8304;232.2;-14.9865
23.2839;4.03867;23.6316;232.4;-14.9994
23.0843;4.02576;23.4327;232.6;-15.0123
22.8847;4.01285;23.2339;232.8;-15.0252
22.6852;3.99994;23.0351;233;-15.0381
22.4856;3.98703;22.8363;233.2;-15.0511
22.286;3.97413;22.6376;233.4;-15.064
22.0864;3.96122;22.4388;233.6;-15.0769
21.8868;3.94831;22.2401;233.8;-15.0898
21.6872;3.9354;22.0414;234;-15.1027
21.4877;3.92249;21.8427;234.2;-15.1156
21.2881;3.90958;21.6441;234.4;-15.1285
21.0885;3.89668;21.4455;234.6;-15.1414
20.8889;3.88377;21.2469;234.8;-15.1543
20.6893;3.87086;21.0483;235;-15.1672
20.4897;3.85795;20.8498;235.2;-15.1801
20.2902;3.84504;20.6513;235.4;-15.193
20.0906;3.83213;20.4528;235.6;-15.206
19.891;3.81923;20.2543;235.8;-15.2189
19.6914;3.80632;20.0559;236;-15.2318
19.4918;3.79341;19.8575;236.2;-15.2447
19.2922;3.7805;19.6592;236.4;-15.2576
19.0927;3.76759;19.4608;236.6;-15.2705
18.8931;3.75469;19.2626;236.8;-15.2834
18.6935;3.74178;19.0643;237;-15.2963
18.4939;3.72887;18.8661;237.2;-15.3092
18.2943;3.71596;18.6679;237.4;-15.3221
18.0948;3.70305;18.4698;237.6;-15.335
17.8952;3.69014;18.2717;237.8;-15.3479
17.6956;3.67724;18.0736;238;-15.3609
17.496;3.66433;17.8756;238.2;-15.3738
17.2964;3.65142;17.6776;238.4;-15.3867
17.0968;3.63851;17.4797;238.6;-15.3996
16.8973;3.6256;17.2818;238.8;-15.4125
16.6977;3.61269;17.084;239;-15.4254
16.4981;3.59979;16.8862;239.2;-15.4383
16.2985;3.58688;16.6885;239.4;-15.4512
16.0989;3.57397;16.4909;239.6;-15.4641
15.8993;3.56106;16.2933;239.8;-15.477
15.6998;3.54815;16.0957;240;-15.4899
15.5002;3.53524;15.8982;240.2;-15.5028
15.3006;3.52234;15.7008;240.4;-15.5158
15.101;3.50943;15.5034;240.6;-15.5287
14.9014;3.49652;15.3061;240.8;-15.5416
14.7018;3.48361;15.1089;241;-15.5545
14.5023;3.4707;14.9118;241.2;-15.5674
14.3027;3.45779;14.7147;241.4;-15.5803
14.1031;3.44489;14.5177;241.6;-15.5932
13.9035;3.43198;14.3208;241.8;-15.6061
13.7039;3.41907;14.124;242;-15.619
13.5043;3.40616;13.9273;242.2;-15.6319
13.3048;3.39325;13.7307;242.4;-15.6448
13.1052;3.38034;13.5341;242.6;-15.6577
12.9056;3.36744;13.3377;242.8;-15.6707
12.706;3.35453;13.1414;243;-15.6836
12.5064;3.34162;12.9452;243.2;-15.6965
12.3068;3.32871;12.7491;243.4;-15.7094
12.1073;3.3158;12.5531;243.6;-15.7223
11.9077;3.3029;12.3573;243.8;-15.7352
11.7081;3.28999;12.1616;244;-15.7481
11.5085;3.27708;11.966;244.2;-15.761
11.3089;3.26417;11.7706;244.4;-15.7739
11.1093;3.25126;11.5753;244.6;-15.7868
10.9098;3.23835;11.3802;244.8;-15.7997
10.7102;3.22545;11.1853;245;-15.8126
10.5106;3.21254;10.9906;245.2;-15.8256
10.311;3.19963;10.796;245.4;-15.8385
10.1114;3.18672;10.6017;245.6;-15.8514
9.91185;3.17381;10.4076;245.8;-15.8643
9.71227;3.1609;10.2137;246;-15.8772
9.51268;3.148;10.02;246.2;-15.8901
9.3131;3.13509;9.82663;246.4;-15.903
9.11352;3.12218;9.63349;246.6;-15.9159
8.91393;3.10927;9.44064;246.8;-15.9288
8.71435;3.09636;9.2481;247;-15.9417
8.51477;3.08345;9.05588;247.2;-15.9546
8.31518;3.07055;8.864;247.4;-15.9675
8.1156;3.05764;8.67249;247.6;-15.9805
7.91602;3.04473;8.48138;247.8;-15.9934
7.71644;3.03182;8.29068;248;-16.0063
7.51685;3.01891;8.10043;248.2;-16.0192
7.31727;3.006;7.91066;248.4;-16.0321
7.11769;2.9931;7.7214;248.6;-16.045
6.9181;2.98019;7.53271;248.8;-16.0579
6.71852;2.96728;7.34461;249;-16.0708
6.51894;2.95437;7.15715;249.2;-16.0837
6.31935;2.94146;6.9704;249.4;-16.0966
6.11977;2.92856;6.7844;249.6;-16.1095
5.92019;2.91565;6.59921;249.8;-16.1224
5.72061;2.90274;6.41492;250;-16.1354
5.52102;2.88983;6.2316;250.2;-16.1483
5.32144;2.87692;6.04933;250.4;-16.1612
5.12186;2.86401;5.86822;250.6;-16.1741
4.92227;2.85111;5.68837;250.8;-16.187
4.72269;2.8382;5.50992;251;-16.1999
4.52311;2.82529;5.33299;251.2;-16.2128
4.32352;2.81238;5.15775;251.4;-16.2257
4.12394;2.79947;4.98437;251.6;-16.2386
3.92436;2.78656;4.81306;251.8;-16.2515
3.72478;2.77366;4.64404;252;-16.2644
3.52519;2.76075;4.47758;252.2;-16.2773
3.32561;2.74784;4.31397;252.4;-16.2903
3.12603;2.73493;4.15354;252.6;-16.3032
2.92644;2.72202;3.99668;252.8;-16.3161
2.72686;2.70911;3.84383;253;-16.329
2.52728;2.69621;3.69549;253.2;-16.3419
2.32769;2.6833;3.55222;253.4;-16.3548
2.12811;2.67039;3.41465;253.6;-16.3677
1.92853;2.65748;3.28351;253.8;-16.3806
1.72895;2.64457;3.15959;254;-16.3935
1.52936;2.63166;3.04378;254.2;-16.4064
1.32978;2.61876;2.93704;254.4;-16.4193
1.1302;2.60585;2.84039;254.6;-16.4322
0.930613;2.59294;2.75488;254.8;-16.4452
0.73103;2.58003;2.6816;255;-16.4581
0.531447;2.56712;2.62156;255.2;-16.471
0.331864;2.55421;2.57568;255.4;-16.4839
0.132281;2.54131;2.54475;255.6;-16.4968
-0.067302;2.5284;2.52929;255.8;-16.5097
-0.266885;2.51549;2.52961;256;-16.5226
-0.466468;2.50258;2.54568;256.2;-16.5355
-0.666051;2.48967;2.57723;256.4;-16.5484
-0.865634;2.47677;2.62368;256.6;-16.5613
-1.06522;2.46386;2.68426;256.8;-16.5742
-1.2648;2.45095;2.75806;257;-16.5871
-1.46438;2.43804;2.84402;257.2;-16.6
-1.66397;2.42513;2.9411;257.4;-16.613
-1.86355;2.41222;3.04822;257.6;-16.6259
-2.06313;2.39932;3.16437;257.8;-16.6388
-2.26272;2.38641;3.28859;258;-16.6517
-2.4623;2.3735;3.42;258.2;-16.6646
-2.66188;2.36059;3.55781;258.4;-16.6775
-2.86146;2.34768;3.7013;258.6;-16.6904
-3.06105;2.33477;3.84983;258.8;-16.7033
-3.26063;2.32187;4.00285;259;-16.7162
-3.46021;2.30896;4.15985;259.2;-16.7291
-3.6598;2.29605;4.32041;259.4;-16.742
-3.85938;2.28314;4.48414;259.6;-16.7549
-4.05896;2.27023;4.65071;259.8;-16.7679
-4.25855;2.25732;4.81983;260;-16.7808
-4.45813;2.24442;4.99122;260.2;-16.7937
-4.65771;2.23151;5.16468;260.4;-16.8066
-4.85729;2.2186;5.33999;260.6;-16.8195
-5.05688;2.20569;5.51698;260.8;-16.8324
-5.25646;2.19278;5.6955;261;-16.8453
-5.45604;2.17987;5.87539;261.2;-16.8582
-5.65563;2.16697;6.05655;261.4;-16.8711
-5.85521;2.15406;6.23887;261.6;-16.884
-6.05479;2.14115;6.42223;261.8;-16.8969
-6.25438;2.12824;6.60656;262;-16.9098
-6.45396;2.11533;6.79178;262.2;-16.9228
-6.65354;2.10243;6.97781;262.4;-16.9357
-6.85312;2.08952;7.16459;262.6;-16.9486
-7.05271;2.07661;7.35207;262.8;-16.9615
-7.25229;2.0637;7.5402;263;-16.9744
-7.45187;2.05079;7.72892;263.2;-16.9873
-7.65146;2.03788;7.91819;263.4;-17.0002
-7.85104;2.02498;8.10798;263.6;-17.0131
-8.05062;2.01207;8.29825;263.8;-17.026
-8.25021;1.99916;8.48896;264;-17.0389
-8.44979;1.98625;8.6801;264.2;-17.0518
-8.64937;1.97334;8.87162;264.4;-17.0647
-8.84895;1.96043;9.06351;264.6;-17.0777
-9.04854;1.94753;9.25575;264.8;-17.0906
-9.24812;1.93462;9.44831;265;-17.1035
-9.4477;1.92171;9.64117;265.2;-17.1164
-9.64729;1.9088;9.83431;265.4;-17.1293
-9.84687;1.89589;10.0277;265.6;-17.1422
-10.0465;1.88298;10.2214;265.8;-17.1551
-10.246;1.87008;10.4153;266;-17.168
-10.4456;1.85717;10.6094;266.2;-17.1809
-10.6452;1.84426;10.8038;266.4;-17.1938
-10.8448;1.83135;10.9983;266.6;-17.2067
-11.0444;1.81844;11.1931;266.8;-17.2196
-11.244;1.80553;11.388;267;-17.2326
-11.4435;1.79263;11.5831;267.2;-17.2455
-11.6431;1.77972;11.7784;267.4;-17.2584
-11.8427;1.76681;11.9738;267.6;-17.2713
-12.0423;1.7539;12.1693;267.8;-17.2842
-12.2419;1.74099;12.365;268;-17.2971
-12.4414;1.72808;12.5609;268.2;-17.31
-12.641;1.71518;12.7569;268.4;-17.3229
-12.8406;1.70227;12.953;268.6;-17.3358
-13.0402;1.68936;13.1492;268.8;-17.3487
-13.2398;1.67645;13.3455;269;-17.3616
-13.4394;1.66354;13.5419;269.2;-17.3745
-13.6389;1.65064;13.7385;269.4;-17.3875
-13.8385;1.63773;13.9351;269.6;-17.4004
-14.0381;1.62482;14.1318;269.8;-17.4133
-14.2377;1.61191;14.3287;270;-17.4262
-14.4373;1.599;14.5256;270.2;-17.4391
-14.6369;1.58609;14.7225;270.4;-17.452
-14.8364;1.57319;14.9196;270.6;-17.4649
-15.036;1.56028;15.1168;270.8;-17.4778
-15.2356;1.54737;15.314;271;-17.4907
-15.4352;1.53446;15.5113;271.2;-17.5036
-15.6348;1.52155;15.7086;271.4;-17.5165
-15.8344;1.50864;15.9061;271.6;-17.5294
-16.0339;1.49574;16.1036;271.8;-17.5424
-16.2335;1.48283;16.3011;272;-17.5553
-16.4331;1.46992;16.4987;272.2;-17.5682
-16.6327;1.45701;16.6964;272.4;-17.5811
-16.8323;1.4441;16.8941;272.6;-17.594
-17.0319;1.43119;17.0919;272.8;-17.6069
-17.2314;1.41829;17.2897;273;-17.6198
-17.431;1.40538;17.4876;273.2;-17.6327
-17.6306;1.39247;17.6855;273.4;-17.6456
-17.8302;1.37956;17.8835;273.6;-17.6585
-18.0298;1.36665;18.0815;273.8;-17.6714
-18.2294;1.35374;18.2796;274;-17.6843
-18.4289;1.34084;18.4777;274.2;-17.6973
-18.6285;1.32793;18.6758;274.4;-17.7102
-18.8281;1.31502;18.874;274.6;-17.7231
-19.0277;1.30211;19.0722;274.8;-17.736
-19.2273;1.2892;19.2704;275;-17.7489
-19.4269;1.2763;19.4687;275.2;-17.7618
-19.6264;1.26339;19.6671;275.4;-17.7747
-19.826;1.25048;19.8654;275.6;-17.7876
-20.0256;1.23757;20.0638;275.8;-17.8005
-20.2252;1.22466;20.2622;276;-17.8134
-20.4248;1.21175;20.4607;276.2;-17.8263
-20.6244;1.19885;20.6592;276.4;-17.8392
-20.8239;1.18594;20.8577;276.6;-17.8522
-21.0235;1.17303;21.0562;276.8;-17.8651
-21.2231;1.16012;21.2548;277;-17.878
-21.4227;1.14721;21.4534;277.2;-17.8909
-21.6223;1.1343;21.652;277.4;-17.9038
-21.8218;1.1214;21.8506;277.6;-17.9167
-22.0214;1.10849;22.0493;277.8;-17.9296
-22.221;1.09558;22.248;278;-17.9425
-22.4206;1.08267;22.4467;278.2;-17.9554
-22.6202;1.06976;22.6455;278.4;-17.9683
-22.8198;1.05685;22.8442;278.6;-17.9812
-23.0193;1.04395;23.043;278.8;-17.9941
-23.2189;1.03104;23.2418;279;-18.0071
-23.4185;1.01813;23.4406;279.2;-18.02
-23.6181;1.00522;23.6395;279.4;-18.0329
-23.8177;0.992313;23.8383;279.6;-18.0458
-24.0173;0.979405;24.0372;279.8;-18.0587
-24.2168;0.966496;24.2361;280;-18.0716
-24.4164;0.953588;24.435;280.2;-18.0845
-24.616;0.94068;24.634;280.4;-18.0974
-24.8156;0.927771;24.8329;280.6;-18.1103
-25.0152;0.914863;25.0319;280.8;-18.1232
-25.2148;0.901955;25.2309;281;-18.1361
-25.4143;0.889047;25.4299;281.2;-18.149
-25.6139;0.876138;25.6289;281.4;-18.162
-25.8135;0.86323;25.8279;281.6;-18.1749
-26.0131;0.850322;26.027;281.8;-18.1878
-26.2127;0.837414;26.226;282;-18.2007
-26.4123;0.824505;26.4251;282.2;-18.2136
-26.6118;0.811597;26.6242;282.4;-18.2265
-26.8114;0.798689;26.8233;282.6;-18.2394
-27.011;0.78578;27.0224;282.8;-18.2523
-27.2106;0.772872;27.2216;283;-18.2652
-27.4102;0.759964;27.4207;283.2;-18.2781
-27.6098;0.747056;27.6199;283.4;-18.291
-27.8093;0.734147;27.819;283.6;-18.3039
-28.0089;0.721239;28.0182;283.8;-18.3169
-28.2085;0.708331;28.2174;284;-18.3298
-28.4081;0.695422;28.4166;284.2;-18.3427
-28.6077;0.682514;28.6158;284.4;-18.3556
-28.8073;0.669606;28.815;284.6;-18.3685
-29.0068;0.656698;29.0143;284.8;-18.3814
-29.2064;0.643789;29.2135;285;-18.3943
-29.406;0.630881;29.4128;285.2;-18.4072
-29.6056;0.617973;29.612;285.4;-18.4201
-29.8052;0.605064;29.8113;285.6;-18.433

29.9952;0.592156;30.0011;285.8;-18.4459
29.7957;0.579248;29.8013;286;-18.4588
29.5961;0.56634;29.6015;286.2;-18.4718
29.3965;0.553431;29.4017;286.4;-18.4847
29.1969;0.540523;29.2019;286.6;-18.4976
28.9973;0.527615;29.0021;286.8;-18.5105
28.7977;0.514706;28.8023;287;-18.5234
28.5982;0.501798;28.6026;287.2;-18.5363
28.3986;0.48889;28.4028;287.4;-18.5492
28.199;0.475982;28.203;287.6;-18.5621
27.9994;0.463073;28.0032;287.8;-18.575
27.7998;0.450165;27.8035;288;-18.5879
27.6003;0.437257;27.6037;288.2;-18.6008
27.4007;0.424349;27.404;288.4;-18.6137
27.2011;0.41144;27.2042;288.6;-18.6266
27.0015;0.398532;27.0044;288.8;-18.6396
26.8019;0.385624;26.8047;289;-18.6525
26.6023;0.372715;26.6049;289.2;-18.6654
26.4028;0.359807;26.4052;289.4;-18.6783
26.2032;0.346899;26.2055;289.6;-18.6912
26.0036;0.333991;26.0057;289.8;-18.7041
25.804;0.321082;25.806;290;-18.717
25.6044;0.308174;25.6063;290.2;-18.7299
25.4048;0.295266;25.4066;290.4;-18.7428
25.2053;0.282357;25.2068;290.6;-18.7557
25.0057;0.269449;25.0071;290.8;-18.7686
24.8061;0.256541;24.8074;291;-18.7815
24.6065;0.243633;24.6077;291.2;-18.7945
24.4069;0.230724;24.408;291.4;-18.8074
24.2073;0.217816;24.2083;291.6;-18.8203
24.0078;0.204908;24.0086;291.8;-18.8332
23.8082;0.191999;23.8089;292;-18.8461
23.6086;0.179091;23.6093;292.2;-18.859
23.409;0.166183;23.4096;292.4;-18.8719
23.2094;0.153275;23.2099;292.6;-18.8848
23.0098;0.140366;23.0103;292.8;-18.8977
22.8103;0.127458;22.8106;293;-18.9106
22.6107;0.11455;22.611;293.2;-18.9235
22.4111;0.101641;22.4113;293.4;-18.9364
22.2115;0.0887332;22.2117;293.6;-18.9494
22.0119;0.0758249;22.0121;293.8;-18.9623
21.8123;0.0629166;21.8124;294;-18.9752
21.6128;0.0500083;21.6128;294.2;-18.9881
21.4132;0.0371001;21.4132;294.4;-19.001
21.2136;0.0241918;21.2136;294.6;-19.0139
21.014;0.0112835;21.014;294.8;-19.0268
20.8144;-0.00162478;20.8144;295;-19.0397
20.6148;-0.0145331;20.6149;295.2;-19.0526
20.4153;-0.0274413;20.4153;295.4;-19.0655
20.2157;-0.0403496;20.2157;295.6;-19.0784
20.0161;-0.0532579;20.0162;295.8;-19.0913
19.8165;-0.0661662;19.8166;296;-19.1043
19.6169;-0.0790745;19.6171;296.2;-19.1172
19.4173;-0.0919828;19.4176;296.4;-19.1301
19.2178;-0.104891;19.2181;296.6;-19.143
19.0182;-0.117799;19.0185;296.8;-19.1559
18.8186;-0.130708;18.8191;297;-19.1688
18.619;-0.143616;18.6196;297.2;-19.1817
18.4194;-0.156524;18.4201;297.4;-19.1946
18.2198;-0.169432;18.2206;297.6;-19.2075
18.0203;-0.182341;18.0212;297.8;-19.2204
17.8207;-0.195249;17.8218;298;-19.2333
17.6211;-0.208157;17.6223;298.2;-19.2462
17.4215;-0.221066;17.4229;298.4;-19.2592
17.2219;-0.233974;17.2235;298.6;-19.2721
17.0224;-0.246882;17.0241;298.8;-19.285
16.8228;-0.25979;16.8248;299;-19.2979
16.6232;-0.272699;16.6254;299.2;-19.3108
16.4236;-0.285607;16.4261;299.4;-19.3237
16.224;-0.298515;16.2268;299.6;-19.3366
16.0244;-0.311424;16.0275;299.8;-19.3495
15.8249;-0.324332;15.8282;300;-19.3624
15.6253;-0.33724;15.6289;300.2;-19.3753
15.4257;-0.350148;15.4297;300.4;-19.3882
15.2261;-0.363057;15.2304;300.6;-19.4011
15.0265;-0.375965;15.0312;300.8;-19.4141
14.8269;-0.388873;14.832;301;-19.427
14.6274;-0.401782;14.6329;301.2;-19.4399
14.4278;-0.41469;14.4337;301.4;-19.4528
14.2282;-0.427598;14.2346;301.6;-19.4657
14.0286;-0.440506;14.0355;301.8;-19.4786
13.829;-0.453415;13.8365;302;-19.4915
13.6294;-0.466323;13.6374;302.2;-19.5044
13.4299;-0.479231;13.4384;302.4;-19.5173
13.2303;-0.492139;13.2394;302.6;-19.5302
13.0307;-0.505048;13.0405;302.8;-19.5431
12.8311;-0.517956;12.8416;303;-19.556
12.6315;-0.530864;12.6427;303.2;-19.569
12.4319;-0.543773;12.4438;303.4;-19.5819
12.2324;-0.556681;12.245;303.6;-19.5948
12.0328;-0.569589;12.0463;303.8;-19.6077
11.8332;-0.582497;11.8475;304;-19.6206
11.6336;-0.595406;11.6488;304.2;-19.6335
11.434;-0.608314;11.4502;304.4;-19.6464
11.2344;-0.621222;11.2516;304.6;-19.6593
11.0349;-0.634131;11.0531;304.8;-19.6722
10.8353;-0.647039;10.8546;305;-19.6851
10.6357;-0.659947;10.6562;305.2;-19.698
10.4361;-0.672855;10.4578;305.4;-19.7109
10.2365;-0.685764;10.2595;305.6;-19.7239
10.0369;-0.698672;10.0612;305.8;-19.7368
9.83736;-0.71158;9.86307;306;-19.7497
9.63778;-0.724489;9.66497;306.2;-19.7626
9.4382;-0.737397;9.46696;306.4;-19.7755
9.23861;-0.750305;9.26903;306.6;-19.7884
9.03903;-0.763213;9.0712;306.8;-19.8013
8.83945;-0.776122;8.87346;307;-19.8142
8.63987;-0.78903;8.67582;307.2;-19.8271
8.44028;-0.801938;8.47829;307.4;-19.84
8.2407;-0.814847;8.28089;307.6;-19.8529
8.04112;-0.827755;8.08361;307.8;-19.8658
7.84153;-0.840663;7.88647;308;-19.8788
7.64195;-0.853571;7.68947;308.2;-19.8917
7.44237;-0.86648;7.49264;308.4;-19.9046
7.24278;-0.879388;7.29597;308.6;-19.9175
7.0432;-0.892296;7.0995;308.8;-19.9304
6.84362;-0.905204;6.90322;309;-19.9433
6.64404;-0.918113;6.70717;309.2;-19.9562
6.44445;-0.931021;6.51136;309.4;-19.9691
6.24487;-0.943929;6.31581;309.6;-19.982
6.04529;-0.956838;6.12054;309.8;-19.9949
5.8457;-0.969746;5.92559;310;-20.0078
5.64612;-0.982654;5.73099;310.2;-20.0207
5.44654;-0.995562;5.53678;310.4;-20.0337
5.24695;-1.00847;5.34299;310.6;-20.0466
5.04737;-1.02138;5.14968;310.8;-20.0595
4.84779;-1.03429;4.95689;311;-20.0724
4.64821;-1.0472;4.76471;311.2;-20.0853
4.44862;-1.0601;4.57319;311.4;-20.0982
4.24904;-1.07301;4.38243;311.6;-20.1111
4.04946;-1.08592;4.19253;311.8;-20.124
3.84987;-1.09883;4.00362;312;-20.1369
3.65029;-1.11174;3.81583;312.2;-20.1498
3.45071;-1.12465;3.62935;312.4;-20.1627
3.25112;-1.13755;3.44439;312.6;-20.1756
3.05154;-1.15046;3.26121;312.8;-20.1886
2.85196;-1.16337;3.08011;313;-20.2015
2.65238;-1.17628;2.9015;313.2;-20.2144
2.45279;-1.18919;2.72587;313.4;-20.2273
2.25321;-1.20209;2.55382;313.6;-20.2402
2.05363;-1.215;2.38613;313.8;-20.2531
1.85404;-1.22791;2.22379;314;-20.266
1.65446;-1.24082;2.06806;314.2;-20.2789
1.45488;-1.25373;1.92055;314.4;-20.2918
1.25529;-1.26664;1.78329;314.6;-20.3047
1.05571;-1.27954;1.65884;314.8;-20.3176
0.856128;-1.29245;1.55029;315;-20.3305
0.656545;-1.30536;1.46117;315.2;-20.3435
0.456962;-1.31827;1.39522;315.4;-20.3564
0.257379;-1.33118;1.35583;315.6;-20.3693
0.0577962;-1.34409;1.34533;315.8;-20.3822
-0.141787;-1.35699;1.36438;316;-20.3951
-0.34137;-1.3699;1.4118;316.2;-20.408
-0.540953;-1.38281;1.48486;316.4;-20.4209
-0.740536;-1.39572;1.58001;316.6;-20.4338
-0.940119;-1.40863;1.69353;316.8;-20.4467
-1.1397;-1.42154;1.822;317;-20.4596
-1.33928;-1.43444;1.96248;317.2;-20.4725
-1.53887;-1.44735;2.11257;317.4;-20.4854
-1.73845;-1.46026;2.27037;317.6;-20.4984
-1.93803;-1.47317;2.43438;317.8;-20.5113
-2.13762;-1.48608;2.60343;318;-20.5242
-2.3372;-1.49899;2.77659;318.2;-20.5371
-2.53678;-1.51189;2.95315;318.4;-20.55
-2.73637;-1.5248;3.13253;318.6;-20.5629
-2.93595;-1.53771;3.31426;318.8;-20.5758
-3.13553;-1.55062;3.498;319;-20.5887
-3.33511;-1.56353;3.68342;319.2;-20.6016
-3.5347;-1.57644;3.8703;319.4;-20.6145
-3.73428;-1.58934;4.05843;319.6;-20.6274
-3.93386;-1.60225;4.24765;319.8;-20.6403
-4.13345;-1.61516;4.43781;320;-20.6533
-4.33303;-1.62807;4.6288;320.2;-20.6662
-4.53261;-1.64098;4.82052;320.4;-20.6791
-4.7322;-1.65388;5.01288;320.6;-20.692
-4.93178;-1.66679;5.20583;320.8;-20.7049
-5.13136;-1.6797;5.39928;321;-20.7178
-5.33094;-1.69261;5.5932;321.2;-20.7307
-5.53053;-1.70552;5.78753;321.4;-20.7436
-5.73011;-1.71843;5.98224;321.6;-20.7565
-5.92969;-1.73133;6.17728;321.8;-20.7694
-6.12928;-1.74424;6.37263;322;-20.7823
-6.32886;-1.75715;6.56826;322.2;-20.7952
-6.52844;-1.77006;6.76415;322.4;-20.8081
-6.72803;-1.78297;6.96027;322.6;-20.8211
-6.92761;-1.79588;7.1566;322.8;-20.834
-7.12719;-1.80878;7.35313;323;-20.8469
-7.32677;-1.82169;7.54985;323.2;-20.8598
-7.52636;-1.8346;7.74673;323.4;-20.8727
-7.72594;-1.84751;7.94377;323.6;-20.8856
-7.92552;-1.86042;8.14095;323.8;-20.8985
-8.12511;-1.87333;8.33827;324;-20.9114
-8.32469;-1.88623;8.53571;324.2;-20.9243
-8.52427;-1.89914;8.73327;324.4;-20.9372
-8.72386;-1.91205;8.93094;324.6;-20.9501
-8.92344;-1.92496;9.1287;324.8;-20.963
-9.12302;-1.93787;9.32657;325;-20.976
-9.32261;-1.95078;9.52452;325.2;-20.9889
-9.52219;-1.96368;9.72256;325.4;-21.0018
-9.72177;-1.97659;9.92067;325.6;-21.0147
-9.92135;-1.9895;10.1189;325.8;-21.0276
-10.1209;-2.00241;10.3171;326;-21.0405
-10.3205;-2.01532;10.5154;326.2;-21.0534
-10.5201;-2.02822;10.7138;326.4;-21.0663
-10.7197;-2.04113;10.9123;326.6;-21.0792
-10.9193;-2.05404;11.1108;326.8;-21.0921
-11.1189;-2.06695;11.3093;327;-21.105
-11.3184;-2.07986;11.5079;327.2;-21.1179
-11.518;-2.09277;11.7066;327.4;-21.1309
-11.7176;-2.10567;11.9053;327.6;-21.1438
-11.9172;-2.11858;12.104;327.8;-21.1567
-12.1168;-2.13149;12.3028;328;-21.1696
-12.3164;-2.1444;12.5016;328.2;-21.1825
-12.5159;-2.15731;12.7005;328.4;-21.1954
-12.7155;-2.17022;12.8994;328.6;-21.2083
-12.9151;-2.18312;13.0983;328.8;-21.2212
-13.1147;-2.19603;13.2973;329;-21.2341
-13.3143;-2.20894;13.4963;329.2;-21.247
-13.5138;-2.22185;13.6953;329.4;-21.2599
-13.7134;-2.23476;13.8943;329.6;-21.2728
-13.913;-2.24767;14.0934;329.8;-21.2858
-14.1126;-2.26057;14.2925;330;-21.2987
-14.3122;-2.27348;14.4916;330.2;-21.3116
-14.5118;-2.28639;14.6908;330.4;-21.3245
-14.7113;-2.2993;14.8899;330.6;-21.3374
-14.9109;-2.31221;15.0891;330.8;-21.3503
-15.1105;-2.32512;15.2884;331;-21.3632
-15.3101;-2.33802;15.4876;331.2;-21.3761
-15.5097;-2.35093;15.6868;331.4;-21.389
-15.7093;-2.36384;15.8861;331.6;-21.4019
-15.9088;-2.37675;16.0854;331.8;-21.4148
-16.1084;-2.38966;16.2847;332;-21.4277
-16.308;-2.40257;16.484;332.2;-21.4407
-16.5076;-2.41547;16.6834;332.4;-21.4536
-16.7072;-2.42838;16.8827;332.6;-21.4665
-16.9068;-2.44129;17.0821;332.8;-21.4794
-17.1063;-2.4542;17.2815;333;-21.4923
-17.3059;-2.46711;17.4809;333.2;-21.5052
-17.5055;-2.48001;17.6803;333.4;-21.5181
-17.7051;-2.49292;17.8797;333.6;-21.531
-17.9047;-2.50583;18.0792;333.8;-21.5439
-18.1043;-2.51874;18.2786;334;-21.5568
-18.3038;-2.53165;18.4781;334.2;-21.5697
-18.5034;-2.54456;18.6776;334.4;-21.5826
-18.703;-2.55746;18.8771;334.6;-21.5956
-18.9026;-2.57037;19.0765;334.8;-21.6085
-19.1022;-2.58328;19.2761;335;-21.6214
-19.3018;-2.59619;19.4756;335.2;-21.6343
-19.5013;-2.6091;19.6751;335.4;-21.6472
-19.7009;-2.62201;19.8746;335.6;-21.6601
-19.9005;-2.63491;20.0742;335.8;-21.673
-20.1001;-2.64782;20.2737;336;-21.6859
-20.2997;-2.66073;20.4733;336.2;-21.6988
-20.4993;-2.67364;20.6729;336.4;-21.7117
-20.6988;-2.68655;20.8725;336.6;-21.7246
-20.8984;-2.69946;21.072;336.8;-21.7375
-21.098;-2.71236;21.2716;337;-21.7505
-21.2976;-2.72527;21.4712;337.2;-21.7634
-21.4972;-2.73818;21.6709;337.4;-21.7763
-21.6968;-2.75109;21.8705;337.6;-21.7892
-21.8963;-2.764;22.0701;337.8;-21.8021
-22.0959;-2.77691;22.2697;338;-21.815
-22.2955;-2.78981;22.4694;338.2;-21.8279
-22.4951;-2.80272;22.669;338.4;-21.8408
-22.6947;-2.81563;22.8687;338.6;-21.8537
-22.8942;-2.82854;23.0683;338.8;-21.8666
-23.0938;-2.84145;23.268;339;-21.8795
-23.2934;-2.85435;23.4676;339.2;-21.8924
-23.493;-2.86726;23.6673;339.4;-21.9054
-23.6926;-2.88017;23.867;339.6;-21.9183
-23.8922;-2.89308;24.0667;339.8;-21.9312
-24.0917;-2.90599;24.2664;340;-21.9441
-24.2913;-2.9189;24.4661;340.2;-21.957
-24.4909;-2.9318;24.6658;340.4;-21.9699
-24.6905;-2.94471;24.8655;340.6;-21.9828
-24.8901;-2.95762;25.0652;340.8;-21.9957
-25.0897;-2.97053;25.2649;341;-22.0086
-25.2892;-2.98344;25.4646;341.2;-22.0215
-25.4888;-2.99635;25.6643;341.4;-22.0344
-25.6884;-3.00925;25.8641;341.6;-22.0473
-25.888;-3.02216;26.0638;341.8;-22.0603
-26.0876;-3.03507;26.2635;342;-22.0732
-26.2872;-3.04798;26.4633;342.2;-22.0861
-26.4867;-3.06089;26.663;342.4;-22.099
-26.6863;-3.0738;26.8628;342.6;-22.1119
-26.8859;-3.0867;27.0625;342.8;-22.1248
-27.0855;-3.09961;27.2623;343;-22.1377
-27.2851;-3.11252;27.462;343.2;-22.1506
-27.4847;-3.12543;27.6618;343.4;-22.1635
-27.6842;-3.13834;27.8616;343.6;-22.1764
-27.8838;-3.15125;28.0613;343.8;-22.1893
-28.0834;-3.16415;28.2611;344;-22.2022
-28.283;-3.17706;28.4609;344.2;-22.2152
-28.4826;-3.18997;28.6607;344.4;-22.2281
-28.6822;-3.20288;28.8604;344.6;-22.241
-28.8817;-3.21579;29.0602;344.8;-22.2539
-29.0813;-3.2287;29.26;345;-22.2668
-29.2809;-3.2416;29.4598;345.2;-22.2797
-29.4805;-3.25451;29.6596;345.4;-22.2926
-29.6801;-3.26742;29.8594;345.6;-22.3055
-29.8797;-3.28033;30.0592;345.8;-22.3184

29.9208;-3.29324;30.1015;346;-22.3313
29.7212;-3.30614;29.9045;346.2;-22.3442
29.5216;-3.31905;29.7076;346.4;-22.3571
29.322;-3.33196;29.5107;346.6;-22.3701
29.1224;-3.34487;29.3139;346.8;-22.383
28.9228;-3.35778;29.1171;347;-22.3959
28.7233;-3.37069;28.9204;347.2;-22.4088
28.5237;-3.38359;28.7237;347.4;-22.4217
28.3241;-3.3965;28.527;347.6;-22.4346
28.1245;-3.40941;28.3304;347.8;-22.4475
27.9249;-3.42232;28.1339;348;-22.4604
27.7253;-3.43523;27.9374;348.2;-22.4733
27.5258;-3.44814;27.7409;348.4;-22.4862
27.3262;-3.46104;27.5445;348.6;-22.4991
27.1266;-3.47395;27.3481;348.8;-22.512
26.927;-3.48686;27.1518;349;-22.525
26.7274;-3.49977;26.9556;349.2;-22.5379
26.5279;-3.51268;26.7594;349.4;-22.5508
26.3283;-3.52559;26.5633;349.6;-22.5637
26.1287;-3.53849;26.3672;349.8;-22.5766
25.9291;-3.5514;26.1712;350;-22.5895
25.7295;-3.56431;25.9752;350.2;-22.6024
25.5299;-3.57722;25.7793;350.4;-22.6153
25.3304;-3.59013;25.5835;350.6;-22.6282
25.1308;-3.60304;25.3877;350.8;-22.6411
24.9312;-3.61594;25.192;351;-22.654
24.7316;-3.62885;24.9964;351.2;-22.6669
24.532;-3.64176;24.8009;351.4;-22.6799
24.3324;-3.65467;24.6054;351.6;-22.6928
24.1329;-3.66758;24.41;351.8;-22.7057
23.9333;-3.68048;24.2146;352;-22.7186
23.7337;-3.69339;24.0193;352.2;-22.7315
23.5341;-3.7063;23.8242;352.4;-22.7444
23.3345;-3.71921;23.6291;352.6;-22.7573
23.1349;-3.73212;23.434;352.8;-22.7702
22.9354;-3.74503;23.2391;353;-22.7831
22.7358;-3.75793;23.0443;353.2;-22.796
22.5362;-3.77084;22.8495;353.4;-22.8089
22.3366;-3.78375;22.6548;353.6;-22.8218
22.137;-3.79666;22.4602;353.8;-22.8347
21.9374;-3.80957;22.2658;354;-22.8477
21.7379;-3.82248;22.0714;354.2;-22.8606
21.5383;-3.83538;21.8771;354.4;-22.8735
21.3387;-3.84829;21.6829;354.6;-22.8864
21.1391;-3.8612;21.4889;354.8;-22.8993
20.9395;-3.87411;21.2949;355;-22.9122
20.7399;-3.88702;21.101;355.2;-22.9251
20.5404;-3.89993;20.9073;355.4;-22.938
20.3408;-3.91283;20.7137;355.6;-22.9509
20.1412;-3.92574;20.5202;355.8;-22.9638
19.9416;-3.93865;20.3269;356;-22.9767
19.742;-3.95156;20.1336;356.2;-22.9896
19.5424;-3.96447;19.9405;356.4;-23.0026
19.3429;-3.97738;19.7476;356.6;-23.0155
19.1433;-3.99028;19.5547;356.8;-23.0284
18.9437;-4.00319;19.3621;357;-23.0413
18.7441;-4.0161;19.1695;357.2;-23.0542
18.5445;-4.02901;18.9772;357.4;-23.0671
18.3449;-4.04192;18.7849;357.6;-23.08
18.1454;-4.05483;18.5929;357.8;-23.0929
17.9458;-4.06773;18.401;358;-23.1058
17.7462;-4.08064;18.2093;358.2;-23.1187
17.5466;-4.09355;18.0178;358.4;-23.1316
17.347;-4.10646;17.8265;358.6;-23.1445
17.1474;-4.11937;17.6353;358.8;-23.1575
16.9479;-4.13227;17.4444;359;-23.1704
16.7483;-4.14518;17.2536;359.2;-23.1833
16.5487;-4.15809;17.0631;359.4;-23.1962
16.3491;-4.171;16.8728;359.6;-23.2091
16.1495;-4.18391;16.6827;359.8;-23.222
15.95;-4.19682;16.4929;360;-23.2349
15.7504;-4.20972;16.3032;360.2;-23.2478
15.5508;-4.22263;16.1139;360.4;-23.2607
15.3512;-4.23554;15.9248;360.6;-23.2736
15.1516;-4.24845;15.736;360.8;-23.2865
14.952;-4.26136;15.5474;361;-23.2994
14.7525;-4.27427;15.3592;361.2;-23.3124
14.5529;-4.28717;15.1712;361.4;-23.3253
14.3533;-4.30008;14.9836;361.6;-23.3382
14.1537;-4.31299;14.7963;361.8;-23.3511
13.9541;-4.3259;14.6093;362;-23.364
13.7545;-4.33881;14.4226;362.2;-23.3769
13.555;-4.35172;14.2364;362.4;-23.3898
13.3554;-4.36462;14.0505;362.6;-23.4027
13.1558;-4.37753;13.865;362.8;-23.4156
12.9562;-4.39044;13.6799;363;-23.4285
12.7566;-4.40335;13.4952;363.2;-23.4414
12.557;-4.41626;13.311;363.4;-23.4543
12.3575;-4.42917;13.1272;363.6;-23.4673
12.1579;-4.44207;12.944;363.8;-23.4802
11.9583;-4.45498;12.7612;364;-23.4931
11.7587;-4.46789;12.5789;364.2;-23.506
11.5591;-4.4808;12.3972;364.4;-23.5189
11.3595;-4.49371;12.2161;364.6;-23.5318
11.16;-4.50661;12.0355;364.8;-23.5447
10.9604;-4.51952;11.8556;365;-23.5576
10.7608;-4.53243;11.6764;365.2;-23.5705
10.5612;-4.54534;11.4978;365.4;-23.5834
10.3616;-4.55825;11.3199;365.6;-23.5963
10.162;-4.57116;11.1428;365.8;-23.6092
9.96246;-4.58406;10.9665;366;-23.6222
9.76288;-4.59697;10.791;366.2;-23.6351
9.5633;-4.60988;10.6164;366.4;-23.648
9.36371;-4.62279;10.4427;366.6;-23.6609
9.16413;-4.6357;10.2699;366.8;-23.6738
8.96455;-4.64861;10.0982;367;-23.6867
8.76496;-4.66151;9.92745;367.2;-23.6996
8.56538;-4.67442;9.75787;367.4;-23.7125
8.3658;-4.68733;9.58945;367.6;-23.7254
8.16621;-4.70024;9.42228;367.8;-23.7383
7.96663;-4.71315;9.2564;368;-23.7512
7.76705;-4.72606;9.0919;368.2;-23.7641
7.56747;-4.73896;8.92885;368.4;-23.7771
7.36788;-4.75187;8.76732;368.6;-23.79
7.1683;-4.76478;8.60742;368.8;-23.8029
6.96872;-4.77769;8.44922;369;-23.8158
6.76913;-4.7906;8.29283;369.2;-23.8287
6.56955;-4.80351;8.13835;369.4;-23.8416
6.36997;-4.81641;7.98588;369.6;-23.8545
6.17038;-4.82932;7.83556;369.8;-23.8674
5.9708;-4.84223;7.6875;370;-23.8803
5.77122;-4.85514;7.54184;370.2;-23.8932
5.57164;-4.86805;7.39872;370.4;-23.9061
5.37205;-4.88096;7.25828;370.6;-23.919
5.17247;-4.89386;7.1207;370.8;-23.932
4.97289;-4.90677;6.98613;371;-23.9449
4.7733;-4.91968;6.85476;371.2;-23.9578
4.57372;-4.93259;6.72676;371.4;-23.9707
4.37414;-4.9455;6.60235;371.6;-23.9836
4.17455;-4.9584;6.48172;371.8;-23.9965
3.97497;-4.97131;6.36509;372;-24.0094
3.77539;-4.98422;6.25268;372.2;-24.0223
3.57581;-4.99713;6.14473;372.4;-24.0352
3.37622;-5.01004;6.04147;372.6;-24.0481
3.17664;-5.02295;5.94315;372.8;-24.061
2.97706;-5.03585;5.85002;373;-24.0739
2.77747;-5.04876;5.76232;373.2;-24.0869
2.57789;-5.06167;5.68032;373.4;-24.0998
2.37831;-5.07458;5.60426;373.6;-24.1127
2.17872;-5.08749;5.53438;373.8;-24.1256
1.97914;-5.1004;5.47093;374;-24.1385
1.77956;-5.1133;5.41412;374.2;-24.1514
1.57998;-5.12621;5.36418;374.4;-24.1643
1.38039;-5.13912;5.32128;374.6;-24.1772
1.18081;-5.15203;5.28561;374.8;-24.1901
0.981226;-5.16494;5.25732;375;-24.203
0.781643;-5.17785;5.23651;375.2;-24.2159
0.58206;-5.19075;5.22329;375.4;-24.2288
0.382477;-5.20366;5.2177;375.6;-24.2418
0.182894;-5.21657;5.21978;375.8;-24.2547
-0.0166886;-5.22948;5.22951;376;-24.2676
-0.216272;-5.24239;5.24685;376.2;-24.2805
-0.415855;-5.2553;5.27172;376.4;-24.2934
-0.615438;-5.2682;5.30403;376.6;-24.3063
-0.815021;-5.28111;5.34363;376.8;-24.3192
-1.0146;-5.29402;5.39037;377;-24.3321
-1.21419;-5.30693;5.44406;377.2;-24.345
-1.41377;-5.31984;5.50449;377.4;-24.3579
-1.61335;-5.33274;5.57145;377.6;-24.3708
-1.81294;-5.34565;5.64471;377.8;-24.3837
-2.01252;-5.35856;5.72402;378;-24.3967
-2.2121;-5.37147;5.80914;378.2;-24.4096
-2.41168;-5.38438;5.89981;378.4;-24.4225
-2.61127;-5.39729;5.99578;378.6;-24.4354
-2.81085;-5.41019;6.09681;378.8;-24.4483
-3.01043;-5.4231;6.20264;379;-24.4612
-3.21002;-5.43601;6.31304;379.2;-24.4741
-3.4096;-5.44892;6.42776;379.4;-24.487
-3.60918;-5.46183;6.54658;379.6;-24.4999
-3.80877;-5.47474;6.66929;379.8;-24.5128
-4.00835;-5.48764;6.79567;380;-24.5257
-4.20793;-5.50055;6.92552;380.2;-24.5386
-4.40751;-5.51346;7.05864;380.4;-24.5516
-4.6071;-5.52637;7.19487;380.6;-24.5645
-4.80668;-5.53928;7.33401;380.8;-24.5774
-5.00626;-5.55219;7.47592;381;-24.5903
-5.20585;-5.56509;7.62044;381.2;-24.6032
-5.40543;-5.578;7.76742;381.4;-24.6161
-5.60501;-5.59091;7.91672;381.6;-24.629
-5.8046;-5.60382;8.06822;381.8;-24.6419
-6.00418;-5.61673;8.22179;382;-24.6548
-6.20376;-5.62964;8.37732;382.2;-24.6677
-6.40334;-5.64254;8.5347;382.4;-24.6806
-6.60293;-5.65545;8.69384;382.6;-24.6935
-6.80251;-5.66836;8.85463;382.8;-24.7065
-7.00209;-5.68127;9.01699;383;-24.7194
-7.20168;-5.69418;9.18084;383.2;-24.7323
-7.40126;-5.70709;9.34609;383.4;-24.7452
-7.60084;-5.71999;9.51268;383.6;-24.7581
-7.80043;-5.7329;9.68054;383.8;-24.771
-8.00001;-5.74581;9.84959;384;-24.7839
-8.19959;-5.75872;10.0198;384.2;-24.7968
-8.39917;-5.77163;10.1911;384.4;-24.8097
-8.59876;-5.78453;10.3634;384.6;-24.8226
-8.79834;-5.79744;10.5367;384.8;-24.8355
-8.99792;-5.81035;10.7109;385;-24.8484
-9.19751;-5.82326;10.886;385.2;-24.8613
-9.39709;-5.83617;11.0619;385.4;-24.8743
-9.59667;-5.84908;11.2387;385.6;-24.8872
-9.79626;-5.86198;11.4162;385.8;-24.9001
-9.99584;-5.87489;11.5944;386;-24.913
-10.1954;-5.8878;11.7734;386.2;-24.9259
-10.395;-5.90071;11.953;386.4;-24.9388
-10.5946;-5.91362;12.1333;386.6;-24.9517
-10.7942;-5.92653;12.3141;386.8;-24.9646
-10.9938;-5.93943;12.4956;387;-24.9775
-11.1933;-5.95234;12.6776;387.2;-24.9904
-11.3929;-5.96525;12.8601;387.4;-25.0033
-11.5925;-5.97816;13.0432;387.6;-25.0162
-11.7921;-5.99107;13.2267;387.8;-25.0292
-11.9917;-6.00398;13.4107;388;-25.0421
-12.1913;-6.01688;13.5952;388.2;-25.055
-12.3908;-6.02979;13.7801;388.4;-25.0679
-12.5904;-6.0427;13.9654;388.6;-25.0808
-12.79;-6.05561;14.1511;388.8;-25.0937
-12.9896;-6.06852;14.3372;389;-25.1066
-13.1892;-6.08143;14.5237;389.2;-25.1195
-13.3887;-6.09433;14.7105;389.4;-25.1324
-13.5883;-6.10724;14.8977;389.6;-25.1453
-13.7879;-6.12015;15.0852;389.8;-25.1582
-13.9875;-6.13306;15.273;390;-25.1711
-14.1871;-6.14597;15.4611;390.2;-25.1841
-14.3867;-6.15887;15.6495;390.4;-25.197
-14.5862;-6.17178;15.8382;390.6;-25.2099
-14.7858;-6.18469;16.0272;390.8;-25.2228
-14.9854;-6.1976;16.2164;391;-25.2357
-15.185;-6.21051;16.4059;391.2;-25.2486
-15.3846;-6.22342;16.5957;391.4;-25.2615
-15.5842;-6.23632;16.7856;391.6;-25.2744
-15.7837;-6.24923;16.9759;391.8;-25.2873
-15.9833;-6.26214;17.1663;392;-25.3002
-16.1829;-6.27505;17.3569;392.2;-25.3131
-16.3825;-6.28796;17.5478;392.4;-25.326
-16.5821;-6.30087;17.7388;392.6;-25.339
-16.7817;-6.31377;17.9301;392.8;-25.3519
-16.9812;-6.32668;18.1215;393;-25.3648
-17.1808;-6.33959;18.3131;393.2;-25.3777
-17.3804;-6.3525;18.5049;393.4;-25.3906
-17.58;-6.36541;18.6969;393.6;-25.4035
-17.7796;-6.37832;18.8891;393.8;-25.4164
-17.9792;-6.39122;19.0813;394;-25.4293
-18.1787;-6.40413;19.2738;394.2;-25.4422
-18.3783;-6.41704;19.4664;394.4;-25.4551
-18.5779;-6.42995;19.6592;394.6;-25.468
-18.7775;-6.44286;19.8521;394.8;-25.4809
-18.9771;-6.45577;20.0451;395;-25.4939
-19.1767;-6.46867;20.2383;395.2;-25.5068
-19.3762;-6.48158;20.4316;395.4;-25.5197
-19.5758;-6.49449;20.625;395.6;-25.5326
-19.7754;-6.5074;20.8186;395.8;-25.5455
-19.975;-6.52031;21.0122;396;-25.5584
-20.1746;-6.53322;21.206;396.2;-25.5713
-20.3742;-6.54612;21.4;396.4;-25.5842
-20.5737;-6.55903;21.594;396.6;-25.5971
-20.7733;-6.57194;21.7881;396.8;-25.61
-20.9729;-6.58485;21.9823;397;-25.6229
-21.1725;-6.59776;22.1767;397.2;-25.6358
-21.3721;-6.61066;22.3711;397.4;-25.6488
-21.5717;-6.62357;22.5656;397.6;-25.6617
-21.7712;-6.63648;22.7603;397.8;-25.6746
-21.9708;-6.64939;22.955;398;-25.6875
-22.1704;-6.6623;23.1498;398.2;-25.7004
-22.37;-6.67521;23.3447;398.4;-25.7133
-22.5696;-6.68811;23.5397;398.6;-25.7262
-22.7692;-6.70102;23.7347;398.8;-25.7391
-22.9687;-6.71393;23.9299;399;-25.752
-23.1683;-6.72684;24.1251;399.2;-25.7649
-23.3679;-6.73975;24.3204;399.4;-25.7778
-23.5675;-6.75266;24.5158;399.6;-25.7907
-23.7671;-6.76556;24.7113;399.8;-25.8037
-23.9666;-6.77847;24.9068;400;-25.8166
