#1 AntPos X	#2 AntVel X	#3 AntPos Y	#4 AntVel Y	#5 AntAngle	
3.08442;-0.00422958;-6.12149;2;1.57291;
3.084;-0.00422958;-5.92149;2;1.57291;
3.08358;-0.00422958;-5.72149;2;1.57291;
3.08315;-0.00422958;-5.52149;2;1.57291;
3.08273;-0.00422958;-5.32149;2;1.57291;
3.08231;-0.00422958;-5.12149;2;1.57291;
3.08188;-0.00422958;-4.92149;2;1.57291;
3.08146;-0.00422958;-4.72149;2;1.57291;
3.08104;-0.00422958;-4.52149;2;1.57291;
3.08061;-0.00422958;-4.32149;2;1.57291;
3.08019;-0.00422958;-4.12149;2;1.57291;
3.07977;-0.00422958;-3.92149;2;1.57291;
3.07935;-0.00422958;-3.72149;2;1.57291;
3.07892;-0.00422958;-3.52149;2;1.57291;
3.0785;-0.00422958;-3.32149;2;1.57291;
3.07808;-0.00422958;-3.12149;2;1.57291;
3.07765;-0.00422958;-2.92149;2;1.57291;
3.07723;-0.00422958;-2.72149;2;1.57291;
3.07681;-0.00422958;-2.52149;2;1.57291;
3.07639;-0.00422958;-2.32149;2;1.57291;
3.07596;-0.00422958;-2.1215;2;1.57291;
3.07554;-0.00422958;-1.9215;2;1.57291;
3.07512;-0.00422958;-1.7215;2;1.57291;
3.07469;-0.00422958;-1.5215;2;1.57291;
3.07427;-0.00422958;-1.3215;2;1.57291;
3.07385;-0.00422958;-1.1215;2;1.57291;
3.07342;-0.00422958;-0.921498;2;1.57291;
3.073;-0.00422958;-0.721498;2;1.57291;
3.07258;-0.00422958;-0.521499;2;1.57291;
3.07216;-0.00422958;-0.321499;2;1.57291;
3.07173;-0.00422958;-0.1215;2;1.57291;
3.07131;-0.00422958;0.0784999;2;1.57291;
3.07089;-0.00422958;0.278499;2;1.57291;
3.07046;-0.00422958;0.478499;2;1.57291;
3.07004;-0.00422958;0.678499;2;1.57291;
3.06962;-0.00422958;0.878498;2;1.57291;
3.06919;-0.00422958;1.0785;2;1.57291;
3.06877;-0.00422958;1.2785;2;1.57291;
3.06835;-0.00422958;1.4785;2;1.57291;
3.06793;-0.00422958;1.6785;2;1.57291;
3.0675;-0.00422958;1.8785;2;1.57291;
3.06708;-0.00422958;2.0785;2;1.57291;
3.06666;-0.00422958;2.2785;2;1.57291;
3.06623;-0.00422958;2.47849;2;1.57291;
3.06581;-0.00422958;2.67849;2;1.57291;
3.06539;-0.00422958;2.87849;2;1.57291;
3.06497;-0.00422958;3.07849;2;1.57291;
3.06454;-0.00422958;3.27849;2;1.57291;
3.06412;-0.00422958;3.47849;2;1.57291;
3.0637;-0.00422958;3.67849;2;1.57291;
3.06327;-0.00422958;3.87849;2;1.57291;
3.06285;-0.00422958;4.07849;2;1.57291;
3.06243;-0.00422958;4.27849;2;1.57291;
3.062;-0.00422958;4.47849;2;1.57291;
3.06158;-0.00422958;4.67849;2;1.57291;
3.06116;-0.00422958;4.87849;2;1.57291;
3.06074;-0.00422958;5.07849;2;1.57291;
3.06031;-0.00422958;5.27849;2;1.57291;
3.05989;-0.00422958;5.47849;2;1.57291;
3.05947;-0.00422958;5.67849;2;1.57291;
3.05904;-0.00422958;5.87849;2;1.57291;
3.05862;-0.00422958;6.07849;2;1.57291;
3.0582;-0.00422958;6.27849;2;1.57291;
3.05778;-0.00422958;6.47849;2;1.57291;
3.05735;-0.00422958;6.67849;2;1.57291;
3.05693;-0.00422958;6.87848;2;1.57291;
3.05651;-0.00422958;7.07848;2;1.57291;
3.05608;-0.00422958;7.27848;2;1.57291;
3.05566;-0.00422958;7.47848;2;1.57291;
3.05524;-0.00422958;7.67848;2;1.57291;
3.05481;-0.00422958;7.87848;2;1.57291;
3.05439;-0.00422958;8.07848;2;1.57291;
3.05397;-0.00422958;8.27848;2;1.57291;
3.05355;-0.00422958;8.47848;2;1.57291;
3.05312;-0.00422958;8.67848;2;1.57291;
3.0527;-0.00422958;8.87848;2;1.57291;
3.05228;-0.00422958;9.07848;2;1.57291;
3.05185;-0.00422958;9.27848;2;1.57291;
3.05143;-0.00422958;9.47848;2;1.57291;
3.05101;-0.00422958;9.67848;2;1.57291;
3.05058;-0.00422958;9.87848;2;1.57291;
3.05016;-0.00422958;10.0785;2;1.57291;
3.04974;-0.00422958;10.2785;2;1.57291;
3.04932;-0.00422958;10.4785;2;1.57291;
3.04889;-0.00422958;10.6785;2;1.57291;
3.04847;-0.00422958;10.8785;2;1.57291;
3.04805;-0.00422958;11.0785;2;1.57291;
3.04762;-0.00422958;11.2785;2;1.57291;
3.0472;-0.00422958;11.4785;2;1.57291;
3.04678;-0.00422958;11.6785;2;1.57291;
3.04636;-0.00422958;11.8785;2;1.57291;
3.04593;-0.00422958;12.0785;2;1.57291;
3.04551;-0.00422958;12.2785;2;1.57291;
3.04509;-0.00422958;12.4785;2;1.57291;
3.04466;-0.00422958;12.6785;2;1.57291;
3.04424;-0.00422958;12.8785;2;1.57291;
3.04382;-0.00422958;13.0785;2;1.57291;
3.04339;-0.00422958;13.2785;2;1.57291;
3.04297;-0.00422958;13.4785;2;1.57291;
3.04255;-0.00422958;13.6785;2;1.57291;
3.04213;-0.00422958;13.8785;2;1.57291;
3.0417;-0.00422958;14.0785;2;1.57291;
3.04128;-0.00422958;14.2785;2;1.57291;
3.04086;-0.00422958;14.4785;2;1.57291;
3.04043;-0.00422958;14.6785;2;1.57291;
3.04001;-0.00422958;14.8785;2;1.57291;
3.03959;-0.00422958;15.0785;2;1.57291;
3.03916;-0.00422958;15.2785;2;1.57291;
3.03874;-0.00422958;15.4785;2;1.57291;
3.03832;-0.00422958;15.6785;2;1.57291;
3.0379;-0.00422958;15.8785;2;1.57291;
3.03747;-0.00422958;16.0785;2;1.57291;
3.03705;-0.00422958;16.2785;2;1.57291;
3.03663;-0.00422958;16.4785;2;1.57291;
3.0362;-0.00422958;16.6785;2;1.57291;
3.03578;-0.00422958;16.8785;2;1.57291;
3.03536;-0.00422958;17.0785;2;1.57291;
3.03494;-0.00422958;17.2785;2;1.57291;
3.03451;-0.00422958;17.4785;2;1.57291;
3.03409;-0.00422958;17.6785;2;1.57291;
3.03367;-0.00422958;17.8785;2;1.57291;
3.03324;-0.00422958;18.0785;2;1.57291;
3.03282;-0.00422958;18.2785;2;1.57291;
3.0324;-0.00422958;18.4785;2;1.57291;
3.03197;-0.00422958;18.6785;2;1.57291;
3.03155;-0.00422958;18.8785;2;1.57291;
3.03113;-0.00422958;19.0785;2;1.57291;
3.03071;-0.00422958;19.2785;2;1.57291;
3.03028;-0.00422958;19.4785;2;1.57291;
3.02986;-0.00422958;19.6785;2;1.57291;
3.02944;-0.00422958;19.8785;2;1.57291;
3.02901;-0.00422958;20.0785;2;1.57291;
3.02859;-0.00422958;20.2785;2;1.57291;
3.02817;-0.00422958;20.4785;2;1.57291;
3.02775;-0.00422958;20.6785;2;1.57291;
3.02732;-0.00422958;20.8785;2;1.57291;
3.0269;-0.00422958;21.0785;2;1.57291;
3.02648;-0.00422958;21.2785;2;1.57291;
3.02605;-0.00422958;21.4785;2;1.57291;
3.02563;-0.00422958;21.6785;2;1.57291;
3.02521;-0.00422958;21.8785;2;1.57291;
3.02478;-0.00422958;22.0785;2;1.57291;
3.02436;-0.00422958;22.2785;2;1.57291;
3.02394;-0.00422958;22.4784;2;1.57291;
3.02352;-0.00422958;22.6784;2;1.57291;
3.02309;-0.00422958;22.8784;2;1.57291;
3.02267;-0.00422958;23.0784;2;1.57291;
3.02225;-0.00422958;23.2784;2;1.57291;
3.02182;-0.00422958;23.4784;2;1.57291;
3.0214;-0.00422958;23.6784;2;1.57291;
3.02098;-0.00422958;23.8784;2;1.57291;
3.02055;-0.00422958;24.0784;2;1.57291;
3.02013;-0.00422958;24.2784;2;1.57291;
3.01971;-0.00422958;24.4784;2;1.57291;
3.01929;-0.00422958;24.6784;2;1.57291;
3.01886;-0.00422958;24.8784;2;1.57291;
3.01844;-0.00422958;25.0784;2;1.57291;
3.01802;-0.00422958;25.2784;2;1.57291;
3.01759;-0.00422958;25.4784;2;1.57291;
3.01717;-0.00422958;25.6784;2;1.57291;
3.01675;-0.00422958;25.8784;2;1.57291;
3.01633;-0.00422958;26.0784;2;1.57291;
3.0159;-0.00422958;26.2784;2;1.57291;
3.01548;-0.00422958;26.4784;2;1.57291;
3.01506;-0.00422958;26.6784;2;1.57291;
3.01463;-0.00422958;26.8784;2;1.57291;
3.01421;-0.00422958;27.0784;2;1.57291;
3.01379;-0.00422958;27.2784;2;1.57291;
3.01336;-0.00422958;27.4784;2;1.57291;
3.01294;-0.00422958;27.6784;2;1.57291;
3.01252;-0.00422958;27.8784;2;1.57291;
3.0121;-0.00422958;28.0784;2;1.57291;
3.01167;-0.00422958;28.2784;2;1.57291;
3.01125;-0.00422958;28.4784;2;1.57291;
3.01083;-0.00422958;28.6784;2;1.57291;
3.0104;-0.00422958;28.8784;2;1.57291;
3.00998;-0.00422958;29.0784;2;1.57291;
3.00956;-0.00422958;29.2784;2;1.57291;
3.00913;-0.00422958;29.4784;2;1.57291;
3.00871;-0.00422958;29.6784;2;1.57291;
3.00829;-0.00422958;29.8784;2;1.57291;

3.00787;-0.00422958;-29.9216;2;1.57291;
3.00744;-0.00422958;-29.7216;2;1.57291;
3.00702;-0.00422958;-29.5216;2;1.57291;
3.0066;-0.00422958;-29.3216;2;1.57291;
3.00617;-0.00422958;-29.1216;2;1.57291;
3.00575;-0.00422958;-28.9216;2;1.57291;
3.00533;-0.00422958;-28.7216;2;1.57291;
3.00491;-0.00422958;-28.5216;2;1.57291;
3.00448;-0.00422958;-28.3216;2;1.57291;
3.00406;-0.00422958;-28.1216;2;1.57291;
3.00364;-0.00422958;-27.9216;2;1.57291;
3.00321;-0.00422958;-27.7216;2;1.57291;
3.00279;-0.00422958;-27.5216;2;1.57291;
3.00237;-0.00422958;-27.3216;2;1.57291;
3.00194;-0.00422958;-27.1216;2;1.57291;
3.00152;-0.00422958;-26.9216;2;1.57291;
3.0011;-0.00422958;-26.7216;2;1.57291;
3.00068;-0.00422958;-26.5216;2;1.57291;
3.00025;-0.00422958;-26.3216;2;1.57291;
2.99983;-0.00422958;-26.1216;2;1.57291;
2.99941;-0.00422958;-25.9216;2;1.57291;
2.99898;-0.00422958;-25.7216;2;1.57291;
2.99856;-0.00422958;-25.5216;2;1.57291;
2.99814;-0.00422958;-25.3216;2;1.57291;
2.99772;-0.00422958;-25.1216;2;1.57291;
2.99729;-0.00422958;-24.9216;2;1.57291;
2.99687;-0.00422958;-24.7216;2;1.57291;
2.99645;-0.00422958;-24.5216;2;1.57291;
2.99602;-0.00422958;-24.3216;2;1.57291;
2.9956;-0.00422958;-24.1216;2;1.57291;
2.99518;-0.00422958;-23.9216;2;1.57291;
2.99475;-0.00422958;-23.7216;2;1.57291;
2.99433;-0.00422958;-23.5216;2;1.57291;
2.99391;-0.00422958;-23.3216;2;1.57291;
2.99349;-0.00422958;-23.1216;2;1.57291;
2.99306;-0.00422958;-22.9216;2;1.57291;
2.99264;-0.00422958;-22.7216;2;1.57291;
2.99222;-0.00422958;-22.5216;2;1.57291;
2.99179;-0.00422958;-22.3216;2;1.57291;
2.99137;-0.00422958;-22.1216;2;1.57291;
2.99095;-0.00422958;-21.9216;2;1.57291;
2.99052;-0.00422958;-21.7216;2;1.57291;
2.9901;-0.00422958;-21.5216;2;1.57291;
2.98968;-0.00422958;-21.3216;2;1.57291;
2.98926;-0.00422958;-21.1216;2;1.57291;
2.98883;-0.00422958;-20.9216;2;1.57291;
2.98841;-0.00422958;-20.7216;2;1.57291;
2.98799;-0.00422958;-20.5216;2;1.57291;
2.98756;-0.00422958;-20.3216;2;1.57291;
2.98714;-0.00422958;-20.1216;2;1.57291;
2.98672;-0.00422958;-19.9216;2;1.57291;
2.9863;-0.00422958;-19.7216;2;1.57291;
2.98587;-0.00422958;-19.5216;2;1.57291;
2.98545;-0.00422958;-19.3216;2;1.57291;
2.98503;-0.00422958;-19.1216;2;1.57291;
2.9846;-0.00422958;-18.9216;2;1.57291;
2.98418;-0.00422958;-18.7216;2;1.57291;
2.98376;-0.00422958;-18.5216;2;1.57291;
2.98333;-0.00422958;-18.3216;2;1.57291;
2.98291;-0.00422958;-18.1216;2;1.57291;
2.98249;-0.00422958;-17.9216;2;1.57291;
2.98207;-0.00422958;-17.7216;2;1.57291;
2.98164;-0.00422958;-17.5216;2;1.57291;
2.98122;-0.00422958;-17.3216;2;1.57291;
2.9808;-0.00422958;-17.1216;2;1.57291;
2.98037;-0.00422958;-16.9216;2;1.57291;
2.97995;-0.00422958;-16.7216;2;1.57291;
2.97953;-0.00422958;-16.5216;2;1.57291;
2.9791;-0.00422958;-16.3216;2;1.57291;
2.97868;-0.00422958;-16.1216;2;1.57291;
2.97826;-0.00422958;-15.9216;2;1.57291;
2.97784;-0.00422958;-15.7216;2;1.57291;
2.97741;-0.00422958;-15.5216;2;1.57291;
2.97699;-0.00422958;-15.3216;2;1.57291;
2.97657;-0.00422958;-15.1216;2;1.57291;
2.97614;-0.00422958;-14.9216;2;1.57291;
2.97572;-0.00422958;-14.7216;2;1.57291;
2.9753;-0.00422958;-14.5216;2;1.57291;
2.97488;-0.00422958;-14.3216;2;1.57291;
2.97445;-0.00422958;-14.1216;2;1.57291;
2.97403;-0.00422958;-13.9216;2;1.57291;
2.97361;-0.00422958;-13.7216;2;1.57291;
2.97318;-0.00422958;-13.5216;2;1.57291;
2.97276;-0.00422958;-13.3216;2;1.57291;
2.97234;-0.00422958;-13.1216;2;1.57291;
2.97191;-0.00422958;-12.9216;2;1.57291;
2.97149;-0.00422958;-12.7216;2;1.57291;
2.97107;-0.00422958;-12.5216;2;1.57291;
2.97065;-0.00422958;-12.3216;2;1.57291;
2.97022;-0.00422958;-12.1216;2;1.57291;
2.9698;-0.00422958;-11.9216;2;1.57291;
2.96938;-0.00422958;-11.7216;2;1.57291;
2.96895;-0.00422958;-11.5216;2;1.57291;
2.96853;-0.00422958;-11.3216;2;1.57291;
2.96811;-0.00422958;-11.1216;2;1.57291;
2.96769;-0.00422958;-10.9216;2;1.57291;
2.96726;-0.00422958;-10.7216;2;1.57291;
2.96684;-0.00422958;-10.5216;2;1.57291;
2.96642;-0.00422958;-10.3216;2;1.57291;
2.96599;-0.00422958;-10.1216;2;1.57291;
2.96557;-0.00422958;-9.92161;2;1.57291;
2.96515;-0.00422958;-9.72161;2;1.57291;
2.96472;-0.00422958;-9.52161;2;1.57291;
2.9643;-0.00422958;-9.32161;2;1.57291;
2.96388;-0.00422958;-9.12161;2;1.57291;
2.96346;-0.00422958;-8.92161;2;1.57291;
2.96303;-0.00422958;-8.72161;2;1.57291;
2.96261;-0.00422958;-8.52162;2;1.57291;
2.96219;-0.00422958;-8.32162;2;1.57291;
2.96176;-0.00422958;-8.12162;2;1.57291;
2.96134;-0.00422958;-7.92162;2;1.57291;
2.96092;-0.00422958;-7.72162;2;1.57291;
2.96049;-0.00422958;-7.52162;2;1.57291;
2.96007;-0.00422958;-7.32162;2;1.57291;
2.95965;-0.00422958;-7.12162;2;1.57291;
2.95923;-0.00422958;-6.92162;2;1.57291;
2.9588;-0.00422958;-6.72162;2;1.57291;
2.95838;-0.00422958;-6.52162;2;1.57291;
2.95796;-0.00422958;-6.32162;2;1.57291;
2.95753;-0.00422958;-6.12162;2;1.57291;
2.95711;-0.00422958;-5.92162;2;1.57291;
2.95669;-0.00422958;-5.72162;2;1.57291;
2.95627;-0.00422958;-5.52162;2;1.57291;
2.95584;-0.00422958;-5.32162;2;1.57291;
2.95542;-0.00422958;-5.12162;2;1.57291;
2.955;-0.00422958;-4.92162;2;1.57291;
2.95457;-0.00422958;-4.72162;2;1.57291;
2.95415;-0.00422958;-4.52162;2;1.57291;
2.95373;-0.00422958;-4.32162;2;1.57291;
2.9533;-0.00422958;-4.12162;2;1.57291;
2.95288;-0.00422958;-3.92163;2;1.57291;
2.95246;-0.00422958;-3.72163;2;1.57291;
2.95204;-0.00422958;-3.52163;2;1.57291;
2.95161;-0.00422958;-3.32163;2;1.57291;
2.95119;-0.00422958;-3.12163;2;1.57291;
2.95077;-0.00422958;-2.92163;2;1.57291;
2.95034;-0.00422958;-2.72163;2;1.57291;
2.94992;-0.00422958;-2.52163;2;1.57291;
2.9495;-0.00422958;-2.32163;2;1.57291;
2.94907;-0.00422958;-2.12163;2;1.57291;
2.94865;-0.00422958;-1.92163;2;1.57291;
2.94823;-0.00422958;-1.72163;2;1.57291;
2.94781;-0.00422958;-1.52163;2;1.57291;
2.94738;-0.00422958;-1.32163;2;1.57291;
2.94696;-0.00422958;-1.12163;2;1.57291;
2.94654;-0.00422958;-0.921632;2;1.57291;
2.94611;-0.00422958;-0.721632;2;1.57291;
2.94569;-0.00422958;-0.521633;2;1.57291;
2.94527;-0.00422958;-0.321633;2;1.57291;
2.94485;-0.00422958;-0.121634;2;1.57291;
2.94442;-0.00422958;0.0783658;2;1.57291;
2.944;-0.00422958;0.278365;2;1.57291;
2.94358;-0.00422958;0.478365;2;1.57291;
2.94315;-0.00422958;0.678364;2;1.57291;
2.94273;-0.00422958;0.878364;2;1.57291;
2.94231;-0.00422958;1.07836;2;1.57291;
2.94188;-0.00422958;1.27836;2;1.57291;
2.94146;-0.00422958;1.47836;2;1.57291;
2.94104;-0.00422958;1.67836;2;1.57291;
2.94062;-0.00422958;1.87836;2;1.57291;
2.94019;-0.00422958;2.07836;2;1.57291;
2.93977;-0.00422958;2.27836;2;1.57291;
2.93935;-0.00422958;2.47836;2;1.57291;
2.93892;-0.00422958;2.67836;2;1.57291;
2.9385;-0.00422958;2.87836;2;1.57291;
2.93808;-0.00422958;3.07836;2;1.57291;
2.93765;-0.00422958;3.27836;2;1.57291;
2.93723;-0.00422958;3.47836;2;1.57291;
2.93681;-0.00422958;3.67836;2;1.57291;
2.93639;-0.00422958;3.87836;2;1.57291;
2.93596;-0.00422958;4.07836;2;1.57291;
2.93554;-0.00422958;4.27836;2;1.57291;
2.93512;-0.00422958;4.47836;2;1.57291;
2.93469;-0.00422958;4.67836;2;1.57291;
2.93427;-0.00422958;4.87836;2;1.57291;
2.93385;-0.00422958;5.07835;2;1.57291;
2.93343;-0.00422958;5.27835;2;1.57291;
2.933;-0.00422958;5.47835;2;1.57291;
2.93258;-0.00422958;5.67835;2;1.57291;
2.93216;-0.00422958;5.87835;2;1.57291;
2.93173;-0.00422958;6.07835;2;1.57291;
2.93131;-0.00422958;6.27835;2;1.57291;
2.93089;-0.00422958;6.47835;2;1.57291;
2.93046;-0.00422958;6.67835;2;1.57291;
2.93004;-0.00422958;6.87835;2;1.57291;
2.92962;-0.00422958;7.07835;2;1.57291;
2.9292;-0.00422958;7.27835;2;1.57291;
2.92877;-0.00422958;7.47835;2;1.57291;
2.92835;-0.00422958;7.67835;2;1.57291;
2.92793;-0.00422958;7.87835;2;1.57291;
2.9275;-0.00422958;8.07835;2;1.57291;
2.92708;-0.00422958;8.27835;2;1.57291;
2.92666;-0.00422958;8.47835;2;1.57291;
2.92624;-0.00422958;8.67835;2;1.57291;
2.92581;-0.00422958;8.87835;2;1.57291;
2.92539;-0.00422958;9.07835;2;1.57291;
2.92497;-0.00422958;9.27835;2;1.57291;
2.92454;-0.00422958;9.47834;2;1.57291;
2.92412;-0.00422958;9.67834;2;1.57291;
2.9237;-0.00422958;9.87834;2;1.57291;
2.92327;-0.00422958;10.0783;2;1.57291;
2.92285;-0.00422958;10.2783;2;1.57291;
2.92243;-0.00422958;10.4783;2;1.57291;
2.92201;-0.00422958;10.6783;2;1.57291;
2.92158;-0.00422958;10.8783;2;1.57291;
2.92116;-0.00422958;11.0783;2;1.57291;
2.92074;-0.00422958;11.2783;2;1.57291;
2.92031;-0.00422958;11.4783;2;1.57291;
2.91989;-0.00422958;11.6783;2;1.57291;
2.91947;-0.00422958;11.8783;2;1.57291;
2.91904;-0.00422958;12.0783;2;1.57291;
2.91862;-0.00422958;12.2783;2;1.57291;
2.9182;-0.00422958;12.4783;2;1.57291;
2.91778;-0.00422958;12.6783;2;1.57291;
2.91735;-0.00422958;12.8783;2;1.57291;
2.91693;-0.00422958;13.0783;2;1.57291;
2.91651;-0.00422958;13.2783;2;1.57291;
2.91608;-0.00422958;13.4783;2;1.57291;
2.91566;-0.00422958;13.6783;2;1.57291;
2.91524;-0.00422958;13.8783;2;1.57291;
2.91482;-0.00422958;14.0783;2;1.57291;
2.91439;-0.00422958;14.2783;2;1.57291;
2.91397;-0.00422958;14.4783;2;1.57291;
2.91355;-0.00422958;14.6783;2;1.57291;
2.91312;-0.00422958;14.8783;2;1.57291;
2.9127;-0.00422958;15.0783;2;1.57291;
2.91228;-0.00422958;15.2783;2;1.57291;
2.91185;-0.00422958;15.4783;2;1.57291;
2.91143;-0.00422958;15.6783;2;1.57291;
2.91101;-0.00422958;15.8783;2;1.57291;
2.91059;-0.00422958;16.0783;2;1.57291;
2.91016;-0.00422958;16.2783;2;1.57291;
2.90974;-0.00422958;16.4783;2;1.57291;
2.90932;-0.00422958;16.6783;2;1.57291;
2.90889;-0.00422958;16.8783;2;1.57291;
2.90847;-0.00422958;17.0783;2;1.57291;
2.90805;-0.00422958;17.2783;2;1.57291;
2.90762;-0.00422958;17.4783;2;1.57291;
2.9072;-0.00422958;17.6783;2;1.57291;
2.90678;-0.00422958;17.8783;2;1.57291;
2.90636;-0.00422958;18.0783;2;1.57291;
2.90593;-0.00422958;18.2783;2;1.57291;
2.90551;-0.00422958;18.4783;2;1.57291;
2.90509;-0.00422958;18.6783;2;1.57291;
2.90466;-0.00422958;18.8783;2;1.57291;
2.90424;-0.00422958;19.0783;2;1.57291;
2.90382;-0.00422958;19.2783;2;1.57291;
2.9034;-0.00422958;19.4783;2;1.57291;
2.90297;-0.00422958;19.6783;2;1.57291;
2.90255;-0.00422958;19.8783;2;1.57291;
2.90213;-0.00422958;20.0783;2;1.57291;
2.9017;-0.00422958;20.2783;2;1.57291;
2.90128;-0.00422958;20.4783;2;1.57291;
2.90086;-0.00422958;20.6783;2;1.57291;
2.90043;-0.00422958;20.8783;2;1.57291;
2.90001;-0.00422958;21.0783;2;1.57291;
2.89959;-0.00422958;21.2783;2;1.57291;
2.89917;-0.00422958;21.4783;2;1.57291;
2.89874;-0.00422958;21.6783;2;1.57291;
2.89832;-0.00422958;21.8783;2;1.57291;
2.8979;-0.00422958;22.0783;2;1.57291;
2.89747;-0.00422958;22.2783;2;1.57291;
2.89705;-0.00422958;22.4783;2;1.57291;
2.89663;-0.00422958;22.6783;2;1.57291;
2.89621;-0.00422958;22.8783;2;1.57291;
2.89578;-0.00422958;23.0783;2;1.57291;
2.89536;-0.00422958;23.2783;2;1.57291;
2.89494;-0.00422958;23.4783;2;1.57291;
2.89451;-0.00422958;23.6783;2;1.57291;
2.89409;-0.00422958;23.8783;2;1.57291;
2.89367;-0.00422958;24.0783;2;1.57291;
2.89324;-0.00422958;24.2783;2;1.57291;
2.89282;-0.00422958;24.4783;2;1.57291;
2.8924;-0.00422958;24.6783;2;1.57291;
2.89198;-0.00422958;24.8783;2;1.57291;
2.89155;-0.00422958;25.0783;2;1.57291;
2.89113;-0.00422958;25.2783;2;1.57291;
2.89071;-0.00422958;25.4783;2;1.57291;
2.89028;-0.00422958;25.6783;2;1.57291;
2.88986;-0.00422958;25.8783;2;1.57291;
2.88944;-0.00422958;26.0783;2;1.57291;
2.88901;-0.00422958;26.2783;2;1.57291;
2.88859;-0.00422958;26.4783;2;1.57291;
2.88817;-0.00422958;26.6783;2;1.57291;
2.88775;-0.00422958;26.8783;2;1.57291;
2.88732;-0.00422958;27.0783;2;1.57291;
2.8869;-0.00422958;27.2783;2;1.57291;
2.88648;-0.00422958;27.4783;2;1.57291;
2.88605;-0.00422958;27.6783;2;1.57291;
2.88563;-0.00422958;27.8783;2;1.57291;
2.88521;-0.00422958;28.0783;2;1.57291;
2.88479;-0.00422958;28.2783;2;1.57291;
2.88436;-0.00422958;28.4783;2;1.57291;
2.88394;-0.00422958;28.6783;2;1.57291;
2.88352;-0.00422958;28.8783;2;1.57291;
2.88309;-0.00422958;29.0783;2;1.57291;
2.88267;-0.00422958;29.2783;2;1.57291;
2.88225;-0.00422958;29.4783;2;1.57291;
2.88182;-0.00422958;29.6783;2;1.57291;
2.8814;-0.00422958;29.8783;2;1.57291;

2.88098;-0.00422958;-29.9217;2;1.57291;
2.88056;-0.00422958;-29.7217;2;1.57291;
2.88013;-0.00422958;-29.5217;2;1.57291;
2.87971;-0.00422958;-29.3217;2;1.57291;
2.87929;-0.00422958;-29.1217;2;1.57291;
2.87886;-0.00422958;-28.9217;2;1.57291;
2.87844;-0.00422958;-28.7217;2;1.57291;
2.87802;-0.00422958;-28.5217;2;1.57291;
2.87759;-0.00422958;-28.3217;2;1.57291;
2.87717;-0.00422958;-28.1217;2;1.57291;
2.87675;-0.00422958;-27.9217;2;1.57291;
2.87633;-0.00422958;-27.7217;2;1.57291;
2.8759;-0.00422958;-27.5217;2;1.57291;
2.87548;-0.00422958;-27.3217;2;1.57291;
2.87506;-0.00422958;-27.1217;2;1.57291;
2.87463;-0.00422958;-26.9217;2;1.57291;
2.87421;-0.00422958;-26.7217;2;1.57291;
2.87379;-0.00422958;-26.5217;2;1.57291;
2.87337;-0.00422958;-26.3217;2;1.57291;
2.87294;-0.00422958;-26.1217;2;1.57291;
2.87252;-0.00422958;-25.9217;2;1.57291;
2.8721;-0.00422958;-25.7217;2;1.57291;
2.87167;-0.00422958;-25.5217;2;1.57291;
2.87125;-0.00422958;-25.3217;2;1.57291;
2.87083;-0.00422958;-25.1217;2;1.57291;
2.8704;-0.00422958;-24.9217;2;1.57291;
2.86998;-0.00422958;-24.7217;2;1.57291;
2.86956;-0.00422958;-24.5217;2;1.57291;
2.86914;-0.00422958;-24.3217;2;1.57291;
2.86871;-0.00422958;-24.1217;2;1.57291;
2.86829;-0.00422958;-23.9217;2;1.57291;
2.86787;-0.00422958;-23.7217;2;1.57291;
2.86744;-0.00422958;-23.5217;2;1.57291;
2.86702;-0.00422958;-23.3217;2;1.57291;
2.8666;-0.00422958;-23.1217;2;1.57291;
2.86618;-0.00422958;-22.9217;2;1.57291;
2.86575;-0.00422958;-22.7217;2;1.57291;
2.86533;-0.00422958;-22.5217;2;1.57291;
2.86491;-0.00422958;-22.3217;2;1.57291;
2.86448;-0.00422958;-22.1217;2;1.57291;
2.86406;-0.00422958;-21.9217;2;1.57291;
2.86364;-0.00422958;-21.7217;2;1.57291;
2.86321;-0.00422958;-21.5217;2;1.57291;
2.86279;-0.00422958;-21.3217;2;1.57291;
2.86237;-0.00422958;-21.1217;2;1.57291;
2.86195;-0.00422958;-20.9217;2;1.57291;
2.86152;-0.00422958;-20.7217;2;1.57291;
2.8611;-0.00422958;-20.5217;2;1.57291;
2.86068;-0.00422958;-20.3217;2;1.57291;
2.86025;-0.00422958;-20.1217;2;1.57291;
2.85983;-0.00422958;-19.9217;2;1.57291;
2.85941;-0.00422958;-19.7217;2;1.57291;
2.85898;-0.00422958;-19.5217;2;1.57291;
2.85856;-0.00422958;-19.3217;2;1.57291;
2.85814;-0.00422958;-19.1217;2;1.57291;
2.85772;-0.00422958;-18.9217;2;1.57291;
2.85729;-0.00422958;-18.7217;2;1.57291;
2.85687;-0.00422958;-18.5217;2;1.57291;
2.85645;-0.00422958;-18.3217;2;1.57291;
2.85602;-0.00422958;-18.1217;2;1.57291;
2.8556;-0.00422958;-17.9217;2;1.57291;
2.85518;-0.00422958;-17.7217;2;1.57291;
2.85476;-0.00422958;-17.5217;2;1.57291;
2.85433;-0.00422958;-17.3217;2;1.57291;
2.85391;-0.00422958;-17.1217;2;1.57291;
2.85349;-0.00422958;-16.9217;2;1.57291;
2.85306;-0.00422958;-16.7217;2;1.57291;
2.85264;-0.00422958;-16.5217;2;1.57291;
2.85222;-0.00422958;-16.3217;2;1.57291;
2.85179;-0.00422958;-16.1217;2;1.57291;
2.85137;-0.00422958;-15.9217;2;1.57291;
2.85095;-0.00422958;-15.7217;2;1.57291;
2.85053;-0.00422958;-15.5217;2;1.57291;
2.8501;-0.00422958;-15.3217;2;1.57291;
2.84968;-0.00422958;-15.1217;2;1.57291;
2.84926;-0.00422958;-14.9217;2;1.57291;
2.84883;-0.00422958;-14.7217;2;1.57291;
2.84841;-0.00422958;-14.5217;2;1.57291;
2.84799;-0.00422958;-14.3217;2;1.57291;
2.84756;-0.00422958;-14.1217;2;1.57291;
2.84714;-0.00422958;-13.9217;2;1.57291;
2.84672;-0.00422958;-13.7217;2;1.57291;
2.8463;-0.00422958;-13.5217;2;1.57291;
2.84587;-0.00422958;-13.3217;2;1.57291;
2.84545;-0.00422958;-13.1217;2;1.57291;
2.84503;-0.00422958;-12.9217;2;1.57291;
2.8446;-0.00422958;-12.7217;2;1.57291;
2.84418;-0.00422958;-12.5217;2;1.57291;
2.84376;-0.00422958;-12.3217;2;1.57291;
2.84334;-0.00422958;-12.1217;2;1.57291;
2.84291;-0.00422958;-11.9217;2;1.57291;
2.84249;-0.00422958;-11.7217;2;1.57291;
2.84207;-0.00422958;-11.5217;2;1.57291;
2.84164;-0.00422958;-11.3217;2;1.57291;
2.84122;-0.00422958;-11.1217;2;1.57291;
2.8408;-0.00422958;-10.9217;2;1.57291;
2.84037;-0.00422958;-10.7217;2;1.57291;
2.83995;-0.00422958;-10.5217;2;1.57291;
2.83953;-0.00422958;-10.3217;2;1.57291;
2.83911;-0.00422958;-10.1217;2;1.57291;
2.83868;-0.00422958;-9.92175;2;1.57291;
2.83826;-0.00422958;-9.72175;2;1.57291;
2.83784;-0.00422958;-9.52175;2;1.57291;
2.83741;-0.00422958;-9.32175;2;1.57291;
2.83699;-0.00422958;-9.12175;2;1.57291;
2.83657;-0.00422958;-8.92175;2;1.57291;
2.83614;-0.00422958;-8.72175;2;1.57291;
2.83572;-0.00422958;-8.52175;2;1.57291;
2.8353;-0.00422958;-8.32175;2;1.57291;
2.83488;-0.00422958;-8.12175;2;1.57291;
2.83445;-0.00422958;-7.92175;2;1.57291;
2.83403;-0.00422958;-7.72175;2;1.57291;
2.83361;-0.00422958;-7.52175;2;1.57291;
2.83318;-0.00422958;-7.32175;2;1.57291;
2.83276;-0.00422958;-7.12175;2;1.57291;
2.83234;-0.00422958;-6.92175;2;1.57291;
2.83192;-0.00422958;-6.72175;2;1.57291;
2.83149;-0.00422958;-6.52175;2;1.57291;
2.83107;-0.00422958;-6.32175;2;1.57291;
2.83065;-0.00422958;-6.12175;2;1.57291;
2.83022;-0.00422958;-5.92176;2;1.57291;
2.8298;-0.00422958;-5.72176;2;1.57291;
2.82938;-0.00422958;-5.52176;2;1.57291;
2.82895;-0.00422958;-5.32176;2;1.57291;
2.82853;-0.00422958;-5.12176;2;1.57291;
2.82811;-0.00422958;-4.92176;2;1.57291;
2.82769;-0.00422958;-4.72176;2;1.57291;
2.82726;-0.00422958;-4.52176;2;1.57291;
2.82684;-0.00422958;-4.32176;2;1.57291;
2.82642;-0.00422958;-4.12176;2;1.57291;
2.82599;-0.00422958;-3.92176;2;1.57291;
2.82557;-0.00422958;-3.72176;2;1.57291;
2.82515;-0.00422958;-3.52176;2;1.57291;
2.82473;-0.00422958;-3.32176;2;1.57291;
2.8243;-0.00422958;-3.12176;2;1.57291;
2.82388;-0.00422958;-2.92176;2;1.57291;
2.82346;-0.00422958;-2.72176;2;1.57291;
2.82303;-0.00422958;-2.52176;2;1.57291;
2.82261;-0.00422958;-2.32176;2;1.57291;
2.82219;-0.00422958;-2.12176;2;1.57291;
2.82176;-0.00422958;-1.92176;2;1.57291;
2.82134;-0.00422958;-1.72176;2;1.57291;
2.82092;-0.00422958;-1.52176;2;1.57291;
2.8205;-0.00422958;-1.32177;2;1.57291;
2.82007;-0.00422958;-1.12177;2;1.57291;
2.81965;-0.00422958;-0.921766;2;1.57291;
2.81923;-0.00422958;-0.721767;2;1.57291;
2.8188;-0.00422958;-0.521767;2;1.57291;
2.81838;-0.00422958;-0.321768;2;1.57291;
2.81796;-0.00422958;-0.121768;2;1.57291;
2.81753;-0.00422958;0.0782316;2;1.57291;
2.81711;-0.00422958;0.278231;2;1.57291;
2.81669;-0.00422958;0.478231;2;1.57291;
2.81627;-0.00422958;0.67823;2;1.57291;
2.81584;-0.00422958;0.87823;2;1.57291;
2.81542;-0.00422958;1.07823;2;1.57291;
2.815;-0.00422958;1.27823;2;1.57291;
2.81457;-0.00422958;1.47823;2;1.57291;
2.81415;-0.00422958;1.67823;2;1.57291;
2.81373;-0.00422958;1.87823;2;1.57291;
2.81331;-0.00422958;2.07823;2;1.57291;
2.81288;-0.00422958;2.27823;2;1.57291;
2.81246;-0.00422958;2.47823;2;1.57291;
2.81204;-0.00422958;2.67823;2;1.57291;
2.81161;-0.00422958;2.87823;2;1.57291;
2.81119;-0.00422958;3.07822;2;1.57291;
2.81077;-0.00422958;3.27822;2;1.57291;
2.81034;-0.00422958;3.47822;2;1.57291;
2.80992;-0.00422958;3.67822;2;1.57291;
2.8095;-0.00422958;3.87822;2;1.57291;
2.80908;-0.00422958;4.07822;2;1.57291;
2.80865;-0.00422958;4.27822;2;1.57291;
2.80823;-0.00422958;4.47822;2;1.57291;
2.80781;-0.00422958;4.67822;2;1.57291;
2.80738;-0.00422958;4.87822;2;1.57291;
2.80696;-0.00422958;5.07822;2;1.57291;
2.80654;-0.00422958;5.27822;2;1.57291;
2.80611;-0.00422958;5.47822;2;1.57291;
2.80569;-0.00422958;5.67822;2;1.57291;
2.80527;-0.00422958;5.87822;2;1.57291;
2.80485;-0.00422958;6.07822;2;1.57291;
2.80442;-0.00422958;6.27822;2;1.57291;
2.804;-0.00422958;6.47822;2;1.57291;
2.80358;-0.00422958;6.67822;2;1.57291;
2.80315;-0.00422958;6.87822;2;1.57291;
2.80273;-0.00422958;7.07822;2;1.57291;
2.80231;-0.00422958;7.27822;2;1.57291;
2.80189;-0.00422958;7.47822;2;1.57291;
2.80146;-0.00422958;7.67821;2;1.57291;
2.80104;-0.00422958;7.87821;2;1.57291;
2.80062;-0.00422958;8.07821;2;1.57291;
2.80019;-0.00422958;8.27821;2;1.57291;
2.79977;-0.00422958;8.47821;2;1.57291;
2.79935;-0.00422958;8.67821;2;1.57291;
2.79892;-0.00422958;8.87821;2;1.57291;
2.7985;-0.00422958;9.07821;2;1.57291;
2.79808;-0.00422958;9.27821;2;1.57291;
2.79766;-0.00422958;9.47821;2;1.57291;
2.79723;-0.00422958;9.67821;2;1.57291;
2.79681;-0.00422958;9.87821;2;1.57291;
2.79639;-0.00422958;10.0782;2;1.57291;
2.79596;-0.00422958;10.2782;2;1.57291;
2.79554;-0.00422958;10.4782;2;1.57291;
2.79512;-0.00422958;10.6782;2;1.57291;
2.7947;-0.00422958;10.8782;2;1.57291;
2.79427;-0.00422958;11.0782;2;1.57291;
2.79385;-0.00422958;11.2782;2;1.57291;
2.79343;-0.00422958;11.4782;2;1.57291;
2.793;-0.00422958;11.6782;2;1.57291;
2.79258;-0.00422958;11.8782;2;1.57291;
2.79216;-0.00422958;12.0782;2;1.57291;
2.79173;-0.00422958;12.2782;2;1.57291;
2.79131;-0.00422958;12.4782;2;1.57291;
2.79089;-0.00422958;12.6782;2;1.57291;
2.79047;-0.00422958;12.8782;2;1.57291;
2.79004;-0.00422958;13.0782;2;1.57291;
2.78962;-0.00422958;13.2782;2;1.57291;
2.7892;-0.00422958;13.4782;2;1.57291;
2.78877;-0.00422958;13.6782;2;1.57291;
2.78835;-0.00422958;13.8782;2;1.57291;
2.78793;-0.00422958;14.0782;2;1.57291;
2.7875;-0.00422958;14.2782;2;1.57291;
2.78708;-0.00422958;14.4782;2;1.57291;
2.78666;-0.00422958;14.6782;2;1.57291;
2.78624;-0.00422958;14.8782;2;1.57291;
2.78581;-0.00422958;15.0782;2;1.57291;
2.78539;-0.00422958;15.2782;2;1.57291;
2.78497;-0.00422958;15.4782;2;1.57291;
2.78454;-0.00422958;15.6782;2;1.57291;
2.78412;-0.00422958;15.8782;2;1.57291;
2.7837;-0.00422958;16.0782;2;1.57291;
2.78328;-0.00422958;16.2782;2;1.57291;
2.78285;-0.00422958;16.4782;2;1.57291;
2.78243;-0.00422958;16.6782;2;1.57291;
2.78201;-0.00422958;16.8782;2;1.57291;
2.78158;-0.00422958;17.0782;2;1.57291;
2.78116;-0.00422958;17.2782;2;1.57291;
2.78074;-0.00422958;17.4782;2;1.57291;
2.78031;-0.00422958;17.6782;2;1.57291;
2.77989;-0.00422958;17.8782;2;1.57291;
2.77947;-0.00422958;18.0782;2;1.57291;
2.77905;-0.00422958;18.2782;2;1.57291;
2.77862;-0.00422958;18.4782;2;1.57291;
2.7782;-0.00422958;18.6782;2;1.57291;
2.77778;-0.00422958;18.8782;2;1.57291;
2.77735;-0.00422958;19.0782;2;1.57291;
2.77693;-0.00422958;19.2782;2;1.57291;
2.77651;-0.00422958;19.4782;2;1.57291;
2.77608;-0.00422958;19.6782;2;1.57291;
2.77566;-0.00422958;19.8782;2;1.57291;
2.77524;-0.00422958;20.0782;2;1.57291;
2.77482;-0.00422958;20.2782;2;1.57291;
2.77439;-0.00422958;20.4782;2;1.57291;
2.77397;-0.00422958;20.6782;2;1.57291;
2.77355;-0.00422958;20.8782;2;1.57291;
2.77312;-0.00422958;21.0782;2;1.57291;
2.7727;-0.00422958;21.2782;2;1.57291;
2.77228;-0.00422958;21.4782;2;1.57291;
2.77186;-0.00422958;21.6782;2;1.57291;
2.77143;-0.00422958;21.8782;2;1.57291;
2.77101;-0.00422958;22.0782;2;1.57291;
2.77059;-0.00422958;22.2782;2;1.57291;
2.77016;-0.00422958;22.4782;2;1.57291;
2.76974;-0.00422958;22.6782;2;1.57291;
2.76932;-0.00422958;22.8782;2;1.57291;
2.76889;-0.00422958;23.0782;2;1.57291;
2.76847;-0.00422958;23.2782;2;1.57291;
2.76805;-0.00422958;23.4782;2;1.57291;
2.76763;-0.00422958;23.6782;2;1.57291;
2.7672;-0.00422958;23.8782;2;1.57291;
2.76678;-0.00422958;24.0782;2;1.57291;
2.76636;-0.00422958;24.2782;2;1.57291;
2.76593;-0.00422958;24.4782;2;1.57291;
2.76551;-0.00422958;24.6782;2;1.57291;
2.76509;-0.00422958;24.8782;2;1.57291;
2.76467;-0.00422958;25.0782;2;1.57291;
2.76424;-0.00422958;25.2782;2;1.57291;
2.76382;-0.00422958;25.4782;2;1.57291;
2.7634;-0.00422958;25.6782;2;1.57291;
2.76297;-0.00422958;25.8782;2;1.57291;
2.76255;-0.00422958;26.0782;2;1.57291;
2.76213;-0.00422958;26.2782;2;1.57291;
2.7617;-0.00422958;26.4782;2;1.57291;
2.76128;-0.00422958;26.6782;2;1.57291;
2.76086;-0.00422958;26.8782;2;1.57291;
2.76044;-0.00422958;27.0782;2;1.57291;
2.76001;-0.00422958;27.2782;2;1.57291;
2.75959;-0.00422958;27.4782;2;1.57291;
2.75917;-0.00422958;27.6782;2;1.57291;
2.75874;-0.00422958;27.8782;2;1.57291;
2.75832;-0.00422958;28.0782;2;1.57291;
2.7579;-0.00422958;28.2782;2;1.57291;
2.75747;-0.00422958;28.4782;2;1.57291;
2.75705;-0.00422958;28.6782;2;1.57291;
2.75663;-0.00422958;28.8782;2;1.57291;
2.75621;-0.00422958;29.0782;2;1.57291;
2.75578;-0.00422958;29.2782;2;1.57291;
2.75536;-0.00422958;29.4782;2;1.57291;
2.75494;-0.00422958;29.6782;2;1.57291;
2.75451;-0.00422958;29.8782;2;1.57291;

2.75409;-0.00422958;-29.9218;2;1.57291;
2.75367;-0.00422958;-29.7218;2;1.57291;
2.75325;-0.00422958;-29.5218;2;1.57291;
2.75282;-0.00422958;-29.3218;2;1.57291;
2.7524;-0.00422958;-29.1218;2;1.57291;
2.75198;-0.00422958;-28.9218;2;1.57291;
2.75155;-0.00422958;-28.7218;2;1.57291;
2.75113;-0.00422958;-28.5218;2;1.57291;
2.75071;-0.00422958;-28.3218;2;1.57291;
2.75028;-0.00422958;-28.1218;2;1.57291;
2.74986;-0.00422958;-27.9218;2;1.57291;
2.74944;-0.00422958;-27.7218;2;1.57291;
2.74902;-0.00422958;-27.5218;2;1.57291;
2.74859;-0.00422958;-27.3218;2;1.57291;
2.74817;-0.00422958;-27.1218;2;1.57291;
2.74775;-0.00422958;-26.9218;2;1.57291;
2.74732;-0.00422958;-26.7218;2;1.57291;
2.7469;-0.00422958;-26.5218;2;1.57291;
2.74648;-0.00422958;-26.3218;2;1.57291;
2.74605;-0.00422958;-26.1218;2;1.57291;
2.74563;-0.00422958;-25.9218;2;1.57291;
2.74521;-0.00422958;-25.7218;2;1.57291;
2.74479;-0.00422958;-25.5218;2;1.57291;
2.74436;-0.00422958;-25.3218;2;1.57291;
2.74394;-0.00422958;-25.1218;2;1.57291;
2.74352;-0.00422958;-24.9218;2;1.57291;
2.74309;-0.00422958;-24.7218;2;1.57291;
2.74267;-0.00422958;-24.5218;2;1.57291;
2.74225;-0.00422958;-24.3218;2;1.57291;
2.74183;-0.00422958;-24.1218;2;1.57291;
2.7414;-0.00422958;-23.9218;2;1.57291;
2.74098;-0.00422958;-23.7218;2;1.57291;
2.74056;-0.00422958;-23.5218;2;1.57291;
2.74013;-0.00422958;-23.3219;2;1.57291;
2.73971;-0.00422958;-23.1219;2;1.57291;
2.73929;-0.00422958;-22.9219;2;1.57291;
2.73886;-0.00422958;-22.7219;2;1.57291;
2.73844;-0.00422958;-22.5219;2;1.57291;
2.73802;-0.00422958;-22.3219;2;1.57291;
2.7376;-0.00422958;-22.1219;2;1.57291;
2.73717;-0.00422958;-21.9219;2;1.57291;
2.73675;-0.00422958;-21.7219;2;1.57291;
2.73633;-0.00422958;-21.5219;2;1.57291;
2.7359;-0.00422958;-21.3219;2;1.57291;
2.73548;-0.00422958;-21.1219;2;1.57291;
2.73506;-0.00422958;-20.9219;2;1.57291;
2.73464;-0.00422958;-20.7219;2;1.57291;
2.73421;-0.00422958;-20.5219;2;1.57291;
2.73379;-0.00422958;-20.3219;2;1.57291;
2.73337;-0.00422958;-20.1219;2;1.57291;
2.73294;-0.00422958;-19.9219;2;1.57291;
2.73252;-0.00422958;-19.7219;2;1.57291;
2.7321;-0.00422958;-19.5219;2;1.57291;
2.73167;-0.00422958;-19.3219;2;1.57291;
2.73125;-0.00422958;-19.1219;2;1.57291;
2.73083;-0.00422958;-18.9219;2;1.57291;
2.73041;-0.00422958;-18.7219;2;1.57291;
2.72998;-0.00422958;-18.5219;2;1.57291;
2.72956;-0.00422958;-18.3219;2;1.57291;
2.72914;-0.00422958;-18.1219;2;1.57291;
2.72871;-0.00422958;-17.9219;2;1.57291;
2.72829;-0.00422958;-17.7219;2;1.57291;
2.72787;-0.00422958;-17.5219;2;1.57291;
2.72744;-0.00422958;-17.3219;2;1.57291;
2.72702;-0.00422958;-17.1219;2;1.57291;
2.7266;-0.00422958;-16.9219;2;1.57291;
2.72618;-0.00422958;-16.7219;2;1.57291;
2.72575;-0.00422958;-16.5219;2;1.57291;
2.72533;-0.00422958;-16.3219;2;1.57291;
2.72491;-0.00422958;-16.1219;2;1.57291;
2.72448;-0.00422958;-15.9219;2;1.57291;
2.72406;-0.00422958;-15.7219;2;1.57291;
2.72364;-0.00422958;-15.5219;2;1.57291;
2.72322;-0.00422958;-15.3219;2;1.57291;
2.72279;-0.00422958;-15.1219;2;1.57291;
2.72237;-0.00422958;-14.9219;2;1.57291;
2.72195;-0.00422958;-14.7219;2;1.57291;
2.72152;-0.00422958;-14.5219;2;1.57291;
2.7211;-0.00422958;-14.3219;2;1.57291;
2.72068;-0.00422958;-14.1219;2;1.57291;
2.72025;-0.00422958;-13.9219;2;1.57291;
2.71983;-0.00422958;-13.7219;2;1.57291;
2.71941;-0.00422958;-13.5219;2;1.57291;
2.71899;-0.00422958;-13.3219;2;1.57291;
2.71856;-0.00422958;-13.1219;2;1.57291;
2.71814;-0.00422958;-12.9219;2;1.57291;
2.71772;-0.00422958;-12.7219;2;1.57291;
2.71729;-0.00422958;-12.5219;2;1.57291;
2.71687;-0.00422958;-12.3219;2;1.57291;
2.71645;-0.00422958;-12.1219;2;1.57291;
2.71602;-0.00422958;-11.9219;2;1.57291;
2.7156;-0.00422958;-11.7219;2;1.57291;
2.71518;-0.00422958;-11.5219;2;1.57291;
2.71476;-0.00422958;-11.3219;2;1.57291;
2.71433;-0.00422958;-11.1219;2;1.57291;
2.71391;-0.00422958;-10.9219;2;1.57291;
2.71349;-0.00422958;-10.7219;2;1.57291;
2.71306;-0.00422958;-10.5219;2;1.57291;
2.71264;-0.00422958;-10.3219;2;1.57291;
2.71222;-0.00422958;-10.1219;2;1.57291;
2.7118;-0.00422958;-9.92188;2;1.57291;
2.71137;-0.00422958;-9.72188;2;1.57291;
2.71095;-0.00422958;-9.52188;2;1.57291;
2.71053;-0.00422958;-9.32188;2;1.57291;
2.7101;-0.00422958;-9.12188;2;1.57291;
2.70968;-0.00422958;-8.92188;2;1.57291;
2.70926;-0.00422958;-8.72188;2;1.57291;
2.70883;-0.00422958;-8.52188;2;1.57291;
2.70841;-0.00422958;-8.32188;2;1.57291;
2.70799;-0.00422958;-8.12188;2;1.57291;
2.70757;-0.00422958;-7.92188;2;1.57291;
2.70714;-0.00422958;-7.72189;2;1.57291;
2.70672;-0.00422958;-7.52189;2;1.57291;
2.7063;-0.00422958;-7.32189;2;1.57291;
2.70587;-0.00422958;-7.12189;2;1.57291;
2.70545;-0.00422958;-6.92189;2;1.57291;
2.70503;-0.00422958;-6.72189;2;1.57291;
2.7046;-0.00422958;-6.52189;2;1.57291;
2.70418;-0.00422958;-6.32189;2;1.57291;
2.70376;-0.00422958;-6.12189;2;1.57291;
2.70334;-0.00422958;-5.92189;2;1.57291;
2.70291;-0.00422958;-5.72189;2;1.57291;
2.70249;-0.00422958;-5.52189;2;1.57291;
2.70207;-0.00422958;-5.32189;2;1.57291;
2.70164;-0.00422958;-5.12189;2;1.57291;
2.70122;-0.00422958;-4.92189;2;1.57291;
2.7008;-0.00422958;-4.72189;2;1.57291;
2.70038;-0.00422958;-4.52189;2;1.57291;
2.69995;-0.00422958;-4.32189;2;1.57291;
2.69953;-0.00422958;-4.12189;2;1.57291;
2.69911;-0.00422958;-3.92189;2;1.57291;
2.69868;-0.00422958;-3.72189;2;1.57291;
2.69826;-0.00422958;-3.52189;2;1.57291;
2.69784;-0.00422958;-3.32189;2;1.57291;
2.69741;-0.00422958;-3.1219;2;1.57291;
2.69699;-0.00422958;-2.9219;2;1.57291;
2.69657;-0.00422958;-2.7219;2;1.57291;
2.69615;-0.00422958;-2.5219;2;1.57291;
2.69572;-0.00422958;-2.3219;2;1.57291;
2.6953;-0.00422958;-2.1219;2;1.57291;
2.69488;-0.00422958;-1.9219;2;1.57291;
2.69445;-0.00422958;-1.7219;2;1.57291;
2.69403;-0.00422958;-1.5219;2;1.57291;
2.69361;-0.00422958;-1.3219;2;1.57291;
2.69319;-0.00422958;-1.1219;2;1.57291;
2.69276;-0.00422958;-0.9219;2;1.57291;
2.69234;-0.00422958;-0.721901;2;1.57291;
2.69192;-0.00422958;-0.521901;2;1.57291;
2.69149;-0.00422958;-0.321902;2;1.57291;
2.69107;-0.00422958;-0.121902;2;1.57291;
2.69065;-0.00422958;0.0780974;2;1.57291;
2.69022;-0.00422958;0.278097;2;1.57291;
2.6898;-0.00422958;0.478097;2;1.57291;
2.68938;-0.00422958;0.678096;2;1.57291;
2.68896;-0.00422958;0.878096;2;1.57291;
2.68853;-0.00422958;1.0781;2;1.57291;
2.68811;-0.00422958;1.27809;2;1.57291;
2.68769;-0.00422958;1.47809;2;1.57291;
2.68726;-0.00422958;1.67809;2;1.57291;
2.68684;-0.00422958;1.87809;2;1.57291;
2.68642;-0.00422958;2.07809;2;1.57291;
2.68599;-0.00422958;2.27809;2;1.57291;
2.68557;-0.00422958;2.47809;2;1.57291;
2.68515;-0.00422958;2.67809;2;1.57291;
2.68473;-0.00422958;2.87809;2;1.57291;
2.6843;-0.00422958;3.07809;2;1.57291;
2.68388;-0.00422958;3.27809;2;1.57291;
2.68346;-0.00422958;3.47809;2;1.57291;
2.68303;-0.00422958;3.67809;2;1.57291;
2.68261;-0.00422958;3.87809;2;1.57291;
2.68219;-0.00422958;4.07809;2;1.57291;
2.68177;-0.00422958;4.27809;2;1.57291;
2.68134;-0.00422958;4.47809;2;1.57291;
2.68092;-0.00422958;4.67809;2;1.57291;
2.6805;-0.00422958;4.87809;2;1.57291;
2.68007;-0.00422958;5.07809;2;1.57291;
2.67965;-0.00422958;5.27809;2;1.57291;
2.67923;-0.00422958;5.47809;2;1.57291;
2.6788;-0.00422958;5.67808;2;1.57291;
2.67838;-0.00422958;5.87808;2;1.57291;
2.67796;-0.00422958;6.07808;2;1.57291;
2.67754;-0.00422958;6.27808;2;1.57291;
2.67711;-0.00422958;6.47808;2;1.57291;
2.67669;-0.00422958;6.67808;2;1.57291;
2.67627;-0.00422958;6.87808;2;1.57291;
2.67584;-0.00422958;7.07808;2;1.57291;
2.67542;-0.00422958;7.27808;2;1.57291;
2.675;-0.00422958;7.47808;2;1.57291;
2.67457;-0.00422958;7.67808;2;1.57291;
2.67415;-0.00422958;7.87808;2;1.57291;
2.67373;-0.00422958;8.07808;2;1.57291;
2.67331;-0.00422958;8.27808;2;1.57291;
2.67288;-0.00422958;8.47808;2;1.57291;
2.67246;-0.00422958;8.67808;2;1.57291;
2.67204;-0.00422958;8.87808;2;1.57291;
2.67161;-0.00422958;9.07808;2;1.57291;
2.67119;-0.00422958;9.27808;2;1.57291;
2.67077;-0.00422958;9.47808;2;1.57291;
2.67035;-0.00422958;9.67808;2;1.57291;
2.66992;-0.00422958;9.87808;2;1.57291;
2.6695;-0.00422958;10.0781;2;1.57291;
2.66908;-0.00422958;10.2781;2;1.57291;
2.66865;-0.00422958;10.4781;2;1.57291;
2.66823;-0.00422958;10.6781;2;1.57291;
2.66781;-0.00422958;10.8781;2;1.57291;
2.66738;-0.00422958;11.0781;2;1.57291;
2.66696;-0.00422958;11.2781;2;1.57291;
2.66654;-0.00422958;11.4781;2;1.57291;
2.66612;-0.00422958;11.6781;2;1.57291;
2.66569;-0.00422958;11.8781;2;1.57291;
2.66527;-0.00422958;12.0781;2;1.57291;
2.66485;-0.00422958;12.2781;2;1.57291;
2.66442;-0.00422958;12.4781;2;1.57291;
2.664;-0.00422958;12.6781;2;1.57291;
2.66358;-0.00422958;12.8781;2;1.57291;
2.66316;-0.00422958;13.0781;2;1.57291;
2.66273;-0.00422958;13.2781;2;1.57291;
2.66231;-0.00422958;13.4781;2;1.57291;
2.66189;-0.00422958;13.6781;2;1.57291;
2.66146;-0.00422958;13.8781;2;1.57291;
2.66104;-0.00422958;14.0781;2;1.57291;
2.66062;-0.00422958;14.2781;2;1.57291;
2.66019;-0.00422958;14.4781;2;1.57291;
2.65977;-0.00422958;14.6781;2;1.57291;
2.65935;-0.00422958;14.8781;2;1.57291;
2.65893;-0.00422958;15.0781;2;1.57291;
2.6585;-0.00422958;15.2781;2;1.57291;
2.65808;-0.00422958;15.4781;2;1.57291;
2.65766;-0.00422958;15.6781;2;1.57291;
2.65723;-0.00422958;15.8781;2;1.57291;
2.65681;-0.00422958;16.0781;2;1.57291;
2.65639;-0.00422958;16.2781;2;1.57291;
2.65596;-0.00422958;16.4781;2;1.57291;
2.65554;-0.00422958;16.6781;2;1.57291;
2.65512;-0.00422958;16.8781;2;1.57291;
2.6547;-0.00422958;17.0781;2;1.57291;
2.65427;-0.00422958;17.2781;2;1.57291;
2.65385;-0.00422958;17.4781;2;1.57291;
2.65343;-0.00422958;17.6781;2;1.57291;
2.653;-0.00422958;17.8781;2;1.57291;
2.65258;-0.00422958;18.0781;2;1.57291;
2.65216;-0.00422958;18.2781;2;1.57291;
2.65174;-0.00422958;18.4781;2;1.57291;
2.65131;-0.00422958;18.6781;2;1.57291;
2.65089;-0.00422958;18.8781;2;1.57291;
2.65047;-0.00422958;19.0781;2;1.57291;
2.65004;-0.00422958;19.2781;2;1.57291;
2.64962;-0.00422958;19.4781;2;1.57291;
2.6492;-0.00422958;19.6781;2;1.57291;
2.64877;-0.00422958;19.8781;2;1.57291;
2.64835;-0.00422958;20.0781;2;1.57291;
2.64793;-0.00422958;20.2781;2;1.57291;
2.64751;-0.00422958;20.4781;2;1.57291;
2.64708;-0.00422958;20.6781;2;1.57291;
2.64666;-0.00422958;20.8781;2;1.57291;
2.64624;-0.00422958;21.0781;2;1.57291;
2.64581;-0.00422958;21.2781;2;1.57291;
2.64539;-0.00422958;21.478;2;1.57291;
2.64497;-0.00422958;21.678;2;1.57291;
2.64454;-0.00422958;21.878;2;1.57291;
2.64412;-0.00422958;22.078;2;1.57291;
2.6437;-0.00422958;22.278;2;1.57291;
2.64328;-0.00422958;22.478;2;1.57291;
2.64285;-0.00422958;22.678;2;1.57291;
2.64243;-0.00422958;22.878;2;1.57291;
2.64201;-0.00422958;23.078;2;1.57291;
2.64158;-0.00422958;23.278;2;1.57291;
2.64116;-0.00422958;23.478;2;1.57291;
2.64074;-0.00422958;23.678;2;1.57291;
2.64032;-0.00422958;23.878;2;1.57291;
2.63989;-0.00422958;24.078;2;1.57291;
2.63947;-0.00422958;24.278;2;1.57291;
2.63905;-0.00422958;24.478;2;1.57291;
2.63862;-0.00422958;24.678;2;1.57291;
2.6382;-0.00422958;24.878;2;1.57291;
2.63778;-0.00422958;25.078;2;1.57291;
2.63735;-0.00422958;25.278;2;1.57291;
2.63693;-0.00422958;25.478;2;1.57291;
2.63651;-0.00422958;25.678;2;1.57291;
2.63609;-0.00422958;25.878;2;1.57291;
2.63566;-0.00422958;26.078;2;1.57291;
2.63524;-0.00422958;26.278;2;1.57291;
2.63482;-0.00422958;26.478;2;1.57291;
2.63439;-0.00422958;26.678;2;1.57291;
2.63397;-0.00422958;26.878;2;1.57291;
2.63355;-0.00422958;27.078;2;1.57291;
2.63313;-0.00422958;27.278;2;1.57291;
2.6327;-0.00422958;27.478;2;1.57291;
2.63228;-0.00422958;27.678;2;1.57291;
2.63186;-0.00422958;27.878;2;1.57291;
2.63143;-0.00422958;28.078;2;1.57291;
2.63101;-0.00422958;28.278;2;1.57291;
2.63059;-0.00422958;28.478;2;1.57291;
2.63016;-0.00422958;28.678;2;1.57291;
2.62974;-0.00422958;28.878;2;1.57291;
2.62932;-0.00422958;29.078;2;1.57291;
2.6289;-0.00422958;29.278;2;1.57291;
2.62847;-0.00422958;29.478;2;1.57291;
2.62805;-0.00422958;29.678;2;1.57291;
2.62763;-0.00422958;29.878;2;1.57291;

2.6272;-0.00422958;-29.922;2;1.57291;
2.62678;-0.00422958;-29.722;2;1.57291;
2.62636;-0.00422958;-29.522;2;1.57291;
2.62593;-0.00422958;-29.322;2;1.57291;
2.62551;-0.00422958;-29.122;2;1.57291;
2.62509;-0.00422958;-28.922;2;1.57291;
2.62467;-0.00422958;-28.722;2;1.57291;
2.62424;-0.00422958;-28.522;2;1.57291;
2.62382;-0.00422958;-28.322;2;1.57291;
2.6234;-0.00422958;-28.122;2;1.57291;
2.62297;-0.00422958;-27.922;2;1.57291;
2.62255;-0.00422958;-27.722;2;1.57291;
2.62213;-0.00422958;-27.522;2;1.57291;
2.62171;-0.00422958;-27.322;2;1.57291;
2.62128;-0.00422958;-27.122;2;1.57291;
2.62086;-0.00422958;-26.922;2;1.57291;
2.62044;-0.00422958;-26.722;2;1.57291;
2.62001;-0.00422958;-26.522;2;1.57291;
2.61959;-0.00422958;-26.322;2;1.57291;
2.61917;-0.00422958;-26.122;2;1.57291;
2.61874;-0.00422958;-25.922;2;1.57291;
2.61832;-0.00422958;-25.722;2;1.57291;
2.6179;-0.00422958;-25.522;2;1.57291;
2.61748;-0.00422958;-25.322;2;1.57291;
2.61705;-0.00422958;-25.122;2;1.57291;
2.61663;-0.00422958;-24.922;2;1.57291;
2.61621;-0.00422958;-24.722;2;1.57291;
2.61578;-0.00422958;-24.522;2;1.57291;
2.61536;-0.00422958;-24.322;2;1.57291;
2.61494;-0.00422958;-24.122;2;1.57291;
2.61451;-0.00422958;-23.922;2;1.57291;
2.61409;-0.00422958;-23.722;2;1.57291;
2.61367;-0.00422958;-23.522;2;1.57291;
2.61325;-0.00422958;-23.322;2;1.57291;
2.61282;-0.00422958;-23.122;2;1.57291;
2.6124;-0.00422958;-22.922;2;1.57291;
2.61198;-0.00422958;-22.722;2;1.57291;
2.61155;-0.00422958;-22.522;2;1.57291;
2.61113;-0.00422958;-22.322;2;1.57291;
2.61071;-0.00422958;-22.122;2;1.57291;
2.61029;-0.00422958;-21.922;2;1.57291;
2.60986;-0.00422958;-21.722;2;1.57291;
2.60944;-0.00422958;-21.522;2;1.57291;
2.60902;-0.00422958;-21.322;2;1.57291;
2.60859;-0.00422958;-21.122;2;1.57291;
2.60817;-0.00422958;-20.922;2;1.57291;
2.60775;-0.00422958;-20.722;2;1.57291;
2.60732;-0.00422958;-20.522;2;1.57291;
2.6069;-0.00422958;-20.322;2;1.57291;
2.60648;-0.00422958;-20.122;2;1.57291;
2.60606;-0.00422958;-19.922;2;1.57291;
2.60563;-0.00422958;-19.722;2;1.57291;
2.60521;-0.00422958;-19.522;2;1.57291;
2.60479;-0.00422958;-19.322;2;1.57291;
2.60436;-0.00422958;-19.122;2;1.57291;
2.60394;-0.00422958;-18.922;2;1.57291;
2.60352;-0.00422958;-18.722;2;1.57291;
2.6031;-0.00422958;-18.522;2;1.57291;
2.60267;-0.00422958;-18.322;2;1.57291;
2.60225;-0.00422958;-18.122;2;1.57291;
2.60183;-0.00422958;-17.922;2;1.57291;
2.6014;-0.00422958;-17.722;2;1.57291;
2.60098;-0.00422958;-17.522;2;1.57291;
2.60056;-0.00422958;-17.322;2;1.57291;
2.60013;-0.00422958;-17.122;2;1.57291;
2.59971;-0.00422958;-16.922;2;1.57291;
2.59929;-0.00422958;-16.722;2;1.57291;
2.59887;-0.00422958;-16.522;2;1.57291;
2.59844;-0.00422958;-16.322;2;1.57291;
2.59802;-0.00422958;-16.122;2;1.57291;
2.5976;-0.00422958;-15.922;2;1.57291;
2.59717;-0.00422958;-15.722;2;1.57291;
2.59675;-0.00422958;-15.522;2;1.57291;
2.59633;-0.00422958;-15.322;2;1.57291;
2.5959;-0.00422958;-15.122;2;1.57291;
2.59548;-0.00422958;-14.922;2;1.57291;
2.59506;-0.00422958;-14.722;2;1.57291;
2.59464;-0.00422958;-14.522;2;1.57291;
2.59421;-0.00422958;-14.322;2;1.57291;
2.59379;-0.00422958;-14.122;2;1.57291;
2.59337;-0.00422958;-13.922;2;1.57291;
2.59294;-0.00422958;-13.722;2;1.57291;
2.59252;-0.00422958;-13.522;2;1.57291;
2.5921;-0.00422958;-13.322;2;1.57291;
2.59168;-0.00422958;-13.122;2;1.57291;
2.59125;-0.00422958;-12.922;2;1.57291;
2.59083;-0.00422958;-12.722;2;1.57291;
2.59041;-0.00422958;-12.522;2;1.57291;
2.58998;-0.00422958;-12.322;2;1.57291;
2.58956;-0.00422958;-12.122;2;1.57291;
2.58914;-0.00422958;-11.922;2;1.57291;
2.58871;-0.00422958;-11.722;2;1.57291;
2.58829;-0.00422958;-11.522;2;1.57291;
2.58787;-0.00422958;-11.322;2;1.57291;
2.58745;-0.00422958;-11.122;2;1.57291;
2.58702;-0.00422958;-10.922;2;1.57291;
2.5866;-0.00422958;-10.722;2;1.57291;
2.58618;-0.00422958;-10.522;2;1.57291;
2.58575;-0.00422958;-10.322;2;1.57291;
2.58533;-0.00422958;-10.122;2;1.57291;
2.58491;-0.00422958;-9.92201;2;1.57291;
2.58448;-0.00422958;-9.72201;2;1.57291;
2.58406;-0.00422958;-9.52202;2;1.57291;
2.58364;-0.00422958;-9.32202;2;1.57291;
2.58322;-0.00422958;-9.12202;2;1.57291;
2.58279;-0.00422958;-8.92202;2;1.57291;
2.58237;-0.00422958;-8.72202;2;1.57291;
2.58195;-0.00422958;-8.52202;2;1.57291;
2.58152;-0.00422958;-8.32202;2;1.57291;
2.5811;-0.00422958;-8.12202;2;1.57291;
2.58068;-0.00422958;-7.92202;2;1.57291;
2.58026;-0.00422958;-7.72202;2;1.57291;
2.57983;-0.00422958;-7.52202;2;1.57291;
2.57941;-0.00422958;-7.32202;2;1.57291;
2.57899;-0.00422958;-7.12202;2;1.57291;
2.57856;-0.00422958;-6.92202;2;1.57291;
2.57814;-0.00422958;-6.72202;2;1.57291;
2.57772;-0.00422958;-6.52202;2;1.57291;
2.57729;-0.00422958;-6.32202;2;1.57291;
2.57687;-0.00422958;-6.12202;2;1.57291;
2.57645;-0.00422958;-5.92202;2;1.57291;
2.57603;-0.00422958;-5.72202;2;1.57291;
2.5756;-0.00422958;-5.52202;2;1.57291;
2.57518;-0.00422958;-5.32202;2;1.57291;
2.57476;-0.00422958;-5.12203;2;1.57291;
2.57433;-0.00422958;-4.92203;2;1.57291;
2.57391;-0.00422958;-4.72203;2;1.57291;
2.57349;-0.00422958;-4.52203;2;1.57291;
2.57306;-0.00422958;-4.32203;2;1.57291;
2.57264;-0.00422958;-4.12203;2;1.57291;
2.57222;-0.00422958;-3.92203;2;1.57291;
2.5718;-0.00422958;-3.72203;2;1.57291;
2.57137;-0.00422958;-3.52203;2;1.57291;
2.57095;-0.00422958;-3.32203;2;1.57291;
2.57053;-0.00422958;-3.12203;2;1.57291;
2.5701;-0.00422958;-2.92203;2;1.57291;
2.56968;-0.00422958;-2.72203;2;1.57291;
2.56926;-0.00422958;-2.52203;2;1.57291;
2.56884;-0.00422958;-2.32203;2;1.57291;
2.56841;-0.00422958;-2.12203;2;1.57291;
2.56799;-0.00422958;-1.92203;2;1.57291;
2.56757;-0.00422958;-1.72203;2;1.57291;
2.56714;-0.00422958;-1.52203;2;1.57291;
2.56672;-0.00422958;-1.32203;2;1.57291;
2.5663;-0.00422958;-1.12203;2;1.57291;
2.56587;-0.00422958;-0.922035;2;1.57291;
2.56545;-0.00422958;-0.722035;2;1.57291;
2.56503;-0.00422958;-0.522035;2;1.57291;
2.56461;-0.00422958;-0.322036;2;1.57291;
2.56418;-0.00422958;-0.122036;2;1.57291;
2.56376;-0.00422958;0.0779632;2;1.57291;
2.56334;-0.00422958;0.277963;2;1.57291;
2.56291;-0.00422958;0.477962;2;1.57291;
2.56249;-0.00422958;0.677962;2;1.57291;
2.56207;-0.00422958;0.877961;2;1.57291;
2.56165;-0.00422958;1.07796;2;1.57291;
2.56122;-0.00422958;1.27796;2;1.57291;
2.5608;-0.00422958;1.47796;2;1.57291;
2.56038;-0.00422958;1.67796;2;1.57291;
2.55995;-0.00422958;1.87796;2;1.57291;
2.55953;-0.00422958;2.07796;2;1.57291;
2.55911;-0.00422958;2.27796;2;1.57291;
2.55868;-0.00422958;2.47796;2;1.57291;
2.55826;-0.00422958;2.67796;2;1.57291;
2.55784;-0.00422958;2.87796;2;1.57291;
2.55742;-0.00422958;3.07796;2;1.57291;
2.55699;-0.00422958;3.27796;2;1.57291;
2.55657;-0.00422958;3.47796;2;1.57291;
2.55615;-0.00422958;3.67796;2;1.57291;
2.55572;-0.00422958;3.87795;2;1.57291;
2.5553;-0.00422958;4.07795;2;1.57291;
2.55488;-0.00422958;4.27795;2;1.57291;
2.55445;-0.00422958;4.47795;2;1.57291;
2.55403;-0.00422958;4.67795;2;1.57291;
2.55361;-0.00422958;4.87795;2;1.57291;
2.55319;-0.00422958;5.07795;2;1.57291;
2.55276;-0.00422958;5.27795;2;1.57291;
2.55234;-0.00422958;5.47795;2;1.57291;
2.55192;-0.00422958;5.67795;2;1.57291;
2.55149;-0.00422958;5.87795;2;1.57291;
2.55107;-0.00422958;6.07795;2;1.57291;
2.55065;-0.00422958;6.27795;2;1.57291;
2.55023;-0.00422958;6.47795;2;1.57291;
2.5498;-0.00422958;6.67795;2;1.57291;
2.54938;-0.00422958;6.87795;2;1.57291;
2.54896;-0.00422958;7.07795;2;1.57291;
2.54853;-0.00422958;7.27795;2;1.57291;
2.54811;-0.00422958;7.47795;2;1.57291;
2.54769;-0.00422958;7.67795;2;1.57291;
2.54726;-0.00422958;7.87795;2;1.57291;
2.54684;-0.00422958;8.07795;2;1.57291;
2.54642;-0.00422958;8.27794;2;1.57291;
2.546;-0.00422958;8.47794;2;1.57291;
2.54557;-0.00422958;8.67794;2;1.57291;
2.54515;-0.00422958;8.87794;2;1.57291;
2.54473;-0.00422958;9.07794;2;1.57291;
2.5443;-0.00422958;9.27794;2;1.57291;
2.54388;-0.00422958;9.47794;2;1.57291;
2.54346;-0.00422958;9.67794;2;1.57291;
2.54303;-0.00422958;9.87794;2;1.57291;
2.54261;-0.00422958;10.0779;2;1.57291;
2.54219;-0.00422958;10.2779;2;1.57291;
2.54177;-0.00422958;10.4779;2;1.57291;
2.54134;-0.00422958;10.6779;2;1.57291;
2.54092;-0.00422958;10.8779;2;1.57291;
2.5405;-0.00422958;11.0779;2;1.57291;
2.54007;-0.00422958;11.2779;2;1.57291;
2.53965;-0.00422958;11.4779;2;1.57291;
2.53923;-0.00422958;11.6779;2;1.57291;
2.53881;-0.00422958;11.8779;2;1.57291;
2.53838;-0.00422958;12.0779;2;1.57291;
2.53796;-0.00422958;12.2779;2;1.57291;
2.53754;-0.00422958;12.4779;2;1.57291;
2.53711;-0.00422958;12.6779;2;1.57291;
2.53669;-0.00422958;12.8779;2;1.57291;
2.53627;-0.00422958;13.0779;2;1.57291;
2.53584;-0.00422958;13.2779;2;1.57291;
2.53542;-0.00422958;13.4779;2;1.57291;
2.535;-0.00422958;13.6779;2;1.57291;
2.53458;-0.00422958;13.8779;2;1.57291;
2.53415;-0.00422958;14.0779;2;1.57291;
2.53373;-0.00422958;14.2779;2;1.57291;
2.53331;-0.00422958;14.4779;2;1.57291;
2.53288;-0.00422958;14.6779;2;1.57291;
2.53246;-0.00422958;14.8779;2;1.57291;
2.53204;-0.00422958;15.0779;2;1.57291;
2.53162;-0.00422958;15.2779;2;1.57291;
2.53119;-0.00422958;15.4779;2;1.57291;
2.53077;-0.00422958;15.6779;2;1.57291;
2.53035;-0.00422958;15.8779;2;1.57291;
2.52992;-0.00422958;16.0779;2;1.57291;
2.5295;-0.00422958;16.2779;2;1.57291;
2.52908;-0.00422958;16.4779;2;1.57291;
2.52865;-0.00422958;16.6779;2;1.57291;
2.52823;-0.00422958;16.8779;2;1.57291;
2.52781;-0.00422958;17.0779;2;1.57291;
2.52739;-0.00422958;17.2779;2;1.57291;
2.52696;-0.00422958;17.4779;2;1.57291;
2.52654;-0.00422958;17.6779;2;1.57291;
2.52612;-0.00422958;17.8779;2;1.57291;
2.52569;-0.00422958;18.0779;2;1.57291;
2.52527;-0.00422958;18.2779;2;1.57291;
2.52485;-0.00422958;18.4779;2;1.57291;
2.52442;-0.00422958;18.6779;2;1.57291;
2.524;-0.00422958;18.8779;2;1.57291;
2.52358;-0.00422958;19.0779;2;1.57291;
2.52316;-0.00422958;19.2779;2;1.57291;
2.52273;-0.00422958;19.4779;2;1.57291;
2.52231;-0.00422958;19.6779;2;1.57291;
2.52189;-0.00422958;19.8779;2;1.57291;
2.52146;-0.00422958;20.0779;2;1.57291;
2.52104;-0.00422958;20.2779;2;1.57291;
2.52062;-0.00422958;20.4779;2;1.57291;
2.5202;-0.00422958;20.6779;2;1.57291;
2.51977;-0.00422958;20.8779;2;1.57291;
2.51935;-0.00422958;21.0779;2;1.57291;
2.51893;-0.00422958;21.2779;2;1.57291;
2.5185;-0.00422958;21.4779;2;1.57291;
2.51808;-0.00422958;21.6779;2;1.57291;
2.51766;-0.00422958;21.8779;2;1.57291;
2.51723;-0.00422958;22.0779;2;1.57291;
2.51681;-0.00422958;22.2779;2;1.57291;
2.51639;-0.00422958;22.4779;2;1.57291;
2.51597;-0.00422958;22.6779;2;1.57291;
2.51554;-0.00422958;22.8779;2;1.57291;
2.51512;-0.00422958;23.0779;2;1.57291;
2.5147;-0.00422958;23.2779;2;1.57291;
2.51427;-0.00422958;23.4779;2;1.57291;
2.51385;-0.00422958;23.6779;2;1.57291;
2.51343;-0.00422958;23.8779;2;1.57291;
2.513;-0.00422958;24.0779;2;1.57291;
2.51258;-0.00422958;24.2779;2;1.57291;
2.51216;-0.00422958;24.4779;2;1.57291;
2.51174;-0.00422958;24.6779;2;1.57291;
2.51131;-0.00422958;24.8779;2;1.57291;
2.51089;-0.00422958;25.0779;2;1.57291;
2.51047;-0.00422958;25.2779;2;1.57291;
2.51004;-0.00422958;25.4779;2;1.57291;
2.50962;-0.00422958;25.6779;2;1.57291;
2.5092;-0.00422958;25.8779;2;1.57291;
2.50878;-0.00422958;26.0779;2;1.57291;
2.50835;-0.00422958;26.2779;2;1.57291;
2.50793;-0.00422958;26.4779;2;1.57291;
2.50751;-0.00422958;26.6779;2;1.57291;
2.50708;-0.00422958;26.8779;2;1.57291;
2.50666;-0.00422958;27.0779;2;1.57291;
2.50624;-0.00422958;27.2779;2;1.57291;
2.50581;-0.00422958;27.4779;2;1.57291;
2.50539;-0.00422958;27.6779;2;1.57291;
2.50497;-0.00422958;27.8779;2;1.57291;
2.50455;-0.00422958;28.0779;2;1.57291;
2.50412;-0.00422958;28.2779;2;1.57291;
2.5037;-0.00422958;28.4779;2;1.57291;
2.50328;-0.00422958;28.6779;2;1.57291;
2.50285;-0.00422958;28.8779;2;1.57291;
2.50243;-0.00422958;29.0779;2;1.57291;
2.50201;-0.00422958;29.2779;2;1.57291;
2.50159;-0.00422958;29.4779;2;1.57291;
2.50116;-0.00422958;29.6779;2;1.57291;
2.50074;-0.00422958;29.8779;2;1.57291;

2.50032;-0.00422958;-29.9221;2;1.57291;
2.49989;-0.00422958;-29.7221;2;1.57291;
2.49947;-0.00422958;-29.5221;2;1.57291;
2.49905;-0.00422958;-29.3221;2;1.57291;
2.49862;-0.00422958;-29.1221;2;1.57291;
2.4982;-0.00422958;-28.9221;2;1.57291;
2.49778;-0.00422958;-28.7221;2;1.57291;
2.49736;-0.00422958;-28.5221;2;1.57291;
2.49693;-0.00422958;-28.3221;2;1.57291;
2.49651;-0.00422958;-28.1221;2;1.57291;
2.49609;-0.00422958;-27.9221;2;1.57291;
2.49566;-0.00422958;-27.7221;2;1.57291;
2.49524;-0.00422958;-27.5221;2;1.57291;
2.49482;-0.00422958;-27.3221;2;1.57291;
2.49439;-0.00422958;-27.1221;2;1.57291;
2.49397;-0.00422958;-26.9221;2;1.57291;
2.49355;-0.00422958;-26.7221;2;1.57291;
2.49313;-0.00422958;-26.5221;2;1.57291;
2.4927;-0.00422958;-26.3221;2;1.57291;
2.49228;-0.00422958;-26.1221;2;1.57291;
2.49186;-0.00422958;-25.9221;2;1.57291;
2.49143;-0.00422958;-25.7221;2;1.57291;
2.49101;-0.00422958;-25.5221;2;1.57291;
2.49059;-0.00422958;-25.3221;2;1.57291;
2.49017;-0.00422958;-25.1221;2;1.57291;
2.48974;-0.00422958;-24.9221;2;1.57291;
2.48932;-0.00422958;-24.7221;2;1.57291;
2.4889;-0.00422958;-24.5221;2;1.57291;
2.48847;-0.00422958;-24.3221;2;1.57291;
2.48805;-0.00422958;-24.1221;2;1.57291;
2.48763;-0.00422958;-23.9221;2;1.57291;
2.4872;-0.00422958;-23.7221;2;1.57291;
2.48678;-0.00422958;-23.5221;2;1.57291;
2.48636;-0.00422958;-23.3221;2;1.57291;
2.48594;-0.00422958;-23.1221;2;1.57291;
2.48551;-0.00422958;-22.9221;2;1.57291;
2.48509;-0.00422958;-22.7221;2;1.57291;
2.48467;-0.00422958;-22.5221;2;1.57291;
2.48424;-0.00422958;-22.3221;2;1.57291;
2.48382;-0.00422958;-22.1221;2;1.57291;
2.4834;-0.00422958;-21.9221;2;1.57291;
2.48297;-0.00422958;-21.7221;2;1.57291;
2.48255;-0.00422958;-21.5221;2;1.57291;
2.48213;-0.00422958;-21.3221;2;1.57291;
2.48171;-0.00422958;-21.1221;2;1.57291;
2.48128;-0.00422958;-20.9221;2;1.57291;
2.48086;-0.00422958;-20.7221;2;1.57291;
2.48044;-0.00422958;-20.5221;2;1.57291;
2.48001;-0.00422958;-20.3221;2;1.57291;
2.47959;-0.00422958;-20.1221;2;1.57291;
2.47917;-0.00422958;-19.9221;2;1.57291;
2.47875;-0.00422958;-19.7221;2;1.57291;
2.47832;-0.00422958;-19.5221;2;1.57291;
2.4779;-0.00422958;-19.3221;2;1.57291;
2.47748;-0.00422958;-19.1221;2;1.57291;
2.47705;-0.00422958;-18.9221;2;1.57291;
2.47663;-0.00422958;-18.7221;2;1.57291;
2.47621;-0.00422958;-18.5221;2;1.57291;
2.47578;-0.00422958;-18.3221;2;1.57291;
2.47536;-0.00422958;-18.1221;2;1.57291;
2.47494;-0.00422958;-17.9221;2;1.57291;
2.47452;-0.00422958;-17.7221;2;1.57291;
2.47409;-0.00422958;-17.5221;2;1.57291;
2.47367;-0.00422958;-17.3221;2;1.57291;
2.47325;-0.00422958;-17.1221;2;1.57291;
2.47282;-0.00422958;-16.9221;2;1.57291;
2.4724;-0.00422958;-16.7221;2;1.57291;
2.47198;-0.00422958;-16.5221;2;1.57291;
2.47155;-0.00422958;-16.3221;2;1.57291;
2.47113;-0.00422958;-16.1221;2;1.57291;
2.47071;-0.00422958;-15.9221;2;1.57291;
2.47029;-0.00422958;-15.7221;2;1.57291;
2.46986;-0.00422958;-15.5221;2;1.57291;
2.46944;-0.00422958;-15.3221;2;1.57291;
2.46902;-0.00422958;-15.1221;2;1.57291;
2.46859;-0.00422958;-14.9221;2;1.57291;
2.46817;-0.00422958;-14.7221;2;1.57291;
2.46775;-0.00422958;-14.5221;2;1.57291;
2.46733;-0.00422958;-14.3221;2;1.57291;
2.4669;-0.00422958;-14.1221;2;1.57291;
2.46648;-0.00422958;-13.9221;2;1.57291;
2.46606;-0.00422958;-13.7221;2;1.57291;
2.46563;-0.00422958;-13.5221;2;1.57291;
2.46521;-0.00422958;-13.3221;2;1.57291;
2.46479;-0.00422958;-13.1221;2;1.57291;
2.46436;-0.00422958;-12.9221;2;1.57291;
2.46394;-0.00422958;-12.7221;2;1.57291;
2.46352;-0.00422958;-12.5221;2;1.57291;
2.4631;-0.00422958;-12.3221;2;1.57291;
2.46267;-0.00422958;-12.1221;2;1.57291;
2.46225;-0.00422958;-11.9221;2;1.57291;
2.46183;-0.00422958;-11.7221;2;1.57291;
2.4614;-0.00422958;-11.5221;2;1.57291;
2.46098;-0.00422958;-11.3221;2;1.57291;
2.46056;-0.00422958;-11.1221;2;1.57291;
2.46014;-0.00422958;-10.9221;2;1.57291;
2.45971;-0.00422958;-10.7221;2;1.57291;
2.45929;-0.00422958;-10.5221;2;1.57291;
2.45887;-0.00422958;-10.3221;2;1.57291;
2.45844;-0.00422958;-10.1221;2;1.57291;
2.45802;-0.00422958;-9.92215;2;1.57291;
2.4576;-0.00422958;-9.72215;2;1.57291;
2.45717;-0.00422958;-9.52215;2;1.57291;
2.45675;-0.00422958;-9.32215;2;1.57291;
2.45633;-0.00422958;-9.12215;2;1.57291;
2.45591;-0.00422958;-8.92215;2;1.57291;
2.45548;-0.00422958;-8.72215;2;1.57291;
2.45506;-0.00422958;-8.52215;2;1.57291;
2.45464;-0.00422958;-8.32215;2;1.57291;
2.45421;-0.00422958;-8.12215;2;1.57291;
2.45379;-0.00422958;-7.92215;2;1.57291;
2.45337;-0.00422958;-7.72215;2;1.57291;
2.45294;-0.00422958;-7.52215;2;1.57291;
2.45252;-0.00422958;-7.32215;2;1.57291;
2.4521;-0.00422958;-7.12215;2;1.57291;
2.45168;-0.00422958;-6.92216;2;1.57291;
2.45125;-0.00422958;-6.72216;2;1.57291;
2.45083;-0.00422958;-6.52216;2;1.57291;
2.45041;-0.00422958;-6.32216;2;1.57291;
2.44998;-0.00422958;-6.12216;2;1.57291;
2.44956;-0.00422958;-5.92216;2;1.57291;
2.44914;-0.00422958;-5.72216;2;1.57291;
2.44872;-0.00422958;-5.52216;2;1.57291;
2.44829;-0.00422958;-5.32216;2;1.57291;
2.44787;-0.00422958;-5.12216;2;1.57291;
2.44745;-0.00422958;-4.92216;2;1.57291;
2.44702;-0.00422958;-4.72216;2;1.57291;
2.4466;-0.00422958;-4.52216;2;1.57291;
2.44618;-0.00422958;-4.32216;2;1.57291;
2.44575;-0.00422958;-4.12216;2;1.57291;
2.44533;-0.00422958;-3.92216;2;1.57291;
2.44491;-0.00422958;-3.72216;2;1.57291;
2.44449;-0.00422958;-3.52216;2;1.57291;
2.44406;-0.00422958;-3.32216;2;1.57291;
2.44364;-0.00422958;-3.12216;2;1.57291;
2.44322;-0.00422958;-2.92216;2;1.57291;
2.44279;-0.00422958;-2.72216;2;1.57291;
2.44237;-0.00422958;-2.52217;2;1.57291;
2.44195;-0.00422958;-2.32217;2;1.57291;
2.44152;-0.00422958;-2.12217;2;1.57291;
2.4411;-0.00422958;-1.92217;2;1.57291;
2.44068;-0.00422958;-1.72217;2;1.57291;
2.44026;-0.00422958;-1.52217;2;1.57291;
2.43983;-0.00422958;-1.32217;2;1.57291;
2.43941;-0.00422958;-1.12217;2;1.57291;
2.43899;-0.00422958;-0.922169;2;1.57291;
2.43856;-0.00422958;-0.722169;2;1.57291;
2.43814;-0.00422958;-0.52217;2;1.57291;
2.43772;-0.00422958;-0.32217;2;1.57291;
2.4373;-0.00422958;-0.12217;2;1.57291;
2.43687;-0.00422958;0.0778291;2;1.57291;
2.43645;-0.00422958;0.277829;2;1.57291;
2.43603;-0.00422958;0.477828;2;1.57291;
2.4356;-0.00422958;0.677828;2;1.57291;
2.43518;-0.00422958;0.877827;2;1.57291;
2.43476;-0.00422958;1.07783;2;1.57291;
2.43433;-0.00422958;1.27783;2;1.57291;
2.43391;-0.00422958;1.47783;2;1.57291;
2.43349;-0.00422958;1.67783;2;1.57291;
2.43307;-0.00422958;1.87783;2;1.57291;
2.43264;-0.00422958;2.07782;2;1.57291;
2.43222;-0.00422958;2.27782;2;1.57291;
2.4318;-0.00422958;2.47782;2;1.57291;
2.43137;-0.00422958;2.67782;2;1.57291;
2.43095;-0.00422958;2.87782;2;1.57291;
2.43053;-0.00422958;3.07782;2;1.57291;
2.43011;-0.00422958;3.27782;2;1.57291;
2.42968;-0.00422958;3.47782;2;1.57291;
2.42926;-0.00422958;3.67782;2;1.57291;
2.42884;-0.00422958;3.87782;2;1.57291;
2.42841;-0.00422958;4.07782;2;1.57291;
2.42799;-0.00422958;4.27782;2;1.57291;
2.42757;-0.00422958;4.47782;2;1.57291;
2.42714;-0.00422958;4.67782;2;1.57291;
2.42672;-0.00422958;4.87782;2;1.57291;
2.4263;-0.00422958;5.07782;2;1.57291;
2.42588;-0.00422958;5.27782;2;1.57291;
2.42545;-0.00422958;5.47782;2;1.57291;
2.42503;-0.00422958;5.67782;2;1.57291;
2.42461;-0.00422958;5.87782;2;1.57291;
2.42418;-0.00422958;6.07782;2;1.57291;
2.42376;-0.00422958;6.27782;2;1.57291;
2.42334;-0.00422958;6.47781;2;1.57291;
2.42291;-0.00422958;6.67781;2;1.57291;
2.42249;-0.00422958;6.87781;2;1.57291;
2.42207;-0.00422958;7.07781;2;1.57291;
2.42165;-0.00422958;7.27781;2;1.57291;
2.42122;-0.00422958;7.47781;2;1.57291;
2.4208;-0.00422958;7.67781;2;1.57291;
2.42038;-0.00422958;7.87781;2;1.57291;
2.41995;-0.00422958;8.07781;2;1.57291;
2.41953;-0.00422958;8.27781;2;1.57291;
2.41911;-0.00422958;8.47781;2;1.57291;
2.41869;-0.00422958;8.67781;2;1.57291;
2.41826;-0.00422958;8.87781;2;1.57291;
2.41784;-0.00422958;9.07781;2;1.57291;
2.41742;-0.00422958;9.27781;2;1.57291;
2.41699;-0.00422958;9.47781;2;1.57291;
2.41657;-0.00422958;9.67781;2;1.57291;
2.41615;-0.00422958;9.87781;2;1.57291;
2.41572;-0.00422958;10.0778;2;1.57291;
2.4153;-0.00422958;10.2778;2;1.57291;
2.41488;-0.00422958;10.4778;2;1.57291;
2.41446;-0.00422958;10.6778;2;1.57291;
2.41403;-0.00422958;10.8778;2;1.57291;
2.41361;-0.00422958;11.0778;2;1.57291;
2.41319;-0.00422958;11.2778;2;1.57291;
2.41276;-0.00422958;11.4778;2;1.57291;
2.41234;-0.00422958;11.6778;2;1.57291;
2.41192;-0.00422958;11.8778;2;1.57291;
2.41149;-0.00422958;12.0778;2;1.57291;
2.41107;-0.00422958;12.2778;2;1.57291;
2.41065;-0.00422958;12.4778;2;1.57291;
2.41023;-0.00422958;12.6778;2;1.57291;
2.4098;-0.00422958;12.8778;2;1.57291;
2.40938;-0.00422958;13.0778;2;1.57291;
2.40896;-0.00422958;13.2778;2;1.57291;
2.40853;-0.00422958;13.4778;2;1.57291;
2.40811;-0.00422958;13.6778;2;1.57291;
2.40769;-0.00422958;13.8778;2;1.57291;
2.40727;-0.00422958;14.0778;2;1.57291;
2.40684;-0.00422958;14.2778;2;1.57291;
2.40642;-0.00422958;14.4778;2;1.57291;
2.406;-0.00422958;14.6778;2;1.57291;
2.40557;-0.00422958;14.8778;2;1.57291;
2.40515;-0.00422958;15.0778;2;1.57291;
2.40473;-0.00422958;15.2778;2;1.57291;
2.4043;-0.00422958;15.4778;2;1.57291;
2.40388;-0.00422958;15.6778;2;1.57291;
2.40346;-0.00422958;15.8778;2;1.57291;
2.40304;-0.00422958;16.0778;2;1.57291;
2.40261;-0.00422958;16.2778;2;1.57291;
2.40219;-0.00422958;16.4778;2;1.57291;
2.40177;-0.00422958;16.6778;2;1.57291;
2.40134;-0.00422958;16.8778;2;1.57291;
2.40092;-0.00422958;17.0778;2;1.57291;
2.4005;-0.00422958;17.2778;2;1.57291;
2.40008;-0.00422958;17.4778;2;1.57291;
2.39965;-0.00422958;17.6778;2;1.57291;
2.39923;-0.00422958;17.8778;2;1.57291;
2.39881;-0.00422958;18.0778;2;1.57291;
2.39838;-0.00422958;18.2778;2;1.57291;
2.39796;-0.00422958;18.4778;2;1.57291;
2.39754;-0.00422958;18.6778;2;1.57291;
2.39711;-0.00422958;18.8778;2;1.57291;
2.39669;-0.00422958;19.0778;2;1.57291;
2.39627;-0.00422958;19.2778;2;1.57291;
2.39585;-0.00422958;19.4778;2;1.57291;
2.39542;-0.00422958;19.6778;2;1.57291;
2.395;-0.00422958;19.8778;2;1.57291;
2.39458;-0.00422958;20.0778;2;1.57291;
2.39415;-0.00422958;20.2778;2;1.57291;
2.39373;-0.00422958;20.4778;2;1.57291;
2.39331;-0.00422958;20.6778;2;1.57291;
2.39288;-0.00422958;20.8778;2;1.57291;
2.39246;-0.00422958;21.0778;2;1.57291;
2.39204;-0.00422958;21.2778;2;1.57291;
2.39162;-0.00422958;21.4778;2;1.57291;
2.39119;-0.00422958;21.6778;2;1.57291;
2.39077;-0.00422958;21.8778;2;1.57291;
2.39035;-0.00422958;22.0778;2;1.57291;
2.38992;-0.00422958;22.2778;2;1.57291;
2.3895;-0.00422958;22.4778;2;1.57291;
2.38908;-0.00422958;22.6778;2;1.57291;
2.38866;-0.00422958;22.8778;2;1.57291;
2.38823;-0.00422958;23.0778;2;1.57291;
2.38781;-0.00422958;23.2778;2;1.57291;
2.38739;-0.00422958;23.4778;2;1.57291;
2.38696;-0.00422958;23.6778;2;1.57291;
2.38654;-0.00422958;23.8778;2;1.57291;
2.38612;-0.00422958;24.0778;2;1.57291;
2.38569;-0.00422958;24.2778;2;1.57291;
2.38527;-0.00422958;24.4778;2;1.57291;
2.38485;-0.00422958;24.6778;2;1.57291;
2.38443;-0.00422958;24.8778;2;1.57291;
2.384;-0.00422958;25.0778;2;1.57291;
2.38358;-0.00422958;25.2778;2;1.57291;
2.38316;-0.00422958;25.4778;2;1.57291;
2.38273;-0.00422958;25.6778;2;1.57291;
2.38231;-0.00422958;25.8778;2;1.57291;
2.38189;-0.00422958;26.0778;2;1.57291;
2.38146;-0.00422958;26.2778;2;1.57291;
2.38104;-0.00422958;26.4778;2;1.57291;
2.38062;-0.00422958;26.6778;2;1.57291;
2.3802;-0.00422958;26.8778;2;1.57291;
2.37977;-0.00422958;27.0778;2;1.57291;
2.37935;-0.00422958;27.2778;2;1.57291;
2.37893;-0.00422958;27.4778;2;1.57291;
2.3785;-0.00422958;27.6778;2;1.57291;
2.37808;-0.00422958;27.8778;2;1.57291;
2.37766;-0.00422958;28.0778;2;1.57291;
2.37724;-0.00422958;28.2778;2;1.57291;
2.37681;-0.00422958;28.4778;2;1.57291;
2.37639;-0.00422958;28.6778;2;1.57291;
2.37597;-0.00422958;28.8778;2;1.57291;
2.37554;-0.00422958;29.0778;2;1.57291;
2.37512;-0.00422958;29.2778;2;1.57291;
2.3747;-0.00422958;29.4778;2;1.57291;
2.37427;-0.00422958;29.6778;2;1.57291;
2.37385;-0.00422958;29.8778;2;1.57291;

2.37343;-0.00422958;-29.9222;2;1.57291;
2.37301;-0.00422958;-29.7222;2;1.57291;
2.37258;-0.00422958;-29.5222;2;1.57291;
2.37216;-0.00422958;-29.3222;2;1.57291;
2.37174;-0.00422958;-29.1222;2;1.57291;
2.37131;-0.00422958;-28.9222;2;1.57291;
2.37089;-0.00422958;-28.7222;2;1.57291;
2.37047;-0.00422958;-28.5222;2;1.57291;
2.37005;-0.00422958;-28.3222;2;1.57291;
2.36962;-0.00422958;-28.1222;2;1.57291;
2.3692;-0.00422958;-27.9222;2;1.57291;
2.36878;-0.00422958;-27.7222;2;1.57291;
2.36835;-0.00422958;-27.5222;2;1.57291;
2.36793;-0.00422958;-27.3222;2;1.57291;
2.36751;-0.00422958;-27.1222;2;1.57291;
2.36708;-0.00422958;-26.9222;2;1.57291;
2.36666;-0.00422958;-26.7222;2;1.57291;
2.36624;-0.00422958;-26.5222;2;1.57291;
2.36582;-0.00422958;-26.3222;2;1.57291;
2.36539;-0.00422958;-26.1222;2;1.57291;
2.36497;-0.00422958;-25.9222;2;1.57291;
2.36455;-0.00422958;-25.7222;2;1.57291;
2.36412;-0.00422958;-25.5222;2;1.57291;
2.3637;-0.00422958;-25.3222;2;1.57291;
2.36328;-0.00422958;-25.1222;2;1.57291;
2.36285;-0.00422958;-24.9222;2;1.57291;
2.36243;-0.00422958;-24.7222;2;1.57291;
2.36201;-0.00422958;-24.5223;2;1.57291;
2.36159;-0.00422958;-24.3223;2;1.57291;
2.36116;-0.00422958;-24.1223;2;1.57291;
2.36074;-0.00422958;-23.9223;2;1.57291;
2.36032;-0.00422958;-23.7223;2;1.57291;
2.35989;-0.00422958;-23.5223;2;1.57291;
2.35947;-0.00422958;-23.3223;2;1.57291;
2.35905;-0.00422958;-23.1223;2;1.57291;
2.35863;-0.00422958;-22.9223;2;1.57291;
2.3582;-0.00422958;-22.7223;2;1.57291;
2.35778;-0.00422958;-22.5223;2;1.57291;
2.35736;-0.00422958;-22.3223;2;1.57291;
2.35693;-0.00422958;-22.1223;2;1.57291;
2.35651;-0.00422958;-21.9223;2;1.57291;
2.35609;-0.00422958;-21.7223;2;1.57291;
2.35566;-0.00422958;-21.5223;2;1.57291;
2.35524;-0.00422958;-21.3223;2;1.57291;
2.35482;-0.00422958;-21.1223;2;1.57291;
2.3544;-0.00422958;-20.9223;2;1.57291;
2.35397;-0.00422958;-20.7223;2;1.57291;
2.35355;-0.00422958;-20.5223;2;1.57291;
2.35313;-0.00422958;-20.3223;2;1.57291;
2.3527;-0.00422958;-20.1223;2;1.57291;
2.35228;-0.00422958;-19.9223;2;1.57291;
2.35186;-0.00422958;-19.7223;2;1.57291;
2.35143;-0.00422958;-19.5223;2;1.57291;
2.35101;-0.00422958;-19.3223;2;1.57291;
2.35059;-0.00422958;-19.1223;2;1.57291;
2.35017;-0.00422958;-18.9223;2;1.57291;
2.34974;-0.00422958;-18.7223;2;1.57291;
2.34932;-0.00422958;-18.5223;2;1.57291;
2.3489;-0.00422958;-18.3223;2;1.57291;
2.34847;-0.00422958;-18.1223;2;1.57291;
2.34805;-0.00422958;-17.9223;2;1.57291;
2.34763;-0.00422958;-17.7223;2;1.57291;
2.34721;-0.00422958;-17.5223;2;1.57291;
2.34678;-0.00422958;-17.3223;2;1.57291;
2.34636;-0.00422958;-17.1223;2;1.57291;
2.34594;-0.00422958;-16.9223;2;1.57291;
2.34551;-0.00422958;-16.7223;2;1.57291;
2.34509;-0.00422958;-16.5223;2;1.57291;
2.34467;-0.00422958;-16.3223;2;1.57291;
2.34424;-0.00422958;-16.1223;2;1.57291;
2.34382;-0.00422958;-15.9223;2;1.57291;
2.3434;-0.00422958;-15.7223;2;1.57291;
2.34298;-0.00422958;-15.5223;2;1.57291;
2.34255;-0.00422958;-15.3223;2;1.57291;
2.34213;-0.00422958;-15.1223;2;1.57291;
2.34171;-0.00422958;-14.9223;2;1.57291;
2.34128;-0.00422958;-14.7223;2;1.57291;
2.34086;-0.00422958;-14.5223;2;1.57291;
2.34044;-0.00422958;-14.3223;2;1.57291;
2.34001;-0.00422958;-14.1223;2;1.57291;
2.33959;-0.00422958;-13.9223;2;1.57291;
2.33917;-0.00422958;-13.7223;2;1.57291;
2.33875;-0.00422958;-13.5223;2;1.57291;
2.33832;-0.00422958;-13.3223;2;1.57291;
2.3379;-0.00422958;-13.1223;2;1.57291;
2.33748;-0.00422958;-12.9223;2;1.57291;
2.33705;-0.00422958;-12.7223;2;1.57291;
2.33663;-0.00422958;-12.5223;2;1.57291;
2.33621;-0.00422958;-12.3223;2;1.57291;
2.33579;-0.00422958;-12.1223;2;1.57291;
2.33536;-0.00422958;-11.9223;2;1.57291;
2.33494;-0.00422958;-11.7223;2;1.57291;
2.33452;-0.00422958;-11.5223;2;1.57291;
2.33409;-0.00422958;-11.3223;2;1.57291;
2.33367;-0.00422958;-11.1223;2;1.57291;
2.33325;-0.00422958;-10.9223;2;1.57291;
2.33282;-0.00422958;-10.7223;2;1.57291;
2.3324;-0.00422958;-10.5223;2;1.57291;
2.33198;-0.00422958;-10.3223;2;1.57291;
2.33156;-0.00422958;-10.1223;2;1.57291;
2.33113;-0.00422958;-9.92228;2;1.57291;
2.33071;-0.00422958;-9.72228;2;1.57291;
2.33029;-0.00422958;-9.52228;2;1.57291;
2.32986;-0.00422958;-9.32228;2;1.57291;
2.32944;-0.00422958;-9.12228;2;1.57291;
2.32902;-0.00422958;-8.92228;2;1.57291;
2.3286;-0.00422958;-8.72229;2;1.57291;
2.32817;-0.00422958;-8.52229;2;1.57291;
2.32775;-0.00422958;-8.32229;2;1.57291;
2.32733;-0.00422958;-8.12229;2;1.57291;
2.3269;-0.00422958;-7.92229;2;1.57291;
2.32648;-0.00422958;-7.72229;2;1.57291;
2.32606;-0.00422958;-7.52229;2;1.57291;
2.32563;-0.00422958;-7.32229;2;1.57291;
2.32521;-0.00422958;-7.12229;2;1.57291;
2.32479;-0.00422958;-6.92229;2;1.57291;
2.32437;-0.00422958;-6.72229;2;1.57291;
2.32394;-0.00422958;-6.52229;2;1.57291;
2.32352;-0.00422958;-6.32229;2;1.57291;
2.3231;-0.00422958;-6.12229;2;1.57291;
2.32267;-0.00422958;-5.92229;2;1.57291;
2.32225;-0.00422958;-5.72229;2;1.57291;
2.32183;-0.00422958;-5.52229;2;1.57291;
2.3214;-0.00422958;-5.32229;2;1.57291;
2.32098;-0.00422958;-5.12229;2;1.57291;
2.32056;-0.00422958;-4.92229;2;1.57291;
2.32014;-0.00422958;-4.72229;2;1.57291;
2.31971;-0.00422958;-4.52229;2;1.57291;
2.31929;-0.00422958;-4.3223;2;1.57291;
2.31887;-0.00422958;-4.1223;2;1.57291;
2.31844;-0.00422958;-3.9223;2;1.57291;
2.31802;-0.00422958;-3.7223;2;1.57291;
2.3176;-0.00422958;-3.5223;2;1.57291;
2.31718;-0.00422958;-3.3223;2;1.57291;
2.31675;-0.00422958;-3.1223;2;1.57291;
2.31633;-0.00422958;-2.9223;2;1.57291;
2.31591;-0.00422958;-2.7223;2;1.57291;
2.31548;-0.00422958;-2.5223;2;1.57291;
2.31506;-0.00422958;-2.3223;2;1.57291;
2.31464;-0.00422958;-2.1223;2;1.57291;
2.31421;-0.00422958;-1.9223;2;1.57291;
2.31379;-0.00422958;-1.7223;2;1.57291;
2.31337;-0.00422958;-1.5223;2;1.57291;
2.31295;-0.00422958;-1.3223;2;1.57291;
2.31252;-0.00422958;-1.1223;2;1.57291;
2.3121;-0.00422958;-0.922303;2;1.57291;
2.31168;-0.00422958;-0.722303;2;1.57291;
2.31125;-0.00422958;-0.522304;2;1.57291;
2.31083;-0.00422958;-0.322304;2;1.57291;
2.31041;-0.00422958;-0.122305;2;1.57291;
2.30998;-0.00422958;0.0776949;2;1.57291;
2.30956;-0.00422958;0.277694;2;1.57291;
2.30914;-0.00422958;0.477694;2;1.57291;
2.30872;-0.00422958;0.677694;2;1.57291;
2.30829;-0.00422958;0.877693;2;1.57291;
2.30787;-0.00422958;1.07769;2;1.57291;
2.30745;-0.00422958;1.27769;2;1.57291;
2.30702;-0.00422958;1.47769;2;1.57291;
2.3066;-0.00422958;1.67769;2;1.57291;
2.30618;-0.00422958;1.87769;2;1.57291;
2.30576;-0.00422958;2.07769;2;1.57291;
2.30533;-0.00422958;2.27769;2;1.57291;
2.30491;-0.00422958;2.47769;2;1.57291;
2.30449;-0.00422958;2.67769;2;1.57291;
2.30406;-0.00422958;2.87769;2;1.57291;
2.30364;-0.00422958;3.07769;2;1.57291;
2.30322;-0.00422958;3.27769;2;1.57291;
2.30279;-0.00422958;3.47769;2;1.57291;
2.30237;-0.00422958;3.67769;2;1.57291;
2.30195;-0.00422958;3.87769;2;1.57291;
2.30153;-0.00422958;4.07769;2;1.57291;
2.3011;-0.00422958;4.27769;2;1.57291;
2.30068;-0.00422958;4.47769;2;1.57291;
2.30026;-0.00422958;4.67768;2;1.57291;
2.29983;-0.00422958;4.87768;2;1.57291;
2.29941;-0.00422958;5.07768;2;1.57291;
2.29899;-0.00422958;5.27768;2;1.57291;
2.29857;-0.00422958;5.47768;2;1.57291;
2.29814;-0.00422958;5.67768;2;1.57291;
2.29772;-0.00422958;5.87768;2;1.57291;
2.2973;-0.00422958;6.07768;2;1.57291;
2.29687;-0.00422958;6.27768;2;1.57291;
2.29645;-0.00422958;6.47768;2;1.57291;
2.29603;-0.00422958;6.67768;2;1.57291;
2.2956;-0.00422958;6.87768;2;1.57291;
2.29518;-0.00422958;7.07768;2;1.57291;
2.29476;-0.00422958;7.27768;2;1.57291;
2.29434;-0.00422958;7.47768;2;1.57291;
2.29391;-0.00422958;7.67768;2;1.57291;
2.29349;-0.00422958;7.87768;2;1.57291;
2.29307;-0.00422958;8.07768;2;1.57291;
2.29264;-0.00422958;8.27768;2;1.57291;
2.29222;-0.00422958;8.47768;2;1.57291;
2.2918;-0.00422958;8.67768;2;1.57291;
2.29137;-0.00422958;8.87768;2;1.57291;
2.29095;-0.00422958;9.07767;2;1.57291;
2.29053;-0.00422958;9.27767;2;1.57291;
2.29011;-0.00422958;9.47767;2;1.57291;
2.28968;-0.00422958;9.67767;2;1.57291;
2.28926;-0.00422958;9.87767;2;1.57291;
2.28884;-0.00422958;10.0777;2;1.57291;
2.28841;-0.00422958;10.2777;2;1.57291;
2.28799;-0.00422958;10.4777;2;1.57291;
2.28757;-0.00422958;10.6777;2;1.57291;
2.28715;-0.00422958;10.8777;2;1.57291;
2.28672;-0.00422958;11.0777;2;1.57291;
2.2863;-0.00422958;11.2777;2;1.57291;
2.28588;-0.00422958;11.4777;2;1.57291;
2.28545;-0.00422958;11.6777;2;1.57291;
2.28503;-0.00422958;11.8777;2;1.57291;
2.28461;-0.00422958;12.0777;2;1.57291;
2.28418;-0.00422958;12.2777;2;1.57291;
2.28376;-0.00422958;12.4777;2;1.57291;
2.28334;-0.00422958;12.6777;2;1.57291;
2.28292;-0.00422958;12.8777;2;1.57291;
2.28249;-0.00422958;13.0777;2;1.57291;
2.28207;-0.00422958;13.2777;2;1.57291;
2.28165;-0.00422958;13.4777;2;1.57291;
2.28122;-0.00422958;13.6777;2;1.57291;
2.2808;-0.00422958;13.8777;2;1.57291;
2.28038;-0.00422958;14.0777;2;1.57291;
2.27995;-0.00422958;14.2777;2;1.57291;
2.27953;-0.00422958;14.4777;2;1.57291;
2.27911;-0.00422958;14.6777;2;1.57291;
2.27869;-0.00422958;14.8777;2;1.57291;
2.27826;-0.00422958;15.0777;2;1.57291;
2.27784;-0.00422958;15.2777;2;1.57291;
2.27742;-0.00422958;15.4777;2;1.57291;
2.27699;-0.00422958;15.6777;2;1.57291;
2.27657;-0.00422958;15.8777;2;1.57291;
2.27615;-0.00422958;16.0777;2;1.57291;
2.27573;-0.00422958;16.2777;2;1.57291;
2.2753;-0.00422958;16.4777;2;1.57291;
2.27488;-0.00422958;16.6777;2;1.57291;
2.27446;-0.00422958;16.8777;2;1.57291;
2.27403;-0.00422958;17.0777;2;1.57291;
2.27361;-0.00422958;17.2777;2;1.57291;
2.27319;-0.00422958;17.4777;2;1.57291;
2.27276;-0.00422958;17.6777;2;1.57291;
2.27234;-0.00422958;17.8777;2;1.57291;
2.27192;-0.00422958;18.0777;2;1.57291;
2.2715;-0.00422958;18.2777;2;1.57291;
2.27107;-0.00422958;18.4777;2;1.57291;
2.27065;-0.00422958;18.6777;2;1.57291;
2.27023;-0.00422958;18.8777;2;1.57291;
2.2698;-0.00422958;19.0777;2;1.57291;
2.26938;-0.00422958;19.2777;2;1.57291;
2.26896;-0.00422958;19.4777;2;1.57291;
2.26854;-0.00422958;19.6777;2;1.57291;
2.26811;-0.00422958;19.8777;2;1.57291;
2.26769;-0.00422958;20.0777;2;1.57291;
2.26727;-0.00422958;20.2776;2;1.57291;
2.26684;-0.00422958;20.4776;2;1.57291;
2.26642;-0.00422958;20.6776;2;1.57291;
2.266;-0.00422958;20.8776;2;1.57291;
2.26557;-0.00422958;21.0776;2;1.57291;
2.26515;-0.00422958;21.2776;2;1.57291;
2.26473;-0.00422958;21.4776;2;1.57291;
2.26431;-0.00422958;21.6776;2;1.57291;
2.26388;-0.00422958;21.8776;2;1.57291;
2.26346;-0.00422958;22.0776;2;1.57291;
2.26304;-0.00422958;22.2776;2;1.57291;
2.26261;-0.00422958;22.4776;2;1.57291;
2.26219;-0.00422958;22.6776;2;1.57291;
2.26177;-0.00422958;22.8776;2;1.57291;
2.26134;-0.00422958;23.0776;2;1.57291;
2.26092;-0.00422958;23.2776;2;1.57291;
2.2605;-0.00422958;23.4776;2;1.57291;
2.26008;-0.00422958;23.6776;2;1.57291;
2.25965;-0.00422958;23.8776;2;1.57291;
2.25923;-0.00422958;24.0776;2;1.57291;
2.25881;-0.00422958;24.2776;2;1.57291;
2.25838;-0.00422958;24.4776;2;1.57291;
2.25796;-0.00422958;24.6776;2;1.57291;
2.25754;-0.00422958;24.8776;2;1.57291;
2.25712;-0.00422958;25.0776;2;1.57291;
2.25669;-0.00422958;25.2776;2;1.57291;
2.25627;-0.00422958;25.4776;2;1.57291;
2.25585;-0.00422958;25.6776;2;1.57291;
2.25542;-0.00422958;25.8776;2;1.57291;
2.255;-0.00422958;26.0776;2;1.57291;
2.25458;-0.00422958;26.2776;2;1.57291;
2.25415;-0.00422958;26.4776;2;1.57291;
2.25373;-0.00422958;26.6776;2;1.57291;
2.25331;-0.00422958;26.8776;2;1.57291;
2.25289;-0.00422958;27.0776;2;1.57291;
2.25246;-0.00422958;27.2776;2;1.57291;
2.25204;-0.00422958;27.4776;2;1.57291;
2.25162;-0.00422958;27.6776;2;1.57291;
2.25119;-0.00422958;27.8776;2;1.57291;
2.25077;-0.00422958;28.0776;2;1.57291;
2.25035;-0.00422958;28.2776;2;1.57291;
2.24992;-0.00422958;28.4776;2;1.57291;
2.2495;-0.00422958;28.6776;2;1.57291;
2.24908;-0.00422958;28.8776;2;1.57291;
2.24866;-0.00422958;29.0776;2;1.57291;
2.24823;-0.00422958;29.2776;2;1.57291;
2.24781;-0.00422958;29.4776;2;1.57291;
2.24739;-0.00422958;29.6776;2;1.57291;
2.24696;-0.00422958;29.8776;2;1.57291;

2.24654;-0.00422958;-29.9224;2;1.57291;
2.24612;-0.00422958;-29.7224;2;1.57291;
2.2457;-0.00422958;-29.5224;2;1.57291;
2.24527;-0.00422958;-29.3224;2;1.57291;
2.24485;-0.00422958;-29.1224;2;1.57291;
2.24443;-0.00422958;-28.9224;2;1.57291;
2.244;-0.00422958;-28.7224;2;1.57291;
2.24358;-0.00422958;-28.5224;2;1.57291;
2.24316;-0.00422958;-28.3224;2;1.57291;
2.24273;-0.00422958;-28.1224;2;1.57291;
2.24231;-0.00422958;-27.9224;2;1.57291;
2.24189;-0.00422958;-27.7224;2;1.57291;
2.24147;-0.00422958;-27.5224;2;1.57291;
2.24104;-0.00422958;-27.3224;2;1.57291;
2.24062;-0.00422958;-27.1224;2;1.57291;
2.2402;-0.00422958;-26.9224;2;1.57291;
2.23977;-0.00422958;-26.7224;2;1.57291;
2.23935;-0.00422958;-26.5224;2;1.57291;
2.23893;-0.00422958;-26.3224;2;1.57291;
