#1 AntPos X;#2 AntPos Y;#3 Distance form nest;#4 Total Distance;#5 Total Y Distance
12.2587;-2.26712;12.4666;0.2;-0.0310955
12.0611;-2.29822;12.2781;0.4;-0.062191
11.8636;-2.32931;12.0901;0.6;-0.0932865
11.666;-2.36041;11.9024;0.8;-0.124382
11.4684;-2.39151;11.7151;1;-0.155478
11.2709;-2.4226;11.5283;1.2;-0.186573
11.0733;-2.4537;11.3419;1.4;-0.217669
10.8757;-2.48479;11.156;1.6;-0.248764
10.6782;-2.51589;10.9705;1.8;-0.27986
10.4806;-2.54698;10.7856;2;-0.310955
10.283;-2.57808;10.6013;2.2;-0.342051
10.0854;-2.60917;10.4175;2.4;-0.373146
9.88788;-2.64027;10.2343;2.6;-0.404242
9.69031;-2.67136;10.0518;2.8;-0.435337
9.49274;-2.70246;9.86993;3;-0.466433
9.29518;-2.73356;9.68879;3.2;-0.497528
9.09761;-2.76465;9.50841;3.4;-0.528624
8.90004;-2.79575;9.32882;3.6;-0.559719
8.70247;-2.82684;9.15009;3.8;-0.590815
8.5049;-2.85794;8.97225;4;-0.62191
8.30734;-2.88903;8.79536;4.2;-0.653006
8.10977;-2.92013;8.61948;4.4;-0.684101
7.9122;-2.95122;8.44468;4.6;-0.715197
7.71463;-2.98232;8.27102;4.8;-0.746292
7.51707;-3.01342;8.09858;5;-0.777388
7.3195;-3.04451;7.92743;5.2;-0.808483
7.12193;-3.07561;7.75766;5.4;-0.839579
6.92436;-3.1067;7.58936;5.6;-0.870674
6.72679;-3.1378;7.42264;5.8;-0.90177
6.52923;-3.16889;7.25759;6;-0.932865
6.33166;-3.19999;7.09435;6.2;-0.963961
6.13409;-3.23108;6.93303;6.4;-0.995056
5.93652;-3.26218;6.77378;6.6;-1.02615
5.73895;-3.29327;6.61674;6.8;-1.05725
5.54139;-3.32437;6.46207;7;-1.08834
5.34382;-3.35547;6.30996;7.2;-1.11944
5.14625;-3.38656;6.16058;7.4;-1.15053
4.94868;-3.41766;6.01414;7.6;-1.18163
4.75111;-3.44875;5.87086;7.8;-1.21272
4.55355;-3.47985;5.73098;8;-1.24382
4.35598;-3.51094;5.59475;8.2;-1.27492
4.15841;-3.54204;5.46246;8.4;-1.30601
3.96084;-3.57313;5.33438;8.6;-1.33711
3.76328;-3.60423;5.21083;8.8;-1.3682
3.56571;-3.63533;5.09214;9;-1.3993
3.36814;-3.66642;4.97865;9.2;-1.43039
3.17057;-3.69752;4.87074;9.4;-1.46149
2.973;-3.72861;4.76878;9.6;-1.49258
2.77544;-3.75971;4.67316;9.8;-1.52368
2.57787;-3.7908;4.58428;10;-1.55478
2.3803;-3.8219;4.50253;10.2;-1.58587
2.18273;-3.85299;4.4283;10.4;-1.61697
1.98516;-3.88409;4.362;10.6;-1.64806
1.7876;-3.91518;4.30397;10.8;-1.67916
1.59003;-3.94628;4.25456;11;-1.71025
1.39246;-3.97738;4.21408;11.2;-1.74135
1.19489;-4.00847;4.18278;11.4;-1.77244
0.997325;-4.03957;4.16086;11.6;-1.80354
0.799757;-4.07066;4.14848;11.8;-1.83463
0.602189;-4.10176;4.14573;12;-1.86573
0.404621;-4.13285;4.15261;12.2;-1.89683
0.207053;-4.16395;4.16909;12.4;-1.92792
0.00948535;-4.19504;4.19506;12.6;-1.95902
-0.188083;-4.22614;4.23032;12.8;-1.99011
-0.38565;-4.25724;4.27467;13;-2.02121
-0.583218;-4.28833;4.32781;13.2;-2.0523
-0.780786;-4.31943;4.38943;13.4;-2.0834
-0.978354;-4.35052;4.45917;13.6;-2.11449
-1.17592;-4.38162;4.53667;13.8;-2.14559
-1.37349;-4.41271;4.62153;14;-2.17669
-1.57106;-4.44381;4.71335;14.2;-2.20778
-1.76863;-4.4749;4.81174;14.4;-2.23888
-1.96619;-4.506;4.91629;14.6;-2.26997
-2.16376;-4.53709;5.02664;14.8;-2.30107
-2.36133;-4.56819;5.1424;15;-2.33216
-2.5589;-4.59929;5.26321;15.2;-2.36326
-2.75647;-4.63038;5.38874;15.4;-2.39435
-2.95403;-4.66148;5.51867;15.6;-2.42545
-3.1516;-4.69257;5.65268;15.8;-2.45654
-3.34917;-4.72367;5.79051;16;-2.48764
-3.54674;-4.75476;5.93187;16.2;-2.51874
-3.7443;-4.78586;6.07653;16.4;-2.54983
-3.94187;-4.81695;6.22426;16.6;-2.58093
-4.13944;-4.84805;6.37484;16.8;-2.61202
-4.33701;-4.87915;6.52807;17;-2.64312
-4.53458;-4.91024;6.68377;17.2;-2.67421
-4.73214;-4.94134;6.84178;17.4;-2.70531
-4.92971;-4.97243;7.00194;17.6;-2.7364
-5.12728;-5.00353;7.1641;17.8;-2.7675
-5.32485;-5.03462;7.32813;18;-2.7986
-5.52242;-5.06572;7.4939;18.2;-2.82969
-5.71998;-5.09681;7.66131;18.4;-2.86079
-5.91755;-5.12791;7.83025;18.6;-2.89188
-6.11512;-5.159;8.00063;18.8;-2.92298
-6.31269;-5.1901;8.17234;19;-2.95407
-6.51025;-5.2212;8.34532;19.2;-2.98517
-6.70782;-5.25229;8.51947;19.4;-3.01626
-6.90539;-5.28339;8.69475;19.6;-3.04736
-7.10296;-5.31448;8.87106;19.8;-3.07845
-7.30053;-5.34558;9.04836;20;-3.10955
-7.49809;-5.37667;9.22659;20.2;-3.14065
-7.69566;-5.40777;9.4057;20.4;-3.17174
-7.89323;-5.43886;9.58563;20.6;-3.20284
-8.0908;-5.46996;9.76634;20.8;-3.23393
-8.28837;-5.50106;9.94779;21;-3.26503
-8.48593;-5.53215;10.1299;21.2;-3.29612
-8.6835;-5.56325;10.3128;21.4;-3.32722
-8.88107;-5.59434;10.4962;21.6;-3.35831
-9.07864;-5.62544;10.6802;21.8;-3.38941
-9.27621;-5.65653;10.8648;22;-3.42051
-9.47377;-5.68763;11.05;22.2;-3.4516
-9.67134;-5.71872;11.2356;22.4;-3.4827
-9.86891;-5.74982;11.4217;22.6;-3.51379
-10.0665;-5.78091;11.6083;22.8;-3.54489
-10.264;-5.81201;11.7953;23;-3.57598
-10.4616;-5.84311;11.9828;23.2;-3.60708
-10.6592;-5.8742;12.1706;23.4;-3.63817
-10.8567;-5.9053;12.3589;23.6;-3.66927
-11.0543;-5.93639;12.5475;23.8;-3.70036
-11.2519;-5.96749;12.7364;24;-3.73146
-11.4495;-5.99858;12.9257;24.2;-3.76256
-11.647;-6.02968;13.1153;24.4;-3.79365
-11.8446;-6.06077;13.3052;24.6;-3.82475
-12.0422;-6.09187;13.4953;24.8;-3.85584
-12.2397;-6.12297;13.6858;25;-3.88694
-12.4373;-6.15406;13.8766;25.2;-3.91803
-12.6349;-6.18516;14.0675;25.4;-3.94913
-12.8324;-6.21625;14.2588;25.6;-3.98022
-13.03;-6.24735;14.4503;25.8;-4.01132
-13.2276;-6.27844;14.642;26;-4.04242
-13.4251;-6.30954;14.8339;26.2;-4.07351
-13.6227;-6.34063;15.026;26.4;-4.10461
-13.8203;-6.37173;15.2184;26.6;-4.1357
-14.0178;-6.40282;15.4109;26.8;-4.1668
-14.2154;-6.43392;15.6036;27;-4.19789
-14.413;-6.46502;15.7965;27.2;-4.22899
-14.6105;-6.49611;15.9896;27.4;-4.26008
-14.8081;-6.52721;16.1828;27.6;-4.29118
-15.0057;-6.5583;16.3763;27.8;-4.32227
-15.2032;-6.5894;16.5698;28;-4.35337
-15.4008;-6.62049;16.7635;28.2;-4.38447
-15.5984;-6.65159;16.9574;28.4;-4.41556
-15.7959;-6.68268;17.1514;28.6;-4.44666
-15.9935;-6.71378;17.3455;28.8;-4.47775
-16.1911;-6.74488;17.5398;29;-4.50885
-16.3886;-6.77597;17.7342;29.2;-4.53994
-16.5862;-6.80707;17.9287;29.4;-4.57104
-16.7838;-6.83816;18.1234;29.6;-4.60213
-16.9814;-6.86926;18.3181;29.8;-4.63323
-17.1789;-6.90035;18.513;30;-4.66433
-17.3765;-6.93145;18.7079;30.2;-4.69542
-17.5741;-6.96254;18.903;30.4;-4.72652
-17.7716;-6.99364;19.0982;30.6;-4.75761
-17.9692;-7.02473;19.2935;30.8;-4.78871
-18.1668;-7.05583;19.4889;31;-4.8198
-18.3643;-7.08693;19.6843;31.2;-4.8509
-18.5619;-7.11802;19.8799;31.4;-4.88199
-18.7595;-7.14912;20.0755;31.6;-4.91309
-18.957;-7.18021;20.2713;31.8;-4.94418
-19.1546;-7.21131;20.4671;32;-4.97528
-19.3522;-7.2424;20.663;32.2;-5.00638
-19.5497;-7.2735;20.859;32.4;-5.03747
-19.7473;-7.30459;21.055;32.6;-5.06857
-19.9449;-7.33569;21.2511;32.8;-5.09966
-20.1424;-7.36679;21.4473;33;-5.13076
-20.34;-7.39788;21.6436;33.2;-5.16185
-20.5376;-7.42898;21.8399;33.4;-5.19295
-20.7351;-7.46007;22.0363;33.6;-5.22404
-20.9327;-7.49117;22.2328;33.8;-5.25514
-21.1303;-7.52226;22.4293;34;-5.28624
-21.3278;-7.55336;22.6259;34.2;-5.31733
-21.5254;-7.58445;22.8225;34.4;-5.34843
-21.723;-7.61555;23.0192;34.6;-5.37952
-21.9206;-7.64664;23.216;34.8;-5.41062
-22.1181;-7.67774;23.4128;35;-5.44171
-22.3157;-7.70884;23.6097;35.2;-5.47281
-22.5133;-7.73993;23.8066;35.4;-5.5039
-22.7108;-7.77103;24.0035;35.6;-5.535
-22.9084;-7.80212;24.2006;35.8;-5.56609
-23.106;-7.83322;24.3976;36;-5.59719
-23.3035;-7.86431;24.5947;36.2;-5.62829
-23.5011;-7.89541;24.7919;36.4;-5.65938
-23.6987;-7.9265;24.9891;36.6;-5.69048
-23.8962;-7.9576;25.1864;36.8;-5.72157
-24.0938;-7.9887;25.3837;37;-5.75267
-24.2914;-8.01979;25.581;37.2;-5.78376
-24.4889;-8.05089;25.7784;37.4;-5.81486
-24.6865;-8.08198;25.9758;37.6;-5.84595
-24.8841;-8.11308;26.1732;37.8;-5.87705
-25.0816;-8.14417;26.3707;38;-5.90815
-25.2792;-8.17527;26.5683;38.2;-5.93924
-25.4768;-8.20636;26.7658;38.4;-5.97034
-25.6743;-8.23746;26.9634;38.6;-6.00143
-25.8719;-8.26855;27.1611;38.8;-6.03253
-26.0695;-8.29965;27.3588;39;-6.06362
-26.267;-8.33075;27.5565;39.2;-6.09472
-26.4646;-8.36184;27.7542;39.4;-6.12581
-26.6622;-8.39294;27.952;39.6;-6.15691
-26.8597;-8.42403;28.1498;39.8;-6.188
-27.0573;-8.45513;28.3476;40;-6.2191
-27.2549;-8.48622;28.5455;40.2;-6.2502
-27.4525;-8.51732;28.7434;40.4;-6.28129
-27.65;-8.54841;28.9413;40.6;-6.31239
-27.8476;-8.57951;29.1393;40.8;-6.34348
-28.0452;-8.61061;29.3372;41;-6.37458
-28.2427;-8.6417;29.5352;41.2;-6.40567
-28.4403;-8.6728;29.7333;41.4;-6.43677
-28.6379;-8.70389;29.9313;41.6;-6.46786
-28.8354;-8.73499;30.1294;41.8;-6.49896
-29.033;-8.76608;30.3275;42;-6.53006
-29.2306;-8.79718;30.5257;42.2;-6.56115
-29.4281;-8.82827;30.7238;42.4;-6.59225
-29.6257;-8.85937;30.922;42.6;-6.62334
-29.8233;-8.89046;31.1202;42.8;-6.65444

29.9792;-8.92156;31.2785;43;-6.68553
29.7816;-8.95266;31.0981;43.2;-6.71663
29.584;-8.98375;30.918;43.4;-6.74772
29.3865;-9.01485;30.7381;43.6;-6.77882
29.1889;-9.04594;30.5585;43.8;-6.80991
28.9913;-9.07704;30.3791;44;-6.84101
28.7938;-9.10813;30.2;44.2;-6.87211
28.5962;-9.13923;30.0211;44.4;-6.9032
28.3986;-9.17032;29.8425;44.6;-6.9343
28.2011;-9.20142;29.6642;44.8;-6.96539
28.0035;-9.23252;29.4862;45;-6.99649
27.8059;-9.26361;29.3084;45.2;-7.02758
27.6084;-9.29471;29.131;45.4;-7.05868
27.4108;-9.3258;28.9538;45.6;-7.08977
27.2132;-9.3569;28.7769;45.8;-7.12087
27.0156;-9.38799;28.6003;46;-7.15197
26.8181;-9.41909;28.4241;46.2;-7.18306
26.6205;-9.45018;28.2481;46.4;-7.21416
26.4229;-9.48128;28.0725;46.6;-7.24525
26.2254;-9.51237;27.8972;46.8;-7.27635
26.0278;-9.54347;27.7223;47;-7.30744
25.8302;-9.57457;27.5477;47.2;-7.33854
25.6327;-9.60566;27.3734;47.4;-7.36963
25.4351;-9.63676;27.1995;47.6;-7.40073
25.2375;-9.66785;27.0259;47.8;-7.43182
25.04;-9.69895;26.8527;48;-7.46292
24.8424;-9.73004;26.6799;48.2;-7.49402
24.6448;-9.76114;26.5075;48.4;-7.52511
24.4473;-9.79223;26.3355;48.6;-7.55621
24.2497;-9.82333;26.1638;48.8;-7.5873
24.0521;-9.85443;25.9926;49;-7.6184
23.8546;-9.88552;25.8218;49.2;-7.64949
23.657;-9.91662;25.6514;49.4;-7.68059
23.4594;-9.94771;25.4814;49.6;-7.71168
23.2619;-9.97881;25.3119;49.8;-7.74278
23.0643;-10.0099;25.1428;50;-7.77388
22.8667;-10.041;24.9742;50.2;-7.80497
22.6692;-10.0721;24.806;50.4;-7.83607
22.4716;-10.1032;24.6383;50.6;-7.86716
22.274;-10.1343;24.4711;50.8;-7.89826
22.0765;-10.1654;24.3044;51;-7.92935
21.8789;-10.1965;24.1382;51.2;-7.96045
21.6813;-10.2276;23.9725;51.4;-7.99154
21.4837;-10.2587;23.8074;51.6;-8.02264
21.2862;-10.2898;23.6428;51.8;-8.05373
21.0886;-10.3209;23.4787;52;-8.08483
20.891;-10.352;23.3152;52.2;-8.11593
20.6935;-10.383;23.1523;52.4;-8.14702
20.4959;-10.4141;22.9899;52.6;-8.17812
20.2983;-10.4452;22.8282;52.8;-8.20921
20.1008;-10.4763;22.667;53;-8.24031
19.9032;-10.5074;22.5065;53.2;-8.2714
19.7056;-10.5385;22.3466;53.4;-8.3025
19.5081;-10.5696;22.1874;53.6;-8.33359
19.3105;-10.6007;22.0289;53.8;-8.36469
19.1129;-10.6318;21.871;54;-8.39579
18.9154;-10.6629;21.7138;54.2;-8.42688
18.7178;-10.694;21.5573;54.4;-8.45798
18.5202;-10.7251;21.4016;54.6;-8.48907
18.3227;-10.7562;21.2465;54.8;-8.52017
18.1251;-10.7873;21.0923;55;-8.55126
17.9275;-10.8184;20.9388;55.2;-8.58236
17.73;-10.8495;20.7861;55.4;-8.61345
17.5324;-10.8806;20.6342;55.6;-8.64455
17.3348;-10.9117;20.4832;55.8;-8.67564
17.1373;-10.9428;20.333;56;-8.70674
16.9397;-10.9739;20.1836;56.2;-8.73784
16.7421;-11.005;20.0352;56.4;-8.76893
16.5446;-11.0361;19.8876;56.6;-8.80003
16.347;-11.0672;19.741;56.8;-8.83112
16.1494;-11.0982;19.5953;57;-8.86222
15.9518;-11.1293;19.4505;57.2;-8.89331
15.7543;-11.1604;19.3068;57.4;-8.92441
15.5567;-11.1915;19.1641;57.6;-8.9555
15.3591;-11.2226;19.0224;57.8;-8.9866
15.1616;-11.2537;18.8817;58;-9.0177
14.964;-11.2848;18.7422;58.2;-9.04879
14.7664;-11.3159;18.6037;58.4;-9.07989
14.5689;-11.347;18.4664;58.6;-9.11098
14.3713;-11.3781;18.3302;58.8;-9.14208
14.1737;-11.4092;18.1952;59;-9.17317
13.9762;-11.4403;18.0614;59.2;-9.20427
13.7786;-11.4714;17.9288;59.4;-9.23536
13.581;-11.5025;17.7975;59.6;-9.26646
13.3835;-11.5336;17.6675;59.8;-9.29755
13.1859;-11.5647;17.5388;60;-9.32865
12.9883;-11.5958;17.4115;60.2;-9.35975
12.7908;-11.6269;17.2855;60.4;-9.39084
12.5932;-11.658;17.1609;60.6;-9.42194
12.3956;-11.6891;17.0378;60.8;-9.45303
12.1981;-11.7202;16.9161;61;-9.48413
12.0005;-11.7513;16.7959;61.2;-9.51522
11.8029;-11.7823;16.6773;61.4;-9.54632
11.6054;-11.8134;16.5602;61.6;-9.57741
11.4078;-11.8445;16.4448;61.8;-9.60851
11.2102;-11.8756;16.3309;62;-9.63961
11.0126;-11.9067;16.2188;62.2;-9.6707
10.8151;-11.9378;16.1083;62.4;-9.7018
10.6175;-11.9689;15.9996;62.6;-9.73289
10.4199;-12;15.8926;62.8;-9.76399
10.2224;-12.0311;15.7875;63;-9.79508
10.0248;-12.0622;15.6842;63.2;-9.82618
9.82724;-12.0933;15.5828;63.4;-9.85727
9.62967;-12.1244;15.4833;63.6;-9.88837
9.43211;-12.1555;15.3857;63.8;-9.91946
9.23454;-12.1866;15.2902;64;-9.95056
9.03697;-12.2177;15.1967;64.2;-9.98166
8.8394;-12.2488;15.1052;64.4;-10.0128
8.64183;-12.2799;15.0159;64.6;-10.0438
8.44427;-12.311;14.9287;64.8;-10.0749
8.2467;-12.3421;14.8437;65;-10.106
8.04913;-12.3732;14.7609;65.2;-10.1371
7.85156;-12.4043;14.6803;65.4;-10.1682
7.654;-12.4354;14.6021;65.6;-10.1993
7.45643;-12.4664;14.5262;65.8;-10.2304
7.25886;-12.4975;14.4527;66;-10.2615
7.06129;-12.5286;14.3815;66.2;-10.2926
6.86372;-12.5597;14.3128;66.4;-10.3237
6.66616;-12.5908;14.2466;66.6;-10.3548
6.46859;-12.6219;14.1829;66.8;-10.3859
6.27102;-12.653;14.1218;67;-10.417
6.07345;-12.6841;14.0632;67.2;-10.4481
5.87588;-12.7152;14.0072;67.4;-10.4792
5.67832;-12.7463;13.9539;67.6;-10.5103
5.48075;-12.7774;13.9033;67.8;-10.5414
5.28318;-12.8085;13.8553;68;-10.5725
5.08561;-12.8396;13.8101;68.2;-10.6036
4.88804;-12.8707;13.7676;68.4;-10.6347
4.69048;-12.9018;13.728;68.6;-10.6658
4.49291;-12.9329;13.6911;68.8;-10.6969
4.29534;-12.964;13.657;69;-10.7279
4.09777;-12.9951;13.6258;69.2;-10.759
3.90021;-13.0262;13.5975;69.4;-10.7901
3.70264;-13.0573;13.5721;69.6;-10.8212
3.50507;-13.0884;13.5496;69.8;-10.8523
3.3075;-13.1195;13.53;70;-10.8834
3.10993;-13.1505;13.5133;70.2;-10.9145
2.91237;-13.1816;13.4995;70.4;-10.9456
2.7148;-13.2127;13.4888;70.6;-10.9767
2.51723;-13.2438;13.4809;70.8;-11.0078
2.31966;-13.2749;13.4761;71;-11.0389
2.12209;-13.306;13.4742;71.2;-11.07
1.92453;-13.3371;13.4753;71.4;-11.1011
1.72696;-13.3682;13.4793;71.6;-11.1322
1.52939;-13.3993;13.4863;71.8;-11.1633
1.33182;-13.4304;13.4963;72;-11.1944
1.13426;-13.4615;13.5092;72.2;-11.2255
0.936687;-13.4926;13.5251;72.4;-11.2566
0.739119;-13.5237;13.5439;72.6;-11.2877
0.541551;-13.5548;13.5656;72.8;-11.3188
0.343984;-13.5859;13.5902;73;-11.3499
0.146416;-13.617;13.6178;73.2;-11.381
-0.0511522;-13.6481;13.6482;73.4;-11.412
-0.24872;-13.6792;13.6814;73.6;-11.4431
-0.446288;-13.7103;13.7175;73.8;-11.4742
-0.643856;-13.7414;13.7564;74;-11.5053
-0.841424;-13.7725;13.7981;74.2;-11.5364
-1.03899;-13.8036;13.8426;74.4;-11.5675
-1.23656;-13.8346;13.8898;74.6;-11.5986
-1.43413;-13.8657;13.9397;74.8;-11.6297
-1.6317;-13.8968;13.9923;75;-11.6608
-1.82926;-13.9279;14.0475;75.2;-11.6919
-2.02683;-13.959;14.1054;75.4;-11.723
-2.2244;-13.9901;14.1659;75.6;-11.7541
-2.42197;-14.0212;14.2289;75.8;-11.7852
-2.61953;-14.0523;14.2944;76;-11.8163
-2.8171;-14.0834;14.3624;76.2;-11.8474
-3.01467;-14.1145;14.4329;76.4;-11.8785
-3.21224;-14.1456;14.5057;76.6;-11.9096
-3.40981;-14.1767;14.581;76.8;-11.9407
-3.60737;-14.2078;14.6586;77;-11.9718
-3.80494;-14.2389;14.7385;77.2;-12.0029
-4.00251;-14.27;14.8207;77.4;-12.034
-4.20008;-14.3011;14.9051;77.6;-12.0651
-4.39765;-14.3322;14.9917;77.8;-12.0961
-4.59521;-14.3633;15.0804;78;-12.1272
-4.79278;-14.3944;15.1713;78.2;-12.1583
-4.99035;-14.4255;15.2643;78.4;-12.1894
-5.18792;-14.4566;15.3593;78.6;-12.2205
-5.38549;-14.4877;15.4562;78.8;-12.2516
-5.58305;-14.5188;15.5552;79;-12.2827
-5.78062;-14.5498;15.6561;79.2;-12.3138
-5.97819;-14.5809;15.7589;79.4;-12.3449
-6.17576;-14.612;15.8635;79.6;-12.376
-6.37332;-14.6431;15.97;79.8;-12.4071
-6.57089;-14.6742;16.0782;80;-12.4382
-6.76846;-14.7053;16.1882;80.2;-12.4693
-6.96603;-14.7364;16.2999;80.4;-12.5004
-7.1636;-14.7675;16.4133;80.6;-12.5315
-7.36116;-14.7986;16.5283;80.8;-12.5626
-7.55873;-14.8297;16.645;81;-12.5937
-7.7563;-14.8608;16.7632;81.2;-12.6248
-7.95387;-14.8919;16.8829;81.4;-12.6559
-8.15144;-14.923;17.0042;81.6;-12.687
-8.349;-14.9541;17.1269;81.8;-12.7181
-8.54657;-14.9852;17.2511;82;-12.7492
-8.74414;-15.0163;17.3767;82.2;-12.7803
-8.94171;-15.0474;17.5036;82.4;-12.8113
-9.13927;-15.0785;17.632;82.6;-12.8424
-9.33684;-15.1096;17.7616;82.8;-12.8735
-9.53441;-15.1407;17.8926;83;-12.9046
-9.73198;-15.1718;18.0248;83.2;-12.9357
-9.92955;-15.2029;18.1583;83.4;-12.9668
-10.1271;-15.2339;18.2929;83.6;-12.9979
-10.3247;-15.265;18.4288;83.8;-13.029
-10.5223;-15.2961;18.5658;84;-13.0601
-10.7198;-15.3272;18.704;84.2;-13.0912
-10.9174;-15.3583;18.8432;84.4;-13.1223
-11.115;-15.3894;18.9836;84.6;-13.1534
-11.3125;-15.4205;19.125;84.8;-13.1845
-11.5101;-15.4516;19.2674;85;-13.2156
-11.7077;-15.4827;19.4109;85.2;-13.2467
-11.9052;-15.5138;19.5554;85.4;-13.2778
-12.1028;-15.5449;19.7008;85.6;-13.3089
-12.3004;-15.576;19.8472;85.8;-13.34
-12.4979;-15.6071;19.9945;86;-13.3711
-12.6955;-15.6382;20.1427;86.2;-13.4022
-12.8931;-15.6693;20.2918;86.4;-13.4333
-13.0906;-15.7004;20.4418;86.6;-13.4644
-13.2882;-15.7315;20.5926;86.8;-13.4954
-13.4858;-15.7626;20.7443;87;-13.5265
-13.6833;-15.7937;20.8967;87.2;-13.5576
-13.8809;-15.8248;21.05;87.4;-13.5887
-14.0785;-15.8559;21.204;87.6;-13.6198
-14.276;-15.887;21.3589;87.8;-13.6509
-14.4736;-15.918;21.5144;88;-13.682
-14.6712;-15.9491;21.6707;88.2;-13.7131
-14.8687;-15.9802;21.8277;88.4;-13.7442
-15.0663;-16.0113;21.9854;88.6;-13.7753
-15.2639;-16.0424;22.1437;88.8;-13.8064
-15.4614;-16.0735;22.3028;89;-13.8375
-15.659;-16.1046;22.4625;89.2;-13.8686
-15.8566;-16.1357;22.6228;89.4;-13.8997
-16.0542;-16.1668;22.7838;89.6;-13.9308
-16.2517;-16.1979;22.9454;89.8;-13.9619
-16.4493;-16.229;23.1076;90;-13.993
-16.6469;-16.2601;23.2703;90.2;-14.0241
-16.8444;-16.2912;23.4337;90.4;-14.0552
-17.042;-16.3223;23.5976;90.6;-14.0863
-17.2396;-16.3534;23.7621;90.8;-14.1174
-17.4371;-16.3845;23.9271;91;-14.1485
-17.6347;-16.4156;24.0926;91.2;-14.1795
-17.8323;-16.4467;24.2587;91.4;-14.2106
-18.0298;-16.4778;24.4252;91.6;-14.2417
-18.2274;-16.5089;24.5923;91.8;-14.2728
-18.425;-16.54;24.7598;92;-14.3039
-18.6225;-16.5711;24.9279;92.2;-14.335
-18.8201;-16.6021;25.0964;92.4;-14.3661
-19.0177;-16.6332;25.2653;92.6;-14.3972
-19.2152;-16.6643;25.4347;92.8;-14.4283
-19.4128;-16.6954;25.6046;93;-14.4594
-19.6104;-16.7265;25.7749;93.2;-14.4905
-19.8079;-16.7576;25.9456;93.4;-14.5216
-20.0055;-16.7887;26.1167;93.6;-14.5527
-20.2031;-16.8198;26.2882;93.8;-14.5838
-20.4006;-16.8509;26.4602;94;-14.6149
-20.5982;-16.882;26.6325;94.2;-14.646
-20.7958;-16.9131;26.8052;94.4;-14.6771
-20.9933;-16.9442;26.9783;94.6;-14.7082
-21.1909;-16.9753;27.1517;94.8;-14.7393
-21.3885;-17.0064;27.3255;95;-14.7704
-21.5861;-17.0375;27.4997;95.2;-14.8015
-21.7836;-17.0686;27.6742;95.4;-14.8326
-21.9812;-17.0997;27.8491;95.6;-14.8636
-22.1788;-17.1308;28.0243;95.8;-14.8947
-22.3763;-17.1619;28.1998;96;-14.9258
-22.5739;-17.193;28.3757;96.2;-14.9569
-22.7715;-17.2241;28.5518;96.4;-14.988
-22.969;-17.2552;28.7283;96.6;-15.0191
-23.1666;-17.2863;28.9051;96.8;-15.0502
-23.3642;-17.3173;29.0822;97;-15.0813
-23.5617;-17.3484;29.2596;97.2;-15.1124
-23.7593;-17.3795;29.4373;97.4;-15.1435
-23.9569;-17.4106;29.6152;97.6;-15.1746
-24.1544;-17.4417;29.7935;97.8;-15.2057
-24.352;-17.4728;29.972;98;-15.2368
-24.5496;-17.5039;30.1508;98.2;-15.2679
-24.7471;-17.535;30.3298;98.4;-15.299
-24.9447;-17.5661;30.5091;98.6;-15.3301
-25.1423;-17.5972;30.6887;98.8;-15.3612
-25.3398;-17.6283;30.8685;99;-15.3923
-25.5374;-17.6594;31.0486;99.2;-15.4234
-25.735;-17.6905;31.2289;99.4;-15.4545
-25.9325;-17.7216;31.4094;99.6;-15.4856
-26.1301;-17.7527;31.5902;99.8;-15.5167
-26.3277;-17.7838;31.7712;100;-15.5478
-26.5252;-17.8149;31.9524;100.2;-15.5788
-26.7228;-17.846;32.1339;100.4;-15.6099
-26.9204;-17.8771;32.3156;100.6;-15.641
-27.118;-17.9082;32.4975;100.8;-15.6721
-27.3155;-17.9393;32.6796;101;-15.7032
-27.5131;-17.9704;32.8619;101.2;-15.7343
-27.7107;-18.0014;33.0444;101.4;-15.7654
-27.9082;-18.0325;33.2271;101.6;-15.7965
-28.1058;-18.0636;33.41;101.8;-15.8276
-28.3034;-18.0947;33.5931;102;-15.8587
-28.5009;-18.1258;33.7764;102.2;-15.8898
-28.6985;-18.1569;33.9599;102.4;-15.9209
-28.8961;-18.188;34.1436;102.6;-15.952
-29.0936;-18.2191;34.3275;102.8;-15.9831
-29.2912;-18.2502;34.5115;103;-16.0142
-29.4888;-18.2813;34.6957;103.2;-16.0453
-29.6863;-18.3124;34.8801;103.4;-16.0764
-29.8839;-18.3435;35.0647;103.6;-16.1075

29.9185;-18.3746;35.1105;103.8;-16.1386
29.721;-18.4057;34.9586;104;-16.1697
29.5234;-18.4368;34.8073;104.2;-16.2008
29.3258;-18.4679;34.6564;104.4;-16.2319
29.1283;-18.499;34.506;104.6;-16.2629
28.9307;-18.5301;34.3562;104.8;-16.294
28.7331;-18.5612;34.2069;105;-16.3251
28.5356;-18.5923;34.058;105.2;-16.3562
28.338;-18.6234;33.9097;105.4;-16.3873
28.1404;-18.6545;33.762;105.6;-16.4184
27.9429;-18.6855;33.6148;105.8;-16.4495
27.7453;-18.7166;33.4681;106;-16.4806
27.5477;-18.7477;33.322;106.2;-16.5117
27.3501;-18.7788;33.1764;106.4;-16.5428
27.1526;-18.8099;33.0314;106.6;-16.5739
26.955;-18.841;32.887;106.8;-16.605
26.7574;-18.8721;32.7432;107;-16.6361
26.5599;-18.9032;32.6;107.2;-16.6672
26.3623;-18.9343;32.4573;107.4;-16.6983
26.1647;-18.9654;32.3153;107.6;-16.7294
25.9672;-18.9965;32.1739;107.8;-16.7605
25.7696;-19.0276;32.0331;108;-16.7916
25.572;-19.0587;31.893;108.2;-16.8227
25.3745;-19.0898;31.7535;108.4;-16.8538
25.1769;-19.1209;31.6146;108.6;-16.8849
24.9793;-19.152;31.4764;108.8;-16.916
24.7818;-19.1831;31.3389;109;-16.947
24.5842;-19.2142;31.202;109.2;-16.9781
24.3866;-19.2453;31.0659;109.4;-17.0092
24.1891;-19.2764;30.9304;109.6;-17.0403
23.9915;-19.3075;30.7956;109.8;-17.0714
23.7939;-19.3386;30.6615;110;-17.1025
23.5964;-19.3696;30.5282;110.2;-17.1336
23.3988;-19.4007;30.3956;110.4;-17.1647
23.2012;-19.4318;30.2637;110.6;-17.1958
23.0037;-19.4629;30.1326;110.8;-17.2269
22.8061;-19.494;30.0022;111;-17.258
22.6085;-19.5251;29.8727;111.2;-17.2891
22.4109;-19.5562;29.7438;111.4;-17.3202
22.2134;-19.5873;29.6158;111.6;-17.3513
22.0158;-19.6184;29.4886;111.8;-17.3824
21.8182;-19.6495;29.3622;112;-17.4135
21.6207;-19.6806;29.2366;112.2;-17.4446
21.4231;-19.7117;29.1119;112.4;-17.4757
21.2255;-19.7428;28.988;112.6;-17.5068
21.028;-19.7739;28.8649;112.8;-17.5379
20.8304;-19.805;28.7427;113;-17.569
20.6328;-19.8361;28.6214;113.2;-17.6001
20.4353;-19.8672;28.501;113.4;-17.6311
20.2377;-19.8983;28.3814;113.6;-17.6622
20.0401;-19.9294;28.2628;113.8;-17.6933
19.8426;-19.9605;28.1451;114;-17.7244
19.645;-19.9916;28.0284;114.2;-17.7555
19.4474;-20.0227;27.9125;114.4;-17.7866
19.2499;-20.0537;27.7977;114.6;-17.8177
19.0523;-20.0848;27.6838;114.8;-17.8488
18.8547;-20.1159;27.5709;115;-17.8799
18.6572;-20.147;27.4589;115.2;-17.911
18.4596;-20.1781;27.348;115.4;-17.9421
18.262;-20.2092;27.2381;115.6;-17.9732
18.0645;-20.2403;27.1292;115.8;-18.0043
17.8669;-20.2714;27.0214;116;-18.0354
17.6693;-20.3025;26.9146;116.2;-18.0665
17.4718;-20.3336;26.8089;116.4;-18.0976
17.2742;-20.3647;26.7043;116.6;-18.1287
17.0766;-20.3958;26.6007;116.8;-18.1598
16.879;-20.4269;26.4983;117;-18.1909
16.6815;-20.458;26.397;117.2;-18.222
16.4839;-20.4891;26.2968;117.4;-18.2531
16.2863;-20.5202;26.1978;117.6;-18.2842
16.0888;-20.5513;26.0999;117.8;-18.3153
15.8912;-20.5824;26.0032;118;-18.3463
15.6936;-20.6135;25.9076;118.2;-18.3774
15.4961;-20.6446;25.8133;118.4;-18.4085
15.2985;-20.6757;25.7202;118.6;-18.4396
15.1009;-20.7068;25.6283;118.8;-18.4707
14.9034;-20.7379;25.5376;119;-18.5018
14.7058;-20.7689;25.4482;119.2;-18.5329
14.5082;-20.8;25.36;119.4;-18.564
14.3107;-20.8311;25.2731;119.6;-18.5951
14.1131;-20.8622;25.1875;119.8;-18.6262
13.9155;-20.8933;25.1032;120;-18.6573
13.718;-20.9244;25.0203;120.2;-18.6884
13.5204;-20.9555;24.9386;120.4;-18.7195
13.3228;-20.9866;24.8583;120.6;-18.7506
13.1253;-21.0177;24.7794;120.8;-18.7817
12.9277;-21.0488;24.7018;121;-18.8128
12.7301;-21.0799;24.6256;121.2;-18.8439
12.5326;-21.111;24.5507;121.4;-18.875
12.335;-21.1421;24.4773;121.6;-18.9061
12.1374;-21.1732;24.4053;121.8;-18.9372
11.9399;-21.2043;24.3348;122;-18.9683
11.7423;-21.2354;24.2657;122.2;-18.9994
11.5447;-21.2665;24.198;122.4;-19.0304
11.3471;-21.2976;24.1318;122.6;-19.0615
11.1496;-21.3287;24.0671;122.8;-19.0926
10.952;-21.3598;24.0039;123;-19.1237
10.7544;-21.3909;23.9422;123.2;-19.1548
10.5569;-21.422;23.882;123.4;-19.1859
10.3593;-21.453;23.8233;123.6;-19.217
10.1617;-21.4841;23.7661;123.8;-19.2481
9.96417;-21.5152;23.7106;124;-19.2792
9.7666;-21.5463;23.6565;124.2;-19.3103
9.56904;-21.5774;23.6041;124.4;-19.3414
9.37147;-21.6085;23.5532;124.6;-19.3725
9.1739;-21.6396;23.5039;124.8;-19.4036
8.97633;-21.6707;23.4562;125;-19.4347
8.77877;-21.7018;23.4102;125.2;-19.4658
8.5812;-21.7329;23.3657;125.4;-19.4969
8.38363;-21.764;23.3229;125.6;-19.528
8.18606;-21.7951;23.2817;125.8;-19.5591
7.98849;-21.8262;23.2422;126;-19.5902
7.79093;-21.8573;23.2043;126.2;-19.6213
7.59336;-21.8884;23.1681;126.4;-19.6524
7.39579;-21.9195;23.1336;126.6;-19.6835
7.19822;-21.9506;23.1007;126.8;-19.7145
7.00065;-21.9817;23.0695;127;-19.7456
6.80309;-22.0128;23.04;127.2;-19.7767
6.60552;-22.0439;23.0123;127.4;-19.8078
6.40795;-22.075;22.9862;127.6;-19.8389
6.21038;-22.1061;22.9618;127.8;-19.87
6.01281;-22.1371;22.9392;128;-19.9011
5.81525;-22.1682;22.9183;128.2;-19.9322
5.61768;-22.1993;22.8991;128.4;-19.9633
5.42011;-22.2304;22.8816;128.6;-19.9944
5.22254;-22.2615;22.8659;128.8;-20.0255
5.02498;-22.2926;22.8519;129;-20.0566
4.82741;-22.3237;22.8397;129.2;-20.0877
4.62984;-22.3548;22.8292;129.4;-20.1188
4.43227;-22.3859;22.8205;129.6;-20.1499
4.2347;-22.417;22.8135;129.8;-20.181
4.03714;-22.4481;22.8082;130;-20.2121
3.83957;-22.4792;22.8048;130.2;-20.2432
3.642;-22.5103;22.803;130.4;-20.2743
3.44443;-22.5414;22.803;130.6;-20.3054
3.24686;-22.5725;22.8048;130.8;-20.3365
3.0493;-22.6036;22.8083;131;-20.3676
2.85173;-22.6347;22.8136;131.2;-20.3986
2.65416;-22.6658;22.8206;131.4;-20.4297
2.45659;-22.6969;22.8294;131.6;-20.4608
2.25902;-22.728;22.84;131.8;-20.4919
2.06146;-22.7591;22.8522;132;-20.523
1.86389;-22.7902;22.8662;132.2;-20.5541
1.66632;-22.8212;22.882;132.4;-20.5852
1.46875;-22.8523;22.8995;132.6;-20.6163
1.27119;-22.8834;22.9187;132.8;-20.6474
1.07362;-22.9145;22.9397;133;-20.6785
0.87605;-22.9456;22.9623;133.2;-20.7096
0.678482;-22.9767;22.9867;133.4;-20.7407
0.480914;-23.0078;23.0128;133.6;-20.7718
0.283346;-23.0389;23.0407;133.8;-20.8029
0.0857782;-23.07;23.0702;134;-20.834
-0.11179;-23.1011;23.1014;134.2;-20.8651
-0.309358;-23.1322;23.1343;134.4;-20.8962
-0.506925;-23.1633;23.1688;134.6;-20.9273
-0.704493;-23.1944;23.2051;134.8;-20.9584
-0.902061;-23.2255;23.243;135;-20.9895
-1.09963;-23.2566;23.2826;135.2;-21.0206
-1.2972;-23.2877;23.3238;135.4;-21.0517
-1.49476;-23.3188;23.3666;135.6;-21.0827
-1.69233;-23.3499;23.4111;135.8;-21.1138
-1.8899;-23.381;23.4572;136;-21.1449
-2.08747;-23.4121;23.5049;136.2;-21.176
-2.28504;-23.4432;23.5543;136.4;-21.2071
-2.4826;-23.4743;23.6052;136.6;-21.2382
-2.68017;-23.5054;23.6577;136.8;-21.2693
-2.87774;-23.5364;23.7117;137;-21.3004
-3.07531;-23.5675;23.7673;137.2;-21.3315
-3.27288;-23.5986;23.8245;137.4;-21.3626
-3.47044;-23.6297;23.8832;137.6;-21.3937
-3.66801;-23.6608;23.9435;137.8;-21.4248
-3.86558;-23.6919;24.0052;138;-21.4559
-4.06315;-23.723;24.0685;138.2;-21.487
-4.26072;-23.7541;24.1332;138.4;-21.5181
-4.45828;-23.7852;24.1994;138.6;-21.5492
-4.65585;-23.8163;24.2671;138.8;-21.5803
-4.85342;-23.8474;24.3363;139;-21.6114
-5.05099;-23.8785;24.4069;139.2;-21.6425
-5.24855;-23.9096;24.4789;139.4;-21.6736
-5.44612;-23.9407;24.5523;139.6;-21.7047
-5.64369;-23.9718;24.6272;139.8;-21.7358
-5.84126;-24.0029;24.7034;140;-21.7669
-6.03883;-24.034;24.781;140.2;-21.7979
-6.23639;-24.0651;24.86;140.4;-21.829
-6.43396;-24.0962;24.9403;140.6;-21.8601
-6.63153;-24.1273;25.022;140.8;-21.8912
-6.8291;-24.1584;25.105;141;-21.9223
-7.02667;-24.1895;25.1894;141.2;-21.9534
-7.22423;-24.2205;25.275;141.4;-21.9845
-7.4218;-24.2516;25.3619;141.6;-22.0156
-7.61937;-24.2827;25.4501;141.8;-22.0467
-7.81694;-24.3138;25.5395;142;-22.0778
-8.01451;-24.3449;25.6302;142.2;-22.1089
-8.21207;-24.376;25.7221;142.4;-22.14
-8.40964;-24.4071;25.8153;142.6;-22.1711
-8.60721;-24.4382;25.9097;142.8;-22.2022
-8.80478;-24.4693;26.0052;143;-22.2333
-9.00234;-24.5004;26.102;143.2;-22.2644
-9.19991;-24.5315;26.1999;143.4;-22.2955
-9.39748;-24.5626;26.2989;143.6;-22.3266
-9.59505;-24.5937;26.3991;143.8;-22.3577
-9.79262;-24.6248;26.5005;144;-22.3888
-9.99018;-24.6559;26.6029;144.2;-22.4199
-10.1878;-24.687;26.7065;144.4;-22.451
-10.3853;-24.7181;26.8112;144.6;-22.482
-10.5829;-24.7492;26.9169;144.8;-22.5131
-10.7805;-24.7803;27.0237;145;-22.5442
-10.978;-24.8114;27.1315;145.2;-22.5753
-11.1756;-24.8425;27.2404;145.4;-22.6064
-11.3732;-24.8736;27.3504;145.6;-22.6375
-11.5707;-24.9046;27.4613;145.8;-22.6686
-11.7683;-24.9357;27.5732;146;-22.6997
-11.9659;-24.9668;27.6862;146.2;-22.7308
-12.1634;-24.9979;27.8001;146.4;-22.7619
-12.361;-25.029;27.915;146.6;-22.793
-12.5586;-25.0601;28.0308;146.8;-22.8241
-12.7561;-25.0912;28.1476;147;-22.8552
-12.9537;-25.1223;28.2653;147.2;-22.8863
-13.1513;-25.1534;28.384;147.4;-22.9174
-13.3488;-25.1845;28.5035;147.6;-22.9485
-13.5464;-25.2156;28.624;147.8;-22.9796
-13.744;-25.2467;28.7453;148;-23.0107
-13.9415;-25.2778;28.8675;148.2;-23.0418
-14.1391;-25.3089;28.9906;148.4;-23.0729
-14.3367;-25.34;29.1145;148.6;-23.104
-14.5342;-25.3711;29.2393;148.8;-23.1351
-14.7318;-25.4022;29.3649;149;-23.1661
-14.9294;-25.4333;29.4913;149.2;-23.1972
-15.1269;-25.4644;29.6186;149.4;-23.2283
-15.3245;-25.4955;29.7466;149.6;-23.2594
-15.5221;-25.5266;29.8754;149.8;-23.2905
-15.7197;-25.5577;30.005;150;-23.3216
-15.9172;-25.5887;30.1354;150.2;-23.3527
-16.1148;-25.6198;30.2665;150.4;-23.3838
-16.3124;-25.6509;30.3984;150.6;-23.4149
-16.5099;-25.682;30.531;150.8;-23.446
-16.7075;-25.7131;30.6644;151;-23.4771
-16.9051;-25.7442;30.7985;151.2;-23.5082
-17.1026;-25.7753;30.9333;151.4;-23.5393
-17.3002;-25.8064;31.0688;151.6;-23.5704
-17.4978;-25.8375;31.2049;151.8;-23.6015
-17.6953;-25.8686;31.3418;152;-23.6326
-17.8929;-25.8997;31.4794;152.2;-23.6637
-18.0905;-25.9308;31.6176;152.4;-23.6948
-18.288;-25.9619;31.7565;152.6;-23.7259
-18.4856;-25.993;31.896;152.8;-23.757
-18.6832;-26.0241;32.0361;153;-23.7881
-18.8807;-26.0552;32.1769;153.2;-23.8192
-19.0783;-26.0863;32.3183;153.4;-23.8502
-19.2759;-26.1174;32.4604;153.6;-23.8813
-19.4734;-26.1485;32.603;153.8;-23.9124
-19.671;-26.1796;32.7463;154;-23.9435
-19.8686;-26.2107;32.8901;154.2;-23.9746
-20.0661;-26.2418;33.0345;154.4;-24.0057
-20.2637;-26.2729;33.1795;154.6;-24.0368
-20.4613;-26.3039;33.3251;154.8;-24.0679
-20.6588;-26.335;33.4712;155;-24.099
-20.8564;-26.3661;33.6179;155.2;-24.1301
-21.054;-26.3972;33.7651;155.4;-24.1612
-21.2516;-26.4283;33.9129;155.6;-24.1923
-21.4491;-26.4594;34.0612;155.8;-24.2234
-21.6467;-26.4905;34.21;156;-24.2545
-21.8443;-26.5216;34.3594;156.2;-24.2856
-22.0418;-26.5527;34.5093;156.4;-24.3167
-22.2394;-26.5838;34.6596;156.6;-24.3478
-22.437;-26.6149;34.8105;156.8;-24.3789
-22.6345;-26.646;34.9619;157;-24.41
-22.8321;-26.6771;35.1137;157.2;-24.4411
-23.0297;-26.7082;35.266;157.4;-24.4722
-23.2272;-26.7393;35.4188;157.6;-24.5033
-23.4248;-26.7704;35.5721;157.8;-24.5344
-23.6224;-26.8015;35.7258;158;-24.5654
-23.8199;-26.8326;35.88;158.2;-24.5965
-24.0175;-26.8637;36.0347;158.4;-24.6276
-24.2151;-26.8948;36.1897;158.6;-24.6587
-24.4126;-26.9259;36.3453;158.8;-24.6898
-24.6102;-26.957;36.5012;159;-24.7209
-24.8078;-26.988;36.6576;159.2;-24.752
-25.0053;-27.0191;36.8144;159.4;-24.7831
-25.2029;-27.0502;36.9716;159.6;-24.8142
-25.4005;-27.0813;37.1293;159.8;-24.8453
-25.598;-27.1124;37.2873;160;-24.8764
-25.7956;-27.1435;37.4458;160.2;-24.9075
-25.9932;-27.1746;37.6046;160.4;-24.9386
-26.1908;-27.2057;37.7638;160.6;-24.9697
-26.3883;-27.2368;37.9234;160.8;-25.0008
-26.5859;-27.2679;38.0834;161;-25.0319
-26.7835;-27.299;38.2438;161.2;-25.063
-26.981;-27.3301;38.4046;161.4;-25.0941
-27.1786;-27.3612;38.5657;161.6;-25.1252
-27.3762;-27.3923;38.7271;161.8;-25.1563
-27.5737;-27.4234;38.889;162;-25.1874
-27.7713;-27.4545;39.0512;162.2;-25.2185
-27.9689;-27.4856;39.2137;162.4;-25.2495
-28.1664;-27.5167;39.3766;162.6;-25.2806
-28.364;-27.5478;39.5398;162.8;-25.3117
-28.5616;-27.5789;39.7034;163;-25.3428
-28.7591;-27.61;39.8672;163.2;-25.3739
-28.9567;-27.6411;40.0315;163.4;-25.405
-29.1543;-27.6721;40.196;163.6;-25.4361
-29.3518;-27.7032;40.3609;163.8;-25.4672
-29.5494;-27.7343;40.5261;164;-25.4983
-29.747;-27.7654;40.6915;164.2;-25.5294
-29.9445;-27.7965;40.8573;164.4;-25.5605

29.8579;-27.8276;40.8151;164.6;-25.5916
29.6603;-27.8587;40.6921;164.8;-25.6227
29.4628;-27.8898;40.5696;165;-25.6538
29.2652;-27.9209;40.4478;165.2;-25.6849
29.0676;-27.952;40.3267;165.4;-25.716
28.8701;-27.9831;40.2061;165.6;-25.7471
28.6725;-28.0142;40.0862;165.8;-25.7782
28.4749;-28.0453;39.967;166;-25.8093
28.2773;-28.0764;39.8484;166.2;-25.8404
28.0798;-28.1075;39.7304;166.4;-25.8715
27.8822;-28.1386;39.6131;166.6;-25.9026
27.6846;-28.1697;39.4965;166.8;-25.9336
27.4871;-28.2008;39.3805;167;-25.9647
27.2895;-28.2319;39.2652;167.2;-25.9958
27.0919;-28.263;39.1506;167.4;-26.0269
26.8944;-28.2941;39.0367;167.6;-26.058
26.6968;-28.3252;38.9234;167.8;-26.0891
26.4992;-28.3562;38.8109;168;-26.1202
26.3017;-28.3873;38.6991;168.2;-26.1513
26.1041;-28.4184;38.588;168.4;-26.1824
25.9065;-28.4495;38.4776;168.6;-26.2135
25.709;-28.4806;38.3679;168.8;-26.2446
25.5114;-28.5117;38.259;169;-26.2757
25.3138;-28.5428;38.1508;169.2;-26.3068
25.1163;-28.5739;38.0433;169.4;-26.3379
24.9187;-28.605;37.9366;169.6;-26.369
24.7211;-28.6361;37.8307;169.8;-26.4001
24.5236;-28.6672;37.7255;170;-26.4312
24.326;-28.6983;37.6211;170.2;-26.4623
24.1284;-28.7294;37.5174;170.4;-26.4934
23.9309;-28.7605;37.4146;170.6;-26.5245
23.7333;-28.7916;37.3125;170.8;-26.5556
23.5357;-28.8227;37.2112;171;-26.5867
23.3382;-28.8538;37.1108;171.2;-26.6177
23.1406;-28.8849;37.0111;171.4;-26.6488
22.943;-28.916;36.9123;171.6;-26.6799
22.7454;-28.9471;36.8142;171.8;-26.711
22.5479;-28.9782;36.717;172;-26.7421
22.3503;-29.0093;36.6207;172.2;-26.7732
22.1527;-29.0403;36.5251;172.4;-26.8043
21.9552;-29.0714;36.4305;172.6;-26.8354
21.7576;-29.1025;36.3366;172.8;-26.8665
21.56;-29.1336;36.2437;173;-26.8976
21.3625;-29.1647;36.1516;173.2;-26.9287
21.1649;-29.1958;36.0604;173.4;-26.9598
20.9673;-29.2269;35.97;173.6;-26.9909
20.7698;-29.258;35.8806;173.8;-27.022
20.5722;-29.2891;35.792;174;-27.0531
20.3746;-29.3202;35.7043;174.2;-27.0842
20.1771;-29.3513;35.6176;174.4;-27.1153
19.9795;-29.3824;35.5318;174.6;-27.1464
19.7819;-29.4135;35.4468;174.8;-27.1775
19.5844;-29.4446;35.3629;175;-27.2086
19.3868;-29.4757;35.2798;175.2;-27.2397
19.1892;-29.5068;35.1977;175.4;-27.2708
18.9917;-29.5379;35.1165;175.6;-27.3019
18.7941;-29.569;35.0363;175.8;-27.3329
18.5965;-29.6001;34.957;176;-27.364
18.399;-29.6312;34.8788;176.2;-27.3951
18.2014;-29.6623;34.8014;176.4;-27.4262
18.0038;-29.6934;34.7251;176.6;-27.4573
17.8063;-29.7245;34.6498;176.8;-27.4884
17.6087;-29.7555;34.5754;177;-27.5195
17.4111;-29.7866;34.502;177.2;-27.5506
17.2135;-29.8177;34.4297;177.4;-27.5817
17.016;-29.8488;34.3584;177.6;-27.6128
16.8184;-29.8799;34.288;177.8;-27.6439
16.6208;-29.911;34.2187;178;-27.675
16.4233;-29.9421;34.1505;178.2;-27.7061
16.2257;-29.9732;34.0832;178.4;-27.7372

16.0281;29.9957;34.0094;178.6;-27.7683
15.8306;29.9646;33.8893;178.8;-27.7994
15.633;29.9335;33.7699;179;-27.8305
15.4354;29.9024;33.6512;179.2;-27.8616
15.2379;29.8713;33.5334;179.4;-27.8927
15.0403;29.8402;33.4163;179.6;-27.9238
14.8427;29.8091;33.3;179.8;-27.9549
14.6452;29.778;33.1845;180;-27.986
14.4476;29.7469;33.0698;180.2;-28.017
14.25;29.7158;32.9559;180.4;-28.0481
14.0525;29.6847;32.8429;180.6;-28.0792
13.8549;29.6536;32.7307;180.8;-28.1103
13.6573;29.6225;32.6193;181;-28.1414
13.4598;29.5914;32.5088;181.2;-28.1725
13.2622;29.5604;32.3991;181.4;-28.2036
13.0646;29.5293;32.2903;181.6;-28.2347
12.8671;29.4982;32.1823;181.8;-28.2658
12.6695;29.4671;32.0753;182;-28.2969
12.4719;29.436;31.9691;182.2;-28.328
12.2743;29.4049;31.8639;182.4;-28.3591
12.0768;29.3738;31.7595;182.6;-28.3902
11.8792;29.3427;31.6561;182.8;-28.4213
11.6816;29.3116;31.5536;183;-28.4524
11.4841;29.2805;31.452;183.2;-28.4835
11.2865;29.2494;31.3514;183.4;-28.5146
11.0889;29.2183;31.2518;183.6;-28.5457
10.8914;29.1872;31.1531;183.8;-28.5768
10.6938;29.1561;31.0554;184;-28.6079
10.4962;29.125;30.9586;184.2;-28.639
10.2987;29.0939;30.8629;184.4;-28.6701
10.1011;29.0628;30.7682;184.6;-28.7011
9.90354;29.0317;30.6744;184.8;-28.7322
9.70597;29.0006;30.5817;185;-28.7633
9.5084;28.9695;30.4901;185.2;-28.7944
9.31083;28.9384;30.3994;185.4;-28.8255
9.11326;28.9073;30.3098;185.6;-28.8566
8.9157;28.8763;30.2213;185.8;-28.8877
8.71813;28.8452;30.1338;186;-28.9188
8.52056;28.8141;30.0475;186.2;-28.9499
8.32299;28.783;29.9622;186.4;-28.981
8.12542;28.7519;29.878;186.6;-29.0121
7.92786;28.7208;29.7949;186.8;-29.0432
7.73029;28.6897;29.7129;187;-29.0743
7.53272;28.6586;29.632;187.2;-29.1054
7.33515;28.6275;29.5523;187.4;-29.1365
7.13758;28.5964;29.4737;187.6;-29.1676
6.94002;28.5653;29.3963;187.8;-29.1987
6.74245;28.5342;29.32;188;-29.2298
6.54488;28.5031;29.2449;188.2;-29.2609
6.34731;28.472;29.1709;188.4;-29.292
6.14975;28.4409;29.0982;188.6;-29.3231
5.95218;28.4098;29.0266;188.8;-29.3542
5.75461;28.3787;28.9563;189;-29.3852
5.55704;28.3476;28.8872;189.2;-29.4163
5.35947;28.3165;28.8193;189.4;-29.4474
5.16191;28.2854;28.7526;189.6;-29.4785
4.96434;28.2543;28.6871;189.8;-29.5096
4.76677;28.2232;28.623;190;-29.5407
4.5692;28.1922;28.56;190.2;-29.5718
4.37163;28.1611;28.4984;190.4;-29.6029
4.17407;28.13;28.438;190.6;-29.634
3.9765;28.0989;28.3788;190.8;-29.6651
3.77893;28.0678;28.321;191;-29.6962
3.58136;28.0367;28.2645;191.2;-29.7273
3.38379;28.0056;28.2093;191.4;-29.7584
3.18623;27.9745;28.1553;191.6;-29.7895
2.98866;27.9434;28.1028;191.8;-29.8206
2.79109;27.9123;28.0515;192;-29.8517
2.59352;27.8812;28.0016;192.2;-29.8828
2.39596;27.8501;27.953;192.4;-29.9139
2.19839;27.819;27.9057;192.6;-29.945
2.00082;27.7879;27.8598;192.8;-29.9761
1.80325;27.7568;27.8153;193;-30.0072
1.60568;27.7257;27.7722;193.2;-30.0383
1.40812;27.6946;27.7304;193.4;-30.0693
1.21055;27.6635;27.69;193.6;-30.1004
1.01298;27.6324;27.651;193.8;-30.1315
0.815412;27.6013;27.6134;194;-30.1626
0.617844;27.5702;27.5772;194.2;-30.1937
0.420276;27.5391;27.5424;194.4;-30.2248
0.222709;27.508;27.509;194.6;-30.2559
0.0251407;27.477;27.477;194.8;-30.287
-0.172427;27.4459;27.4464;195;-30.3181
-0.369995;27.4148;27.4173;195.2;-30.3492
-0.567563;27.3837;27.3895;195.4;-30.3803
-0.765131;27.3526;27.3633;195.6;-30.4114
-0.962699;27.3215;27.3384;195.8;-30.4425
-1.16027;27.2904;27.315;196;-30.4736
-1.35783;27.2593;27.2931;196.2;-30.5047
-1.5554;27.2282;27.2726;196.4;-30.5358
-1.75297;27.1971;27.2535;196.6;-30.5669
-1.95054;27.166;27.2359;196.8;-30.598
-2.14811;27.1349;27.2198;197;-30.6291
-2.34567;27.1038;27.2051;197.2;-30.6602
-2.54324;27.0727;27.1919;197.4;-30.6913
-2.74081;27.0416;27.1802;197.6;-30.7224
-2.93838;27.0105;27.1699;197.8;-30.7535
-3.13595;26.9794;27.1611;198;-30.7845
-3.33351;26.9483;27.1537;198.2;-30.8156
-3.53108;26.9172;27.1479;198.4;-30.8467
-3.72865;26.8861;27.1435;198.6;-30.8778
-3.92622;26.855;27.1405;198.8;-30.9089
-4.12378;26.8239;27.1391;199;-30.94
-4.32135;26.7929;27.1391;199.2;-30.9711
-4.51892;26.7618;27.1406;199.4;-31.0022
-4.71649;26.7307;27.1436;199.6;-31.0333
-4.91406;26.6996;27.148;199.8;-31.0644
-5.11162;26.6685;27.1539;200;-31.0955
-5.30919;26.6374;27.1613;200.2;-31.1266
-5.50676;26.6063;27.1702;200.4;-31.1577
-5.70433;26.5752;27.1805;200.6;-31.1888
-5.9019;26.5441;27.1923;200.8;-31.2199
-6.09946;26.513;27.2056;201;-31.251
-6.29703;26.4819;27.2203;201.2;-31.2821
-6.4946;26.4508;27.2365;201.4;-31.3132
-6.69217;26.4197;27.2541;201.6;-31.3443
-6.88974;26.3886;27.2732;201.8;-31.3754
-7.0873;26.3575;27.2937;202;-31.4065
-7.28487;26.3264;27.3157;202.2;-31.4376
-7.48244;26.2953;27.3392;202.4;-31.4686
-7.68001;26.2642;27.3641;202.6;-31.4997
-7.87757;26.2331;27.3904;202.8;-31.5308
-8.07514;26.202;27.4181;203;-31.5619
-8.27271;26.1709;27.4473;203.2;-31.593
-8.47028;26.1398;27.4779;203.4;-31.6241
-8.66785;26.1088;27.51;203.6;-31.6552
-8.86541;26.0777;27.5434;203.8;-31.6863
-9.06298;26.0466;27.5783;204;-31.7174
-9.26055;26.0155;27.6145;204.2;-31.7485
-9.45812;25.9844;27.6522;204.4;-31.7796
-9.65569;25.9533;27.6912;204.6;-31.8107
-9.85325;25.9222;27.7317;204.8;-31.8418
-10.0508;25.8911;27.7735;205;-31.8729
-10.2484;25.86;27.8167;205.2;-31.904
-10.446;25.8289;27.8613;205.4;-31.9351
-10.6435;25.7978;27.9072;205.6;-31.9662
-10.8411;25.7667;27.9545;205.8;-31.9973
-11.0387;25.7356;28.0031;206;-32.0284
-11.2362;25.7045;28.0531;206.2;-32.0595
-11.4338;25.6734;28.1044;206.4;-32.0906
-11.6314;25.6423;28.157;206.6;-32.1217
-11.8289;25.6112;28.211;206.8;-32.1527
-12.0265;25.5801;28.2662;207;-32.1838
-12.2241;25.549;28.3228;207.2;-32.2149
-12.4216;25.5179;28.3807;207.4;-32.246
-12.6192;25.4868;28.4398;207.6;-32.2771
-12.8168;25.4557;28.5003;207.8;-32.3082
-13.0143;25.4247;28.562;208;-32.3393
-13.2119;25.3936;28.6249;208.2;-32.3704
-13.4095;25.3625;28.6892;208.4;-32.4015
-13.607;25.3314;28.7546;208.6;-32.4326
-13.8046;25.3003;28.8214;208.8;-32.4637
-14.0022;25.2692;28.8893;209;-32.4948
-14.1997;25.2381;28.9585;209.2;-32.5259
-14.3973;25.207;29.0289;209.4;-32.557
-14.5949;25.1759;29.1004;209.6;-32.5881
-14.7925;25.1448;29.1732;209.8;-32.6192
-14.99;25.1137;29.2472;210;-32.6503
-15.1876;25.0826;29.3223;210.2;-32.6814
-15.3852;25.0515;29.3987;210.4;-32.7125
-15.5827;25.0204;29.4761;210.6;-32.7436
-15.7803;24.9893;29.5548;210.8;-32.7747
-15.9779;24.9582;29.6345;211;-32.8058
-16.1754;24.9271;29.7154;211.2;-32.8368
-16.373;24.896;29.7974;211.4;-32.8679
-16.5706;24.8649;29.8806;211.6;-32.899
-16.7681;24.8338;29.9648;211.8;-32.9301
-16.9657;24.8027;30.0501;212;-32.9612
-17.1633;24.7716;30.1366;212.2;-32.9923
-17.3608;24.7405;30.2241;212.4;-33.0234
-17.5584;24.7095;30.3126;212.6;-33.0545
-17.756;24.6784;30.4022;212.8;-33.0856
-17.9535;24.6473;30.4929;213;-33.1167
-18.1511;24.6162;30.5846;213.2;-33.1478
-18.3487;24.5851;30.6773;213.4;-33.1789
-18.5462;24.554;30.7711;213.6;-33.21
-18.7438;24.5229;30.8659;213.8;-33.2411
-18.9414;24.4918;30.9616;214;-33.2722
-19.1389;24.4607;31.0584;214.2;-33.3033
-19.3365;24.4296;31.1562;214.4;-33.3344
-19.5341;24.3985;31.2549;214.6;-33.3655
-19.7316;24.3674;31.3546;214.8;-33.3966
-19.9292;24.3363;31.4552;215;-33.4277
-20.1268;24.3052;31.5568;215.2;-33.4588
-20.3244;24.2741;31.6593;215.4;-33.4899
-20.5219;24.243;31.7628;215.6;-33.521
-20.7195;24.2119;31.8671;215.8;-33.552
-20.9171;24.1808;31.9724;216;-33.5831
-21.1146;24.1497;32.0786;216.2;-33.6142
-21.3122;24.1186;32.1857;216.4;-33.6453
-21.5098;24.0875;32.2936;216.6;-33.6764
-21.7073;24.0564;32.4025;216.8;-33.7075
-21.9049;24.0254;32.5122;217;-33.7386
-22.1025;23.9943;32.6227;217.2;-33.7697
-22.3;23.9632;32.7341;217.4;-33.8008
-22.4976;23.9321;32.8464;217.6;-33.8319
-22.6952;23.901;32.9595;217.8;-33.863
-22.8927;23.8699;33.0734;218;-33.8941
-23.0903;23.8388;33.1881;218.2;-33.9252
-23.2879;23.8077;33.3036;218.4;-33.9563
-23.4854;23.7766;33.4199;218.6;-33.9874
-23.683;23.7455;33.537;218.8;-34.0185
-23.8806;23.7144;33.6549;219;-34.0496
-24.0781;23.6833;33.7736;219.2;-34.0807
-24.2757;23.6522;33.893;219.4;-34.1118
-24.4733;23.6211;34.0132;219.6;-34.1429
-24.6708;23.59;34.1341;219.8;-34.174
-24.8684;23.5589;34.2558;220;-34.2051
-25.066;23.5278;34.3782;220.2;-34.2361
-25.2635;23.4967;34.5014;220.4;-34.2672
-25.4611;23.4656;34.6252;220.6;-34.2983
-25.6587;23.4345;34.7498;220.8;-34.3294
-25.8563;23.4034;34.875;221;-34.3605
-26.0538;23.3723;35.001;221.2;-34.3916
-26.2514;23.3413;35.1276;221.4;-34.4227
-26.449;23.3102;35.2549;221.6;-34.4538
-26.6465;23.2791;35.3829;221.8;-34.4849
-26.8441;23.248;35.5116;222;-34.516
-27.0417;23.2169;35.6409;222.2;-34.5471
-27.2392;23.1858;35.7709;222.4;-34.5782
-27.4368;23.1547;35.9015;222.6;-34.6093
-27.6344;23.1236;36.0327;222.8;-34.6404
-27.8319;23.0925;36.1646;223;-34.6715
-28.0295;23.0614;36.2971;223.2;-34.7026
-28.2271;23.0303;36.4302;223.4;-34.7337
-28.4246;22.9992;36.564;223.6;-34.7648
-28.6222;22.9681;36.6983;223.8;-34.7959
-28.8198;22.937;36.8332;224;-34.827
-29.0173;22.9059;36.9687;224.2;-34.8581
-29.2149;22.8748;37.1048;224.4;-34.8892
-29.4125;22.8437;37.2415;224.6;-34.9202
-29.61;22.8126;37.3787;224.8;-34.9513
-29.8076;22.7815;37.5166;225;-34.9824

29.9948;22.7504;37.6467;225.2;-35.0135
29.7973;22.7193;37.4706;225.4;-35.0446
29.5997;22.6882;37.2947;225.6;-35.0757
29.4021;22.6572;37.1191;225.8;-35.1068
29.2046;22.6261;36.9438;226;-35.1379
29.007;22.595;36.7687;226.2;-35.169
28.8094;22.5639;36.5939;226.4;-35.2001
28.6118;22.5328;36.4193;226.6;-35.2312
28.4143;22.5017;36.245;226.8;-35.2623
28.2167;22.4706;36.0709;227;-35.2934
28.0191;22.4395;35.8971;227.2;-35.3245
27.8216;22.4084;35.7236;227.4;-35.3556
27.624;22.3773;35.5504;227.6;-35.3867
27.4264;22.3462;35.3774;227.8;-35.4178
27.2289;22.3151;35.2048;228;-35.4489
27.0313;22.284;35.0324;228.2;-35.48
26.8337;22.2529;34.8603;228.4;-35.5111
26.6362;22.2218;34.6885;228.6;-35.5422
26.4386;22.1907;34.5171;228.8;-35.5733
26.241;22.1596;34.3459;229;-35.6043
26.0435;22.1285;34.175;229.2;-35.6354
25.8459;22.0974;34.0045;229.4;-35.6665
25.6483;22.0663;33.8343;229.6;-35.6976
25.4508;22.0352;33.6644;229.8;-35.7287
25.2532;22.0041;33.4949;230;-35.7598
25.0556;21.9731;33.3257;230.2;-35.7909
24.8581;21.942;33.1568;230.4;-35.822
24.6605;21.9109;32.9883;230.6;-35.8531
24.4629;21.8798;32.8201;230.8;-35.8842
24.2654;21.8487;32.6523;231;-35.9153
24.0678;21.8176;32.4848;231.2;-35.9464
23.8702;21.7865;32.3178;231.4;-35.9775
23.6726;21.7554;32.1511;231.6;-36.0086
23.4751;21.7243;31.9847;231.8;-36.0397
23.2775;21.6932;31.8188;232;-36.0708
23.0799;21.6621;31.6533;232.2;-36.1019
22.8824;21.631;31.4881;232.4;-36.133
22.6848;21.5999;31.3234;232.6;-36.1641
22.4872;21.5688;31.1591;232.8;-36.1952
22.2897;21.5377;30.9952;233;-36.2263
22.0921;21.5066;30.8317;233.2;-36.2574
21.8945;21.4755;30.6687;233.4;-36.2884
21.697;21.4444;30.5061;233.6;-36.3195
21.4994;21.4133;30.3439;233.8;-36.3506
21.3018;21.3822;30.1822;234;-36.3817
21.1043;21.3511;30.021;234.2;-36.4128
20.9067;21.32;29.8602;234.4;-36.4439
20.7091;21.2889;29.7;234.6;-36.475
20.5116;21.2579;29.5402;234.8;-36.5061
20.314;21.2268;29.3808;235;-36.5372
20.1164;21.1957;29.222;235.2;-36.5683
19.9189;21.1646;29.0637;235.4;-36.5994
19.7213;21.1335;28.9059;235.6;-36.6305
19.5237;21.1024;28.7487;235.8;-36.6616
19.3262;21.0713;28.5919;236;-36.6927
19.1286;21.0402;28.4358;236.2;-36.7238
18.931;21.0091;28.2801;236.4;-36.7549
18.7335;20.978;28.1251;236.6;-36.786
18.5359;20.9469;27.9705;236.8;-36.8171
18.3383;20.9158;27.8166;237;-36.8482
18.1407;20.8847;27.6633;237.2;-36.8793
17.9432;20.8536;27.5106;237.4;-36.9104
17.7456;20.8225;27.3584;237.6;-36.9415
17.548;20.7914;27.2069;237.8;-36.9726
17.3505;20.7603;27.0561;238;-37.0036
17.1529;20.7292;26.9058;238.2;-37.0347
16.9553;20.6981;26.7562;238.4;-37.0658
16.7578;20.667;26.6073;238.6;-37.0969
16.5602;20.6359;26.4591;238.8;-37.128
16.3626;20.6048;26.3115;239;-37.1591
16.1651;20.5738;26.1646;239.2;-37.1902
15.9675;20.5427;26.0185;239.4;-37.2213
15.7699;20.5116;25.8731;239.6;-37.2524
15.5724;20.4805;25.7284;239.8;-37.2835
15.3748;20.4494;25.5844;240;-37.3146
15.1772;20.4183;25.4412;240.2;-37.3457
14.9797;20.3872;25.2988;240.4;-37.3768
14.7821;20.3561;25.1571;240.6;-37.4079
14.5845;20.325;25.0163;240.8;-37.439
14.387;20.2939;24.8762;241;-37.4701
14.1894;20.2628;24.737;241.2;-37.5012
13.9918;20.2317;24.5986;241.4;-37.5323
13.7943;20.2006;24.4611;241.6;-37.5634
13.5967;20.1695;24.3245;241.8;-37.5945
13.3991;20.1384;24.1887;242;-37.6256
13.2016;20.1073;24.0538;242.2;-37.6567
13.004;20.0762;23.9198;242.4;-37.6877
12.8064;20.0451;23.7868;242.6;-37.7188
12.6088;20.014;23.6547;242.8;-37.7499
12.4113;19.9829;23.5236;243;-37.781
12.2137;19.9518;23.3934;243.2;-37.8121
12.0161;19.9207;23.2642;243.4;-37.8432
11.8186;19.8897;23.1361;243.6;-37.8743
11.621;19.8586;23.0089;243.8;-37.9054
11.4234;19.8275;22.8828;244;-37.9365
11.2259;19.7964;22.7578;244.2;-37.9676
11.0283;19.7653;22.6338;244.4;-37.9987
10.8307;19.7342;22.5109;244.6;-38.0298
10.6332;19.7031;22.3892;244.8;-38.0609
10.4356;19.672;22.2686;245;-38.092
10.238;19.6409;22.1491;245.2;-38.1231
10.0405;19.6098;22.0308;245.4;-38.1542
9.8429;19.5787;21.9136;245.6;-38.1853
9.64533;19.5476;21.7977;245.8;-38.2164
9.44776;19.5165;21.683;246;-38.2475
9.25019;19.4854;21.5696;246.2;-38.2786
9.05263;19.4543;21.4574;246.4;-38.3097
8.85506;19.4232;21.3465;246.6;-38.3408
8.65749;19.3921;21.2369;246.8;-38.3718
8.45992;19.361;21.1286;247;-38.4029
8.26235;19.3299;21.0217;247.2;-38.434
8.06479;19.2988;20.9162;247.4;-38.4651
7.86722;19.2677;20.812;247.6;-38.4962
7.66965;19.2366;20.7092;247.8;-38.5273
7.47208;19.2056;20.6079;248;-38.5584
7.27451;19.1745;20.508;248.2;-38.5895
7.07695;19.1434;20.4096;248.4;-38.6206
6.87938;19.1123;20.3127;248.6;-38.6517
6.68181;19.0812;20.2173;248.8;-38.6828
6.48424;19.0501;20.1234;249;-38.7139
6.28668;19.019;20.0311;249.2;-38.745
6.08911;18.9879;19.9403;249.4;-38.7761
5.89154;18.9568;19.8512;249.6;-38.8072
5.69397;18.9257;19.7637;249.8;-38.8383
5.4964;18.8946;19.6778;250;-38.8694
5.29884;18.8635;19.5936;250.2;-38.9005
5.10127;18.8324;19.5111;250.4;-38.9316
4.9037;18.8013;19.4303;250.6;-38.9627
4.70613;18.7702;19.3512;250.8;-38.9938
4.50856;18.7391;19.2739;251;-39.0249
4.311;18.708;19.1983;251.2;-39.0559
4.11343;18.6769;19.1245;251.4;-39.087
3.91586;18.6458;19.0526;251.6;-39.1181
3.71829;18.6147;18.9825;251.8;-39.1492
3.52073;18.5836;18.9142;252;-39.1803
3.32316;18.5525;18.8478;252.2;-39.2114
3.12559;18.5214;18.7833;252.4;-39.2425
2.92802;18.4904;18.7208;252.6;-39.2736
2.73045;18.4593;18.6601;252.8;-39.3047
2.53289;18.4282;18.6014;253;-39.3358
2.33532;18.3971;18.5447;253.2;-39.3669
2.13775;18.366;18.49;253.4;-39.398
1.94018;18.3349;18.4372;253.6;-39.4291
1.74261;18.3038;18.3865;253.8;-39.4602
1.54505;18.2727;18.3379;254;-39.4913
1.34748;18.2416;18.2913;254.2;-39.5224
1.14991;18.2105;18.2468;254.4;-39.5535
0.952343;18.1794;18.2043;254.6;-39.5846
0.754775;18.1483;18.164;254.8;-39.6157
0.557207;18.1172;18.1258;255;-39.6468
0.359639;18.0861;18.0897;255.2;-39.6779
0.162071;18.055;18.0557;255.4;-39.709
-0.0354968;18.0239;18.024;255.6;-39.7401
-0.233065;17.9928;17.9943;255.8;-39.7711
-0.430633;17.9617;17.9669;256;-39.8022
-0.6282;17.9306;17.9416;256.2;-39.8333
-0.825768;17.8995;17.9186;256.4;-39.8644
-1.02334;17.8684;17.8977;256.6;-39.8955
-1.2209;17.8373;17.8791;256.8;-39.9266
-1.41847;17.8063;17.8627;257;-39.9577
-1.61604;17.7752;17.8485;257.2;-39.9888
-1.81361;17.7441;17.8365;257.4;-40.0199
-2.01118;17.713;17.8268;257.6;-40.051
-2.20874;17.6819;17.8193;257.8;-40.0821
-2.40631;17.6508;17.814;258;-40.1132
-2.60388;17.6197;17.811;258.2;-40.1443
-2.80145;17.5886;17.8103;258.4;-40.1754
-2.99902;17.5575;17.8118;258.6;-40.2065
-3.19658;17.5264;17.8155;258.8;-40.2376
-3.39415;17.4953;17.8215;259;-40.2687
-3.59172;17.4642;17.8297;259.2;-40.2998
-3.78929;17.4331;17.8402;259.4;-40.3309
-3.98685;17.402;17.8529;259.6;-40.362
-4.18442;17.3709;17.8678;259.8;-40.3931
-4.38199;17.3398;17.8849;260;-40.4242
-4.57956;17.3087;17.9043;260.2;-40.4552
-4.77713;17.2776;17.9259;260.4;-40.4863
-4.97469;17.2465;17.9497;260.6;-40.5174
-5.17226;17.2154;17.9756;260.8;-40.5485
-5.36983;17.1843;18.0038;261;-40.5796
-5.5674;17.1532;18.0341;261.2;-40.6107
-5.76497;17.1222;18.0666;261.4;-40.6418
-5.96253;17.0911;18.1013;261.6;-40.6729
-6.1601;17.06;18.1381;261.8;-40.704
-6.35767;17.0289;18.177;262;-40.7351
-6.55524;16.9978;18.218;262.2;-40.7662
-6.7528;16.9667;18.2611;262.4;-40.7973
-6.95037;16.9356;18.3063;262.6;-40.8284
-7.14794;16.9045;18.3536;262.8;-40.8595
-7.34551;16.8734;18.4029;263;-40.8906
-7.54308;16.8423;18.4543;263.2;-40.9217
-7.74064;16.8112;18.5077;263.4;-40.9528
-7.93821;16.7801;18.5631;263.6;-40.9839
-8.13578;16.749;18.6204;263.8;-41.015
-8.33335;16.7179;18.6798;264;-41.0461
-8.53092;16.6868;18.741;264.2;-41.0772
-8.72848;16.6557;18.8042;264.4;-41.1083
-8.92605;16.6246;18.8694;264.6;-41.1393
-9.12362;16.5935;18.9364;264.8;-41.1704
-9.32119;16.5624;19.0052;265;-41.2015
-9.51876;16.5313;19.0759;265.2;-41.2326
-9.71632;16.5002;19.1485;265.4;-41.2637
-9.91389;16.4691;19.2229;265.6;-41.2948
-10.1115;16.4381;19.299;265.8;-41.3259
-10.309;16.407;19.3769;266;-41.357
-10.5066;16.3759;19.4565;266.2;-41.3881
-10.7042;16.3448;19.5379;266.4;-41.4192
-10.9017;16.3137;19.621;266.6;-41.4503
-11.0993;16.2826;19.7058;266.8;-41.4814
-11.2969;16.2515;19.7922;267;-41.5125
-11.4944;16.2204;19.8802;267.2;-41.5436
-11.692;16.1893;19.9699;267.4;-41.5747
-11.8896;16.1582;20.0611;267.6;-41.6058
-12.0871;16.1271;20.154;267.8;-41.6369
-12.2847;16.096;20.2483;268;-41.668
-12.4823;16.0649;20.3442;268.2;-41.6991
-12.6798;16.0338;20.4417;268.4;-41.7302
-12.8774;16.0027;20.5406;268.6;-41.7613
-13.075;15.9716;20.6409;268.8;-41.7924
-13.2725;15.9405;20.7427;269;-41.8234
-13.4701;15.9094;20.846;269.2;-41.8545
-13.6677;15.8783;20.9506;269.4;-41.8856
-13.8652;15.8472;21.0566;269.6;-41.9167
-14.0628;15.8161;21.164;269.8;-41.9478
-14.2604;15.785;21.2727;270;-41.9789
-14.458;15.754;21.3827;270.2;-42.01
-14.6555;15.7229;21.494;270.4;-42.0411
-14.8531;15.6918;21.6066;270.6;-42.0722
-15.0507;15.6607;21.7205;270.8;-42.1033
-15.2482;15.6296;21.8356;271;-42.1344
-15.4458;15.5985;21.9519;271.2;-42.1655
-15.6434;15.5674;22.0694;271.4;-42.1966
-15.8409;15.5363;22.1881;271.6;-42.2277
-16.0385;15.5052;22.3079;271.8;-42.2588
-16.2361;15.4741;22.4289;272;-42.2899
-16.4336;15.443;22.5511;272.2;-42.321
-16.6312;15.4119;22.6743;272.4;-42.3521
-16.8288;15.3808;22.7986;272.6;-42.3832
-17.0263;15.3497;22.924;272.8;-42.4143
-17.2239;15.3186;23.0504;273;-42.4454
-17.4215;15.2875;23.1779;273.2;-42.4765
-17.619;15.2564;23.3064;273.4;-42.5076
-17.8166;15.2253;23.4359;273.6;-42.5386
-18.0142;15.1942;23.5664;273.8;-42.5697
-18.2117;15.1631;23.6979;274;-42.6008
-18.4093;15.132;23.8303;274.2;-42.6319
-18.6069;15.1009;23.9636;274.4;-42.663
-18.8044;15.0698;24.0979;274.6;-42.6941
-19.002;15.0388;24.233;274.8;-42.7252
-19.1996;15.0077;24.3691;275;-42.7563
-19.3971;14.9766;24.5061;275.2;-42.7874
-19.5947;14.9455;24.6439;275.4;-42.8185
-19.7923;14.9144;24.7825;275.6;-42.8496
-19.9899;14.8833;24.922;275.8;-42.8807
-20.1874;14.8522;25.0623;276;-42.9118
-20.385;14.8211;25.2034;276.2;-42.9429
-20.5826;14.79;25.3453;276.4;-42.974
-20.7801;14.7589;25.488;276.6;-43.0051
-20.9777;14.7278;25.6315;276.8;-43.0362
-21.1753;14.6967;25.7757;277;-43.0673
-21.3728;14.6656;25.9206;277.2;-43.0984
-21.5704;14.6345;26.0663;277.4;-43.1295
-21.768;14.6034;26.2127;277.6;-43.1606
-21.9655;14.5723;26.3598;277.8;-43.1917
-22.1631;14.5412;26.5076;278;-43.2227
-22.3607;14.5101;26.656;278.2;-43.2538
-22.5582;14.479;26.8052;278.4;-43.2849
-22.7558;14.4479;26.955;278.6;-43.316
-22.9534;14.4168;27.1054;278.8;-43.3471
-23.1509;14.3857;27.2565;279;-43.3782
-23.3485;14.3547;27.4082;279.2;-43.4093
-23.5461;14.3236;27.5605;279.4;-43.4404
-23.7436;14.2925;27.7134;279.6;-43.4715
-23.9412;14.2614;27.867;279.8;-43.5026
-24.1388;14.2303;28.0211;280;-43.5337
-24.3363;14.1992;28.1758;280.2;-43.5648
-24.5339;14.1681;28.331;280.4;-43.5959
-24.7315;14.137;28.4868;280.6;-43.627
-24.9291;14.1059;28.6432;280.8;-43.6581
-25.1266;14.0748;28.8001;281;-43.6892
-25.3242;14.0437;28.9576;281.2;-43.7203
-25.5218;14.0126;29.1155;281.4;-43.7514
-25.7193;13.9815;29.274;281.6;-43.7825
-25.9169;13.9504;29.433;281.8;-43.8136
-26.1145;13.9193;29.5924;282;-43.8447
-26.312;13.8882;29.7524;282.2;-43.8758
-26.5096;13.8571;29.9128;282.4;-43.9068
-26.7072;13.826;30.0738;282.6;-43.9379
-26.9047;13.7949;30.2352;282.8;-43.969
-27.1023;13.7638;30.397;283;-44.0001
-27.2999;13.7327;30.5593;283.2;-44.0312
-27.4974;13.7016;30.722;283.4;-44.0623
-27.695;13.6706;30.8852;283.6;-44.0934
-27.8926;13.6395;31.0488;283.8;-44.1245
-28.0901;13.6084;31.2129;284;-44.1556
-28.2877;13.5773;31.3773;284.2;-44.1867
-28.4853;13.5462;31.5422;284.4;-44.2178
-28.6828;13.5151;31.7075;284.6;-44.2489
-28.8804;13.484;31.8731;284.8;-44.28
-29.078;13.4529;32.0392;285;-44.3111
-29.2755;13.4218;32.2056;285.2;-44.3422
-29.4731;13.3907;32.3724;285.4;-44.3733
-29.6707;13.3596;32.5396;285.6;-44.4044
-29.8682;13.3285;32.7072;285.8;-44.4355

29.9342;13.2974;32.7548;286;-44.4666
29.7366;13.2663;32.5617;286.2;-44.4977
29.539;13.2352;32.3686;286.4;-44.5288
29.3415;13.2041;32.1756;286.6;-44.5599
29.1439;13.173;31.9827;286.8;-44.5909
28.9463;13.1419;31.79;287;-44.622
28.7488;13.1108;31.5972;287.2;-44.6531
28.5512;13.0797;31.4046;287.4;-44.6842
28.3536;13.0486;31.2121;287.6;-44.7153
28.1561;13.0175;31.0197;287.8;-44.7464
27.9585;12.9865;30.8274;288;-44.7775
27.7609;12.9554;30.6351;288.2;-44.8086
27.5634;12.9243;30.443;288.4;-44.8397
27.3658;12.8932;30.251;288.6;-44.8708
27.1682;12.8621;30.059;288.8;-44.9019
26.9707;12.831;29.8672;289;-44.933
26.7731;12.7999;29.6755;289.2;-44.9641
26.5755;12.7688;29.4839;289.4;-44.9952
26.378;12.7377;29.2924;289.6;-45.0263
26.1804;12.7066;29.101;289.8;-45.0574
25.9828;12.6755;28.9098;290;-45.0885
25.7853;12.6444;28.7186;290.2;-45.1196
25.5877;12.6133;28.5276;290.4;-45.1507
25.3901;12.5822;28.3367;290.6;-45.1818
25.1926;12.5511;28.146;290.8;-45.2129
24.995;12.52;27.9553;291;-45.244
24.7974;12.4889;27.7648;291.2;-45.275
24.5999;12.4578;27.5744;291.4;-45.3061
24.4023;12.4267;27.3842;291.6;-45.3372
24.2047;12.3956;27.1941;291.8;-45.3683
24.0071;12.3645;27.0042;292;-45.3994
23.8096;12.3334;26.8144;292.2;-45.4305
23.612;12.3023;26.6247;292.4;-45.4616
23.4144;12.2713;26.4352;292.6;-45.4927
23.2169;12.2402;26.2459;292.8;-45.5238
23.0193;12.2091;26.0567;293;-45.5549
22.8217;12.178;25.8676;293.2;-45.586
22.6242;12.1469;25.6788;293.4;-45.6171
22.4266;12.1158;25.4901;293.6;-45.6482
22.229;12.0847;25.3016;293.8;-45.6793
22.0315;12.0536;25.1132;294;-45.7104
21.8339;12.0225;24.9251;294.2;-45.7415
21.6363;11.9914;24.7371;294.4;-45.7726
21.4388;11.9603;24.5493;294.6;-45.8037
21.2412;11.9292;24.3617;294.8;-45.8348
21.0436;11.8981;24.1744;295;-45.8659
20.8461;11.867;23.9872;295.2;-45.897
20.6485;11.8359;23.8002;295.4;-45.9281
20.4509;11.8048;23.6134;295.6;-45.9592
20.2534;11.7737;23.4269;295.8;-45.9902
20.0558;11.7426;23.2406;296;-46.0213
19.8582;11.7115;23.0545;296.2;-46.0524
19.6607;11.6804;22.8686;296.4;-46.0835
19.4631;11.6493;22.683;296.6;-46.1146
19.2655;11.6182;22.4976;296.8;-46.1457
19.068;11.5872;22.3125;297;-46.1768
18.8704;11.5561;22.1277;297.2;-46.2079
18.6728;11.525;21.9431;297.4;-46.239
18.4752;11.4939;21.7588;297.6;-46.2701
18.2777;11.4628;21.5747;297.8;-46.3012
18.0801;11.4317;21.391;298;-46.3323
17.8825;11.4006;21.2075;298.2;-46.3634
17.685;11.3695;21.0244;298.4;-46.3945
17.4874;11.3384;20.8415;298.6;-46.4256
17.2898;11.3073;20.659;298.8;-46.4567
17.0923;11.2762;20.4768;299;-46.4878
16.8947;11.2451;20.2949;299.2;-46.5189
16.6971;11.214;20.1134;299.4;-46.55
16.4996;11.1829;19.9322;299.6;-46.5811
16.302;11.1518;19.7514;299.8;-46.6122
16.1044;11.1207;19.571;300;-46.6433
15.9069;11.0896;19.3909;300.2;-46.6743
15.7093;11.0585;19.2113;300.4;-46.7054
15.5117;11.0274;19.032;300.6;-46.7365
15.3142;10.9963;18.8532;300.8;-46.7676
15.1166;10.9652;18.6748;301;-46.7987
14.919;10.9341;18.4968;301.2;-46.8298
14.7215;10.9031;18.3193;301.4;-46.8609
14.5239;10.872;18.1423;301.6;-46.892
14.3263;10.8409;17.9657;301.8;-46.9231
14.1288;10.8098;17.7897;302;-46.9542
13.9312;10.7787;17.6141;302.2;-46.9853
13.7336;10.7476;17.4391;302.4;-47.0164
13.536;10.7165;17.2646;302.6;-47.0475
13.3385;10.6854;17.0907;302.8;-47.0786
13.1409;10.6543;16.9174;303;-47.1097
12.9433;10.6232;16.7446;303.2;-47.1408
12.7458;10.5921;16.5725;303.4;-47.1719
12.5482;10.561;16.401;303.6;-47.203
12.3506;10.5299;16.2301;303.8;-47.2341
12.1531;10.4988;16.06;304;-47.2652
11.9555;10.4677;15.8905;304.2;-47.2963
11.7579;10.4366;15.7217;304.4;-47.3274
11.5604;10.4055;15.5537;304.6;-47.3584
11.3628;10.3744;15.3864;304.8;-47.3895
11.1652;10.3433;15.22;305;-47.4206
10.9677;10.3122;15.0543;305.2;-47.4517
10.7701;10.2811;14.8895;305.4;-47.4828
10.5725;10.25;14.7256;305.6;-47.5139
10.375;10.219;14.5625;305.8;-47.545
10.1774;10.1879;14.4004;306;-47.5761
9.97983;10.1568;14.2393;306.2;-47.6072
9.78226;10.1257;14.0791;306.4;-47.6383
9.58469;10.0946;13.92;306.6;-47.6694
9.38712;10.0635;13.762;306.8;-47.7005
9.18956;10.0324;13.605;307;-47.7316
8.99199;10.0013;13.4492;307.2;-47.7627
8.79442;9.97019;13.2946;307.4;-47.7938
8.59685;9.93909;13.1412;307.6;-47.8249
8.39928;9.908;12.9891;307.8;-47.856
8.20172;9.8769;12.8383;308;-47.8871
8.00415;9.8458;12.6888;308.2;-47.9182
7.80658;9.81471;12.5408;308.4;-47.9493
7.60901;9.78361;12.3942;308.6;-47.9804
7.41145;9.75252;12.2491;308.8;-48.0115
7.21388;9.72142;12.1056;309;-48.0425
7.01631;9.69033;11.9637;309.2;-48.0736
6.81874;9.65923;11.8235;309.4;-48.1047
6.62117;9.62814;11.6851;309.6;-48.1358
6.42361;9.59704;11.5484;309.8;-48.1669
6.22604;9.56595;11.4136;310;-48.198
6.02847;9.53485;11.2808;310.2;-48.2291
5.8309;9.50375;11.1499;310.4;-48.2602
5.63333;9.47266;11.0211;310.6;-48.2913
5.43577;9.44156;10.8945;310.8;-48.3224
5.2382;9.41047;10.7701;311;-48.3535
5.04063;9.37937;10.648;311.2;-48.3846
4.84306;9.34828;10.5283;311.4;-48.4157
4.64549;9.31718;10.4111;311.6;-48.4468
4.44793;9.28609;10.2964;311.8;-48.4779
4.25036;9.25499;10.1843;312;-48.509
4.05279;9.22389;10.075;312.2;-48.5401
3.85522;9.1928;9.96847;312.4;-48.5712
3.65766;9.1617;9.86485;312.6;-48.6023
3.46009;9.13061;9.76423;312.8;-48.6334
3.26252;9.09951;9.6667;313;-48.6645
3.06495;9.06842;9.57236;313.2;-48.6956
2.86738;9.03732;9.4813;313.4;-48.7267
2.66982;9.00623;9.39362;313.6;-48.7577
2.47225;8.97513;9.3094;313.8;-48.7888
2.27468;8.94404;9.22876;314;-48.8199
2.07711;8.91294;9.15177;314.2;-48.851
1.87954;8.88184;9.07854;314.4;-48.8821
1.68198;8.85075;9.00915;314.6;-48.9132
1.48441;8.81965;8.9437;314.8;-48.9443
1.28684;8.78856;8.88227;315;-48.9754
1.08927;8.75746;8.82495;315.2;-49.0065
0.891705;8.72637;8.77181;315.4;-49.0376
0.694137;8.69527;8.72293;315.6;-49.0687
0.496569;8.66418;8.67839;315.8;-49.0998
0.299001;8.63308;8.63826;316;-49.1309
0.101434;8.60198;8.60258;316.2;-49.162
-0.0961343;8.57089;8.57143;316.4;-49.1931
-0.293702;8.53979;8.54484;316.6;-49.2242
-0.49127;8.5087;8.52287;316.8;-49.2553
-0.688838;8.4776;8.50554;317;-49.2864
-0.886406;8.44651;8.49289;317.2;-49.3175
-1.08397;8.41541;8.48494;317.4;-49.3486
-1.28154;8.38432;8.48169;317.6;-49.3797
-1.47911;8.35322;8.48316;317.8;-49.4108
-1.67668;8.32213;8.48935;318;-49.4418
-1.87425;8.29103;8.50023;318.2;-49.4729
-2.07181;8.25993;8.5158;318.4;-49.504
-2.26938;8.22884;8.53603;318.6;-49.5351
-2.46695;8.19774;8.56089;318.8;-49.5662
-2.66452;8.16665;8.59033;319;-49.5973
-2.86208;8.13555;8.62431;319.2;-49.6284
-3.05965;8.10446;8.66278;319.4;-49.6595
-3.25722;8.07336;8.70567;319.6;-49.6906
-3.45479;8.04227;8.75292;319.8;-49.7217
-3.65236;8.01117;8.80446;320;-49.7528
-3.84992;7.98007;8.86022;320.2;-49.7839
-4.04749;7.94898;8.92012;320.4;-49.815
-4.24506;7.91788;8.98406;320.6;-49.8461
-4.44263;7.88679;9.05198;320.8;-49.8772
-4.6402;7.85569;9.12378;321;-49.9083
-4.83776;7.8246;9.19936;321.2;-49.9394
-5.03533;7.7935;9.27864;321.4;-49.9705
-5.2329;7.76241;9.36153;321.6;-50.0016
-5.43047;7.73131;9.44792;321.8;-50.0327
-5.62804;7.70022;9.53772;322;-50.0638
-5.8256;7.66912;9.63084;322.2;-50.0949
-6.02317;7.63802;9.72718;322.4;-50.1259
-6.22074;7.60693;9.82665;322.6;-50.157
-6.41831;7.57583;9.92914;322.8;-50.1881
-6.61587;7.54474;10.0346;323;-50.2192
-6.81344;7.51364;10.1429;323.2;-50.2503
-7.01101;7.48255;10.2539;323.4;-50.2814
-7.20858;7.45145;10.3676;323.6;-50.3125
-7.40615;7.42036;10.4839;323.8;-50.3436
-7.60371;7.38926;10.6027;324;-50.3747
-7.80128;7.35816;10.7239;324.2;-50.4058
-7.99885;7.32707;10.8475;324.4;-50.4369
-8.19642;7.29597;10.9733;324.6;-50.468
-8.39399;7.26488;11.1012;324.8;-50.4991
-8.59155;7.23378;11.2313;325;-50.5302
-8.78912;7.20269;11.3634;325.2;-50.5613
-8.98669;7.17159;11.4975;325.4;-50.5924
-9.18426;7.1405;11.6335;325.6;-50.6235
-9.38183;7.1094;11.7712;325.8;-50.6546
-9.57939;7.07831;11.9108;326;-50.6857
-9.77696;7.04721;12.0521;326.2;-50.7168
-9.97453;7.01611;12.195;326.4;-50.7479
-10.1721;6.98502;12.3395;326.6;-50.779
-10.3697;6.95392;12.4855;326.8;-50.81
-10.5672;6.92283;12.633;327;-50.8411
-10.7648;6.89173;12.7819;327.2;-50.8722
-10.9624;6.86064;12.9322;327.4;-50.9033
-11.1599;6.82954;13.0838;327.6;-50.9344
-11.3575;6.79845;13.2368;327.8;-50.9655
-11.5551;6.76735;13.3909;328;-50.9966
-11.7526;6.73625;13.5463;328.2;-51.0277
-11.9502;6.70516;13.7028;328.4;-51.0588
-12.1478;6.67406;13.8604;328.6;-51.0899
-12.3453;6.64297;14.0191;328.8;-51.121
-12.5429;6.61187;14.1789;329;-51.1521
-12.7405;6.58078;14.3397;329.2;-51.1832
-12.938;6.54968;14.5014;329.4;-51.2143
-13.1356;6.51859;14.6641;329.6;-51.2454
-13.3332;6.48749;14.8277;329.8;-51.2765
-13.5308;6.4564;14.9922;330;-51.3076
-13.7283;6.4253;15.1575;330.2;-51.3387
-13.9259;6.3942;15.3237;330.4;-51.3698
-14.1235;6.36311;15.4907;330.6;-51.4009
-14.321;6.33201;15.6584;330.8;-51.432
-14.5186;6.30092;15.8269;331;-51.4631
-14.7162;6.26982;15.9961;331.2;-51.4942
-14.9137;6.23873;16.166;331.4;-51.5252
-15.1113;6.20763;16.3366;331.6;-51.5563
-15.3089;6.17654;16.5079;331.8;-51.5874
-15.5064;6.14544;16.6798;332;-51.6185
-15.704;6.11434;16.8523;332.2;-51.6496
-15.9016;6.08325;17.0254;332.4;-51.6807
-16.0991;6.05215;17.1991;332.6;-51.7118
-16.2967;6.02106;17.3734;332.8;-51.7429
-16.4943;5.98996;17.5482;333;-51.774
-16.6918;5.95887;17.7236;333.2;-51.8051
-16.8894;5.92777;17.8995;333.4;-51.8362
-17.087;5.89668;18.0758;333.6;-51.8673
-17.2845;5.86558;18.2527;333.8;-51.8984
-17.4821;5.83449;18.43;334;-51.9295
-17.6797;5.80339;18.6078;334.2;-51.9606
-17.8772;5.77229;18.786;334.4;-51.9917
-18.0748;5.7412;18.9647;334.6;-52.0228
-18.2724;5.7101;19.1438;334.8;-52.0539
-18.4699;5.67901;19.3233;335;-52.085
-18.6675;5.64791;19.5032;335.2;-52.1161
-18.8651;5.61682;19.6835;335.4;-52.1472
-19.0627;5.58572;19.8642;335.6;-52.1783
-19.2602;5.55463;20.0452;335.8;-52.2093
-19.4578;5.52353;20.2266;336;-52.2404
-19.6554;5.49243;20.4083;336.2;-52.2715
-19.8529;5.46134;20.5904;336.4;-52.3026
-20.0505;5.43024;20.7728;336.6;-52.3337
-20.2481;5.39915;20.9555;336.8;-52.3648
-20.4456;5.36805;21.1386;337;-52.3959
-20.6432;5.33696;21.3219;337.2;-52.427
-20.8408;5.30586;21.5056;337.4;-52.4581
-21.0383;5.27477;21.6895;337.6;-52.4892
-21.2359;5.24367;21.8737;337.8;-52.5203
-21.4335;5.21258;22.0582;338;-52.5514
-21.631;5.18148;22.243;338.2;-52.5825
-21.8286;5.15038;22.428;338.4;-52.6136
-22.0262;5.11929;22.6133;338.6;-52.6447
-22.2237;5.08819;22.7988;338.8;-52.6758
-22.4213;5.0571;22.9845;339;-52.7069
-22.6189;5.026;23.1705;339.2;-52.738
-22.8164;4.99491;23.3568;339.4;-52.7691
-23.014;4.96381;23.5432;339.6;-52.8002
-23.2116;4.93272;23.7299;339.8;-52.8313
-23.4091;4.90162;23.9168;340;-52.8624
-23.6067;4.87052;24.1039;340.2;-52.8934
-23.8043;4.83943;24.2912;340.4;-52.9245
-24.0018;4.80833;24.4787;340.6;-52.9556
-24.1994;4.77724;24.6665;340.8;-52.9867
-24.397;4.74614;24.8544;341;-53.0178
-24.5946;4.71505;25.0424;341.2;-53.0489
-24.7921;4.68395;25.2307;341.4;-53.08
-24.9897;4.65286;25.4192;341.6;-53.1111
-25.1873;4.62176;25.6078;341.8;-53.1422
-25.3848;4.59067;25.7966;342;-53.1733
-25.5824;4.55957;25.9855;342.2;-53.2044
-25.78;4.52847;26.1747;342.4;-53.2355
-25.9775;4.49738;26.364;342.6;-53.2666
-26.1751;4.46628;26.5534;342.8;-53.2977
-26.3727;4.43519;26.743;343;-53.3288
-26.5702;4.40409;26.9328;343.2;-53.3599
-26.7678;4.373;27.1227;343.4;-53.391
-26.9654;4.3419;27.3127;343.6;-53.4221
-27.1629;4.31081;27.5029;343.8;-53.4532
-27.3605;4.27971;27.6932;344;-53.4843
-27.5581;4.24861;27.8837;344.2;-53.5154
-27.7556;4.21752;28.0742;344.4;-53.5465
-27.9532;4.18642;28.265;344.6;-53.5775
-28.1508;4.15533;28.4558;344.8;-53.6086
-28.3483;4.12423;28.6468;345;-53.6397
-28.5459;4.09314;28.8379;345.2;-53.6708
-28.7435;4.06204;29.0291;345.4;-53.7019
-28.941;4.03095;29.2204;345.6;-53.733
-29.1386;3.99985;29.4119;345.8;-53.7641
-29.3362;3.96876;29.6034;346;-53.7952
-29.5337;3.93766;29.7951;346.2;-53.8263
-29.7313;3.90656;29.9869;346.4;-53.8574
-29.9289;3.87547;30.1788;346.6;-53.8885

29.8735;3.84437;30.1199;346.8;-53.9196
29.676;3.81328;29.92;347;-53.9507
29.4784;3.78218;29.7201;347.2;-53.9818
29.2808;3.75109;29.5201;347.4;-54.0129
29.0833;3.71999;29.3202;347.6;-54.044
28.8857;3.6889;29.1203;347.8;-54.0751
28.6881;3.6578;28.9204;348;-54.1062
28.4906;3.6267;28.7205;348.2;-54.1373
28.293;3.59561;28.5206;348.4;-54.1684
28.0954;3.56451;28.3207;348.6;-54.1995
27.8979;3.53342;28.1207;348.8;-54.2306
27.7003;3.50232;27.9208;349;-54.2616
27.5027;3.47123;27.7209;349.2;-54.2927
27.3052;3.44013;27.521;349.4;-54.3238
27.1076;3.40904;27.3211;349.6;-54.3549
26.91;3.37794;27.1212;349.8;-54.386
26.7125;3.34685;26.9213;350;-54.4171
26.5149;3.31575;26.7214;350.2;-54.4482
26.3173;3.28465;26.5215;350.4;-54.4793
26.1198;3.25356;26.3216;350.6;-54.5104
25.9222;3.22246;26.1217;350.8;-54.5415
25.7246;3.19137;25.9218;351;-54.5726
25.5271;3.16027;25.7219;351.2;-54.6037
25.3295;3.12918;25.522;351.4;-54.6348
25.1319;3.09808;25.3222;351.6;-54.6659
24.9343;3.06699;25.1223;351.8;-54.697
24.7368;3.03589;24.9224;352;-54.7281
24.5392;3.00479;24.7225;352.2;-54.7592
24.3416;2.9737;24.5226;352.4;-54.7903
24.1441;2.9426;24.3227;352.6;-54.8214
23.9465;2.91151;24.1229;352.8;-54.8525
23.7489;2.88041;23.923;353;-54.8836
23.5514;2.84932;23.7231;353.2;-54.9147
23.3538;2.81822;23.5232;353.4;-54.9458
23.1562;2.78713;23.3234;353.6;-54.9768
22.9587;2.75603;23.1235;353.8;-55.0079
22.7611;2.72494;22.9236;354;-55.039
22.5635;2.69384;22.7238;354.2;-55.0701
22.366;2.66274;22.5239;354.4;-55.1012
22.1684;2.63165;22.3241;354.6;-55.1323
21.9708;2.60055;22.1242;354.8;-55.1634
21.7733;2.56946;21.9243;355;-55.1945
21.5757;2.53836;21.7245;355.2;-55.2256
21.3781;2.50727;21.5247;355.4;-55.2567
21.1806;2.47617;21.3248;355.6;-55.2878
20.983;2.44508;21.125;355.8;-55.3189
20.7854;2.41398;20.9251;356;-55.35
20.5879;2.38288;20.7253;356.2;-55.3811
20.3903;2.35179;20.5255;356.4;-55.4122
20.1927;2.32069;20.3256;356.6;-55.4433
19.9952;2.2896;20.1258;356.8;-55.4744
19.7976;2.2585;19.926;357;-55.5055
19.6;2.22741;19.7262;357.2;-55.5366
19.4024;2.19631;19.5264;357.4;-55.5677
19.2049;2.16522;19.3266;357.6;-55.5988
19.0073;2.13412;19.1267;357.8;-55.6299
18.8097;2.10303;18.9269;358;-55.6609
18.6122;2.07193;18.7271;358.2;-55.692
18.4146;2.04083;18.5274;358.4;-55.7231
18.217;2.00974;18.3276;358.6;-55.7542
18.0195;1.97864;18.1278;358.8;-55.7853
17.8219;1.94755;17.928;359;-55.8164
17.6243;1.91645;17.7282;359.2;-55.8475
17.4268;1.88536;17.5285;359.4;-55.8786
17.2292;1.85426;17.3287;359.6;-55.9097
17.0316;1.82317;17.1289;359.8;-55.9408
16.8341;1.79207;16.9292;360;-55.9719
16.6365;1.76097;16.7294;360.2;-56.003
16.4389;1.72988;16.5297;360.4;-56.0341
16.2414;1.69878;16.33;360.6;-56.0652
16.0438;1.66769;16.1302;360.8;-56.0963
15.8462;1.63659;15.9305;361;-56.1274
15.6487;1.6055;15.7308;361.2;-56.1585
15.4511;1.5744;15.5311;361.4;-56.1896
15.2535;1.54331;15.3314;361.6;-56.2207
15.056;1.51221;15.1317;361.8;-56.2518
14.8584;1.48112;14.932;362;-56.2829
14.6608;1.45002;14.7324;362.2;-56.314
14.4633;1.41892;14.5327;362.4;-56.345
14.2657;1.38783;14.333;362.6;-56.3761
14.0681;1.35673;14.1334;362.8;-56.4072
13.8705;1.32564;13.9338;363;-56.4383
13.673;1.29454;13.7341;363.2;-56.4694
13.4754;1.26345;13.5345;363.4;-56.5005
13.2778;1.23235;13.3349;363.6;-56.5316
13.0803;1.20126;13.1353;363.8;-56.5627
12.8827;1.17016;12.9357;364;-56.5938
12.6851;1.13906;12.7362;364.2;-56.6249
12.4876;1.10797;12.5366;364.4;-56.656
12.29;1.07687;12.3371;364.6;-56.6871
12.0924;1.04578;12.1376;364.8;-56.7182
11.8949;1.01468;11.9381;365;-56.7493
11.6973;0.983587;11.7386;365.2;-56.7804
11.4997;0.952492;11.5391;365.4;-56.8115
11.3022;0.921396;11.3397;365.6;-56.8426
11.1046;0.890301;11.1402;365.8;-56.8737
10.907;0.859205;10.9408;366;-56.9048
10.7095;0.82811;10.7414;366.2;-56.9359
10.5119;0.797014;10.5421;366.4;-56.967
10.3143;0.765919;10.3427;366.6;-56.9981
10.1168;0.734823;10.1434;366.8;-57.0291
9.91919;0.703727;9.94412;367;-57.0602
9.72162;0.672632;9.74486;367.2;-57.0913
9.52405;0.641536;9.54564;367.4;-57.1224
9.32649;0.610441;9.34644;367.6;-57.1535
9.12892;0.579345;9.14728;367.8;-57.1846
8.93135;0.54825;8.94816;368;-57.2157
8.73378;0.517154;8.74908;368.2;-57.2468
8.53622;0.486059;8.55004;368.4;-57.2779
8.33865;0.454963;8.35105;368.6;-57.309
8.14108;0.423868;8.15211;368.8;-57.3401
7.94351;0.392772;7.95322;369;-57.3712
7.74594;0.361677;7.75438;369.2;-57.4023
7.54838;0.330581;7.55561;369.4;-57.4334
7.35081;0.299486;7.35691;369.6;-57.4645
7.15324;0.26839;7.15827;369.8;-57.4956
6.95567;0.237295;6.95972;370;-57.5267
6.7581;0.206199;6.76125;370.2;-57.5578
6.56054;0.175104;6.56287;370.4;-57.5889
6.36297;0.144008;6.3646;370.6;-57.62
6.1654;0.112913;6.16643;370.8;-57.6511
5.96783;0.0818175;5.96839;371;-57.6822
5.77026;0.050722;5.77049;371.2;-57.7133
5.5727;0.0196265;5.57273;371.4;-57.7443
5.37513;-0.011469;5.37514;371.6;-57.7754
5.17756;-0.0425645;5.17774;371.8;-57.8065
4.97999;-0.07366;4.98054;372;-57.8376
4.78243;-0.104756;4.78357;372.2;-57.8687
4.58486;-0.135851;4.58687;372.4;-57.8998
4.38729;-0.166947;4.39046;372.6;-57.9309
4.18972;-0.198042;4.1944;372.8;-57.962
3.99215;-0.229138;3.99872;373;-57.9931
3.79459;-0.260233;3.8035;373.2;-58.0242
3.59702;-0.291329;3.6088;373.4;-58.0553
3.39945;-0.322424;3.41471;373.6;-58.0864
3.20188;-0.35352;3.22134;373.8;-58.1175
3.00431;-0.384615;3.02883;374;-58.1486
2.80675;-0.415711;2.83737;374.2;-58.1797
2.60918;-0.446806;2.64716;374.4;-58.2108
2.41161;-0.477902;2.45851;374.6;-58.2419
2.21404;-0.508997;2.2718;374.8;-58.273
2.01647;-0.540093;2.08755;375;-58.3041
1.81891;-0.571188;1.90648;375.2;-58.3352
1.62134;-0.602284;1.72959;375.4;-58.3663
1.42377;-0.633379;1.5583;375.6;-58.3974
1.2262;-0.664475;1.39467;375.8;-58.4284
1.02864;-0.69557;1.24174;376;-58.4595
0.831068;-0.726666;1.10395;376.2;-58.4906
0.6335;-0.757761;0.987686;376.4;-58.5217
0.435932;-0.788857;0.901294;376.6;-58.5528
0.238364;-0.819952;0.853896;376.8;-58.5839
0.040796;-0.851048;0.852025;377;-58.615
-0.156772;-0.882143;0.895965;377.2;-58.6461
-0.35434;-0.913239;0.979572;377.4;-58.6772
-0.551908;-0.944334;1.09379;377.6;-58.7083
-0.749476;-0.97543;1.23011;377.8;-58.7394
-0.947043;-1.00653;1.38202;378;-58.7705
-1.14461;-1.03762;1.54492;378.2;-58.8016
-1.34218;-1.06872;1.71569;378.4;-58.8327
-1.53975;-1.09981;1.8922;378.6;-58.8638
-1.73731;-1.13091;2.07297;378.8;-58.8949
-1.93488;-1.162;2.25699;379;-58.926
-2.13245;-1.1931;2.44353;379.2;-58.9571
-2.33002;-1.22419;2.63204;379.4;-58.9882
-2.52759;-1.25529;2.82213;379.6;-59.0193
-2.72515;-1.28638;3.01351;379.8;-59.0504
-2.92272;-1.31748;3.20594;380;-59.0815
-3.12029;-1.34858;3.39925;380.2;-59.1125
-3.31786;-1.37967;3.59328;380.4;-59.1436
-3.51543;-1.41077;3.78794;380.6;-59.1747
-3.71299;-1.44186;3.98313;380.8;-59.2058
-3.91056;-1.47296;4.17877;381;-59.2369
-4.10813;-1.50405;4.3748;381.2;-59.268
-4.3057;-1.53515;4.57118;381.4;-59.2991
-4.50327;-1.56624;4.76786;381.6;-59.3302
-4.70083;-1.59734;4.96481;381.8;-59.3613
-4.8984;-1.62844;5.16199;382;-59.3924
-5.09597;-1.65953;5.35938;382.2;-59.4235
-5.29354;-1.69063;5.55696;382.4;-59.4546
-5.4911;-1.72172;5.7547;382.6;-59.4857
-5.68867;-1.75282;5.95259;382.8;-59.5168
-5.88624;-1.78391;6.15062;383;-59.5479
-6.08381;-1.81501;6.34878;383.2;-59.579
-6.28138;-1.8461;6.54704;383.4;-59.6101
-6.47894;-1.8772;6.74541;383.6;-59.6412
-6.67651;-1.90829;6.94388;383.8;-59.6723
-6.87408;-1.93939;7.14242;384;-59.7034
-7.07165;-1.97049;7.34105;384.2;-59.7345
-7.26922;-2.00158;7.53975;384.4;-59.7656
-7.46678;-2.03268;7.73852;384.6;-59.7966
-7.66435;-2.06377;7.93734;384.8;-59.8277
-7.86192;-2.09487;8.13623;385;-59.8588
-8.05949;-2.12596;8.33517;385.2;-59.8899
-8.25706;-2.15706;8.53416;385.4;-59.921
-8.45462;-2.18815;8.73319;385.6;-59.9521
-8.65219;-2.21925;8.93227;385.8;-59.9832
-8.84976;-2.25035;9.13139;386;-60.0143
-9.04733;-2.28144;9.33055;386.2;-60.0454
-9.24489;-2.31254;9.52974;386.4;-60.0765
-9.44246;-2.34363;9.72896;386.6;-60.1076
-9.64003;-2.37473;9.92822;386.8;-60.1387
-9.8376;-2.40582;10.1275;387;-60.1698
-10.0352;-2.43692;10.3268;387.2;-60.2009
-10.2327;-2.46801;10.5262;387.4;-60.232
-10.4303;-2.49911;10.7255;387.6;-60.2631
-10.6279;-2.5302;10.9249;387.8;-60.2942
-10.8254;-2.5613;11.1243;388;-60.3253
-11.023;-2.5924;11.3237;388.2;-60.3564
-11.2206;-2.62349;11.5232;388.4;-60.3875
-11.4181;-2.65459;11.7227;388.6;-60.4186
-11.6157;-2.68568;11.9221;388.8;-60.4497
-11.8133;-2.71678;12.1216;389;-60.4807
-12.0108;-2.74787;12.3212;389.2;-60.5118
-12.2084;-2.77897;12.5207;389.4;-60.5429
-12.406;-2.81006;12.7203;389.6;-60.574
-12.6035;-2.84116;12.9198;389.8;-60.6051
-12.8011;-2.87226;13.1194;390;-60.6362
-12.9987;-2.90335;13.319;390.2;-60.6673
-13.1963;-2.93445;13.5186;390.4;-60.6984
-13.3938;-2.96554;13.7182;390.6;-60.7295
-13.5914;-2.99664;13.9178;390.8;-60.7606
-13.789;-3.02773;14.1175;391;-60.7917
-13.9865;-3.05883;14.3171;391.2;-60.8228
-14.1841;-3.08992;14.5168;391.4;-60.8539
-14.3817;-3.12102;14.7164;391.6;-60.885
-14.5792;-3.15211;14.9161;391.8;-60.9161
-14.7768;-3.18321;15.1158;392;-60.9472
-14.9744;-3.21431;15.3155;392.2;-60.9783
-15.1719;-3.2454;15.5152;392.4;-61.0094
-15.3695;-3.2765;15.7149;392.6;-61.0405
-15.5671;-3.30759;15.9146;392.8;-61.0716
-15.7646;-3.33869;16.1143;393;-61.1027
-15.9622;-3.36978;16.314;393.2;-61.1338
-16.1598;-3.40088;16.5138;393.4;-61.1649
-16.3573;-3.43197;16.7135;393.6;-61.1959
-16.5549;-3.46307;16.9132;393.8;-61.227
-16.7525;-3.49417;17.113;394;-61.2581
-16.95;-3.52526;17.3128;394.2;-61.2892
-17.1476;-3.55636;17.5125;394.4;-61.3203
-17.3452;-3.58745;17.7123;394.6;-61.3514
-17.5427;-3.61855;17.9121;394.8;-61.3825
-17.7403;-3.64964;18.1118;395;-61.4136
-17.9379;-3.68074;18.3116;395.2;-61.4447
-18.1354;-3.71183;18.5114;395.4;-61.4758
-18.333;-3.74293;18.7112;395.6;-61.5069
-18.5306;-3.77402;18.911;395.8;-61.538
-18.7282;-3.80512;19.1108;396;-61.5691
-18.9257;-3.83622;19.3106;396.2;-61.6002
-19.1233;-3.86731;19.5104;396.4;-61.6313
-19.3209;-3.89841;19.7102;396.6;-61.6624
-19.5184;-3.9295;19.91;396.8;-61.6935
-19.716;-3.9606;20.1099;397;-61.7246
-19.9136;-3.99169;20.3097;397.2;-61.7557
-20.1111;-4.02279;20.5095;397.4;-61.7868
-20.3087;-4.05388;20.7093;397.6;-61.8179
-20.5063;-4.08498;20.9092;397.8;-61.849
-20.7038;-4.11608;21.109;398;-61.88
-20.9014;-4.14717;21.3089;398.2;-61.9111
-21.099;-4.17827;21.5087;398.4;-61.9422
-21.2965;-4.20936;21.7086;398.6;-61.9733
-21.4941;-4.24046;21.9084;398.8;-62.0044
-21.6917;-4.27155;22.1083;399;-62.0355
-21.8892;-4.30265;22.3081;399.2;-62.0666
-22.0868;-4.33374;22.508;399.4;-62.0977
-22.2844;-4.36484;22.7078;399.6;-62.1288
-22.4819;-4.39593;22.9077;399.8;-62.1599
-22.6795;-4.42703;23.1075;400;-62.191
