#1 AntPos X	#2 AntVel X	#3 AntPos Y	#4 AntVel Y	#5 AntAngle	
4.3573;-1.7161;7.36417;-1.02713;-2.60226;
4.18569;-1.7161;7.26146;-1.02713;-2.60226;
4.01408;-1.7161;7.15875;-1.02713;-2.60226;
3.84247;-1.7161;7.05604;-1.02713;-2.60226;
3.67086;-1.7161;6.95332;-1.02713;-2.60226;
3.49925;-1.7161;6.85061;-1.02713;-2.60226;
3.32764;-1.7161;6.7479;-1.02713;-2.60226;
3.15602;-1.7161;6.64518;-1.02713;-2.60226;
2.98441;-1.7161;6.54247;-1.02713;-2.60226;
2.8128;-1.7161;6.43976;-1.02713;-2.60226;
2.64119;-1.7161;6.33705;-1.02713;-2.60226;
2.46958;-1.7161;6.23433;-1.02713;-2.60226;
2.29797;-1.7161;6.13162;-1.02713;-2.60226;
2.12636;-1.7161;6.02891;-1.02713;-2.60226;
1.95475;-1.7161;5.9262;-1.02713;-2.60226;
1.78314;-1.7161;5.82348;-1.02713;-2.60226;
1.61153;-1.7161;5.72077;-1.02713;-2.60226;
1.43992;-1.7161;5.61806;-1.02713;-2.60226;
1.26831;-1.7161;5.51534;-1.02713;-2.60226;
1.0967;-1.7161;5.41263;-1.02713;-2.60226;
0.925091;-1.7161;5.30992;-1.02713;-2.60226;
0.753481;-1.7161;5.20721;-1.02713;-2.60226;
0.581871;-1.7161;5.10449;-1.02713;-2.60226;
0.410261;-1.7161;5.00178;-1.02713;-2.60226;
0.23865;-1.7161;4.89907;-1.02713;-2.60226;
0.0670401;-1.7161;4.79635;-1.02713;-2.60226;
-0.10457;-1.7161;4.69364;-1.02713;-2.60226;
-0.27618;-1.7161;4.59093;-1.02713;-2.60226;
-0.447791;-1.7161;4.48822;-1.02713;-2.60226;
-0.619401;-1.7161;4.3855;-1.02713;-2.60226;
-0.791011;-1.7161;4.28279;-1.02713;-2.60226;
-0.962622;-1.7161;4.18008;-1.02713;-2.60226;
-1.13423;-1.7161;4.07737;-1.02713;-2.60226;
-1.30584;-1.7161;3.97465;-1.02713;-2.60226;
-1.47745;-1.7161;3.87194;-1.02713;-2.60226;
-1.64906;-1.7161;3.76923;-1.02713;-2.60226;
-1.82067;-1.7161;3.66651;-1.02713;-2.60226;
-1.99228;-1.7161;3.5638;-1.02713;-2.60226;
-2.16389;-1.7161;3.46109;-1.02713;-2.60226;
-2.3355;-1.7161;3.35838;-1.02713;-2.60226;
-2.50711;-1.7161;3.25566;-1.02713;-2.60226;
-2.67872;-1.7161;3.15295;-1.02713;-2.60226;
-2.85033;-1.7161;3.05024;-1.02713;-2.60226;
-3.02194;-1.7161;2.94752;-1.02713;-2.60226;
-3.19356;-1.7161;2.84481;-1.02713;-2.60226;
-3.36517;-1.7161;2.7421;-1.02713;-2.60226;
-3.53678;-1.7161;2.63939;-1.02713;-2.60226;
-3.70839;-1.7161;2.53667;-1.02713;-2.60226;
-3.88;-1.7161;2.43396;-1.02713;-2.60226;
-4.05161;-1.7161;2.33125;-1.02713;-2.60226;
-4.22322;-1.7161;2.22854;-1.02713;-2.60226;
-4.39483;-1.7161;2.12582;-1.02713;-2.60226;
-4.56644;-1.7161;2.02311;-1.02713;-2.60226;
-4.73805;-1.7161;1.9204;-1.02713;-2.60226;
-4.90966;-1.7161;1.81768;-1.02713;-2.60226;
-5.08127;-1.7161;1.71497;-1.02713;-2.60226;
-5.25288;-1.7161;1.61226;-1.02713;-2.60226;
-5.42449;-1.7161;1.50955;-1.02713;-2.60226;
-5.5961;-1.7161;1.40683;-1.02713;-2.60226;
-5.76771;-1.7161;1.30412;-1.02713;-2.60226;
-5.93932;-1.7161;1.20141;-1.02713;-2.60226;
-6.11093;-1.7161;1.09869;-1.02713;-2.60226;
-6.28254;-1.7161;0.995982;-1.02713;-2.60226;
-6.45415;-1.7161;0.893269;-1.02713;-2.60226;
-6.62576;-1.7161;0.790556;-1.02713;-2.60226;
-6.79737;-1.7161;0.687843;-1.02713;-2.60226;
-6.96898;-1.7161;0.585131;-1.02713;-2.60226;
-7.14059;-1.7161;0.482418;-1.02713;-2.60226;
-7.3122;-1.7161;0.379705;-1.02713;-2.60226;
-7.48381;-1.7161;0.276992;-1.02713;-2.60226;
-7.65542;-1.7161;0.174279;-1.02713;-2.60226;
-7.82703;-1.7161;0.0715666;-1.02713;-2.60226;
-7.99864;-1.7161;-0.0311462;-1.02713;-2.60226;
-8.17025;-1.7161;-0.133859;-1.02713;-2.60226;
-8.34186;-1.7161;-0.236572;-1.02713;-2.60226;
-8.51347;-1.7161;-0.339285;-1.02713;-2.60226;
-8.68508;-1.7161;-0.441997;-1.02713;-2.60226;
-8.85669;-1.7161;-0.54471;-1.02713;-2.60226;
-9.0283;-1.7161;-0.647423;-1.02713;-2.60226;
-9.19991;-1.7161;-0.750136;-1.02713;-2.60226;
-9.37152;-1.7161;-0.852848;-1.02713;-2.60226;
-9.54313;-1.7161;-0.955561;-1.02713;-2.60226;
-9.71475;-1.7161;-1.05827;-1.02713;-2.60226;
-9.88636;-1.7161;-1.16099;-1.02713;-2.60226;
-10.058;-1.7161;-1.2637;-1.02713;-2.60226;
-10.2296;-1.7161;-1.36641;-1.02713;-2.60226;
-10.4012;-1.7161;-1.46913;-1.02713;-2.60226;
-10.5728;-1.7161;-1.57184;-1.02713;-2.60226;
-10.7444;-1.7161;-1.67455;-1.02713;-2.60226;
-10.916;-1.7161;-1.77726;-1.02713;-2.60226;
-11.0876;-1.7161;-1.87998;-1.02713;-2.60226;
-11.2592;-1.7161;-1.98269;-1.02713;-2.60226;
-11.4308;-1.7161;-2.0854;-1.02713;-2.60226;
-11.6025;-1.7161;-2.18811;-1.02713;-2.60226;
-11.7741;-1.7161;-2.29083;-1.02713;-2.60226;
-11.9457;-1.7161;-2.39354;-1.02713;-2.60226;
-12.1173;-1.7161;-2.49625;-1.02713;-2.60226;
-12.2889;-1.7161;-2.59897;-1.02713;-2.60226;
-12.4605;-1.7161;-2.70168;-1.02713;-2.60226;
-12.6321;-1.7161;-2.80439;-1.02713;-2.60226;
-12.8037;-1.7161;-2.9071;-1.02713;-2.60226;
-12.9753;-1.7161;-3.00982;-1.02713;-2.60226;
-13.147;-1.7161;-3.11253;-1.02713;-2.60226;
-13.3186;-1.7161;-3.21524;-1.02713;-2.60226;
-13.4902;-1.7161;-3.31796;-1.02713;-2.60226;
-13.6618;-1.7161;-3.42067;-1.02713;-2.60226;
-13.8334;-1.7161;-3.52338;-1.02713;-2.60226;
-14.005;-1.7161;-3.62609;-1.02713;-2.60226;
-14.1766;-1.7161;-3.72881;-1.02713;-2.60226;
-14.3482;-1.7161;-3.83152;-1.02713;-2.60226;
-14.5198;-1.7161;-3.93423;-1.02713;-2.60226;
-14.6914;-1.7161;-4.03694;-1.02713;-2.60226;
-14.8631;-1.7161;-4.13966;-1.02713;-2.60226;
-15.0347;-1.7161;-4.24237;-1.02713;-2.60226;
-15.2063;-1.7161;-4.34508;-1.02713;-2.60226;
-15.3779;-1.7161;-4.4478;-1.02713;-2.60226;
-15.5495;-1.7161;-4.55051;-1.02713;-2.60226;
-15.7211;-1.7161;-4.65322;-1.02713;-2.60226;
-15.8927;-1.7161;-4.75593;-1.02713;-2.60226;
-16.0643;-1.7161;-4.85865;-1.02713;-2.60226;
-16.2359;-1.7161;-4.96136;-1.02713;-2.60226;
-16.4075;-1.7161;-5.06407;-1.02713;-2.60226;
-16.5792;-1.7161;-5.16679;-1.02713;-2.60226;
-16.7508;-1.7161;-5.2695;-1.02713;-2.60226;
-16.9224;-1.7161;-5.37221;-1.02713;-2.60226;
-17.094;-1.7161;-5.47492;-1.02713;-2.60226;
-17.2656;-1.7161;-5.57764;-1.02713;-2.60226;
-17.4372;-1.7161;-5.68035;-1.02713;-2.60226;
-17.6088;-1.7161;-5.78306;-1.02713;-2.60226;
-17.7804;-1.7161;-5.88577;-1.02713;-2.60226;
-17.952;-1.7161;-5.98849;-1.02713;-2.60226;
-18.1236;-1.7161;-6.0912;-1.02713;-2.60226;
-18.2953;-1.7161;-6.19391;-1.02713;-2.60226;
-18.4669;-1.7161;-6.29663;-1.02713;-2.60226;
-18.6385;-1.7161;-6.39934;-1.02713;-2.60226;
-18.8101;-1.7161;-6.50205;-1.02713;-2.60226;
-18.9817;-1.7161;-6.60476;-1.02713;-2.60226;
-19.1533;-1.7161;-6.70748;-1.02713;-2.60226;
-19.3249;-1.7161;-6.81019;-1.02713;-2.60226;
-19.4965;-1.7161;-6.9129;-1.02713;-2.60226;
-19.6681;-1.7161;-7.01562;-1.02713;-2.60226;
-19.8398;-1.7161;-7.11833;-1.02713;-2.60226;
-20.0114;-1.7161;-7.22104;-1.02713;-2.60226;
-20.183;-1.7161;-7.32375;-1.02713;-2.60226;
-20.3546;-1.7161;-7.42647;-1.02713;-2.60226;
-20.5262;-1.7161;-7.52918;-1.02713;-2.60226;
-20.6978;-1.7161;-7.63189;-1.02713;-2.60226;
-20.8694;-1.7161;-7.7346;-1.02713;-2.60226;
-21.041;-1.7161;-7.83732;-1.02713;-2.60226;
-21.2126;-1.7161;-7.94003;-1.02713;-2.60226;
-21.3842;-1.7161;-8.04274;-1.02713;-2.60226;
-21.5559;-1.7161;-8.14546;-1.02713;-2.60226;
-21.7275;-1.7161;-8.24817;-1.02713;-2.60226;
-21.8991;-1.7161;-8.35088;-1.02713;-2.60226;
-22.0707;-1.7161;-8.45359;-1.02713;-2.60226;
-22.2423;-1.7161;-8.55631;-1.02713;-2.60226;
-22.4139;-1.7161;-8.65902;-1.02713;-2.60226;
-22.5855;-1.7161;-8.76173;-1.02713;-2.60226;
-22.7571;-1.7161;-8.86445;-1.02713;-2.60226;
-22.9287;-1.7161;-8.96716;-1.02713;-2.60226;
-23.1003;-1.7161;-9.06987;-1.02713;-2.60226;
-23.272;-1.7161;-9.17258;-1.02713;-2.60226;
-23.4436;-1.7161;-9.2753;-1.02713;-2.60226;
-23.6152;-1.7161;-9.37801;-1.02713;-2.60226;
-23.7868;-1.7161;-9.48072;-1.02713;-2.60226;
-23.9584;-1.7161;-9.58343;-1.02713;-2.60226;
-24.13;-1.7161;-9.68615;-1.02713;-2.60226;
-24.3016;-1.7161;-9.78886;-1.02713;-2.60226;
-24.4732;-1.7161;-9.89157;-1.02713;-2.60226;
-24.6448;-1.7161;-9.99429;-1.02713;-2.60226;
-24.8164;-1.7161;-10.097;-1.02713;-2.60226;
-24.9881;-1.7161;-10.1997;-1.02713;-2.60226;
-25.1597;-1.7161;-10.3024;-1.02713;-2.60226;
-25.3313;-1.7161;-10.4051;-1.02713;-2.60226;
-25.5029;-1.7161;-10.5078;-1.02713;-2.60226;
-25.6745;-1.7161;-10.6106;-1.02713;-2.60226;
-25.8461;-1.7161;-10.7133;-1.02713;-2.60226;
-26.0177;-1.7161;-10.816;-1.02713;-2.60226;
-26.1893;-1.7161;-10.9187;-1.02713;-2.60226;
-26.3609;-1.7161;-11.0214;-1.02713;-2.60226;
-26.5326;-1.7161;-11.1241;-1.02713;-2.60226;
-26.7042;-1.7161;-11.2268;-1.02713;-2.60226;
-26.8758;-1.7161;-11.3296;-1.02713;-2.60226;
-27.0474;-1.7161;-11.4323;-1.02713;-2.60226;
-27.219;-1.7161;-11.535;-1.02713;-2.60226;
-27.3906;-1.7161;-11.6377;-1.02713;-2.60226;
-27.5622;-1.7161;-11.7404;-1.02713;-2.60226;
-27.7338;-1.7161;-11.8431;-1.02713;-2.60226;
-27.9054;-1.7161;-11.9458;-1.02713;-2.60226;
-28.077;-1.7161;-12.0485;-1.02713;-2.60226;
-28.2487;-1.7161;-12.1513;-1.02713;-2.60226;
-28.4203;-1.7161;-12.254;-1.02713;-2.60226;
-28.5919;-1.7161;-12.3567;-1.02713;-2.60226;
-28.7635;-1.7161;-12.4594;-1.02713;-2.60226;
-28.9351;-1.7161;-12.5621;-1.02713;-2.60226;
-29.1067;-1.7161;-12.6648;-1.02713;-2.60226;
-29.2783;-1.7161;-12.7675;-1.02713;-2.60226;
-29.4499;-1.7161;-12.8702;-1.02713;-2.60226;
-29.6215;-1.7161;-12.973;-1.02713;-2.60226;
-29.7931;-1.7161;-13.0757;-1.02713;-2.60226;
-29.9648;-1.7161;-13.1784;-1.02713;-2.60226;

29.8636;-1.7161;-13.2811;-1.02713;-2.60226;
29.692;-1.7161;-13.3838;-1.02713;-2.60226;
29.5204;-1.7161;-13.4865;-1.02713;-2.60226;
29.3488;-1.7161;-13.5892;-1.02713;-2.60226;
29.1772;-1.7161;-13.6919;-1.02713;-2.60226;
29.0056;-1.7161;-13.7947;-1.02713;-2.60226;
28.834;-1.7161;-13.8974;-1.02713;-2.60226;
28.6624;-1.7161;-14.0001;-1.02713;-2.60226;
28.4908;-1.7161;-14.1028;-1.02713;-2.60226;
28.3191;-1.7161;-14.2055;-1.02713;-2.60226;
28.1475;-1.7161;-14.3082;-1.02713;-2.60226;
27.9759;-1.7161;-14.4109;-1.02713;-2.60226;
27.8043;-1.7161;-14.5136;-1.02713;-2.60226;
27.6327;-1.7161;-14.6164;-1.02713;-2.60226;
27.4611;-1.7161;-14.7191;-1.02713;-2.60226;
27.2895;-1.7161;-14.8218;-1.02713;-2.60226;
27.1179;-1.7161;-14.9245;-1.02713;-2.60226;
26.9463;-1.7161;-15.0272;-1.02713;-2.60226;
26.7746;-1.7161;-15.1299;-1.02713;-2.60226;
26.603;-1.7161;-15.2326;-1.02713;-2.60226;
26.4314;-1.7161;-15.3354;-1.02713;-2.60226;
26.2598;-1.7161;-15.4381;-1.02713;-2.60226;
26.0882;-1.7161;-15.5408;-1.02713;-2.60226;
25.9166;-1.7161;-15.6435;-1.02713;-2.60226;
25.745;-1.7161;-15.7462;-1.02713;-2.60226;
25.5734;-1.7161;-15.8489;-1.02713;-2.60226;
25.4018;-1.7161;-15.9516;-1.02713;-2.60226;
25.2302;-1.7161;-16.0543;-1.02713;-2.60226;
25.0585;-1.7161;-16.1571;-1.02713;-2.60226;
24.8869;-1.7161;-16.2598;-1.02713;-2.60226;
24.7153;-1.7161;-16.3625;-1.02713;-2.60226;
24.5437;-1.7161;-16.4652;-1.02713;-2.60226;
24.3721;-1.7161;-16.5679;-1.02713;-2.60226;
24.2005;-1.7161;-16.6706;-1.02713;-2.60226;
24.0289;-1.7161;-16.7733;-1.02713;-2.60226;
23.8573;-1.7161;-16.876;-1.02713;-2.60226;
23.6857;-1.7161;-16.9788;-1.02713;-2.60226;
23.5141;-1.7161;-17.0815;-1.02713;-2.60226;
23.3424;-1.7161;-17.1842;-1.02713;-2.60226;
23.1708;-1.7161;-17.2869;-1.02713;-2.60226;
22.9992;-1.7161;-17.3896;-1.02713;-2.60226;
22.8276;-1.7161;-17.4923;-1.02713;-2.60226;
22.656;-1.7161;-17.595;-1.02713;-2.60226;
22.4844;-1.7161;-17.6977;-1.02713;-2.60226;
22.3128;-1.7161;-17.8005;-1.02713;-2.60226;
22.1412;-1.7161;-17.9032;-1.02713;-2.60226;
21.9696;-1.7161;-18.0059;-1.02713;-2.60226;
21.798;-1.7161;-18.1086;-1.02713;-2.60226;
21.6263;-1.7161;-18.2113;-1.02713;-2.60226;
21.4547;-1.7161;-18.314;-1.02713;-2.60226;
21.2831;-1.7161;-18.4167;-1.02713;-2.60226;
21.1115;-1.7161;-18.5194;-1.02713;-2.60226;
20.9399;-1.7161;-18.6222;-1.02713;-2.60226;
20.7683;-1.7161;-18.7249;-1.02713;-2.60226;
20.5967;-1.7161;-18.8276;-1.02713;-2.60226;
20.4251;-1.7161;-18.9303;-1.02713;-2.60226;
20.2535;-1.7161;-19.033;-1.02713;-2.60226;
20.0818;-1.7161;-19.1357;-1.02713;-2.60226;
19.9102;-1.7161;-19.2384;-1.02713;-2.60226;
19.7386;-1.7161;-19.3411;-1.02713;-2.60226;
19.567;-1.7161;-19.4439;-1.02713;-2.60226;
19.3954;-1.7161;-19.5466;-1.02713;-2.60226;
19.2238;-1.7161;-19.6493;-1.02713;-2.60226;
19.0522;-1.7161;-19.752;-1.02713;-2.60226;
18.8806;-1.7161;-19.8547;-1.02713;-2.60226;
18.709;-1.7161;-19.9574;-1.02713;-2.60226;
18.5374;-1.7161;-20.0601;-1.02713;-2.60226;
18.3657;-1.7161;-20.1629;-1.02713;-2.60226;
18.1941;-1.7161;-20.2656;-1.02713;-2.60226;
18.0225;-1.7161;-20.3683;-1.02713;-2.60226;
17.8509;-1.7161;-20.471;-1.02713;-2.60226;
17.6793;-1.7161;-20.5737;-1.02713;-2.60226;
17.5077;-1.7161;-20.6764;-1.02713;-2.60226;
17.3361;-1.7161;-20.7791;-1.02713;-2.60226;
17.1645;-1.7161;-20.8818;-1.02713;-2.60226;
16.9929;-1.7161;-20.9846;-1.02713;-2.60226;
16.8213;-1.7161;-21.0873;-1.02713;-2.60226;
16.6496;-1.7161;-21.19;-1.02713;-2.60226;
16.478;-1.7161;-21.2927;-1.02713;-2.60226;
16.3064;-1.7161;-21.3954;-1.02713;-2.60226;
16.1348;-1.7161;-21.4981;-1.02713;-2.60226;
15.9632;-1.7161;-21.6008;-1.02713;-2.60226;
15.7916;-1.7161;-21.7035;-1.02713;-2.60226;
15.62;-1.7161;-21.8063;-1.02713;-2.60226;
15.4484;-1.7161;-21.909;-1.02713;-2.60226;
15.2768;-1.7161;-22.0117;-1.02713;-2.60226;
15.1051;-1.7161;-22.1144;-1.02713;-2.60226;
14.9335;-1.7161;-22.2171;-1.02713;-2.60226;
14.7619;-1.7161;-22.3198;-1.02713;-2.60226;
14.5903;-1.7161;-22.4225;-1.02713;-2.60226;
14.4187;-1.7161;-22.5252;-1.02713;-2.60226;
14.2471;-1.7161;-22.628;-1.02713;-2.60226;
14.0755;-1.7161;-22.7307;-1.02713;-2.60226;
13.9039;-1.7161;-22.8334;-1.02713;-2.60226;
13.7323;-1.7161;-22.9361;-1.02713;-2.60226;
13.5607;-1.7161;-23.0388;-1.02713;-2.60226;
13.389;-1.7161;-23.1415;-1.02713;-2.60226;
13.2174;-1.7161;-23.2442;-1.02713;-2.60226;
13.0458;-1.7161;-23.3469;-1.02713;-2.60226;
12.8742;-1.7161;-23.4497;-1.02713;-2.60226;
12.7026;-1.7161;-23.5524;-1.02713;-2.60226;
12.531;-1.7161;-23.6551;-1.02713;-2.60226;
12.3594;-1.7161;-23.7578;-1.02713;-2.60226;
12.1878;-1.7161;-23.8605;-1.02713;-2.60226;
12.0162;-1.7161;-23.9632;-1.02713;-2.60226;
11.8446;-1.7161;-24.0659;-1.02713;-2.60226;
11.6729;-1.7161;-24.1686;-1.02713;-2.60226;
11.5013;-1.7161;-24.2714;-1.02713;-2.60226;
11.3297;-1.7161;-24.3741;-1.02713;-2.60226;
11.1581;-1.7161;-24.4768;-1.02713;-2.60226;
10.9865;-1.7161;-24.5795;-1.02713;-2.60226;
10.8149;-1.7161;-24.6822;-1.02713;-2.60226;
10.6433;-1.7161;-24.7849;-1.02713;-2.60226;
10.4717;-1.7161;-24.8876;-1.02713;-2.60226;
10.3001;-1.7161;-24.9904;-1.02713;-2.60226;
10.1285;-1.7161;-25.0931;-1.02713;-2.60226;
9.95684;-1.7161;-25.1958;-1.02713;-2.60226;
9.78523;-1.7161;-25.2985;-1.02713;-2.60226;
9.61362;-1.7161;-25.4012;-1.02713;-2.60226;
9.44201;-1.7161;-25.5039;-1.02713;-2.60226;
9.2704;-1.7161;-25.6066;-1.02713;-2.60226;
9.09879;-1.7161;-25.7093;-1.02713;-2.60226;
8.92718;-1.7161;-25.8121;-1.02713;-2.60226;
8.75557;-1.7161;-25.9148;-1.02713;-2.60226;
8.58396;-1.7161;-26.0175;-1.02713;-2.60226;
8.41235;-1.7161;-26.1202;-1.02713;-2.60226;
8.24074;-1.7161;-26.2229;-1.02713;-2.60226;
8.06913;-1.7161;-26.3256;-1.02713;-2.60226;
7.89752;-1.7161;-26.4283;-1.02713;-2.60226;
7.72591;-1.7161;-26.531;-1.02713;-2.60226;
7.5543;-1.7161;-26.6338;-1.02713;-2.60226;
7.38269;-1.7161;-26.7365;-1.02713;-2.60226;
7.21108;-1.7161;-26.8392;-1.02713;-2.60226;
7.03947;-1.7161;-26.9419;-1.02713;-2.60226;
6.86786;-1.7161;-27.0446;-1.02713;-2.60226;
6.69625;-1.7161;-27.1473;-1.02713;-2.60226;
6.52464;-1.7161;-27.25;-1.02713;-2.60226;
6.35303;-1.7161;-27.3527;-1.02713;-2.60226;
6.18142;-1.7161;-27.4555;-1.02713;-2.60226;
6.00981;-1.7161;-27.5582;-1.02713;-2.60226;
5.8382;-1.7161;-27.6609;-1.02713;-2.60226;
5.66658;-1.7161;-27.7636;-1.02713;-2.60226;
5.49497;-1.7161;-27.8663;-1.02713;-2.60226;
5.32336;-1.7161;-27.969;-1.02713;-2.60226;
5.15175;-1.7161;-28.0717;-1.02713;-2.60226;
4.98014;-1.7161;-28.1744;-1.02713;-2.60226;
4.80853;-1.7161;-28.2772;-1.02713;-2.60226;
4.63692;-1.7161;-28.3799;-1.02713;-2.60226;
4.46531;-1.7161;-28.4826;-1.02713;-2.60226;
4.2937;-1.7161;-28.5853;-1.02713;-2.60226;
4.12209;-1.7161;-28.688;-1.02713;-2.60226;
3.95048;-1.7161;-28.7907;-1.02713;-2.60226;
3.77887;-1.7161;-28.8934;-1.02713;-2.60226;
3.60726;-1.7161;-28.9962;-1.02713;-2.60226;
3.43565;-1.7161;-29.0989;-1.02713;-2.60226;
3.26404;-1.7161;-29.2016;-1.02713;-2.60226;
3.09243;-1.7161;-29.3043;-1.02713;-2.60226;
2.92082;-1.7161;-29.407;-1.02713;-2.60226;
2.74921;-1.7161;-29.5097;-1.02713;-2.60226;
2.5776;-1.7161;-29.6124;-1.02713;-2.60226;
2.40599;-1.7161;-29.7151;-1.02713;-2.60226;
2.23438;-1.7161;-29.8179;-1.02713;-2.60226;
2.06277;-1.7161;-29.9206;-1.02713;-2.60226;

1.89116;-1.7161;29.9767;-1.02713;-2.60226;
1.71955;-1.7161;29.874;-1.02713;-2.60226;
1.54794;-1.7161;29.7713;-1.02713;-2.60226;
1.37633;-1.7161;29.6686;-1.02713;-2.60226;
1.20472;-1.7161;29.5659;-1.02713;-2.60226;
1.03311;-1.7161;29.4632;-1.02713;-2.60226;
0.861497;-1.7161;29.3604;-1.02713;-2.60226;
0.689887;-1.7161;29.2577;-1.02713;-2.60226;
0.518277;-1.7161;29.155;-1.02713;-2.60226;
0.346667;-1.7161;29.0523;-1.02713;-2.60226;
0.175056;-1.7161;28.9496;-1.02713;-2.60226;
0.00344598;-1.7161;28.8469;-1.02713;-2.60226;
-0.168164;-1.7161;28.7442;-1.02713;-2.60226;
-0.339775;-1.7161;28.6415;-1.02713;-2.60226;
-0.511385;-1.7161;28.5387;-1.02713;-2.60226;
-0.682995;-1.7161;28.436;-1.02713;-2.60226;
-0.854605;-1.7161;28.3333;-1.02713;-2.60226;
-1.02622;-1.7161;28.2306;-1.02713;-2.60226;
-1.19783;-1.7161;28.1279;-1.02713;-2.60226;
-1.36944;-1.7161;28.0252;-1.02713;-2.60226;
-1.54105;-1.7161;27.9225;-1.02713;-2.60226;
-1.71266;-1.7161;27.8198;-1.02713;-2.60226;
-1.88427;-1.7161;27.717;-1.02713;-2.60226;
-2.05588;-1.7161;27.6143;-1.02713;-2.60226;
-2.22749;-1.7161;27.5116;-1.02713;-2.60226;
-2.3991;-1.7161;27.4089;-1.02713;-2.60226;
-2.57071;-1.7161;27.3062;-1.02713;-2.60226;
-2.74232;-1.7161;27.2035;-1.02713;-2.60226;
-2.91393;-1.7161;27.1008;-1.02713;-2.60226;
-3.08554;-1.7161;26.9981;-1.02713;-2.60226;
-3.25715;-1.7161;26.8953;-1.02713;-2.60226;
-3.42876;-1.7161;26.7926;-1.02713;-2.60226;
-3.60037;-1.7161;26.6899;-1.02713;-2.60226;
-3.77198;-1.7161;26.5872;-1.02713;-2.60226;
-3.94359;-1.7161;26.4845;-1.02713;-2.60226;
-4.1152;-1.7161;26.3818;-1.02713;-2.60226;
-4.28681;-1.7161;26.2791;-1.02713;-2.60226;
-4.45842;-1.7161;26.1763;-1.02713;-2.60226;
-4.63003;-1.7161;26.0736;-1.02713;-2.60226;
-4.80164;-1.7161;25.9709;-1.02713;-2.60226;
-4.97325;-1.7161;25.8682;-1.02713;-2.60226;
-5.14486;-1.7161;25.7655;-1.02713;-2.60226;
-5.31647;-1.7161;25.6628;-1.02713;-2.60226;
-5.48808;-1.7161;25.5601;-1.02713;-2.60226;
-5.65969;-1.7161;25.4574;-1.02713;-2.60226;
-5.8313;-1.7161;25.3546;-1.02713;-2.60226;
-6.00291;-1.7161;25.2519;-1.02713;-2.60226;
-6.17452;-1.7161;25.1492;-1.02713;-2.60226;
-6.34613;-1.7161;25.0465;-1.02713;-2.60226;
-6.51774;-1.7161;24.9438;-1.02713;-2.60226;
-6.68935;-1.7161;24.8411;-1.02713;-2.60226;
-6.86096;-1.7161;24.7384;-1.02713;-2.60226;
-7.03258;-1.7161;24.6357;-1.02713;-2.60226;
-7.20419;-1.7161;24.5329;-1.02713;-2.60226;
-7.3758;-1.7161;24.4302;-1.02713;-2.60226;
-7.54741;-1.7161;24.3275;-1.02713;-2.60226;
-7.71902;-1.7161;24.2248;-1.02713;-2.60226;
-7.89063;-1.7161;24.1221;-1.02713;-2.60226;
-8.06224;-1.7161;24.0194;-1.02713;-2.60226;
-8.23385;-1.7161;23.9167;-1.02713;-2.60226;
-8.40546;-1.7161;23.814;-1.02713;-2.60226;
-8.57707;-1.7161;23.7112;-1.02713;-2.60226;
-8.74868;-1.7161;23.6085;-1.02713;-2.60226;
-8.92029;-1.7161;23.5058;-1.02713;-2.60226;
-9.0919;-1.7161;23.4031;-1.02713;-2.60226;
-9.26351;-1.7161;23.3004;-1.02713;-2.60226;
-9.43512;-1.7161;23.1977;-1.02713;-2.60226;
-9.60673;-1.7161;23.095;-1.02713;-2.60226;
-9.77834;-1.7161;22.9923;-1.02713;-2.60226;
-9.94995;-1.7161;22.8895;-1.02713;-2.60226;
-10.1216;-1.7161;22.7868;-1.02713;-2.60226;
-10.2932;-1.7161;22.6841;-1.02713;-2.60226;
-10.4648;-1.7161;22.5814;-1.02713;-2.60226;
-10.6364;-1.7161;22.4787;-1.02713;-2.60226;
-10.808;-1.7161;22.376;-1.02713;-2.60226;
-10.9796;-1.7161;22.2733;-1.02713;-2.60226;
-11.1512;-1.7161;22.1706;-1.02713;-2.60226;
-11.3228;-1.7161;22.0678;-1.02713;-2.60226;
-11.4944;-1.7161;21.9651;-1.02713;-2.60226;
-11.6661;-1.7161;21.8624;-1.02713;-2.60226;
-11.8377;-1.7161;21.7597;-1.02713;-2.60226;
-12.0093;-1.7161;21.657;-1.02713;-2.60226;
-12.1809;-1.7161;21.5543;-1.02713;-2.60226;
-12.3525;-1.7161;21.4516;-1.02713;-2.60226;
-12.5241;-1.7161;21.3488;-1.02713;-2.60226;
-12.6957;-1.7161;21.2461;-1.02713;-2.60226;
-12.8673;-1.7161;21.1434;-1.02713;-2.60226;
-13.0389;-1.7161;21.0407;-1.02713;-2.60226;
-13.2105;-1.7161;20.938;-1.02713;-2.60226;
-13.3822;-1.7161;20.8353;-1.02713;-2.60226;
-13.5538;-1.7161;20.7326;-1.02713;-2.60226;
-13.7254;-1.7161;20.6299;-1.02713;-2.60226;
-13.897;-1.7161;20.5271;-1.02713;-2.60226;
-14.0686;-1.7161;20.4244;-1.02713;-2.60226;
-14.2402;-1.7161;20.3217;-1.02713;-2.60226;
-14.4118;-1.7161;20.219;-1.02713;-2.60226;
-14.5834;-1.7161;20.1163;-1.02713;-2.60226;
-14.755;-1.7161;20.0136;-1.02713;-2.60226;
-14.9266;-1.7161;19.9109;-1.02713;-2.60226;
-15.0983;-1.7161;19.8082;-1.02713;-2.60226;
-15.2699;-1.7161;19.7054;-1.02713;-2.60226;
-15.4415;-1.7161;19.6027;-1.02713;-2.60226;
-15.6131;-1.7161;19.5;-1.02713;-2.60226;
-15.7847;-1.7161;19.3973;-1.02713;-2.60226;
-15.9563;-1.7161;19.2946;-1.02713;-2.60226;
-16.1279;-1.7161;19.1919;-1.02713;-2.60226;
-16.2995;-1.7161;19.0892;-1.02713;-2.60226;
-16.4711;-1.7161;18.9865;-1.02713;-2.60226;
-16.6428;-1.7161;18.8837;-1.02713;-2.60226;
-16.8144;-1.7161;18.781;-1.02713;-2.60226;
-16.986;-1.7161;18.6783;-1.02713;-2.60226;
-17.1576;-1.7161;18.5756;-1.02713;-2.60226;
-17.3292;-1.7161;18.4729;-1.02713;-2.60226;
-17.5008;-1.7161;18.3702;-1.02713;-2.60226;
-17.6724;-1.7161;18.2675;-1.02713;-2.60226;
-17.844;-1.7161;18.1648;-1.02713;-2.60226;
-18.0156;-1.7161;18.062;-1.02713;-2.60226;
-18.1872;-1.7161;17.9593;-1.02713;-2.60226;
-18.3589;-1.7161;17.8566;-1.02713;-2.60226;
-18.5305;-1.7161;17.7539;-1.02713;-2.60226;
-18.7021;-1.7161;17.6512;-1.02713;-2.60226;
-18.8737;-1.7161;17.5485;-1.02713;-2.60226;
-19.0453;-1.7161;17.4458;-1.02713;-2.60226;
-19.2169;-1.7161;17.343;-1.02713;-2.60226;
-19.3885;-1.7161;17.2403;-1.02713;-2.60226;
-19.5601;-1.7161;17.1376;-1.02713;-2.60226;
-19.7317;-1.7161;17.0349;-1.02713;-2.60226;
-19.9033;-1.7161;16.9322;-1.02713;-2.60226;
-20.075;-1.7161;16.8295;-1.02713;-2.60226;
-20.2466;-1.7161;16.7268;-1.02713;-2.60226;
-20.4182;-1.7161;16.6241;-1.02713;-2.60226;
-20.5898;-1.7161;16.5213;-1.02713;-2.60226;
-20.7614;-1.7161;16.4186;-1.02713;-2.60226;
-20.933;-1.7161;16.3159;-1.02713;-2.60226;
-21.1046;-1.7161;16.2132;-1.02713;-2.60226;
-21.2762;-1.7161;16.1105;-1.02713;-2.60226;
-21.4478;-1.7161;16.0078;-1.02713;-2.60226;
-21.6194;-1.7161;15.9051;-1.02713;-2.60226;
-21.7911;-1.7161;15.8024;-1.02713;-2.60226;
-21.9627;-1.7161;15.6996;-1.02713;-2.60226;
-22.1343;-1.7161;15.5969;-1.02713;-2.60226;
-22.3059;-1.7161;15.4942;-1.02713;-2.60226;
-22.4775;-1.7161;15.3915;-1.02713;-2.60226;
-22.6491;-1.7161;15.2888;-1.02713;-2.60226;
-22.8207;-1.7161;15.1861;-1.02713;-2.60226;
-22.9923;-1.7161;15.0834;-1.02713;-2.60226;
-23.1639;-1.7161;14.9807;-1.02713;-2.60226;
-23.3356;-1.7161;14.8779;-1.02713;-2.60226;
-23.5072;-1.7161;14.7752;-1.02713;-2.60226;
-23.6788;-1.7161;14.6725;-1.02713;-2.60226;
-23.8504;-1.7161;14.5698;-1.02713;-2.60226;
-24.022;-1.7161;14.4671;-1.02713;-2.60226;
-24.1936;-1.7161;14.3644;-1.02713;-2.60226;
-24.3652;-1.7161;14.2617;-1.02713;-2.60226;
-24.5368;-1.7161;14.159;-1.02713;-2.60226;
-24.7084;-1.7161;14.0562;-1.02713;-2.60226;
-24.88;-1.7161;13.9535;-1.02713;-2.60226;
-25.0517;-1.7161;13.8508;-1.02713;-2.60226;
-25.2233;-1.7161;13.7481;-1.02713;-2.60226;
-25.3949;-1.7161;13.6454;-1.02713;-2.60226;
-25.5665;-1.7161;13.5427;-1.02713;-2.60226;
-25.7381;-1.7161;13.44;-1.02713;-2.60226;
-25.9097;-1.7161;13.3373;-1.02713;-2.60226;
-26.0813;-1.7161;13.2345;-1.02713;-2.60226;
-26.2529;-1.7161;13.1318;-1.02713;-2.60226;
-26.4245;-1.7161;13.0291;-1.02713;-2.60226;
-26.5961;-1.7161;12.9264;-1.02713;-2.60226;
-26.7678;-1.7161;12.8237;-1.02713;-2.60226;
-26.9394;-1.7161;12.721;-1.02713;-2.60226;
-27.111;-1.7161;12.6183;-1.02713;-2.60226;
-27.2826;-1.7161;12.5155;-1.02713;-2.60226;
-27.4542;-1.7161;12.4128;-1.02713;-2.60226;
-27.6258;-1.7161;12.3101;-1.02713;-2.60226;
-27.7974;-1.7161;12.2074;-1.02713;-2.60226;
-27.969;-1.7161;12.1047;-1.02713;-2.60226;
-28.1406;-1.7161;12.002;-1.02713;-2.60226;
-28.3122;-1.7161;11.8993;-1.02713;-2.60226;
-28.4839;-1.7161;11.7966;-1.02713;-2.60226;
-28.6555;-1.7161;11.6938;-1.02713;-2.60226;
-28.8271;-1.7161;11.5911;-1.02713;-2.60226;
-28.9987;-1.7161;11.4884;-1.02713;-2.60226;
-29.1703;-1.7161;11.3857;-1.02713;-2.60226;
-29.3419;-1.7161;11.283;-1.02713;-2.60226;
-29.5135;-1.7161;11.1803;-1.02713;-2.60226;
-29.6851;-1.7161;11.0776;-1.02713;-2.60226;
-29.8567;-1.7161;10.9749;-1.02713;-2.60226;

29.9716;-1.7161;10.8721;-1.02713;-2.60226;
29.8;-1.7161;10.7694;-1.02713;-2.60226;
29.6284;-1.7161;10.6667;-1.02713;-2.60226;
29.4568;-1.7161;10.564;-1.02713;-2.60226;
29.2852;-1.7161;10.4613;-1.02713;-2.60226;
29.1136;-1.7161;10.3586;-1.02713;-2.60226;
28.942;-1.7161;10.2559;-1.02713;-2.60226;
28.7704;-1.7161;10.1532;-1.02713;-2.60226;
28.5988;-1.7161;10.0504;-1.02713;-2.60226;
28.4272;-1.7161;9.94773;-1.02713;-2.60226;
28.2555;-1.7161;9.84502;-1.02713;-2.60226;
28.0839;-1.7161;9.7423;-1.02713;-2.60226;
27.9123;-1.7161;9.63959;-1.02713;-2.60226;
27.7407;-1.7161;9.53688;-1.02713;-2.60226;
27.5691;-1.7161;9.43417;-1.02713;-2.60226;
27.3975;-1.7161;9.33145;-1.02713;-2.60226;
27.2259;-1.7161;9.22874;-1.02713;-2.60226;
27.0543;-1.7161;9.12603;-1.02713;-2.60226;
26.8827;-1.7161;9.02331;-1.02713;-2.60226;
26.7111;-1.7161;8.9206;-1.02713;-2.60226;
26.5394;-1.7161;8.81789;-1.02713;-2.60226;
26.3678;-1.7161;8.71518;-1.02713;-2.60226;
26.1962;-1.7161;8.61246;-1.02713;-2.60226;
26.0246;-1.7161;8.50975;-1.02713;-2.60226;
25.853;-1.7161;8.40704;-1.02713;-2.60226;
25.6814;-1.7161;8.30432;-1.02713;-2.60226;
25.5098;-1.7161;8.20161;-1.02713;-2.60226;
25.3382;-1.7161;8.0989;-1.02713;-2.60226;
25.1666;-1.7161;7.99619;-1.02713;-2.60226;
24.995;-1.7161;7.89347;-1.02713;-2.60226;
24.8233;-1.7161;7.79076;-1.02713;-2.60226;
24.6517;-1.7161;7.68805;-1.02713;-2.60226;
24.4801;-1.7161;7.58533;-1.02713;-2.60226;
24.3085;-1.7161;7.48262;-1.02713;-2.60226;
24.1369;-1.7161;7.37991;-1.02713;-2.60226;
23.9653;-1.7161;7.2772;-1.02713;-2.60226;
23.7937;-1.7161;7.17448;-1.02713;-2.60226;
23.6221;-1.7161;7.07177;-1.02713;-2.60226;
23.4505;-1.7161;6.96906;-1.02713;-2.60226;
23.2788;-1.7161;6.86635;-1.02713;-2.60226;
23.1072;-1.7161;6.76363;-1.02713;-2.60226;
22.9356;-1.7161;6.66092;-1.02713;-2.60226;
22.764;-1.7161;6.55821;-1.02713;-2.60226;
22.5924;-1.7161;6.45549;-1.02713;-2.60226;
22.4208;-1.7161;6.35278;-1.02713;-2.60226;
22.2492;-1.7161;6.25007;-1.02713;-2.60226;
22.0776;-1.7161;6.14736;-1.02713;-2.60226;
21.906;-1.7161;6.04464;-1.02713;-2.60226;
21.7344;-1.7161;5.94193;-1.02713;-2.60226;
21.5627;-1.7161;5.83922;-1.02713;-2.60226;
21.3911;-1.7161;5.7365;-1.02713;-2.60226;
21.2195;-1.7161;5.63379;-1.02713;-2.60226;
21.0479;-1.7161;5.53108;-1.02713;-2.60226;
20.8763;-1.7161;5.42837;-1.02713;-2.60226;
20.7047;-1.7161;5.32565;-1.02713;-2.60226;
20.5331;-1.7161;5.22294;-1.02713;-2.60226;
20.3615;-1.7161;5.12023;-1.02713;-2.60226;
20.1899;-1.7161;5.01752;-1.02713;-2.60226;
20.0183;-1.7161;4.9148;-1.02713;-2.60226;
19.8466;-1.7161;4.81209;-1.02713;-2.60226;
19.675;-1.7161;4.70938;-1.02713;-2.60226;
19.5034;-1.7161;4.60666;-1.02713;-2.60226;
19.3318;-1.7161;4.50395;-1.02713;-2.60226;
19.1602;-1.7161;4.40124;-1.02713;-2.60226;
18.9886;-1.7161;4.29853;-1.02713;-2.60226;
18.817;-1.7161;4.19581;-1.02713;-2.60226;
18.6454;-1.7161;4.0931;-1.02713;-2.60226;
18.4738;-1.7161;3.99039;-1.02713;-2.60226;
18.3022;-1.7161;3.88767;-1.02713;-2.60226;
18.1305;-1.7161;3.78496;-1.02713;-2.60226;
17.9589;-1.7161;3.68225;-1.02713;-2.60226;
17.7873;-1.7161;3.57954;-1.02713;-2.60226;
17.6157;-1.7161;3.47682;-1.02713;-2.60226;
17.4441;-1.7161;3.37411;-1.02713;-2.60226;
17.2725;-1.7161;3.2714;-1.02713;-2.60226;
17.1009;-1.7161;3.16869;-1.02713;-2.60226;
16.9293;-1.7161;3.06597;-1.02713;-2.60226;
16.7577;-1.7161;2.96326;-1.02713;-2.60226;
16.586;-1.7161;2.86055;-1.02713;-2.60226;
16.4144;-1.7161;2.75783;-1.02713;-2.60226;
16.2428;-1.7161;2.65512;-1.02713;-2.60226;
16.0712;-1.7161;2.55241;-1.02713;-2.60226;
15.8996;-1.7161;2.4497;-1.02713;-2.60226;
15.728;-1.7161;2.34698;-1.02713;-2.60226;
15.5564;-1.7161;2.24427;-1.02713;-2.60226;
15.3848;-1.7161;2.14156;-1.02713;-2.60226;
15.2132;-1.7161;2.03884;-1.02713;-2.60226;
15.0416;-1.7161;1.93613;-1.02713;-2.60226;
14.8699;-1.7161;1.83342;-1.02713;-2.60226;
14.6983;-1.7161;1.73071;-1.02713;-2.60226;
14.5267;-1.7161;1.62799;-1.02713;-2.60226;
14.3551;-1.7161;1.52528;-1.02713;-2.60226;
14.1835;-1.7161;1.42257;-1.02713;-2.60226;
14.0119;-1.7161;1.31986;-1.02713;-2.60226;
13.8403;-1.7161;1.21714;-1.02713;-2.60226;
13.6687;-1.7161;1.11443;-1.02713;-2.60226;
13.4971;-1.7161;1.01172;-1.02713;-2.60226;
13.3255;-1.7161;0.909004;-1.02713;-2.60226;
13.1538;-1.7161;0.806291;-1.02713;-2.60226;
12.9822;-1.7161;0.703579;-1.02713;-2.60226;
12.8106;-1.7161;0.600866;-1.02713;-2.60226;
12.639;-1.7161;0.498153;-1.02713;-2.60226;
12.4674;-1.7161;0.39544;-1.02713;-2.60226;
12.2958;-1.7161;0.292727;-1.02713;-2.60226;
12.1242;-1.7161;0.190015;-1.02713;-2.60226;
11.9526;-1.7161;0.0873019;-1.02713;-2.60226;
11.781;-1.7161;-0.0154109;-1.02713;-2.60226;
11.6094;-1.7161;-0.118124;-1.02713;-2.60226;
11.4377;-1.7161;-0.220836;-1.02713;-2.60226;
11.2661;-1.7161;-0.323549;-1.02713;-2.60226;
11.0945;-1.7161;-0.426262;-1.02713;-2.60226;
10.9229;-1.7161;-0.528975;-1.02713;-2.60226;
10.7513;-1.7161;-0.631688;-1.02713;-2.60226;
10.5797;-1.7161;-0.7344;-1.02713;-2.60226;
10.4081;-1.7161;-0.837113;-1.02713;-2.60226;
10.2365;-1.7161;-0.939826;-1.02713;-2.60226;
10.0649;-1.7161;-1.04254;-1.02713;-2.60226;
9.89325;-1.7161;-1.14525;-1.02713;-2.60226;
9.72164;-1.7161;-1.24796;-1.02713;-2.60226;
9.55003;-1.7161;-1.35068;-1.02713;-2.60226;
9.37842;-1.7161;-1.45339;-1.02713;-2.60226;
9.20681;-1.7161;-1.5561;-1.02713;-2.60226;
9.0352;-1.7161;-1.65882;-1.02713;-2.60226;
8.86359;-1.7161;-1.76153;-1.02713;-2.60226;
8.69198;-1.7161;-1.86424;-1.02713;-2.60226;
8.52037;-1.7161;-1.96695;-1.02713;-2.60226;
8.34876;-1.7161;-2.06967;-1.02713;-2.60226;
8.17714;-1.7161;-2.17238;-1.02713;-2.60226;
8.00553;-1.7161;-2.27509;-1.02713;-2.60226;
7.83392;-1.7161;-2.3778;-1.02713;-2.60226;
7.66231;-1.7161;-2.48052;-1.02713;-2.60226;
7.4907;-1.7161;-2.58323;-1.02713;-2.60226;
7.31909;-1.7161;-2.68594;-1.02713;-2.60226;
7.14748;-1.7161;-2.78866;-1.02713;-2.60226;
6.97587;-1.7161;-2.89137;-1.02713;-2.60226;
6.80426;-1.7161;-2.99408;-1.02713;-2.60226;
6.63265;-1.7161;-3.09679;-1.02713;-2.60226;
6.46104;-1.7161;-3.19951;-1.02713;-2.60226;
6.28943;-1.7161;-3.30222;-1.02713;-2.60226;
6.11782;-1.7161;-3.40493;-1.02713;-2.60226;
5.94621;-1.7161;-3.50765;-1.02713;-2.60226;
5.7746;-1.7161;-3.61036;-1.02713;-2.60226;
5.60299;-1.7161;-3.71307;-1.02713;-2.60226;
5.43138;-1.7161;-3.81578;-1.02713;-2.60226;
5.25977;-1.7161;-3.9185;-1.02713;-2.60226;
5.08816;-1.7161;-4.02121;-1.02713;-2.60226;
4.91655;-1.7161;-4.12392;-1.02713;-2.60226;
4.74494;-1.7161;-4.22663;-1.02713;-2.60226;
4.57333;-1.7161;-4.32935;-1.02713;-2.60226;
4.40172;-1.7161;-4.43206;-1.02713;-2.60226;
4.23011;-1.7161;-4.53477;-1.02713;-2.60226;
4.0585;-1.7161;-4.63749;-1.02713;-2.60226;
3.88689;-1.7161;-4.7402;-1.02713;-2.60226;
3.71528;-1.7161;-4.84291;-1.02713;-2.60226;
3.54367;-1.7161;-4.94562;-1.02713;-2.60226;
3.37206;-1.7161;-5.04834;-1.02713;-2.60226;
3.20045;-1.7161;-5.15105;-1.02713;-2.60226;
3.02884;-1.7161;-5.25376;-1.02713;-2.60226;
2.85723;-1.7161;-5.35648;-1.02713;-2.60226;
2.68562;-1.7161;-5.45919;-1.02713;-2.60226;
2.51401;-1.7161;-5.5619;-1.02713;-2.60226;
2.3424;-1.7161;-5.66461;-1.02713;-2.60226;
2.17079;-1.7161;-5.76733;-1.02713;-2.60226;
1.99918;-1.7161;-5.87004;-1.02713;-2.60226;
1.82756;-1.7161;-5.97275;-1.02713;-2.60226;
1.65595;-1.7161;-6.07547;-1.02713;-2.60226;
1.48434;-1.7161;-6.17818;-1.02713;-2.60226;
1.31273;-1.7161;-6.28089;-1.02713;-2.60226;
1.14112;-1.7161;-6.3836;-1.02713;-2.60226;
0.969513;-1.7161;-6.48632;-1.02713;-2.60226;
0.797903;-1.7161;-6.58903;-1.02713;-2.60226;
0.626293;-1.7161;-6.69174;-1.02713;-2.60226;
0.454683;-1.7161;-6.79445;-1.02713;-2.60226;
0.283072;-1.7161;-6.89717;-1.02713;-2.60226;
0.111462;-1.7161;-6.99988;-1.02713;-2.60226;
-0.0601481;-1.7161;-7.10259;-1.02713;-2.60226;
-0.231758;-1.7161;-7.20531;-1.02713;-2.60226;
-0.403369;-1.7161;-7.30802;-1.02713;-2.60226;
-0.574979;-1.7161;-7.41073;-1.02713;-2.60226;
-0.746589;-1.7161;-7.51344;-1.02713;-2.60226;
-0.918199;-1.7161;-7.61616;-1.02713;-2.60226;
-1.08981;-1.7161;-7.71887;-1.02713;-2.60226;
-1.26142;-1.7161;-7.82158;-1.02713;-2.60226;
-1.43303;-1.7161;-7.9243;-1.02713;-2.60226;
-1.60464;-1.7161;-8.02701;-1.02713;-2.60226;
-1.77625;-1.7161;-8.12972;-1.02713;-2.60226;
-1.94786;-1.7161;-8.23243;-1.02713;-2.60226;
-2.11947;-1.7161;-8.33515;-1.02713;-2.60226;
-2.29108;-1.7161;-8.43786;-1.02713;-2.60226;
-2.46269;-1.7161;-8.54057;-1.02713;-2.60226;
-2.6343;-1.7161;-8.64328;-1.02713;-2.60226;
-2.80591;-1.7161;-8.746;-1.02713;-2.60226;
-2.97752;-1.7161;-8.84871;-1.02713;-2.60226;
-3.14913;-1.7161;-8.95142;-1.02713;-2.60226;
-3.32074;-1.7161;-9.05414;-1.02713;-2.60226;
-3.49235;-1.7161;-9.15685;-1.02713;-2.60226;
-3.66396;-1.7161;-9.25956;-1.02713;-2.60226;
-3.83557;-1.7161;-9.36227;-1.02713;-2.60226;
-4.00718;-1.7161;-9.46499;-1.02713;-2.60226;
-4.17879;-1.7161;-9.5677;-1.02713;-2.60226;
-4.3504;-1.7161;-9.67041;-1.02713;-2.60226;
-4.52202;-1.7161;-9.77313;-1.02713;-2.60226;
-4.69363;-1.7161;-9.87584;-1.02713;-2.60226;
-4.86524;-1.7161;-9.97855;-1.02713;-2.60226;
-5.03685;-1.7161;-10.0813;-1.02713;-2.60226;
-5.20846;-1.7161;-10.184;-1.02713;-2.60226;
-5.38007;-1.7161;-10.2867;-1.02713;-2.60226;
-5.55168;-1.7161;-10.3894;-1.02713;-2.60226;
-5.72329;-1.7161;-10.4921;-1.02713;-2.60226;
-5.8949;-1.7161;-10.5948;-1.02713;-2.60226;
-6.06651;-1.7161;-10.6975;-1.02713;-2.60226;
-6.23812;-1.7161;-10.8003;-1.02713;-2.60226;
-6.40973;-1.7161;-10.903;-1.02713;-2.60226;
-6.58134;-1.7161;-11.0057;-1.02713;-2.60226;
-6.75295;-1.7161;-11.1084;-1.02713;-2.60226;
-6.92456;-1.7161;-11.2111;-1.02713;-2.60226;
-7.09617;-1.7161;-11.3138;-1.02713;-2.60226;
-7.26778;-1.7161;-11.4165;-1.02713;-2.60226;
-7.43939;-1.7161;-11.5192;-1.02713;-2.60226;
-7.611;-1.7161;-11.622;-1.02713;-2.60226;
-7.78261;-1.7161;-11.7247;-1.02713;-2.60226;
-7.95422;-1.7161;-11.8274;-1.02713;-2.60226;
-8.12583;-1.7161;-11.9301;-1.02713;-2.60226;
-8.29744;-1.7161;-12.0328;-1.02713;-2.60226;
-8.46905;-1.7161;-12.1355;-1.02713;-2.60226;
-8.64066;-1.7161;-12.2382;-1.02713;-2.60226;
-8.81227;-1.7161;-12.3409;-1.02713;-2.60226;
-8.98388;-1.7161;-12.4437;-1.02713;-2.60226;
-9.15549;-1.7161;-12.5464;-1.02713;-2.60226;
-9.3271;-1.7161;-12.6491;-1.02713;-2.60226;
-9.49871;-1.7161;-12.7518;-1.02713;-2.60226;
-9.67032;-1.7161;-12.8545;-1.02713;-2.60226;
-9.84193;-1.7161;-12.9572;-1.02713;-2.60226;
-10.0135;-1.7161;-13.0599;-1.02713;-2.60226;
-10.1852;-1.7161;-13.1626;-1.02713;-2.60226;
-10.3568;-1.7161;-13.2654;-1.02713;-2.60226;
-10.5284;-1.7161;-13.3681;-1.02713;-2.60226;
-10.7;-1.7161;-13.4708;-1.02713;-2.60226;
-10.8716;-1.7161;-13.5735;-1.02713;-2.60226;
-11.0432;-1.7161;-13.6762;-1.02713;-2.60226;
-11.2148;-1.7161;-13.7789;-1.02713;-2.60226;
-11.3864;-1.7161;-13.8816;-1.02713;-2.60226;
-11.558;-1.7161;-13.9843;-1.02713;-2.60226;
-11.7296;-1.7161;-14.0871;-1.02713;-2.60226;
-11.9013;-1.7161;-14.1898;-1.02713;-2.60226;
-12.0729;-1.7161;-14.2925;-1.02713;-2.60226;
-12.2445;-1.7161;-14.3952;-1.02713;-2.60226;
-12.4161;-1.7161;-14.4979;-1.02713;-2.60226;
-12.5877;-1.7161;-14.6006;-1.02713;-2.60226;
-12.7593;-1.7161;-14.7033;-1.02713;-2.60226;
-12.9309;-1.7161;-14.8061;-1.02713;-2.60226;
-13.1025;-1.7161;-14.9088;-1.02713;-2.60226;
-13.2741;-1.7161;-15.0115;-1.02713;-2.60226;
-13.4457;-1.7161;-15.1142;-1.02713;-2.60226;
-13.6174;-1.7161;-15.2169;-1.02713;-2.60226;
-13.789;-1.7161;-15.3196;-1.02713;-2.60226;
-13.9606;-1.7161;-15.4223;-1.02713;-2.60226;
-14.1322;-1.7161;-15.525;-1.02713;-2.60226;
-14.3038;-1.7161;-15.6278;-1.02713;-2.60226;
-14.4754;-1.7161;-15.7305;-1.02713;-2.60226;
-14.647;-1.7161;-15.8332;-1.02713;-2.60226;
-14.8186;-1.7161;-15.9359;-1.02713;-2.60226;
-14.9902;-1.7161;-16.0386;-1.02713;-2.60226;
-15.1619;-1.7161;-16.1413;-1.02713;-2.60226;
-15.3335;-1.7161;-16.244;-1.02713;-2.60226;
-15.5051;-1.7161;-16.3467;-1.02713;-2.60226;
-15.6767;-1.7161;-16.4495;-1.02713;-2.60226;
-15.8483;-1.7161;-16.5522;-1.02713;-2.60226;
-16.0199;-1.7161;-16.6549;-1.02713;-2.60226;
-16.1915;-1.7161;-16.7576;-1.02713;-2.60226;
-16.3631;-1.7161;-16.8603;-1.02713;-2.60226;
-16.5347;-1.7161;-16.963;-1.02713;-2.60226;
-16.7063;-1.7161;-17.0657;-1.02713;-2.60226;
-16.878;-1.7161;-17.1684;-1.02713;-2.60226;
-17.0496;-1.7161;-17.2712;-1.02713;-2.60226;
-17.2212;-1.7161;-17.3739;-1.02713;-2.60226;
-17.3928;-1.7161;-17.4766;-1.02713;-2.60226;
-17.5644;-1.7161;-17.5793;-1.02713;-2.60226;
-17.736;-1.7161;-17.682;-1.02713;-2.60226;
-17.9076;-1.7161;-17.7847;-1.02713;-2.60226;
-18.0792;-1.7161;-17.8874;-1.02713;-2.60226;
-18.2508;-1.7161;-17.9901;-1.02713;-2.60226;
-18.4224;-1.7161;-18.0929;-1.02713;-2.60226;
-18.5941;-1.7161;-18.1956;-1.02713;-2.60226;
-18.7657;-1.7161;-18.2983;-1.02713;-2.60226;
-18.9373;-1.7161;-18.401;-1.02713;-2.60226;
-19.1089;-1.7161;-18.5037;-1.02713;-2.60226;
-19.2805;-1.7161;-18.6064;-1.02713;-2.60226;
-19.4521;-1.7161;-18.7091;-1.02713;-2.60226;
-19.6237;-1.7161;-18.8119;-1.02713;-2.60226;
-19.7953;-1.7161;-18.9146;-1.02713;-2.60226;
-19.9669;-1.7161;-19.0173;-1.02713;-2.60226;
-20.1385;-1.7161;-19.12;-1.02713;-2.60226;
-20.3102;-1.7161;-19.2227;-1.02713;-2.60226;
-20.4818;-1.7161;-19.3254;-1.02713;-2.60226;
-20.6534;-1.7161;-19.4281;-1.02713;-2.60226;
-20.825;-1.7161;-19.5308;-1.02713;-2.60226;
-20.9966;-1.7161;-19.6336;-1.02713;-2.60226;
-21.1682;-1.7161;-19.7363;-1.02713;-2.60226;
-21.3398;-1.7161;-19.839;-1.02713;-2.60226;
-21.5114;-1.7161;-19.9417;-1.02713;-2.60226;
-21.683;-1.7161;-20.0444;-1.02713;-2.60226;
-21.8547;-1.7161;-20.1471;-1.02713;-2.60226;
-22.0263;-1.7161;-20.2498;-1.02713;-2.60226;
-22.1979;-1.7161;-20.3525;-1.02713;-2.60226;
-22.3695;-1.7161;-20.4553;-1.02713;-2.60226;
-22.5411;-1.7161;-20.558;-1.02713;-2.60226;
-22.7127;-1.7161;-20.6607;-1.02713;-2.60226;
-22.8843;-1.7161;-20.7634;-1.02713;-2.60226;
-23.0559;-1.7161;-20.8661;-1.02713;-2.60226;
-23.2275;-1.7161;-20.9688;-1.02713;-2.60226;
-23.3991;-1.7161;-21.0715;-1.02713;-2.60226;
-23.5708;-1.7161;-21.1742;-1.02713;-2.60226;
-23.7424;-1.7161;-21.277;-1.02713;-2.60226;
-23.914;-1.7161;-21.3797;-1.02713;-2.60226;
-24.0856;-1.7161;-21.4824;-1.02713;-2.60226;
-24.2572;-1.7161;-21.5851;-1.02713;-2.60226;
-24.4288;-1.7161;-21.6878;-1.02713;-2.60226;
-24.6004;-1.7161;-21.7905;-1.02713;-2.60226;
-24.772;-1.7161;-21.8932;-1.02713;-2.60226;
-24.9436;-1.7161;-21.9959;-1.02713;-2.60226;
-25.1152;-1.7161;-22.0987;-1.02713;-2.60226;
-25.2869;-1.7161;-22.2014;-1.02713;-2.60226;
-25.4585;-1.7161;-22.3041;-1.02713;-2.60226;
-25.6301;-1.7161;-22.4068;-1.02713;-2.60226;
-25.8017;-1.7161;-22.5095;-1.02713;-2.60226;
-25.9733;-1.7161;-22.6122;-1.02713;-2.60226;
-26.1449;-1.7161;-22.7149;-1.02713;-2.60226;
-26.3165;-1.7161;-22.8176;-1.02713;-2.60226;
-26.4881;-1.7161;-22.9204;-1.02713;-2.60226;
-26.6597;-1.7161;-23.0231;-1.02713;-2.60226;
-26.8314;-1.7161;-23.1258;-1.02713;-2.60226;
-27.003;-1.7161;-23.2285;-1.02713;-2.60226;
-27.1746;-1.7161;-23.3312;-1.02713;-2.60226;
-27.3462;-1.7161;-23.4339;-1.02713;-2.60226;
-27.5178;-1.7161;-23.5366;-1.02713;-2.60226;
-27.6894;-1.7161;-23.6394;-1.02713;-2.60226;
-27.861;-1.7161;-23.7421;-1.02713;-2.60226;
-28.0326;-1.7161;-23.8448;-1.02713;-2.60226;
-28.2042;-1.7161;-23.9475;-1.02713;-2.60226;
-28.3758;-1.7161;-24.0502;-1.02713;-2.60226;
-28.5475;-1.7161;-24.1529;-1.02713;-2.60226;
-28.7191;-1.7161;-24.2556;-1.02713;-2.60226;
-28.8907;-1.7161;-24.3583;-1.02713;-2.60226;
-29.0623;-1.7161;-24.4611;-1.02713;-2.60226;
-29.2339;-1.7161;-24.5638;-1.02713;-2.60226;
-29.4055;-1.7161;-24.6665;-1.02713;-2.60226;
-29.5771;-1.7161;-24.7692;-1.02713;-2.60226;
-29.7487;-1.7161;-24.8719;-1.02713;-2.60226;
-29.9203;-1.7161;-24.9746;-1.02713;-2.60226;

29.9081;-1.7161;-25.0773;-1.02713;-2.60226;
29.7364;-1.7161;-25.18;-1.02713;-2.60226;
29.5648;-1.7161;-25.2828;-1.02713;-2.60226;
29.3932;-1.7161;-25.3855;-1.02713;-2.60226;
29.2216;-1.7161;-25.4882;-1.02713;-2.60226;
29.05;-1.7161;-25.5909;-1.02713;-2.60226;
28.8784;-1.7161;-25.6936;-1.02713;-2.60226;
28.7068;-1.7161;-25.7963;-1.02713;-2.60226;
28.5352;-1.7161;-25.899;-1.02713;-2.60226;
28.3636;-1.7161;-26.0017;-1.02713;-2.60226;
28.192;-1.7161;-26.1045;-1.02713;-2.60226;
28.0203;-1.7161;-26.2072;-1.02713;-2.60226;
27.8487;-1.7161;-26.3099;-1.02713;-2.60226;
27.6771;-1.7161;-26.4126;-1.02713;-2.60226;
27.5055;-1.7161;-26.5153;-1.02713;-2.60226;
27.3339;-1.7161;-26.618;-1.02713;-2.60226;
27.1623;-1.7161;-26.7207;-1.02713;-2.60226;
26.9907;-1.7161;-26.8234;-1.02713;-2.60226;
26.8191;-1.7161;-26.9262;-1.02713;-2.60226;
26.6475;-1.7161;-27.0289;-1.02713;-2.60226;
26.4758;-1.7161;-27.1316;-1.02713;-2.60226;
26.3042;-1.7161;-27.2343;-1.02713;-2.60226;
26.1326;-1.7161;-27.337;-1.02713;-2.60226;
25.961;-1.7161;-27.4397;-1.02713;-2.60226;
25.7894;-1.7161;-27.5424;-1.02713;-2.60226;
25.6178;-1.7161;-27.6451;-1.02713;-2.60226;
25.4462;-1.7161;-27.7479;-1.02713;-2.60226;
25.2746;-1.7161;-27.8506;-1.02713;-2.60226;
25.103;-1.7161;-27.9533;-1.02713;-2.60226;
24.9314;-1.7161;-28.056;-1.02713;-2.60226;
24.7597;-1.7161;-28.1587;-1.02713;-2.60226;
24.5881;-1.7161;-28.2614;-1.02713;-2.60226;
24.4165;-1.7161;-28.3641;-1.02713;-2.60226;
24.2449;-1.7161;-28.4669;-1.02713;-2.60226;
24.0733;-1.7161;-28.5696;-1.02713;-2.60226;
23.9017;-1.7161;-28.6723;-1.02713;-2.60226;
23.7301;-1.7161;-28.775;-1.02713;-2.60226;
23.5585;-1.7161;-28.8777;-1.02713;-2.60226;
23.3869;-1.7161;-28.9804;-1.02713;-2.60226;
23.2153;-1.7161;-29.0831;-1.02713;-2.60226;
23.0436;-1.7161;-29.1858;-1.02713;-2.60226;
22.872;-1.7161;-29.2886;-1.02713;-2.60226;
22.7004;-1.7161;-29.3913;-1.02713;-2.60226;
22.5288;-1.7161;-29.494;-1.02713;-2.60226;
22.3572;-1.7161;-29.5967;-1.02713;-2.60226;
22.1856;-1.7161;-29.6994;-1.02713;-2.60226;
22.014;-1.7161;-29.8021;-1.02713;-2.60226;
21.8424;-1.7161;-29.9048;-1.02713;-2.60226;

21.6708;-1.7161;29.9925;-1.02713;-2.60226;
21.4992;-1.7161;29.8897;-1.02713;-2.60226;
21.3275;-1.7161;29.787;-1.02713;-2.60226;
21.1559;-1.7161;29.6843;-1.02713;-2.60226;
20.9843;-1.7161;29.5816;-1.02713;-2.60226;
20.8127;-1.7161;29.4789;-1.02713;-2.60226;
20.6411;-1.7161;29.3762;-1.02713;-2.60226;
20.4695;-1.7161;29.2735;-1.02713;-2.60226;
20.2979;-1.7161;29.1708;-1.02713;-2.60226;
20.1263;-1.7161;29.068;-1.02713;-2.60226;
19.9547;-1.7161;28.9653;-1.02713;-2.60226;
19.783;-1.7161;28.8626;-1.02713;-2.60226;
19.6114;-1.7161;28.7599;-1.02713;-2.60226;
19.4398;-1.7161;28.6572;-1.02713;-2.60226;
19.2682;-1.7161;28.5545;-1.02713;-2.60226;
19.0966;-1.7161;28.4518;-1.02713;-2.60226;
18.925;-1.7161;28.3491;-1.02713;-2.60226;
18.7534;-1.7161;28.2463;-1.02713;-2.60226;
18.5818;-1.7161;28.1436;-1.02713;-2.60226;
18.4102;-1.7161;28.0409;-1.02713;-2.60226;
18.2386;-1.7161;27.9382;-1.02713;-2.60226;
18.0669;-1.7161;27.8355;-1.02713;-2.60226;
17.8953;-1.7161;27.7328;-1.02713;-2.60226;
17.7237;-1.7161;27.6301;-1.02713;-2.60226;
17.5521;-1.7161;27.5273;-1.02713;-2.60226;
17.3805;-1.7161;27.4246;-1.02713;-2.60226;
17.2089;-1.7161;27.3219;-1.02713;-2.60226;
17.0373;-1.7161;27.2192;-1.02713;-2.60226;
16.8657;-1.7161;27.1165;-1.02713;-2.60226;
16.6941;-1.7161;27.0138;-1.02713;-2.60226;
16.5225;-1.7161;26.9111;-1.02713;-2.60226;
16.3508;-1.7161;26.8084;-1.02713;-2.60226;
16.1792;-1.7161;26.7056;-1.02713;-2.60226;
16.0076;-1.7161;26.6029;-1.02713;-2.60226;
15.836;-1.7161;26.5002;-1.02713;-2.60226;
15.6644;-1.7161;26.3975;-1.02713;-2.60226;
15.4928;-1.7161;26.2948;-1.02713;-2.60226;
15.3212;-1.7161;26.1921;-1.02713;-2.60226;
15.1496;-1.7161;26.0894;-1.02713;-2.60226;
14.978;-1.7161;25.9867;-1.02713;-2.60226;
14.8064;-1.7161;25.8839;-1.02713;-2.60226;
14.6347;-1.7161;25.7812;-1.02713;-2.60226;
14.4631;-1.7161;25.6785;-1.02713;-2.60226;
14.2915;-1.7161;25.5758;-1.02713;-2.60226;
14.1199;-1.7161;25.4731;-1.02713;-2.60226;
13.9483;-1.7161;25.3704;-1.02713;-2.60226;
13.7767;-1.7161;25.2677;-1.02713;-2.60226;
13.6051;-1.7161;25.165;-1.02713;-2.60226;
13.4335;-1.7161;25.0622;-1.02713;-2.60226;
13.2619;-1.7161;24.9595;-1.02713;-2.60226;
13.0902;-1.7161;24.8568;-1.02713;-2.60226;
12.9186;-1.7161;24.7541;-1.02713;-2.60226;
12.747;-1.7161;24.6514;-1.02713;-2.60226;
12.5754;-1.7161;24.5487;-1.02713;-2.60226;
12.4038;-1.7161;24.446;-1.02713;-2.60226;
12.2322;-1.7161;24.3433;-1.02713;-2.60226;
12.0606;-1.7161;24.2405;-1.02713;-2.60226;
11.889;-1.7161;24.1378;-1.02713;-2.60226;
11.7174;-1.7161;24.0351;-1.02713;-2.60226;
11.5458;-1.7161;23.9324;-1.02713;-2.60226;
11.3741;-1.7161;23.8297;-1.02713;-2.60226;
11.2025;-1.7161;23.727;-1.02713;-2.60226;
11.0309;-1.7161;23.6243;-1.02713;-2.60226;
10.8593;-1.7161;23.5216;-1.02713;-2.60226;
10.6877;-1.7161;23.4188;-1.02713;-2.60226;
10.5161;-1.7161;23.3161;-1.02713;-2.60226;
10.3445;-1.7161;23.2134;-1.02713;-2.60226;
10.1729;-1.7161;23.1107;-1.02713;-2.60226;
10.0013;-1.7161;23.008;-1.02713;-2.60226;
9.82965;-1.7161;22.9053;-1.02713;-2.60226;
9.65804;-1.7161;22.8026;-1.02713;-2.60226;
9.48643;-1.7161;22.6998;-1.02713;-2.60226;
9.31482;-1.7161;22.5971;-1.02713;-2.60226;
9.14321;-1.7161;22.4944;-1.02713;-2.60226;
8.9716;-1.7161;22.3917;-1.02713;-2.60226;
8.79999;-1.7161;22.289;-1.02713;-2.60226;
8.62838;-1.7161;22.1863;-1.02713;-2.60226;
8.45677;-1.7161;22.0836;-1.02713;-2.60226;
8.28516;-1.7161;21.9809;-1.02713;-2.60226;
8.11355;-1.7161;21.8781;-1.02713;-2.60226;
7.94194;-1.7161;21.7754;-1.02713;-2.60226;
7.77033;-1.7161;21.6727;-1.02713;-2.60226;
7.59872;-1.7161;21.57;-1.02713;-2.60226;
7.42711;-1.7161;21.4673;-1.02713;-2.60226;
7.2555;-1.7161;21.3646;-1.02713;-2.60226;
7.08389;-1.7161;21.2619;-1.02713;-2.60226;
6.91228;-1.7161;21.1592;-1.02713;-2.60226;
6.74067;-1.7161;21.0564;-1.02713;-2.60226;
6.56906;-1.7161;20.9537;-1.02713;-2.60226;
6.39745;-1.7161;20.851;-1.02713;-2.60226;
6.22584;-1.7161;20.7483;-1.02713;-2.60226;
6.05423;-1.7161;20.6456;-1.02713;-2.60226;
5.88262;-1.7161;20.5429;-1.02713;-2.60226;
5.71101;-1.7161;20.4402;-1.02713;-2.60226;
5.5394;-1.7161;20.3375;-1.02713;-2.60226;
5.36779;-1.7161;20.2347;-1.02713;-2.60226;
5.19618;-1.7161;20.132;-1.02713;-2.60226;
5.02457;-1.7161;20.0293;-1.02713;-2.60226;
4.85296;-1.7161;19.9266;-1.02713;-2.60226;
4.68135;-1.7161;19.8239;-1.02713;-2.60226;
4.50974;-1.7161;19.7212;-1.02713;-2.60226;
4.33812;-1.7161;19.6185;-1.02713;-2.60226;
4.16651;-1.7161;19.5158;-1.02713;-2.60226;
3.9949;-1.7161;19.413;-1.02713;-2.60226;
3.82329;-1.7161;19.3103;-1.02713;-2.60226;
3.65168;-1.7161;19.2076;-1.02713;-2.60226;
3.48007;-1.7161;19.1049;-1.02713;-2.60226;
3.30846;-1.7161;19.0022;-1.02713;-2.60226;
3.13685;-1.7161;18.8995;-1.02713;-2.60226;
2.96524;-1.7161;18.7968;-1.02713;-2.60226;
2.79363;-1.7161;18.6941;-1.02713;-2.60226;
2.62202;-1.7161;18.5913;-1.02713;-2.60226;
2.45041;-1.7161;18.4886;-1.02713;-2.60226;
2.2788;-1.7161;18.3859;-1.02713;-2.60226;
2.10719;-1.7161;18.2832;-1.02713;-2.60226;
1.93558;-1.7161;18.1805;-1.02713;-2.60226;
1.76397;-1.7161;18.0778;-1.02713;-2.60226;
1.59236;-1.7161;17.9751;-1.02713;-2.60226;
1.42075;-1.7161;17.8723;-1.02713;-2.60226;
1.24914;-1.7161;17.7696;-1.02713;-2.60226;
1.07753;-1.7161;17.6669;-1.02713;-2.60226;
0.905919;-1.7161;17.5642;-1.02713;-2.60226;
0.734309;-1.7161;17.4615;-1.02713;-2.60226;
0.562699;-1.7161;17.3588;-1.02713;-2.60226;
0.391089;-1.7161;17.2561;-1.02713;-2.60226;
0.219478;-1.7161;17.1534;-1.02713;-2.60226;
0.047868;-1.7161;17.0506;-1.02713;-2.60226;
-0.123742;-1.7161;16.9479;-1.02713;-2.60226;
-0.295353;-1.7161;16.8452;-1.02713;-2.60226;
-0.466963;-1.7161;16.7425;-1.02713;-2.60226;
-0.638573;-1.7161;16.6398;-1.02713;-2.60226;
-0.810183;-1.7161;16.5371;-1.02713;-2.60226;
-0.981794;-1.7161;16.4344;-1.02713;-2.60226;
-1.1534;-1.7161;16.3317;-1.02713;-2.60226;
-1.32501;-1.7161;16.2289;-1.02713;-2.60226;
-1.49662;-1.7161;16.1262;-1.02713;-2.60226;
-1.66823;-1.7161;16.0235;-1.02713;-2.60226;
-1.83984;-1.7161;15.9208;-1.02713;-2.60226;
-2.01146;-1.7161;15.8181;-1.02713;-2.60226;
-2.18307;-1.7161;15.7154;-1.02713;-2.60226;
-2.35468;-1.7161;15.6127;-1.02713;-2.60226;
-2.52629;-1.7161;15.51;-1.02713;-2.60226;
-2.6979;-1.7161;15.4072;-1.02713;-2.60226;
-2.86951;-1.7161;15.3045;-1.02713;-2.60226;
-3.04112;-1.7161;15.2018;-1.02713;-2.60226;
-3.21273;-1.7161;15.0991;-1.02713;-2.60226;
-3.38434;-1.7161;14.9964;-1.02713;-2.60226;
-3.55595;-1.7161;14.8937;-1.02713;-2.60226;
-3.72756;-1.7161;14.791;-1.02713;-2.60226;
-3.89917;-1.7161;14.6883;-1.02713;-2.60226;
-4.07078;-1.7161;14.5855;-1.02713;-2.60226;
-4.24239;-1.7161;14.4828;-1.02713;-2.60226;
-4.414;-1.7161;14.3801;-1.02713;-2.60226;
-4.58561;-1.7161;14.2774;-1.02713;-2.60226;
-4.75722;-1.7161;14.1747;-1.02713;-2.60226;
-4.92883;-1.7161;14.072;-1.02713;-2.60226;
-5.10044;-1.7161;13.9693;-1.02713;-2.60226;
-5.27205;-1.7161;13.8665;-1.02713;-2.60226;
-5.44366;-1.7161;13.7638;-1.02713;-2.60226;
-5.61527;-1.7161;13.6611;-1.02713;-2.60226;
-5.78688;-1.7161;13.5584;-1.02713;-2.60226;
-5.95849;-1.7161;13.4557;-1.02713;-2.60226;
-6.1301;-1.7161;13.353;-1.02713;-2.60226;
-6.30171;-1.7161;13.2503;-1.02713;-2.60226;
-6.47332;-1.7161;13.1476;-1.02713;-2.60226;
-6.64493;-1.7161;13.0448;-1.02713;-2.60226;
-6.81654;-1.7161;12.9421;-1.02713;-2.60226;
-6.98815;-1.7161;12.8394;-1.02713;-2.60226;
-7.15976;-1.7161;12.7367;-1.02713;-2.60226;
-7.33137;-1.7161;12.634;-1.02713;-2.60226;
-7.50298;-1.7161;12.5313;-1.02713;-2.60226;
-7.67459;-1.7161;12.4286;-1.02713;-2.60226;
-7.8462;-1.7161;12.3259;-1.02713;-2.60226;
-8.01781;-1.7161;12.2231;-1.02713;-2.60226;
-8.18942;-1.7161;12.1204;-1.02713;-2.60226;
-8.36104;-1.7161;12.0177;-1.02713;-2.60226;
-8.53265;-1.7161;11.915;-1.02713;-2.60226;
-8.70426;-1.7161;11.8123;-1.02713;-2.60226;
-8.87587;-1.7161;11.7096;-1.02713;-2.60226;
-9.04748;-1.7161;11.6069;-1.02713;-2.60226;
-9.21909;-1.7161;11.5042;-1.02713;-2.60226;
-9.3907;-1.7161;11.4014;-1.02713;-2.60226;
-9.56231;-1.7161;11.2987;-1.02713;-2.60226;
-9.73392;-1.7161;11.196;-1.02713;-2.60226;
-9.90553;-1.7161;11.0933;-1.02713;-2.60226;
-10.0771;-1.7161;10.9906;-1.02713;-2.60226;
-10.2487;-1.7161;10.8879;-1.02713;-2.60226;
-10.4204;-1.7161;10.7852;-1.02713;-2.60226;
-10.592;-1.7161;10.6825;-1.02713;-2.60226;
-10.7636;-1.7161;10.5797;-1.02713;-2.60226;
-10.9352;-1.7161;10.477;-1.02713;-2.60226;
-11.1068;-1.7161;10.3743;-1.02713;-2.60226;
-11.2784;-1.7161;10.2716;-1.02713;-2.60226;
-11.45;-1.7161;10.1689;-1.02713;-2.60226;
-11.6216;-1.7161;10.0662;-1.02713;-2.60226;
-11.7932;-1.7161;9.96346;-1.02713;-2.60226;
-11.9649;-1.7161;9.86075;-1.02713;-2.60226;
-12.1365;-1.7161;9.75804;-1.02713;-2.60226;
-12.3081;-1.7161;9.65533;-1.02713;-2.60226;
-12.4797;-1.7161;9.55261;-1.02713;-2.60226;
-12.6513;-1.7161;9.4499;-1.02713;-2.60226;
-12.8229;-1.7161;9.34719;-1.02713;-2.60226;
-12.9945;-1.7161;9.24447;-1.02713;-2.60226;
-13.1661;-1.7161;9.14176;-1.02713;-2.60226;
-13.3377;-1.7161;9.03905;-1.02713;-2.60226;
-13.5093;-1.7161;8.93634;-1.02713;-2.60226;
-13.681;-1.7161;8.83362;-1.02713;-2.60226;
-13.8526;-1.7161;8.73091;-1.02713;-2.60226;
-14.0242;-1.7161;8.6282;-1.02713;-2.60226;
-14.1958;-1.7161;8.52549;-1.02713;-2.60226;
-14.3674;-1.7161;8.42277;-1.02713;-2.60226;
-14.539;-1.7161;8.32006;-1.02713;-2.60226;
-14.7106;-1.7161;8.21735;-1.02713;-2.60226;
-14.8822;-1.7161;8.11463;-1.02713;-2.60226;
-15.0538;-1.7161;8.01192;-1.02713;-2.60226;
-15.2254;-1.7161;7.90921;-1.02713;-2.60226;
-15.3971;-1.7161;7.8065;-1.02713;-2.60226;
-15.5687;-1.7161;7.70378;-1.02713;-2.60226;
-15.7403;-1.7161;7.60107;-1.02713;-2.60226;
-15.9119;-1.7161;7.49836;-1.02713;-2.60226;
-16.0835;-1.7161;7.39564;-1.02713;-2.60226;
-16.2551;-1.7161;7.29293;-1.02713;-2.60226;
-16.4267;-1.7161;7.19022;-1.02713;-2.60226;
-16.5983;-1.7161;7.08751;-1.02713;-2.60226;
-16.7699;-1.7161;6.98479;-1.02713;-2.60226;
-16.9415;-1.7161;6.88208;-1.02713;-2.60226;
-17.1132;-1.7161;6.77937;-1.02713;-2.60226;
-17.2848;-1.7161;6.67666;-1.02713;-2.60226;
-17.4564;-1.7161;6.57394;-1.02713;-2.60226;
-17.628;-1.7161;6.47123;-1.02713;-2.60226;
-17.7996;-1.7161;6.36852;-1.02713;-2.60226;
-17.9712;-1.7161;6.2658;-1.02713;-2.60226;
-18.1428;-1.7161;6.16309;-1.02713;-2.60226;
-18.3144;-1.7161;6.06038;-1.02713;-2.60226;
-18.486;-1.7161;5.95767;-1.02713;-2.60226;
-18.6577;-1.7161;5.85495;-1.02713;-2.60226;
-18.8293;-1.7161;5.75224;-1.02713;-2.60226;
-19.0009;-1.7161;5.64953;-1.02713;-2.60226;
-19.1725;-1.7161;5.54681;-1.02713;-2.60226;
-19.3441;-1.7161;5.4441;-1.02713;-2.60226;
-19.5157;-1.7161;5.34139;-1.02713;-2.60226;
-19.6873;-1.7161;5.23868;-1.02713;-2.60226;
-19.8589;-1.7161;5.13596;-1.02713;-2.60226;
-20.0305;-1.7161;5.03325;-1.02713;-2.60226;
-20.2021;-1.7161;4.93054;-1.02713;-2.60226;
-20.3738;-1.7161;4.82783;-1.02713;-2.60226;
-20.5454;-1.7161;4.72511;-1.02713;-2.60226;
-20.717;-1.7161;4.6224;-1.02713;-2.60226;
-20.8886;-1.7161;4.51969;-1.02713;-2.60226;
-21.0602;-1.7161;4.41697;-1.02713;-2.60226;
-21.2318;-1.7161;4.31426;-1.02713;-2.60226;
-21.4034;-1.7161;4.21155;-1.02713;-2.60226;
-21.575;-1.7161;4.10884;-1.02713;-2.60226;
-21.7466;-1.7161;4.00612;-1.02713;-2.60226;
-21.9182;-1.7161;3.90341;-1.02713;-2.60226;
-22.0899;-1.7161;3.8007;-1.02713;-2.60226;
-22.2615;-1.7161;3.69798;-1.02713;-2.60226;
-22.4331;-1.7161;3.59527;-1.02713;-2.60226;
-22.6047;-1.7161;3.49256;-1.02713;-2.60226;
-22.7763;-1.7161;3.38985;-1.02713;-2.60226;
-22.9479;-1.7161;3.28713;-1.02713;-2.60226;
-23.1195;-1.7161;3.18442;-1.02713;-2.60226;
-23.2911;-1.7161;3.08171;-1.02713;-2.60226;
-23.4627;-1.7161;2.97899;-1.02713;-2.60226;
-23.6343;-1.7161;2.87628;-1.02713;-2.60226;
-23.806;-1.7161;2.77357;-1.02713;-2.60226;
-23.9776;-1.7161;2.67086;-1.02713;-2.60226;
-24.1492;-1.7161;2.56814;-1.02713;-2.60226;
-24.3208;-1.7161;2.46543;-1.02713;-2.60226;
-24.4924;-1.7161;2.36272;-1.02713;-2.60226;
-24.664;-1.7161;2.26001;-1.02713;-2.60226;
-24.8356;-1.7161;2.15729;-1.02713;-2.60226;
-25.0072;-1.7161;2.05458;-1.02713;-2.60226;
-25.1788;-1.7161;1.95187;-1.02713;-2.60226;
-25.3505;-1.7161;1.84915;-1.02713;-2.60226;
-25.5221;-1.7161;1.74644;-1.02713;-2.60226;
-25.6937;-1.7161;1.64373;-1.02713;-2.60226;
-25.8653;-1.7161;1.54102;-1.02713;-2.60226;
-26.0369;-1.7161;1.4383;-1.02713;-2.60226;
-26.2085;-1.7161;1.33559;-1.02713;-2.60226;
-26.3801;-1.7161;1.23288;-1.02713;-2.60226;
-26.5517;-1.7161;1.13016;-1.02713;-2.60226;
-26.7233;-1.7161;1.02745;-1.02713;-2.60226;
-26.8949;-1.7161;0.924739;-1.02713;-2.60226;
-27.0666;-1.7161;0.822027;-1.02713;-2.60226;
-27.2382;-1.7161;0.719314;-1.02713;-2.60226;
-27.4098;-1.7161;0.616601;-1.02713;-2.60226;
-27.5814;-1.7161;0.513888;-1.02713;-2.60226;
-27.753;-1.7161;0.411175;-1.02713;-2.60226;
-27.9246;-1.7161;0.308463;-1.02713;-2.60226;
-28.0962;-1.7161;0.20575;-1.02713;-2.60226;
-28.2678;-1.7161;0.103037;-1.02713;-2.60226;
-28.4394;-1.7161;0.000324317;-1.02713;-2.60226;
-28.611;-1.7161;-0.102388;-1.02713;-2.60226;
-28.7827;-1.7161;-0.205101;-1.02713;-2.60226;
-28.9543;-1.7161;-0.307814;-1.02713;-2.60226;
-29.1259;-1.7161;-0.410527;-1.02713;-2.60226;
-29.2975;-1.7161;-0.51324;-1.02713;-2.60226;
-29.4691;-1.7161;-0.615952;-1.02713;-2.60226;
-29.6407;-1.7161;-0.718665;-1.02713;-2.60226;
-29.8123;-1.7161;-0.821378;-1.02713;-2.60226;
-29.9839;-1.7161;-0.924091;-1.02713;-2.60226;

29.8445;-1.7161;-1.0268;-1.02713;-2.60226;
29.6729;-1.7161;-1.12952;-1.02713;-2.60226;
29.5012;-1.7161;-1.23223;-1.02713;-2.60226;
29.3296;-1.7161;-1.33494;-1.02713;-2.60226;
29.158;-1.7161;-1.43765;-1.02713;-2.60226;
28.9864;-1.7161;-1.54037;-1.02713;-2.60226;
28.8148;-1.7161;-1.64308;-1.02713;-2.60226;
28.6432;-1.7161;-1.74579;-1.02713;-2.60226;
28.4716;-1.7161;-1.84851;-1.02713;-2.60226;
28.3;-1.7161;-1.95122;-1.02713;-2.60226;
28.1284;-1.7161;-2.05393;-1.02713;-2.60226;
27.9567;-1.7161;-2.15664;-1.02713;-2.60226;
27.7851;-1.7161;-2.25936;-1.02713;-2.60226;
27.6135;-1.7161;-2.36207;-1.02713;-2.60226;
27.4419;-1.7161;-2.46478;-1.02713;-2.60226;
27.2703;-1.7161;-2.5675;-1.02713;-2.60226;
27.0987;-1.7161;-2.67021;-1.02713;-2.60226;
26.9271;-1.7161;-2.77292;-1.02713;-2.60226;
26.7555;-1.7161;-2.87563;-1.02713;-2.60226;
26.5839;-1.7161;-2.97835;-1.02713;-2.60226;
26.4123;-1.7161;-3.08106;-1.02713;-2.60226;
26.2406;-1.7161;-3.18377;-1.02713;-2.60226;
26.069;-1.7161;-3.28648;-1.02713;-2.60226;
25.8974;-1.7161;-3.3892;-1.02713;-2.60226;
25.7258;-1.7161;-3.49191;-1.02713;-2.60226;
25.5542;-1.7161;-3.59462;-1.02713;-2.60226;
25.3826;-1.7161;-3.69734;-1.02713;-2.60226;
25.211;-1.7161;-3.80005;-1.02713;-2.60226;
25.0394;-1.7161;-3.90276;-1.02713;-2.60226;
24.8678;-1.7161;-4.00547;-1.02713;-2.60226;
24.6962;-1.7161;-4.10819;-1.02713;-2.60226;
24.5245;-1.7161;-4.2109;-1.02713;-2.60226;
24.3529;-1.7161;-4.31361;-1.02713;-2.60226;
24.1813;-1.7161;-4.41633;-1.02713;-2.60226;
24.0097;-1.7161;-4.51904;-1.02713;-2.60226;
23.8381;-1.7161;-4.62175;-1.02713;-2.60226;
23.6665;-1.7161;-4.72446;-1.02713;-2.60226;
23.4949;-1.7161;-4.82718;-1.02713;-2.60226;
23.3233;-1.7161;-4.92989;-1.02713;-2.60226;
23.1517;-1.7161;-5.0326;-1.02713;-2.60226;
22.98;-1.7161;-5.13531;-1.02713;-2.60226;
22.8084;-1.7161;-5.23803;-1.02713;-2.60226;
22.6368;-1.7161;-5.34074;-1.02713;-2.60226;
22.4652;-1.7161;-5.44345;-1.02713;-2.60226;
22.2936;-1.7161;-5.54617;-1.02713;-2.60226;
22.122;-1.7161;-5.64888;-1.02713;-2.60226;
21.9504;-1.7161;-5.75159;-1.02713;-2.60226;
21.7788;-1.7161;-5.8543;-1.02713;-2.60226;
21.6072;-1.7161;-5.95702;-1.02713;-2.60226;
21.4356;-1.7161;-6.05973;-1.02713;-2.60226;
21.2639;-1.7161;-6.16244;-1.02713;-2.60226;
21.0923;-1.7161;-6.26516;-1.02713;-2.60226;
20.9207;-1.7161;-6.36787;-1.02713;-2.60226;
20.7491;-1.7161;-6.47058;-1.02713;-2.60226;
20.5775;-1.7161;-6.57329;-1.02713;-2.60226;
20.4059;-1.7161;-6.67601;-1.02713;-2.60226;
20.2343;-1.7161;-6.77872;-1.02713;-2.60226;
20.0627;-1.7161;-6.88143;-1.02713;-2.60226;
19.8911;-1.7161;-6.98414;-1.02713;-2.60226;
19.7195;-1.7161;-7.08686;-1.02713;-2.60226;
19.5478;-1.7161;-7.18957;-1.02713;-2.60226;
19.3762;-1.7161;-7.29228;-1.02713;-2.60226;
19.2046;-1.7161;-7.395;-1.02713;-2.60226;
19.033;-1.7161;-7.49771;-1.02713;-2.60226;
18.8614;-1.7161;-7.60042;-1.02713;-2.60226;
18.6898;-1.7161;-7.70313;-1.02713;-2.60226;
18.5182;-1.7161;-7.80585;-1.02713;-2.60226;
18.3466;-1.7161;-7.90856;-1.02713;-2.60226;
18.175;-1.7161;-8.01127;-1.02713;-2.60226;
18.0034;-1.7161;-8.11399;-1.02713;-2.60226;
17.8317;-1.7161;-8.2167;-1.02713;-2.60226;
17.6601;-1.7161;-8.31941;-1.02713;-2.60226;
17.4885;-1.7161;-8.42212;-1.02713;-2.60226;
17.3169;-1.7161;-8.52484;-1.02713;-2.60226;
17.1453;-1.7161;-8.62755;-1.02713;-2.60226;
16.9737;-1.7161;-8.73026;-1.02713;-2.60226;
16.8021;-1.7161;-8.83297;-1.02713;-2.60226;
16.6305;-1.7161;-8.93569;-1.02713;-2.60226;
16.4589;-1.7161;-9.0384;-1.02713;-2.60226;
16.2872;-1.7161;-9.14111;-1.02713;-2.60226;
16.1156;-1.7161;-9.24383;-1.02713;-2.60226;
15.944;-1.7161;-9.34654;-1.02713;-2.60226;
15.7724;-1.7161;-9.44925;-1.02713;-2.60226;
15.6008;-1.7161;-9.55196;-1.02713;-2.60226;
15.4292;-1.7161;-9.65468;-1.02713;-2.60226;
15.2576;-1.7161;-9.75739;-1.02713;-2.60226;
15.086;-1.7161;-9.8601;-1.02713;-2.60226;
14.9144;-1.7161;-9.96282;-1.02713;-2.60226;
14.7428;-1.7161;-10.0655;-1.02713;-2.60226;
14.5711;-1.7161;-10.1682;-1.02713;-2.60226;
14.3995;-1.7161;-10.271;-1.02713;-2.60226;
14.2279;-1.7161;-10.3737;-1.02713;-2.60226;
14.0563;-1.7161;-10.4764;-1.02713;-2.60226;
13.8847;-1.7161;-10.5791;-1.02713;-2.60226;
13.7131;-1.7161;-10.6818;-1.02713;-2.60226;
13.5415;-1.7161;-10.7845;-1.02713;-2.60226;
13.3699;-1.7161;-10.8872;-1.02713;-2.60226;
13.1983;-1.7161;-10.9899;-1.02713;-2.60226;
13.0267;-1.7161;-11.0927;-1.02713;-2.60226;
12.855;-1.7161;-11.1954;-1.02713;-2.60226;
12.6834;-1.7161;-11.2981;-1.02713;-2.60226;
12.5118;-1.7161;-11.4008;-1.02713;-2.60226;
12.3402;-1.7161;-11.5035;-1.02713;-2.60226;
12.1686;-1.7161;-11.6062;-1.02713;-2.60226;
11.997;-1.7161;-11.7089;-1.02713;-2.60226;
11.8254;-1.7161;-11.8116;-1.02713;-2.60226;
11.6538;-1.7161;-11.9144;-1.02713;-2.60226;
11.4822;-1.7161;-12.0171;-1.02713;-2.60226;
11.3106;-1.7161;-12.1198;-1.02713;-2.60226;
11.1389;-1.7161;-12.2225;-1.02713;-2.60226;
10.9673;-1.7161;-12.3252;-1.02713;-2.60226;
10.7957;-1.7161;-12.4279;-1.02713;-2.60226;
10.6241;-1.7161;-12.5306;-1.02713;-2.60226;
10.4525;-1.7161;-12.6333;-1.02713;-2.60226;
10.2809;-1.7161;-12.7361;-1.02713;-2.60226;
10.1093;-1.7161;-12.8388;-1.02713;-2.60226;
9.93767;-1.7161;-12.9415;-1.02713;-2.60226;
9.76606;-1.7161;-13.0442;-1.02713;-2.60226;
9.59445;-1.7161;-13.1469;-1.02713;-2.60226;
9.42284;-1.7161;-13.2496;-1.02713;-2.60226;
9.25123;-1.7161;-13.3523;-1.02713;-2.60226;
9.07962;-1.7161;-13.4551;-1.02713;-2.60226;
8.90801;-1.7161;-13.5578;-1.02713;-2.60226;
8.7364;-1.7161;-13.6605;-1.02713;-2.60226;
8.56479;-1.7161;-13.7632;-1.02713;-2.60226;
8.39318;-1.7161;-13.8659;-1.02713;-2.60226;
8.22157;-1.7161;-13.9686;-1.02713;-2.60226;
8.04996;-1.7161;-14.0713;-1.02713;-2.60226;
7.87835;-1.7161;-14.174;-1.02713;-2.60226;
7.70674;-1.7161;-14.2768;-1.02713;-2.60226;
7.53513;-1.7161;-14.3795;-1.02713;-2.60226;
7.36352;-1.7161;-14.4822;-1.02713;-2.60226;
7.19191;-1.7161;-14.5849;-1.02713;-2.60226;
7.02029;-1.7161;-14.6876;-1.02713;-2.60226;
6.84868;-1.7161;-14.7903;-1.02713;-2.60226;
6.67707;-1.7161;-14.893;-1.02713;-2.60226;
6.50546;-1.7161;-14.9957;-1.02713;-2.60226;
6.33385;-1.7161;-15.0985;-1.02713;-2.60226;
6.16224;-1.7161;-15.2012;-1.02713;-2.60226;
5.99063;-1.7161;-15.3039;-1.02713;-2.60226;
5.81902;-1.7161;-15.4066;-1.02713;-2.60226;
5.64741;-1.7161;-15.5093;-1.02713;-2.60226;
5.4758;-1.7161;-15.612;-1.02713;-2.60226;
5.30419;-1.7161;-15.7147;-1.02713;-2.60226;
5.13258;-1.7161;-15.8174;-1.02713;-2.60226;
4.96097;-1.7161;-15.9202;-1.02713;-2.60226;
4.78936;-1.7161;-16.0229;-1.02713;-2.60226;
4.61775;-1.7161;-16.1256;-1.02713;-2.60226;
4.44614;-1.7161;-16.2283;-1.02713;-2.60226;
4.27453;-1.7161;-16.331;-1.02713;-2.60226;
4.10292;-1.7161;-16.4337;-1.02713;-2.60226;
3.93131;-1.7161;-16.5364;-1.02713;-2.60226;
3.7597;-1.7161;-16.6391;-1.02713;-2.60226;
3.58809;-1.7161;-16.7419;-1.02713;-2.60226;
3.41648;-1.7161;-16.8446;-1.02713;-2.60226;
3.24487;-1.7161;-16.9473;-1.02713;-2.60226;
3.07326;-1.7161;-17.05;-1.02713;-2.60226;
2.90165;-1.7161;-17.1527;-1.02713;-2.60226;
2.73004;-1.7161;-17.2554;-1.02713;-2.60226;
2.55843;-1.7161;-17.3581;-1.02713;-2.60226;
2.38682;-1.7161;-17.4608;-1.02713;-2.60226;
2.21521;-1.7161;-17.5636;-1.02713;-2.60226;
2.0436;-1.7161;-17.6663;-1.02713;-2.60226;
1.87199;-1.7161;-17.769;-1.02713;-2.60226;
1.70038;-1.7161;-17.8717;-1.02713;-2.60226;
1.52877;-1.7161;-17.9744;-1.02713;-2.60226;
1.35716;-1.7161;-18.0771;-1.02713;-2.60226;
1.18555;-1.7161;-18.1798;-1.02713;-2.60226;
1.01394;-1.7161;-18.2826;-1.02713;-2.60226;
0.842325;-1.7161;-18.3853;-1.02713;-2.60226;
0.670715;-1.7161;-18.488;-1.02713;-2.60226;
0.499105;-1.7161;-18.5907;-1.02713;-2.60226;
0.327494;-1.7161;-18.6934;-1.02713;-2.60226;
0.155884;-1.7161;-18.7961;-1.02713;-2.60226;
-0.0157261;-1.7161;-18.8988;-1.02713;-2.60226;
-0.187336;-1.7161;-19.0015;-1.02713;-2.60226;
-0.358947;-1.7161;-19.1043;-1.02713;-2.60226;
-0.530557;-1.7161;-19.207;-1.02713;-2.60226;
-0.702167;-1.7161;-19.3097;-1.02713;-2.60226;
-0.873777;-1.7161;-19.4124;-1.02713;-2.60226;
-1.04539;-1.7161;-19.5151;-1.02713;-2.60226;
-1.217;-1.7161;-19.6178;-1.02713;-2.60226;
-1.38861;-1.7161;-19.7205;-1.02713;-2.60226;
-1.56022;-1.7161;-19.8232;-1.02713;-2.60226;
-1.73183;-1.7161;-19.926;-1.02713;-2.60226;
-1.90344;-1.7161;-20.0287;-1.02713;-2.60226;
-2.07505;-1.7161;-20.1314;-1.02713;-2.60226;
-2.24666;-1.7161;-20.2341;-1.02713;-2.60226;
-2.41827;-1.7161;-20.3368;-1.02713;-2.60226;
-2.58988;-1.7161;-20.4395;-1.02713;-2.60226;
-2.76149;-1.7161;-20.5422;-1.02713;-2.60226;
-2.9331;-1.7161;-20.6449;-1.02713;-2.60226;
-3.10471;-1.7161;-20.7477;-1.02713;-2.60226;
-3.27632;-1.7161;-20.8504;-1.02713;-2.60226;
-3.44793;-1.7161;-20.9531;-1.02713;-2.60226;
-3.61954;-1.7161;-21.0558;-1.02713;-2.60226;
-3.79115;-1.7161;-21.1585;-1.02713;-2.60226;
-3.96276;-1.7161;-21.2612;-1.02713;-2.60226;
-4.13437;-1.7161;-21.3639;-1.02713;-2.60226;
-4.30598;-1.7161;-21.4666;-1.02713;-2.60226;
-4.47759;-1.7161;-21.5694;-1.02713;-2.60226;
-4.6492;-1.7161;-21.6721;-1.02713;-2.60226;
-4.82081;-1.7161;-21.7748;-1.02713;-2.60226;
-4.99242;-1.7161;-21.8775;-1.02713;-2.60226;
-5.16403;-1.7161;-21.9802;-1.02713;-2.60226;
-5.33564;-1.7161;-22.0829;-1.02713;-2.60226;
-5.50725;-1.7161;-22.1856;-1.02713;-2.60226;
-5.67886;-1.7161;-22.2883;-1.02713;-2.60226;
-5.85048;-1.7161;-22.3911;-1.02713;-2.60226;
-6.02209;-1.7161;-22.4938;-1.02713;-2.60226;
-6.1937;-1.7161;-22.5965;-1.02713;-2.60226;
-6.36531;-1.7161;-22.6992;-1.02713;-2.60226;
-6.53692;-1.7161;-22.8019;-1.02713;-2.60226;
-6.70853;-1.7161;-22.9046;-1.02713;-2.60226;
-6.88014;-1.7161;-23.0073;-1.02713;-2.60226;
-7.05175;-1.7161;-23.1101;-1.02713;-2.60226;
-7.22336;-1.7161;-23.2128;-1.02713;-2.60226;
-7.39497;-1.7161;-23.3155;-1.02713;-2.60226;
-7.56658;-1.7161;-23.4182;-1.02713;-2.60226;
-7.73819;-1.7161;-23.5209;-1.02713;-2.60226;
-7.9098;-1.7161;-23.6236;-1.02713;-2.60226;
-8.08141;-1.7161;-23.7263;-1.02713;-2.60226;
-8.25302;-1.7161;-23.829;-1.02713;-2.60226;
-8.42463;-1.7161;-23.9318;-1.02713;-2.60226;
-8.59624;-1.7161;-24.0345;-1.02713;-2.60226;
-8.76785;-1.7161;-24.1372;-1.02713;-2.60226;
-8.93946;-1.7161;-24.2399;-1.02713;-2.60226;
-9.11107;-1.7161;-24.3426;-1.02713;-2.60226;
-9.28268;-1.7161;-24.4453;-1.02713;-2.60226;
-9.45429;-1.7161;-24.548;-1.02713;-2.60226;
-9.6259;-1.7161;-24.6507;-1.02713;-2.60226;
-9.79751;-1.7161;-24.7535;-1.02713;-2.60226;
-9.96912;-1.7161;-24.8562;-1.02713;-2.60226;
-10.1407;-1.7161;-24.9589;-1.02713;-2.60226;
-10.3123;-1.7161;-25.0616;-1.02713;-2.60226;
-10.484;-1.7161;-25.1643;-1.02713;-2.60226;
-10.6556;-1.7161;-25.267;-1.02713;-2.60226;
-10.8272;-1.7161;-25.3697;-1.02713;-2.60226;
-10.9988;-1.7161;-25.4724;-1.02713;-2.60226;
-11.1704;-1.7161;-25.5752;-1.02713;-2.60226;
-11.342;-1.7161;-25.6779;-1.02713;-2.60226;
-11.5136;-1.7161;-25.7806;-1.02713;-2.60226;
-11.6852;-1.7161;-25.8833;-1.02713;-2.60226;
-11.8568;-1.7161;-25.986;-1.02713;-2.60226;
-12.0284;-1.7161;-26.0887;-1.02713;-2.60226;
-12.2001;-1.7161;-26.1914;-1.02713;-2.60226;
-12.3717;-1.7161;-26.2941;-1.02713;-2.60226;
-12.5433;-1.7161;-26.3969;-1.02713;-2.60226;
-12.7149;-1.7161;-26.4996;-1.02713;-2.60226;
-12.8865;-1.7161;-26.6023;-1.02713;-2.60226;
-13.0581;-1.7161;-26.705;-1.02713;-2.60226;
-13.2297;-1.7161;-26.8077;-1.02713;-2.60226;
-13.4013;-1.7161;-26.9104;-1.02713;-2.60226;
-13.5729;-1.7161;-27.0131;-1.02713;-2.60226;
-13.7445;-1.7161;-27.1159;-1.02713;-2.60226;
-13.9162;-1.7161;-27.2186;-1.02713;-2.60226;
-14.0878;-1.7161;-27.3213;-1.02713;-2.60226;
-14.2594;-1.7161;-27.424;-1.02713;-2.60226;
-14.431;-1.7161;-27.5267;-1.02713;-2.60226;
-14.6026;-1.7161;-27.6294;-1.02713;-2.60226;
-14.7742;-1.7161;-27.7321;-1.02713;-2.60226;
-14.9458;-1.7161;-27.8348;-1.02713;-2.60226;
-15.1174;-1.7161;-27.9376;-1.02713;-2.60226;
-15.289;-1.7161;-28.0403;-1.02713;-2.60226;
-15.4607;-1.7161;-28.143;-1.02713;-2.60226;
-15.6323;-1.7161;-28.2457;-1.02713;-2.60226;
-15.8039;-1.7161;-28.3484;-1.02713;-2.60226;
-15.9755;-1.7161;-28.4511;-1.02713;-2.60226;
-16.1471;-1.7161;-28.5538;-1.02713;-2.60226;
-16.3187;-1.7161;-28.6565;-1.02713;-2.60226;
-16.4903;-1.7161;-28.7593;-1.02713;-2.60226;
-16.6619;-1.7161;-28.862;-1.02713;-2.60226;
-16.8335;-1.7161;-28.9647;-1.02713;-2.60226;
-17.0051;-1.7161;-29.0674;-1.02713;-2.60226;
-17.1768;-1.7161;-29.1701;-1.02713;-2.60226;
-17.3484;-1.7161;-29.2728;-1.02713;-2.60226;
-17.52;-1.7161;-29.3755;-1.02713;-2.60226;
-17.6916;-1.7161;-29.4782;-1.02713;-2.60226;
-17.8632;-1.7161;-29.581;-1.02713;-2.60226;
-18.0348;-1.7161;-29.6837;-1.02713;-2.60226;
-18.2064;-1.7161;-29.7864;-1.02713;-2.60226;
-18.378;-1.7161;-29.8891;-1.02713;-2.60226;
-18.5496;-1.7161;-29.9918;-1.02713;-2.60226;

-18.7212;-1.7161;29.9055;-1.02713;-2.60226;
-18.8929;-1.7161;29.8028;-1.02713;-2.60226;
-19.0645;-1.7161;29.7001;-1.02713;-2.60226;
-19.2361;-1.7161;29.5973;-1.02713;-2.60226;
-19.4077;-1.7161;29.4946;-1.02713;-2.60226;
-19.5793;-1.7161;29.3919;-1.02713;-2.60226;
-19.7509;-1.7161;29.2892;-1.02713;-2.60226;
-19.9225;-1.7161;29.1865;-1.02713;-2.60226;
-20.0941;-1.7161;29.0838;-1.02713;-2.60226;
-20.2657;-1.7161;28.9811;-1.02713;-2.60226;
-20.4373;-1.7161;28.8784;-1.02713;-2.60226;
-20.609;-1.7161;28.7756;-1.02713;-2.60226;
-20.7806;-1.7161;28.6729;-1.02713;-2.60226;
-20.9522;-1.7161;28.5702;-1.02713;-2.60226;
-21.1238;-1.7161;28.4675;-1.02713;-2.60226;
-21.2954;-1.7161;28.3648;-1.02713;-2.60226;
-21.467;-1.7161;28.2621;-1.02713;-2.60226;
-21.6386;-1.7161;28.1594;-1.02713;-2.60226;
-21.8102;-1.7161;28.0566;-1.02713;-2.60226;
-21.9818;-1.7161;27.9539;-1.02713;-2.60226;
-22.1535;-1.7161;27.8512;-1.02713;-2.60226;
-22.3251;-1.7161;27.7485;-1.02713;-2.60226;
-22.4967;-1.7161;27.6458;-1.02713;-2.60226;
-22.6683;-1.7161;27.5431;-1.02713;-2.60226;
-22.8399;-1.7161;27.4404;-1.02713;-2.60226;
-23.0115;-1.7161;27.3377;-1.02713;-2.60226;
-23.1831;-1.7161;27.2349;-1.02713;-2.60226;
-23.3547;-1.7161;27.1322;-1.02713;-2.60226;
-23.5263;-1.7161;27.0295;-1.02713;-2.60226;
-23.6979;-1.7161;26.9268;-1.02713;-2.60226;
-23.8696;-1.7161;26.8241;-1.02713;-2.60226;
-24.0412;-1.7161;26.7214;-1.02713;-2.60226;
-24.2128;-1.7161;26.6187;-1.02713;-2.60226;
-24.3844;-1.7161;26.516;-1.02713;-2.60226;
-24.556;-1.7161;26.4132;-1.02713;-2.60226;
-24.7276;-1.7161;26.3105;-1.02713;-2.60226;
-24.8992;-1.7161;26.2078;-1.02713;-2.60226;
-25.0708;-1.7161;26.1051;-1.02713;-2.60226;
-25.2424;-1.7161;26.0024;-1.02713;-2.60226;
-25.414;-1.7161;25.8997;-1.02713;-2.60226;
-25.5857;-1.7161;25.797;-1.02713;-2.60226;
-25.7573;-1.7161;25.6943;-1.02713;-2.60226;
-25.9289;-1.7161;25.5915;-1.02713;-2.60226;
-26.1005;-1.7161;25.4888;-1.02713;-2.60226;
-26.2721;-1.7161;25.3861;-1.02713;-2.60226;
-26.4437;-1.7161;25.2834;-1.02713;-2.60226;
-26.6153;-1.7161;25.1807;-1.02713;-2.60226;
-26.7869;-1.7161;25.078;-1.02713;-2.60226;
-26.9585;-1.7161;24.9753;-1.02713;-2.60226;
-27.1301;-1.7161;24.8726;-1.02713;-2.60226;
-27.3018;-1.7161;24.7698;-1.02713;-2.60226;
-27.4734;-1.7161;24.6671;-1.02713;-2.60226;
-27.645;-1.7161;24.5644;-1.02713;-2.60226;
-27.8166;-1.7161;24.4617;-1.02713;-2.60226;
-27.9882;-1.7161;24.359;-1.02713;-2.60226;
-28.1598;-1.7161;24.2563;-1.02713;-2.60226;
-28.3314;-1.7161;24.1536;-1.02713;-2.60226;
-28.503;-1.7161;24.0509;-1.02713;-2.60226;
-28.6746;-1.7161;23.9481;-1.02713;-2.60226;
-28.8463;-1.7161;23.8454;-1.02713;-2.60226;
-29.0179;-1.7161;23.7427;-1.02713;-2.60226;
-29.1895;-1.7161;23.64;-1.02713;-2.60226;
-29.3611;-1.7161;23.5373;-1.02713;-2.60226;
-29.5327;-1.7161;23.4346;-1.02713;-2.60226;
-29.7043;-1.7161;23.3319;-1.02713;-2.60226;
-29.8759;-1.7161;23.2291;-1.02713;-2.60226;

29.9525;-1.7161;23.1264;-1.02713;-2.60226;
29.7809;-1.7161;23.0237;-1.02713;-2.60226;
29.6093;-1.7161;22.921;-1.02713;-2.60226;
29.4376;-1.7161;22.8183;-1.02713;-2.60226;
29.266;-1.7161;22.7156;-1.02713;-2.60226;
29.0944;-1.7161;22.6129;-1.02713;-2.60226;
28.9228;-1.7161;22.5102;-1.02713;-2.60226;
28.7512;-1.7161;22.4074;-1.02713;-2.60226;
28.5796;-1.7161;22.3047;-1.02713;-2.60226;
28.408;-1.7161;22.202;-1.02713;-2.60226;
28.2364;-1.7161;22.0993;-1.02713;-2.60226;
28.0648;-1.7161;21.9966;-1.02713;-2.60226;
27.8932;-1.7161;21.8939;-1.02713;-2.60226;
27.7215;-1.7161;21.7912;-1.02713;-2.60226;
27.5499;-1.7161;21.6885;-1.02713;-2.60226;
27.3783;-1.7161;21.5857;-1.02713;-2.60226;
27.2067;-1.7161;21.483;-1.02713;-2.60226;
27.0351;-1.7161;21.3803;-1.02713;-2.60226;
26.8635;-1.7161;21.2776;-1.02713;-2.60226;
26.6919;-1.7161;21.1749;-1.02713;-2.60226;
26.5203;-1.7161;21.0722;-1.02713;-2.60226;
26.3487;-1.7161;20.9695;-1.02713;-2.60226;
26.1771;-1.7161;20.8668;-1.02713;-2.60226;
26.0054;-1.7161;20.764;-1.02713;-2.60226;
25.8338;-1.7161;20.6613;-1.02713;-2.60226;
25.6622;-1.7161;20.5586;-1.02713;-2.60226;
25.4906;-1.7161;20.4559;-1.02713;-2.60226;
25.319;-1.7161;20.3532;-1.02713;-2.60226;
25.1474;-1.7161;20.2505;-1.02713;-2.60226;
24.9758;-1.7161;20.1478;-1.02713;-2.60226;
24.8042;-1.7161;20.0451;-1.02713;-2.60226;
24.6326;-1.7161;19.9423;-1.02713;-2.60226;
24.4609;-1.7161;19.8396;-1.02713;-2.60226;
24.2893;-1.7161;19.7369;-1.02713;-2.60226;
24.1177;-1.7161;19.6342;-1.02713;-2.60226;
23.9461;-1.7161;19.5315;-1.02713;-2.60226;
23.7745;-1.7161;19.4288;-1.02713;-2.60226;
23.6029;-1.7161;19.3261;-1.02713;-2.60226;
23.4313;-1.7161;19.2233;-1.02713;-2.60226;
23.2597;-1.7161;19.1206;-1.02713;-2.60226;
23.0881;-1.7161;19.0179;-1.02713;-2.60226;
22.9165;-1.7161;18.9152;-1.02713;-2.60226;
22.7448;-1.7161;18.8125;-1.02713;-2.60226;
22.5732;-1.7161;18.7098;-1.02713;-2.60226;
22.4016;-1.7161;18.6071;-1.02713;-2.60226;
22.23;-1.7161;18.5044;-1.02713;-2.60226;
22.0584;-1.7161;18.4016;-1.02713;-2.60226;
21.8868;-1.7161;18.2989;-1.02713;-2.60226;
21.7152;-1.7161;18.1962;-1.02713;-2.60226;
21.5436;-1.7161;18.0935;-1.02713;-2.60226;
21.372;-1.7161;17.9908;-1.02713;-2.60226;
21.2004;-1.7161;17.8881;-1.02713;-2.60226;
21.0287;-1.7161;17.7854;-1.02713;-2.60226;
20.8571;-1.7161;17.6827;-1.02713;-2.60226;
20.6855;-1.7161;17.5799;-1.02713;-2.60226;
20.5139;-1.7161;17.4772;-1.02713;-2.60226;
20.3423;-1.7161;17.3745;-1.02713;-2.60226;
20.1707;-1.7161;17.2718;-1.02713;-2.60226;
19.9991;-1.7161;17.1691;-1.02713;-2.60226;
19.8275;-1.7161;17.0664;-1.02713;-2.60226;
19.6559;-1.7161;16.9637;-1.02713;-2.60226;
19.4843;-1.7161;16.861;-1.02713;-2.60226;
19.3126;-1.7161;16.7582;-1.02713;-2.60226;
19.141;-1.7161;16.6555;-1.02713;-2.60226;
18.9694;-1.7161;16.5528;-1.02713;-2.60226;
18.7978;-1.7161;16.4501;-1.02713;-2.60226;
18.6262;-1.7161;16.3474;-1.02713;-2.60226;
18.4546;-1.7161;16.2447;-1.02713;-2.60226;
18.283;-1.7161;16.142;-1.02713;-2.60226;
18.1114;-1.7161;16.0393;-1.02713;-2.60226;
17.9398;-1.7161;15.9365;-1.02713;-2.60226;
17.7681;-1.7161;15.8338;-1.02713;-2.60226;
17.5965;-1.7161;15.7311;-1.02713;-2.60226;
17.4249;-1.7161;15.6284;-1.02713;-2.60226;
17.2533;-1.7161;15.5257;-1.02713;-2.60226;
17.0817;-1.7161;15.423;-1.02713;-2.60226;
16.9101;-1.7161;15.3203;-1.02713;-2.60226;
16.7385;-1.7161;15.2176;-1.02713;-2.60226;
16.5669;-1.7161;15.1148;-1.02713;-2.60226;
16.3953;-1.7161;15.0121;-1.02713;-2.60226;
16.2237;-1.7161;14.9094;-1.02713;-2.60226;
16.052;-1.7161;14.8067;-1.02713;-2.60226;
15.8804;-1.7161;14.704;-1.02713;-2.60226;
15.7088;-1.7161;14.6013;-1.02713;-2.60226;
15.5372;-1.7161;14.4986;-1.02713;-2.60226;
15.3656;-1.7161;14.3958;-1.02713;-2.60226;
15.194;-1.7161;14.2931;-1.02713;-2.60226;
15.0224;-1.7161;14.1904;-1.02713;-2.60226;
14.8508;-1.7161;14.0877;-1.02713;-2.60226;
14.6792;-1.7161;13.985;-1.02713;-2.60226;
14.5076;-1.7161;13.8823;-1.02713;-2.60226;
14.3359;-1.7161;13.7796;-1.02713;-2.60226;
14.1643;-1.7161;13.6769;-1.02713;-2.60226;
13.9927;-1.7161;13.5741;-1.02713;-2.60226;
13.8211;-1.7161;13.4714;-1.02713;-2.60226;
13.6495;-1.7161;13.3687;-1.02713;-2.60226;
13.4779;-1.7161;13.266;-1.02713;-2.60226;
13.3063;-1.7161;13.1633;-1.02713;-2.60226;
13.1347;-1.7161;13.0606;-1.02713;-2.60226;
12.9631;-1.7161;12.9579;-1.02713;-2.60226;
12.7914;-1.7161;12.8552;-1.02713;-2.60226;
12.6198;-1.7161;12.7524;-1.02713;-2.60226;
12.4482;-1.7161;12.6497;-1.02713;-2.60226;
12.2766;-1.7161;12.547;-1.02713;-2.60226;
12.105;-1.7161;12.4443;-1.02713;-2.60226;
11.9334;-1.7161;12.3416;-1.02713;-2.60226;
11.7618;-1.7161;12.2389;-1.02713;-2.60226;
11.5902;-1.7161;12.1362;-1.02713;-2.60226;
11.4186;-1.7161;12.0335;-1.02713;-2.60226;
11.247;-1.7161;11.9307;-1.02713;-2.60226;
11.0753;-1.7161;11.828;-1.02713;-2.60226;
10.9037;-1.7161;11.7253;-1.02713;-2.60226;
10.7321;-1.7161;11.6226;-1.02713;-2.60226;
10.5605;-1.7161;11.5199;-1.02713;-2.60226;
10.3889;-1.7161;11.4172;-1.02713;-2.60226;
10.2173;-1.7161;11.3145;-1.02713;-2.60226;
10.0457;-1.7161;11.2118;-1.02713;-2.60226;
9.87408;-1.7161;11.109;-1.02713;-2.60226;
9.70247;-1.7161;11.0063;-1.02713;-2.60226;
9.53085;-1.7161;10.9036;-1.02713;-2.60226;
9.35924;-1.7161;10.8009;-1.02713;-2.60226;
9.18763;-1.7161;10.6982;-1.02713;-2.60226;
9.01602;-1.7161;10.5955;-1.02713;-2.60226;
8.84441;-1.7161;10.4928;-1.02713;-2.60226;
8.6728;-1.7161;10.3901;-1.02713;-2.60226;
8.50119;-1.7161;10.2873;-1.02713;-2.60226;
8.32958;-1.7161;10.1846;-1.02713;-2.60226;
8.15797;-1.7161;10.0819;-1.02713;-2.60226;
7.98636;-1.7161;9.9792;-1.02713;-2.60226;
7.81475;-1.7161;9.87649;-1.02713;-2.60226;
7.64314;-1.7161;9.77377;-1.02713;-2.60226;
7.47153;-1.7161;9.67106;-1.02713;-2.60226;
7.29992;-1.7161;9.56835;-1.02713;-2.60226;
7.12831;-1.7161;9.46564;-1.02713;-2.60226;
6.9567;-1.7161;9.36292;-1.02713;-2.60226;
6.78509;-1.7161;9.26021;-1.02713;-2.60226;
6.61348;-1.7161;9.1575;-1.02713;-2.60226;
6.44187;-1.7161;9.05478;-1.02713;-2.60226;
6.27026;-1.7161;8.95207;-1.02713;-2.60226;
6.09865;-1.7161;8.84936;-1.02713;-2.60226;
5.92704;-1.7161;8.74665;-1.02713;-2.60226;
5.75543;-1.7161;8.64393;-1.02713;-2.60226;
5.58382;-1.7161;8.54122;-1.02713;-2.60226;
5.41221;-1.7161;8.43851;-1.02713;-2.60226;
5.2406;-1.7161;8.33579;-1.02713;-2.60226;
5.06899;-1.7161;8.23308;-1.02713;-2.60226;
4.89738;-1.7161;8.13037;-1.02713;-2.60226;
4.72577;-1.7161;8.02766;-1.02713;-2.60226;
4.55416;-1.7161;7.92494;-1.02713;-2.60226;
4.38255;-1.7161;7.82223;-1.02713;-2.60226;
4.21094;-1.7161;7.71952;-1.02713;-2.60226;
4.03933;-1.7161;7.61681;-1.02713;-2.60226;
3.86772;-1.7161;7.51409;-1.02713;-2.60226;
3.69611;-1.7161;7.41138;-1.02713;-2.60226;
3.5245;-1.7161;7.30867;-1.02713;-2.60226;
3.35289;-1.7161;7.20595;-1.02713;-2.60226;
3.18127;-1.7161;7.10324;-1.02713;-2.60226;
3.00966;-1.7161;7.00053;-1.02713;-2.60226;
2.83805;-1.7161;6.89782;-1.02713;-2.60226;
2.66644;-1.7161;6.7951;-1.02713;-2.60226;
2.49483;-1.7161;6.69239;-1.02713;-2.60226;
2.32322;-1.7161;6.58968;-1.02713;-2.60226;
2.15161;-1.7161;6.48696;-1.02713;-2.60226;
1.98;-1.7161;6.38425;-1.02713;-2.60226;
1.80839;-1.7161;6.28154;-1.02713;-2.60226;
1.63678;-1.7161;6.17883;-1.02713;-2.60226;
1.46517;-1.7161;6.07611;-1.02713;-2.60226;
1.29356;-1.7161;5.9734;-1.02713;-2.60226;
1.12195;-1.7161;5.87069;-1.02713;-2.60226;
0.950341;-1.7161;5.76798;-1.02713;-2.60226;
0.778731;-1.7161;5.66526;-1.02713;-2.60226;
0.607121;-1.7161;5.56255;-1.02713;-2.60226;
0.435511;-1.7161;5.45984;-1.02713;-2.60226;
0.2639;-1.7161;5.35712;-1.02713;-2.60226;
0.0922901;-1.7161;5.25441;-1.02713;-2.60226;
-0.0793202;-1.7161;5.1517;-1.02713;-2.60226;
-0.25093;-1.7161;5.04899;-1.02713;-2.60226;
-0.422541;-1.7161;4.94627;-1.02713;-2.60226;
-0.594151;-1.7161;4.84356;-1.02713;-2.60226;
-0.765761;-1.7161;4.74085;-1.02713;-2.60226;
-0.937372;-1.7161;4.63813;-1.02713;-2.60226;
-1.10898;-1.7161;4.53542;-1.02713;-2.60226;
-1.28059;-1.7161;4.43271;-1.02713;-2.60226;
-1.4522;-1.7161;4.33;-1.02713;-2.60226;
-1.62381;-1.7161;4.22728;-1.02713;-2.60226;
-1.79542;-1.7161;4.12457;-1.02713;-2.60226;
-1.96703;-1.7161;4.02186;-1.02713;-2.60226;
-2.13864;-1.7161;3.91915;-1.02713;-2.60226;
-2.31025;-1.7161;3.81643;-1.02713;-2.60226;
-2.48186;-1.7161;3.71372;-1.02713;-2.60226;
-2.65347;-1.7161;3.61101;-1.02713;-2.60226;
-2.82508;-1.7161;3.50829;-1.02713;-2.60226;
-2.99669;-1.7161;3.40558;-1.02713;-2.60226;
-3.16831;-1.7161;3.30287;-1.02713;-2.60226;
-3.33992;-1.7161;3.20016;-1.02713;-2.60226;
-3.51153;-1.7161;3.09744;-1.02713;-2.60226;
-3.68314;-1.7161;2.99473;-1.02713;-2.60226;
-3.85475;-1.7161;2.89202;-1.02713;-2.60226;
-4.02636;-1.7161;2.7893;-1.02713;-2.60226;
-4.19797;-1.7161;2.68659;-1.02713;-2.60226;
-4.36958;-1.7161;2.58388;-1.02713;-2.60226;
-4.54119;-1.7161;2.48117;-1.02713;-2.60226;
-4.7128;-1.7161;2.37845;-1.02713;-2.60226;
-4.88441;-1.7161;2.27574;-1.02713;-2.60226;
-5.05602;-1.7161;2.17303;-1.02713;-2.60226;
-5.22763;-1.7161;2.07032;-1.02713;-2.60226;
-5.39924;-1.7161;1.9676;-1.02713;-2.60226;
-5.57085;-1.7161;1.86489;-1.02713;-2.60226;
-5.74246;-1.7161;1.76218;-1.02713;-2.60226;
-5.91407;-1.7161;1.65946;-1.02713;-2.60226;
-6.08568;-1.7161;1.55675;-1.02713;-2.60226;
-6.25729;-1.7161;1.45404;-1.02713;-2.60226;
-6.4289;-1.7161;1.35133;-1.02713;-2.60226;
-6.60051;-1.7161;1.24861;-1.02713;-2.60226;
-6.77212;-1.7161;1.1459;-1.02713;-2.60226;
-6.94373;-1.7161;1.04319;-1.02713;-2.60226;
-7.11534;-1.7161;0.940475;-1.02713;-2.60226;
-7.28695;-1.7161;0.837762;-1.02713;-2.60226;
-7.45856;-1.7161;0.735049;-1.02713;-2.60226;
-7.63017;-1.7161;0.632336;-1.02713;-2.60226;
-7.80178;-1.7161;0.529623;-1.02713;-2.60226;
-7.97339;-1.7161;0.426911;-1.02713;-2.60226;
-8.145;-1.7161;0.324198;-1.02713;-2.60226;
-8.31661;-1.7161;0.221485;-1.02713;-2.60226;
-8.48822;-1.7161;0.118772;-1.02713;-2.60226;
-8.65983;-1.7161;0.0160596;-1.02713;-2.60226;
-8.83144;-1.7161;-0.0866532;-1.02713;-2.60226;
-9.00305;-1.7161;-0.189366;-1.02713;-2.60226;
-9.17466;-1.7161;-0.292079;-1.02713;-2.60226;
-9.34627;-1.7161;-0.394792;-1.02713;-2.60226;
-9.51788;-1.7161;-0.497504;-1.02713;-2.60226;
-9.6895;-1.7161;-0.600217;-1.02713;-2.60226;
-9.86111;-1.7161;-0.70293;-1.02713;-2.60226;
-10.0327;-1.7161;-0.805643;-1.02713;-2.60226;
-10.2043;-1.7161;-0.908355;-1.02713;-2.60226;
-10.3759;-1.7161;-1.01107;-1.02713;-2.60226;
-10.5475;-1.7161;-1.11378;-1.02713;-2.60226;
-10.7192;-1.7161;-1.21649;-1.02713;-2.60226;
-10.8908;-1.7161;-1.31921;-1.02713;-2.60226;
-11.0624;-1.7161;-1.42192;-1.02713;-2.60226;
-11.234;-1.7161;-1.52463;-1.02713;-2.60226;
-11.4056;-1.7161;-1.62734;-1.02713;-2.60226;
-11.5772;-1.7161;-1.73006;-1.02713;-2.60226;
-11.7488;-1.7161;-1.83277;-1.02713;-2.60226;
-11.9204;-1.7161;-1.93548;-1.02713;-2.60226;
-12.092;-1.7161;-2.0382;-1.02713;-2.60226;
-12.2636;-1.7161;-2.14091;-1.02713;-2.60226;
-12.4353;-1.7161;-2.24362;-1.02713;-2.60226;
-12.6069;-1.7161;-2.34633;-1.02713;-2.60226;
-12.7785;-1.7161;-2.44905;-1.02713;-2.60226;
-12.9501;-1.7161;-2.55176;-1.02713;-2.60226;
-13.1217;-1.7161;-2.65447;-1.02713;-2.60226;
-13.2933;-1.7161;-2.75719;-1.02713;-2.60226;
-13.4649;-1.7161;-2.8599;-1.02713;-2.60226;
-13.6365;-1.7161;-2.96261;-1.02713;-2.60226;
-13.8081;-1.7161;-3.06532;-1.02713;-2.60226;
-13.9798;-1.7161;-3.16804;-1.02713;-2.60226;
-14.1514;-1.7161;-3.27075;-1.02713;-2.60226;
-14.323;-1.7161;-3.37346;-1.02713;-2.60226;
-14.4946;-1.7161;-3.47618;-1.02713;-2.60226;
-14.6662;-1.7161;-3.57889;-1.02713;-2.60226;
-14.8378;-1.7161;-3.6816;-1.02713;-2.60226;
-15.0094;-1.7161;-3.78431;-1.02713;-2.60226;
-15.181;-1.7161;-3.88703;-1.02713;-2.60226;
-15.3526;-1.7161;-3.98974;-1.02713;-2.60226;
-15.5242;-1.7161;-4.09245;-1.02713;-2.60226;
-15.6959;-1.7161;-4.19516;-1.02713;-2.60226;
-15.8675;-1.7161;-4.29788;-1.02713;-2.60226;
-16.0391;-1.7161;-4.40059;-1.02713;-2.60226;
-16.2107;-1.7161;-4.5033;-1.02713;-2.60226;
-16.3823;-1.7161;-4.60602;-1.02713;-2.60226;
-16.5539;-1.7161;-4.70873;-1.02713;-2.60226;
-16.7255;-1.7161;-4.81144;-1.02713;-2.60226;
-16.8971;-1.7161;-4.91415;-1.02713;-2.60226;
-17.0687;-1.7161;-5.01687;-1.02713;-2.60226;
-17.2403;-1.7161;-5.11958;-1.02713;-2.60226;
-17.412;-1.7161;-5.22229;-1.02713;-2.60226;
-17.5836;-1.7161;-5.32501;-1.02713;-2.60226;
-17.7552;-1.7161;-5.42772;-1.02713;-2.60226;
-17.9268;-1.7161;-5.53043;-1.02713;-2.60226;
-18.0984;-1.7161;-5.63314;-1.02713;-2.60226;
-18.27;-1.7161;-5.73586;-1.02713;-2.60226;
-18.4416;-1.7161;-5.83857;-1.02713;-2.60226;
-18.6132;-1.7161;-5.94128;-1.02713;-2.60226;
-18.7848;-1.7161;-6.04399;-1.02713;-2.60226;
-18.9564;-1.7161;-6.14671;-1.02713;-2.60226;
-19.1281;-1.7161;-6.24942;-1.02713;-2.60226;
-19.2997;-1.7161;-6.35213;-1.02713;-2.60226;
-19.4713;-1.7161;-6.45485;-1.02713;-2.60226;
-19.6429;-1.7161;-6.55756;-1.02713;-2.60226;
-19.8145;-1.7161;-6.66027;-1.02713;-2.60226;
-19.9861;-1.7161;-6.76298;-1.02713;-2.60226;
-20.1577;-1.7161;-6.8657;-1.02713;-2.60226;
-20.3293;-1.7161;-6.96841;-1.02713;-2.60226;
-20.5009;-1.7161;-7.07112;-1.02713;-2.60226;
-20.6726;-1.7161;-7.17384;-1.02713;-2.60226;
-20.8442;-1.7161;-7.27655;-1.02713;-2.60226;
-21.0158;-1.7161;-7.37926;-1.02713;-2.60226;
-21.1874;-1.7161;-7.48197;-1.02713;-2.60226;
-21.359;-1.7161;-7.58469;-1.02713;-2.60226;
-21.5306;-1.7161;-7.6874;-1.02713;-2.60226;
-21.7022;-1.7161;-7.79011;-1.02713;-2.60226;
-21.8738;-1.7161;-7.89282;-1.02713;-2.60226;
-22.0454;-1.7161;-7.99554;-1.02713;-2.60226;
-22.217;-1.7161;-8.09825;-1.02713;-2.60226;
-22.3887;-1.7161;-8.20096;-1.02713;-2.60226;
-22.5603;-1.7161;-8.30368;-1.02713;-2.60226;
-22.7319;-1.7161;-8.40639;-1.02713;-2.60226;
-22.9035;-1.7161;-8.5091;-1.02713;-2.60226;
-23.0751;-1.7161;-8.61181;-1.02713;-2.60226;
-23.2467;-1.7161;-8.71453;-1.02713;-2.60226;
-23.4183;-1.7161;-8.81724;-1.02713;-2.60226;
-23.5899;-1.7161;-8.91995;-1.02713;-2.60226;
-23.7615;-1.7161;-9.02267;-1.02713;-2.60226;
-23.9331;-1.7161;-9.12538;-1.02713;-2.60226;
-24.1048;-1.7161;-9.22809;-1.02713;-2.60226;
-24.2764;-1.7161;-9.3308;-1.02713;-2.60226;
-24.448;-1.7161;-9.43352;-1.02713;-2.60226;
-24.6196;-1.7161;-9.53623;-1.02713;-2.60226;
-24.7912;-1.7161;-9.63894;-1.02713;-2.60226;
-24.9628;-1.7161;-9.74165;-1.02713;-2.60226;
-25.1344;-1.7161;-9.84437;-1.02713;-2.60226;
-25.306;-1.7161;-9.94708;-1.02713;-2.60226;
-25.4776;-1.7161;-10.0498;-1.02713;-2.60226;
-25.6493;-1.7161;-10.1525;-1.02713;-2.60226;
-25.8209;-1.7161;-10.2552;-1.02713;-2.60226;
-25.9925;-1.7161;-10.3579;-1.02713;-2.60226;
-26.1641;-1.7161;-10.4606;-1.02713;-2.60226;
-26.3357;-1.7161;-10.5634;-1.02713;-2.60226;
-26.5073;-1.7161;-10.6661;-1.02713;-2.60226;
-26.6789;-1.7161;-10.7688;-1.02713;-2.60226;
-26.8505;-1.7161;-10.8715;-1.02713;-2.60226;
-27.0221;-1.7161;-10.9742;-1.02713;-2.60226;
-27.1937;-1.7161;-11.0769;-1.02713;-2.60226;
-27.3654;-1.7161;-11.1796;-1.02713;-2.60226;
-27.537;-1.7161;-11.2823;-1.02713;-2.60226;
-27.7086;-1.7161;-11.3851;-1.02713;-2.60226;
-27.8802;-1.7161;-11.4878;-1.02713;-2.60226;
-28.0518;-1.7161;-11.5905;-1.02713;-2.60226;
-28.2234;-1.7161;-11.6932;-1.02713;-2.60226;
-28.395;-1.7161;-11.7959;-1.02713;-2.60226;
-28.5666;-1.7161;-11.8986;-1.02713;-2.60226;
-28.7382;-1.7161;-12.0013;-1.02713;-2.60226;
-28.9098;-1.7161;-12.104;-1.02713;-2.60226;
-29.0815;-1.7161;-12.2068;-1.02713;-2.60226;
-29.2531;-1.7161;-12.3095;-1.02713;-2.60226;
-29.4247;-1.7161;-12.4122;-1.02713;-2.60226;
-29.5963;-1.7161;-12.5149;-1.02713;-2.60226;
-29.7679;-1.7161;-12.6176;-1.02713;-2.60226;
-29.9395;-1.7161;-12.7203;-1.02713;-2.60226;

29.8889;-1.7161;-12.823;-1.02713;-2.60226;
29.7173;-1.7161;-12.9258;-1.02713;-2.60226;
29.5457;-1.7161;-13.0285;-1.02713;-2.60226;
29.3741;-1.7161;-13.1312;-1.02713;-2.60226;
29.2024;-1.7161;-13.2339;-1.02713;-2.60226;
29.0308;-1.7161;-13.3366;-1.02713;-2.60226;
28.8592;-1.7161;-13.4393;-1.02713;-2.60226;
28.6876;-1.7161;-13.542;-1.02713;-2.60226;
28.516;-1.7161;-13.6447;-1.02713;-2.60226;
28.3444;-1.7161;-13.7475;-1.02713;-2.60226;
28.1728;-1.7161;-13.8502;-1.02713;-2.60226;
28.0012;-1.7161;-13.9529;-1.02713;-2.60226;
27.8296;-1.7161;-14.0556;-1.02713;-2.60226;
27.6579;-1.7161;-14.1583;-1.02713;-2.60226;
27.4863;-1.7161;-14.261;-1.02713;-2.60226;
27.3147;-1.7161;-14.3637;-1.02713;-2.60226;
27.1431;-1.7161;-14.4664;-1.02713;-2.60226;
26.9715;-1.7161;-14.5692;-1.02713;-2.60226;
26.7999;-1.7161;-14.6719;-1.02713;-2.60226;
26.6283;-1.7161;-14.7746;-1.02713;-2.60226;
26.4567;-1.7161;-14.8773;-1.02713;-2.60226;
26.2851;-1.7161;-14.98;-1.02713;-2.60226;
26.1135;-1.7161;-15.0827;-1.02713;-2.60226;
25.9418;-1.7161;-15.1854;-1.02713;-2.60226;
25.7702;-1.7161;-15.2881;-1.02713;-2.60226;
25.5986;-1.7161;-15.3909;-1.02713;-2.60226;
25.427;-1.7161;-15.4936;-1.02713;-2.60226;
25.2554;-1.7161;-15.5963;-1.02713;-2.60226;
25.0838;-1.7161;-15.699;-1.02713;-2.60226;
24.9122;-1.7161;-15.8017;-1.02713;-2.60226;
24.7406;-1.7161;-15.9044;-1.02713;-2.60226;
24.569;-1.7161;-16.0071;-1.02713;-2.60226;
24.3974;-1.7161;-16.1098;-1.02713;-2.60226;
24.2257;-1.7161;-16.2126;-1.02713;-2.60226;
24.0541;-1.7161;-16.3153;-1.02713;-2.60226;
23.8825;-1.7161;-16.418;-1.02713;-2.60226;
23.7109;-1.7161;-16.5207;-1.02713;-2.60226;
23.5393;-1.7161;-16.6234;-1.02713;-2.60226;
23.3677;-1.7161;-16.7261;-1.02713;-2.60226;
23.1961;-1.7161;-16.8288;-1.02713;-2.60226;
23.0245;-1.7161;-16.9315;-1.02713;-2.60226;
22.8529;-1.7161;-17.0343;-1.02713;-2.60226;
22.6813;-1.7161;-17.137;-1.02713;-2.60226;
22.5096;-1.7161;-17.2397;-1.02713;-2.60226;
22.338;-1.7161;-17.3424;-1.02713;-2.60226;
22.1664;-1.7161;-17.4451;-1.02713;-2.60226;
21.9948;-1.7161;-17.5478;-1.02713;-2.60226;
21.8232;-1.7161;-17.6505;-1.02713;-2.60226;
21.6516;-1.7161;-17.7533;-1.02713;-2.60226;
21.48;-1.7161;-17.856;-1.02713;-2.60226;
21.3084;-1.7161;-17.9587;-1.02713;-2.60226;
