#1 AntPos X	#2 AntVel X	#3 AntPos Y	#4 AntVel Y	#5 AntAngle	
14.75;-1.36858;-10.941;-1.45842;-2.32443;
14.6131;-1.36858;-11.0869;-1.45842;-2.32443;
14.4762;-1.36858;-11.2327;-1.45842;-2.32443;
14.3394;-1.36858;-11.3785;-1.45842;-2.32443;
14.2025;-1.36858;-11.5244;-1.45842;-2.32443;
14.0657;-1.36858;-11.6702;-1.45842;-2.32443;
13.9288;-1.36858;-11.8161;-1.45842;-2.32443;
13.7919;-1.36858;-11.9619;-1.45842;-2.32443;
13.6551;-1.36858;-12.1078;-1.45842;-2.32443;
13.5182;-1.36858;-12.2536;-1.45842;-2.32443;
13.3814;-1.36858;-12.3994;-1.45842;-2.32443;
13.2445;-1.36858;-12.5453;-1.45842;-2.32443;
13.1077;-1.36858;-12.6911;-1.45842;-2.32443;
12.9708;-1.36858;-12.837;-1.45842;-2.32443;
12.8339;-1.36858;-12.9828;-1.45842;-2.32443;
12.6971;-1.36858;-13.1286;-1.45842;-2.32443;
12.5602;-1.36858;-13.2745;-1.45842;-2.32443;
12.4234;-1.36858;-13.4203;-1.45842;-2.32443;
12.2865;-1.36858;-13.5662;-1.45842;-2.32443;
12.1496;-1.36858;-13.712;-1.45842;-2.32443;
12.0128;-1.36858;-13.8579;-1.45842;-2.32443;
11.8759;-1.36858;-14.0037;-1.45842;-2.32443;
11.7391;-1.36858;-14.1495;-1.45842;-2.32443;
11.6022;-1.36858;-14.2954;-1.45842;-2.32443;
11.4654;-1.36858;-14.4412;-1.45842;-2.32443;
11.3285;-1.36858;-14.5871;-1.45842;-2.32443;
11.1916;-1.36858;-14.7329;-1.45842;-2.32443;
11.0548;-1.36858;-14.8787;-1.45842;-2.32443;
10.9179;-1.36858;-15.0246;-1.45842;-2.32443;
10.7811;-1.36858;-15.1704;-1.45842;-2.32443;
10.6442;-1.36858;-15.3163;-1.45842;-2.32443;
10.5073;-1.36858;-15.4621;-1.45842;-2.32443;
10.3705;-1.36858;-15.608;-1.45842;-2.32443;
10.2336;-1.36858;-15.7538;-1.45842;-2.32443;
10.0968;-1.36858;-15.8996;-1.45842;-2.32443;
9.95991;-1.36858;-16.0455;-1.45842;-2.32443;
9.82305;-1.36858;-16.1913;-1.45842;-2.32443;
9.68619;-1.36858;-16.3372;-1.45842;-2.32443;
9.54933;-1.36858;-16.483;-1.45842;-2.32443;
9.41248;-1.36858;-16.6288;-1.45842;-2.32443;
9.27562;-1.36858;-16.7747;-1.45842;-2.32443;
9.13876;-1.36858;-16.9205;-1.45842;-2.32443;
9.0019;-1.36858;-17.0664;-1.45842;-2.32443;
8.86504;-1.36858;-17.2122;-1.45842;-2.32443;
8.72818;-1.36858;-17.3581;-1.45842;-2.32443;
8.59133;-1.36858;-17.5039;-1.45842;-2.32443;
8.45447;-1.36858;-17.6497;-1.45842;-2.32443;
8.31761;-1.36858;-17.7956;-1.45842;-2.32443;
8.18075;-1.36858;-17.9414;-1.45842;-2.32443;
8.04389;-1.36858;-18.0873;-1.45842;-2.32443;
7.90703;-1.36858;-18.2331;-1.45842;-2.32443;
7.77018;-1.36858;-18.3789;-1.45842;-2.32443;
7.63332;-1.36858;-18.5248;-1.45842;-2.32443;
7.49646;-1.36858;-18.6706;-1.45842;-2.32443;
7.3596;-1.36858;-18.8165;-1.45842;-2.32443;
7.22274;-1.36858;-18.9623;-1.45842;-2.32443;
7.08588;-1.36858;-19.1082;-1.45842;-2.32443;
6.94903;-1.36858;-19.254;-1.45842;-2.32443;
6.81217;-1.36858;-19.3998;-1.45842;-2.32443;
6.67531;-1.36858;-19.5457;-1.45842;-2.32443;
6.53845;-1.36858;-19.6915;-1.45842;-2.32443;
6.40159;-1.36858;-19.8374;-1.45842;-2.32443;
6.26473;-1.36858;-19.9832;-1.45842;-2.32443;
6.12788;-1.36858;-20.129;-1.45842;-2.32443;
5.99102;-1.36858;-20.2749;-1.45842;-2.32443;
5.85416;-1.36858;-20.4207;-1.45842;-2.32443;
5.7173;-1.36858;-20.5666;-1.45842;-2.32443;
5.58044;-1.36858;-20.7124;-1.45842;-2.32443;
5.44358;-1.36858;-20.8583;-1.45842;-2.32443;
5.30673;-1.36858;-21.0041;-1.45842;-2.32443;
5.16987;-1.36858;-21.1499;-1.45842;-2.32443;
5.03301;-1.36858;-21.2958;-1.45842;-2.32443;
4.89615;-1.36858;-21.4416;-1.45842;-2.32443;
4.75929;-1.36858;-21.5875;-1.45842;-2.32443;
4.62243;-1.36858;-21.7333;-1.45842;-2.32443;
4.48557;-1.36858;-21.8791;-1.45842;-2.32443;
4.34872;-1.36858;-22.025;-1.45842;-2.32443;
4.21186;-1.36858;-22.1708;-1.45842;-2.32443;
4.075;-1.36858;-22.3167;-1.45842;-2.32443;
3.93814;-1.36858;-22.4625;-1.45842;-2.32443;
3.80128;-1.36858;-22.6084;-1.45842;-2.32443;
3.66442;-1.36858;-22.7542;-1.45842;-2.32443;
3.52757;-1.36858;-22.9;-1.45842;-2.32443;
3.39071;-1.36858;-23.0459;-1.45842;-2.32443;
3.25385;-1.36858;-23.1917;-1.45842;-2.32443;
3.11699;-1.36858;-23.3376;-1.45842;-2.32443;
2.98013;-1.36858;-23.4834;-1.45842;-2.32443;
2.84327;-1.36858;-23.6292;-1.45842;-2.32443;
2.70642;-1.36858;-23.7751;-1.45842;-2.32443;
2.56956;-1.36858;-23.9209;-1.45842;-2.32443;
2.4327;-1.36858;-24.0668;-1.45842;-2.32443;
2.29584;-1.36858;-24.2126;-1.45842;-2.32443;
2.15898;-1.36858;-24.3585;-1.45842;-2.32443;
2.02212;-1.36858;-24.5043;-1.45842;-2.32443;
1.88527;-1.36858;-24.6501;-1.45842;-2.32443;
1.74841;-1.36858;-24.796;-1.45842;-2.32443;
1.61155;-1.36858;-24.9418;-1.45842;-2.32443;
1.47469;-1.36858;-25.0877;-1.45842;-2.32443;
1.33783;-1.36858;-25.2335;-1.45842;-2.32443;
1.20097;-1.36858;-25.3793;-1.45842;-2.32443;
1.06412;-1.36858;-25.5252;-1.45842;-2.32443;
0.927257;-1.36858;-25.671;-1.45842;-2.32443;
0.790399;-1.36858;-25.8169;-1.45842;-2.32443;
0.65354;-1.36858;-25.9627;-1.45842;-2.32443;
0.516682;-1.36858;-26.1086;-1.45842;-2.32443;
0.379824;-1.36858;-26.2544;-1.45842;-2.32443;
0.242965;-1.36858;-26.4002;-1.45842;-2.32443;
0.106107;-1.36858;-26.5461;-1.45842;-2.32443;
-0.0307516;-1.36858;-26.6919;-1.45842;-2.32443;
-0.16761;-1.36858;-26.8378;-1.45842;-2.32443;
-0.304468;-1.36858;-26.9836;-1.45842;-2.32443;
-0.441327;-1.36858;-27.1294;-1.45842;-2.32443;
-0.578185;-1.36858;-27.2753;-1.45842;-2.32443;
-0.715044;-1.36858;-27.4211;-1.45842;-2.32443;
-0.851902;-1.36858;-27.567;-1.45842;-2.32443;
-0.98876;-1.36858;-27.7128;-1.45842;-2.32443;
-1.12562;-1.36858;-27.8587;-1.45842;-2.32443;
-1.26248;-1.36858;-28.0045;-1.45842;-2.32443;
-1.39934;-1.36858;-28.1503;-1.45842;-2.32443;
-1.53619;-1.36858;-28.2962;-1.45842;-2.32443;
-1.67305;-1.36858;-28.442;-1.45842;-2.32443;
-1.80991;-1.36858;-28.5879;-1.45842;-2.32443;
-1.94677;-1.36858;-28.7337;-1.45842;-2.32443;
-2.08363;-1.36858;-28.8795;-1.45842;-2.32443;
-2.22049;-1.36858;-29.0254;-1.45842;-2.32443;
-2.35734;-1.36858;-29.1712;-1.45842;-2.32443;
-2.4942;-1.36858;-29.3171;-1.45842;-2.32443;
-2.63106;-1.36858;-29.4629;-1.45842;-2.32443;
-2.76792;-1.36858;-29.6088;-1.45842;-2.32443;
-2.90478;-1.36858;-29.7546;-1.45842;-2.32443;
-3.04164;-1.36858;-29.9004;-1.45842;-2.32443;

-3.17849;-1.36858;29.9537;-1.45842;-2.32443;
-3.31535;-1.36858;29.8079;-1.45842;-2.32443;
-3.45221;-1.36858;29.662;-1.45842;-2.32443;
-3.58907;-1.36858;29.5162;-1.45842;-2.32443;
-3.72593;-1.36858;29.3704;-1.45842;-2.32443;
-3.86279;-1.36858;29.2245;-1.45842;-2.32443;
-3.99964;-1.36858;29.0787;-1.45842;-2.32443;
-4.1365;-1.36858;28.9328;-1.45842;-2.32443;
-4.27336;-1.36858;28.787;-1.45842;-2.32443;
-4.41022;-1.36858;28.6412;-1.45842;-2.32443;
-4.54708;-1.36858;28.4953;-1.45842;-2.32443;
-4.68394;-1.36858;28.3495;-1.45842;-2.32443;
-4.82079;-1.36858;28.2036;-1.45842;-2.32443;
-4.95765;-1.36858;28.0578;-1.45842;-2.32443;
-5.09451;-1.36858;27.9119;-1.45842;-2.32443;
-5.23137;-1.36858;27.7661;-1.45842;-2.32443;
-5.36823;-1.36858;27.6203;-1.45842;-2.32443;
-5.50509;-1.36858;27.4744;-1.45842;-2.32443;
-5.64195;-1.36858;27.3286;-1.45842;-2.32443;
-5.7788;-1.36858;27.1827;-1.45842;-2.32443;
-5.91566;-1.36858;27.0369;-1.45842;-2.32443;
-6.05252;-1.36858;26.8911;-1.45842;-2.32443;
-6.18938;-1.36858;26.7452;-1.45842;-2.32443;
-6.32624;-1.36858;26.5994;-1.45842;-2.32443;
-6.4631;-1.36858;26.4535;-1.45842;-2.32443;
-6.59995;-1.36858;26.3077;-1.45842;-2.32443;
-6.73681;-1.36858;26.1618;-1.45842;-2.32443;
-6.87367;-1.36858;26.016;-1.45842;-2.32443;
-7.01053;-1.36858;25.8702;-1.45842;-2.32443;
-7.14739;-1.36858;25.7243;-1.45842;-2.32443;
-7.28425;-1.36858;25.5785;-1.45842;-2.32443;
-7.4211;-1.36858;25.4326;-1.45842;-2.32443;
-7.55796;-1.36858;25.2868;-1.45842;-2.32443;
-7.69482;-1.36858;25.141;-1.45842;-2.32443;
-7.83168;-1.36858;24.9951;-1.45842;-2.32443;
-7.96854;-1.36858;24.8493;-1.45842;-2.32443;
-8.1054;-1.36858;24.7034;-1.45842;-2.32443;
-8.24225;-1.36858;24.5576;-1.45842;-2.32443;
-8.37911;-1.36858;24.4117;-1.45842;-2.32443;
-8.51597;-1.36858;24.2659;-1.45842;-2.32443;
-8.65283;-1.36858;24.1201;-1.45842;-2.32443;
-8.78969;-1.36858;23.9742;-1.45842;-2.32443;
-8.92655;-1.36858;23.8284;-1.45842;-2.32443;
-9.0634;-1.36858;23.6825;-1.45842;-2.32443;
-9.20026;-1.36858;23.5367;-1.45842;-2.32443;
-9.33712;-1.36858;23.3909;-1.45842;-2.32443;
-9.47398;-1.36858;23.245;-1.45842;-2.32443;
-9.61084;-1.36858;23.0992;-1.45842;-2.32443;
-9.7477;-1.36858;22.9533;-1.45842;-2.32443;
-9.88455;-1.36858;22.8075;-1.45842;-2.32443;
-10.0214;-1.36858;22.6616;-1.45842;-2.32443;
-10.1583;-1.36858;22.5158;-1.45842;-2.32443;
-10.2951;-1.36858;22.37;-1.45842;-2.32443;
-10.432;-1.36858;22.2241;-1.45842;-2.32443;
-10.5688;-1.36858;22.0783;-1.45842;-2.32443;
-10.7057;-1.36858;21.9324;-1.45842;-2.32443;
-10.8426;-1.36858;21.7866;-1.45842;-2.32443;
-10.9794;-1.36858;21.6408;-1.45842;-2.32443;
-11.1163;-1.36858;21.4949;-1.45842;-2.32443;
-11.2531;-1.36858;21.3491;-1.45842;-2.32443;
-11.39;-1.36858;21.2032;-1.45842;-2.32443;
-11.5269;-1.36858;21.0574;-1.45842;-2.32443;
-11.6637;-1.36858;20.9115;-1.45842;-2.32443;
-11.8006;-1.36858;20.7657;-1.45842;-2.32443;
-11.9374;-1.36858;20.6199;-1.45842;-2.32443;
-12.0743;-1.36858;20.474;-1.45842;-2.32443;
-12.2111;-1.36858;20.3282;-1.45842;-2.32443;
-12.348;-1.36858;20.1823;-1.45842;-2.32443;
-12.4849;-1.36858;20.0365;-1.45842;-2.32443;
-12.6217;-1.36858;19.8907;-1.45842;-2.32443;
-12.7586;-1.36858;19.7448;-1.45842;-2.32443;
-12.8954;-1.36858;19.599;-1.45842;-2.32443;
-13.0323;-1.36858;19.4531;-1.45842;-2.32443;
-13.1692;-1.36858;19.3073;-1.45842;-2.32443;
-13.306;-1.36858;19.1614;-1.45842;-2.32443;
-13.4429;-1.36858;19.0156;-1.45842;-2.32443;
-13.5797;-1.36858;18.8698;-1.45842;-2.32443;
-13.7166;-1.36858;18.7239;-1.45842;-2.32443;
-13.8534;-1.36858;18.5781;-1.45842;-2.32443;
-13.9903;-1.36858;18.4322;-1.45842;-2.32443;
-14.1272;-1.36858;18.2864;-1.45842;-2.32443;
-14.264;-1.36858;18.1406;-1.45842;-2.32443;
-14.4009;-1.36858;17.9947;-1.45842;-2.32443;
-14.5377;-1.36858;17.8489;-1.45842;-2.32443;
-14.6746;-1.36858;17.703;-1.45842;-2.32443;
-14.8115;-1.36858;17.5572;-1.45842;-2.32443;
-14.9483;-1.36858;17.4113;-1.45842;-2.32443;
-15.0852;-1.36858;17.2655;-1.45842;-2.32443;
-15.222;-1.36858;17.1197;-1.45842;-2.32443;
-15.3589;-1.36858;16.9738;-1.45842;-2.32443;
-15.4957;-1.36858;16.828;-1.45842;-2.32443;
-15.6326;-1.36858;16.6821;-1.45842;-2.32443;
-15.7695;-1.36858;16.5363;-1.45842;-2.32443;
-15.9063;-1.36858;16.3905;-1.45842;-2.32443;
-16.0432;-1.36858;16.2446;-1.45842;-2.32443;
-16.18;-1.36858;16.0988;-1.45842;-2.32443;
-16.3169;-1.36858;15.9529;-1.45842;-2.32443;
-16.4538;-1.36858;15.8071;-1.45842;-2.32443;
-16.5906;-1.36858;15.6612;-1.45842;-2.32443;
-16.7275;-1.36858;15.5154;-1.45842;-2.32443;
-16.8643;-1.36858;15.3696;-1.45842;-2.32443;
-17.0012;-1.36858;15.2237;-1.45842;-2.32443;
-17.138;-1.36858;15.0779;-1.45842;-2.32443;
-17.2749;-1.36858;14.932;-1.45842;-2.32443;
-17.4118;-1.36858;14.7862;-1.45842;-2.32443;
-17.5486;-1.36858;14.6404;-1.45842;-2.32443;
-17.6855;-1.36858;14.4945;-1.45842;-2.32443;
-17.8223;-1.36858;14.3487;-1.45842;-2.32443;
-17.9592;-1.36858;14.2028;-1.45842;-2.32443;
-18.0961;-1.36858;14.057;-1.45842;-2.32443;
-18.2329;-1.36858;13.9111;-1.45842;-2.32443;
-18.3698;-1.36858;13.7653;-1.45842;-2.32443;
-18.5066;-1.36858;13.6195;-1.45842;-2.32443;
-18.6435;-1.36858;13.4736;-1.45842;-2.32443;
-18.7803;-1.36858;13.3278;-1.45842;-2.32443;
-18.9172;-1.36858;13.1819;-1.45842;-2.32443;
-19.0541;-1.36858;13.0361;-1.45842;-2.32443;
-19.1909;-1.36858;12.8903;-1.45842;-2.32443;
-19.3278;-1.36858;12.7444;-1.45842;-2.32443;
-19.4646;-1.36858;12.5986;-1.45842;-2.32443;
-19.6015;-1.36858;12.4527;-1.45842;-2.32443;
-19.7384;-1.36858;12.3069;-1.45842;-2.32443;
-19.8752;-1.36858;12.161;-1.45842;-2.32443;
-20.0121;-1.36858;12.0152;-1.45842;-2.32443;
-20.1489;-1.36858;11.8694;-1.45842;-2.32443;
-20.2858;-1.36858;11.7235;-1.45842;-2.32443;
-20.4226;-1.36858;11.5777;-1.45842;-2.32443;
-20.5595;-1.36858;11.4318;-1.45842;-2.32443;
-20.6964;-1.36858;11.286;-1.45842;-2.32443;
-20.8332;-1.36858;11.1402;-1.45842;-2.32443;
-20.9701;-1.36858;10.9943;-1.45842;-2.32443;
-21.1069;-1.36858;10.8485;-1.45842;-2.32443;
-21.2438;-1.36858;10.7026;-1.45842;-2.32443;
-21.3807;-1.36858;10.5568;-1.45842;-2.32443;
-21.5175;-1.36858;10.4109;-1.45842;-2.32443;
-21.6544;-1.36858;10.2651;-1.45842;-2.32443;
-21.7912;-1.36858;10.1193;-1.45842;-2.32443;
-21.9281;-1.36858;9.97342;-1.45842;-2.32443;
-22.065;-1.36858;9.82758;-1.45842;-2.32443;
-22.2018;-1.36858;9.68174;-1.45842;-2.32443;
-22.3387;-1.36858;9.53589;-1.45842;-2.32443;
-22.4755;-1.36858;9.39005;-1.45842;-2.32443;
-22.6124;-1.36858;9.24421;-1.45842;-2.32443;
-22.7492;-1.36858;9.09837;-1.45842;-2.32443;
-22.8861;-1.36858;8.95253;-1.45842;-2.32443;
-23.023;-1.36858;8.80669;-1.45842;-2.32443;
-23.1598;-1.36858;8.66085;-1.45842;-2.32443;
-23.2967;-1.36858;8.515;-1.45842;-2.32443;
-23.4335;-1.36858;8.36916;-1.45842;-2.32443;
-23.5704;-1.36858;8.22332;-1.45842;-2.32443;
-23.7073;-1.36858;8.07748;-1.45842;-2.32443;
-23.8441;-1.36858;7.93164;-1.45842;-2.32443;
-23.981;-1.36858;7.7858;-1.45842;-2.32443;
-24.1178;-1.36858;7.63995;-1.45842;-2.32443;
-24.2547;-1.36858;7.49411;-1.45842;-2.32443;
-24.3915;-1.36858;7.34827;-1.45842;-2.32443;
-24.5284;-1.36858;7.20243;-1.45842;-2.32443;
-24.6653;-1.36858;7.05659;-1.45842;-2.32443;
-24.8021;-1.36858;6.91075;-1.45842;-2.32443;
-24.939;-1.36858;6.7649;-1.45842;-2.32443;
-25.0758;-1.36858;6.61906;-1.45842;-2.32443;
-25.2127;-1.36858;6.47322;-1.45842;-2.32443;
-25.3496;-1.36858;6.32738;-1.45842;-2.32443;
-25.4864;-1.36858;6.18154;-1.45842;-2.32443;
-25.6233;-1.36858;6.0357;-1.45842;-2.32443;
-25.7601;-1.36858;5.88985;-1.45842;-2.32443;
-25.897;-1.36858;5.74401;-1.45842;-2.32443;
-26.0338;-1.36858;5.59817;-1.45842;-2.32443;
-26.1707;-1.36858;5.45233;-1.45842;-2.32443;
-26.3076;-1.36858;5.30649;-1.45842;-2.32443;
-26.4444;-1.36858;5.16065;-1.45842;-2.32443;
-26.5813;-1.36858;5.0148;-1.45842;-2.32443;
-26.7181;-1.36858;4.86896;-1.45842;-2.32443;
-26.855;-1.36858;4.72312;-1.45842;-2.32443;
-26.9919;-1.36858;4.57728;-1.45842;-2.32443;
-27.1287;-1.36858;4.43144;-1.45842;-2.32443;
-27.2656;-1.36858;4.2856;-1.45842;-2.32443;
-27.4024;-1.36858;4.13975;-1.45842;-2.32443;
-27.5393;-1.36858;3.99391;-1.45842;-2.32443;
-27.6761;-1.36858;3.84807;-1.45842;-2.32443;
-27.813;-1.36858;3.70223;-1.45842;-2.32443;
-27.9499;-1.36858;3.55639;-1.45842;-2.32443;
-28.0867;-1.36858;3.41055;-1.45842;-2.32443;
-28.2236;-1.36858;3.2647;-1.45842;-2.32443;
-28.3604;-1.36858;3.11886;-1.45842;-2.32443;
-28.4973;-1.36858;2.97302;-1.45842;-2.32443;
-28.6342;-1.36858;2.82718;-1.45842;-2.32443;
-28.771;-1.36858;2.68134;-1.45842;-2.32443;
-28.9079;-1.36858;2.5355;-1.45842;-2.32443;
-29.0447;-1.36858;2.38965;-1.45842;-2.32443;
-29.1816;-1.36858;2.24381;-1.45842;-2.32443;
-29.3184;-1.36858;2.09797;-1.45842;-2.32443;
-29.4553;-1.36858;1.95213;-1.45842;-2.32443;
-29.5922;-1.36858;1.80629;-1.45842;-2.32443;
-29.729;-1.36858;1.66045;-1.45842;-2.32443;
-29.8659;-1.36858;1.5146;-1.45842;-2.32443;

29.9973;-1.36858;1.36876;-1.45842;-2.32443;
29.8604;-1.36858;1.22292;-1.45842;-2.32443;
29.7235;-1.36858;1.07708;-1.45842;-2.32443;
29.5867;-1.36858;0.931238;-1.45842;-2.32443;
29.4498;-1.36858;0.785396;-1.45842;-2.32443;
29.313;-1.36858;0.639555;-1.45842;-2.32443;
29.1761;-1.36858;0.493713;-1.45842;-2.32443;
29.0393;-1.36858;0.347871;-1.45842;-2.32443;
28.9024;-1.36858;0.20203;-1.45842;-2.32443;
28.7655;-1.36858;0.0561881;-1.45842;-2.32443;
28.6287;-1.36858;-0.0896535;-1.45842;-2.32443;
28.4918;-1.36858;-0.235495;-1.45842;-2.32443;
28.355;-1.36858;-0.381337;-1.45842;-2.32443;
28.2181;-1.36858;-0.527178;-1.45842;-2.32443;
28.0812;-1.36858;-0.67302;-1.45842;-2.32443;
27.9444;-1.36858;-0.818862;-1.45842;-2.32443;
27.8075;-1.36858;-0.964703;-1.45842;-2.32443;
27.6707;-1.36858;-1.11055;-1.45842;-2.32443;
27.5338;-1.36858;-1.25639;-1.45842;-2.32443;
27.397;-1.36858;-1.40223;-1.45842;-2.32443;
27.2601;-1.36858;-1.54807;-1.45842;-2.32443;
27.1232;-1.36858;-1.69391;-1.45842;-2.32443;
26.9864;-1.36858;-1.83975;-1.45842;-2.32443;
26.8495;-1.36858;-1.98559;-1.45842;-2.32443;
26.7127;-1.36858;-2.13144;-1.45842;-2.32443;
26.5758;-1.36858;-2.27728;-1.45842;-2.32443;
26.4389;-1.36858;-2.42312;-1.45842;-2.32443;
26.3021;-1.36858;-2.56896;-1.45842;-2.32443;
26.1652;-1.36858;-2.7148;-1.45842;-2.32443;
26.0284;-1.36858;-2.86064;-1.45842;-2.32443;
25.8915;-1.36858;-3.00649;-1.45842;-2.32443;
25.7547;-1.36858;-3.15233;-1.45842;-2.32443;
25.6178;-1.36858;-3.29817;-1.45842;-2.32443;
25.4809;-1.36858;-3.44401;-1.45842;-2.32443;
25.3441;-1.36858;-3.58985;-1.45842;-2.32443;
25.2072;-1.36858;-3.73569;-1.45842;-2.32443;
25.0704;-1.36858;-3.88154;-1.45842;-2.32443;
24.9335;-1.36858;-4.02738;-1.45842;-2.32443;
24.7966;-1.36858;-4.17322;-1.45842;-2.32443;
24.6598;-1.36858;-4.31906;-1.45842;-2.32443;
24.5229;-1.36858;-4.4649;-1.45842;-2.32443;
24.3861;-1.36858;-4.61074;-1.45842;-2.32443;
24.2492;-1.36858;-4.75659;-1.45842;-2.32443;
24.1124;-1.36858;-4.90243;-1.45842;-2.32443;
23.9755;-1.36858;-5.04827;-1.45842;-2.32443;
23.8386;-1.36858;-5.19411;-1.45842;-2.32443;
23.7018;-1.36858;-5.33995;-1.45842;-2.32443;
23.5649;-1.36858;-5.48579;-1.45842;-2.32443;
23.4281;-1.36858;-5.63164;-1.45842;-2.32443;
23.2912;-1.36858;-5.77748;-1.45842;-2.32443;
23.1543;-1.36858;-5.92332;-1.45842;-2.32443;
23.0175;-1.36858;-6.06916;-1.45842;-2.32443;
22.8806;-1.36858;-6.215;-1.45842;-2.32443;
22.7438;-1.36858;-6.36084;-1.45842;-2.32443;
22.6069;-1.36858;-6.50669;-1.45842;-2.32443;
22.4701;-1.36858;-6.65253;-1.45842;-2.32443;
22.3332;-1.36858;-6.79837;-1.45842;-2.32443;
22.1963;-1.36858;-6.94421;-1.45842;-2.32443;
22.0595;-1.36858;-7.09005;-1.45842;-2.32443;
21.9226;-1.36858;-7.23589;-1.45842;-2.32443;
21.7858;-1.36858;-7.38174;-1.45842;-2.32443;
21.6489;-1.36858;-7.52758;-1.45842;-2.32443;
21.512;-1.36858;-7.67342;-1.45842;-2.32443;
21.3752;-1.36858;-7.81926;-1.45842;-2.32443;
21.2383;-1.36858;-7.9651;-1.45842;-2.32443;
21.1015;-1.36858;-8.11094;-1.45842;-2.32443;
20.9646;-1.36858;-8.25679;-1.45842;-2.32443;
20.8278;-1.36858;-8.40263;-1.45842;-2.32443;
20.6909;-1.36858;-8.54847;-1.45842;-2.32443;
20.554;-1.36858;-8.69431;-1.45842;-2.32443;
20.4172;-1.36858;-8.84015;-1.45842;-2.32443;
20.2803;-1.36858;-8.98599;-1.45842;-2.32443;
20.1435;-1.36858;-9.13184;-1.45842;-2.32443;
20.0066;-1.36858;-9.27768;-1.45842;-2.32443;
19.8697;-1.36858;-9.42352;-1.45842;-2.32443;
19.7329;-1.36858;-9.56936;-1.45842;-2.32443;
19.596;-1.36858;-9.7152;-1.45842;-2.32443;
19.4592;-1.36858;-9.86104;-1.45842;-2.32443;
19.3223;-1.36858;-10.0069;-1.45842;-2.32443;
19.1855;-1.36858;-10.1527;-1.45842;-2.32443;
19.0486;-1.36858;-10.2986;-1.45842;-2.32443;
18.9117;-1.36858;-10.4444;-1.45842;-2.32443;
18.7749;-1.36858;-10.5903;-1.45842;-2.32443;
18.638;-1.36858;-10.7361;-1.45842;-2.32443;
18.5012;-1.36858;-10.8819;-1.45842;-2.32443;
18.3643;-1.36858;-11.0278;-1.45842;-2.32443;
18.2274;-1.36858;-11.1736;-1.45842;-2.32443;
18.0906;-1.36858;-11.3195;-1.45842;-2.32443;
17.9537;-1.36858;-11.4653;-1.45842;-2.32443;
17.8169;-1.36858;-11.6111;-1.45842;-2.32443;
17.68;-1.36858;-11.757;-1.45842;-2.32443;
17.5432;-1.36858;-11.9028;-1.45842;-2.32443;
17.4063;-1.36858;-12.0487;-1.45842;-2.32443;
17.2694;-1.36858;-12.1945;-1.45842;-2.32443;
17.1326;-1.36858;-12.3404;-1.45842;-2.32443;
16.9957;-1.36858;-12.4862;-1.45842;-2.32443;
16.8589;-1.36858;-12.632;-1.45842;-2.32443;
16.722;-1.36858;-12.7779;-1.45842;-2.32443;
16.5851;-1.36858;-12.9237;-1.45842;-2.32443;
16.4483;-1.36858;-13.0696;-1.45842;-2.32443;
16.3114;-1.36858;-13.2154;-1.45842;-2.32443;
16.1746;-1.36858;-13.3612;-1.45842;-2.32443;
16.0377;-1.36858;-13.5071;-1.45842;-2.32443;
15.9009;-1.36858;-13.6529;-1.45842;-2.32443;
15.764;-1.36858;-13.7988;-1.45842;-2.32443;
15.6271;-1.36858;-13.9446;-1.45842;-2.32443;
15.4903;-1.36858;-14.0905;-1.45842;-2.32443;
15.3534;-1.36858;-14.2363;-1.45842;-2.32443;
15.2166;-1.36858;-14.3821;-1.45842;-2.32443;
15.0797;-1.36858;-14.528;-1.45842;-2.32443;
14.9428;-1.36858;-14.6738;-1.45842;-2.32443;
14.806;-1.36858;-14.8197;-1.45842;-2.32443;
14.6691;-1.36858;-14.9655;-1.45842;-2.32443;
14.5323;-1.36858;-15.1113;-1.45842;-2.32443;
14.3954;-1.36858;-15.2572;-1.45842;-2.32443;
14.2586;-1.36858;-15.403;-1.45842;-2.32443;
14.1217;-1.36858;-15.5489;-1.45842;-2.32443;
13.9848;-1.36858;-15.6947;-1.45842;-2.32443;
13.848;-1.36858;-15.8406;-1.45842;-2.32443;
13.7111;-1.36858;-15.9864;-1.45842;-2.32443;
13.5743;-1.36858;-16.1322;-1.45842;-2.32443;
13.4374;-1.36858;-16.2781;-1.45842;-2.32443;
13.3005;-1.36858;-16.4239;-1.45842;-2.32443;
13.1637;-1.36858;-16.5698;-1.45842;-2.32443;
13.0268;-1.36858;-16.7156;-1.45842;-2.32443;
12.89;-1.36858;-16.8614;-1.45842;-2.32443;
12.7531;-1.36858;-17.0073;-1.45842;-2.32443;
12.6163;-1.36858;-17.1531;-1.45842;-2.32443;
12.4794;-1.36858;-17.299;-1.45842;-2.32443;
12.3425;-1.36858;-17.4448;-1.45842;-2.32443;
12.2057;-1.36858;-17.5907;-1.45842;-2.32443;
12.0688;-1.36858;-17.7365;-1.45842;-2.32443;
11.932;-1.36858;-17.8823;-1.45842;-2.32443;
11.7951;-1.36858;-18.0282;-1.45842;-2.32443;
11.6582;-1.36858;-18.174;-1.45842;-2.32443;
11.5214;-1.36858;-18.3199;-1.45842;-2.32443;
11.3845;-1.36858;-18.4657;-1.45842;-2.32443;
11.2477;-1.36858;-18.6115;-1.45842;-2.32443;
11.1108;-1.36858;-18.7574;-1.45842;-2.32443;
10.9739;-1.36858;-18.9032;-1.45842;-2.32443;
10.8371;-1.36858;-19.0491;-1.45842;-2.32443;
10.7002;-1.36858;-19.1949;-1.45842;-2.32443;
10.5634;-1.36858;-19.3408;-1.45842;-2.32443;
10.4265;-1.36858;-19.4866;-1.45842;-2.32443;
10.2897;-1.36858;-19.6324;-1.45842;-2.32443;
10.1528;-1.36858;-19.7783;-1.45842;-2.32443;
10.0159;-1.36858;-19.9241;-1.45842;-2.32443;
9.87908;-1.36858;-20.07;-1.45842;-2.32443;
9.74222;-1.36858;-20.2158;-1.45842;-2.32443;
9.60537;-1.36858;-20.3616;-1.45842;-2.32443;
9.46851;-1.36858;-20.5075;-1.45842;-2.32443;
9.33165;-1.36858;-20.6533;-1.45842;-2.32443;
9.19479;-1.36858;-20.7992;-1.45842;-2.32443;
9.05793;-1.36858;-20.945;-1.45842;-2.32443;
8.92107;-1.36858;-21.0909;-1.45842;-2.32443;
8.78422;-1.36858;-21.2367;-1.45842;-2.32443;
8.64736;-1.36858;-21.3825;-1.45842;-2.32443;
8.5105;-1.36858;-21.5284;-1.45842;-2.32443;
8.37364;-1.36858;-21.6742;-1.45842;-2.32443;
8.23678;-1.36858;-21.8201;-1.45842;-2.32443;
8.09992;-1.36858;-21.9659;-1.45842;-2.32443;
7.96307;-1.36858;-22.1117;-1.45842;-2.32443;
7.82621;-1.36858;-22.2576;-1.45842;-2.32443;
7.68935;-1.36858;-22.4034;-1.45842;-2.32443;
7.55249;-1.36858;-22.5493;-1.45842;-2.32443;
7.41563;-1.36858;-22.6951;-1.45842;-2.32443;
7.27877;-1.36858;-22.8409;-1.45842;-2.32443;
7.14191;-1.36858;-22.9868;-1.45842;-2.32443;
7.00506;-1.36858;-23.1326;-1.45842;-2.32443;
6.8682;-1.36858;-23.2785;-1.45842;-2.32443;
6.73134;-1.36858;-23.4243;-1.45842;-2.32443;
6.59448;-1.36858;-23.5702;-1.45842;-2.32443;
6.45762;-1.36858;-23.716;-1.45842;-2.32443;
6.32076;-1.36858;-23.8618;-1.45842;-2.32443;
6.18391;-1.36858;-24.0077;-1.45842;-2.32443;
6.04705;-1.36858;-24.1535;-1.45842;-2.32443;
5.91019;-1.36858;-24.2994;-1.45842;-2.32443;
5.77333;-1.36858;-24.4452;-1.45842;-2.32443;
5.63647;-1.36858;-24.591;-1.45842;-2.32443;
5.49961;-1.36858;-24.7369;-1.45842;-2.32443;
5.36276;-1.36858;-24.8827;-1.45842;-2.32443;
5.2259;-1.36858;-25.0286;-1.45842;-2.32443;
5.08904;-1.36858;-25.1744;-1.45842;-2.32443;
4.95218;-1.36858;-25.3203;-1.45842;-2.32443;
4.81532;-1.36858;-25.4661;-1.45842;-2.32443;
4.67846;-1.36858;-25.6119;-1.45842;-2.32443;
4.54161;-1.36858;-25.7578;-1.45842;-2.32443;
4.40475;-1.36858;-25.9036;-1.45842;-2.32443;
4.26789;-1.36858;-26.0495;-1.45842;-2.32443;
4.13103;-1.36858;-26.1953;-1.45842;-2.32443;
3.99417;-1.36858;-26.3411;-1.45842;-2.32443;
3.85731;-1.36858;-26.487;-1.45842;-2.32443;
3.72046;-1.36858;-26.6328;-1.45842;-2.32443;
3.5836;-1.36858;-26.7787;-1.45842;-2.32443;
3.44674;-1.36858;-26.9245;-1.45842;-2.32443;
3.30988;-1.36858;-27.0704;-1.45842;-2.32443;
3.17302;-1.36858;-27.2162;-1.45842;-2.32443;
3.03616;-1.36858;-27.362;-1.45842;-2.32443;
2.89931;-1.36858;-27.5079;-1.45842;-2.32443;
2.76245;-1.36858;-27.6537;-1.45842;-2.32443;
2.62559;-1.36858;-27.7996;-1.45842;-2.32443;
2.48873;-1.36858;-27.9454;-1.45842;-2.32443;
2.35187;-1.36858;-28.0912;-1.45842;-2.32443;
2.21501;-1.36858;-28.2371;-1.45842;-2.32443;
2.07816;-1.36858;-28.3829;-1.45842;-2.32443;
1.9413;-1.36858;-28.5288;-1.45842;-2.32443;
1.80444;-1.36858;-28.6746;-1.45842;-2.32443;
1.66758;-1.36858;-28.8205;-1.45842;-2.32443;
1.53072;-1.36858;-28.9663;-1.45842;-2.32443;
1.39386;-1.36858;-29.1121;-1.45842;-2.32443;
1.257;-1.36858;-29.258;-1.45842;-2.32443;
1.12015;-1.36858;-29.4038;-1.45842;-2.32443;
0.983288;-1.36858;-29.5497;-1.45842;-2.32443;
0.84643;-1.36858;-29.6955;-1.45842;-2.32443;
0.709571;-1.36858;-29.8413;-1.45842;-2.32443;
0.572713;-1.36858;-29.9872;-1.45842;-2.32443;

0.435855;-1.36858;29.867;-1.45842;-2.32443;
0.298996;-1.36858;29.7211;-1.45842;-2.32443;
0.162138;-1.36858;29.5753;-1.45842;-2.32443;
0.0252794;-1.36858;29.4294;-1.45842;-2.32443;
-0.111579;-1.36858;29.2836;-1.45842;-2.32443;
-0.248437;-1.36858;29.1378;-1.45842;-2.32443;
-0.385296;-1.36858;28.9919;-1.45842;-2.32443;
-0.522154;-1.36858;28.8461;-1.45842;-2.32443;
-0.659013;-1.36858;28.7002;-1.45842;-2.32443;
-0.795871;-1.36858;28.5544;-1.45842;-2.32443;
-0.932729;-1.36858;28.4086;-1.45842;-2.32443;
-1.06959;-1.36858;28.2627;-1.45842;-2.32443;
-1.20645;-1.36858;28.1169;-1.45842;-2.32443;
-1.3433;-1.36858;27.971;-1.45842;-2.32443;
-1.48016;-1.36858;27.8252;-1.45842;-2.32443;
-1.61702;-1.36858;27.6793;-1.45842;-2.32443;
-1.75388;-1.36858;27.5335;-1.45842;-2.32443;
-1.89074;-1.36858;27.3877;-1.45842;-2.32443;
-2.0276;-1.36858;27.2418;-1.45842;-2.32443;
-2.16445;-1.36858;27.096;-1.45842;-2.32443;
-2.30131;-1.36858;26.9501;-1.45842;-2.32443;
-2.43817;-1.36858;26.8043;-1.45842;-2.32443;
-2.57503;-1.36858;26.6585;-1.45842;-2.32443;
-2.71189;-1.36858;26.5126;-1.45842;-2.32443;
-2.84875;-1.36858;26.3668;-1.45842;-2.32443;
-2.9856;-1.36858;26.2209;-1.45842;-2.32443;
-3.12246;-1.36858;26.0751;-1.45842;-2.32443;
-3.25932;-1.36858;25.9292;-1.45842;-2.32443;
-3.39618;-1.36858;25.7834;-1.45842;-2.32443;
-3.53304;-1.36858;25.6376;-1.45842;-2.32443;
-3.6699;-1.36858;25.4917;-1.45842;-2.32443;
-3.80676;-1.36858;25.3459;-1.45842;-2.32443;
-3.94361;-1.36858;25.2;-1.45842;-2.32443;
-4.08047;-1.36858;25.0542;-1.45842;-2.32443;
-4.21733;-1.36858;24.9084;-1.45842;-2.32443;
-4.35419;-1.36858;24.7625;-1.45842;-2.32443;
-4.49105;-1.36858;24.6167;-1.45842;-2.32443;
-4.62791;-1.36858;24.4708;-1.45842;-2.32443;
-4.76476;-1.36858;24.325;-1.45842;-2.32443;
-4.90162;-1.36858;24.1791;-1.45842;-2.32443;
-5.03848;-1.36858;24.0333;-1.45842;-2.32443;
-5.17534;-1.36858;23.8875;-1.45842;-2.32443;
-5.3122;-1.36858;23.7416;-1.45842;-2.32443;
-5.44906;-1.36858;23.5958;-1.45842;-2.32443;
-5.58591;-1.36858;23.4499;-1.45842;-2.32443;
-5.72277;-1.36858;23.3041;-1.45842;-2.32443;
-5.85963;-1.36858;23.1583;-1.45842;-2.32443;
-5.99649;-1.36858;23.0124;-1.45842;-2.32443;
-6.13335;-1.36858;22.8666;-1.45842;-2.32443;
-6.27021;-1.36858;22.7207;-1.45842;-2.32443;
-6.40706;-1.36858;22.5749;-1.45842;-2.32443;
-6.54392;-1.36858;22.429;-1.45842;-2.32443;
-6.68078;-1.36858;22.2832;-1.45842;-2.32443;
-6.81764;-1.36858;22.1374;-1.45842;-2.32443;
-6.9545;-1.36858;21.9915;-1.45842;-2.32443;
-7.09136;-1.36858;21.8457;-1.45842;-2.32443;
-7.22821;-1.36858;21.6998;-1.45842;-2.32443;
-7.36507;-1.36858;21.554;-1.45842;-2.32443;
-7.50193;-1.36858;21.4082;-1.45842;-2.32443;
-7.63879;-1.36858;21.2623;-1.45842;-2.32443;
-7.77565;-1.36858;21.1165;-1.45842;-2.32443;
-7.91251;-1.36858;20.9706;-1.45842;-2.32443;
-8.04936;-1.36858;20.8248;-1.45842;-2.32443;
-8.18622;-1.36858;20.6789;-1.45842;-2.32443;
-8.32308;-1.36858;20.5331;-1.45842;-2.32443;
-8.45994;-1.36858;20.3873;-1.45842;-2.32443;
-8.5968;-1.36858;20.2414;-1.45842;-2.32443;
-8.73366;-1.36858;20.0956;-1.45842;-2.32443;
-8.87052;-1.36858;19.9497;-1.45842;-2.32443;
-9.00737;-1.36858;19.8039;-1.45842;-2.32443;
-9.14423;-1.36858;19.6581;-1.45842;-2.32443;
-9.28109;-1.36858;19.5122;-1.45842;-2.32443;
-9.41795;-1.36858;19.3664;-1.45842;-2.32443;
-9.55481;-1.36858;19.2205;-1.45842;-2.32443;
-9.69167;-1.36858;19.0747;-1.45842;-2.32443;
-9.82852;-1.36858;18.9288;-1.45842;-2.32443;
-9.96538;-1.36858;18.783;-1.45842;-2.32443;
-10.1022;-1.36858;18.6372;-1.45842;-2.32443;
-10.2391;-1.36858;18.4913;-1.45842;-2.32443;
-10.376;-1.36858;18.3455;-1.45842;-2.32443;
-10.5128;-1.36858;18.1996;-1.45842;-2.32443;
-10.6497;-1.36858;18.0538;-1.45842;-2.32443;
-10.7865;-1.36858;17.908;-1.45842;-2.32443;
-10.9234;-1.36858;17.7621;-1.45842;-2.32443;
-11.0602;-1.36858;17.6163;-1.45842;-2.32443;
-11.1971;-1.36858;17.4704;-1.45842;-2.32443;
-11.334;-1.36858;17.3246;-1.45842;-2.32443;
-11.4708;-1.36858;17.1787;-1.45842;-2.32443;
-11.6077;-1.36858;17.0329;-1.45842;-2.32443;
-11.7445;-1.36858;16.8871;-1.45842;-2.32443;
-11.8814;-1.36858;16.7412;-1.45842;-2.32443;
-12.0183;-1.36858;16.5954;-1.45842;-2.32443;
-12.1551;-1.36858;16.4495;-1.45842;-2.32443;
-12.292;-1.36858;16.3037;-1.45842;-2.32443;
-12.4288;-1.36858;16.1579;-1.45842;-2.32443;
-12.5657;-1.36858;16.012;-1.45842;-2.32443;
-12.7025;-1.36858;15.8662;-1.45842;-2.32443;
-12.8394;-1.36858;15.7203;-1.45842;-2.32443;
-12.9763;-1.36858;15.5745;-1.45842;-2.32443;
-13.1131;-1.36858;15.4286;-1.45842;-2.32443;
-13.25;-1.36858;15.2828;-1.45842;-2.32443;
-13.3868;-1.36858;15.137;-1.45842;-2.32443;
-13.5237;-1.36858;14.9911;-1.45842;-2.32443;
-13.6606;-1.36858;14.8453;-1.45842;-2.32443;
-13.7974;-1.36858;14.6994;-1.45842;-2.32443;
-13.9343;-1.36858;14.5536;-1.45842;-2.32443;
-14.0711;-1.36858;14.4078;-1.45842;-2.32443;
-14.208;-1.36858;14.2619;-1.45842;-2.32443;
-14.3449;-1.36858;14.1161;-1.45842;-2.32443;
-14.4817;-1.36858;13.9702;-1.45842;-2.32443;
-14.6186;-1.36858;13.8244;-1.45842;-2.32443;
-14.7554;-1.36858;13.6785;-1.45842;-2.32443;
-14.8923;-1.36858;13.5327;-1.45842;-2.32443;
-15.0291;-1.36858;13.3869;-1.45842;-2.32443;
-15.166;-1.36858;13.241;-1.45842;-2.32443;
-15.3029;-1.36858;13.0952;-1.45842;-2.32443;
-15.4397;-1.36858;12.9493;-1.45842;-2.32443;
-15.5766;-1.36858;12.8035;-1.45842;-2.32443;
-15.7134;-1.36858;12.6577;-1.45842;-2.32443;
-15.8503;-1.36858;12.5118;-1.45842;-2.32443;
-15.9872;-1.36858;12.366;-1.45842;-2.32443;
-16.124;-1.36858;12.2201;-1.45842;-2.32443;
-16.2609;-1.36858;12.0743;-1.45842;-2.32443;
-16.3977;-1.36858;11.9284;-1.45842;-2.32443;
-16.5346;-1.36858;11.7826;-1.45842;-2.32443;
-16.6714;-1.36858;11.6368;-1.45842;-2.32443;
-16.8083;-1.36858;11.4909;-1.45842;-2.32443;
-16.9452;-1.36858;11.3451;-1.45842;-2.32443;
-17.082;-1.36858;11.1992;-1.45842;-2.32443;
-17.2189;-1.36858;11.0534;-1.45842;-2.32443;
-17.3557;-1.36858;10.9076;-1.45842;-2.32443;
-17.4926;-1.36858;10.7617;-1.45842;-2.32443;
-17.6295;-1.36858;10.6159;-1.45842;-2.32443;
-17.7663;-1.36858;10.47;-1.45842;-2.32443;
-17.9032;-1.36858;10.3242;-1.45842;-2.32443;
-18.04;-1.36858;10.1783;-1.45842;-2.32443;
-18.1769;-1.36858;10.0325;-1.45842;-2.32443;
-18.3137;-1.36858;9.88666;-1.45842;-2.32443;
-18.4506;-1.36858;9.74082;-1.45842;-2.32443;
-18.5875;-1.36858;9.59498;-1.45842;-2.32443;
-18.7243;-1.36858;9.44914;-1.45842;-2.32443;
-18.8612;-1.36858;9.3033;-1.45842;-2.32443;
-18.998;-1.36858;9.15745;-1.45842;-2.32443;
-19.1349;-1.36858;9.01161;-1.45842;-2.32443;
-19.2718;-1.36858;8.86577;-1.45842;-2.32443;
-19.4086;-1.36858;8.71993;-1.45842;-2.32443;
-19.5455;-1.36858;8.57409;-1.45842;-2.32443;
-19.6823;-1.36858;8.42825;-1.45842;-2.32443;
-19.8192;-1.36858;8.2824;-1.45842;-2.32443;
-19.956;-1.36858;8.13656;-1.45842;-2.32443;
-20.0929;-1.36858;7.99072;-1.45842;-2.32443;
-20.2298;-1.36858;7.84488;-1.45842;-2.32443;
-20.3666;-1.36858;7.69904;-1.45842;-2.32443;
-20.5035;-1.36858;7.5532;-1.45842;-2.32443;
-20.6403;-1.36858;7.40736;-1.45842;-2.32443;
-20.7772;-1.36858;7.26151;-1.45842;-2.32443;
-20.9141;-1.36858;7.11567;-1.45842;-2.32443;
-21.0509;-1.36858;6.96983;-1.45842;-2.32443;
-21.1878;-1.36858;6.82399;-1.45842;-2.32443;
-21.3246;-1.36858;6.67815;-1.45842;-2.32443;
-21.4615;-1.36858;6.53231;-1.45842;-2.32443;
-21.5983;-1.36858;6.38646;-1.45842;-2.32443;
-21.7352;-1.36858;6.24062;-1.45842;-2.32443;
-21.8721;-1.36858;6.09478;-1.45842;-2.32443;
-22.0089;-1.36858;5.94894;-1.45842;-2.32443;
-22.1458;-1.36858;5.8031;-1.45842;-2.32443;
-22.2826;-1.36858;5.65726;-1.45842;-2.32443;
-22.4195;-1.36858;5.51141;-1.45842;-2.32443;
-22.5564;-1.36858;5.36557;-1.45842;-2.32443;
-22.6932;-1.36858;5.21973;-1.45842;-2.32443;
-22.8301;-1.36858;5.07389;-1.45842;-2.32443;
-22.9669;-1.36858;4.92805;-1.45842;-2.32443;
-23.1038;-1.36858;4.78221;-1.45842;-2.32443;
-23.2406;-1.36858;4.63636;-1.45842;-2.32443;
-23.3775;-1.36858;4.49052;-1.45842;-2.32443;
-23.5144;-1.36858;4.34468;-1.45842;-2.32443;
-23.6512;-1.36858;4.19884;-1.45842;-2.32443;
-23.7881;-1.36858;4.053;-1.45842;-2.32443;
-23.9249;-1.36858;3.90716;-1.45842;-2.32443;
-24.0618;-1.36858;3.76131;-1.45842;-2.32443;
-24.1987;-1.36858;3.61547;-1.45842;-2.32443;
-24.3355;-1.36858;3.46963;-1.45842;-2.32443;
-24.4724;-1.36858;3.32379;-1.45842;-2.32443;
-24.6092;-1.36858;3.17795;-1.45842;-2.32443;
-24.7461;-1.36858;3.03211;-1.45842;-2.32443;
-24.8829;-1.36858;2.88626;-1.45842;-2.32443;
-25.0198;-1.36858;2.74042;-1.45842;-2.32443;
-25.1567;-1.36858;2.59458;-1.45842;-2.32443;
-25.2935;-1.36858;2.44874;-1.45842;-2.32443;
-25.4304;-1.36858;2.3029;-1.45842;-2.32443;
-25.5672;-1.36858;2.15706;-1.45842;-2.32443;
-25.7041;-1.36858;2.01121;-1.45842;-2.32443;
-25.841;-1.36858;1.86537;-1.45842;-2.32443;
-25.9778;-1.36858;1.71953;-1.45842;-2.32443;
-26.1147;-1.36858;1.57369;-1.45842;-2.32443;
-26.2515;-1.36858;1.42785;-1.45842;-2.32443;
-26.3884;-1.36858;1.28201;-1.45842;-2.32443;
-26.5252;-1.36858;1.13616;-1.45842;-2.32443;
-26.6621;-1.36858;0.990323;-1.45842;-2.32443;
-26.799;-1.36858;0.844481;-1.45842;-2.32443;
-26.9358;-1.36858;0.69864;-1.45842;-2.32443;
-27.0727;-1.36858;0.552798;-1.45842;-2.32443;
-27.2095;-1.36858;0.406956;-1.45842;-2.32443;
-27.3464;-1.36858;0.261115;-1.45842;-2.32443;
-27.4833;-1.36858;0.115273;-1.45842;-2.32443;
-27.6201;-1.36858;-0.0305686;-1.45842;-2.32443;
-27.757;-1.36858;-0.17641;-1.45842;-2.32443;
-27.8938;-1.36858;-0.322252;-1.45842;-2.32443;
-28.0307;-1.36858;-0.468094;-1.45842;-2.32443;
-28.1675;-1.36858;-0.613935;-1.45842;-2.32443;
-28.3044;-1.36858;-0.759777;-1.45842;-2.32443;
-28.4413;-1.36858;-0.905618;-1.45842;-2.32443;
-28.5781;-1.36858;-1.05146;-1.45842;-2.32443;
-28.715;-1.36858;-1.1973;-1.45842;-2.32443;
-28.8518;-1.36858;-1.34314;-1.45842;-2.32443;
-28.9887;-1.36858;-1.48899;-1.45842;-2.32443;
-29.1256;-1.36858;-1.63483;-1.45842;-2.32443;
-29.2624;-1.36858;-1.78067;-1.45842;-2.32443;
-29.3993;-1.36858;-1.92651;-1.45842;-2.32443;
-29.5361;-1.36858;-2.07235;-1.45842;-2.32443;
-29.673;-1.36858;-2.21819;-1.45842;-2.32443;
-29.8098;-1.36858;-2.36403;-1.45842;-2.32443;
-29.9467;-1.36858;-2.50988;-1.45842;-2.32443;

29.9164;-1.36858;-2.65572;-1.45842;-2.32443;
29.7796;-1.36858;-2.80156;-1.45842;-2.32443;
29.6427;-1.36858;-2.9474;-1.45842;-2.32443;
29.5059;-1.36858;-3.09324;-1.45842;-2.32443;
29.369;-1.36858;-3.23908;-1.45842;-2.32443;
29.2321;-1.36858;-3.38493;-1.45842;-2.32443;
29.0953;-1.36858;-3.53077;-1.45842;-2.32443;
28.9584;-1.36858;-3.67661;-1.45842;-2.32443;
28.8216;-1.36858;-3.82245;-1.45842;-2.32443;
28.6847;-1.36858;-3.96829;-1.45842;-2.32443;
28.5479;-1.36858;-4.11413;-1.45842;-2.32443;
28.411;-1.36858;-4.25998;-1.45842;-2.32443;
28.2741;-1.36858;-4.40582;-1.45842;-2.32443;
28.1373;-1.36858;-4.55166;-1.45842;-2.32443;
28.0004;-1.36858;-4.6975;-1.45842;-2.32443;
27.8636;-1.36858;-4.84334;-1.45842;-2.32443;
27.7267;-1.36858;-4.98918;-1.45842;-2.32443;
27.5898;-1.36858;-5.13503;-1.45842;-2.32443;
27.453;-1.36858;-5.28087;-1.45842;-2.32443;
27.3161;-1.36858;-5.42671;-1.45842;-2.32443;
27.1793;-1.36858;-5.57255;-1.45842;-2.32443;
27.0424;-1.36858;-5.71839;-1.45842;-2.32443;
26.9056;-1.36858;-5.86423;-1.45842;-2.32443;
26.7687;-1.36858;-6.01008;-1.45842;-2.32443;
26.6318;-1.36858;-6.15592;-1.45842;-2.32443;
26.495;-1.36858;-6.30176;-1.45842;-2.32443;
26.3581;-1.36858;-6.4476;-1.45842;-2.32443;
26.2213;-1.36858;-6.59344;-1.45842;-2.32443;
26.0844;-1.36858;-6.73928;-1.45842;-2.32443;
25.9475;-1.36858;-6.88513;-1.45842;-2.32443;
25.8107;-1.36858;-7.03097;-1.45842;-2.32443;
25.6738;-1.36858;-7.17681;-1.45842;-2.32443;
25.537;-1.36858;-7.32265;-1.45842;-2.32443;
25.4001;-1.36858;-7.46849;-1.45842;-2.32443;
25.2633;-1.36858;-7.61433;-1.45842;-2.32443;
25.1264;-1.36858;-7.76018;-1.45842;-2.32443;
24.9895;-1.36858;-7.90602;-1.45842;-2.32443;
24.8527;-1.36858;-8.05186;-1.45842;-2.32443;
24.7158;-1.36858;-8.1977;-1.45842;-2.32443;
24.579;-1.36858;-8.34354;-1.45842;-2.32443;
24.4421;-1.36858;-8.48938;-1.45842;-2.32443;
24.3052;-1.36858;-8.63523;-1.45842;-2.32443;
24.1684;-1.36858;-8.78107;-1.45842;-2.32443;
24.0315;-1.36858;-8.92691;-1.45842;-2.32443;
23.8947;-1.36858;-9.07275;-1.45842;-2.32443;
23.7578;-1.36858;-9.21859;-1.45842;-2.32443;
23.621;-1.36858;-9.36443;-1.45842;-2.32443;
23.4841;-1.36858;-9.51028;-1.45842;-2.32443;
23.3472;-1.36858;-9.65612;-1.45842;-2.32443;
23.2104;-1.36858;-9.80196;-1.45842;-2.32443;
23.0735;-1.36858;-9.9478;-1.45842;-2.32443;
22.9367;-1.36858;-10.0936;-1.45842;-2.32443;
22.7998;-1.36858;-10.2395;-1.45842;-2.32443;
22.6629;-1.36858;-10.3853;-1.45842;-2.32443;
22.5261;-1.36858;-10.5312;-1.45842;-2.32443;
22.3892;-1.36858;-10.677;-1.45842;-2.32443;
22.2524;-1.36858;-10.8229;-1.45842;-2.32443;
22.1155;-1.36858;-10.9687;-1.45842;-2.32443;
21.9787;-1.36858;-11.1145;-1.45842;-2.32443;
21.8418;-1.36858;-11.2604;-1.45842;-2.32443;
21.7049;-1.36858;-11.4062;-1.45842;-2.32443;
21.5681;-1.36858;-11.5521;-1.45842;-2.32443;
21.4312;-1.36858;-11.6979;-1.45842;-2.32443;
21.2944;-1.36858;-11.8437;-1.45842;-2.32443;
21.1575;-1.36858;-11.9896;-1.45842;-2.32443;
21.0206;-1.36858;-12.1354;-1.45842;-2.32443;
20.8838;-1.36858;-12.2813;-1.45842;-2.32443;
20.7469;-1.36858;-12.4271;-1.45842;-2.32443;
20.6101;-1.36858;-12.5729;-1.45842;-2.32443;
20.4732;-1.36858;-12.7188;-1.45842;-2.32443;
20.3364;-1.36858;-12.8646;-1.45842;-2.32443;
20.1995;-1.36858;-13.0105;-1.45842;-2.32443;
20.0626;-1.36858;-13.1563;-1.45842;-2.32443;
19.9258;-1.36858;-13.3022;-1.45842;-2.32443;
19.7889;-1.36858;-13.448;-1.45842;-2.32443;
19.6521;-1.36858;-13.5938;-1.45842;-2.32443;
19.5152;-1.36858;-13.7397;-1.45842;-2.32443;
19.3783;-1.36858;-13.8855;-1.45842;-2.32443;
19.2415;-1.36858;-14.0314;-1.45842;-2.32443;
19.1046;-1.36858;-14.1772;-1.45842;-2.32443;
18.9678;-1.36858;-14.323;-1.45842;-2.32443;
18.8309;-1.36858;-14.4689;-1.45842;-2.32443;
18.694;-1.36858;-14.6147;-1.45842;-2.32443;
18.5572;-1.36858;-14.7606;-1.45842;-2.32443;
18.4203;-1.36858;-14.9064;-1.45842;-2.32443;
18.2835;-1.36858;-15.0523;-1.45842;-2.32443;
18.1466;-1.36858;-15.1981;-1.45842;-2.32443;
18.0098;-1.36858;-15.3439;-1.45842;-2.32443;
17.8729;-1.36858;-15.4898;-1.45842;-2.32443;
17.736;-1.36858;-15.6356;-1.45842;-2.32443;
17.5992;-1.36858;-15.7815;-1.45842;-2.32443;
17.4623;-1.36858;-15.9273;-1.45842;-2.32443;
17.3255;-1.36858;-16.0731;-1.45842;-2.32443;
17.1886;-1.36858;-16.219;-1.45842;-2.32443;
17.0517;-1.36858;-16.3648;-1.45842;-2.32443;
16.9149;-1.36858;-16.5107;-1.45842;-2.32443;
16.778;-1.36858;-16.6565;-1.45842;-2.32443;
16.6412;-1.36858;-16.8024;-1.45842;-2.32443;
16.5043;-1.36858;-16.9482;-1.45842;-2.32443;
16.3675;-1.36858;-17.094;-1.45842;-2.32443;
16.2306;-1.36858;-17.2399;-1.45842;-2.32443;
16.0937;-1.36858;-17.3857;-1.45842;-2.32443;
15.9569;-1.36858;-17.5316;-1.45842;-2.32443;
15.82;-1.36858;-17.6774;-1.45842;-2.32443;
15.6832;-1.36858;-17.8232;-1.45842;-2.32443;
15.5463;-1.36858;-17.9691;-1.45842;-2.32443;
15.4094;-1.36858;-18.1149;-1.45842;-2.32443;
15.2726;-1.36858;-18.2608;-1.45842;-2.32443;
15.1357;-1.36858;-18.4066;-1.45842;-2.32443;
14.9989;-1.36858;-18.5525;-1.45842;-2.32443;
14.862;-1.36858;-18.6983;-1.45842;-2.32443;
14.7252;-1.36858;-18.8441;-1.45842;-2.32443;
14.5883;-1.36858;-18.99;-1.45842;-2.32443;
14.4514;-1.36858;-19.1358;-1.45842;-2.32443;
14.3146;-1.36858;-19.2817;-1.45842;-2.32443;
14.1777;-1.36858;-19.4275;-1.45842;-2.32443;
14.0409;-1.36858;-19.5733;-1.45842;-2.32443;
13.904;-1.36858;-19.7192;-1.45842;-2.32443;
13.7671;-1.36858;-19.865;-1.45842;-2.32443;
13.6303;-1.36858;-20.0109;-1.45842;-2.32443;
13.4934;-1.36858;-20.1567;-1.45842;-2.32443;
13.3566;-1.36858;-20.3026;-1.45842;-2.32443;
13.2197;-1.36858;-20.4484;-1.45842;-2.32443;
13.0829;-1.36858;-20.5942;-1.45842;-2.32443;
12.946;-1.36858;-20.7401;-1.45842;-2.32443;
12.8091;-1.36858;-20.8859;-1.45842;-2.32443;
12.6723;-1.36858;-21.0318;-1.45842;-2.32443;
12.5354;-1.36858;-21.1776;-1.45842;-2.32443;
12.3986;-1.36858;-21.3234;-1.45842;-2.32443;
12.2617;-1.36858;-21.4693;-1.45842;-2.32443;
12.1248;-1.36858;-21.6151;-1.45842;-2.32443;
11.988;-1.36858;-21.761;-1.45842;-2.32443;
11.8511;-1.36858;-21.9068;-1.45842;-2.32443;
11.7143;-1.36858;-22.0527;-1.45842;-2.32443;
11.5774;-1.36858;-22.1985;-1.45842;-2.32443;
11.4406;-1.36858;-22.3443;-1.45842;-2.32443;
11.3037;-1.36858;-22.4902;-1.45842;-2.32443;
11.1668;-1.36858;-22.636;-1.45842;-2.32443;
11.03;-1.36858;-22.7819;-1.45842;-2.32443;
10.8931;-1.36858;-22.9277;-1.45842;-2.32443;
10.7563;-1.36858;-23.0735;-1.45842;-2.32443;
10.6194;-1.36858;-23.2194;-1.45842;-2.32443;
10.4825;-1.36858;-23.3652;-1.45842;-2.32443;
10.3457;-1.36858;-23.5111;-1.45842;-2.32443;
10.2088;-1.36858;-23.6569;-1.45842;-2.32443;
10.072;-1.36858;-23.8028;-1.45842;-2.32443;
9.93511;-1.36858;-23.9486;-1.45842;-2.32443;
9.79826;-1.36858;-24.0944;-1.45842;-2.32443;
9.6614;-1.36858;-24.2403;-1.45842;-2.32443;
9.52454;-1.36858;-24.3861;-1.45842;-2.32443;
9.38768;-1.36858;-24.532;-1.45842;-2.32443;
9.25082;-1.36858;-24.6778;-1.45842;-2.32443;
9.11396;-1.36858;-24.8236;-1.45842;-2.32443;
8.9771;-1.36858;-24.9695;-1.45842;-2.32443;
8.84025;-1.36858;-25.1153;-1.45842;-2.32443;
8.70339;-1.36858;-25.2612;-1.45842;-2.32443;
8.56653;-1.36858;-25.407;-1.45842;-2.32443;
8.42967;-1.36858;-25.5529;-1.45842;-2.32443;
8.29281;-1.36858;-25.6987;-1.45842;-2.32443;
8.15595;-1.36858;-25.8445;-1.45842;-2.32443;
8.0191;-1.36858;-25.9904;-1.45842;-2.32443;
7.88224;-1.36858;-26.1362;-1.45842;-2.32443;
7.74538;-1.36858;-26.2821;-1.45842;-2.32443;
7.60852;-1.36858;-26.4279;-1.45842;-2.32443;
7.47166;-1.36858;-26.5737;-1.45842;-2.32443;
7.3348;-1.36858;-26.7196;-1.45842;-2.32443;
7.19795;-1.36858;-26.8654;-1.45842;-2.32443;
7.06109;-1.36858;-27.0113;-1.45842;-2.32443;
6.92423;-1.36858;-27.1571;-1.45842;-2.32443;
6.78737;-1.36858;-27.303;-1.45842;-2.32443;
6.65051;-1.36858;-27.4488;-1.45842;-2.32443;
6.51365;-1.36858;-27.5946;-1.45842;-2.32443;
6.3768;-1.36858;-27.7405;-1.45842;-2.32443;
6.23994;-1.36858;-27.8863;-1.45842;-2.32443;
6.10308;-1.36858;-28.0322;-1.45842;-2.32443;
5.96622;-1.36858;-28.178;-1.45842;-2.32443;
5.82936;-1.36858;-28.3238;-1.45842;-2.32443;
5.6925;-1.36858;-28.4697;-1.45842;-2.32443;
5.55565;-1.36858;-28.6155;-1.45842;-2.32443;
5.41879;-1.36858;-28.7614;-1.45842;-2.32443;
5.28193;-1.36858;-28.9072;-1.45842;-2.32443;
5.14507;-1.36858;-29.0531;-1.45842;-2.32443;
5.00821;-1.36858;-29.1989;-1.45842;-2.32443;
4.87135;-1.36858;-29.3447;-1.45842;-2.32443;
4.7345;-1.36858;-29.4906;-1.45842;-2.32443;
4.59764;-1.36858;-29.6364;-1.45842;-2.32443;
4.46078;-1.36858;-29.7823;-1.45842;-2.32443;
4.32392;-1.36858;-29.9281;-1.45842;-2.32443;

4.18706;-1.36858;29.9261;-1.45842;-2.32443;
4.0502;-1.36858;29.7802;-1.45842;-2.32443;
3.91334;-1.36858;29.6344;-1.45842;-2.32443;
3.77649;-1.36858;29.4885;-1.45842;-2.32443;
3.63963;-1.36858;29.3427;-1.45842;-2.32443;
3.50277;-1.36858;29.1968;-1.45842;-2.32443;
3.36591;-1.36858;29.051;-1.45842;-2.32443;
3.22905;-1.36858;28.9052;-1.45842;-2.32443;
3.09219;-1.36858;28.7593;-1.45842;-2.32443;
2.95534;-1.36858;28.6135;-1.45842;-2.32443;
2.81848;-1.36858;28.4676;-1.45842;-2.32443;
2.68162;-1.36858;28.3218;-1.45842;-2.32443;
2.54476;-1.36858;28.176;-1.45842;-2.32443;
2.4079;-1.36858;28.0301;-1.45842;-2.32443;
2.27104;-1.36858;27.8843;-1.45842;-2.32443;
2.13419;-1.36858;27.7384;-1.45842;-2.32443;
1.99733;-1.36858;27.5926;-1.45842;-2.32443;
1.86047;-1.36858;27.4467;-1.45842;-2.32443;
1.72361;-1.36858;27.3009;-1.45842;-2.32443;
1.58675;-1.36858;27.1551;-1.45842;-2.32443;
1.44989;-1.36858;27.0092;-1.45842;-2.32443;
1.31304;-1.36858;26.8634;-1.45842;-2.32443;
1.17618;-1.36858;26.7175;-1.45842;-2.32443;
1.03932;-1.36858;26.5717;-1.45842;-2.32443;
0.902461;-1.36858;26.4259;-1.45842;-2.32443;
0.765602;-1.36858;26.28;-1.45842;-2.32443;
0.628744;-1.36858;26.1342;-1.45842;-2.32443;
0.491885;-1.36858;25.9883;-1.45842;-2.32443;
0.355027;-1.36858;25.8425;-1.45842;-2.32443;
0.218169;-1.36858;25.6966;-1.45842;-2.32443;
0.0813104;-1.36858;25.5508;-1.45842;-2.32443;
-0.055548;-1.36858;25.405;-1.45842;-2.32443;
-0.192406;-1.36858;25.2591;-1.45842;-2.32443;
-0.329265;-1.36858;25.1133;-1.45842;-2.32443;
-0.466123;-1.36858;24.9674;-1.45842;-2.32443;
-0.602982;-1.36858;24.8216;-1.45842;-2.32443;
-0.73984;-1.36858;24.6758;-1.45842;-2.32443;
-0.876698;-1.36858;24.5299;-1.45842;-2.32443;
-1.01356;-1.36858;24.3841;-1.45842;-2.32443;
-1.15042;-1.36858;24.2382;-1.45842;-2.32443;
-1.28727;-1.36858;24.0924;-1.45842;-2.32443;
-1.42413;-1.36858;23.9465;-1.45842;-2.32443;
-1.56099;-1.36858;23.8007;-1.45842;-2.32443;
-1.69785;-1.36858;23.6549;-1.45842;-2.32443;
-1.83471;-1.36858;23.509;-1.45842;-2.32443;
-1.97157;-1.36858;23.3632;-1.45842;-2.32443;
-2.10842;-1.36858;23.2173;-1.45842;-2.32443;
-2.24528;-1.36858;23.0715;-1.45842;-2.32443;
-2.38214;-1.36858;22.9257;-1.45842;-2.32443;
-2.519;-1.36858;22.7798;-1.45842;-2.32443;
-2.65586;-1.36858;22.634;-1.45842;-2.32443;
-2.79272;-1.36858;22.4881;-1.45842;-2.32443;
-2.92957;-1.36858;22.3423;-1.45842;-2.32443;
-3.06643;-1.36858;22.1964;-1.45842;-2.32443;
-3.20329;-1.36858;22.0506;-1.45842;-2.32443;
-3.34015;-1.36858;21.9048;-1.45842;-2.32443;
-3.47701;-1.36858;21.7589;-1.45842;-2.32443;
-3.61387;-1.36858;21.6131;-1.45842;-2.32443;
-3.75072;-1.36858;21.4672;-1.45842;-2.32443;
-3.88758;-1.36858;21.3214;-1.45842;-2.32443;
-4.02444;-1.36858;21.1756;-1.45842;-2.32443;
-4.1613;-1.36858;21.0297;-1.45842;-2.32443;
-4.29816;-1.36858;20.8839;-1.45842;-2.32443;
-4.43502;-1.36858;20.738;-1.45842;-2.32443;
-4.57187;-1.36858;20.5922;-1.45842;-2.32443;
-4.70873;-1.36858;20.4463;-1.45842;-2.32443;
-4.84559;-1.36858;20.3005;-1.45842;-2.32443;
-4.98245;-1.36858;20.1547;-1.45842;-2.32443;
-5.11931;-1.36858;20.0088;-1.45842;-2.32443;
-5.25617;-1.36858;19.863;-1.45842;-2.32443;
-5.39302;-1.36858;19.7171;-1.45842;-2.32443;
-5.52988;-1.36858;19.5713;-1.45842;-2.32443;
-5.66674;-1.36858;19.4255;-1.45842;-2.32443;
-5.8036;-1.36858;19.2796;-1.45842;-2.32443;
-5.94046;-1.36858;19.1338;-1.45842;-2.32443;
-6.07732;-1.36858;18.9879;-1.45842;-2.32443;
-6.21417;-1.36858;18.8421;-1.45842;-2.32443;
-6.35103;-1.36858;18.6962;-1.45842;-2.32443;
-6.48789;-1.36858;18.5504;-1.45842;-2.32443;
-6.62475;-1.36858;18.4046;-1.45842;-2.32443;
-6.76161;-1.36858;18.2587;-1.45842;-2.32443;
-6.89847;-1.36858;18.1129;-1.45842;-2.32443;
-7.03533;-1.36858;17.967;-1.45842;-2.32443;
-7.17218;-1.36858;17.8212;-1.45842;-2.32443;
-7.30904;-1.36858;17.6754;-1.45842;-2.32443;
-7.4459;-1.36858;17.5295;-1.45842;-2.32443;
-7.58276;-1.36858;17.3837;-1.45842;-2.32443;
-7.71962;-1.36858;17.2378;-1.45842;-2.32443;
-7.85648;-1.36858;17.092;-1.45842;-2.32443;
-7.99333;-1.36858;16.9461;-1.45842;-2.32443;
-8.13019;-1.36858;16.8003;-1.45842;-2.32443;
-8.26705;-1.36858;16.6545;-1.45842;-2.32443;
-8.40391;-1.36858;16.5086;-1.45842;-2.32443;
-8.54077;-1.36858;16.3628;-1.45842;-2.32443;
-8.67763;-1.36858;16.2169;-1.45842;-2.32443;
-8.81448;-1.36858;16.0711;-1.45842;-2.32443;
-8.95134;-1.36858;15.9253;-1.45842;-2.32443;
-9.0882;-1.36858;15.7794;-1.45842;-2.32443;
-9.22506;-1.36858;15.6336;-1.45842;-2.32443;
-9.36192;-1.36858;15.4877;-1.45842;-2.32443;
-9.49878;-1.36858;15.3419;-1.45842;-2.32443;
-9.63563;-1.36858;15.196;-1.45842;-2.32443;
-9.77249;-1.36858;15.0502;-1.45842;-2.32443;
-9.90935;-1.36858;14.9044;-1.45842;-2.32443;
-10.0462;-1.36858;14.7585;-1.45842;-2.32443;
-10.1831;-1.36858;14.6127;-1.45842;-2.32443;
-10.3199;-1.36858;14.4668;-1.45842;-2.32443;
-10.4568;-1.36858;14.321;-1.45842;-2.32443;
-10.5936;-1.36858;14.1752;-1.45842;-2.32443;
-10.7305;-1.36858;14.0293;-1.45842;-2.32443;
-10.8674;-1.36858;13.8835;-1.45842;-2.32443;
-11.0042;-1.36858;13.7376;-1.45842;-2.32443;
-11.1411;-1.36858;13.5918;-1.45842;-2.32443;
-11.2779;-1.36858;13.4459;-1.45842;-2.32443;
-11.4148;-1.36858;13.3001;-1.45842;-2.32443;
-11.5517;-1.36858;13.1543;-1.45842;-2.32443;
-11.6885;-1.36858;13.0084;-1.45842;-2.32443;
-11.8254;-1.36858;12.8626;-1.45842;-2.32443;
-11.9622;-1.36858;12.7167;-1.45842;-2.32443;
-12.0991;-1.36858;12.5709;-1.45842;-2.32443;
-12.2359;-1.36858;12.4251;-1.45842;-2.32443;
-12.3728;-1.36858;12.2792;-1.45842;-2.32443;
-12.5097;-1.36858;12.1334;-1.45842;-2.32443;
-12.6465;-1.36858;11.9875;-1.45842;-2.32443;
-12.7834;-1.36858;11.8417;-1.45842;-2.32443;
-12.9202;-1.36858;11.6958;-1.45842;-2.32443;
-13.0571;-1.36858;11.55;-1.45842;-2.32443;
-13.194;-1.36858;11.4042;-1.45842;-2.32443;
-13.3308;-1.36858;11.2583;-1.45842;-2.32443;
-13.4677;-1.36858;11.1125;-1.45842;-2.32443;
-13.6045;-1.36858;10.9666;-1.45842;-2.32443;
-13.7414;-1.36858;10.8208;-1.45842;-2.32443;
-13.8782;-1.36858;10.675;-1.45842;-2.32443;
-14.0151;-1.36858;10.5291;-1.45842;-2.32443;
-14.152;-1.36858;10.3833;-1.45842;-2.32443;
-14.2888;-1.36858;10.2374;-1.45842;-2.32443;
-14.4257;-1.36858;10.0916;-1.45842;-2.32443;
-14.5625;-1.36858;9.94575;-1.45842;-2.32443;
-14.6994;-1.36858;9.79991;-1.45842;-2.32443;
-14.8363;-1.36858;9.65406;-1.45842;-2.32443;
-14.9731;-1.36858;9.50822;-1.45842;-2.32443;
-15.11;-1.36858;9.36238;-1.45842;-2.32443;
-15.2468;-1.36858;9.21654;-1.45842;-2.32443;
-15.3837;-1.36858;9.0707;-1.45842;-2.32443;
-15.5205;-1.36858;8.92486;-1.45842;-2.32443;
-15.6574;-1.36858;8.77901;-1.45842;-2.32443;
-15.7943;-1.36858;8.63317;-1.45842;-2.32443;
-15.9311;-1.36858;8.48733;-1.45842;-2.32443;
-16.068;-1.36858;8.34149;-1.45842;-2.32443;
-16.2048;-1.36858;8.19565;-1.45842;-2.32443;
-16.3417;-1.36858;8.04981;-1.45842;-2.32443;
-16.4786;-1.36858;7.90396;-1.45842;-2.32443;
-16.6154;-1.36858;7.75812;-1.45842;-2.32443;
-16.7523;-1.36858;7.61228;-1.45842;-2.32443;
-16.8891;-1.36858;7.46644;-1.45842;-2.32443;
-17.026;-1.36858;7.3206;-1.45842;-2.32443;
-17.1628;-1.36858;7.17476;-1.45842;-2.32443;
-17.2997;-1.36858;7.02892;-1.45842;-2.32443;
-17.4366;-1.36858;6.88307;-1.45842;-2.32443;
-17.5734;-1.36858;6.73723;-1.45842;-2.32443;
-17.7103;-1.36858;6.59139;-1.45842;-2.32443;
-17.8471;-1.36858;6.44555;-1.45842;-2.32443;
-17.984;-1.36858;6.29971;-1.45842;-2.32443;
-18.1209;-1.36858;6.15387;-1.45842;-2.32443;
-18.2577;-1.36858;6.00802;-1.45842;-2.32443;
-18.3946;-1.36858;5.86218;-1.45842;-2.32443;
-18.5314;-1.36858;5.71634;-1.45842;-2.32443;
-18.6683;-1.36858;5.5705;-1.45842;-2.32443;
-18.8051;-1.36858;5.42466;-1.45842;-2.32443;
-18.942;-1.36858;5.27882;-1.45842;-2.32443;
-19.0789;-1.36858;5.13297;-1.45842;-2.32443;
-19.2157;-1.36858;4.98713;-1.45842;-2.32443;
-19.3526;-1.36858;4.84129;-1.45842;-2.32443;
-19.4894;-1.36858;4.69545;-1.45842;-2.32443;
-19.6263;-1.36858;4.54961;-1.45842;-2.32443;
-19.7632;-1.36858;4.40377;-1.45842;-2.32443;
-19.9;-1.36858;4.25792;-1.45842;-2.32443;
-20.0369;-1.36858;4.11208;-1.45842;-2.32443;
-20.1737;-1.36858;3.96624;-1.45842;-2.32443;
-20.3106;-1.36858;3.8204;-1.45842;-2.32443;
-20.4474;-1.36858;3.67456;-1.45842;-2.32443;
-20.5843;-1.36858;3.52872;-1.45842;-2.32443;
-20.7212;-1.36858;3.38287;-1.45842;-2.32443;
-20.858;-1.36858;3.23703;-1.45842;-2.32443;
-20.9949;-1.36858;3.09119;-1.45842;-2.32443;
-21.1317;-1.36858;2.94535;-1.45842;-2.32443;
-21.2686;-1.36858;2.79951;-1.45842;-2.32443;
-21.4055;-1.36858;2.65367;-1.45842;-2.32443;
-21.5423;-1.36858;2.50782;-1.45842;-2.32443;
-21.6792;-1.36858;2.36198;-1.45842;-2.32443;
-21.816;-1.36858;2.21614;-1.45842;-2.32443;
-21.9529;-1.36858;2.0703;-1.45842;-2.32443;
-22.0897;-1.36858;1.92446;-1.45842;-2.32443;
-22.2266;-1.36858;1.77862;-1.45842;-2.32443;
-22.3635;-1.36858;1.63277;-1.45842;-2.32443;
-22.5003;-1.36858;1.48693;-1.45842;-2.32443;
-22.6372;-1.36858;1.34109;-1.45842;-2.32443;
-22.774;-1.36858;1.19525;-1.45842;-2.32443;
-22.9109;-1.36858;1.04941;-1.45842;-2.32443;
-23.0478;-1.36858;0.903566;-1.45842;-2.32443;
-23.1846;-1.36858;0.757724;-1.45842;-2.32443;
-23.3215;-1.36858;0.611883;-1.45842;-2.32443;
-23.4583;-1.36858;0.466041;-1.45842;-2.32443;
-23.5952;-1.36858;0.3202;-1.45842;-2.32443;
-23.732;-1.36858;0.174358;-1.45842;-2.32443;
-23.8689;-1.36858;0.0285163;-1.45842;-2.32443;
-24.0058;-1.36858;-0.117325;-1.45842;-2.32443;
-24.1426;-1.36858;-0.263167;-1.45842;-2.32443;
-24.2795;-1.36858;-0.409009;-1.45842;-2.32443;
-24.4163;-1.36858;-0.55485;-1.45842;-2.32443;
-24.5532;-1.36858;-0.700692;-1.45842;-2.32443;
-24.6901;-1.36858;-0.846534;-1.45842;-2.32443;
-24.8269;-1.36858;-0.992375;-1.45842;-2.32443;
-24.9638;-1.36858;-1.13822;-1.45842;-2.32443;
-25.1006;-1.36858;-1.28406;-1.45842;-2.32443;
-25.2375;-1.36858;-1.4299;-1.45842;-2.32443;
-25.3743;-1.36858;-1.57574;-1.45842;-2.32443;
-25.5112;-1.36858;-1.72158;-1.45842;-2.32443;
-25.6481;-1.36858;-1.86743;-1.45842;-2.32443;
-25.7849;-1.36858;-2.01327;-1.45842;-2.32443;
-25.9218;-1.36858;-2.15911;-1.45842;-2.32443;
-26.0586;-1.36858;-2.30495;-1.45842;-2.32443;
-26.1955;-1.36858;-2.45079;-1.45842;-2.32443;
-26.3324;-1.36858;-2.59663;-1.45842;-2.32443;
-26.4692;-1.36858;-2.74247;-1.45842;-2.32443;
-26.6061;-1.36858;-2.88832;-1.45842;-2.32443;
-26.7429;-1.36858;-3.03416;-1.45842;-2.32443;
-26.8798;-1.36858;-3.18;-1.45842;-2.32443;
-27.0166;-1.36858;-3.32584;-1.45842;-2.32443;
-27.1535;-1.36858;-3.47168;-1.45842;-2.32443;
-27.2904;-1.36858;-3.61752;-1.45842;-2.32443;
-27.4272;-1.36858;-3.76337;-1.45842;-2.32443;
-27.5641;-1.36858;-3.90921;-1.45842;-2.32443;
-27.7009;-1.36858;-4.05505;-1.45842;-2.32443;
-27.8378;-1.36858;-4.20089;-1.45842;-2.32443;
-27.9747;-1.36858;-4.34673;-1.45842;-2.32443;
-28.1115;-1.36858;-4.49257;-1.45842;-2.32443;
-28.2484;-1.36858;-4.63842;-1.45842;-2.32443;
-28.3852;-1.36858;-4.78426;-1.45842;-2.32443;
-28.5221;-1.36858;-4.9301;-1.45842;-2.32443;
-28.6589;-1.36858;-5.07594;-1.45842;-2.32443;
-28.7958;-1.36858;-5.22178;-1.45842;-2.32443;
-28.9327;-1.36858;-5.36762;-1.45842;-2.32443;
-29.0695;-1.36858;-5.51347;-1.45842;-2.32443;
-29.2064;-1.36858;-5.65931;-1.45842;-2.32443;
-29.3432;-1.36858;-5.80515;-1.45842;-2.32443;
-29.4801;-1.36858;-5.95099;-1.45842;-2.32443;
-29.617;-1.36858;-6.09683;-1.45842;-2.32443;
-29.7538;-1.36858;-6.24267;-1.45842;-2.32443;
-29.8907;-1.36858;-6.38852;-1.45842;-2.32443;

29.9725;-1.36858;-6.53436;-1.45842;-2.32443;
29.8356;-1.36858;-6.6802;-1.45842;-2.32443;
29.6988;-1.36858;-6.82604;-1.45842;-2.32443;
29.5619;-1.36858;-6.97188;-1.45842;-2.32443;
29.425;-1.36858;-7.11772;-1.45842;-2.32443;
29.2882;-1.36858;-7.26357;-1.45842;-2.32443;
29.1513;-1.36858;-7.40941;-1.45842;-2.32443;
29.0145;-1.36858;-7.55525;-1.45842;-2.32443;
28.8776;-1.36858;-7.70109;-1.45842;-2.32443;
28.7407;-1.36858;-7.84693;-1.45842;-2.32443;
28.6039;-1.36858;-7.99277;-1.45842;-2.32443;
28.467;-1.36858;-8.13862;-1.45842;-2.32443;
28.3302;-1.36858;-8.28446;-1.45842;-2.32443;
28.1933;-1.36858;-8.4303;-1.45842;-2.32443;
28.0565;-1.36858;-8.57614;-1.45842;-2.32443;
27.9196;-1.36858;-8.72198;-1.45842;-2.32443;
27.7827;-1.36858;-8.86782;-1.45842;-2.32443;
27.6459;-1.36858;-9.01367;-1.45842;-2.32443;
27.509;-1.36858;-9.15951;-1.45842;-2.32443;
27.3722;-1.36858;-9.30535;-1.45842;-2.32443;
27.2353;-1.36858;-9.45119;-1.45842;-2.32443;
27.0984;-1.36858;-9.59703;-1.45842;-2.32443;
26.9616;-1.36858;-9.74287;-1.45842;-2.32443;
26.8247;-1.36858;-9.88872;-1.45842;-2.32443;
26.6879;-1.36858;-10.0346;-1.45842;-2.32443;
26.551;-1.36858;-10.1804;-1.45842;-2.32443;
26.4141;-1.36858;-10.3262;-1.45842;-2.32443;
26.2773;-1.36858;-10.4721;-1.45842;-2.32443;
26.1404;-1.36858;-10.6179;-1.45842;-2.32443;
26.0036;-1.36858;-10.7638;-1.45842;-2.32443;
25.8667;-1.36858;-10.9096;-1.45842;-2.32443;
25.7299;-1.36858;-11.0554;-1.45842;-2.32443;
25.593;-1.36858;-11.2013;-1.45842;-2.32443;
25.4561;-1.36858;-11.3471;-1.45842;-2.32443;
25.3193;-1.36858;-11.493;-1.45842;-2.32443;
25.1824;-1.36858;-11.6388;-1.45842;-2.32443;
25.0456;-1.36858;-11.7847;-1.45842;-2.32443;
24.9087;-1.36858;-11.9305;-1.45842;-2.32443;
24.7718;-1.36858;-12.0763;-1.45842;-2.32443;
24.635;-1.36858;-12.2222;-1.45842;-2.32443;
24.4981;-1.36858;-12.368;-1.45842;-2.32443;
24.3613;-1.36858;-12.5139;-1.45842;-2.32443;
24.2244;-1.36858;-12.6597;-1.45842;-2.32443;
24.0876;-1.36858;-12.8055;-1.45842;-2.32443;
23.9507;-1.36858;-12.9514;-1.45842;-2.32443;
23.8138;-1.36858;-13.0972;-1.45842;-2.32443;
23.677;-1.36858;-13.2431;-1.45842;-2.32443;
23.5401;-1.36858;-13.3889;-1.45842;-2.32443;
23.4033;-1.36858;-13.5348;-1.45842;-2.32443;
23.2664;-1.36858;-13.6806;-1.45842;-2.32443;
23.1295;-1.36858;-13.8264;-1.45842;-2.32443;
22.9927;-1.36858;-13.9723;-1.45842;-2.32443;
22.8558;-1.36858;-14.1181;-1.45842;-2.32443;
22.719;-1.36858;-14.264;-1.45842;-2.32443;
22.5821;-1.36858;-14.4098;-1.45842;-2.32443;
22.4453;-1.36858;-14.5556;-1.45842;-2.32443;
22.3084;-1.36858;-14.7015;-1.45842;-2.32443;
22.1715;-1.36858;-14.8473;-1.45842;-2.32443;
22.0347;-1.36858;-14.9932;-1.45842;-2.32443;
21.8978;-1.36858;-15.139;-1.45842;-2.32443;
21.761;-1.36858;-15.2849;-1.45842;-2.32443;
21.6241;-1.36858;-15.4307;-1.45842;-2.32443;
21.4872;-1.36858;-15.5765;-1.45842;-2.32443;
21.3504;-1.36858;-15.7224;-1.45842;-2.32443;
21.2135;-1.36858;-15.8682;-1.45842;-2.32443;
21.0767;-1.36858;-16.0141;-1.45842;-2.32443;
20.9398;-1.36858;-16.1599;-1.45842;-2.32443;
20.803;-1.36858;-16.3057;-1.45842;-2.32443;
20.6661;-1.36858;-16.4516;-1.45842;-2.32443;
20.5292;-1.36858;-16.5974;-1.45842;-2.32443;
20.3924;-1.36858;-16.7433;-1.45842;-2.32443;
20.2555;-1.36858;-16.8891;-1.45842;-2.32443;
20.1187;-1.36858;-17.035;-1.45842;-2.32443;
19.9818;-1.36858;-17.1808;-1.45842;-2.32443;
19.8449;-1.36858;-17.3266;-1.45842;-2.32443;
19.7081;-1.36858;-17.4725;-1.45842;-2.32443;
19.5712;-1.36858;-17.6183;-1.45842;-2.32443;
19.4344;-1.36858;-17.7642;-1.45842;-2.32443;
19.2975;-1.36858;-17.91;-1.45842;-2.32443;
19.1607;-1.36858;-18.0558;-1.45842;-2.32443;
19.0238;-1.36858;-18.2017;-1.45842;-2.32443;
18.8869;-1.36858;-18.3475;-1.45842;-2.32443;
18.7501;-1.36858;-18.4934;-1.45842;-2.32443;
18.6132;-1.36858;-18.6392;-1.45842;-2.32443;
18.4764;-1.36858;-18.7851;-1.45842;-2.32443;
18.3395;-1.36858;-18.9309;-1.45842;-2.32443;
18.2026;-1.36858;-19.0767;-1.45842;-2.32443;
18.0658;-1.36858;-19.2226;-1.45842;-2.32443;
17.9289;-1.36858;-19.3684;-1.45842;-2.32443;
17.7921;-1.36858;-19.5143;-1.45842;-2.32443;
17.6552;-1.36858;-19.6601;-1.45842;-2.32443;
17.5184;-1.36858;-19.8059;-1.45842;-2.32443;
17.3815;-1.36858;-19.9518;-1.45842;-2.32443;
17.2446;-1.36858;-20.0976;-1.45842;-2.32443;
17.1078;-1.36858;-20.2435;-1.45842;-2.32443;
16.9709;-1.36858;-20.3893;-1.45842;-2.32443;
16.8341;-1.36858;-20.5352;-1.45842;-2.32443;
16.6972;-1.36858;-20.681;-1.45842;-2.32443;
16.5603;-1.36858;-20.8268;-1.45842;-2.32443;
16.4235;-1.36858;-20.9727;-1.45842;-2.32443;
16.2866;-1.36858;-21.1185;-1.45842;-2.32443;
16.1498;-1.36858;-21.2644;-1.45842;-2.32443;
16.0129;-1.36858;-21.4102;-1.45842;-2.32443;
15.8761;-1.36858;-21.556;-1.45842;-2.32443;
15.7392;-1.36858;-21.7019;-1.45842;-2.32443;
15.6023;-1.36858;-21.8477;-1.45842;-2.32443;
15.4655;-1.36858;-21.9936;-1.45842;-2.32443;
15.3286;-1.36858;-22.1394;-1.45842;-2.32443;
15.1918;-1.36858;-22.2853;-1.45842;-2.32443;
15.0549;-1.36858;-22.4311;-1.45842;-2.32443;
14.918;-1.36858;-22.5769;-1.45842;-2.32443;
14.7812;-1.36858;-22.7228;-1.45842;-2.32443;
14.6443;-1.36858;-22.8686;-1.45842;-2.32443;
14.5075;-1.36858;-23.0145;-1.45842;-2.32443;
14.3706;-1.36858;-23.1603;-1.45842;-2.32443;
14.2338;-1.36858;-23.3061;-1.45842;-2.32443;
14.0969;-1.36858;-23.452;-1.45842;-2.32443;
13.96;-1.36858;-23.5978;-1.45842;-2.32443;
13.8232;-1.36858;-23.7437;-1.45842;-2.32443;
13.6863;-1.36858;-23.8895;-1.45842;-2.32443;
13.5495;-1.36858;-24.0354;-1.45842;-2.32443;
13.4126;-1.36858;-24.1812;-1.45842;-2.32443;
13.2757;-1.36858;-24.327;-1.45842;-2.32443;
13.1389;-1.36858;-24.4729;-1.45842;-2.32443;
13.002;-1.36858;-24.6187;-1.45842;-2.32443;
12.8652;-1.36858;-24.7646;-1.45842;-2.32443;
12.7283;-1.36858;-24.9104;-1.45842;-2.32443;
12.5915;-1.36858;-25.0562;-1.45842;-2.32443;
12.4546;-1.36858;-25.2021;-1.45842;-2.32443;
12.3177;-1.36858;-25.3479;-1.45842;-2.32443;
12.1809;-1.36858;-25.4938;-1.45842;-2.32443;
12.044;-1.36858;-25.6396;-1.45842;-2.32443;
11.9072;-1.36858;-25.7855;-1.45842;-2.32443;
11.7703;-1.36858;-25.9313;-1.45842;-2.32443;
11.6334;-1.36858;-26.0771;-1.45842;-2.32443;
11.4966;-1.36858;-26.223;-1.45842;-2.32443;
11.3597;-1.36858;-26.3688;-1.45842;-2.32443;
11.2229;-1.36858;-26.5147;-1.45842;-2.32443;
11.086;-1.36858;-26.6605;-1.45842;-2.32443;
10.9492;-1.36858;-26.8063;-1.45842;-2.32443;
10.8123;-1.36858;-26.9522;-1.45842;-2.32443;
10.6754;-1.36858;-27.098;-1.45842;-2.32443;
10.5386;-1.36858;-27.2439;-1.45842;-2.32443;
10.4017;-1.36858;-27.3897;-1.45842;-2.32443;
10.2649;-1.36858;-27.5356;-1.45842;-2.32443;
10.128;-1.36858;-27.6814;-1.45842;-2.32443;
9.99114;-1.36858;-27.8272;-1.45842;-2.32443;
9.85429;-1.36858;-27.9731;-1.45842;-2.32443;
9.71743;-1.36858;-28.1189;-1.45842;-2.32443;
9.58057;-1.36858;-28.2648;-1.45842;-2.32443;
9.44371;-1.36858;-28.4106;-1.45842;-2.32443;
9.30685;-1.36858;-28.5564;-1.45842;-2.32443;
9.16999;-1.36858;-28.7023;-1.45842;-2.32443;
9.03314;-1.36858;-28.8481;-1.45842;-2.32443;
8.89628;-1.36858;-28.994;-1.45842;-2.32443;
8.75942;-1.36858;-29.1398;-1.45842;-2.32443;
8.62256;-1.36858;-29.2857;-1.45842;-2.32443;
8.4857;-1.36858;-29.4315;-1.45842;-2.32443;
8.34884;-1.36858;-29.5773;-1.45842;-2.32443;
8.21199;-1.36858;-29.7232;-1.45842;-2.32443;
8.07513;-1.36858;-29.869;-1.45842;-2.32443;

7.93827;-1.36858;29.9851;-1.45842;-2.32443;
7.80141;-1.36858;29.8393;-1.45842;-2.32443;
7.66455;-1.36858;29.6935;-1.45842;-2.32443;
7.52769;-1.36858;29.5476;-1.45842;-2.32443;
7.39084;-1.36858;29.4018;-1.45842;-2.32443;
7.25398;-1.36858;29.2559;-1.45842;-2.32443;
7.11712;-1.36858;29.1101;-1.45842;-2.32443;
6.98026;-1.36858;28.9642;-1.45842;-2.32443;
6.8434;-1.36858;28.8184;-1.45842;-2.32443;
6.70654;-1.36858;28.6726;-1.45842;-2.32443;
6.56969;-1.36858;28.5267;-1.45842;-2.32443;
6.43283;-1.36858;28.3809;-1.45842;-2.32443;
6.29597;-1.36858;28.235;-1.45842;-2.32443;
6.15911;-1.36858;28.0892;-1.45842;-2.32443;
6.02225;-1.36858;27.9434;-1.45842;-2.32443;
5.88539;-1.36858;27.7975;-1.45842;-2.32443;
5.74853;-1.36858;27.6517;-1.45842;-2.32443;
5.61168;-1.36858;27.5058;-1.45842;-2.32443;
5.47482;-1.36858;27.36;-1.45842;-2.32443;
5.33796;-1.36858;27.2141;-1.45842;-2.32443;
5.2011;-1.36858;27.0683;-1.45842;-2.32443;
5.06424;-1.36858;26.9225;-1.45842;-2.32443;
4.92738;-1.36858;26.7766;-1.45842;-2.32443;
4.79053;-1.36858;26.6308;-1.45842;-2.32443;
4.65367;-1.36858;26.4849;-1.45842;-2.32443;
4.51681;-1.36858;26.3391;-1.45842;-2.32443;
4.37995;-1.36858;26.1933;-1.45842;-2.32443;
4.24309;-1.36858;26.0474;-1.45842;-2.32443;
4.10623;-1.36858;25.9016;-1.45842;-2.32443;
3.96938;-1.36858;25.7557;-1.45842;-2.32443;
3.83252;-1.36858;25.6099;-1.45842;-2.32443;
3.69566;-1.36858;25.464;-1.45842;-2.32443;
3.5588;-1.36858;25.3182;-1.45842;-2.32443;
3.42194;-1.36858;25.1724;-1.45842;-2.32443;
3.28508;-1.36858;25.0265;-1.45842;-2.32443;
3.14823;-1.36858;24.8807;-1.45842;-2.32443;
3.01137;-1.36858;24.7348;-1.45842;-2.32443;
2.87451;-1.36858;24.589;-1.45842;-2.32443;
2.73765;-1.36858;24.4432;-1.45842;-2.32443;
2.60079;-1.36858;24.2973;-1.45842;-2.32443;
2.46393;-1.36858;24.1515;-1.45842;-2.32443;
2.32708;-1.36858;24.0056;-1.45842;-2.32443;
2.19022;-1.36858;23.8598;-1.45842;-2.32443;
2.05336;-1.36858;23.7139;-1.45842;-2.32443;
1.9165;-1.36858;23.5681;-1.45842;-2.32443;
1.77964;-1.36858;23.4223;-1.45842;-2.32443;
1.64278;-1.36858;23.2764;-1.45842;-2.32443;
1.50593;-1.36858;23.1306;-1.45842;-2.32443;
1.36907;-1.36858;22.9847;-1.45842;-2.32443;
1.23221;-1.36858;22.8389;-1.45842;-2.32443;
1.09535;-1.36858;22.6931;-1.45842;-2.32443;
0.958492;-1.36858;22.5472;-1.45842;-2.32443;
0.821633;-1.36858;22.4014;-1.45842;-2.32443;
0.684775;-1.36858;22.2555;-1.45842;-2.32443;
0.547916;-1.36858;22.1097;-1.45842;-2.32443;
0.411058;-1.36858;21.9638;-1.45842;-2.32443;
0.2742;-1.36858;21.818;-1.45842;-2.32443;
0.137341;-1.36858;21.6722;-1.45842;-2.32443;
0.000482983;-1.36858;21.5263;-1.45842;-2.32443;
-0.136375;-1.36858;21.3805;-1.45842;-2.32443;
-0.273234;-1.36858;21.2346;-1.45842;-2.32443;
-0.410092;-1.36858;21.0888;-1.45842;-2.32443;
-0.546951;-1.36858;20.943;-1.45842;-2.32443;
-0.683809;-1.36858;20.7971;-1.45842;-2.32443;
-0.820667;-1.36858;20.6513;-1.45842;-2.32443;
-0.957526;-1.36858;20.5054;-1.45842;-2.32443;
-1.09438;-1.36858;20.3596;-1.45842;-2.32443;
-1.23124;-1.36858;20.2137;-1.45842;-2.32443;
-1.3681;-1.36858;20.0679;-1.45842;-2.32443;
-1.50496;-1.36858;19.9221;-1.45842;-2.32443;
-1.64182;-1.36858;19.7762;-1.45842;-2.32443;
-1.77868;-1.36858;19.6304;-1.45842;-2.32443;
-1.91553;-1.36858;19.4845;-1.45842;-2.32443;
-2.05239;-1.36858;19.3387;-1.45842;-2.32443;
-2.18925;-1.36858;19.1929;-1.45842;-2.32443;
-2.32611;-1.36858;19.047;-1.45842;-2.32443;
-2.46297;-1.36858;18.9012;-1.45842;-2.32443;
-2.59983;-1.36858;18.7553;-1.45842;-2.32443;
-2.73668;-1.36858;18.6095;-1.45842;-2.32443;
-2.87354;-1.36858;18.4636;-1.45842;-2.32443;
-3.0104;-1.36858;18.3178;-1.45842;-2.32443;
-3.14726;-1.36858;18.172;-1.45842;-2.32443;
-3.28412;-1.36858;18.0261;-1.45842;-2.32443;
-3.42098;-1.36858;17.8803;-1.45842;-2.32443;
-3.55783;-1.36858;17.7344;-1.45842;-2.32443;
-3.69469;-1.36858;17.5886;-1.45842;-2.32443;
-3.83155;-1.36858;17.4428;-1.45842;-2.32443;
-3.96841;-1.36858;17.2969;-1.45842;-2.32443;
-4.10527;-1.36858;17.1511;-1.45842;-2.32443;
-4.24213;-1.36858;17.0052;-1.45842;-2.32443;
-4.37899;-1.36858;16.8594;-1.45842;-2.32443;
-4.51584;-1.36858;16.7135;-1.45842;-2.32443;
-4.6527;-1.36858;16.5677;-1.45842;-2.32443;
-4.78956;-1.36858;16.4219;-1.45842;-2.32443;
-4.92642;-1.36858;16.276;-1.45842;-2.32443;
-5.06328;-1.36858;16.1302;-1.45842;-2.32443;
-5.20014;-1.36858;15.9843;-1.45842;-2.32443;
-5.33699;-1.36858;15.8385;-1.45842;-2.32443;
-5.47385;-1.36858;15.6927;-1.45842;-2.32443;
-5.61071;-1.36858;15.5468;-1.45842;-2.32443;
-5.74757;-1.36858;15.401;-1.45842;-2.32443;
-5.88443;-1.36858;15.2551;-1.45842;-2.32443;
-6.02129;-1.36858;15.1093;-1.45842;-2.32443;
-6.15814;-1.36858;14.9634;-1.45842;-2.32443;
-6.295;-1.36858;14.8176;-1.45842;-2.32443;
-6.43186;-1.36858;14.6718;-1.45842;-2.32443;
-6.56872;-1.36858;14.5259;-1.45842;-2.32443;
-6.70558;-1.36858;14.3801;-1.45842;-2.32443;
-6.84244;-1.36858;14.2342;-1.45842;-2.32443;
-6.97929;-1.36858;14.0884;-1.45842;-2.32443;
-7.11615;-1.36858;13.9426;-1.45842;-2.32443;
-7.25301;-1.36858;13.7967;-1.45842;-2.32443;
-7.38987;-1.36858;13.6509;-1.45842;-2.32443;
-7.52673;-1.36858;13.505;-1.45842;-2.32443;
-7.66359;-1.36858;13.3592;-1.45842;-2.32443;
-7.80044;-1.36858;13.2133;-1.45842;-2.32443;
-7.9373;-1.36858;13.0675;-1.45842;-2.32443;
-8.07416;-1.36858;12.9217;-1.45842;-2.32443;
-8.21102;-1.36858;12.7758;-1.45842;-2.32443;
-8.34788;-1.36858;12.63;-1.45842;-2.32443;
-8.48474;-1.36858;12.4841;-1.45842;-2.32443;
-8.62159;-1.36858;12.3383;-1.45842;-2.32443;
-8.75845;-1.36858;12.1925;-1.45842;-2.32443;
-8.89531;-1.36858;12.0466;-1.45842;-2.32443;
-9.03217;-1.36858;11.9008;-1.45842;-2.32443;
-9.16903;-1.36858;11.7549;-1.45842;-2.32443;
-9.30589;-1.36858;11.6091;-1.45842;-2.32443;
-9.44275;-1.36858;11.4632;-1.45842;-2.32443;
-9.5796;-1.36858;11.3174;-1.45842;-2.32443;
-9.71646;-1.36858;11.1716;-1.45842;-2.32443;
-9.85332;-1.36858;11.0257;-1.45842;-2.32443;
-9.99018;-1.36858;10.8799;-1.45842;-2.32443;
-10.127;-1.36858;10.734;-1.45842;-2.32443;
-10.2639;-1.36858;10.5882;-1.45842;-2.32443;
-10.4008;-1.36858;10.4424;-1.45842;-2.32443;
-10.5376;-1.36858;10.2965;-1.45842;-2.32443;
-10.6745;-1.36858;10.1507;-1.45842;-2.32443;
-10.8113;-1.36858;10.0048;-1.45842;-2.32443;
-10.9482;-1.36858;9.85899;-1.45842;-2.32443;
-11.085;-1.36858;9.71315;-1.45842;-2.32443;
-11.2219;-1.36858;9.56731;-1.45842;-2.32443;
-11.3588;-1.36858;9.42147;-1.45842;-2.32443;
-11.4956;-1.36858;9.27562;-1.45842;-2.32443;
-11.6325;-1.36858;9.12978;-1.45842;-2.32443;
-11.7693;-1.36858;8.98394;-1.45842;-2.32443;
-11.9062;-1.36858;8.8381;-1.45842;-2.32443;
-12.0431;-1.36858;8.69226;-1.45842;-2.32443;
-12.1799;-1.36858;8.54642;-1.45842;-2.32443;
-12.3168;-1.36858;8.40057;-1.45842;-2.32443;
-12.4536;-1.36858;8.25473;-1.45842;-2.32443;
-12.5905;-1.36858;8.10889;-1.45842;-2.32443;
-12.7273;-1.36858;7.96305;-1.45842;-2.32443;
-12.8642;-1.36858;7.81721;-1.45842;-2.32443;
-13.0011;-1.36858;7.67137;-1.45842;-2.32443;
-13.1379;-1.36858;7.52552;-1.45842;-2.32443;
-13.2748;-1.36858;7.37968;-1.45842;-2.32443;
-13.4116;-1.36858;7.23384;-1.45842;-2.32443;
-13.5485;-1.36858;7.088;-1.45842;-2.32443;
-13.6854;-1.36858;6.94216;-1.45842;-2.32443;
-13.8222;-1.36858;6.79632;-1.45842;-2.32443;
-13.9591;-1.36858;6.65048;-1.45842;-2.32443;
-14.0959;-1.36858;6.50463;-1.45842;-2.32443;
-14.2328;-1.36858;6.35879;-1.45842;-2.32443;
-14.3696;-1.36858;6.21295;-1.45842;-2.32443;
-14.5065;-1.36858;6.06711;-1.45842;-2.32443;
-14.6434;-1.36858;5.92127;-1.45842;-2.32443;
-14.7802;-1.36858;5.77543;-1.45842;-2.32443;
-14.9171;-1.36858;5.62958;-1.45842;-2.32443;
-15.0539;-1.36858;5.48374;-1.45842;-2.32443;
-15.1908;-1.36858;5.3379;-1.45842;-2.32443;
-15.3277;-1.36858;5.19206;-1.45842;-2.32443;
-15.4645;-1.36858;5.04622;-1.45842;-2.32443;
-15.6014;-1.36858;4.90038;-1.45842;-2.32443;
-15.7382;-1.36858;4.75453;-1.45842;-2.32443;
-15.8751;-1.36858;4.60869;-1.45842;-2.32443;
-16.0119;-1.36858;4.46285;-1.45842;-2.32443;
-16.1488;-1.36858;4.31701;-1.45842;-2.32443;
-16.2857;-1.36858;4.17117;-1.45842;-2.32443;
-16.4225;-1.36858;4.02533;-1.45842;-2.32443;
-16.5594;-1.36858;3.87948;-1.45842;-2.32443;
-16.6962;-1.36858;3.73364;-1.45842;-2.32443;
-16.8331;-1.36858;3.5878;-1.45842;-2.32443;
-16.97;-1.36858;3.44196;-1.45842;-2.32443;
-17.1068;-1.36858;3.29612;-1.45842;-2.32443;
-17.2437;-1.36858;3.15028;-1.45842;-2.32443;
-17.3805;-1.36858;3.00443;-1.45842;-2.32443;
-17.5174;-1.36858;2.85859;-1.45842;-2.32443;
-17.6542;-1.36858;2.71275;-1.45842;-2.32443;
-17.7911;-1.36858;2.56691;-1.45842;-2.32443;
-17.928;-1.36858;2.42107;-1.45842;-2.32443;
-18.0648;-1.36858;2.27523;-1.45842;-2.32443;
-18.2017;-1.36858;2.12938;-1.45842;-2.32443;
-18.3385;-1.36858;1.98354;-1.45842;-2.32443;
-18.4754;-1.36858;1.8377;-1.45842;-2.32443;
-18.6123;-1.36858;1.69186;-1.45842;-2.32443;
-18.7491;-1.36858;1.54602;-1.45842;-2.32443;
-18.886;-1.36858;1.40018;-1.45842;-2.32443;
-19.0228;-1.36858;1.25433;-1.45842;-2.32443;
-19.1597;-1.36858;1.10849;-1.45842;-2.32443;
-19.2965;-1.36858;0.962651;-1.45842;-2.32443;
-19.4334;-1.36858;0.816809;-1.45842;-2.32443;
-19.5703;-1.36858;0.670968;-1.45842;-2.32443;
-19.7071;-1.36858;0.525126;-1.45842;-2.32443;
-19.844;-1.36858;0.379284;-1.45842;-2.32443;
-19.9808;-1.36858;0.233443;-1.45842;-2.32443;
-20.1177;-1.36858;0.0876011;-1.45842;-2.32443;
-20.2546;-1.36858;-0.0582405;-1.45842;-2.32443;
-20.3914;-1.36858;-0.204082;-1.45842;-2.32443;
-20.5283;-1.36858;-0.349924;-1.45842;-2.32443;
-20.6651;-1.36858;-0.495765;-1.45842;-2.32443;
-20.802;-1.36858;-0.641607;-1.45842;-2.32443;
-20.9388;-1.36858;-0.787449;-1.45842;-2.32443;
-21.0757;-1.36858;-0.93329;-1.45842;-2.32443;
-21.2126;-1.36858;-1.07913;-1.45842;-2.32443;
-21.3494;-1.36858;-1.22497;-1.45842;-2.32443;
-21.4863;-1.36858;-1.37082;-1.45842;-2.32443;
-21.6231;-1.36858;-1.51666;-1.45842;-2.32443;
-21.76;-1.36858;-1.6625;-1.45842;-2.32443;
-21.8969;-1.36858;-1.80834;-1.45842;-2.32443;
-22.0337;-1.36858;-1.95418;-1.45842;-2.32443;
-22.1706;-1.36858;-2.10002;-1.45842;-2.32443;
-22.3074;-1.36858;-2.24587;-1.45842;-2.32443;
-22.4443;-1.36858;-2.39171;-1.45842;-2.32443;
-22.5811;-1.36858;-2.53755;-1.45842;-2.32443;
-22.718;-1.36858;-2.68339;-1.45842;-2.32443;
-22.8549;-1.36858;-2.82923;-1.45842;-2.32443;
-22.9917;-1.36858;-2.97507;-1.45842;-2.32443;
-23.1286;-1.36858;-3.12091;-1.45842;-2.32443;
-23.2654;-1.36858;-3.26676;-1.45842;-2.32443;
-23.4023;-1.36858;-3.4126;-1.45842;-2.32443;
-23.5392;-1.36858;-3.55844;-1.45842;-2.32443;
-23.676;-1.36858;-3.70428;-1.45842;-2.32443;
-23.8129;-1.36858;-3.85012;-1.45842;-2.32443;
-23.9497;-1.36858;-3.99596;-1.45842;-2.32443;
-24.0866;-1.36858;-4.14181;-1.45842;-2.32443;
-24.2234;-1.36858;-4.28765;-1.45842;-2.32443;
-24.3603;-1.36858;-4.43349;-1.45842;-2.32443;
-24.4972;-1.36858;-4.57933;-1.45842;-2.32443;
-24.634;-1.36858;-4.72517;-1.45842;-2.32443;
-24.7709;-1.36858;-4.87101;-1.45842;-2.32443;
-24.9077;-1.36858;-5.01686;-1.45842;-2.32443;
-25.0446;-1.36858;-5.1627;-1.45842;-2.32443;
-25.1815;-1.36858;-5.30854;-1.45842;-2.32443;
-25.3183;-1.36858;-5.45438;-1.45842;-2.32443;
-25.4552;-1.36858;-5.60022;-1.45842;-2.32443;
-25.592;-1.36858;-5.74606;-1.45842;-2.32443;
-25.7289;-1.36858;-5.89191;-1.45842;-2.32443;
-25.8658;-1.36858;-6.03775;-1.45842;-2.32443;
-26.0026;-1.36858;-6.18359;-1.45842;-2.32443;
-26.1395;-1.36858;-6.32943;-1.45842;-2.32443;
-26.2763;-1.36858;-6.47527;-1.45842;-2.32443;
-26.4132;-1.36858;-6.62111;-1.45842;-2.32443;
-26.55;-1.36858;-6.76696;-1.45842;-2.32443;
-26.6869;-1.36858;-6.9128;-1.45842;-2.32443;
-26.8238;-1.36858;-7.05864;-1.45842;-2.32443;
-26.9606;-1.36858;-7.20448;-1.45842;-2.32443;
-27.0975;-1.36858;-7.35032;-1.45842;-2.32443;
-27.2343;-1.36858;-7.49616;-1.45842;-2.32443;
-27.3712;-1.36858;-7.64201;-1.45842;-2.32443;
-27.5081;-1.36858;-7.78785;-1.45842;-2.32443;
-27.6449;-1.36858;-7.93369;-1.45842;-2.32443;
-27.7818;-1.36858;-8.07953;-1.45842;-2.32443;
-27.9186;-1.36858;-8.22537;-1.45842;-2.32443;
-28.0555;-1.36858;-8.37121;-1.45842;-2.32443;
-28.1923;-1.36858;-8.51706;-1.45842;-2.32443;
-28.3292;-1.36858;-8.6629;-1.45842;-2.32443;
-28.4661;-1.36858;-8.80874;-1.45842;-2.32443;
-28.6029;-1.36858;-8.95458;-1.45842;-2.32443;
-28.7398;-1.36858;-9.10042;-1.45842;-2.32443;
-28.8766;-1.36858;-9.24626;-1.45842;-2.32443;
-29.0135;-1.36858;-9.39211;-1.45842;-2.32443;
-29.1504;-1.36858;-9.53795;-1.45842;-2.32443;
-29.2872;-1.36858;-9.68379;-1.45842;-2.32443;
-29.4241;-1.36858;-9.82963;-1.45842;-2.32443;
-29.5609;-1.36858;-9.97547;-1.45842;-2.32443;
-29.6978;-1.36858;-10.1213;-1.45842;-2.32443;
-29.8346;-1.36858;-10.2672;-1.45842;-2.32443;
-29.9715;-1.36858;-10.413;-1.45842;-2.32443;

29.8916;-1.36858;-10.5588;-1.45842;-2.32443;
29.7548;-1.36858;-10.7047;-1.45842;-2.32443;
29.6179;-1.36858;-10.8505;-1.45842;-2.32443;
29.4811;-1.36858;-10.9964;-1.45842;-2.32443;
29.3442;-1.36858;-11.1422;-1.45842;-2.32443;
29.2073;-1.36858;-11.288;-1.45842;-2.32443;
29.0705;-1.36858;-11.4339;-1.45842;-2.32443;
28.9336;-1.36858;-11.5797;-1.45842;-2.32443;
28.7968;-1.36858;-11.7256;-1.45842;-2.32443;
28.6599;-1.36858;-11.8714;-1.45842;-2.32443;
28.5231;-1.36858;-12.0173;-1.45842;-2.32443;
28.3862;-1.36858;-12.1631;-1.45842;-2.32443;
28.2493;-1.36858;-12.3089;-1.45842;-2.32443;
28.1125;-1.36858;-12.4548;-1.45842;-2.32443;
27.9756;-1.36858;-12.6006;-1.45842;-2.32443;
27.8388;-1.36858;-12.7465;-1.45842;-2.32443;
27.7019;-1.36858;-12.8923;-1.45842;-2.32443;
27.565;-1.36858;-13.0381;-1.45842;-2.32443;
27.4282;-1.36858;-13.184;-1.45842;-2.32443;
27.2913;-1.36858;-13.3298;-1.45842;-2.32443;
27.1545;-1.36858;-13.4757;-1.45842;-2.32443;
27.0176;-1.36858;-13.6215;-1.45842;-2.32443;
26.8808;-1.36858;-13.7674;-1.45842;-2.32443;
26.7439;-1.36858;-13.9132;-1.45842;-2.32443;
26.607;-1.36858;-14.059;-1.45842;-2.32443;
26.4702;-1.36858;-14.2049;-1.45842;-2.32443;
26.3333;-1.36858;-14.3507;-1.45842;-2.32443;
26.1965;-1.36858;-14.4966;-1.45842;-2.32443;
26.0596;-1.36858;-14.6424;-1.45842;-2.32443;
25.9227;-1.36858;-14.7882;-1.45842;-2.32443;
25.7859;-1.36858;-14.9341;-1.45842;-2.32443;
25.649;-1.36858;-15.0799;-1.45842;-2.32443;
25.5122;-1.36858;-15.2258;-1.45842;-2.32443;
25.3753;-1.36858;-15.3716;-1.45842;-2.32443;
25.2385;-1.36858;-15.5175;-1.45842;-2.32443;
25.1016;-1.36858;-15.6633;-1.45842;-2.32443;
24.9647;-1.36858;-15.8091;-1.45842;-2.32443;
24.8279;-1.36858;-15.955;-1.45842;-2.32443;
24.691;-1.36858;-16.1008;-1.45842;-2.32443;
24.5542;-1.36858;-16.2467;-1.45842;-2.32443;
24.4173;-1.36858;-16.3925;-1.45842;-2.32443;
24.2804;-1.36858;-16.5383;-1.45842;-2.32443;
24.1436;-1.36858;-16.6842;-1.45842;-2.32443;
24.0067;-1.36858;-16.83;-1.45842;-2.32443;
23.8699;-1.36858;-16.9759;-1.45842;-2.32443;
23.733;-1.36858;-17.1217;-1.45842;-2.32443;
23.5962;-1.36858;-17.2676;-1.45842;-2.32443;
23.4593;-1.36858;-17.4134;-1.45842;-2.32443;
23.3224;-1.36858;-17.5592;-1.45842;-2.32443;
23.1856;-1.36858;-17.7051;-1.45842;-2.32443;
23.0487;-1.36858;-17.8509;-1.45842;-2.32443;
22.9119;-1.36858;-17.9968;-1.45842;-2.32443;
22.775;-1.36858;-18.1426;-1.45842;-2.32443;
22.6381;-1.36858;-18.2884;-1.45842;-2.32443;
22.5013;-1.36858;-18.4343;-1.45842;-2.32443;
22.3644;-1.36858;-18.5801;-1.45842;-2.32443;
22.2276;-1.36858;-18.726;-1.45842;-2.32443;
22.0907;-1.36858;-18.8718;-1.45842;-2.32443;
21.9539;-1.36858;-19.0177;-1.45842;-2.32443;
21.817;-1.36858;-19.1635;-1.45842;-2.32443;
21.6801;-1.36858;-19.3093;-1.45842;-2.32443;
21.5433;-1.36858;-19.4552;-1.45842;-2.32443;
21.4064;-1.36858;-19.601;-1.45842;-2.32443;
21.2696;-1.36858;-19.7469;-1.45842;-2.32443;
21.1327;-1.36858;-19.8927;-1.45842;-2.32443;
20.9958;-1.36858;-20.0385;-1.45842;-2.32443;
20.859;-1.36858;-20.1844;-1.45842;-2.32443;
20.7221;-1.36858;-20.3302;-1.45842;-2.32443;
20.5853;-1.36858;-20.4761;-1.45842;-2.32443;
20.4484;-1.36858;-20.6219;-1.45842;-2.32443;
20.3116;-1.36858;-20.7678;-1.45842;-2.32443;
20.1747;-1.36858;-20.9136;-1.45842;-2.32443;
20.0378;-1.36858;-21.0594;-1.45842;-2.32443;
19.901;-1.36858;-21.2053;-1.45842;-2.32443;
19.7641;-1.36858;-21.3511;-1.45842;-2.32443;
19.6273;-1.36858;-21.497;-1.45842;-2.32443;
19.4904;-1.36858;-21.6428;-1.45842;-2.32443;
19.3535;-1.36858;-21.7886;-1.45842;-2.32443;
19.2167;-1.36858;-21.9345;-1.45842;-2.32443;
19.0798;-1.36858;-22.0803;-1.45842;-2.32443;
18.943;-1.36858;-22.2262;-1.45842;-2.32443;
18.8061;-1.36858;-22.372;-1.45842;-2.32443;
18.6693;-1.36858;-22.5179;-1.45842;-2.32443;
18.5324;-1.36858;-22.6637;-1.45842;-2.32443;
18.3955;-1.36858;-22.8095;-1.45842;-2.32443;
18.2587;-1.36858;-22.9554;-1.45842;-2.32443;
18.1218;-1.36858;-23.1012;-1.45842;-2.32443;
17.985;-1.36858;-23.2471;-1.45842;-2.32443;
17.8481;-1.36858;-23.3929;-1.45842;-2.32443;
17.7112;-1.36858;-23.5387;-1.45842;-2.32443;
17.5744;-1.36858;-23.6846;-1.45842;-2.32443;
17.4375;-1.36858;-23.8304;-1.45842;-2.32443;
17.3007;-1.36858;-23.9763;-1.45842;-2.32443;
17.1638;-1.36858;-24.1221;-1.45842;-2.32443;
17.027;-1.36858;-24.268;-1.45842;-2.32443;
16.8901;-1.36858;-24.4138;-1.45842;-2.32443;
16.7532;-1.36858;-24.5596;-1.45842;-2.32443;
16.6164;-1.36858;-24.7055;-1.45842;-2.32443;
16.4795;-1.36858;-24.8513;-1.45842;-2.32443;
16.3427;-1.36858;-24.9972;-1.45842;-2.32443;
16.2058;-1.36858;-25.143;-1.45842;-2.32443;
16.0689;-1.36858;-25.2888;-1.45842;-2.32443;
15.9321;-1.36858;-25.4347;-1.45842;-2.32443;
15.7952;-1.36858;-25.5805;-1.45842;-2.32443;
15.6584;-1.36858;-25.7264;-1.45842;-2.32443;
15.5215;-1.36858;-25.8722;-1.45842;-2.32443;
15.3847;-1.36858;-26.0181;-1.45842;-2.32443;
15.2478;-1.36858;-26.1639;-1.45842;-2.32443;
15.1109;-1.36858;-26.3097;-1.45842;-2.32443;
14.9741;-1.36858;-26.4556;-1.45842;-2.32443;
14.8372;-1.36858;-26.6014;-1.45842;-2.32443;
14.7004;-1.36858;-26.7473;-1.45842;-2.32443;
14.5635;-1.36858;-26.8931;-1.45842;-2.32443;
14.4266;-1.36858;-27.0389;-1.45842;-2.32443;
14.2898;-1.36858;-27.1848;-1.45842;-2.32443;
14.1529;-1.36858;-27.3306;-1.45842;-2.32443;
14.0161;-1.36858;-27.4765;-1.45842;-2.32443;
13.8792;-1.36858;-27.6223;-1.45842;-2.32443;
13.7424;-1.36858;-27.7682;-1.45842;-2.32443;
13.6055;-1.36858;-27.914;-1.45842;-2.32443;
13.4686;-1.36858;-28.0598;-1.45842;-2.32443;
13.3318;-1.36858;-28.2057;-1.45842;-2.32443;
13.1949;-1.36858;-28.3515;-1.45842;-2.32443;
13.0581;-1.36858;-28.4974;-1.45842;-2.32443;
12.9212;-1.36858;-28.6432;-1.45842;-2.32443;
12.7843;-1.36858;-28.789;-1.45842;-2.32443;
12.6475;-1.36858;-28.9349;-1.45842;-2.32443;
12.5106;-1.36858;-29.0807;-1.45842;-2.32443;
12.3738;-1.36858;-29.2266;-1.45842;-2.32443;
12.2369;-1.36858;-29.3724;-1.45842;-2.32443;
12.1001;-1.36858;-29.5183;-1.45842;-2.32443;
11.9632;-1.36858;-29.6641;-1.45842;-2.32443;
11.8263;-1.36858;-29.8099;-1.45842;-2.32443;
11.6895;-1.36858;-29.9558;-1.45842;-2.32443;

11.5526;-1.36858;29.8984;-1.45842;-2.32443;
11.4158;-1.36858;29.7525;-1.45842;-2.32443;
11.2789;-1.36858;29.6067;-1.45842;-2.32443;
11.142;-1.36858;29.4609;-1.45842;-2.32443;
11.0052;-1.36858;29.315;-1.45842;-2.32443;
10.8683;-1.36858;29.1692;-1.45842;-2.32443;
10.7315;-1.36858;29.0233;-1.45842;-2.32443;
10.5946;-1.36858;28.8775;-1.45842;-2.32443;
10.4578;-1.36858;28.7316;-1.45842;-2.32443;
10.3209;-1.36858;28.5858;-1.45842;-2.32443;
10.184;-1.36858;28.44;-1.45842;-2.32443;
10.0472;-1.36858;28.2941;-1.45842;-2.32443;
9.91032;-1.36858;28.1483;-1.45842;-2.32443;
9.77346;-1.36858;28.0024;-1.45842;-2.32443;
9.6366;-1.36858;27.8566;-1.45842;-2.32443;
9.49974;-1.36858;27.7108;-1.45842;-2.32443;
9.36288;-1.36858;27.5649;-1.45842;-2.32443;
9.22603;-1.36858;27.4191;-1.45842;-2.32443;
9.08917;-1.36858;27.2732;-1.45842;-2.32443;
8.95231;-1.36858;27.1274;-1.45842;-2.32443;
8.81545;-1.36858;26.9815;-1.45842;-2.32443;
8.67859;-1.36858;26.8357;-1.45842;-2.32443;
8.54173;-1.36858;26.6899;-1.45842;-2.32443;
8.40487;-1.36858;26.544;-1.45842;-2.32443;
8.26802;-1.36858;26.3982;-1.45842;-2.32443;
8.13116;-1.36858;26.2523;-1.45842;-2.32443;
7.9943;-1.36858;26.1065;-1.45842;-2.32443;
7.85744;-1.36858;25.9607;-1.45842;-2.32443;
7.72058;-1.36858;25.8148;-1.45842;-2.32443;
7.58372;-1.36858;25.669;-1.45842;-2.32443;
7.44687;-1.36858;25.5231;-1.45842;-2.32443;
7.31001;-1.36858;25.3773;-1.45842;-2.32443;
7.17315;-1.36858;25.2314;-1.45842;-2.32443;
7.03629;-1.36858;25.0856;-1.45842;-2.32443;
6.89943;-1.36858;24.9398;-1.45842;-2.32443;
6.76257;-1.36858;24.7939;-1.45842;-2.32443;
6.62572;-1.36858;24.6481;-1.45842;-2.32443;
6.48886;-1.36858;24.5022;-1.45842;-2.32443;
6.352;-1.36858;24.3564;-1.45842;-2.32443;
6.21514;-1.36858;24.2106;-1.45842;-2.32443;
6.07828;-1.36858;24.0647;-1.45842;-2.32443;
5.94142;-1.36858;23.9189;-1.45842;-2.32443;
5.80457;-1.36858;23.773;-1.45842;-2.32443;
5.66771;-1.36858;23.6272;-1.45842;-2.32443;
5.53085;-1.36858;23.4813;-1.45842;-2.32443;
5.39399;-1.36858;23.3355;-1.45842;-2.32443;
5.25713;-1.36858;23.1897;-1.45842;-2.32443;
5.12027;-1.36858;23.0438;-1.45842;-2.32443;
4.98342;-1.36858;22.898;-1.45842;-2.32443;
4.84656;-1.36858;22.7521;-1.45842;-2.32443;
4.7097;-1.36858;22.6063;-1.45842;-2.32443;
4.57284;-1.36858;22.4605;-1.45842;-2.32443;
4.43598;-1.36858;22.3146;-1.45842;-2.32443;
4.29912;-1.36858;22.1688;-1.45842;-2.32443;
4.16227;-1.36858;22.0229;-1.45842;-2.32443;
4.02541;-1.36858;21.8771;-1.45842;-2.32443;
3.88855;-1.36858;21.7312;-1.45842;-2.32443;
3.75169;-1.36858;21.5854;-1.45842;-2.32443;
3.61483;-1.36858;21.4396;-1.45842;-2.32443;
3.47797;-1.36858;21.2937;-1.45842;-2.32443;
3.34112;-1.36858;21.1479;-1.45842;-2.32443;
3.20426;-1.36858;21.002;-1.45842;-2.32443;
3.0674;-1.36858;20.8562;-1.45842;-2.32443;
2.93054;-1.36858;20.7104;-1.45842;-2.32443;
2.79368;-1.36858;20.5645;-1.45842;-2.32443;
2.65682;-1.36858;20.4187;-1.45842;-2.32443;
2.51996;-1.36858;20.2728;-1.45842;-2.32443;
2.38311;-1.36858;20.127;-1.45842;-2.32443;
2.24625;-1.36858;19.9811;-1.45842;-2.32443;
2.10939;-1.36858;19.8353;-1.45842;-2.32443;
1.97253;-1.36858;19.6895;-1.45842;-2.32443;
1.83567;-1.36858;19.5436;-1.45842;-2.32443;
1.69881;-1.36858;19.3978;-1.45842;-2.32443;
1.56196;-1.36858;19.2519;-1.45842;-2.32443;
1.4251;-1.36858;19.1061;-1.45842;-2.32443;
1.28824;-1.36858;18.9603;-1.45842;-2.32443;
1.15138;-1.36858;18.8144;-1.45842;-2.32443;
1.01452;-1.36858;18.6686;-1.45842;-2.32443;
0.877664;-1.36858;18.5227;-1.45842;-2.32443;
0.740806;-1.36858;18.3769;-1.45842;-2.32443;
0.603947;-1.36858;18.231;-1.45842;-2.32443;
0.467089;-1.36858;18.0852;-1.45842;-2.32443;
0.330231;-1.36858;17.9394;-1.45842;-2.32443;
0.193372;-1.36858;17.7935;-1.45842;-2.32443;
0.056514;-1.36858;17.6477;-1.45842;-2.32443;
-0.0803444;-1.36858;17.5018;-1.45842;-2.32443;
-0.217203;-1.36858;17.356;-1.45842;-2.32443;
-0.354061;-1.36858;17.2102;-1.45842;-2.32443;
-0.49092;-1.36858;17.0643;-1.45842;-2.32443;
-0.627778;-1.36858;16.9185;-1.45842;-2.32443;
-0.764636;-1.36858;16.7726;-1.45842;-2.32443;
-0.901495;-1.36858;16.6268;-1.45842;-2.32443;
-1.03835;-1.36858;16.481;-1.45842;-2.32443;
-1.17521;-1.36858;16.3351;-1.45842;-2.32443;
-1.31207;-1.36858;16.1893;-1.45842;-2.32443;
-1.44893;-1.36858;16.0434;-1.45842;-2.32443;
-1.58579;-1.36858;15.8976;-1.45842;-2.32443;
-1.72264;-1.36858;15.7517;-1.45842;-2.32443;
-1.8595;-1.36858;15.6059;-1.45842;-2.32443;
-1.99636;-1.36858;15.4601;-1.45842;-2.32443;
-2.13322;-1.36858;15.3142;-1.45842;-2.32443;
-2.27008;-1.36858;15.1684;-1.45842;-2.32443;
-2.40694;-1.36858;15.0225;-1.45842;-2.32443;
-2.5438;-1.36858;14.8767;-1.45842;-2.32443;
-2.68065;-1.36858;14.7309;-1.45842;-2.32443;
-2.81751;-1.36858;14.585;-1.45842;-2.32443;
-2.95437;-1.36858;14.4392;-1.45842;-2.32443;
-3.09123;-1.36858;14.2933;-1.45842;-2.32443;
-3.22809;-1.36858;14.1475;-1.45842;-2.32443;
-3.36495;-1.36858;14.0016;-1.45842;-2.32443;
-3.5018;-1.36858;13.8558;-1.45842;-2.32443;
-3.63866;-1.36858;13.71;-1.45842;-2.32443;
-3.77552;-1.36858;13.5641;-1.45842;-2.32443;
-3.91238;-1.36858;13.4183;-1.45842;-2.32443;
-4.04924;-1.36858;13.2724;-1.45842;-2.32443;
-4.1861;-1.36858;13.1266;-1.45842;-2.32443;
-4.32295;-1.36858;12.9808;-1.45842;-2.32443;
-4.45981;-1.36858;12.8349;-1.45842;-2.32443;
-4.59667;-1.36858;12.6891;-1.45842;-2.32443;
-4.73353;-1.36858;12.5432;-1.45842;-2.32443;
-4.87039;-1.36858;12.3974;-1.45842;-2.32443;
-5.00725;-1.36858;12.2515;-1.45842;-2.32443;
-5.1441;-1.36858;12.1057;-1.45842;-2.32443;
-5.28096;-1.36858;11.9599;-1.45842;-2.32443;
-5.41782;-1.36858;11.814;-1.45842;-2.32443;
-5.55468;-1.36858;11.6682;-1.45842;-2.32443;
-5.69154;-1.36858;11.5223;-1.45842;-2.32443;
-5.8284;-1.36858;11.3765;-1.45842;-2.32443;
-5.96525;-1.36858;11.2307;-1.45842;-2.32443;
-6.10211;-1.36858;11.0848;-1.45842;-2.32443;
-6.23897;-1.36858;10.939;-1.45842;-2.32443;
-6.37583;-1.36858;10.7931;-1.45842;-2.32443;
-6.51269;-1.36858;10.6473;-1.45842;-2.32443;
-6.64955;-1.36858;10.5014;-1.45842;-2.32443;
-6.7864;-1.36858;10.3556;-1.45842;-2.32443;
-6.92326;-1.36858;10.2098;-1.45842;-2.32443;
-7.06012;-1.36858;10.0639;-1.45842;-2.32443;
-7.19698;-1.36858;9.91808;-1.45842;-2.32443;
-7.33384;-1.36858;9.77223;-1.45842;-2.32443;
-7.4707;-1.36858;9.62639;-1.45842;-2.32443;
-7.60756;-1.36858;9.48055;-1.45842;-2.32443;
-7.74441;-1.36858;9.33471;-1.45842;-2.32443;
-7.88127;-1.36858;9.18887;-1.45842;-2.32443;
-8.01813;-1.36858;9.04303;-1.45842;-2.32443;
-8.15499;-1.36858;8.89718;-1.45842;-2.32443;
-8.29185;-1.36858;8.75134;-1.45842;-2.32443;
-8.42871;-1.36858;8.6055;-1.45842;-2.32443;
-8.56556;-1.36858;8.45966;-1.45842;-2.32443;
-8.70242;-1.36858;8.31382;-1.45842;-2.32443;
-8.83928;-1.36858;8.16798;-1.45842;-2.32443;
-8.97614;-1.36858;8.02213;-1.45842;-2.32443;
-9.113;-1.36858;7.87629;-1.45842;-2.32443;
-9.24986;-1.36858;7.73045;-1.45842;-2.32443;
-9.38671;-1.36858;7.58461;-1.45842;-2.32443;
-9.52357;-1.36858;7.43877;-1.45842;-2.32443;
-9.66043;-1.36858;7.29293;-1.45842;-2.32443;
-9.79729;-1.36858;7.14708;-1.45842;-2.32443;
-9.93415;-1.36858;7.00124;-1.45842;-2.32443;
-10.071;-1.36858;6.8554;-1.45842;-2.32443;
-10.2079;-1.36858;6.70956;-1.45842;-2.32443;
-10.3447;-1.36858;6.56372;-1.45842;-2.32443;
-10.4816;-1.36858;6.41788;-1.45842;-2.32443;
-10.6184;-1.36858;6.27204;-1.45842;-2.32443;
-10.7553;-1.36858;6.12619;-1.45842;-2.32443;
-10.8922;-1.36858;5.98035;-1.45842;-2.32443;
-11.029;-1.36858;5.83451;-1.45842;-2.32443;
-11.1659;-1.36858;5.68867;-1.45842;-2.32443;
-11.3027;-1.36858;5.54283;-1.45842;-2.32443;
-11.4396;-1.36858;5.39699;-1.45842;-2.32443;
-11.5764;-1.36858;5.25114;-1.45842;-2.32443;
-11.7133;-1.36858;5.1053;-1.45842;-2.32443;
-11.8502;-1.36858;4.95946;-1.45842;-2.32443;
-11.987;-1.36858;4.81362;-1.45842;-2.32443;
-12.1239;-1.36858;4.66778;-1.45842;-2.32443;
-12.2607;-1.36858;4.52194;-1.45842;-2.32443;
-12.3976;-1.36858;4.37609;-1.45842;-2.32443;
-12.5345;-1.36858;4.23025;-1.45842;-2.32443;
-12.6713;-1.36858;4.08441;-1.45842;-2.32443;
-12.8082;-1.36858;3.93857;-1.45842;-2.32443;
-12.945;-1.36858;3.79273;-1.45842;-2.32443;
-13.0819;-1.36858;3.64689;-1.45842;-2.32443;
-13.2187;-1.36858;3.50104;-1.45842;-2.32443;
-13.3556;-1.36858;3.3552;-1.45842;-2.32443;
-13.4925;-1.36858;3.20936;-1.45842;-2.32443;
-13.6293;-1.36858;3.06352;-1.45842;-2.32443;
-13.7662;-1.36858;2.91768;-1.45842;-2.32443;
-13.903;-1.36858;2.77184;-1.45842;-2.32443;
-14.0399;-1.36858;2.62599;-1.45842;-2.32443;
-14.1768;-1.36858;2.48015;-1.45842;-2.32443;
-14.3136;-1.36858;2.33431;-1.45842;-2.32443;
-14.4505;-1.36858;2.18847;-1.45842;-2.32443;
-14.5873;-1.36858;2.04263;-1.45842;-2.32443;
-14.7242;-1.36858;1.89679;-1.45842;-2.32443;
-14.861;-1.36858;1.75094;-1.45842;-2.32443;
-14.9979;-1.36858;1.6051;-1.45842;-2.32443;
-15.1348;-1.36858;1.45926;-1.45842;-2.32443;
-15.2716;-1.36858;1.31342;-1.45842;-2.32443;
-15.4085;-1.36858;1.16758;-1.45842;-2.32443;
-15.5453;-1.36858;1.02174;-1.45842;-2.32443;
-15.6822;-1.36858;0.875894;-1.45842;-2.32443;
-15.8191;-1.36858;0.730053;-1.45842;-2.32443;
-15.9559;-1.36858;0.584211;-1.45842;-2.32443;
-16.0928;-1.36858;0.438369;-1.45842;-2.32443;
-16.2296;-1.36858;0.292528;-1.45842;-2.32443;
-16.3665;-1.36858;0.146686;-1.45842;-2.32443;
-16.5033;-1.36858;0.000844389;-1.45842;-2.32443;
-16.6402;-1.36858;-0.144997;-1.45842;-2.32443;
-16.7771;-1.36858;-0.290839;-1.45842;-2.32443;
-16.9139;-1.36858;-0.436681;-1.45842;-2.32443;
-17.0508;-1.36858;-0.582522;-1.45842;-2.32443;
-17.1876;-1.36858;-0.728364;-1.45842;-2.32443;
-17.3245;-1.36858;-0.874205;-1.45842;-2.32443;
-17.4614;-1.36858;-1.02005;-1.45842;-2.32443;
-17.5982;-1.36858;-1.16589;-1.45842;-2.32443;
-17.7351;-1.36858;-1.31173;-1.45842;-2.32443;
-17.8719;-1.36858;-1.45757;-1.45842;-2.32443;
-18.0088;-1.36858;-1.60341;-1.45842;-2.32443;
-18.1457;-1.36858;-1.74926;-1.45842;-2.32443;
-18.2825;-1.36858;-1.8951;-1.45842;-2.32443;
-18.4194;-1.36858;-2.04094;-1.45842;-2.32443;
-18.5562;-1.36858;-2.18678;-1.45842;-2.32443;
-18.6931;-1.36858;-2.33262;-1.45842;-2.32443;
-18.8299;-1.36858;-2.47846;-1.45842;-2.32443;
