#1 AntPos X	#2 AntVel X	#3 AntPos Y	#4 AntVel Y	#5 AntAngle	
6.36678;-1.99546;-2.74136;0.478491;2.90625;
6.17236;-1.94428;-2.69661;0.447487;2.91538;
5.98929;-1.83067;-2.6429;0.537152;2.85618;
5.79456;-1.9473;-2.57918;0.63717;2.82537;
5.61771;-1.7685;-2.50896;0.702142;2.76365;
5.4181;-1.99611;-2.42977;0.791942;2.7639;
5.21299;-2.05105;-2.37231;0.574617;2.86844;
5.01966;-1.93338;-2.31822;0.540846;2.86882;
4.81498;-2.04675;-2.23393;0.84296;2.75091;
4.62868;-1.86296;-2.16303;0.708961;2.77796;
4.43798;-1.90707;-2.08792;0.751105;2.7664;
4.23918;-1.98797;-2.00484;0.83086;2.74571;
4.04088;-1.983;-1.94854;0.562917;2.865;
3.84777;-1.93105;-1.89382;0.547286;2.86542;
3.67645;-1.71325;-1.84155;0.522658;2.84549;
3.48291;-1.93543;-1.78816;0.533849;2.87246;
3.27847;-2.0444;-1.75586;0.323047;2.98487;
3.09636;-1.82109;-1.73259;0.232666;3.01452;
2.8987;-1.9766;-1.69742;0.351693;2.96551;
2.70543;-1.93264;-1.65095;0.464749;2.9056;
2.51124;-1.94197;-1.60383;0.471175;2.90356;
2.32845;-1.82781;-1.56891;0.349172;2.95283;
2.11625;-2.12204;-1.52929;0.396284;2.95697;
1.92673;-1.89518;-1.4932;0.360836;2.95345;
1.73302;-1.9371;-1.44019;0.530137;2.87446;
1.54326;-1.89764;-1.39959;0.405973;2.93083;
1.34873;-1.94525;-1.37216;0.274292;3.00151;
1.14009;-2.08648;-1.34286;0.293049;3.00205;
0.945016;-1.95069;-1.31567;0.271851;3.00312;
0.725298;-2.19718;-1.30417;0.115014;3.08929;
0.521309;-2.03989;-1.27222;0.319521;2.98622;
0.331168;-1.90142;-1.24655;0.256731;3.00738;
0.138726;-1.92442;-1.21703;0.295202;2.98938;
-0.0522805;-1.91006;-1.15045;0.665802;2.80619;
-0.201208;-1.48927;-0.993761;1.56684;2.33082;
-0.312237;-1.1103;-0.854488;1.39273;2.24383;
-0.501295;-1.89058;-0.75543;0.990575;2.65897;
-0.708697;-2.07401;-0.697994;0.574361;2.87143;
-0.920227;-2.1153;-0.649622;0.483719;2.91678;
-1.13796;-2.17729;-0.675643;-0.260209;-3.02265;
-1.3287;-1.90748;-0.693679;-0.180362;-3.04732;
-1.53962;-2.1092;-0.725859;-0.321799;-2.99019;
-1.73188;-1.92259;-0.769704;-0.438448;-2.91738;
-1.92395;-1.92063;-0.830153;-0.604486;-2.83667;
-2.12485;-2.00906;-0.902017;-0.718644;-2.79807;
-2.28884;-1.63985;-0.969414;-0.673966;-2.75165;
-2.47385;-1.85014;-1.07242;-1.03008;-2.63357;
-2.65291;-1.79058;-1.1721;-0.996783;-2.63363;
-2.83059;-1.77676;-1.26313;-0.91026;-2.66814;
-3.00855;-1.77969;-1.3542;-0.910695;-2.66862;
-3.18679;-1.78237;-1.44381;-0.896148;-2.67572;
-3.36057;-1.73778;-1.52823;-0.844204;-2.68937;
-3.53097;-1.70405;-1.59082;-0.625921;-2.78958;
-3.71439;-1.83415;-1.6068;-0.159795;-3.05469;
-3.90908;-1.94689;-1.66005;-0.532446;-2.87464;
-4.1027;-1.93626;-1.74784;-0.877892;-2.71592;
-4.27931;-1.76608;-1.83029;-0.82457;-2.70478;
-4.45873;-1.7942;-1.91698;-0.86686;-2.69152;
-4.6074;-1.48665;-2.00544;-0.884638;-2.60482;
-4.76687;-1.59475;-2.09505;-0.896104;-2.62965;
-4.94135;-1.74478;-2.20122;-1.06164;-2.59497;
-5.08119;-1.39844;-2.27837;-0.771537;-2.63744;
-5.22874;-1.47552;-2.3591;-0.807259;-2.64098;
-5.42452;-1.95774;-2.46058;-1.01484;-2.66335;
-5.62556;-2.01043;-2.55473;-0.941507;-2.70362;
-5.81938;-1.93822;-2.6145;-0.597627;-2.8425;
-6.03367;-2.14284;-2.6032;0.112914;3.08895;
-6.21197;-1.78302;-2.51683;0.863764;2.69047;
-6.36802;-1.56052;-2.37336;1.4347;2.39817;
-6.6048;-2.36783;-2.36689;0.0647083;3.11427;
-6.8093;-2.04494;-2.40709;-0.402079;-2.94745;
-6.99405;-1.84756;-2.47077;-0.6368;-2.80967;
-7.17179;-1.77737;-2.53394;-0.631654;-2.80013;
-7.34673;-1.74935;-2.61795;-0.840098;-2.69388;
-7.52934;-1.82617;-2.70871;-0.90762;-2.68034;
-7.71306;-1.83712;-2.81464;-1.05929;-2.61855;
-7.86702;-1.53967;-2.9329;-1.18259;-2.48662;
-8.00785;-1.4083;-3.07785;-1.44955;-2.34176;
-8.13742;-1.29566;-3.21185;-1.3399;-2.33941;
-8.18159;-0.441757;-3.44559;-2.33744;-1.75759;
-8.32935;-1.47755;-3.62499;-1.794;-2.25976;
-8.55078;-2.21435;-3.73486;-1.09871;-2.68101;
-8.74898;-1.98192;-3.83897;-1.04111;-2.65791;
-8.93711;-1.8813;-3.92694;-0.879717;-2.70419;
-9.13061;-1.93504;-4.02659;-0.996437;-2.66606;
-9.29116;-1.60548;-4.10718;-0.805978;-2.67633;
-9.46941;-1.78251;-4.19725;-0.900664;-2.67373;
-9.6443;-1.74888;-4.28014;-0.82891;-2.69899;
-9.82333;-1.7903;-4.36585;-0.857048;-2.69512;
-10.0033;-1.79947;-4.44978;-0.839341;-2.70515;
-10.1765;-1.73251;-4.51125;-0.614665;-2.80066;
-10.3623;-1.85823;-4.58297;-0.717223;-2.77324;
-10.5451;-1.8277;-4.67347;-0.905016;-2.68182;
-10.7135;-1.68406;-4.80181;-1.28337;-2.49041;
-10.8716;-1.58107;-4.91705;-1.15239;-2.51175;
-11.0369;-1.65253;-5.03306;-1.16008;-2.52952;
-11.1892;-1.52285;-5.15134;-1.1828;-2.48122;
-11.3316;-1.42407;-5.29714;-1.458;-2.34442;
-11.4842;-1.52584;-5.43803;-1.40897;-2.396;
-11.6302;-1.46047;-5.57985;-1.41815;-2.3709;
-11.7712;-1.41024;-5.7191;-1.39254;-2.36251;
-11.906;-1.34748;-5.85918;-1.40082;-2.33679;
-12.0228;-1.16869;-6.02719;-1.68004;-2.17858;
-12.1272;-1.04346;-6.19114;-1.63958;-2.13756;
-12.2276;-1.00369;-6.34444;-1.53298;-2.15049;
-12.3598;-1.32193;-6.51588;-1.71442;-2.22764;
-12.4853;-1.25524;-6.66926;-1.53371;-2.25667;
-12.5995;-1.14185;-6.83443;-1.65176;-2.17565;
-12.7085;-1.09086;-6.98409;-1.49655;-2.20067;
-12.8406;-1.32065;-7.16461;-1.80524;-2.2024;
-12.9546;-1.1403;-7.31875;-1.5414;-2.20772;
-13.0758;-1.21198;-7.48012;-1.61372;-2.21497;
-13.2209;-1.45076;-7.64063;-1.60504;-2.30575;
-13.4208;-1.99926;-7.69876;-0.581276;-2.85865;
-13.6068;-1.85958;-7.76657;-0.678144;-2.7919;
-13.8231;-2.16264;-7.8086;-0.42027;-2.94965;
-14.0297;-2.06627;-7.78846;0.201422;3.04442;
-14.2274;-1.97676;-7.7335;0.549587;2.87042;
-14.3892;-1.61799;-7.58313;1.50362;2.39282;
-14.5324;-1.43229;-7.44092;1.42214;2.35975;
-14.6649;-1.32499;-7.29027;1.50646;2.29219;
-14.7857;-1.20827;-7.1306;1.59673;2.21858;
-14.9021;-1.16393;-6.95356;1.77036;2.15239;
-15.0059;-1.0382;-6.78907;1.64498;2.13379;
-15.0869;-0.809161;-6.61881;1.70254;2.01446;
-15.1567;-0.698215;-6.44945;1.69365;1.96182;
-15.2366;-0.798814;-6.25817;1.91283;1.96639;
-15.3085;-0.719781;-6.07053;1.87632;1.9371;
-15.3805;-0.719566;-5.88526;1.85278;1.94124;
-15.45;-0.695381;-5.70868;1.76576;1.94596;
-15.5267;-0.766952;-5.52474;1.83939;1.96584;
-15.6105;-0.837453;-5.34609;1.78646;2.00915;
-15.6843;-0.737891;-5.17751;1.6858;1.98338;
-15.7702;-0.859374;-4.9964;1.81115;2.01383;
-15.858;-0.877626;-4.81946;1.76941;2.03124;
-15.9588;-1.00864;-4.65072;1.68741;2.10956;
-16.0686;-1.09751;-4.48009;1.70626;2.1424;
-16.2042;-1.35633;-4.31725;1.62839;2.26529;
-16.3595;-1.55297;-4.18585;1.31405;2.43933;
-16.5362;-1.76654;-4.08527;1.00574;2.62403;
-16.7238;-1.87629;-4.00904;0.76235;2.75566;
-16.9401;-2.16326;-4.00609;0.0295116;3.12795;
-17.14;-1.999;-4.01936;-0.13273;-3.07529;
-17.3392;-1.99179;-4.05894;-0.395826;-2.94542;
-17.5161;-1.76887;-4.11306;-0.541192;-2.84468;
-17.6775;-1.61406;-4.18677;-0.737084;-2.71321;
-17.8432;-1.65744;-4.30923;-1.2246;-2.50527;
-17.9896;-1.46413;-4.44148;-1.32247;-2.40699;
-18.1443;-1.54693;-4.57055;-1.2907;-2.44625;
-18.3085;-1.64118;-4.69454;-1.23992;-2.49458;
-18.4716;-1.63118;-4.82041;-1.2587;-2.48438;
-18.6351;-1.63516;-4.93108;-1.10672;-2.54659;
-18.7923;-1.57238;-5.03537;-1.04295;-2.55593;
-18.9466;-1.54236;-5.11357;-0.78195;-2.67238;
-19.1151;-1.68576;-5.22418;-1.10615;-2.56089;
-19.277;-1.6186;-5.35868;-1.34497;-2.44826;
-19.43;-1.52984;-5.46837;-1.09693;-2.51953;
-19.5852;-1.55206;-5.59252;-1.24143;-2.46694;
-19.7291;-1.43945;-5.73486;-1.42345;-2.36178;
-19.8385;-1.09383;-5.87;-1.35137;-2.25126;
-19.9748;-1.3625;-6.01439;-1.44392;-2.32719;
-20.1148;-1.40036;-6.16088;-1.46494;-2.33366;
-20.2716;-1.56764;-6.30035;-1.39465;-2.41453;
-20.4245;-1.52952;-6.41843;-1.18081;-2.48415;
-20.5735;-1.49032;-6.56623;-1.47796;-2.36036;
-20.7151;-1.41573;-6.70755;-1.41324;-2.35708;
-20.8452;-1.30111;-6.84674;-1.3919;-2.32249;
-20.9762;-1.31012;-6.99804;-1.51298;-2.28446;
-21.116;-1.39785;-7.13654;-1.38506;-2.36079;
-21.2739;-1.57844;-7.26707;-1.30524;-2.45065;
-21.4583;-1.8443;-7.41486;-1.47797;-2.46602;
-21.6115;-1.53184;-7.53918;-1.24314;-2.45986;
-21.7601;-1.48643;-7.6516;-1.1242;-2.49406;
-21.9333;-1.73165;-7.76867;-1.17074;-2.5471;
-22.0383;-1.05053;-7.89063;-1.21957;-2.28187;
-22.1652;-1.26889;-8.04446;-1.53833;-2.26051;
-22.289;-1.23733;-8.20213;-1.57669;-2.23618;
-22.4248;-1.3588;-8.36889;-1.66763;-2.2545;
-22.5609;-1.36095;-8.54414;-1.75247;-2.2311;
-22.6777;-1.16724;-8.70605;-1.61908;-2.19543;
-22.7814;-1.03726;-8.86658;-1.60533;-2.14445;
-22.8828;-1.01437;-9.01848;-1.51901;-2.15957;
-22.9757;-0.928192;-9.19901;-1.8053;-2.0457;
-23.0527;-0.770625;-9.38595;-1.86932;-1.96182;
-23.1245;-0.717463;-9.56037;-1.74428;-1.96103;
-23.1899;-0.654482;-9.73684;-1.7647;-1.92595;
-23.239;-0.491069;-9.9361;-1.99258;-1.81243;
-23.2723;-0.333305;-10.1327;-1.96602;-1.73873;
-23.3007;-0.28387;-10.3291;-1.9644;-1.71431;
-23.3448;-0.440437;-10.532;-2.02852;-1.7846;
-23.4024;-0.576039;-10.726;-1.93994;-1.85944;
-23.4584;-0.560263;-10.9316;-2.05645;-1.83678;
-23.5204;-0.620176;-11.122;-1.90374;-1.88572;
-23.6025;-0.820735;-11.3103;-1.88286;-1.98186;
-23.6913;-0.888177;-11.4897;-1.79374;-2.03056;
-23.7892;-0.979055;-11.6653;-1.75629;-2.07935;
-23.8958;-1.06567;-11.8373;-1.71997;-2.12549;
-24.0223;-1.26543;-12.0016;-1.64334;-2.227;
-24.1232;-1.00829;-12.1658;-1.64139;-2.12166;
-24.2089;-0.857817;-12.3369;-1.71083;-2.03557;
-24.2799;-0.709208;-12.5231;-1.86222;-1.93468;
-24.341;-0.611093;-12.7133;-1.90196;-1.88168;
-24.4013;-0.602942;-12.903;-1.89767;-1.87844;
-24.4747;-0.734605;-13.0893;-1.86218;-1.94654;
-24.5607;-0.860194;-13.2743;-1.85064;-2.0059;
-24.6636;-1.02852;-13.4402;-1.65929;-2.12569;
-24.7699;-1.06347;-13.6091;-1.68863;-2.13283;
-24.8973;-1.27333;-13.7648;-1.55695;-2.25632;
-25.0372;-1.39931;-13.9248;-1.59989;-2.28942;
-25.1902;-1.52978;-14.0413;-1.16468;-2.49087;
-25.3515;-1.61328;-14.1476;-1.06336;-2.55882;
-25.5364;-1.84854;-14.2613;-1.13693;-2.59019;
-25.7193;-1.82888;-14.3621;-1.00836;-2.63771;
-25.897;-1.77719;-14.4533;-0.911916;-2.6675;
-26.0683;-1.71369;-14.5399;-0.866092;-2.67364;
-26.274;-2.05653;-14.6174;-0.774764;-2.7813;
-26.4517;-1.77728;-14.6823;-0.648862;-2.79154;
-26.6313;-1.7962;-14.7532;-0.708664;-2.76581;
-26.8368;-2.0547;-14.8364;-0.832677;-2.75657;
-27.0027;-1.65921;-14.9104;-0.739439;-2.72236;
-27.2111;-2.08363;-14.9905;-0.801426;-2.77441;
-27.3935;-1.82354;-15.0591;-0.685507;-2.78201;
-27.5492;-1.55722;-15.1146;-0.555091;-2.79917;
-27.738;-1.88825;-15.1699;-0.553002;-2.85669;
-27.9228;-1.84841;-15.2183;-0.484327;-2.88533;
-28.1241;-2.01252;-15.2844;-0.661272;-2.82413;
-28.3278;-2.03744;-15.3601;-0.7563;-2.78616;
-28.5207;-1.92823;-15.4255;-0.654714;-2.81426;
-28.7108;-1.90173;-15.4861;-0.60614;-2.83304;
-28.902;-1.91128;-15.544;-0.578498;-2.84768;
-29.0939;-1.91934;-15.6078;-0.637641;-2.82085;
-29.2872;-1.93333;-15.6776;-0.698393;-2.79494;
-29.4676;-1.80326;-15.737;-0.593738;-2.82351;
-29.6548;-1.87214;-15.7906;-0.536465;-2.86252;
-29.8452;-1.90425;-15.8316;-0.410074;-2.92949;

29.9596;-1.95181;-15.8745;-0.42873;-2.92537;
29.7756;-1.84041;-15.9306;-0.560513;-2.84596;
29.5855;-1.9013;-15.9758;-0.452703;-2.90784;
29.4055;-1.79918;-16.0183;-0.42488;-2.90969;
29.2066;-1.98958;-16.0775;-0.591499;-2.85262;
28.9987;-2.07896;-16.1409;-0.634901;-2.8452;
28.8141;-1.84549;-16.2081;-0.671586;-2.79258;
28.6295;-1.84612;-16.2871;-0.790348;-2.73709;
28.4323;-1.97201;-16.3593;-0.721413;-2.79089;
28.2522;-1.80108;-16.4247;-0.654482;-2.79305;
28.0633;-1.88865;-16.5048;-0.800707;-2.74061;
27.8859;-1.77485;-16.603;-0.982464;-2.63603;
27.7088;-1.77037;-16.7022;-0.99161;-2.63102;
27.5285;-1.80345;-16.7897;-0.875307;-2.68973;
27.3479;-1.80564;-16.8711;-0.813799;-2.71816;
27.1614;-1.86504;-16.942;-0.709257;-2.77819;
26.9433;-2.1813;-17.0179;-0.758484;-2.80695;
26.748;-1.9525;-17.0709;-0.53046;-2.87631;
26.5564;-1.91649;-17.1214;-0.505079;-2.88391;
26.3646;-1.91808;-17.1665;-0.450449;-2.91093;
26.1706;-1.93993;-17.2171;-0.50597;-2.88646;
25.9815;-1.89113;-17.2567;-0.396165;-2.93509;
25.7878;-1.93709;-17.3002;-0.435233;-2.92058;
25.5925;-1.95281;-17.3367;-0.364547;-2.95704;
25.3982;-1.94318;-17.3748;-0.381057;-2.94795;
25.2059;-1.92295;-17.4165;-0.417279;-2.92791;
25.0188;-1.87091;-17.4647;-0.481959;-2.88947;
24.8309;-1.87857;-17.536;-0.713176;-2.77876;
24.6217;-2.09266;-17.6208;-0.847554;-2.75677;
24.4397;-1.82003;-17.6967;-0.759464;-2.74628;
24.2488;-1.90803;-17.7841;-0.874002;-2.71205;
24.0726;-1.76236;-17.8655;-0.81371;-2.70904;
23.8901;-1.82554;-17.9589;-0.9339;-2.66873;
23.7108;-1.79249;-18.0584;-0.995276;-2.63473;
23.5423;-1.68495;-18.1891;-1.30686;-2.4819;
23.3764;-1.65924;-18.3257;-1.36551;-2.453;
23.2496;-1.26759;-18.4406;-1.14982;-2.40487;
23.1087;-1.40924;-18.5896;-1.48996;-2.32836;
22.976;-1.32684;-18.7402;-1.50552;-2.29319;
22.8448;-1.31193;-18.8834;-1.43172;-2.31256;
22.7115;-1.33283;-19.027;-1.43653;-2.31877;
22.5813;-1.3028;-19.1782;-1.51164;-2.28213;
22.4641;-1.1717;-19.324;-1.45861;-2.24755;
22.3606;-1.03467;-19.471;-1.46978;-2.18418;
22.235;-1.25625;-19.6182;-1.47198;-2.27728;
22.0934;-1.41641;-19.771;-1.52769;-2.31841;
21.9916;-1.01729;-19.9661;-1.95146;-2.05134;
21.9059;-0.856975;-20.1505;-1.84396;-2.00585;
21.8245;-0.813953;-20.3298;-1.79242;-1.99706;
21.7521;-0.724113;-20.5369;-2.07173;-1.90704;
21.6866;-0.655775;-20.7258;-1.88855;-1.90501;
21.6155;-0.710314;-20.9089;-1.8315;-1.94077;
21.5603;-0.552637;-21.1054;-1.96455;-1.84501;
21.5113;-0.489142;-21.2945;-1.89114;-1.8239;
21.4567;-0.546939;-21.4842;-1.8969;-1.85152;
21.4089;-0.477636;-21.6794;-1.95235;-1.81073;
21.3347;-0.742202;-21.8725;-1.93073;-1.9378;
21.2842;-0.504938;-22.0695;-1.96962;-1.82176;
21.2145;-0.696239;-22.2713;-2.0186;-1.90293;
21.1496;-0.649747;-22.4516;-1.80287;-1.9167;
21.0876;-0.620156;-22.6732;-2.21548;-1.84373;
21.0337;-0.538887;-22.8607;-1.87506;-1.85065;
20.9881;-0.456125;-23.0522;-1.91561;-1.80455;
20.9339;-0.542064;-23.2414;-1.89206;-1.84982;
20.8721;-0.617268;-23.4396;-1.98194;-1.87272;
20.7897;-0.824449;-23.6356;-1.95936;-1.96908;
20.713;-0.766615;-23.7991;-1.63559;-2.0091;
20.6326;-0.804358;-23.9841;-1.84986;-1.98096;
20.5539;-0.786381;-24.1682;-1.84063;-1.97456;
20.476;-0.779599;-24.3478;-1.7966;-1.98021;
20.4113;-0.646825;-24.5029;-1.55092;-1.96592;
20.327;-0.8434;-24.6916;-1.88647;-1.99122;
20.26;-0.669755;-24.8816;-1.90019;-1.90967;
20.2209;-0.390862;-25.0396;-1.57972;-1.81335;
20.171;-0.498965;-25.2311;-1.91518;-1.82566;
20.1201;-0.5089;-25.4231;-1.9201;-1.82988;
20.0608;-0.593368;-25.6153;-1.92232;-1.87019;
19.998;-0.627304;-25.8035;-1.88202;-1.89253;
19.9284;-0.696635;-26.0183;-2.14735;-1.8845;
19.8789;-0.494756;-26.2083;-1.9004;-1.82549;
19.8396;-0.392933;-26.403;-1.94709;-1.76993;
19.8017;-0.378956;-26.5939;-1.9088;-1.76678;
19.733;-0.687314;-26.7839;-1.90002;-1.91789;
19.6544;-0.785796;-26.9784;-1.94465;-1.95482;
19.5853;-0.690579;-27.1686;-1.90226;-1.91903;
19.5194;-0.659352;-27.3546;-1.85981;-1.9115;
19.4666;-0.528379;-27.5282;-1.73679;-1.86613;
19.3992;-0.673305;-27.7267;-1.9844;-1.89791;
19.3232;-0.760096;-27.8997;-1.73058;-1.98465;
19.2323;-0.909184;-28.0787;-1.78927;-2.04093;
19.123;-1.0932;-28.2429;-1.64191;-2.1582;
18.9576;-1.65394;-28.3707;-1.27834;-2.48359;
18.8022;-1.55421;-28.5187;-1.47978;-2.38072;
18.6651;-1.37062;-28.6605;-1.41774;-2.3393;
18.4713;-1.93785;-28.7511;-0.906301;-2.70413;
18.2873;-1.84009;-28.8554;-1.04357;-2.6257;
18.1533;-1.33986;-29.0053;-1.49868;-2.3003;
18.0185;-1.34801;-29.1549;-1.49588;-2.30425;
17.8886;-1.29906;-29.2695;-1.14588;-2.41876;
17.7431;-1.45503;-29.4138;-1.44322;-2.36027;
17.5935;-1.49617;-29.5702;-1.5644;-2.3339;
17.4499;-1.43577;-29.6961;-1.25817;-2.42203;
17.3031;-1.46857;-29.8149;-1.18808;-2.46139;
17.1414;-1.61717;-29.9282;-1.13329;-2.53034;

16.9908;-1.50594;29.9738;-0.980319;-2.56454;
16.8233;-1.67487;29.8647;-1.09059;-2.56441;
16.6553;-1.67956;29.7487;-1.16006;-2.53714;
16.4984;-1.56919;29.6278;-1.20867;-2.48526;
16.3527;-1.45733;29.4942;-1.33619;-2.39953;
16.2133;-1.39322;29.3437;-1.50543;-2.3175;
16.0181;-1.95262;29.2289;-1.14736;-2.61034;
15.8327;-1.85371;29.1464;-0.825169;-2.72278;
15.6479;-1.84831;29.0836;-0.628254;-2.81394;
15.4726;-1.7524;29.001;-0.826003;-2.70112;
15.2685;-2.0414;28.9013;-0.996609;-2.68743;
15.0706;-1.97952;28.8221;-0.792157;-2.76094;
14.8867;-1.83837;28.7315;-0.906668;-2.68341;
14.7153;-1.71391;28.6531;-0.783708;-2.71271;
14.5353;-1.80029;28.5557;-0.973777;-2.64576;
14.3625;-1.72756;28.46;-0.957522;-2.63548;
14.1985;-1.64005;28.3798;-0.801148;-2.6872;
14.0251;-1.73389;28.2891;-0.907307;-2.6595;
13.8445;-1.80654;28.1982;-0.908868;-2.67547;
13.664;-1.80451;28.1214;-0.768592;-2.73894;
13.4749;-1.89146;28.0469;-0.744638;-2.76654;
13.2838;-1.9108;28.0127;-0.341758;-2.96461;
13.1031;-1.80681;27.9666;-0.461395;-2.89157;
12.9132;-1.89979;27.9204;-0.461857;-2.90311;
12.7348;-1.78326;27.8459;-0.744882;-2.74591;
12.5537;-1.81103;27.7667;-0.792415;-2.72914;
12.3516;-2.021;27.6859;-0.807419;-2.7615;
12.1694;-1.82257;27.6234;-0.625295;-2.81109;
11.9934;-1.75993;27.5516;-0.718038;-2.75421;
11.8011;-1.92257;27.4999;-0.516733;-2.87903;
11.6083;-1.92797;27.4542;-0.456872;-2.90891;
11.4122;-1.96075;27.4011;-0.531499;-2.87688;
11.2138;-1.98446;27.3701;-0.30977;-2.98674;
11.0308;-1.83028;27.331;-0.390772;-2.93125;
10.8446;-1.86206;27.2701;-0.60884;-2.82558;
10.6511;-1.93437;27.2112;-0.588951;-2.84604;
10.4413;-2.09847;27.2018;-0.0949744;-3.09636;
10.2454;-1.95847;27.1839;-0.178996;-3.05045;
10.0552;-1.90193;27.1546;-0.292528;-2.98898;
9.85438;-2.00858;27.1221;-0.324634;-2.98135;
9.66078;-1.93606;27.0835;-0.386728;-2.94444;
9.48239;-1.78388;27.044;-0.394333;-2.92404;
9.26362;-2.18772;26.9967;-0.472841;-2.92873;
9.07988;-1.83732;26.9397;-0.570359;-2.84059;
8.88903;-1.90857;26.8787;-0.609822;-2.83233;
8.69671;-1.9232;26.82;-0.586992;-2.84536;
8.50707;-1.8964;26.7386;-0.814658;-2.73585;
8.31823;-1.88832;26.7035;-0.350247;-2.9582;
8.13066;-1.87573;26.6868;-0.167316;-3.05263;
7.93558;-1.95079;26.6544;-0.323804;-2.97711;
7.73966;-1.95918;26.6355;-0.189464;-3.04519;
7.52544;-2.14222;26.6339;-0.0154335;-3.13439;
7.33719;-1.88248;26.6239;-0.100537;-3.08824;
7.13441;-2.02786;26.6175;-0.0636344;-3.11022;
6.94174;-1.92673;26.5936;-0.239556;-3.01789;
6.73688;-2.04854;26.5772;-0.163733;-3.06184;
6.53825;-1.98627;26.5625;-0.147001;-3.06772;
6.33734;-2.00917;26.5735;0.109795;3.087;
6.12398;-2.13356;26.6;0.265327;3.01787;
5.90239;-2.21591;26.6141;0.140588;3.07823;
5.70461;-1.97785;26.5941;-0.199318;-3.04116;
5.50747;-1.97134;26.5737;-0.204771;-3.03809;
5.30569;-2.01778;26.5616;-0.120159;-3.08211;
5.10832;-1.97375;26.5444;-0.172276;-3.05453;
4.91308;-1.95236;26.536;-0.0837449;-3.09872;
4.71324;-1.99848;26.519;-0.170614;-3.05643;
4.52812;-1.85113;26.496;-0.230127;-3.01791;
4.33273;-1.95387;26.4577;-0.382342;-2.94835;
4.12654;-2.06197;26.4233;-0.34409;-2.97624;
3.92421;-2.02329;26.3951;-0.281922;-3.00315;
3.72772;-1.96487;26.3603;-0.348388;-2.96611;
3.51543;-2.12293;26.3355;-0.247667;-3.02545;
3.29078;-2.24649;26.3112;-0.242687;-3.03398;
3.08577;-2.05015;26.3054;-0.0582728;-3.11318;
2.87402;-2.11745;26.3144;0.0894515;3.09937;
2.6755;-1.98516;26.3151;0.00779459;3.13767;
2.46851;-2.0699;26.3213;0.0614262;3.11193;
2.27838;-1.90133;26.3341;0.128514;3.0741;
2.08181;-1.96573;26.3497;0.156025;3.06239;
1.89119;-1.90616;26.3683;0.185623;3.04452;
1.69595;-1.95244;26.3753;0.0700183;3.10575;
1.50631;-1.89633;26.3994;0.240968;3.0152;
1.31777;-1.88545;26.4185;0.190842;3.04072;
1.119;-1.98766;26.4481;0.296415;2.99356;
0.927208;-1.91796;26.4785;0.303827;2.98449;
0.719954;-2.07253;26.5036;0.251233;3.02096;
0.518213;-2.01741;26.5185;0.148222;3.06825;
0.322417;-1.95797;26.5476;0.291221;2.99394;
0.126428;-1.95989;26.5529;0.0536147;3.11424;
-0.0868971;-2.13325;26.5369;-0.159934;-3.06676;
-0.284255;-1.97358;26.4907;-0.462247;-2.91152;
-0.457482;-1.73227;26.4299;-0.607949;-2.80407;
-0.619586;-1.62104;26.3579;-0.720298;-2.72345;
-0.800686;-1.811;26.2643;-0.935639;-2.66472;
-0.967657;-1.66971;26.1516;-1.12687;-2.54792;
-1.12645;-1.58789;26.0324;-1.19238;-2.4975;
-1.2965;-1.70059;25.9147;-1.1774;-2.53602;
-1.45102;-1.54512;25.7932;-1.21431;-2.47551;
-1.60178;-1.50761;25.6695;-1.23767;-2.45421;
-1.75979;-1.58014;25.5468;-1.22645;-2.48155;
-1.91945;-1.59657;25.4208;-1.26009;-2.47344;
-2.07422;-1.54776;25.2886;-1.32179;-2.43478;
-2.21001;-1.35787;25.1553;-1.33347;-2.36526;
-2.32707;-1.17057;25.0006;-1.54668;-2.21865;
-2.45193;-1.24865;24.8388;-1.61809;-2.22803;
-2.57542;-1.23488;24.6735;-1.65318;-2.21236;
-2.70339;-1.27972;24.5209;-1.52598;-2.26865;
-2.83714;-1.33746;24.3674;-1.5353;-2.28744;
-2.97184;-1.34704;24.2189;-1.48459;-2.30766;
-3.10516;-1.33314;24.0842;-1.34708;-2.35099;
-3.25147;-1.46309;23.9475;-1.36684;-2.3902;
-3.40183;-1.50361;23.811;-1.36526;-2.40438;
-3.53277;-1.30945;23.6651;-1.45857;-2.30238;
-3.67871;-1.45934;23.5502;-1.14892;-2.47465;
-3.83971;-1.61005;23.4264;-1.23876;-2.48579;
-3.99532;-1.55606;23.2916;-1.34754;-2.42788;
-4.16306;-1.67743;23.1672;-1.24372;-2.50359;
-4.31483;-1.51765;23.0651;-1.02186;-2.549;
-4.46703;-1.52205;22.9685;-0.965519;-2.57629;
-4.63121;-1.64179;22.8609;-1.07567;-2.56158;
-4.79908;-1.67872;22.7389;-1.22033;-2.51301;
-4.97295;-1.73873;22.6155;-1.23391;-2.52441;
-5.14815;-1.75192;22.51;-1.05515;-2.59949;
-5.30475;-1.56609;22.4238;-0.861868;-2.63849;
-5.4701;-1.65341;22.313;-1.10821;-2.55111;
-5.62646;-1.56367;22.2078;-1.05185;-2.54944;
-5.8051;-1.78635;22.0849;-1.22952;-2.53877;
-5.96182;-1.56725;21.9528;-1.32057;-2.44141;
-6.09654;-1.34723;21.8013;-1.51463;-2.29777;
-6.19948;-1.02934;21.6413;-1.60013;-2.14244;
-6.38484;-1.85357;21.5091;-1.32266;-2.52181;
-6.53617;-1.51332;21.3685;-1.40591;-2.39297;
-6.68728;-1.51115;21.2496;-1.189;-2.47494;
-6.84493;-1.57642;21.1386;-1.10929;-2.5284;
-7.01464;-1.69716;21.0286;-1.10043;-2.56635;
-7.14666;-1.32019;20.9231;-1.05474;-2.46751;
-7.30917;-1.62514;20.8052;-1.17958;-2.51374;
-7.4707;-1.61528;20.6879;-1.17221;-2.51383;
-7.63971;-1.69009;20.6007;-0.872387;-2.66509;
-7.82386;-1.84149;20.5124;-0.882875;-2.69453;
-8.01776;-1.939;20.443;-0.694206;-2.79779;
-8.22491;-2.07146;20.4019;-0.411064;-2.9457;
-8.43943;-2.14519;20.3634;-0.38502;-2.964;
-8.62639;-1.86962;20.2648;-0.985885;-2.65633;
-8.79545;-1.6906;20.1876;-0.77205;-2.7132;
-8.97069;-1.75238;20.0584;-1.29221;-2.5062;
-9.08354;-1.12851;19.9399;-1.18497;-2.33179;
-9.22596;-1.42421;19.7927;-1.47143;-2.33989;
-9.37245;-1.46487;19.6724;-1.20334;-2.4539;
-9.53635;-1.63909;19.5629;-1.09465;-2.55278;
-9.71266;-1.76309;19.4607;-1.02264;-2.61599;
-9.88248;-1.69816;19.3553;-1.0534;-2.58637;
-10.0505;-1.67972;19.2581;-0.97208;-2.61697;
-10.2129;-1.62493;19.1551;-1.03048;-2.57643;
-10.3663;-1.53318;19.0523;-1.02748;-2.55118;
-10.5473;-1.81056;18.9183;-1.34072;-2.5042;
-10.7108;-1.63505;18.8023;-1.15982;-2.52462;
-10.8605;-1.4968;18.6928;-1.09465;-2.51015;
-11.0226;-1.62086;18.5864;-1.0643;-2.56057;
-11.1892;-1.66641;18.4913;-0.95026;-2.62334;
-11.3737;-1.84431;18.3934;-0.979743;-2.65328;
-11.5473;-1.73632;18.3056;-0.87787;-2.67348;
-11.7101;-1.62813;18.191;-1.14588;-2.52832;
-11.8635;-1.53416;18.0524;-1.38576;-2.40697;
-12.0032;-1.3971;17.9196;-1.32794;-2.38157;
-12.1542;-1.50921;17.7804;-1.39229;-2.39647;
-12.3058;-1.51613;17.6469;-1.33469;-2.41975;
-12.4682;-1.62462;17.5104;-1.36559;-2.44261;
-12.6288;-1.60615;17.3872;-1.23151;-2.48746;
-12.7936;-1.64749;17.274;-1.1322;-2.53949;
-12.9743;-1.80724;17.1856;-0.883761;-2.68677;
-13.1443;-1.70018;17.1228;-0.628488;-2.78751;
-13.3524;-2.08027;17.0832;-0.395457;-2.95373;
-13.53;-1.77627;17.0666;-0.166019;-3.0484;
-13.7311;-2.0111;17.0686;0.0197119;3.13179;
-13.9307;-1.99636;17.1658;0.972235;2.6884;
-14.086;-1.55217;17.27;1.04143;2.55063;
-14.21;-1.24007;17.4383;1.68374;2.2056;
-14.3148;-1.04869;17.6192;1.80826;2.09634;
-14.4294;-1.14613;17.7845;1.653;2.17705;
-14.5174;-0.879898;17.9673;1.82831;2.01934;
-14.5979;-0.80497;18.1517;1.84431;1.98233;
-14.6705;-0.726009;18.3519;2.00194;1.9187;
-14.7563;-0.857585;18.5524;2.00526;1.97492;
-14.833;-0.767536;18.7308;1.78312;1.97727;
-14.9012;-0.681238;18.9216;1.90865;1.91362;
-14.9831;-0.819154;19.0854;1.63759;2.03462;
-15.0508;-0.677103;19.2664;1.81046;1.92869;
-15.1407;-0.89881;19.4438;1.77353;2.03986;
-15.2351;-0.944095;19.6118;1.67969;2.08286;
-15.3122;-0.770965;19.7848;1.73017;1.98998;
-15.4165;-1.04339;19.9678;1.83079;2.0888;
-15.5294;-1.12906;20.1507;1.82888;2.12387;
-15.6186;-0.891362;20.3169;1.66129;2.06325;
-15.6914;-0.728451;20.4937;1.76807;1.96161;
-15.8151;-1.23702;20.6468;1.53105;2.25037;
-15.8976;-0.825053;20.8157;1.68944;2.02509;
-16.0228;-1.25209;20.961;1.45321;2.28199;
-16.1119;-0.890728;21.138;1.77008;2.03701;
-16.2273;-1.15389;21.3012;1.63155;2.18636;
-16.3368;-1.09477;21.4692;1.68031;2.14825;
-16.45;-1.13281;21.6257;1.56472;2.19743;
-16.5996;-1.49537;21.7927;1.67019;2.30103;
-16.6965;-0.968899;21.965;1.72303;2.08305;
-16.8273;-1.30814;22.1151;1.50031;2.28787;
-16.9184;-0.91094;22.2864;1.71384;2.05934;
-17.0447;-1.26371;22.4248;1.38403;2.31079;
-17.1437;-0.989524;22.6035;1.78637;2.07665;
-17.3071;-1.63375;22.7397;1.36231;2.44655;
-17.4027;-0.956057;22.9379;1.98235;2.02017;
-17.5251;-1.22441;23.1069;1.68989;2.19781;
-17.6202;-0.950609;23.272;1.65087;2.09325;
-17.7381;-1.17869;23.4335;1.61434;2.20146;
-17.8463;-1.0825;23.5825;1.49085;2.19882;
-17.9714;-1.2513;23.7554;1.72901;2.19726;
-18.0698;-0.983202;23.9222;1.66753;2.10354;
-18.167;-0.972137;24.0824;1.60159;2.11633;
-18.2804;-1.13385;24.2666;1.84229;2.1225;
-18.3884;-1.08072;24.4421;1.75523;2.12269;
-18.4914;-1.03011;24.6138;1.71714;2.11114;
-18.582;-0.905814;24.7744;1.6058;2.08439;
-18.6803;-0.983248;24.9194;1.44968;2.16677;
-18.7575;-0.772022;25.1177;1.98288;1.94208;
-18.8764;-1.18811;25.2835;1.65856;2.19241;
-18.9716;-0.952174;25.4788;1.95277;2.02448;
-19.0812;-1.09617;25.6529;1.74099;2.13271;
-19.1583;-0.771501;25.8462;1.93263;1.95061;
-19.2067;-0.483659;26.0372;1.91037;1.81876;
-19.2835;-0.768296;26.2372;2.0001;1.93755;
-19.3733;-0.897709;26.4172;1.79974;2.03348;
-19.4449;-0.716347;26.6033;1.86156;1.93814;
-19.5179;-0.729138;26.801;1.97659;1.9242;
-19.5913;-0.734395;26.9944;1.93417;1.93368;
-19.6609;-0.695693;27.1702;1.75752;1.94771;
-19.7217;-0.608804;27.3572;1.87015;1.88551;
-19.8059;-0.841915;27.5349;1.77726;2.0132;
-19.8716;-0.657089;27.7338;1.98873;1.88991;
-19.9466;-0.749615;27.9147;1.80917;1.96361;
-20.0108;-0.642043;28.106;1.9136;1.89451;
-20.1121;-1.0129;28.2806;1.74511;2.0967;
-20.1554;-0.432598;28.4865;2.05907;1.77788;
-20.2566;-1.01196;28.6666;1.80158;2.08258;
-20.3047;-0.481349;28.8623;1.95662;1.81202;
-20.3887;-0.840333;29.0398;1.77487;2.01299;
-20.4614;-0.726438;29.2228;1.83059;1.94857;
-20.5454;-0.84042;29.4034;1.80608;2.00632;
-20.633;-0.876425;29.5871;1.83635;2.01609;
-20.7117;-0.786305;29.7553;1.68256;2.00796;
-20.7722;-0.60481;29.9382;1.82854;1.89023;

-20.8333;-0.611362;-29.8704;1.91415;1.87995;
-20.9946;-1.61274;-29.7168;1.53564;2.38068;
-21.097;-1.024;-29.541;1.75862;2.09808;
-21.2241;-1.27142;-29.3628;1.78215;2.19047;
-21.3553;-1.31148;-29.2117;1.5103;2.28585;
-21.4509;-0.956844;-29.0413;1.70397;2.08245;
-21.5981;-1.47144;-28.876;1.65313;2.29811;
-21.6686;-0.705023;-28.7234;1.52577;2.00365;
-21.8184;-1.49829;-28.5669;1.56586;2.33415;
-21.9137;-0.952818;-28.3703;1.96602;2.02208;
-22.0579;-1.44146;-28.2026;1.67676;2.28088;
-22.1519;-0.940851;-28.0085;1.94115;2.02212;
-22.2786;-1.26663;-27.8463;1.62164;2.23389;
-22.3627;-0.841148;-27.6653;1.80971;2.00589;
-22.4808;-1.18086;-27.5001;1.65249;2.19125;
-22.5596;-0.788328;-27.3121;1.87945;1.96795;
-22.6823;-1.22619;-27.1338;1.78375;2.17303;
-22.7474;-0.651512;-26.9414;1.92343;1.89739;
-22.8317;-0.842505;-26.7693;1.72098;2.02605;
-22.8923;-0.606121;-26.5649;2.04394;1.85908;
-22.9655;-0.732268;-26.3763;1.88605;1.94114;
-23.0016;-0.361192;-26.1957;1.80653;1.76813;
-23.0772;-0.756287;-26.0074;1.88237;1.95283;
-23.1034;-0.262005;-25.7847;2.22698;1.68791;
-23.1712;-0.677827;-25.59;1.94742;1.90575;
-23.1962;-0.249711;-25.3628;2.27224;1.68025;
-23.253;-0.568381;-25.157;2.05797;1.84026;
-23.2717;-0.187034;-24.965;1.91969;1.66792;
-23.3061;-0.343226;-24.7383;2.2667;1.72108;
-23.3318;-0.257551;-24.5851;1.53229;1.73732;
-23.3847;-0.528762;-24.402;1.83068;1.85198;
-23.4297;-0.449677;-24.1812;2.20794;1.77171;
-23.4816;-0.519417;-23.9854;1.95825;1.83007;
-23.5208;-0.392469;-23.8181;1.67276;1.80125;
-23.5646;-0.43707;-23.6502;1.67922;1.82543;
-23.5876;-0.230053;-23.4533;1.96948;1.68708;
-23.6379;-0.50378;-23.2486;2.04656;1.81216;
-23.6566;-0.186233;-23.0476;2.00968;1.6632;
-23.7218;-0.652809;-22.8439;2.03717;1.88091;
-23.6985;0.233189;-22.6077;2.36214;1.4724;
-23.7591;-0.605784;-22.411;1.96667;1.8696;
-23.7941;-0.349778;-22.2037;2.07355;1.73791;
-23.7776;0.164648;-22.0041;1.99571;1.48848;
-23.8422;-0.646242;-21.8054;1.98765;1.88514;
-23.8268;0.153877;-21.5701;2.35298;1.50549;
-23.867;-0.401405;-21.3691;2.00968;1.76794;
-23.8776;-0.105633;-21.1518;2.17244;1.61938;
-23.8717;0.0584374;-20.9524;1.99423;1.5415;
-23.8716;0.000715443;-20.7431;2.0936;1.57045;
-23.8734;-0.0172889;-20.548;1.95109;1.57966;
-23.8691;0.043046;-20.3544;1.93523;1.54856;
-23.8551;0.139193;-20.1424;2.12023;1.50524;
-23.8432;0.119166;-19.9465;1.95908;1.51004;
-23.8365;0.0672414;-19.7407;2.05815;1.53814;
-23.8066;0.299499;-19.5449;1.95764;1.41898;
-23.8074;-0.00804181;-19.3368;2.08164;1.57466;
-23.7484;0.589759;-19.1352;2.01564;1.28615;
-23.7488;-0.00459346;-18.9333;2.01897;1.57307;
-23.6954;0.534415;-18.7395;1.93843;1.30178;
-23.6546;0.407932;-18.5181;2.21306;1.38851;
-23.6172;0.374312;-18.3186;1.99502;1.38533;
-23.5631;0.540784;-18.1179;2.00716;1.30762;
-23.5364;0.267309;-17.9073;2.10591;1.44454;
-23.4578;0.785712;-17.7203;1.87047;1.17312;
-23.4213;0.364865;-17.5116;2.08665;1.39769;
-23.3676;0.536742;-17.302;2.09595;1.3201;
-23.2935;0.741296;-17.1226;1.79413;1.17898;
-23.2332;0.603457;-16.9229;1.9974;1.27739;
-23.2019;0.312663;-16.7242;1.9865;1.41468;
-23.1288;0.730566;-16.5206;2.03645;1.22635;
-23.0937;0.350904;-16.3208;1.99793;1.39694;
-23.0013;0.924695;-16.1338;1.86939;1.11144;
-22.9582;0.43037;-15.9393;1.94539;1.35308;
-22.8055;1.52756;-15.7638;1.75494;0.854558;
-22.7487;0.568229;-15.5504;2.13456;1.31063;
-22.5866;1.62071;-15.3795;1.70854;0.811772;
-22.5075;0.790962;-15.1968;1.82752;1.16233;
-22.3112;1.9629;-15.0892;1.0759;0.501395;
-22.1799;1.31289;-14.8896;1.99586;0.988952;
-21.9613;2.18661;-14.8201;0.69444;0.307514;
-21.8063;1.55;-14.6351;1.8508;0.873618;
-21.558;2.48293;-14.5812;0.53811;0.213423;
-21.3886;1.69381;-14.4154;1.65888;0.774978;
-21.1555;2.33035;-14.3759;0.394119;0.167539;
-20.9807;1.74802;-14.2292;1.46712;0.698252;
-20.7364;2.44354;-14.2092;0.200813;0.081997;
-20.5607;1.7566;-14.0821;1.27002;0.625995;
-20.3113;2.49412;-14.0791;0.0307699;0.0123364;
-20.1218;1.8947;-13.9435;1.35561;0.621035;
-19.8922;2.29634;-13.9512;-0.0765165;-0.0333087;
-19.6829;2.0932;-13.8038;1.47396;0.613517;
-19.4526;2.30243;-13.7855;0.182223;0.078979;
-19.2542;1.98423;-13.5992;1.86312;0.75393;
-19.0025;2.51715;-13.5833;0.159285;0.0631957;
-18.805;1.97556;-13.4282;1.55103;0.665595;
-18.5836;2.21357;-13.3878;0.404387;0.180693;
-18.4068;1.76813;-13.228;1.59787;0.734858;
-18.1906;2.16145;-13.1767;0.512854;0.232966;
-18.0131;1.77535;-13.0239;1.52789;0.710621;
-17.7896;2.23541;-12.9687;0.55226;0.242201;
-17.6074;1.82153;-12.8032;1.65479;0.737472;
-17.3849;2.22529;-12.7622;0.409907;0.182162;
-17.2073;1.77627;-12.6256;1.36561;0.655429;
-16.9938;2.13427;-12.6097;0.159129;0.0744214;
-16.8069;1.86897;-12.4419;1.67824;0.731682;
-16.5697;2.37274;-12.4301;0.118536;0.0499162;
-16.3812;1.88477;-12.2736;1.56418;0.692711;
-16.1485;2.32668;-12.2443;0.293222;0.125365;
-15.9714;1.77076;-12.123;1.21325;0.600696;
-15.7475;2.23884;-12.0961;0.268546;0.119378;
-15.5644;1.83153;-11.9397;1.56401;0.706775;
-15.3299;2.34506;-11.9068;0.328983;0.139378;
-15.1585;1.71404;-11.7276;1.79268;0.807818;
-14.9225;2.36025;-11.6755;0.520937;0.21723;
-14.7638;1.58652;-11.4822;1.93309;0.883551;
-14.5334;2.30445;-11.4133;0.688985;0.290521;
-14.3948;1.38551;-11.1901;2.23137;1.01513;
-14.2106;1.84238;-11.0592;1.30956;0.617936;
-14.159;0.51559;-10.8097;2.49433;1.36696;
-14.0527;1.06303;-10.6346;1.75114;1.02521;
-14.0636;-0.108558;-10.3926;2.42048;1.61562;
-13.9815;0.820333;-10.1659;2.26624;1.22349;
-14.0756;-0.940542;-9.93695;2.29;1.96051;
-14.0331;0.424453;-9.69466;2.42291;1.39737;
-14.1123;-0.791246;-9.47466;2.20003;1.91604;
-14.0752;0.37065;-9.24177;2.32881;1.41296;
-14.162;-0.867755;-9.01062;2.31155;1.92992;
-14.1028;0.591811;-8.77477;2.35845;1.32494;
-14.1972;-0.943903;-8.5436;2.31169;1.95845;
-14.171;0.261433;-8.31287;2.30732;1.45797;
-14.3041;-1.33075;-8.10238;2.1049;2.13457;
-14.3101;-0.0594005;-7.87014;2.32245;1.59637;
-14.4739;-1.63858;-7.67524;1.949;2.26988;
-14.5337;-0.597969;-7.44359;2.31649;1.82342;
-14.6957;-1.62022;-7.27887;1.64723;2.34793;
-14.7545;-0.588029;-7.06153;2.17333;1.83503;
-14.9092;-1.54631;-6.89208;1.69457;2.31048;
-14.9614;-0.522086;-6.66382;2.28257;1.79566;
-15.1256;-1.64207;-6.49227;1.71551;2.33432;
-15.1681;-0.424734;-6.26247;2.29796;1.75356;
-15.3489;-1.8085;-6.08334;1.79137;2.36095;
-15.3725;-0.235984;-5.85618;2.27153;1.67431;
-15.5252;-1.5273;-5.67604;1.80142;2.27403;
-15.6101;-0.849018;-5.46897;2.07067;1.95991;
-15.7448;-1.3462;-5.30166;1.67313;2.24834;
-15.8162;-0.713931;-5.10208;1.99577;1.91433;
-16.0124;-1.96259;-4.95629;1.45796;2.50267;
-16.1108;-0.984278;-4.72453;2.31757;1.97242;
-16.3674;-2.56523;-4.61017;1.14363;2.72222;
-16.5194;-1.52052;-4.43974;1.70423;2.29929;
-16.7773;-2.57879;-4.42726;0.124888;3.0932;
-16.9495;-1.72244;-4.31141;1.15844;2.54952;
-17.2157;-2.66149;-4.35201;-0.405996;-2.99021;
-17.4084;-1.92765;-4.38451;-0.324983;-2.97457;
-17.5904;-1.81958;-4.44491;-0.604036;-2.82108;
-17.8025;-2.12047;-4.51296;-0.680421;-2.83109;
-17.9977;-1.9526;-4.59176;-0.788039;-2.758;
-18.1679;-1.70162;-4.70877;-1.17007;-2.53922;
-18.356;-1.88132;-4.78832;-0.795503;-2.74155;
-18.5136;-1.57586;-4.93985;-1.5153;-2.37578;
-18.7176;-2.04021;-5.01657;-0.767186;-2.78192;
-18.8614;-1.43776;-5.19523;-1.78664;-2.24841;
-19.0683;-2.06874;-5.28139;-0.861566;-2.74697;
-19.2102;-1.41921;-5.44771;-1.66325;-2.27719;
-19.3682;-1.58018;-5.54376;-0.960516;-2.59542;
-19.4985;-1.30296;-5.73422;-1.90462;-2.17077;
-19.7227;-2.24216;-5.79482;-0.605956;-2.87764;
-19.8749;-1.52145;-6.00126;-2.06444;-2.20591;
-20.024;-1.49112;-6.12052;-1.19258;-2.46698;
-20.1684;-1.44379;-6.26034;-1.39822;-2.37223;
-20.3317;-1.63328;-6.39188;-1.31541;-2.46358;
-20.4666;-1.34922;-6.52369;-1.31808;-2.36787;
-20.6137;-1.47141;-6.63274;-1.09052;-2.50379;
-20.7472;-1.33504;-6.8068;-1.74056;-2.2251;
-20.9407;-1.93416;-6.90637;-0.995655;-2.6662;
-21.0795;-1.38847;-7.10699;-2.00625;-2.17618;
-21.2952;-2.15686;-7.21953;-1.12537;-2.66069;
-21.4077;-1.12535;-7.43447;-2.14945;-2.05311;
-21.6172;-2.09502;-7.53513;-1.00653;-2.69372;
-21.7701;-1.5284;-7.75407;-2.18947;-2.18023;
-21.9342;-1.64135;-7.88494;-1.30862;-2.46851;
-22.0158;-0.816318;-8.07964;-1.94705;-1.96779;
-22.2154;-1.99572;-8.2165;-1.36863;-2.54047;
-22.3109;-0.954984;-8.42647;-2.09968;-1.99765;
-22.4608;-1.49891;-8.55744;-1.30965;-2.42348;
-22.5316;-0.707725;-8.76113;-2.03689;-1.9052;
-22.7009;-1.6928;-8.91499;-1.53865;-2.40386;
-22.7701;-0.692915;-9.13587;-2.20883;-1.87478;
-22.9211;-1.50975;-9.29448;-1.58601;-2.33156;
-22.9717;-0.50551;-9.51703;-2.22555;-1.79415;
-23.1174;-1.45701;-9.69052;-1.73487;-2.26936;
-23.176;-0.586716;-9.92347;-2.32952;-1.81753;
-23.3041;-1.28036;-10.0954;-1.71914;-2.21094;
-23.3262;-0.220992;-10.3236;-2.2826;-1.66731;
-23.4391;-1.12944;-10.5135;-1.89817;-2.10754;
-23.4823;-0.431293;-10.729;-2.15511;-1.76831;
-23.6061;-1.23894;-10.9139;-1.84889;-2.16117;
-23.6558;-0.496357;-11.151;-2.37126;-1.77714;
-23.7703;-1.14539;-11.3229;-1.71901;-2.15855;
-23.7849;-0.145425;-11.5133;-1.90437;-1.64701;
-23.9322;-1.4729;-11.7047;-1.91411;-2.22666;
-23.9854;-0.532744;-11.9173;-2.12523;-1.81641;
-24.1356;-1.50186;-12.0881;-1.70872;-2.29185;
-24.1689;-0.333239;-12.3178;-2.29674;-1.71488;
-24.3119;-1.42955;-12.5021;-1.84293;-2.23054;
-24.3718;-0.599301;-12.7001;-1.98042;-1.86465;
-24.5097;-1.37843;-12.884;-1.83819;-2.21422;
-24.5768;-0.671553;-13.076;-1.92073;-1.90714;
-24.7294;-1.52604;-13.2643;-1.88274;-2.25193;
-24.8392;-1.09755;-13.4489;-1.846;-2.1072;
-25.0058;-1.66648;-13.5999;-1.5099;-2.40545;
-25.1307;-1.24907;-13.7722;-1.7229;-2.19809;
-25.324;-1.93294;-13.8865;-1.14309;-2.60754;
-25.4535;-1.29513;-14.0579;-1.71357;-2.218;
-25.6543;-2.00782;-14.1525;-0.946604;-2.70104;
-25.8056;-1.51284;-14.3057;-1.53155;-2.35005;
-26.0171;-2.11497;-14.3966;-0.909113;-2.73562;
-26.1938;-1.76684;-14.5275;-1.3091;-2.50392;
-26.4033;-2.09487;-14.5928;-0.652622;-2.83959;
-26.5778;-1.74568;-14.7094;-1.16692;-2.55235;
-26.7926;-2.14746;-14.76;-0.505509;-2.9104;
-26.9893;-1.96674;-14.9012;-1.41248;-2.51877;
-27.2075;-2.18244;-14.9356;-0.343831;-2.98533;
-27.3954;-1.87851;-15.0483;-1.12718;-2.60115;
-27.6095;-2.14176;-15.0763;-0.279968;-3.01161;
-27.7965;-1.86974;-15.1935;-1.17142;-2.5819;
-28.0116;-2.15114;-15.2225;-0.290156;-3.00752;
-28.2148;-2.0314;-15.3242;-1.01696;-2.67745;
-28.4161;-2.01338;-15.3501;-0.259377;-3.01347;
-28.602;-1.85862;-15.4607;-1.10567;-2.60494;
-28.8309;-2.28979;-15.4763;-0.156332;-3.07342;
-29.0446;-2.1367;-15.5937;-1.1739;-2.63921;
-29.2548;-2.1019;-15.641;-0.472338;-2.92055;
-29.4535;-1.98674;-15.7035;-0.62535;-2.83665;
-29.6344;-1.80905;-15.7754;-0.719169;-2.76321;
-29.8165;-1.82145;-15.8497;-0.742599;-2.75447;
-29.9971;-1.80583;-15.9251;-0.754452;-2.74585;

29.8008;-2.02101;-16.0165;-0.913409;-2.71711;
29.6032;-1.97627;-16.0395;-0.230437;-3.02551;
29.4081;-1.9503;-16.1096;-0.70123;-2.79644;
29.2054;-2.02725;-16.1584;-0.487892;-2.90542;
29.0203;-1.85083;-16.2445;-0.860674;-2.70632;
28.8195;-2.00829;-16.2994;-0.549176;-2.87466;
28.639;-1.80506;-16.3826;-0.832014;-2.70968;
28.4422;-1.96831;-16.447;-0.644137;-2.82532;
28.253;-1.89203;-16.5469;-0.998941;-2.65582;
28.0703;-1.82646;-16.6415;-0.945544;-2.66389;
27.8734;-1.96949;-16.6982;-0.567775;-2.86092;
27.7052;-1.68156;-16.8163;-1.1805;-2.52951;
27.5048;-2.00448;-16.8582;-0.419504;-2.93529;
27.2867;-2.18074;-16.9604;-1.02169;-2.70345;
27.0672;-2.19488;-16.9659;-0.055198;-3.11645;
26.8695;-1.97653;-17.0727;-1.06783;-2.64626;
26.6573;-2.12221;-17.0952;-0.224932;-3.036;
26.4721;-1.85248;-17.1744;-0.792324;-2.73743;
26.2476;-2.24447;-17.1864;-0.119146;-3.08856;
26.0743;-1.7335;-17.2814;-0.950163;-2.64019;
25.8502;-2.24045;-17.2951;-0.137483;-3.08031;
25.6552;-1.95063;-17.406;-1.10882;-2.6247;
25.4615;-1.93636;-17.4199;-0.13922;-3.06982;
25.2617;-1.99835;-17.5367;-1.16829;-2.61255;
25.0538;-2.07944;-17.5665;-0.297819;-2.99934;
24.882;-1.7174;-17.6521;-0.856139;-2.67914;
24.6739;-2.08083;-17.695;-0.429016;-2.93827;
24.4905;-1.83478;-17.7951;-1.00074;-2.64227;
24.29;-2.00422;-17.8691;-0.740299;-2.78777;
24.1042;-1.85779;-17.9817;-1.1257;-2.59682;
23.9205;-1.83738;-18.0461;-0.643393;-2.80477;
23.7558;-1.64751;-18.1663;-1.2026;-2.51105;
23.5802;-1.75536;-18.267;-1.00642;-2.621;
23.4275;-1.52684;-18.4066;-1.3965;-2.40075;
23.2527;-1.74797;-18.5182;-1.11587;-2.57343;
23.112;-1.40698;-18.6451;-1.26895;-2.40773;
22.9654;-1.46625;-18.7826;-1.37524;-2.38821;
22.838;-1.27443;-18.9399;-1.57233;-2.25193;
22.6886;-1.49429;-19.0788;-1.38995;-2.39235;
22.5708;-1.17722;-19.2413;-1.62493;-2.19776;
22.4588;-1.12002;-19.4031;-1.61722;-2.17651;
22.3218;-1.37026;-19.548;-1.44911;-2.32823;
22.2186;-1.03227;-19.7689;-2.20927;-2.0079;
22.0986;-1.20021;-19.9462;-1.77324;-2.16581;
22.0317;-0.668141;-20.1413;-1.95113;-1.90072;
21.9066;-1.25135;-20.301;-1.59677;-2.2355;
21.8544;-0.522354;-20.5133;-2.12264;-1.81209;
21.7344;-1.20005;-20.6926;-1.79332;-2.16054;
21.689;-0.453829;-20.9045;-2.11937;-1.78174;
21.5779;-1.11118;-21.0517;-1.47136;-2.21762;
21.5378;-0.401112;-21.255;-2.03334;-1.76556;
21.4289;-1.08811;-21.4298;-1.74766;-2.12768;
21.3855;-0.433916;-21.6484;-2.18636;-1.76672;
21.308;-0.775968;-21.8349;-1.86432;-1.96521;
21.2543;-0.536267;-22.0294;-1.94586;-1.83971;
21.1495;-1.04823;-22.2086;-1.79129;-2.10025;
21.1367;-0.12846;-22.4216;-2.13001;-1.63103;
21.0277;-1.08952;-22.6157;-1.94091;-2.08231;
20.9804;-0.472874;-22.8211;-2.05419;-1.79705;
20.894;-0.864629;-23.0072;-1.86099;-2.00573;
20.8148;-0.791609;-23.2017;-1.94512;-1.9573;
20.7718;-0.430087;-23.4014;-1.99716;-1.78291;
20.6802;-0.915982;-23.5627;-1.61266;-2.08735;
20.662;-0.181789;-23.7742;-2.11522;-1.65653;
20.5611;-1.00942;-23.9412;-1.67043;-2.11436;
20.5641;0.030012;-24.1594;-2.18127;-1.55704;
20.4538;-1.10284;-24.3593;-1.99921;-2.0749;
20.4372;-0.165345;-24.5683;-2.09063;-1.64972;
20.3117;-1.25526;-24.767;-1.9868;-2.13427;
20.3087;-0.0297193;-24.9946;-2.27587;-1.58385;
20.1979;-1.10839;-25.1897;-1.95113;-2.08741;
20.201;0.0309456;-25.3948;-2.05109;-1.55571;
20.0868;-1.14179;-25.5877;-1.92911;-2.10522;
20.0628;-0.240642;-25.8011;-2.13368;-1.6831;
19.9957;-0.6705;-25.975;-1.73873;-1.93885;
19.9229;-0.728555;-26.1612;-1.86233;-1.9437;
19.8832;-0.396379;-26.3729;-2.11718;-1.75587;
19.8257;-0.574969;-26.5525;-1.79558;-1.88069;
19.7525;-0.732495;-26.7354;-1.82852;-1.95182;
19.6823;-0.701762;-26.9299;-1.94517;-1.91704;
19.6071;-0.751929;-27.0927;-1.62857;-2.00335;
19.5336;-0.734783;-27.2803;-1.87532;-1.94423;
19.4338;-0.997974;-27.4617;-1.8141;-2.07373;
19.3389;-0.949398;-27.616;-1.54322;-2.12232;
19.2392;-0.997066;-27.7778;-1.61779;-2.12313;
19.1123;-1.2693;-27.9391;-1.61354;-2.23735;
18.9954;-1.16882;-28.0864;-1.47307;-2.24153;
18.8765;-1.18826;-28.2443;-1.57906;-2.2159;
18.7359;-1.40628;-28.3811;-1.36763;-2.37013;
18.6161;-1.19795;-28.5482;-1.67118;-2.19273;
18.4816;-1.34476;-28.6811;-1.32909;-2.36206;
18.3379;-1.43715;-28.8254;-1.44234;-2.35439;
18.196;-1.41924;-28.969;-1.43598;-2.35033;
18.0531;-1.4286;-29.1098;-1.40845;-2.3633;
17.8891;-1.64007;-29.2653;-1.55511;-2.38278;
17.7536;-1.35497;-29.407;-1.41732;-2.33371;
17.6087;-1.44949;-29.5442;-1.37135;-2.38389;
17.4555;-1.53216;-29.6774;-1.33225;-2.42587;
17.2852;-1.70291;-29.7989;-1.21529;-2.52176;
17.1362;-1.48966;-29.9178;-1.18846;-2.46819;

16.9894;-1.46858;29.9771;-1.05147;-2.52022;
16.8169;-1.7246;29.8222;-1.54856;-2.40993;
16.6393;-1.77576;29.6866;-1.35574;-2.48952;
16.4702;-1.69172;29.595;-0.916152;-2.64526;
16.3115;-1.5863;29.4693;-1.25767;-2.47124;
16.1564;-1.55078;29.387;-0.822641;-2.65387;
15.9939;-1.62527;29.2728;-1.14169;-2.52922;
15.8111;-1.82788;29.1909;-0.819089;-2.72031;
15.6442;-1.6694;29.075;-1.15918;-2.53466;
15.4547;-1.89449;29.0146;-0.603586;-2.83316;
15.2814;-1.73369;28.8736;-1.41028;-2.4587;
15.0558;-2.25601;28.8364;-0.372614;-2.97791;
14.8927;-1.63029;28.6969;-1.39477;-2.4339;
14.6642;-2.28554;28.6433;-0.53569;-2.91137;
14.5297;-1.34501;28.4842;-1.59068;-2.27271;
14.2876;-2.42072;28.4317;-0.525291;-2.92791;
14.1055;-1.82084;28.2986;-1.33089;-2.51041;
13.894;-2.11528;28.245;-0.536091;-2.89338;
13.7099;-1.84067;28.1365;-1.08479;-2.60905;
13.4985;-2.11481;28.0934;-0.431114;-2.94049;
13.3045;-1.93933;28.0032;-0.902418;-2.70607;
13.1087;-1.95797;27.9514;-0.51815;-2.88289;
12.9216;-1.87104;27.8683;-0.830786;-2.72372;
12.7254;-1.96235;27.834;-0.342848;-2.96863;
12.5435;-1.81856;27.7444;-0.89617;-2.68373;
12.3284;-2.15091;27.746;0.0160209;3.13414;
12.1298;-1.98662;27.6397;-1.063;-2.65027;
11.9251;-2.04677;27.6244;-0.152593;-3.06718;
11.7308;-1.94308;27.5327;-0.917194;-2.70057;
11.5242;-2.06619;27.5287;-0.0400511;-3.12221;
11.3155;-2.08626;27.4246;-1.04131;-2.67865;
11.0812;-2.34373;27.4099;-0.146677;-3.07909;
10.8848;-1.96338;27.3175;-0.924509;-2.70151;
10.6711;-2.13743;27.3143;-0.0314691;-3.12687;
10.4489;-2.2221;27.1796;-1.34716;-2.59659;
10.2064;-2.42465;27.1944;0.148083;3.08059;
10.0117;-1.94713;27.075;-1.19448;-2.59134;
9.76963;-2.42072;27.0868;0.118231;3.09279;
9.56389;-2.05737;26.9746;-1.12185;-2.64238;
9.3445;-2.19392;26.9658;-0.0874942;-3.10173;
9.14396;-2.00545;26.8628;-1.03078;-2.66682;
8.93893;-2.05023;26.8978;0.350145;2.97244;
8.71437;-2.24563;26.7854;-1.12428;-2.67742;
8.48115;-2.33224;26.8066;0.212537;3.05071;
8.26574;-2.15404;26.7055;-1.01105;-2.70274;
8.02162;-2.44123;26.742;0.365423;2.99301;
7.79925;-2.22374;26.6481;-0.939552;-2.74183;
7.56208;-2.37169;26.6951;0.469981;2.94596;
7.34341;-2.18666;26.6118;-0.832418;-2.77785;
7.11288;-2.30531;26.6582;0.463398;2.94322;
6.91437;-1.9851;26.5914;-0.668327;-2.81684;
6.68746;-2.26908;26.6599;0.685313;2.84828;
6.45942;-2.2804;26.5847;-0.751343;-2.82331;
6.26176;-1.97663;26.6326;0.478903;2.90389;
6.04052;-2.21239;26.5492;-0.834647;-2.78084;
5.81397;-2.26553;26.6006;0.51456;2.91826;
5.59552;-2.18445;26.5288;-0.717998;-2.82403;
5.35186;-2.43666;26.5874;0.585804;2.90566;
5.12181;-2.30049;26.4861;-1.01317;-2.72674;
4.8885;-2.33307;26.5443;0.582412;2.89696;
4.6453;-2.43199;26.4623;-0.820338;-2.81627;
4.4212;-2.24106;26.5084;0.460731;2.93883;
4.19805;-2.23151;26.4166;-0.917419;-2.75154;
3.96077;-2.37279;26.4568;0.401235;2.97408;
3.75509;-2.05678;26.3708;-0.859886;-2.7456;
3.5181;-2.36991;26.4193;0.485779;2.93942;
3.30141;-2.16692;26.3436;-0.757467;-2.80531;
3.05979;-2.41615;26.4053;0.616552;2.89175;
2.83045;-2.29339;26.349;-0.562166;-2.90121;
2.60477;-2.25682;26.382;0.329341;2.99668;
2.39392;-2.10851;26.3528;-0.291206;-3.00435;
2.19482;-1.99103;26.418;0.651666;2.82528;
1.95497;-2.39846;26.3644;-0.535754;-2.92183;
1.72969;-2.25277;26.4251;0.606838;2.87846;
1.51145;-2.18244;26.3845;-0.406506;-2.95744;
1.29947;-2.11983;26.4836;0.991716;2.70401;
1.05256;-2.46908;26.4295;-0.541195;-2.92582;
0.827447;-2.25111;26.4988;0.692837;2.84302;
0.596623;-2.30825;26.4224;-0.7645;-2.82176;
0.374713;-2.2191;26.4704;0.480872;2.92819;
0.150383;-2.2433;26.3744;-0.960293;-2.73712;
-0.0773287;-2.27712;26.4323;0.579069;2.89257;
-0.322681;-2.45352;26.3044;-1.27893;-2.66108;
-0.526214;-2.03533;26.2443;-0.601506;-2.85424;
-0.697643;-1.71429;26.1312;-1.13057;-2.55857;
-0.908284;-2.10641;26.0894;-0.417872;-2.94575;
-1.08231;-1.74026;25.911;-1.78455;-2.34363;
-1.32609;-2.43781;25.847;-0.640304;-2.88474;
-1.48564;-1.59545;25.6612;-1.85721;-2.28052;
-1.69685;-2.1121;25.5817;-0.7957;-2.7813;
-1.8383;-1.41451;25.377;-2.0464;-2.17561;
-2.05045;-2.12157;25.2803;-0.967692;-2.71366;
-2.19064;-1.40184;25.0792;-2.01068;-2.17964;
-2.37194;-1.81307;24.9541;-1.25102;-2.53761;
-2.48596;-1.14019;24.7741;-1.79993;-2.13546;
-2.67401;-1.88041;24.6531;-1.21032;-2.5697;
-2.78956;-1.15556;24.466;-1.87037;-2.12422;
-2.98584;-1.96278;24.3416;-1.24407;-2.57667;
-3.07787;-0.920276;24.1726;-1.6905;-2.06932;
-3.28637;-2.08505;24.0575;-1.15105;-2.63718;
-3.40136;-1.14992;23.8511;-2.06355;-2.07919;
-3.61548;-2.14115;23.757;-0.940796;-2.7276;
-3.74033;-1.24855;23.5566;-2.00437;-2.1279;
-3.96748;-2.27146;23.4648;-0.917661;-2.75765;
-4.07812;-1.10643;23.2645;-2.00279;-2.07552;
-4.30852;-2.304;23.1363;-1.28213;-2.63379;
-4.4456;-1.37072;22.972;-1.643;-2.26609;
-4.65872;-2.13121;22.8816;-0.903882;-2.74047;
-4.81822;-1.59505;22.7161;-1.65551;-2.3376;
-5.01182;-1.93599;22.6239;-0.92237;-2.69697;
-5.133;-1.21175;22.4433;-1.80521;-2.16197;
-5.36572;-2.32729;22.3508;-0.924879;-2.76332;
-5.50677;-1.41044;22.17;-1.80863;-2.23312;
-5.72547;-2.18705;22.0725;-0.975234;-2.72214;
-5.86384;-1.38364;21.8984;-1.74069;-2.24241;
-6.07074;-2.06903;21.8174;-0.810147;-2.76838;
-6.20833;-1.37589;21.6161;-2.01263;-2.17045;
-6.43591;-2.27583;21.5512;-0.648772;-2.86389;
-6.58702;-1.51107;21.346;-2.05249;-2.20542;
-6.8216;-2.34576;21.254;-0.919582;-2.76799;
-6.98576;-1.64164;21.0768;-1.77226;-2.31795;
-7.1957;-2.09939;21.0011;-0.756559;-2.79571;
-7.35704;-1.61338;20.8596;-1.41517;-2.42155;
-7.58786;-2.30819;20.7991;-0.605614;-2.885;
-7.75141;-1.63549;20.6362;-1.62842;-2.35836;
-7.97237;-2.20962;20.5726;-0.636373;-2.86118;
-8.13588;-1.6351;20.4288;-1.43822;-2.42017;
-8.35389;-2.18016;20.3766;-0.521213;-2.90693;
-8.52618;-1.72289;20.2117;-1.649;-2.3781;
-8.7442;-2.18019;20.1706;-0.411721;-2.95494;
-8.91077;-1.66567;19.9889;-1.81707;-2.31275;
-9.1212;-2.1043;19.9097;-0.791673;-2.78176;
-9.28382;-1.62626;19.7327;-1.77009;-2.31387;
-9.48338;-1.99551;19.6346;-0.981301;-2.68456;
-9.63198;-1.486;19.4766;-1.57923;-2.32579;
-9.84275;-2.10778;19.397;-0.796375;-2.78035;
-9.98689;-1.44134;19.2473;-1.49716;-2.3372;
-10.1705;-1.83578;19.177;-0.703191;-2.77579;
-10.3334;-1.6297;19.0069;-1.70049;-2.33494;
-10.5489;-2.1547;18.9303;-0.766392;-2.79986;
-10.7009;-1.51974;18.771;-1.59285;-2.33271;
-10.9298;-2.28914;18.6626;-1.08415;-2.69928;
-11.0837;-1.53874;18.5192;-1.43368;-2.39152;
-11.2684;-1.8472;18.4466;-0.725881;-2.76717;
-11.4327;-1.64314;18.2947;-1.51933;-2.39532;
-11.6159;-1.83223;18.2229;-0.717778;-2.76822;
-11.752;-1.36124;18.0348;-1.8808;-2.19729;
-11.9804;-2.28399;17.9531;-0.816888;-2.79811;
-12.1333;-1.52851;17.8103;-1.42833;-2.39006;
-12.3377;-2.0443;17.7283;-0.819585;-2.7603;
-12.493;-1.55304;17.5702;-1.58191;-2.34698;
-12.7444;-2.51404;17.529;-0.411091;-2.97951;
-12.9547;-2.10298;17.4094;-1.1967;-2.62424;
-13.2101;-2.5533;17.4536;0.441979;2.97019;
-13.3972;-1.87094;17.3983;-0.552706;-2.85435;
-13.6285;-2.31343;17.5081;1.09824;2.69837;
-13.8423;-2.13769;17.5145;0.0637298;3.11179;
-14.0576;-2.15349;17.7113;1.96841;2.40106;
-14.2123;-1.54728;17.8334;1.22024;2.47382;
-14.3186;-1.06227;18.0266;1.93213;2.07348;
-14.4908;-1.72189;18.1487;1.22157;2.52456;
-14.5761;-0.85369;18.376;2.27215;1.9302;
-14.7144;-1.38285;18.5355;1.59502;2.28507;
-14.7757;-0.612567;18.7452;2.09746;1.85495;
-14.913;-1.37291;18.9099;1.64704;2.26567;
-14.9682;-0.552188;19.1243;2.14378;1.82289;
-15.1113;-1.43123;19.2986;1.74295;2.2583;
-15.163;-0.516859;19.5067;2.08143;1.81419;
-15.3097;-1.46659;19.6848;1.78103;2.25967;
-15.3639;-0.542364;19.8943;2.09483;1.82414;
-15.5119;-1.48049;20.0539;1.59546;2.31883;
-15.5823;-0.703972;20.2643;2.10498;1.89353;
-15.729;-1.46654;20.4262;1.61825;2.30705;
-15.8271;-0.981057;20.6338;2.07621;2.01222;
-15.9501;-1.23006;20.7944;1.60608;2.22438;
-16.0331;-0.830242;20.9831;1.88725;1.98524;
-16.1761;-1.42959;21.1297;1.46581;2.34369;
-16.257;-0.808794;21.3401;2.10424;1.93775;
-16.4124;-1.55474;21.4946;1.54479;2.3594;
-16.4983;-0.859126;21.6929;1.98321;1.97959;
-16.6383;-1.39923;21.831;1.38112;2.36271;
-16.7247;-0.864788;22.0447;2.13615;1.95546;
-16.8766;-1.51851;22.193;1.48352;2.36785;
-16.9638;-0.871633;22.4159;2.22934;1.94351;
-17.135;-1.71286;22.5657;1.49781;2.42307;
-17.2444;-1.09326;22.7762;2.10437;2.04994;
-17.3988;-1.54417;22.9384;1.62257;2.33144;
-17.4867;-0.878867;23.1324;1.94;1.99616;
-17.6353;-1.48573;23.2885;1.56056;2.33163;
-17.7373;-1.02069;23.4804;1.91913;2.0596;
-17.866;-1.28693;23.6403;1.59956;2.24831;
-17.9618;-0.957435;23.8361;1.95799;2.0256;
-18.1013;-1.39568;23.9914;1.55258;2.30303;
-18.1815;-0.8021;24.1864;1.95004;1.96103;
-18.312;-1.30438;24.3435;1.57061;2.26385;
-18.3825;-0.705015;24.5402;1.9674;1.91489;
-18.5299;-1.47443;24.7389;1.9868;2.20923;
-18.6059;-0.759364;24.9233;1.84363;1.96151;
-18.7328;-1.26965;25.0996;1.76347;2.1948;
-18.8093;-0.765285;25.3285;2.28878;1.89347;
-18.9533;-1.43994;25.4833;1.54787;2.32009;
-19.0121;-0.587171;25.7039;2.20615;1.83092;
-19.1342;-1.22116;25.8766;1.72744;2.18615;
-19.1898;-0.556221;26.0788;2.02137;1.83932;
-19.3173;-1.2746;26.2365;1.57776;2.25031;
-19.3555;-0.382902;26.459;2.22469;1.74124;
-19.469;-1.13453;26.6401;1.81134;2.13036;
-19.511;-0.420104;26.8504;2.10224;1.76803;
-19.6217;-1.10704;27.0372;1.86856;2.10565;
-19.6619;-0.40174;27.2459;2.087;1.76097;
-19.7788;-1.16914;27.4449;1.98977;2.10203;
-19.8256;-0.468469;27.6558;2.10859;1.78942;
-19.9274;-1.01793;27.8374;1.81646;2.08158;
-19.9702;-0.427902;28.0543;2.16937;1.76554;
-20.0935;-1.2325;28.2463;1.92003;2.14147;
-20.1147;-0.212453;28.4594;2.13055;1.67019;
-20.259;-1.44275;28.6409;1.81542;2.24231;
-20.3041;-0.45052;28.8474;2.06417;1.78568;
-20.4218;-1.17789;29.0268;1.79402;2.15178;
-20.4658;-0.439868;29.2212;1.94444;1.79327;
-20.5679;-1.0209;29.3977;1.7654;2.0951;
-20.6472;-0.792642;29.5856;1.87814;1.97015;
-20.7268;-0.796456;29.7703;1.84769;1.97778;
-20.7826;-0.557745;29.9767;2.0642;1.83469;

-20.8445;-0.619107;-29.8182;2.05106;1.86395;
-21.0431;-1.98545;-29.661;1.57148;2.47206;
-21.1439;-1.00792;-29.461;2.00025;2.03755;
-21.3094;-1.65544;-29.3032;1.57762;2.38026;
-21.4155;-1.06063;-29.1206;1.82663;2.09687;
-21.5652;-1.49738;-28.9571;1.63434;2.31249;
-21.6548;-0.896049;-28.7589;1.98259;1.99528;
-21.8085;-1.53693;-28.6004;1.58451;2.34095;
-21.8536;-0.451444;-28.4032;1.97249;1.79579;
-22.0175;-1.63902;-28.2256;1.77532;2.3163;
-22.1268;-1.0925;-28.0353;1.90368;2.09179;
-22.2287;-1.01924;-27.8602;1.75098;2.09795;
-22.301;-0.723224;-27.6901;1.70077;1.97287;
-22.4199;-1.18849;-27.5304;1.59705;2.21056;
-22.4875;-0.676575;-27.3263;2.04081;1.89092;
-22.6227;-1.35186;-27.1597;1.66628;2.25239;
-22.6895;-0.667298;-26.9537;2.05923;1.88417;
-22.7746;-0.851687;-26.7705;1.83288;2.00578;
-22.8268;-0.521704;-26.5627;2.07763;1.81682;
-22.9131;-0.862583;-26.3827;1.7995;2.01779;
-22.9681;-0.55023;-26.1853;1.97459;1.84256;
-23.0306;-0.625033;-25.9923;1.9303;1.88394;
-23.0773;-0.466764;-25.7964;1.95843;1.80477;
-23.1438;-0.665283;-25.6089;1.87561;1.91165;
-23.1738;-0.299697;-25.4064;2.02487;1.71774;
-23.2298;-0.559963;-25.2227;1.83634;1.86677;
-23.2553;-0.2553;-25.0214;2.01359;1.69691;
-23.3125;-0.57167;-24.8267;1.94667;1.85643;
-23.3513;-0.388253;-24.6298;1.96888;1.76549;
-23.3765;-0.252479;-24.4056;2.24196;1.68294;
-23.4313;-0.547774;-24.2179;1.8775;1.85467;
-23.4649;-0.335506;-24.019;1.98909;1.7379;
-23.5144;-0.495585;-23.8246;1.94398;1.82041;
-23.5268;-0.123917;-23.6005;2.24044;1.62605;
-23.5939;-0.670942;-23.4051;1.95406;1.90154;
-23.6125;-0.186388;-23.2047;2.00408;1.66353;
-23.6595;-0.469438;-23.0216;1.83127;1.82174;
-23.664;-0.0454591;-22.8458;1.75779;1.59665;
-23.7036;-0.395855;-22.6487;1.97083;1.76902;
-23.7264;-0.227531;-22.4609;1.87798;1.69137;
-23.7606;-0.3424;-22.2699;1.91002;1.74818;
-23.7857;-0.25143;-22.0713;1.98663;1.69669;
-23.8063;-0.205712;-21.8757;1.95524;1.67562;
-23.8382;-0.319218;-21.6527;2.23045;1.71295;
-23.8422;-0.0392211;-21.447;2.05719;1.58986;
-23.8737;-0.315794;-21.2312;2.15751;1.71613;
-23.8473;0.264884;-21.0205;2.107;1.44574;
-23.8533;-0.0608998;-20.8029;2.17605;1.59878;
-23.8474;0.0591707;-20.6026;2.00306;1.54126;
-23.8379;0.0954893;-20.4064;1.96219;1.52217;
-23.831;0.0687287;-20.2067;1.99733;1.5364;
-23.8202;0.107859;-20.0036;2.03088;1.51774;
-23.8136;0.065858;-19.8112;1.92347;1.53657;
-23.7825;0.310974;-19.6266;1.84584;1.40389;
-23.7609;0.216722;-19.431;1.95627;1.46046;
-23.7455;0.153691;-19.2255;2.05533;1.49616;
-23.7056;0.398565;-19.0266;1.98855;1.37299;
-23.688;0.176601;-18.8136;2.13001;1.48807;
-23.6445;0.434348;-18.6165;1.97161;1.35396;
-23.6141;0.304293;-18.4184;1.98095;1.41838;
-23.5623;0.518334;-18.2222;1.96208;1.31252;
-23.5267;0.355509;-18.0098;2.12331;1.4049;
-23.486;0.407094;-17.8194;1.90445;1.36021;
-23.4236;0.624284;-17.5942;2.25228;1.30041;
-23.3761;0.475402;-17.4007;1.93498;1.32988;
-23.3305;0.455718;-17.2182;1.82465;1.32605;
-23.276;0.545156;-17.0546;1.63555;1.24906;
-23.2037;0.722238;-16.8549;1.99702;1.22377;
-23.1476;0.561251;-16.6563;1.98669;1.29547;
-23.0691;0.785327;-16.4707;1.8559;1.17049;
-23.0093;0.597473;-16.2814;1.89306;1.26508;
-22.9086;1.00716;-16.1026;1.78795;1.0578;
-22.8391;0.694731;-15.9145;1.88111;1.21701;
-22.715;1.24144;-15.7488;1.65642;0.927634;
-22.6439;0.71093;-15.5624;1.86386;1.2064;
-22.4483;1.95645;-15.4305;1.31937;0.593315;
-22.3425;1.05788;-15.2162;2.14261;1.11217;
-22.1607;1.818;-15.118;0.981866;0.495195;
-22.0401;1.20597;-14.947;1.71097;0.956828;
-21.8141;2.26017;-14.8499;0.970151;0.405455;
-21.6847;1.29343;-14.6772;1.72694;0.927952;
-21.4503;2.34441;-14.6033;0.739198;0.305436;
-21.2812;1.69031;-14.4795;1.23825;0.632244;
-21.089;1.9222;-14.4032;0.762671;0.377719;
-20.9304;1.58584;-14.3057;0.975505;0.551472;
-20.72;2.10395;-14.2537;0.519957;0.24228;
-20.5604;1.59632;-14.1563;0.973829;0.547774;
-20.3653;1.95141;-14.1167;0.395899;0.200162;
-20.1699;1.95358;-14.0027;1.13975;0.528135;
-19.9623;2.07662;-13.9548;0.479643;0.226992;
-19.7519;2.1038;-13.8503;1.04465;0.460885;
-19.5552;1.96671;-13.7968;0.53475;0.265482;
-19.3838;1.71377;-13.6899;1.06894;0.55769;
-19.1729;2.1089;-13.6514;0.38585;0.180961;
-18.9963;1.76645;-13.5061;1.45233;0.688118;
-18.7671;2.29156;-13.4643;0.418425;0.180604;
-18.5923;1.748;-13.3165;1.47815;0.701949;
-18.3598;2.32488;-13.2599;0.565357;0.238546;
-18.192;1.67855;-13.1082;1.51771;0.735121;
-17.9608;2.31203;-13.0676;0.405682;0.173697;
-17.7832;1.77636;-12.9115;1.56081;0.720894;
-17.5418;2.414;-12.8646;0.468687;0.191768;
-17.3664;1.75356;-12.7191;1.4555;0.692784;
-17.136;2.30404;-12.6865;0.326345;0.140704;
-16.9567;1.79271;-12.535;1.51476;0.701559;
-16.6958;2.60915;-12.5063;0.28715;0.109614;
-16.5194;1.7641;-12.3419;1.64375;0.750096;
-16.2912;2.28194;-12.3038;0.381117;0.165487;
-16.1113;1.79892;-12.1754;1.28328;0.619638;
-15.8988;2.1252;-12.1366;0.388703;0.180903;
-15.7206;1.78215;-11.9724;1.64179;0.744427;
-15.4989;2.2166;-11.931;0.413547;0.184447;
-15.3314;1.67493;-11.7551;1.75961;0.810047;
-15.1122;2.19224;-11.6863;0.687731;0.303988;
-14.9827;1.29492;-11.5009;1.85454;0.961252;
-14.7755;2.07178;-11.4041;0.967986;0.437086;
-14.6648;1.10718;-11.1695;2.34558;1.12977;
-14.4649;1.99869;-11.0534;1.16063;0.526103;
-14.3884;0.765631;-10.7888;2.64665;1.2892;
-14.2775;1.10884;-10.5808;2.07982;1.08099;
-14.2593;0.181672;-10.3708;2.0999;1.4845;
-14.1552;1.04165;-10.185;1.85754;1.05972;
-14.1877;-0.325679;-9.94449;2.40555;1.70536;
-14.1172;0.705701;-9.72778;2.1671;1.25598;
-14.2086;-0.914755;-9.52294;2.04844;1.99079;
-14.1606;0.480159;-9.27415;2.48782;1.38014;
-14.2206;-0.599709;-9.0515;2.22654;1.8339;
-14.1781;0.425392;-8.82396;2.27542;1.38598;
-14.2764;-0.983733;-8.58944;2.34515;1.96798;
-14.2569;0.194865;-8.35092;2.38525;1.48928;
-14.3874;-1.30458;-8.15159;1.99324;2.15033;
-14.4074;-0.200336;-7.92158;2.30017;1.65767;
-14.5235;-1.16028;-7.71814;2.03435;2.08912;
-14.546;-0.225776;-7.50789;2.10253;1.67777;
-14.7015;-1.55438;-7.32347;1.84422;2.27112;
-14.7523;-0.508348;-7.10494;2.18528;1.79935;
-14.8965;-1.44165;-6.91789;1.87051;2.22743;
-14.945;-0.484849;-6.67062;2.47268;1.76442;
-15.1275;-1.82558;-6.49658;1.74041;2.38008;
-15.171;-0.434768;-6.27795;2.18624;1.7671;
-15.3293;-1.58313;-6.10643;1.71528;2.31615;
-15.3853;-0.560001;-5.89502;2.11404;1.82974;
-15.5665;-1.81175;-5.7245;1.70521;2.38648;
-15.642;-0.754948;-5.5131;2.11406;1.91379;
-15.8383;-1.96348;-5.37127;1.4183;2.51603;
-15.9386;-1.00314;-5.17671;1.94558;2.04685;
-16.1686;-2.29924;-5.04951;1.27201;2.63627;
-16.2885;-1.19952;-4.86579;1.83712;2.14923;
-16.5415;-2.52979;-4.79188;0.739188;2.85731;
-16.7146;-1.73081;-4.66822;1.23656;2.52124;
-16.9791;-2.6457;-4.67509;-0.0687048;-3.11563;
-17.172;-1.92832;-4.59615;0.789383;2.75304;
-17.4249;-2.5292;-4.6535;-0.573489;-2.91862;
-17.6377;-2.12847;-4.63652;0.169769;3.062;
-17.8487;-2.10965;-4.75265;-1.16125;-2.63841;
-18.0926;-2.43858;-4.76556;-0.129157;-3.08868;
-18.2925;-1.99943;-4.93822;-1.72655;-2.4293;
-18.5067;-2.14222;-4.99102;-0.527951;-2.89996;
-18.6697;-1.62965;-5.15548;-1.64469;-2.3516;
-18.8813;-2.11626;-5.21394;-0.584546;-2.8721;
-19.0374;-1.56044;-5.41303;-1.99094;-2.23556;
-19.2582;-2.2086;-5.49599;-0.829577;-2.78229;
-19.3976;-1.3939;-5.67281;-1.76817;-2.23838;
-19.6038;-2.06176;-5.77016;-0.973517;-2.70045;
-19.7382;-1.34437;-5.95184;-1.81681;-2.20785;
-19.955;-2.16741;-6.02612;-0.742804;-2.81142;
-20.0899;-1.34938;-6.2263;-2.00178;-2.16392;
-20.2851;-1.95155;-6.35873;-1.32433;-2.54537;
-20.4161;-1.31073;-6.55037;-1.91641;-2.17067;
-20.614;-1.97893;-6.64956;-0.991866;-2.67698;
-20.7501;-1.3606;-6.83773;-1.88172;-2.19683;
-20.9559;-2.05787;-6.91813;-0.803991;-2.76914;
-21.0938;-1.37947;-7.11991;-2.01781;-2.17046;
-21.2896;-1.9579;-7.22518;-1.05266;-2.64828;
-21.3943;-1.04647;-7.40322;-1.7804;-2.10217;
-21.5972;-2.02915;-7.52469;-1.2147;-2.60218;
-21.7004;-1.03247;-7.73593;-2.11247;-2.0254;
-21.8789;-1.78432;-7.86908;-1.33148;-2.50052;
-21.9799;-1.01098;-8.07522;-2.06136;-2.02677;
-22.1526;-1.72679;-8.21172;-1.36504;-2.47267;
-22.2416;-0.88992;-8.41961;-2.07889;-1.97527;
-22.4107;-1.69083;-8.56458;-1.44966;-2.43284;
-22.4793;-0.685527;-8.76599;-2.01411;-1.89886;
-22.6449;-1.65646;-8.92066;-1.54671;-2.39044;
-22.6995;-0.545798;-9.14197;-2.21312;-1.81259;
-22.8785;-1.79024;-9.27698;-1.35005;-2.49546;
-22.9443;-0.657491;-9.51816;-2.41186;-1.83694;
-23.0742;-1.29933;-9.70227;-1.84106;-2.18537;
-23.1324;-0.581699;-9.90765;-2.05384;-1.84679;
-23.2468;-1.14491;-10.081;-1.73397;-2.15437;
-23.2888;-0.419197;-10.2914;-2.10311;-1.76754;
-23.4213;-1.32531;-10.4645;-1.73179;-2.22401;
-23.4713;-0.500081;-10.6979;-2.33332;-1.78192;
-23.5871;-1.15828;-10.8677;-1.69788;-2.16947;
-23.6289;-0.417935;-11.081;-2.13354;-1.76424;
-23.7609;-1.32017;-11.252;-1.70999;-2.22825;
-23.7864;-0.25466;-11.4886;-2.36558;-1.67804;
-23.9361;-1.4965;-11.6692;-1.80643;-2.26263;
-23.9817;-0.456268;-11.8775;-2.08241;-1.78649;
-24.1297;-1.48051;-12.0503;-1.72859;-2.27904;
-24.1719;-0.421781;-12.2832;-2.32906;-1.74995;
-24.3485;-1.76554;-12.4695;-1.86239;-2.32951;
-24.4158;-0.673502;-12.6782;-2.08768;-1.88286;
-24.5557;-1.39846;-12.8526;-1.744;-2.24668;
-24.6289;-0.732696;-13.0626;-2.09996;-1.9065;
-24.8146;-1.8568;-13.2106;-1.47937;-2.46885;
-24.8959;-0.813164;-13.4292;-2.18624;-1.92689;
-25.1055;-2.09584;-13.563;-1.3386;-2.57321;
-25.2124;-1.06892;-13.7521;-1.89036;-2.08543;
-25.4182;-2.05819;-13.855;-1.02946;-2.6778;
-25.5505;-1.3229;-14.0224;-1.67356;-2.2397;
-25.7685;-2.17971;-14.0876;-0.652517;-2.85072;
-25.9097;-1.41255;-14.2824;-1.94719;-2.19839;
-26.1221;-2.12385;-14.356;-0.736979;-2.80759;
-26.2803;-1.58153;-14.5067;-1.50657;-2.38046;
-26.4977;-2.1741;-14.5669;-0.601674;-2.8716;
-26.6623;-1.64627;-14.7123;-1.45473;-2.41788;
-26.8818;-2.19475;-14.7548;-0.424635;-2.95048;
-27.0625;-1.8068;-14.8936;-1.38787;-2.48658;
-27.2867;-2.24201;-14.9491;-0.554985;-2.89893;
-27.4667;-1.79973;-15.0514;-1.02265;-2.62486;
-27.6788;-2.12174;-15.0755;-0.241156;-3.02842;
-27.8647;-1.85831;-15.1976;-1.22103;-2.56027;
-28.0788;-2.14098;-15.2126;-0.150463;-3.07143;
-28.262;-1.8329;-15.336;-1.2335;-2.54923;
-28.469;-2.0691;-15.3742;-0.382323;-2.95888;
-28.6547;-1.85787;-15.4667;-0.924697;-2.67977;
-28.8662;-2.11477;-15.5043;-0.37601;-2.96563;
-29.0414;-1.75155;-15.6129;-1.08594;-2.58661;
-29.2612;-2.19875;-15.6589;-0.460752;-2.93503;
-29.4371;-1.75885;-15.7403;-0.813824;-2.70822;
-29.6245;-1.87352;-15.7903;-0.500086;-2.88075;
-29.816;-1.91501;-15.8398;-0.494973;-2.88866;

29.9954;-1.88664;-15.8954;-0.555229;-2.85538;
29.8058;-1.89568;-15.9657;-0.703228;-2.78637;
29.6049;-2.00882;-16.037;-0.71362;-2.80025;
29.4142;-1.90677;-16.0913;-0.543033;-2.86415;
29.2074;-2.06785;-16.1629;-0.715058;-2.80867;
29.0227;-1.84753;-16.2392;-0.763372;-2.74977;
28.8377;-1.84941;-16.3018;-0.625702;-2.81536;
28.6762;-1.6156;-16.3778;-0.760543;-2.70162;
28.4734;-2.02787;-16.4134;-0.356284;-2.96767;
28.3034;-1.69964;-16.5362;-1.22778;-2.51601;
28.079;-2.24419;-16.5729;-0.366834;-2.97957;
27.8959;-1.83078;-16.7056;-1.32667;-2.51452;
27.6636;-2.32352;-16.7337;-0.28144;-3.02105;
27.4747;-1.88905;-16.8538;-1.20045;-2.5755;
27.2635;-2.11191;-16.8975;-0.437867;-2.93716;
27.0417;-2.21744;-16.9814;-0.838738;-2.77998;
26.8485;-1.93279;-17.0443;-0.628975;-2.82698;
26.6521;-1.96408;-17.0929;-0.485356;-2.89933;
26.485;-1.67088;-17.1889;-0.960474;-2.61988;
26.2783;-2.06623;-17.215;-0.260645;-3.01611;
26.0883;-1.90022;-17.3025;-0.87513;-2.71001;
25.8746;-2.13727;-17.3291;-0.266258;-3.01765;
25.6806;-1.93976;-17.4269;-0.97787;-2.67466;
25.4572;-2.23429;-17.4261;0.00762997;3.13818;
25.2539;-2.0331;-17.5463;-1.20126;-2.60793;
25.0474;-2.06484;-17.5626;-0.163537;-3.06256;
24.874;-1.73369;-17.6488;-0.861534;-2.6804;
24.6893;-1.84722;-17.7286;-0.797969;-2.73382;
24.5253;-1.64034;-17.8192;-0.90666;-2.63666;
24.3477;-1.77595;-17.9197;-1.00481;-2.62671;
24.1651;-1.82581;-17.9985;-0.787914;-2.73419;
23.9919;-1.73221;-18.093;-0.944928;-2.64221;
23.8173;-1.74574;-18.2086;-1.15568;-2.55683;
23.6733;-1.44025;-18.3247;-1.16104;-2.46312;
23.5022;-1.71127;-18.4121;-0.874275;-2.66927;
23.3555;-1.46659;-18.5637;-1.51642;-2.33949;
23.1826;-1.72933;-18.674;-1.10254;-2.57401;
23.0552;-1.27387;-18.8417;-1.67761;-2.22024;
22.9075;-1.47707;-18.9668;-1.251;-2.43887;
22.7653;-1.42118;-19.1149;-1.48079;-2.33566;
22.6186;-1.46777;-19.2859;-1.70983;-2.28016;
22.512;-1.0657;-19.4541;-1.68142;-2.13571;
22.3576;-1.54401;-19.6081;-1.54011;-2.35746;
22.2769;-0.806829;-19.8164;-2.08324;-1.9403;
22.1197;-1.57196;-19.9807;-1.64301;-2.3341;
22.0636;-0.560907;-20.1921;-2.11439;-1.8301;
21.9385;-1.251;-20.34;-1.47921;-2.2728;
21.8928;-0.456848;-20.5252;-1.85151;-1.81271;
21.7661;-1.26715;-20.7163;-1.91148;-2.1562;
21.7086;-0.575516;-20.9185;-2.02158;-1.84815;
21.6047;-1.03914;-21.1073;-1.88755;-2.07404;
21.5403;-0.643303;-21.2968;-1.89577;-1.89794;
21.4453;-0.950657;-21.4758;-1.78924;-2.05919;
21.3958;-0.494617;-21.6713;-1.95573;-1.81851;
21.3129;-0.828777;-21.8832;-2.11899;-1.94362;
21.2289;-0.839984;-22.0535;-1.70249;-2.02914;
21.1803;-0.486035;-22.2603;-2.06782;-1.80165;
21.0999;-0.803987;-22.442;-1.81733;-1.98731;
21.051;-0.488953;-22.626;-1.84042;-1.83047;
20.9707;-0.803701;-22.8132;-1.87115;-1.97649;
20.9153;-0.553655;-23.0275;-2.14375;-1.82354;
20.8313;-0.84004;-23.2337;-2.06185;-1.95768;
20.7664;-0.64893;-23.4228;-1.89091;-1.90139;
20.717;-0.494247;-23.6025;-1.79725;-1.83916;
20.6417;-0.753076;-23.7895;-1.86982;-1.95367;
20.606;-0.356638;-23.9711;-1.81638;-1.76468;
20.5509;-0.550713;-24.1678;-1.96672;-1.84382;
20.4722;-0.78763;-24.3586;-1.90814;-1.96227;
20.4251;-0.471032;-24.5378;-1.79173;-1.82787;
20.3595;-0.655377;-24.7189;-1.81088;-1.91804;
20.3309;-0.286061;-24.9088;-1.89946;-1.72027;
20.2412;-0.896769;-25.0753;-1.66489;-2.06487;
20.2102;-0.310971;-25.2835;-2.08163;-1.71909;
20.1076;-1.02579;-25.4623;-1.78776;-2.09171;
20.081;-0.265351;-25.6773;-2.1502;-1.69358;
19.9691;-1.11921;-25.8705;-1.93259;-2.09572;
19.9428;-0.263563;-26.0869;-2.16353;-1.69202;
19.8628;-0.799708;-26.282;-1.95063;-1.95987;
19.817;-0.457504;-26.4726;-1.90662;-1.8063;
19.7245;-0.924973;-26.6591;-1.86459;-2.0313;
19.6688;-0.557849;-26.87;-2.10923;-1.82936;
19.5675;-1.01239;-27.0479;-1.77912;-2.08814;
19.4906;-0.769137;-27.2347;-1.86784;-1.96142;
19.3753;-1.15302;-27.4069;-1.72226;-2.16074;
19.3023;-0.729574;-27.6013;-1.94324;-1.92995;
19.126;-1.76308;-27.7444;-1.43188;-2.45949;
19.0164;-1.09604;-27.9653;-2.20845;-2.03147;
18.875;-1.4141;-28.0939;-1.28583;-2.40367;
18.7572;-1.17859;-28.2661;-1.72251;-2.17086;
18.6058;-1.51405;-28.4098;-1.4363;-2.38254;
18.4861;-1.19651;-28.5543;-1.44565;-2.26218;
18.3466;-1.39496;-28.7054;-1.51128;-2.31619;
18.2431;-1.03553;-28.8549;-1.4941;-2.17686;
18.0833;-1.598;-28.9893;-1.34412;-2.44227;
17.9791;-1.04129;-29.1475;-1.58243;-2.1528;
17.8223;-1.56854;-29.2836;-1.36047;-2.42711;
17.7004;-1.21846;-29.4406;-1.57032;-2.23069;
17.5758;-1.24618;-29.6189;-1.78306;-2.18078;
17.4305;-1.45268;-29.7582;-1.39289;-2.3772;
17.2829;-1.47688;-29.8927;-1.34532;-2.40277;

17.1204;-1.62435;29.9676;-1.39693;-2.43133;
16.9075;-2.12918;29.8672;-1.00403;-2.70096;
16.7461;-1.61378;29.7285;-1.38704;-2.43161;
16.5524;-1.93748;29.6526;-0.759329;-2.76807;
16.3976;-1.54787;29.5111;-1.41452;-2.40118;
16.1939;-2.03655;29.4375;-0.736191;-2.79472;
16.0252;-1.6874;29.2977;-1.3978;-2.44979;
15.8267;-1.98479;29.229;-0.687478;-2.80815;
15.6476;-1.79078;29.111;-1.17979;-2.55905;
15.4626;-1.85017;29.0299;-0.810479;-2.72871;
15.2612;-2.01377;28.9265;-1.03451;-2.66703;
15.0929;-1.68355;28.8343;-0.921909;-2.6406;
14.9202;-1.72733;28.747;-0.873039;-2.67361;
14.7494;-1.70796;28.6402;-1.06765;-2.58292;
14.5506;-1.98756;28.5748;-0.654382;-2.82353;
14.3767;-1.73898;28.4562;-1.18559;-2.5432;
14.1681;-2.08583;28.422;-0.341696;-2.97922;
14.0126;-1.55566;28.2852;-1.36855;-2.42009;
