#1 AntPos X	#2 AntVel X	#3 AntPos Y	#4 AntVel Y	#5 AntAngle	
-11.5518;1.20066;2.05827;1.89897;1.00699;
-11.4322;1.19631;2.2216;1.63335;0.938637;
-11.3015;1.3067;2.38298;1.61384;0.890178;
-11.1919;1.09596;2.53906;1.56081;0.958612;
-11.0768;1.15156;2.70139;1.62321;0.953767;
-10.9609;1.15863;2.85451;1.53122;0.923038;
-10.842;1.18907;3.01355;1.59038;0.928794;
-10.7095;1.32522;3.16703;1.53485;0.858564;
-10.5664;1.43107;3.31931;1.52282;0.816451;
-10.4372;1.29229;3.45853;1.39221;0.8226;
-10.3056;1.31585;3.61561;1.57076;0.873476;
-10.1802;1.25362;3.76566;1.50047;0.874791;
-10.0506;1.29586;3.91633;1.50669;0.860483;
-9.93484;1.15784;4.06892;1.52596;0.92171;
-9.8122;1.22639;4.21564;1.46714;0.874543;
-9.68548;1.26717;4.36948;1.53844;0.881788;
-9.55661;1.28874;4.52315;1.53668;0.872926;
-9.44185;1.14761;4.67187;1.48719;0.913572;
-9.3192;1.22652;4.82929;1.57426;0.908925;
-9.21733;1.01868;4.99461;1.65319;1.01856;
-9.1833;0.340316;5.21143;2.16821;1.41511;
-9.14732;0.359758;5.41637;2.04934;1.39702;
-9.12823;0.190878;5.61349;1.97122;1.47426;
-9.16597;-0.377382;5.81891;2.05422;1.75248;
-9.20908;-0.431043;6.00891;1.9;1.79388;
-9.2575;-0.484232;6.21102;2.0211;1.80595;
-9.2802;-0.226966;6.38281;1.71787;1.70216;
-9.37658;-0.963889;6.56316;1.80351;2.06162;
-9.46717;-0.905874;6.74265;1.79489;2.03819;
-9.55756;-0.903923;6.91721;1.74563;2.0486;
-9.65451;-0.969428;7.09029;1.7308;2.08136;
-9.76616;-1.11648;7.26703;1.76738;2.13421;
-9.87028;-1.04126;7.4445;1.77472;2.10139;
-9.97201;-1.01727;7.61731;1.72807;2.10285;
-10.0973;-1.25292;7.78037;1.63057;2.22597;
-10.2471;-1.49754;7.93441;1.54042;2.34208;
-10.3711;-1.24055;8.06267;1.28257;2.33954;
-10.5062;-1.35123;8.20435;1.41683;2.3325;
-10.6873;-1.81094;8.3417;1.37351;2.49271;
-10.8365;-1.49195;8.48182;1.40123;2.38754;
-10.9907;-1.54189;8.61451;1.32694;2.43098;
-11.1432;-1.52452;8.74414;1.2963;2.43693;
-11.3036;-1.60465;8.87014;1.25992;2.47596;
-11.4703;-1.66624;8.96069;0.905534;2.64378;
-11.5947;-1.24416;9.12847;1.67782;2.20886;
-11.7048;-1.10168;9.31193;1.83456;2.1116;
-11.8094;-1.04565;9.48166;1.69737;2.12293;
-11.9113;-1.01946;9.65778;1.76116;2.09553;
-12.001;-0.896082;9.83875;1.80973;2.03055;
-12.0925;-0.915831;10.0035;1.64738;2.07818;
-12.1886;-0.960655;10.1771;1.73644;2.07612;
-12.2763;-0.876778;10.3829;2.0581;1.97352;
-12.3642;-0.878742;10.5721;1.89167;2.00567;
-12.4361;-0.719183;10.747;1.74935;1.96085;
-12.5361;-1.00032;10.9354;1.88315;2.05909;
-12.6221;-0.859734;11.1097;1.74339;2.02894;
-12.7208;-0.987696;11.2966;1.86944;2.05686;
-12.8256;-1.04741;11.4593;1.6263;2.14298;
-12.9317;-1.06112;11.6253;1.66074;2.13936;
-13.046;-1.14332;11.794;1.68603;2.16668;
-13.159;-1.13013;11.9647;1.70715;2.15556;
-13.2698;-1.10761;12.1337;1.69022;2.15089;
-13.3841;-1.14298;12.2857;1.5206;2.21536;
-13.5145;-1.30431;12.4615;1.75709;2.20936;
-13.6341;-1.19607;12.6152;1.53743;2.23196;
-13.7209;-0.867631;12.7944;1.79193;2.02171;
-13.8059;-0.850124;12.9768;1.82414;2.00691;
-13.8894;-0.835223;13.1576;1.80814;2.00352;
-13.9553;-0.658596;13.352;1.94423;1.89741;
-14.0146;-0.592773;13.5461;1.94034;1.86729;
-14.0656;-0.510207;13.7359;1.8981;1.83339;
-14.1123;-0.466883;13.9202;1.84274;1.81894;
-14.1736;-0.612858;14.109;1.88816;1.88465;
-14.2068;-0.332336;14.2951;1.86168;1.74745;
-14.2394;-0.325856;14.4927;1.97562;1.73426;
-14.2678;-0.283943;14.6997;2.07034;1.70709;
-14.2956;-0.278054;14.8926;1.92824;1.71401;
-14.3031;-0.0750325;15.0941;2.01502;1.60802;
-14.3155;-0.123931;15.3042;2.10092;1.62972;
-14.3273;-0.118527;15.5037;1.99586;1.63011;
-14.3285;-0.0117978;15.7112;2.07432;1.57648;
-14.3238;0.0473442;15.9167;2.05505;1.54776;
-14.3224;0.0134187;16.1218;2.05102;1.56425;
-14.3337;-0.11231;16.336;2.14261;1.62317;
-14.3399;-0.0621427;16.5066;1.70508;1.60723;
-14.3397;0.00186449;16.6924;1.85878;1.56979;
-14.3419;-0.0218983;16.9018;2.09416;1.58125;
-14.3427;-0.00830996;17.0971;1.95276;1.57505;
-14.37;-0.273026;17.3025;2.05328;1.70299;
-14.3845;-0.144866;17.5158;2.1339;1.63858;
-14.4235;-0.38983;17.7001;1.84276;1.77927;
-14.4618;-0.383392;17.8762;1.76093;1.78517;
-14.4976;-0.357816;18.0735;1.97249;1.75025;
-14.531;-0.333418;18.2702;1.96705;1.7387;
-14.5609;-0.2991;18.4793;2.09088;1.71288;
-14.5945;-0.336511;18.6821;2.02823;1.73521;
-14.6297;-0.351381;18.8835;2.01419;1.74351;
-14.7178;-0.881468;19.0714;1.87872;2.00949;
-14.8163;-0.984615;19.2571;1.85729;2.05826;
-14.9203;-1.03992;19.4254;1.68277;2.12433;
-15.0268;-1.06572;19.5927;1.67354;2.13784;
-15.133;-1.06176;19.7599;1.67156;2.13669;
-15.259;-1.26024;19.9339;1.7402;2.19758;
-15.3741;-1.15065;20.0977;1.63823;2.18311;
-15.4696;-0.954979;20.2629;1.65195;2.09495;
-15.5831;-1.13551;20.4428;1.79918;2.13379;
-15.6815;-0.983848;20.6167;1.73879;2.08571;
-15.7837;-1.02199;20.7958;1.79127;2.08927;
-15.8817;-0.97955;20.9694;1.73568;2.0846;
-15.9801;-0.984624;21.1432;1.73811;2.08621;
-16.0792;-0.990171;21.317;1.73775;2.08872;
-16.1986;-1.19419;21.4846;1.67592;2.1899;
-16.2943;-0.95712;21.6449;1.60341;2.10895;
-16.4151;-1.20769;21.8083;1.63324;2.20751;
-16.522;-1.06909;21.9664;1.58142;2.16525;
-16.6191;-0.971577;22.1335;1.67084;2.09749;
-16.7185;-0.993365;22.2889;1.55448;2.13943;
-16.8512;-1.32726;22.4567;1.67767;2.24011;
-16.9745;-1.23264;22.6134;1.56719;2.23727;
-17.0964;-1.21965;22.7742;1.60799;2.21971;
-17.221;-1.24571;22.9327;1.58482;2.23696;
-17.3455;-1.24526;23.0866;1.53878;2.25115;
-17.486;-1.40473;23.249;1.62411;2.28389;
-17.6292;-1.4316;23.3939;1.44927;2.35006;
-17.7582;-1.2903;23.5636;1.69652;2.22102;
-17.8804;-1.22209;23.7248;1.612;2.21947;
-18.0055;-1.25113;23.8919;1.67162;2.21331;
-18.1244;-1.18858;24.0528;1.60885;2.20708;
-18.2429;-1.1853;24.2168;1.64032;2.19653;
-18.3552;-1.12263;24.3628;1.45975;2.22638;
-18.4755;-1.20365;24.523;1.60215;2.21511;
-18.5915;-1.15964;24.6856;1.6253;2.19052;
-18.7306;-1.39108;24.8349;1.49296;2.32089;
-18.8597;-1.29148;24.9794;1.44491;2.30018;
-18.9911;-1.31381;25.1268;1.47429;2.2987;
-19.1134;-1.22315;25.283;1.5624;2.235;
-19.2311;-1.17653;25.4526;1.69612;2.17725;
-19.3394;-1.08358;25.6178;1.65136;2.1515;
-19.4134;-0.739288;25.7832;1.65447;1.99102;
-19.4689;-0.555535;25.9556;1.72352;1.88261;
-19.5391;-0.701452;26.1401;1.84567;1.93399;
-19.608;-0.68884;26.3262;1.86015;1.92545;
-19.6769;-0.689333;26.5087;1.82519;1.93191;
-19.7511;-0.74185;26.6995;1.9082;1.94158;
-19.825;-0.739194;26.8908;1.91323;1.93949;
-19.8825;-0.575453;27.0922;2.01346;1.84918;
-19.9258;-0.432071;27.2971;2.04941;1.77858;
-19.9664;-0.406006;27.4944;1.97292;1.77375;
-20.0013;-0.349184;27.6896;1.9522;1.74779;
-20.041;-0.397581;27.8804;1.9076;1.77627;
-20.0741;-0.330825;28.0286;1.48274;1.79032;
-20.127;-0.5293;28.2245;1.95837;1.83477;
-20.1742;-0.471483;28.3925;1.68057;1.84431;
-20.217;-0.427721;28.5803;1.87764;1.79477;
-20.2658;-0.48884;28.7742;1.93874;1.81779;
-20.3144;-0.486038;28.9679;1.93734;1.8166;
-20.3765;-0.620299;29.1592;1.91273;1.88439;
-20.4467;-0.701981;29.3348;1.75574;1.95115;
-20.523;-0.763639;29.5381;2.033;1.93011;
-20.5941;-0.711064;29.7213;1.83246;1.94095;
-20.6595;-0.653346;29.9028;1.81508;1.91631;

-20.727;-0.675311;-29.9006;1.96537;1.90176;
-20.8617;-1.34643;-29.7211;1.79561;2.2142;
-20.9889;-1.27274;-29.5871;1.33988;2.3305;
-21.0969;-1.08007;-29.4455;1.41627;2.22232;
-21.1993;-1.02372;-29.2962;1.49309;2.17182;
-21.3123;-1.12954;-29.1314;1.6479;2.17168;
-21.4141;-1.01792;-28.9719;1.59493;2.13885;
-21.5378;-1.23708;-28.8092;1.62695;2.2209;
-21.6635;-1.25775;-28.653;1.56149;2.24887;
-21.824;-1.60489;-28.5173;1.35743;2.43954;
-21.964;-1.39982;-28.3861;1.312;2.38857;
-22.1044;-1.4043;-28.253;1.3309;2.38302;
-22.2477;-1.43212;-28.1244;1.28631;2.40978;
-22.3945;-1.46836;-27.9794;1.45003;2.36247;
-22.4972;-1.02711;-27.8237;1.55715;2.1539;
-22.6172;-1.19963;-27.6719;1.51727;2.23981;
-22.7011;-0.839084;-27.4853;1.86633;1.99331;
-22.7716;-0.705223;-27.3027;1.82552;1.93945;
-22.8425;-0.709078;-27.1374;1.65365;1.97588;
-22.9285;-0.860273;-26.9589;1.78514;2.01987;
-23.0193;-0.907997;-26.7843;1.74602;2.05035;
-23.0535;-0.341956;-26.5899;1.94394;1.74492;
-23.0875;-0.340001;-26.3961;1.93773;1.74449;
-23.1324;-0.449215;-26.1834;2.12653;1.77898;
-23.1646;-0.321374;-25.9923;1.91101;1.73741;
-23.1964;-0.317894;-25.7955;1.96815;1.73093;
-23.1992;-0.0284309;-25.6128;1.8273;1.58635;
-23.2023;-0.0311076;-25.4051;2.07664;1.58577;
-23.2168;-0.144808;-25.2108;1.94314;1.64518;
-23.2245;-0.0768639;-25.0186;1.92208;1.61077;
-23.2504;-0.259116;-24.8209;1.97672;1.70114;
-23.2792;-0.287845;-24.6189;2.02083;1.71228;
-23.3111;-0.319411;-24.4146;2.043;1.72588;
-23.3438;-0.326975;-24.219;1.95531;1.73649;
-23.3741;-0.302581;-24.0234;1.95639;1.72424;
-23.4029;-0.287759;-23.8274;1.95966;1.7166;
-23.4383;-0.354688;-23.637;1.90434;1.75494;
-23.4775;-0.391805;-23.4388;1.98154;1.76601;
-23.5085;-0.309989;-23.2443;1.94488;1.72885;
-23.5348;-0.262763;-23.0706;1.73759;1.72088;
-23.5701;-0.353191;-22.8764;1.94216;1.75068;
-23.6133;-0.432178;-22.6741;2.02229;1.78134;
-23.6648;-0.514765;-22.4775;1.96662;1.8268;
-23.7346;-0.698055;-22.2955;1.81958;1.93712;
-23.7886;-0.539688;-22.1157;1.79857;1.86231;
-23.8526;-0.640295;-21.9164;1.99252;1.88172;
-23.9219;-0.693006;-21.7163;2.00106;1.90419;
-23.9727;-0.507883;-21.5098;2.06475;1.81199;
-24.0053;-0.326463;-21.3101;1.99748;1.7328;
-24.0252;-0.198851;-21.1004;2.09704;1.66534;
-24.0223;0.0289385;-20.909;1.91413;1.55568;
-24.0256;-0.0324306;-20.72;1.88979;1.58796;
-24.0284;-0.0279758;-20.5129;2.07091;1.5843;
-24.0148;0.135738;-20.3138;1.99068;1.50271;
-24.012;0.0277929;-20.1046;2.09245;1.55751;
-23.9945;0.175084;-19.904;2.00619;1.48374;
-23.9651;0.294571;-19.7089;1.95091;1.42094;
-23.9331;0.319978;-19.4956;2.13286;1.42188;
-23.8998;0.332501;-19.3004;1.95229;1.4021;
-23.8622;0.375624;-19.1006;1.99772;1.38494;
-23.8309;0.313516;-18.9041;1.96515;1.41259;
-23.8216;0.0930005;-18.6923;2.11809;1.52692;
-23.7901;0.314726;-18.4956;1.96624;1.41208;
-23.7601;0.300321;-18.3022;1.93413;1.41675;
-23.7245;0.355843;-18.0978;2.04405;1.39844;
-23.6862;0.38317;-17.9098;1.88021;1.36976;
-23.6529;0.332825;-17.7252;1.84608;1.39243;
-23.6205;0.324313;-17.5101;2.15058;1.42112;
-23.5593;0.612037;-17.3195;1.90606;1.2601;
-23.498;0.613112;-17.1317;1.87826;1.25528;
-23.4298;0.681425;-16.9522;1.7951;1.208;
-23.3562;0.735851;-16.7627;1.89511;1.20043;
-23.2957;0.605227;-16.5975;1.65209;1.21964;
-23.2602;0.354988;-16.4401;1.57369;1.34893;
-23.2226;0.376493;-16.2538;1.86304;1.3714;
-23.1659;0.567041;-16.0624;1.91445;1.28284;
-23.0945;0.713191;-15.8667;1.95617;1.22119;
-23.0159;0.786756;-15.6784;1.88344;1.17511;
-22.9222;0.936402;-15.4844;1.94038;1.12118;
-22.8182;1.04035;-15.3304;1.53984;0.976618;
-22.6953;1.22877;-15.1744;1.55944;0.903442;
-22.5484;1.46889;-15.0106;1.63808;0.8398;
-22.404;1.44432;-14.869;1.41622;0.775577;
-22.2314;1.72576;-14.7377;1.3131;0.65043;
-22.0617;1.69721;-14.6238;1.13859;0.5909;
-21.8915;1.70189;-14.5118;1.1205;0.582248;
-21.7024;1.89087;-14.4162;0.955503;0.467898;
-21.521;1.81383;-14.323;0.932399;0.474825;
-21.3381;1.82895;-14.2444;0.785796;0.405797;
-21.1599;1.78267;-14.1831;0.612587;0.330993;
-20.9904;1.69474;-14.1509;0.322021;0.187773;
-20.8051;1.85282;-14.1119;0.390366;0.207651;
-20.6116;1.93516;-14.0724;0.395554;0.201626;
-20.4335;1.78066;-14.0543;0.181013;0.101307;
-20.2112;2.22368;-14.0403;0.139318;0.0625701;
-20.016;1.95185;-14.0092;0.311298;0.158157;
-19.8211;1.94905;-13.9692;0.400376;0.202603;
-19.6342;1.86843;-13.911;0.581261;0.301606;
-19.4628;1.71448;-13.8293;0.81735;0.444862;
-19.2772;1.85553;-13.732;0.973026;0.482972;
-19.1064;1.70858;-13.6369;0.950849;0.50783;
-18.9307;1.75718;-13.5515;0.85415;0.452459;
-18.7521;1.78509;-13.4671;0.843911;0.441616;
-18.5877;1.64432;-13.3822;0.848991;0.476615;
-18.4085;1.79212;-13.2924;0.898454;0.464716;
-18.2164;1.92129;-13.2064;0.859734;0.420754;
-18.0366;1.79783;-13.1262;0.801699;0.41946;
-17.8632;1.73407;-13.0047;1.2151;0.61121;
-17.6958;1.67404;-12.8823;1.22432;0.63146;
-17.5283;1.67424;-12.7711;1.11154;0.58609;
-17.3574;1.7096;-12.6865;0.845958;0.459501;
-17.1717;1.85659;-12.5969;0.895861;0.449574;
-16.9904;1.81379;-12.502;0.948828;0.481972;
-16.7847;2.05677;-12.413;0.890511;0.408599;
-16.6068;1.77888;-12.3369;0.76066;0.404075;
-16.4343;1.72503;-12.2693;0.676204;0.373587;
-16.2671;1.67145;-12.1849;0.844233;0.467712;
-16.0935;1.73616;-12.1087;0.761707;0.413444;
-15.9079;1.85619;-12.034;0.747227;0.382711;
-15.7135;1.94448;-11.9588;0.752285;0.369146;
-15.5149;1.98515;-11.895;0.637912;0.31092;
-15.3271;1.87803;-11.8304;0.645939;0.33127;
-15.1359;1.91278;-11.7706;0.597392;0.302717;
-14.9517;1.84117;-11.7163;0.543714;0.287147;
-14.7648;1.86909;-11.6488;0.675151;0.346634;
-14.593;1.71879;-11.5589;0.89847;0.481668;
-14.4186;1.74355;-11.4756;0.832772;0.445592;
-14.2522;1.664;-11.3728;1.02841;0.553574;
-14.0924;1.59843;-11.2521;1.20655;0.64659;
-13.9483;1.44043;-11.0964;1.55781;0.824526;
-13.851;0.973357;-10.9246;1.71783;1.05528;
-13.7661;0.848854;-10.7408;1.83807;1.13816;
-13.7246;0.414995;-10.5365;2.04234;1.37033;
-13.73;-0.0545681;-10.33;2.06554;1.59721;
-13.7795;-0.494164;-10.1227;2.07231;1.80489;
-13.8509;-0.714669;-9.93151;1.91239;1.92843;
-13.9421;-0.912173;-9.74925;1.82261;2.03483;
-14.0371;-0.949506;-9.5783;1.70943;2.07782;
-14.1259;-0.888258;-9.39031;1.87993;2.0122;
-14.1679;-0.419499;-9.20092;1.89386;1.78878;
-14.1976;-0.297337;-9.00391;1.97013;1.72059;
-14.184;0.136049;-8.80092;2.02991;1.50387;
-14.1722;0.118091;-8.6018;1.9912;1.51156;
-14.1602;0.119998;-8.41623;1.85571;1.50622;
-14.136;0.242182;-8.2168;1.99429;1.44995;
-14.1523;-0.16288;-8.00638;2.10416;1.64805;
-14.2;-0.476888;-7.8168;1.89586;1.81723;
-14.3637;-1.63775;-7.65612;1.60682;2.36573;
-14.485;-1.21264;-7.48815;1.67963;2.19611;
-14.6327;-1.47694;-7.34683;1.41325;2.37823;
-14.725;-0.923541;-7.15299;1.93841;2.01542;
-14.8475;-1.22496;-7.00297;1.50014;2.25555;
-14.9245;-0.769734;-6.81521;1.8776;1.95986;
-15.0152;-0.906856;-6.63513;1.80084;2.0373;
-15.1288;-1.13584;-6.47582;1.59313;2.19017;
-15.1866;-0.578014;-6.28518;1.90632;1.86519;
-15.2963;-1.09734;-6.10854;1.76647;2.12666;
-15.3792;-0.828775;-5.91454;1.93995;1.97454;
-15.4825;-1.03331;-5.74258;1.71961;2.11187;
-15.5469;-0.644102;-5.53955;2.03028;1.878;
-15.646;-0.990237;-5.35352;1.86031;2.05995;
-15.7408;-0.948365;-5.18378;1.69742;2.0803;
-15.8135;-0.726782;-4.99672;1.87063;1.94137;
-15.9498;-1.36341;-4.83389;1.62823;2.2679;
-16.0462;-0.964115;-4.64798;1.85917;2.04919;
-16.233;-1.86734;-4.50521;1.42767;2.48885;
-16.3604;-1.27433;-4.34869;1.56516;2.25413;
-16.591;-2.30591;-4.27062;0.780699;2.81514;
-16.7679;-1.76869;-4.15581;1.14807;2.56584;
-16.9945;-2.26689;-4.13616;0.196552;3.0551;
-17.1928;-1.98263;-4.16649;-0.303352;-2.98976;
-17.3874;-1.94589;-4.18887;-0.223796;-3.02709;
-17.5682;-1.80837;-4.28515;-0.962784;-2.65236;
-17.7779;-2.0968;-4.3402;-0.550428;-2.88488;
-17.9578;-1.79933;-4.47527;-1.35072;-2.49766;
-18.1761;-2.18228;-4.56803;-0.927618;-2.73966;
-18.3208;-1.44742;-4.72765;-1.5962;-2.30735;
-18.5109;-1.90126;-4.84828;-1.2063;-2.57621;
-18.6654;-1.54448;-4.97964;-1.31362;-2.43679;
-18.8331;-1.67745;-5.09106;-1.11423;-2.55527;
-18.9714;-1.38247;-5.23899;-1.47927;-2.32238;
-19.1537;-1.82354;-5.33845;-0.994576;-2.64228;
-19.289;-1.35237;-5.5027;-1.64251;-2.25962;
-19.4668;-1.77826;-5.61217;-1.09466;-2.5898;
-19.6112;-1.44441;-5.77369;-1.61527;-2.30041;
-19.7767;-1.65444;-5.90152;-1.27825;-2.48377;
-19.9136;-1.36923;-6.05493;-1.53416;-2.29945;
-20.0823;-1.68654;-6.1761;-1.21162;-2.51862;
-20.2186;-1.36353;-6.31545;-1.39352;-2.34532;
-20.3877;-1.69118;-6.43484;-1.1939;-2.52688;
-20.5277;-1.39934;-6.58197;-1.47134;-2.33112;
-20.691;-1.6332;-6.69715;-1.15177;-2.52737;
-20.824;-1.3306;-6.83042;-1.33271;-2.3554;
-20.978;-1.53954;-6.96344;-1.33016;-2.42903;
-21.1247;-1.46727;-7.09905;-1.35609;-2.39555;
-21.2703;-1.45541;-7.24112;-1.42078;-2.36823;
-21.419;-1.48767;-7.37651;-1.35389;-2.40324;
-21.5608;-1.41782;-7.51741;-1.40902;-2.35931;
-21.696;-1.35148;-7.66398;-1.46566;-2.31569;
-21.8331;-1.37117;-7.80684;-1.42861;-2.33568;
-21.9719;-1.3878;-7.94345;-1.3661;-2.36408;
-22.1125;-1.40652;-8.08212;-1.38665;-2.36331;
-22.2427;-1.30184;-8.2532;-1.71081;-2.22127;
-22.3928;-1.50069;-8.39385;-1.40654;-2.38857;
-22.4924;-0.996042;-8.57826;-1.8441;-2.06602;
-22.6154;-1.2306;-8.73619;-1.57928;-2.23273;
-22.7159;-1.00496;-8.90989;-1.73706;-2.09529;
-22.8361;-1.20133;-9.08105;-1.71153;-2.1828;
-22.9036;-0.675899;-9.26829;-1.87238;-1.91722;
-23.0151;-1.11413;-9.43517;-1.66885;-2.15945;
-23.0765;-0.614896;-9.63171;-1.96537;-1.87401;
-23.1799;-1.03314;-9.80937;-1.7766;-2.09752;
-23.2382;-0.583247;-10.01;-2.00678;-1.85364;
-23.3307;-0.925413;-10.1914;-1.81395;-2.04254;
-23.3794;-0.487149;-10.3915;-2.00102;-1.8096;
-23.4606;-0.811611;-10.5567;-1.65163;-2.02754;
-23.5168;-0.561712;-10.7546;-1.9794;-1.84731;
-23.5866;-0.697947;-10.9262;-1.71595;-1.9571;
-23.661;-0.744116;-11.1223;-1.96105;-1.93346;
-23.7261;-0.6514;-11.3244;-2.02068;-1.88264;
-23.8278;-1.01675;-11.4975;-1.73101;-2.10188;
-23.8875;-0.597322;-11.6774;-1.79871;-1.89142;
-23.9867;-0.991374;-11.8779;-2.00557;-2.02988;
-24.0679;-0.812799;-12.0823;-2.04322;-1.94941;
-24.1552;-0.872138;-12.2689;-1.86603;-2.00801;
-24.2229;-0.677184;-12.4539;-1.85048;-1.92161;
-24.3179;-0.950644;-12.6337;-1.79822;-2.05711;
-24.3867;-0.687655;-12.8244;-1.90674;-1.91692;
-24.4981;-1.11434;-13.0176;-1.93167;-2.09404;
-24.5905;-0.923672;-13.2166;-1.99021;-2.00532;
-24.7067;-1.16146;-13.3757;-1.59052;-2.20153;
-24.828;-1.2131;-13.5312;-1.55519;-2.23324;
-24.9618;-1.33837;-13.6819;-1.50765;-2.29679;
-25.1121;-1.5033;-13.8198;-1.37875;-2.39939;
-25.2536;-1.41494;-13.9198;-0.999782;-2.52646;
-25.3937;-1.40101;-14.0693;-1.49462;-2.32388;
-25.5797;-1.8593;-14.1515;-0.822589;-2.72506;
-25.7363;-1.5661;-14.3026;-1.51076;-2.37418;
-25.9459;-2.0961;-14.371;-0.684401;-2.82599;
-26.1091;-1.63211;-14.5338;-1.62739;-2.35764;
-26.3355;-2.26409;-14.6233;-0.895604;-2.76491;
-26.5067;-1.71214;-14.7128;-0.89498;-2.65993;
-26.6786;-1.71919;-14.7643;-0.515218;-2.85042;
-26.8592;-1.80521;-14.8568;-0.924866;-2.66813;
-27.0537;-1.94516;-14.9115;-0.546551;-2.86768;
-27.2274;-1.73697;-15.0076;-0.960894;-2.6363;
-27.4262;-1.98848;-15.0447;-0.370752;-2.95726;
-27.6108;-1.84587;-15.1468;-1.02137;-2.6362;
-27.8318;-2.21018;-15.174;-0.272037;-3.01912;
-28.0181;-1.86273;-15.2852;-1.1125;-2.60321;
-28.239;-2.20877;-15.3019;-0.166477;-3.06636;
-28.4398;-2.0088;-15.4074;-1.05526;-2.6579;
-28.6507;-2.10899;-15.4301;-0.226546;-3.03458;
-28.8399;-1.89113;-15.5621;-1.32067;-2.53197;
-29.0698;-2.29946;-15.5641;-0.0198549;-3.13296;
-29.2801;-2.10255;-15.6481;-0.840197;-2.76142;
-29.4774;-1.97363;-15.7049;-0.56796;-2.86139;
-29.6682;-1.90764;-15.7654;-0.604999;-2.83448;
-29.8475;-1.79294;-15.8173;-0.51877;-2.85994;

29.9664;-1.86146;-15.8788;-0.614585;-2.8227;
29.7719;-1.94453;-15.9394;-0.606007;-2.83948;
29.5724;-1.99548;-16.0092;-0.698738;-2.80477;
29.375;-1.97343;-16.0654;-0.561626;-2.86433;
29.1877;-1.87339;-16.1512;-0.857817;-2.71219;
28.9915;-1.962;-16.2009;-0.496931;-2.89353;
28.8092;-1.823;-16.2864;-0.85554;-2.7028;
28.6008;-2.08355;-16.3547;-0.683079;-2.82479;
28.4242;-1.76655;-16.45;-0.952332;-2.64716;
28.2269;-1.97317;-16.4994;-0.494392;-2.89609;
28.0613;-1.65606;-16.6389;-1.39508;-2.44152;
27.8095;-2.518;-16.6931;-0.541283;-2.92985;
27.6221;-1.87333;-16.8186;-1.25559;-2.55112;
27.4133;-2.08788;-16.8732;-0.545764;-2.88592;
27.227;-1.86315;-16.9752;-1.02008;-2.64067;
27.0078;-2.19209;-17.0096;-0.343548;-2.98614;
26.8103;-1.97498;-17.062;-0.524685;-2.88192;
26.6125;-1.97802;-17.1129;-0.50868;-2.88988;
26.4049;-2.07642;-17.1686;-0.556989;-2.87952;
26.2033;-2.01524;-17.2068;-0.381733;-2.95439;
26.0172;-1.8619;-17.2841;-0.773554;-2.74783;
25.8159;-2.0121;-17.299;-0.14863;-3.06786;
25.6207;-1.95251;-17.4008;-1.01862;-2.66074;
25.4027;-2.17959;-17.4065;-0.0568311;-3.11552;
25.2061;-1.96635;-17.518;-1.11495;-2.62578;
24.9796;-2.26454;-17.5417;-0.236699;-3.03745;
24.8068;-1.72875;-17.6338;-0.921178;-2.652;
24.5837;-2.23098;-17.665;-0.311974;-3.00266;
24.4086;-1.75047;-17.8116;-1.46595;-2.44442;
24.1823;-2.26367;-17.8522;-0.406216;-2.96403;
23.9892;-1.93015;-17.988;-1.35774;-2.52856;
23.7889;-2.00356;-18.057;-0.689796;-2.81002;
23.6284;-1.6049;-18.2081;-1.51107;-2.3863;
23.4416;-1.86759;-18.3047;-0.966567;-2.664;
23.2938;-1.47859;-18.453;-1.48265;-2.35482;
23.1051;-1.88662;-18.5561;-1.0312;-2.64138;
22.9736;-1.31508;-18.7373;-1.81185;-2.19864;
22.7937;-1.79921;-18.8527;-1.15427;-2.57118;
22.671;-1.2272;-19.0598;-2.0706;-2.10581;
22.4994;-1.71573;-19.2096;-1.49752;-2.424;
22.4052;-0.942342;-19.4201;-2.10557;-1.99161;
22.2663;-1.38869;-19.5676;-1.47486;-2.32611;
22.1961;-0.702041;-19.7752;-2.0759;-1.89691;
22.0493;-1.46801;-19.933;-1.57779;-2.32017;
22.0003;-0.489488;-20.1537;-2.20745;-1.78901;
21.8534;-1.46911;-20.3193;-1.65617;-2.29641;
21.8252;-0.282653;-20.5491;-2.29802;-1.69318;
21.6852;-1.39987;-20.7283;-1.79169;-2.23404;
21.6588;-0.263511;-20.9563;-2.28021;-1.68585;
21.5247;-1.34153;-21.1448;-1.88484;-2.18936;
21.477;-0.476892;-21.3733;-2.28518;-1.77653;
21.3883;-0.886755;-21.5682;-1.94859;-1.99786;
21.3491;-0.39185;-21.778;-2.09787;-1.75545;
21.2401;-1.09057;-21.9636;-1.85655;-2.10191;
21.2151;-0.250062;-22.1878;-2.2423;-1.68186;
21.0973;-1.17752;-22.3768;-1.88961;-2.12807;
21.0813;-0.160062;-22.5995;-2.22657;-1.64256;
20.9543;-1.27012;-22.8022;-2.02688;-2.13057;
20.9381;-0.162224;-23.0273;-2.251;-1.64274;
20.8095;-1.28523;-23.2076;-1.80346;-2.18996;
20.7684;-0.411275;-23.4394;-2.31795;-1.7464;
20.6782;-0.902625;-23.6272;-1.87809;-2.01881;
20.6164;-0.617972;-23.7939;-1.66704;-1.92579;
20.5769;-0.394664;-24.0033;-2.09427;-1.75706;
20.4817;-0.951486;-24.1661;-1.6276;-2.09981;
20.4665;-0.152787;-24.3841;-2.18052;-1.64075;
20.3381;-1.28397;-24.572;-1.87894;-2.17026;
20.331;-0.0702577;-24.8069;-2.34859;-1.6007;
20.2153;-1.15757;-24.9906;-1.83723;-2.13303;
20.2129;-0.0234208;-25.2206;-2.29929;-1.58098;
20.1024;-1.10558;-25.4226;-2.02094;-2.07138;
20.1051;0.0275494;-25.6501;-2.27409;-1.55868;
19.9974;-1.07733;-25.8422;-1.92109;-2.08189;
20.0009;0.0344749;-26.065;-2.22816;-1.55533;
19.8698;-1.31012;-26.2517;-1.86718;-2.18263;
19.864;-0.0587147;-26.4921;-2.4036;-1.59522;
19.7474;-1.1654;-26.6903;-1.98228;-2.10228;
19.7369;-0.104977;-26.9191;-2.28845;-1.61664;
19.6038;-1.33109;-27.1131;-1.93982;-2.1722;
19.5801;-0.236719;-27.34;-2.26896;-1.67475;
19.4259;-1.54285;-27.5212;-1.81146;-2.27629;
19.3839;-0.419874;-27.7383;-2.17142;-1.7618;
19.1901;-1.93738;-27.9177;-1.79451;-2.39446;
19.1171;-0.730472;-28.1405;-2.22782;-1.88764;
18.9211;-1.95991;-28.281;-1.40463;-2.51976;
18.7842;-1.36851;-28.4399;-1.58952;-2.28162;
18.621;-1.63229;-28.5655;-1.25597;-2.48576;
18.472;-1.48975;-28.6925;-1.26922;-2.43596;
18.3205;-1.51529;-28.8426;-1.5015;-2.36076;
18.1721;-1.48388;-28.9625;-1.19851;-2.46218;
18.051;-1.21145;-29.1288;-1.66309;-2.20035;
17.882;-1.68993;-29.2133;-0.844956;-2.67795;
17.7658;-1.16217;-29.4229;-2.09619;-2.07703;
17.5809;-1.84845;-29.5465;-1.23595;-2.55222;
17.4297;-1.51215;-29.6895;-1.42976;-2.38419;
17.2924;-1.37341;-29.8196;-1.30151;-2.38307;
17.1488;-1.43567;-29.9612;-1.41568;-2.36321;

16.9962;-1.52651;29.8978;-1.41009;-2.39582;
16.805;-1.91186;29.8033;-0.944786;-2.68262;
16.6952;-1.09799;29.6265;-1.76841;-2.12644;
16.4516;-2.43531;29.5416;-0.848651;-2.80628;
16.284;-1.6761;29.3724;-1.69201;-2.35147;
16.0782;-2.05875;29.3211;-0.513527;-2.89714;
15.9153;-1.62852;29.1786;-1.42478;-2.42282;
15.7213;-1.94024;29.118;-0.605713;-2.83899;
15.5567;-1.64541;28.9865;-1.31555;-2.46714;
15.3438;-2.12888;28.9302;-0.562765;-2.88316;
15.1749;-1.68963;28.7962;-1.34036;-2.47096;
14.9459;-2.2896;28.7498;-0.463451;-2.94188;
14.7753;-1.70607;28.5965;-1.53262;-2.4097;
14.5495;-2.25789;28.546;-0.505227;-2.92146;
14.3974;-1.52151;28.3973;-1.48708;-2.36764;
14.1695;-2.27911;28.3416;-0.557156;-2.90183;
13.9964;-1.73019;28.2072;-1.34365;-2.48129;
13.7768;-2.19646;28.1845;-0.227756;-3.03827;
13.5973;-1.79546;28.0356;-1.48851;-2.44939;
13.3543;-2.42932;28.0141;-0.214949;-3.05334;
13.1521;-2.02196;27.8865;-1.27653;-2.57845;
12.9188;-2.33373;27.8785;-0.079746;-3.10743;
12.7008;-2.17932;27.7497;-1.28805;-2.60779;
12.462;-2.38801;27.7447;-0.0494872;-3.12087;
12.2541;-2.07959;27.6222;-1.22495;-2.60928;
12.0141;-2.40004;27.6315;0.0923055;3.10315;
11.8139;-2.00185;27.5264;-1.05074;-2.65823;
11.5841;-2.2977;27.5446;0.18241;3.06237;
11.3558;-2.28325;27.4497;-0.948913;-2.74771;
11.1233;-2.32517;27.4377;-0.120746;-3.08971;
10.9277;-1.95535;27.3323;-1.054;-2.64721;
10.6998;-2.27921;27.3361;0.0378353;3.12499;
10.4985;-2.01304;27.2119;-1.24121;-2.58907;
10.2598;-2.38742;27.2108;-0.0116845;-3.1367;
10.0604;-1.99376;27.0997;-1.11053;-2.63339;
9.81342;-2.46966;27.1226;0.228625;3.04928;
9.61267;-2.00741;26.9928;-1.29779;-2.56768;
9.38235;-2.3033;27.0056;0.127763;3.08618;
9.17644;-2.05903;26.8651;-1.40506;-2.54278;
8.93081;-2.45637;26.8678;0.0273725;3.13045;
8.7352;-1.95604;26.7638;-1.03959;-2.65308;
8.50061;-2.3459;26.7643;0.00448714;3.13968;
8.29397;-2.06646;26.6704;-0.939045;-2.71507;
8.05839;-2.35578;26.7136;0.432581;2.95999;
7.81501;-2.43383;26.6466;-0.670383;-2.87281;
7.58429;-2.30718;26.6895;0.428522;2.95795;
7.38525;-1.99035;26.6035;-0.859946;-2.73376;
7.14881;-2.36447;26.6547;0.512728;2.92805;
6.9276;-2.21203;26.5914;-0.633636;-2.86261;
6.70227;-2.25334;26.6478;0.564404;2.89617;
6.47205;-2.30222;26.587;-0.608273;-2.88328;
6.25398;-2.18062;26.6301;0.431214;2.94636;
6.03571;-2.1827;26.5716;-0.58514;-2.87967;
5.81476;-2.20954;26.6241;0.525251;2.90821;
5.5886;-2.26159;26.5499;-0.742296;-2.82445;
5.35837;-2.30233;26.5863;0.364195;2.98471;
5.12311;-2.35255;26.4986;-0.877037;-2.78475;
4.90429;-2.18825;26.56;0.614055;2.86801;
4.66802;-2.36268;26.4634;-0.965935;-2.7535;
4.43702;-2.31004;26.4988;0.353599;2.9897;
4.2216;-2.15421;26.4143;-0.844471;-2.76799;
3.99834;-2.2326;26.4701;0.557692;2.89681;
3.77914;-2.19195;26.3903;-0.797642;-2.79259;
3.55648;-2.2266;26.3861;-0.0421785;-3.12265;
3.38689;-1.6959;26.3557;-0.3039;-2.96428;
3.18432;-2.02573;26.3663;0.105533;3.08954;
2.97538;-2.08936;26.3115;-0.547789;-2.88518;
2.74812;-2.27262;26.3716;0.601153;2.883;
2.53541;-2.12709;26.3344;-0.372266;-2.96834;
2.31813;-2.1728;26.3952;0.607975;2.86876;
2.09882;-2.19315;26.3302;-0.649751;-2.85357;
1.8677;-2.3112;26.4024;0.721584;2.83897;
1.64778;-2.19911;26.3637;-0.387155;-2.96733;
1.41337;-2.34417;26.4614;0.977593;2.74649;
1.20005;-2.1332;26.4271;-0.343603;-2.98189;
0.98331;-2.16737;26.5126;0.855146;2.76579;
0.760516;-2.22795;26.4608;-0.517358;-2.91342;
0.539025;-2.21491;26.5317;0.708324;2.83207;
0.307882;-2.31143;26.4681;-0.635298;-2.87337;
0.0883613;-2.19521;26.5156;0.474498;2.92872;
-0.155333;-2.43694;26.4033;-1.12303;-2.70977;
-0.384499;-2.29167;26.4234;0.200684;3.05424;
-0.583791;-1.99292;26.3146;-1.08791;-2.64191;
-0.776385;-1.92594;26.2278;-0.867913;-2.7182;
-0.938153;-1.61768;26.1061;-1.217;-2.49661;
-1.11918;-1.81029;26.0145;-0.915885;-2.67321;
-1.27787;-1.58686;25.8498;-1.64667;-2.3377;
-1.45759;-1.79718;25.7761;-0.737412;-2.75222;
-1.60641;-1.48819;25.6082;-1.67876;-2.29609;
-1.79911;-1.92701;25.5265;-0.816754;-2.7407;
-1.93863;-1.39528;25.3459;-1.80619;-2.22854;
-2.11648;-1.7785;25.2381;-1.07832;-2.59655;
-2.24144;-1.24958;25.044;-1.94054;-2.1429;
-2.42723;-1.85784;24.9234;-1.20656;-2.56561;
-2.52434;-0.971172;24.749;-1.74373;-2.07896;
-2.72993;-2.05591;24.6241;-1.24925;-2.59558;
-2.85349;-1.23554;24.4049;-2.19203;-2.08406;
-3.01991;-1.6642;24.2753;-1.29541;-2.48016;
-3.13262;-1.12713;24.1022;-1.73118;-2.14793;
-3.32124;-1.88615;23.9866;-1.15602;-2.59174;
-3.42099;-0.997478;23.8037;-1.829;-2.07008;
-3.62514;-2.04159;23.703;-1.00725;-2.68326;
-3.75881;-1.33668;23.5049;-1.9812;-2.16432;
-3.96299;-2.0418;23.3881;-1.16748;-2.62218;
-4.0937;-1.30704;23.2328;-1.55327;-2.27032;
-4.29351;-1.99819;23.1354;-0.974076;-2.68801;
-4.43855;-1.45036;22.9606;-1.74813;-2.26336;
-4.66404;-2.25493;22.8809;-0.796213;-2.80216;
-4.81347;-1.49432;22.7008;-1.80187;-2.26316;
-5.01158;-1.98107;22.6062;-0.945376;-2.69635;
-5.13953;-1.27943;22.4497;-1.5651;-2.25611;
-5.34076;-2.01233;22.3639;-0.857724;-2.73868;
-5.48756;-1.46803;22.1964;-1.67565;-2.29025;
-5.7194;-2.31837;22.1145;-0.818233;-2.80231;
-5.85577;-1.36369;21.931;-1.83587;-2.20967;
-6.07216;-2.16396;21.8355;-0.954608;-2.72613;
-6.24601;-1.73851;21.6495;-1.85991;-2.32247;
-6.44811;-2.02101;21.5181;-1.31392;-2.56512;
-6.59719;-1.4908;21.3649;-1.53182;-2.34262;
-6.78111;-1.83915;21.2604;-1.04513;-2.62483;
-6.92528;-1.44173;21.0817;-1.78689;-2.24969;
-7.11569;-1.90403;21.0101;-0.71624;-2.7818;
-7.28755;-1.71869;20.8335;-1.76638;-2.34251;
-7.50527;-2.17713;20.7672;-0.662313;-2.84627;
-7.67456;-1.69293;20.628;-1.39246;-2.45327;
-7.89893;-2.24371;20.5863;-0.416658;-2.95798;
-8.05465;-1.5572;20.4404;-1.45946;-2.38858;
-8.29686;-2.42212;20.4048;-0.355479;-2.99587;
-8.47312;-1.7626;20.279;-1.25865;-2.52148;
-8.68004;-2.06915;20.2246;-0.543849;-2.88457;
-8.84329;-1.63248;20.0831;-1.41527;-2.42735;
-9.01901;-1.75727;19.9924;-0.906712;-2.66524;
-9.15867;-1.39659;19.8314;-1.61002;-2.28532;
-9.36803;-2.09359;19.7368;-0.945317;-2.71747;
-9.51606;-1.48032;19.5866;-1.50197;-2.34894;
-9.72561;-2.09541;19.5131;-0.735573;-2.80399;
-9.85652;-1.30918;19.3352;-1.77875;-2.20529;
-10.0796;-2.2305;19.2495;-0.856833;-2.77483;
-10.2309;-1.51363;19.0778;-1.71699;-2.29333;
-10.4503;-2.19325;19.0043;-0.735215;-2.81815;
-10.5978;-1.47563;18.8278;-1.76527;-2.26706;
-10.8159;-2.18035;18.7656;-0.621745;-2.86381;
-10.976;-1.60155;18.5914;-1.74187;-2.31425;
-11.1977;-2.21717;18.526;-0.653854;-2.85482;
-11.39;-1.92226;18.3602;-1.65822;-2.42981;
-11.5934;-2.03418;18.2603;-0.998957;-2.6851;
-11.7315;-1.38172;18.0996;-1.60705;-2.28095;
-11.9461;-2.14531;18.0252;-0.743991;-2.80777;
-12.0895;-1.43417;17.8345;-1.90731;-2.21553;
-12.303;-2.13479;17.7457;-0.887484;-2.7476;
-12.4469;-1.43884;17.5653;-1.80482;-2.24384;
-12.663;-2.16179;17.4709;-0.943955;-2.72989;
-12.8114;-1.48411;17.3098;-1.61103;-2.31521;
-13.0561;-2.44698;17.2657;-0.440647;-2.96342;
-13.2186;-1.62476;17.1606;-1.05053;-2.56763;
-13.4733;-2.54661;17.1815;0.208302;3.05998;
-13.6914;-2.18151;17.1849;0.0342244;3.12591;
-13.9084;-2.16996;17.2537;0.68824;2.83446;
-14.0723;-1.6385;17.4066;1.52908;2.39072;
-14.2023;-1.30042;17.5425;1.35918;2.33411;
-14.2998;-0.974859;17.7093;1.66801;2.0997;
-14.4345;-1.34701;17.858;1.4863;2.30707;
-14.4851;-0.505666;18.079;2.20995;1.79574;
-14.6416;-1.56532;18.2436;1.64659;2.3309;
-14.6828;-0.411852;18.4869;2.43297;1.73849;
-14.8309;-1.48144;18.6649;1.77982;2.26495;
-14.8803;-0.493868;18.8962;2.31311;1.78115;
-15.0123;-1.32004;19.1157;2.19484;2.11227;
-15.0594;-0.471078;19.3208;2.0507;1.79659;
-15.2206;-1.61112;19.5005;1.79704;2.3017;
-15.281;-0.604082;19.7404;2.39894;1.81748;
-15.4375;-1.56526;19.908;1.6761;2.32201;
-15.4977;-0.602337;20.1289;2.20883;1.83702;
-15.6628;-1.65063;20.2967;1.67857;2.3478;
-15.7161;-0.533556;20.534;2.37238;1.79202;
-15.8865;-1.70409;20.7187;1.84725;2.31591;
-15.9476;-0.610707;20.9333;2.14664;1.84797;
-16.1348;-1.87151;21.0911;1.57787;2.44112;
-16.2056;-0.708695;21.2874;1.96274;1.9173;
-16.3844;-1.78755;21.4426;1.55176;2.42669;
-16.4519;-0.675482;21.6739;2.31347;1.85488;
-16.6444;-1.92411;21.8306;1.56628;2.45836;
-16.6898;-0.454678;22.0419;2.11329;1.78272;
-16.8822;-1.92368;22.2046;1.62675;2.43963;
-16.9785;-0.962828;22.4313;2.26753;1.97234;
-17.1771;-1.98643;22.6033;1.71944;2.42812;
-17.2466;-0.694964;22.8137;2.10486;1.8897;
-17.4349;-1.88243;22.9484;1.34641;2.5207;
-17.513;-0.781476;23.1975;2.49064;1.87483;
-17.7202;-2.07192;23.3511;1.53692;2.50337;
-17.7925;-0.722984;23.5846;2.33484;1.87108;
-17.9753;-1.82804;23.7327;1.48045;2.46087;
-18.0252;-0.49869;23.9698;2.3708;1.77812;
-18.2012;-1.75996;24.161;1.91285;2.31459;
-18.2564;-0.552705;24.3536;1.92607;1.85025;
-18.4171;-1.60713;24.5165;1.62896;2.34945;
-18.4826;-0.654139;24.7351;2.18549;1.86162;
-18.6566;-1.73999;24.8973;1.6226;2.39109;
-18.7099;-0.533753;25.1226;2.25238;1.80348;
-18.894;-1.84103;25.282;1.59394;2.42801;
-18.945;-0.509664;25.5296;2.47581;1.77382;
-19.0786;-1.33642;25.7067;1.77145;2.21712;
-19.1128;-0.342043;25.9375;2.30842;1.7179;
-19.2752;-1.62316;26.1168;1.79236;2.30669;
-19.3156;-0.404817;26.382;2.65168;1.72229;
-19.4681;-1.52473;26.5671;1.85165;2.25967;
-19.4895;-0.21338;26.7906;2.23468;1.66599;
-19.6355;-1.46021;26.9804;1.89767;2.22665;
-19.6435;-0.0805296;27.2216;2.41287;1.60416;
-19.7912;-1.47644;27.4157;1.94035;2.22125;
-19.7846;0.0658659;27.6386;2.22903;1.54126;
-19.9227;-1.3812;27.838;1.99418;2.17655;
-19.9346;-0.118675;28.0288;1.90849;1.6329;
-20.0962;-1.61663;28.2123;1.83477;2.29307;
-20.105;-0.0876369;28.4864;2.74047;1.60276;
-20.2772;-1.72207;28.6611;1.7477;2.34881;
-20.322;-0.447709;28.9145;2.53328;1.74572;
-20.4766;-1.5466;29.094;1.79543;2.28188;
-20.5173;-0.406233;29.3583;2.64256;1.72333;
-20.6349;-1.17618;29.5304;1.72153;2.17017;
-20.7231;-0.882077;29.7051;1.74686;2.0384;
-20.8264;-1.03293;29.8921;1.86985;2.07549;

-20.9212;-0.947954;-29.9249;1.83012;2.04872;
-21.0466;-1.25435;-29.7542;1.70668;2.20461;
-21.1093;-0.627096;-29.5529;2.01287;1.87281;
-21.3266;-2.1729;-29.4041;1.48841;2.54101;
-21.3995;-0.7289;-29.1745;2.29603;1.87819;
-21.5843;-1.84811;-29.0313;1.43231;2.48228;
-21.6419;-0.576108;-28.7827;2.48568;1.79855;
-21.8296;-1.87685;-28.613;1.69694;2.40649;
-21.8891;-0.595223;-28.3782;2.34854;1.81901;
-22.0882;-1.99082;-28.2226;1.55518;2.47843;
-22.1433;-0.550417;-27.9834;2.39202;1.79697;
-22.3275;-1.84227;-27.8188;1.64604;2.41239;
-22.3751;-0.476351;-27.5708;2.48026;1.76054;
-22.5364;-1.61278;-27.3943;1.76489;2.31119;
-22.5748;-0.38375;-27.1628;2.31501;1.73507;
-22.7553;-1.80564;-26.9901;1.72713;2.37841;
-22.7686;-0.13217;-26.7242;2.65895;1.62046;
-22.9317;-1.63153;-26.5349;1.89345;2.28203;
-22.9425;-0.107655;-26.2835;2.51334;1.6136;
-23.0915;-1.48987;-26.0897;1.93864;2.22604;
-23.0911;0.00376405;-25.8283;2.61401;1.56936;
-23.2133;-1.22257;-25.6348;1.93443;2.13442;
-23.1942;0.191149;-25.3995;2.35345;1.48975;
-23.3189;-1.24681;-25.1581;2.41397;2.04756;
-23.2722;0.467481;-24.9093;2.48794;1.38506;
-23.381;-1.08892;-24.6715;2.37748;2.0003;
-23.3217;0.593628;-24.4284;2.43143;1.33133;
-23.4308;-1.09155;-24.1975;2.30852;2.01248;
-23.4335;-0.0264081;-23.9748;2.22756;1.58265;
-23.5693;-1.35827;-23.775;1.99801;2.16785;
-23.5612;0.0809553;-23.5027;2.72313;1.54108;
-23.6554;-0.941898;-23.3078;1.94905;2.02096;
-23.6078;0.476189;-23.0669;2.40848;1.3756;
-23.715;-1.07173;-22.828;2.38869;1.99254;
-23.6741;0.408242;-22.5913;2.3675;1.40004;
-23.7714;-0.972408;-22.3993;1.92036;2.03952;
-23.7284;0.429877;-22.1491;2.50136;1.4006;
-23.8363;-1.07924;-21.9366;2.12552;2.04063;
-23.7874;0.488687;-21.6877;2.48903;1.37693;
-23.9025;-1.15053;-21.4675;2.20118;2.05243;
-23.8319;0.706244;-21.2259;2.41656;1.28646;
-23.9159;-0.840671;-20.9919;2.33968;1.91574;
-23.8437;0.722824;-20.7546;2.37292;1.27511;
-23.9182;-0.745201;-20.5223;2.32294;1.88123;
-23.826;0.921703;-20.284;2.38372;1.20184;
-23.89;-0.639877;-20.0196;2.64375;1.80826;
-23.7841;1.05885;-19.7788;2.40805;1.15653;
-23.8436;-0.59482;-19.5406;2.38176;1.81553;
-23.7429;1.00707;-19.3168;2.23785;1.14793;
-23.7859;-0.430344;-19.0644;2.52441;1.73965;
-23.6633;1.2257;-18.8431;2.21288;1.06497;
-23.679;-0.156451;-18.5831;2.60031;1.63089;
-23.5848;0.941768;-18.3632;2.19814;1.16602;
-23.6223;-0.374578;-18.1198;2.43443;1.72347;
-23.4941;1.28209;-17.9005;2.19337;1.04183;
-23.504;-0.0993254;-17.6513;2.49187;1.61064;
-23.3688;1.35158;-17.4402;2.11072;1.00124;
-23.3841;-0.152745;-17.1981;2.42082;1.63381;
-23.2463;1.37844;-16.9886;2.09533;0.988915;
-23.2231;0.231676;-16.742;2.46584;1.47712;
-23.0966;1.26518;-16.5563;1.85728;0.972801;
-23.1188;-0.22259;-16.3212;2.35127;1.66518;
-22.9651;1.53762;-16.1173;2.03851;0.924558;
-22.9584;0.0672163;-15.8946;2.22672;1.54062;
-22.7764;1.81979;-15.7114;1.83227;0.788815;
-22.7045;0.718744;-15.5034;2.08006;1.2381;
-22.5024;2.02147;-15.3701;1.33265;0.582846;
-22.4192;0.831557;-15.1432;2.26954;1.21959;
-22.1993;2.19934;-15.0114;1.31821;0.539954;
-22.0771;1.22159;-14.815;1.96346;1.01424;
-21.8386;2.38518;-14.7289;0.86094;0.3464;
-21.6975;1.4114;-14.543;1.8594;0.921518;
-21.449;2.48427;-14.4978;0.45153;0.179793;
-21.3026;1.46428;-14.3358;1.62017;0.835897;
-21.0506;2.52011;-14.2996;0.362294;0.142783;
-20.8662;1.84352;-14.1662;1.33333;0.626163;
-20.639;2.27187;-14.1581;0.0815991;0.0359018;
-20.4348;2.04256;-14.0412;1.16912;0.519862;
-20.1932;2.41593;-14.0473;-0.061671;-0.0255213;
-19.9729;2.2026;-13.8755;1.71857;0.66258;
-19.7329;2.40044;-13.8798;-0.0427973;-0.0178271;
-19.5278;2.05054;-13.7341;1.45621;0.617511;
-19.2856;2.42273;-13.7325;0.0164909;0.00680664;
-19.0837;2.01853;-13.5885;1.4402;0.619723;
-18.8685;2.15225;-13.5524;0.360631;0.166018;
-18.6949;1.73572;-13.386;1.66461;0.764489;
-18.4855;2.09397;-13.3555;0.30484;0.144564;
-18.3089;1.76592;-13.1789;1.76561;0.78531;
-18.0602;2.48754;-13.1362;0.42754;0.170209;
-17.8966;1.63582;-12.9701;1.66024;0.792806;
-17.6539;2.42671;-12.9282;0.419423;0.171145;
-17.487;1.66915;-12.744;1.84143;0.834432;
-17.2308;2.56156;-12.7005;0.43534;0.168342;
-17.0489;1.81954;-12.5689;1.31589;0.626127;
-16.8419;2.06971;-12.5266;0.423482;0.201824;
-16.6607;1.8125;-12.38;1.46586;0.680053;
-16.4154;2.45288;-12.402;-0.220176;-0.0895223;
-16.1918;2.23566;-12.2442;1.57829;0.614715;
-15.9517;2.40135;-12.2302;0.139417;0.0579927;
-15.7571;1.946;-12.0628;1.67455;0.710564;
-15.5162;2.40935;-11.9963;0.66479;0.269222;
-15.3481;1.68068;-11.8343;1.6204;0.76714;
-15.1093;2.38753;-11.7932;0.410315;0.170195;
-14.9377;1.71581;-11.5979;1.95308;0.849981;
-14.7119;2.258;-11.528;0.699198;0.300289;
-14.5674;1.44502;-11.3126;2.15365;0.979825;
-14.3788;1.88679;-11.1859;1.26707;0.591376;
-14.3006;0.78152;-10.9419;2.44013;1.26084;
-14.1526;1.48026;-10.7702;1.71667;0.859212;
-14.1363;0.162989;-10.517;2.53218;1.50652;
-14.0522;0.840982;-10.3129;2.04126;1.18;
-14.1034;-0.511577;-10.0754;2.37474;1.78298;
-14.0517;0.516178;-9.8415;2.33932;1.35362;
-14.127;-0.752942;-9.60797;2.33531;1.88269;
-14.0666;0.604571;-9.38449;2.2348;1.30659;
-14.1367;-0.701455;-9.16483;2.19657;1.8799;
-14.0788;0.578964;-8.94778;2.17053;1.31013;
-14.1654;-0.866128;-8.70235;2.45426;1.91006;
-14.1578;0.0759781;-8.48059;2.21765;1.53655;
-14.2845;-1.26642;-8.26965;2.10936;2.1115;
-14.2773;0.0714451;-8.05342;2.16232;1.53777;
-14.4214;-1.44105;-7.84114;2.12278;2.16719;
-14.4446;-0.231214;-7.61188;2.29265;1.67131;
-14.6139;-1.69334;-7.4274;1.84476;2.31342;
-14.6398;-0.258719;-7.2084;2.19002;1.68839;
-14.8172;-1.7741;-7.01181;1.96587;2.30496;
-14.8682;-0.510703;-6.79205;2.19761;1.79913;
-15.0549;-1.86705;-6.61766;1.74392;2.39028;
-15.1049;-0.499448;-6.37868;2.38975;1.77683;
-15.2825;-1.77569;-6.22006;1.58626;2.41248;
-15.3393;-0.568532;-5.96603;2.54027;1.79098;
-15.5075;-1.682;-5.79383;1.72198;2.34445;
-15.5373;-0.29833;-5.57239;2.2144;1.70471;
-15.7156;-1.78298;-5.39451;1.77885;2.35736;
-15.7719;-0.562455;-5.16159;2.32913;1.80775;
-15.9725;-2.00606;-5.00677;1.54823;2.4843;
-16.0677;-0.95249;-4.83897;1.67798;2.08708;
-16.2772;-2.09426;-4.74095;0.980209;2.70383;
-16.409;-1.31783;-4.57013;1.70819;2.2279;
-16.7016;-2.92615;-4.50869;0.614417;2.93462;
-16.918;-2.16424;-4.39832;1.10375;2.66998;
-17.1782;-2.60221;-4.45009;-0.517694;-2.94521;
-17.3896;-2.11401;-4.38555;0.645414;2.84528;
-17.6307;-2.41122;-4.48317;-0.976245;-2.75689;
-17.8315;-2.00733;-4.52921;-0.46041;-2.91613;
-18.0033;-1.7186;-4.66662;-1.37406;-2.46714;
-18.2117;-2.08404;-4.70739;-0.407729;-2.94839;
-18.3814;-1.6965;-4.88219;-1.748;-2.34124;
-18.5914;-2.10061;-4.95448;-0.722933;-2.81014;
-18.7137;-1.22302;-5.13108;-1.76597;-2.1765;
-18.9625;-2.4871;-5.21447;-0.83393;-2.81807;
-19.1135;-1.51;-5.40907;-1.94593;-2.23072;
-19.3329;-2.19443;-5.49086;-0.817914;-2.78482;
-19.4597;-1.26778;-5.67863;-1.87775;-2.16465;
-19.6917;-2.31981;-5.75452;-0.758822;-2.82546;
-19.8261;-1.34396;-5.96193;-2.07412;-2.14574;
-20.0307;-2.04615;-6.06331;-1.01386;-2.68156;
-20.1503;-1.19658;-6.27208;-2.08767;-2.09125;
-20.3358;-1.85422;-6.3756;-1.03523;-2.63239;
-20.4489;-1.13134;-6.56238;-1.86779;-2.1154;
-20.6582;-2.09314;-6.6805;-1.18118;-2.62783;
-20.7882;-1.29973;-6.87348;-1.92978;-2.16352;
-21.0009;-2.12762;-6.98045;-1.06969;-2.67574;
-21.1254;-1.24481;-7.18532;-2.04873;-2.11678;
-21.3233;-1.97851;-7.31482;-1.29498;-2.56205;
-21.4436;-1.20355;-7.49738;-1.82565;-2.15364;
-21.6469;-2.03277;-7.61913;-1.21746;-2.60197;
-21.7708;-1.23926;-7.8215;-2.02367;-2.12027;
-21.9485;-1.77691;-7.93876;-1.17264;-2.55827;
-22.0432;-0.946659;-8.16247;-2.23709;-1.97111;
-22.2442;-2.01013;-8.28993;-1.27462;-2.57648;
-22.3334;-0.892075;-8.52987;-2.39941;-1.92675;
-22.5304;-1.96987;-8.66655;-1.36675;-2.53502;
-22.6;-0.696366;-8.88625;-2.19699;-1.87774;
-22.764;-1.63993;-9.04186;-1.55618;-2.38239;
-22.8007;-0.367052;-9.27438;-2.32513;-1.72737;
-22.9667;-1.66016;-9.45075;-1.76378;-2.32594;
-22.9939;-0.271195;-9.6691;-2.18344;-1.69437;
-23.1788;-1.84981;-9.83854;-1.6944;-2.40002;
-23.2322;-0.533781;-10.0868;-2.48293;-1.78255;
-23.3696;-1.37367;-10.2622;-1.75366;-2.23528;
-23.4075;-0.37933;-10.5073;-2.45135;-1.72432;
-23.5423;-1.34776;-10.6882;-1.80852;-2.21123;
-23.5638;-0.214802;-10.9423;-2.54137;-1.65512;
-23.7186;-1.54871;-11.1625;-2.20193;-2.18376;
-23.7197;-0.0109769;-11.3692;-2.06727;-1.57611;
-23.8907;-1.70962;-11.5601;-1.90904;-2.30114;
-23.9308;-0.400821;-11.8183;-2.58176;-1.72482;
-24.0922;-1.61371;-12.0296;-2.11278;-2.22306;
-24.1245;-0.323375;-12.2604;-2.30826;-1.70998;
-24.2913;-1.66826;-12.455;-1.94544;-2.27964;
-24.325;-0.336716;-12.6842;-2.29202;-1.71666;
-24.5064;-1.81398;-12.8588;-1.74669;-2.37509;
-24.5586;-0.522047;-13.0852;-2.26321;-1.7975;
-24.7504;-1.91826;-13.2382;-1.5301;-2.46829;
-24.8395;-0.891067;-13.4278;-1.89641;-2.01005;
-25.038;-1.98478;-13.559;-1.31197;-2.55751;
-25.1618;-1.23756;-13.7802;-2.21211;-2.08086;
-25.38;-2.18198;-13.8814;-1.01225;-2.70723;
-25.508;-1.28066;-14.094;-2.12585;-2.11299;
-25.7376;-2.29563;-14.1913;-0.972894;-2.74074;
-25.863;-1.25419;-14.3328;-1.41487;-2.29606;
-26.0919;-2.2888;-14.3878;-0.549955;-2.90578;
-26.2485;-1.56586;-14.5652;-1.77359;-2.29407;
-26.4968;-2.48368;-14.6178;-0.526816;-2.93258;
-26.6695;-1.72638;-14.7643;-1.4649;-2.43795;
-26.8934;-2.23953;-14.8047;-0.403592;-2.96329;
-27.0728;-1.7937;-14.9432;-1.38516;-2.48401;
-27.3235;-2.50648;-14.9836;-0.40408;-2.98175;
-27.5093;-1.85878;-15.1067;-1.23046;-2.55685;
-27.7538;-2.44496;-15.1081;-0.0144218;-3.13569;
-27.9495;-1.95709;-15.238;-1.29897;-2.55563;
-28.1765;-2.26957;-15.25;-0.120415;-3.08859;
-28.3745;-1.9801;-15.3826;-1.32566;-2.55164;
-28.6152;-2.40733;-15.3768;0.0579506;3.11752;
-28.8169;-2.01644;-15.5216;-1.44789;-2.51886;
-29.0631;-2.46258;-15.5373;-0.156504;-3.07813;
-29.2556;-1.92485;-15.6736;-1.3633;-2.52534;
-29.4628;-2.0722;-15.7032;-0.296057;-2.99968;
-29.6581;-1.95266;-15.7658;-0.62606;-2.83133;
-29.8731;-2.14979;-15.8272;-0.614401;-2.86322;

29.9473;-1.79632;-15.8732;-0.459693;-2.89106;
29.7791;-1.68164;-15.9529;-0.797378;-2.69882;
29.5855;-1.93638;-16.0011;-0.482027;-2.89762;
29.4066;-1.78839;-16.1036;-1.02478;-2.62125;
29.1804;-2.26265;-16.1073;-0.0366117;-3.12541;
28.9798;-2.00548;-16.2713;-1.63999;-2.45612;
28.7387;-2.41106;-16.3006;-0.292671;-3.0208;
28.5414;-1.97361;-16.4518;-1.5121;-2.48783;
28.3151;-2.26239;-16.4651;-0.133043;-3.08285;
28.12;-1.95136;-16.6135;-1.4844;-2.49128;
27.8862;-2.33794;-16.6337;-0.201619;-3.05557;
27.7001;-1.86069;-16.7958;-1.62127;-2.42484;
27.4594;-2.40689;-16.8151;-0.192942;-3.0616;
27.2657;-1.93739;-16.9364;-1.21276;-2.58229;
27.0293;-2.36391;-16.9453;-0.0893105;-3.10383;
26.851;-1.78257;-17.095;-1.49745;-2.4429;
26.597;-2.54076;-17.1024;-0.0738729;-3.11253;
26.3928;-2.04141;-17.234;-1.31526;-2.56924;
26.1474;-2.45448;-17.2226;0.113504;3.09538;
25.9411;-2.06263;-17.3496;-1.27028;-2.5896;
25.6939;-2.47259;-17.3371;0.125274;3.09097;
25.48;-2.13876;-17.473;-1.35858;-2.57568;
25.2274;-2.526;-17.4714;0.0153879;3.1355;
25.0271;-2.0031;-17.6177;-1.46243;-2.51096;
24.7909;-2.36189;-17.6332;-0.155725;-3.07576;
24.6034;-1.87501;-17.7814;-1.48173;-2.47282;
24.3652;-2.3816;-17.8076;-0.262207;-3.03194;
24.1669;-1.98321;-17.9803;-1.72651;-2.42528;
23.9441;-2.22796;-18.04;-0.597604;-2.87953;
23.7849;-1.5921;-18.2136;-1.73515;-2.31323;
23.5582;-2.26693;-18.2777;-0.641558;-2.8658;
23.4037;-1.54487;-18.4687;-1.90942;-2.25105;
23.1907;-2.13032;-18.5654;-0.967553;-2.71527;
23.0681;-1.22582;-18.7817;-2.16324;-2.08634;
22.8404;-2.277;-18.8693;-0.875274;-2.77461;
22.7227;-1.17727;-19.1033;-2.34017;-2.0369;
22.5278;-1.94839;-19.2379;-1.34581;-2.53712;
22.4448;-0.830765;-19.4698;-2.31923;-1.91476;
22.2788;-1.6594;-19.627;-1.57194;-2.38325;
22.2196;-0.592198;-19.8468;-2.19848;-1.83392;
22.0477;-1.71939;-20.0068;-1.59981;-2.3922;
22.0029;-0.447402;-20.2543;-2.47494;-1.74964;
21.849;-1.53921;-20.4293;-1.75036;-2.29209;
21.8277;-0.213294;-20.6579;-2.2852;-1.66386;
21.6663;-1.61388;-20.8445;-1.86614;-2.28383;
21.6386;-0.277149;-21.1022;-2.57713;-1.67793;
21.4758;-1.62782;-21.283;-1.80804;-2.30379;
21.4407;-0.351062;-21.545;-2.62001;-1.704;
21.3026;-1.38044;-21.7287;-1.83754;-2.21509;
21.3137;0.110369;-21.9955;-2.66743;-1.52944;
21.1618;-1.51899;-22.1878;-1.92311;-2.23932;
21.1542;-0.0753459;-22.4287;-2.40902;-1.60206;
21.0219;-1.32336;-22.6041;-1.75424;-2.21709;
21.0172;-0.0471978;-22.8488;-2.44725;-1.59008;
20.8768;-1.40381;-23.0389;-1.90053;-2.20699;
20.8686;-0.0818341;-23.286;-2.47086;-1.6039;
20.715;-1.53577;-23.4815;-1.95537;-2.23658;
20.6978;-0.172558;-23.7418;-2.60268;-1.637;
20.5559;-1.41843;-23.9293;-1.87496;-2.21845;
20.5565;0.00510422;-24.1727;-2.43451;-1.5687;
20.417;-1.39425;-24.3701;-1.97352;-2.18586;
20.4197;0.0266212;-24.6148;-2.44694;-1.55992;
20.2842;-1.35496;-24.8205;-2.05763;-2.15313;
20.2806;-0.0363544;-25.0528;-2.32206;-1.58645;
20.16;-1.20555;-25.2495;-1.96738;-2.12055;
20.1735;0.135288;-25.4894;-2.3986;-1.51445;
20.0326;-1.40904;-25.6922;-2.02874;-2.17785;
20.044;0.1138;-25.9361;-2.43867;-1.52417;
19.8896;-1.54376;-26.1516;-2.15511;-2.1924;
19.9023;0.126764;-26.422;-2.70366;-1.52394;
19.7494;-1.52885;-26.6296;-2.0763;-2.20549;
19.7306;-0.188506;-26.8575;-2.27919;-1.65332;
19.5774;-1.53139;-27.0462;-1.88695;-2.25255;
19.5635;-0.139703;-27.2714;-2.25206;-1.63275;
19.3835;-1.79935;-27.4617;-1.90235;-2.32838;
19.349;-0.345683;-27.6954;-2.33742;-1.71762;
19.1479;-2.01089;-27.8825;-1.87104;-2.3922;
19.0499;-0.979368;-28.071;-1.8854;-2.04988;
18.8376;-2.12355;-28.213;-1.41921;-2.55245;
18.7294;-1.08224;-28.4418;-2.28871;-2.0125;
18.5046;-2.248;-28.5641;-1.2231;-2.6433;
18.4121;-0.924194;-28.7616;-1.9748;-2.00851;
18.2062;-2.05985;-28.8857;-1.24036;-2.59959;
18.1051;-1.01085;-29.1082;-2.22558;-1.99713;
17.8718;-2.33278;-29.2259;-1.17696;-2.67433;
17.7716;-1.0019;-29.4465;-2.20605;-1.9971;
17.5532;-2.18401;-29.5685;-1.2202;-2.6321;
17.4046;-1.48562;-29.7469;-1.78382;-2.26524;
17.2789;-1.25786;-29.8971;-1.50185;-2.26801;

17.15;-1.28877;29.95;-1.52917;-2.27109;
16.8915;-2.58508;29.8959;-0.541172;-2.93523;
16.7183;-1.73176;29.7023;-1.9352;-2.30077;
16.4911;-2.27205;29.6386;-0.637497;-2.86804;
16.3574;-1.33712;29.4151;-2.2349;-2.10996;
16.1132;-2.44173;29.3316;-0.83489;-2.81213;
15.9851;-1.28107;29.2044;-1.27224;-2.35965;
15.7273;-2.57834;29.1794;-0.249701;-3.04505;
15.5725;-1.5477;29.0095;-1.69929;-2.30954;
15.3384;-2.34076;28.9633;-0.461912;-2.94676;
15.1671;-1.71282;28.7748;-1.8845;-2.30851;
14.9123;-2.54833;28.7365;-0.38324;-2.99232;
14.7413;-1.7095;28.5672;-1.69281;-2.3611;
14.481;-2.60387;28.5446;-0.226169;-3.05495;
14.2999;-1.81046;28.3736;-1.70979;-2.38478;
14.0486;-2.5135;28.3513;-0.223837;-3.05277;
13.8578;-1.90799;28.1827;-1.68602;-2.41788;
13.6088;-2.48933;28.157;-0.256826;-3.03879;
13.4081;-2.00709;28.0168;-1.40216;-2.53181;
13.1417;-2.66465;28.0161;-0.00705059;-3.13895;
12.9419;-1.99783;27.8633;-1.52801;-2.48866;
12.6914;-2.50522;27.8712;0.0791544;3.11001;
12.4957;-1.95637;27.7202;-1.50926;-2.4845;
12.254;-2.41697;27.721;0.00795158;3.1383;
12.0171;-2.36967;27.5798;-1.4126;-2.60403;
11.7492;-2.67887;27.6044;0.246151;3.04996;
11.5293;-2.19879;27.4542;-1.50151;-2.54245;
11.2748;-2.545;27.4704;0.161519;3.07821;
11.0664;-2.0837;27.3365;-1.33886;-2.57048;
10.8151;-2.51303;27.3576;0.211096;3.05779;
10.5944;-2.20707;27.2245;-1.33113;-2.59888;
10.3676;-2.26784;27.2381;0.135626;3.08186;
10.171;-1.96607;27.121;-1.1705;-2.6046;
9.94243;-2.28587;27.1577;0.366756;2.9825;
9.72038;-2.2205;27.0306;-1.27118;-2.62166;
9.45366;-2.66719;27.0497;0.191038;3.07009;
9.23444;-2.1922;26.9111;-1.38532;-2.57802;
8.99302;-2.41421;26.9113;0.00153655;3.14096;
8.80869;-1.84331;26.8018;-1.0946;-2.60573;
8.55856;-2.50124;26.8349;0.3308;3.0101;
8.33813;-2.20434;26.7238;-1.11122;-2.67467;
8.08111;-2.57021;26.7501;0.263229;3.03953;
7.86481;-2.16299;26.6599;-0.902706;-2.74623;
7.64416;-2.20654;26.7085;0.48619;2.92472;
7.41797;-2.26185;26.6132;-0.952756;-2.74292;
7.18726;-2.30707;26.6747;0.615406;2.88091;
6.98085;-2.06415;26.6164;-0.583647;-2.86603;
6.75664;-2.24206;26.6736;0.572626;2.89154;
6.53489;-2.21752;26.5951;-0.785184;-2.80129;
6.2747;-2.60196;26.6354;0.402695;2.98804;
6.06983;-2.04868;26.543;-0.924148;-2.71783;
5.82458;-2.45244;26.6019;0.58892;2.90592;
5.59168;-2.32908;26.517;-0.848546;-2.79221;
5.3554;-2.36274;26.5823;0.652712;2.87206;
5.12785;-2.27555;26.4984;-0.838612;-2.7885;
4.89755;-2.30293;26.5612;0.627566;2.87554;
4.65356;-2.43992;26.4475;-1.13695;-2.70553;
4.40001;-2.53549;26.4973;0.498117;2.94761;
4.18537;-2.14647;26.3985;-0.987495;-2.71041;
3.95934;-2.26024;26.4385;0.399217;2.96677;
3.73952;-2.19827;26.3521;-0.863199;-2.76742;
3.49891;-2.40602;26.4148;0.626136;2.887;
3.27121;-2.27709;26.3338;-0.809157;-2.80016;
3.03893;-2.32273;26.4026;0.687891;2.85367;
2.78278;-2.56154;26.3342;-0.684724;-2.88039;
2.5776;-2.05181;26.4149;0.806965;2.76688;
2.32911;-2.48485;26.3506;-0.642924;-2.88841;
2.10224;-2.26874;26.4312;0.806304;2.80012;
1.87645;-2.25789;26.3407;-0.905086;-2.76035;
1.6546;-2.21847;26.4082;0.675456;2.84604;
1.4249;-2.29701;26.3576;-0.505946;-2.92479;
1.20669;-2.18208;26.4596;1.01979;2.70441;
0.963206;-2.43488;26.4056;-0.540174;-2.92328;
0.748139;-2.15067;26.4889;0.833045;2.77205;
0.498596;-2.49543;26.4232;-0.656508;-2.88434;
0.300405;-1.98191;26.4555;0.322032;2.98052;
0.0915906;-2.08814;26.3464;-1.09036;-2.66037;
-0.145154;-2.36744;26.3665;0.200712;3.05701;
-0.365621;-2.20468;26.2221;-1.44342;-2.56191;
-0.604314;-2.38693;26.2219;-0.00270214;-3.14046;
-0.796201;-1.91886;26.041;-1.80899;-2.38566;
-1.03241;-2.36206;25.9858;-0.551889;-2.91206;
-1.17354;-1.41131;25.8089;-1.76868;-2.24428;
-1.41355;-2.40009;25.7382;-0.707117;-2.85508;
-1.55856;-1.45009;25.553;-1.85161;-2.23518;
-1.78515;-2.26593;25.4821;-0.709632;-2.83809;
-1.94139;-1.56246;25.2827;-1.9936;-2.23554;
-2.18365;-2.42253;25.1772;-1.05495;-2.73088;
-2.30771;-1.24063;24.9598;-2.17411;-2.08935;
-2.51631;-2.08598;24.8466;-1.13241;-2.64424;
-2.61405;-0.97748;24.6368;-2.09737;-2.00692;
-2.82346;-2.09407;24.5181;-1.18758;-2.6257;
-2.92318;-0.997228;24.2889;-2.29178;-1.98122;
-3.15511;-2.31921;24.1638;-1.25111;-2.64688;
-3.26026;-1.05155;23.9632;-2.00605;-2.05361;
-3.49083;-2.30569;23.8684;-0.947623;-2.75165;
-3.62265;-1.31825;23.6596;-2.08858;-2.13382;
-3.82463;-2.01973;23.5769;-0.826592;-2.75313;
-3.95669;-1.32058;23.3734;-2.03535;-2.14634;
-4.1796;-2.22912;23.2768;-0.966238;-2.73258;
-4.30854;-1.28941;23.0783;-1.98493;-2.14689;
-4.54386;-2.35324;22.9921;-0.861875;-2.79052;
-4.68622;-1.42356;22.7982;-1.93919;-2.20404;
-4.90925;-2.23027;22.7108;-0.873135;-2.76844;
-5.05062;-1.41371;22.5172;-1.9364;-2.20142;
-5.27388;-2.23262;22.4308;-0.863711;-2.77246;
-5.41148;-1.37601;22.2341;-1.9677;-2.18105;
-5.63643;-2.24946;22.1495;-0.845786;-2.78195;
-5.77311;-1.36686;21.9486;-2.00898;-2.16823;
-5.99674;-2.23631;21.8559;-0.926835;-2.74869;
-6.12486;-1.28116;21.6871;-1.68754;-2.22015;
-6.35061;-2.25751;21.6051;-0.819927;-2.79321;
-6.47044;-1.19834;21.4103;-1.94832;-2.12222;
-6.72114;-2.50692;21.3359;-0.744369;-2.85296;
-6.85355;-1.32414;21.1597;-1.76174;-2.21533;
-7.08934;-2.35784;21.0865;-0.732259;-2.84047;
-7.2413;-1.51969;20.8988;-1.87653;-2.25151;
-7.4726;-2.31299;20.8447;-0.541317;-2.9117;
-7.63849;-1.65888;20.6736;-1.71122;-2.34066;
-7.86742;-2.2893;20.6347;-0.389174;-2.97321;
-8.04211;-1.74683;20.4636;-1.71084;-2.3666;
-8.25665;-2.14541;20.4269;-0.366856;-2.97223;
-8.43211;-1.75464;20.2442;-1.82675;-2.33606;
-8.66439;-2.32279;20.1921;-0.521541;-2.92072;
-8.82477;-1.60378;20.0147;-1.77338;-2.30602;
-9.05788;-2.33118;19.9671;-0.475923;-2.9402;
-9.23006;-1.72176;19.7815;-1.85653;-2.31855;
-9.45197;-2.21913;19.7048;-0.76711;-2.80877;
-9.59621;-1.44237;19.533;-1.71761;-2.26931;
-9.81998;-2.23765;19.4629;-0.701222;-2.83791;
-9.96706;-1.47086;19.2693;-1.93571;-2.22058;
-10.2007;-2.3364;19.1762;-0.930828;-2.76246;
-10.3492;-1.48468;18.9989;-1.77331;-2.26783;
-10.5718;-2.22594;18.9265;-0.724443;-2.82695;
-10.7165;-1.44743;18.7465;-1.79904;-2.24831;
-10.9333;-2.16758;18.6868;-0.597799;-2.87249;
-11.1077;-1.74407;18.5018;-1.84991;-2.32675;
-11.3168;-2.09165;18.427;-0.748157;-2.79809;
-11.4862;-1.69322;18.2644;-1.62544;-2.37662;
-11.6902;-2.04018;18.1857;-0.787428;-2.77325;
-11.8439;-1.53755;17.9902;-1.95432;-2.2374;
-12.0747;-2.30734;17.936;-0.54202;-2.91087;
-12.2371;-1.6245;17.7552;-1.80837;-2.30268;
-12.4714;-2.34277;17.6995;-0.557023;-2.90816;
-12.6592;-1.87781;17.5383;-1.61248;-2.43207;
-12.8979;-2.3874;17.5251;-0.131954;-3.08638;
-13.0925;-1.94568;17.436;-0.890998;-2.71216;
-13.3364;-2.43885;17.5046;0.686862;2.86707;
-13.5471;-2.10764;17.4807;-0.239564;-3.02841;
-13.763;-2.15896;17.6324;1.51697;2.5291;
-13.9757;-2.12652;17.6883;0.559282;2.88441;
-14.1343;-1.58613;17.8855;1.97144;2.24831;
-14.3242;-1.89943;17.9999;1.14422;2.59941;
-14.4079;-0.836821;18.234;2.34116;1.91408;
-14.5907;-1.82769;18.3752;1.41248;2.48364;
-14.662;-0.71278;18.6094;2.34194;1.86624;
-14.8275;-1.65531;18.7699;1.60413;2.37189;
-14.8737;-0.462498;19.0088;2.38941;1.76199;
-15.0467;-1.72924;19.1795;1.70708;2.36264;
-15.0956;-0.4893;19.4138;2.34262;1.77671;
-15.2475;-1.51936;19.5898;1.75999;2.28295;
-15.3044;-0.569054;19.8113;2.21564;1.8222;
-15.4649;-1.605;19.9851;1.7381;2.3164;
-15.5446;-0.796381;20.1994;2.14233;1.9267;
-15.7045;-1.59942;20.3632;1.63851;2.34412;
-15.7857;-0.811589;20.6081;2.44918;1.89078;
-15.9406;-1.54902;20.7617;1.5352;2.36067;
-16.0036;-0.629764;20.9814;2.19736;1.84992;
-16.1496;-1.46066;21.14;1.58584;2.31513;
-16.2286;-0.789725;21.355;2.14991;1.92283;
-16.4168;-1.88194;21.5036;1.48624;2.47314;
-16.494;-0.772486;21.7292;2.25601;1.9007;
-16.6838;-1.89738;21.8752;1.4596;2.48587;
-16.7574;-0.736291;22.1053;2.30192;1.88037;
-16.953;-1.95567;22.2659;1.60518;2.45431;
-17.0339;-0.809162;22.494;2.28147;1.91162;
-17.2173;-1.83453;22.6423;1.48287;2.46181;
-17.2864;-0.690282;22.8893;2.4705;1.84326;
-17.461;-1.74586;23.0367;1.47382;2.44049;
-17.5355;-0.74588;23.269;2.32224;1.88158;
-17.7317;-1.96189;23.4147;1.45761;2.50261;
-17.8076;-0.758396;23.6484;2.33636;1.88467;
-18.0052;-1.97607;23.7967;1.48384;2.49751;
-18.0736;-0.683859;24.0519;2.5513;1.83268;
-18.2614;-1.87817;24.2164;1.6455;2.42213;
-18.3207;-0.593142;24.4781;2.61698;1.79368;
-18.5079;-1.8724;24.6547;1.76635;2.38533;
-18.5558;-0.478171;24.9081;2.53369;1.75733;
-18.752;-1.96235;25.0948;1.86723;2.38103;
-18.7879;-0.359102;25.3374;2.42517;1.7178;
-18.9459;-1.58045;25.5033;1.65953;2.33179;
-18.9974;-0.514654;25.7369;2.33595;1.78765;
-19.1499;-1.52465;25.9058;1.68851;2.30524;
-19.1846;-0.346823;26.1583;2.52576;1.70726;
-19.3461;-1.61559;26.3382;1.79877;2.3026;
-19.3743;-0.281837;26.5755;2.37261;1.68903;
-19.5298;-1.555;26.7649;1.89475;2.25802;
-19.5592;-0.294165;26.9948;2.29864;1.69808;
-19.6929;-1.33647;27.1818;1.8697;2.19139;
-19.718;-0.251471;27.4173;2.35552;1.67715;
-19.8577;-1.39651;27.6239;2.06571;2.16526;
-19.8823;-0.246349;27.8396;2.15691;1.68452;
-20.0309;-1.48611;28.0115;1.7193;2.28357;
-20.069;-0.381441;28.2765;2.65018;1.71374;
-20.2124;-1.43368;28.4564;1.79824;2.24387;
-20.233;-0.205881;28.6947;2.38324;1.65697;
-20.3864;-1.53412;28.8836;1.88884;2.25293;
-20.4272;-0.408036;29.1304;2.46792;1.73465;
-20.5656;-1.38374;29.3118;1.81465;2.22228;
-20.6192;-0.53563;29.5264;2.14546;1.81545;
-20.6724;-0.532485;29.7197;1.9331;1.83959;
-20.7279;-0.555194;29.9109;1.91202;1.85339;

-20.7983;-0.70326;-29.9101;1.78964;1.94522;
-21.0102;-2.11899;-29.763;1.47147;2.53462;
-21.0929;-0.827465;-29.5237;2.39255;1.90377;
-21.285;-1.92081;-29.376;1.47765;2.48586;
-21.3549;-0.698758;-29.1428;2.33218;1.8619;
-21.5476;-1.92696;-29.0103;1.32481;2.5393;
-21.6295;-0.81925;-28.7518;2.58433;1.87778;
-21.8011;-1.71591;-28.6254;1.26453;2.5065;
-21.8688;-0.67711;-28.383;2.42353;1.84324;
-22.0366;-1.6785;-28.2153;1.67728;2.35656;
-22.0999;-0.633227;-27.9713;2.44043;1.82467;
-22.2776;-1.77666;-27.8115;1.59761;2.40921;
-22.3115;-0.338451;-27.5253;2.86175;1.68852;
-22.4909;-1.79426;-27.3438;1.81534;2.35036;
-22.5467;-0.558223;-27.0955;2.48327;1.79191;
-22.7184;-1.71651;-26.9478;1.47709;2.43102;
-22.7499;-0.315432;-26.6713;2.76443;1.68441;
-22.8888;-1.38878;-26.4776;1.93721;2.19277;
-22.8894;-0.00655582;-26.2274;2.5022;1.57342;
-23.0231;-1.33614;-26.0442;1.83186;2.20098;
-23.0163;0.0678131;-25.7929;2.51314;1.54382;
-23.1589;-1.42673;-25.5885;2.04344;2.18031;
-23.15;0.0897435;-25.343;2.45497;1.53426;
-23.2872;-1.37205;-25.1171;2.25895;2.11663;
-23.2573;0.298963;-24.8817;2.35469;1.44451;
-23.3907;-1.33463;-24.6613;2.20408;2.11527;
-23.3351;0.556045;-24.4209;2.40381;1.34348;
-23.455;-1.19878;-24.1814;2.39462;2.03493;
-23.4356;0.193907;-23.9396;2.41799;1.49077;
-23.5552;-1.19589;-23.7315;2.08132;2.09232;
-23.5176;0.375869;-23.4961;2.3543;1.41248;
-23.6369;-1.19303;-23.2824;2.13685;2.08;
-23.5961;0.407801;-23.0356;2.46815;1.40705;
-23.721;-1.24891;-22.8124;2.23152;2.08103;
-23.679;0.420506;-22.5552;2.57195;1.40873;
-23.8093;-1.30308;-22.3631;1.92113;2.1668;
-23.7765;0.328398;-22.0998;2.63311;1.44672;
-23.865;-0.885913;-21.8892;2.10642;1.96891;
-23.7933;0.716979;-21.6268;2.62355;1.30402;
-23.8831;-0.897792;-21.3908;2.35963;1.93436;
-23.8067;0.76398;-21.148;2.42804;1.26596;
-23.8758;-0.690902;-20.9074;2.40653;1.85037;
-23.8063;0.695404;-20.6821;2.25265;1.27137;
-23.891;-0.84742;-20.4532;2.28923;1.92533;
-23.8085;0.825298;-20.1962;2.57002;1.26007;
-23.8794;-0.708585;-19.9776;2.18603;1.88425;
-23.7879;0.914424;-19.7411;2.36525;1.20189;
-23.8281;-0.402294;-19.5131;2.27923;1.7455;
-23.7053;1.22867;-19.2786;2.34529;1.08822;
-23.7297;-0.244472;-19.0378;2.4083;1.67196;
-23.628;1.01711;-18.8498;1.88012;1.07491;
-23.6506;-0.225817;-18.602;2.47746;1.66169;
-23.526;1.24595;-18.383;2.19039;1.05361;
-23.5664;-0.403654;-18.1324;2.50574;1.73052;
-23.4448;1.21549;-17.9028;2.29562;1.08384;
-23.475;-0.302035;-17.6504;2.5243;1.68988;
-23.3378;1.37209;-17.4336;2.16781;1.00651;
-23.3577;-0.198951;-17.1801;2.53507;1.64912;
-23.1995;1.5816;-16.98;2.00115;0.90197;
-23.1977;0.0183713;-16.7254;2.54574;1.56358;
-23.0392;1.58528;-16.5272;1.98243;0.89626;
-23.026;0.132034;-16.2787;2.48458;1.51771;
-22.86;1.65968;-16.0874;1.91314;0.856221;
-22.8396;0.204198;-15.854;2.3342;1.48354;
-22.6418;1.9776;-15.6721;1.81858;0.743534;
-22.5754;0.664546;-15.4398;2.32304;1.29217;
-22.3445;2.30842;-15.2984;1.41463;0.549788;
-22.2272;1.17286;-15.0904;2.0793;1.05722;
-21.9865;2.40723;-14.9939;0.965855;0.381566;
-21.8605;1.26043;-14.7809;2.12988;1.03644;
-21.6247;2.35731;-14.6783;1.02548;0.410326;
-21.4704;1.54336;-14.53;1.48357;0.765649;
-21.2268;2.43641;-14.4948;0.351206;0.143163;
-21.0536;1.73209;-14.3215;1.73304;0.785671;
-20.7758;2.77708;-14.2698;0.517237;0.184142;
-20.6098;1.66091;-14.1003;1.69524;0.795626;
-20.3438;2.65971;-14.049;0.513247;0.190628;
-20.1662;1.77596;-13.937;1.11933;0.562379;
-19.9246;2.4163;-13.9464;-0.0939654;-0.0388686;
-19.7128;2.11751;-13.8004;1.46027;0.603723;
-19.4714;2.41423;-13.7724;0.280223;0.115554;
-19.2799;1.91471;-13.6134;1.58948;0.69285;
-19.0354;2.44498;-13.5946;0.188387;0.0768989;
-18.8513;1.84117;-13.4236;1.71021;0.748538;
-18.5889;2.62379;-13.4021;0.214768;0.0816721;
-18.4001;1.88789;-13.2267;1.75447;0.748786;
-18.1397;2.60484;-13.1809;0.45754;0.173876;
-17.9606;1.79059;-13.015;1.65941;0.747395;
-17.7245;2.36045;-12.9771;0.378644;0.159057;
-17.563;1.61525;-12.787;1.9009;0.866459;
-17.2841;2.78938;-12.729;0.579989;0.205006;
-17.1162;1.67868;-12.5829;1.46077;0.7161;
-16.8614;2.54787;-12.5462;0.367626;0.143298;
-16.6807;1.80697;-12.386;1.60182;0.725287;
-16.4319;2.48795;-12.3922;-0.0623605;-0.0250598;
-16.2273;2.04607;-12.2303;1.61885;0.669352;
-15.9758;2.51489;-12.2152;0.151716;0.0602538;
-15.7924;1.83431;-12.0359;1.79284;0.773965;
-15.5576;2.34833;-11.9885;0.473515;0.198971;
-15.3843;1.73304;-11.7868;2.01773;0.861155;
-15.1458;2.3852;-11.7243;0.624159;0.255941;
-15.0057;1.40074;-11.5184;2.05904;0.973422;
-14.7973;2.08357;-11.4251;0.932912;0.420979;
-14.6861;1.11267;-11.186;2.39144;1.13532;
-14.5008;1.85216;-11.0523;1.33668;0.625131;
-14.4447;0.561723;-10.8152;2.37116;1.33819;
-14.2936;1.51026;-10.6459;1.69283;0.842333;
-14.2815;0.121327;-10.3894;2.56574;1.52354;
-14.1703;1.11213;-10.1941;1.95218;1.05296;
-14.2133;-0.429593;-9.95763;2.36515;1.75047;
-14.1383;0.749097;-9.75397;2.03656;1.21833;
-14.1954;-0.570992;-9.53959;2.14376;1.8311;
-14.1267;0.687803;-9.31503;2.24563;1.27358;
-14.2031;-0.764764;-9.06768;2.47352;1.87065;
-14.1551;0.48077;-8.83889;2.28789;1.36367;
-14.2642;-1.0909;-8.61079;2.28101;2.0169;
-14.2561;0.0803332;-8.36466;2.46127;1.53817;
-14.3953;-1.39214;-8.15828;2.06379;2.16424;
-14.378;0.172843;-7.91845;2.39836;1.49885;
-14.542;-1.63989;-7.69474;2.23706;2.20336;
-14.5711;-0.290728;-7.46382;2.30924;1.69603;
-14.7202;-1.49084;-7.28978;1.74032;2.27914;
-14.7438;-0.236302;-7.07263;2.17157;1.67919;
-14.9128;-1.6898;-6.87712;1.95509;2.28354;
-14.9585;-0.456883;-6.64541;2.31708;1.76548;
-15.1374;-1.78859;-6.48046;1.64954;2.39662;
-15.1651;-0.277593;-6.24064;2.39815;1.68604;
-15.3506;-1.855;-6.05923;1.81411;2.36734;
-15.4142;-0.635385;-5.83524;2.23994;1.8472;
-15.635;-2.20828;-5.65893;1.76311;2.46782;
-15.7137;-0.78741;-5.43559;2.23338;1.90975;
-15.9194;-2.05728;-5.29569;1.39895;2.54442;
-16.025;-1.0557;-5.08045;2.15244;2.02679;
-16.2696;-2.4454;-4.98672;0.937275;2.77558;
-16.4169;-1.47351;-4.81399;1.72735;2.27706;
-16.6731;-2.56202;-4.78027;0.337124;3.01076;
-16.8721;-1.98977;-4.63265;1.47623;2.50329;
-17.1412;-2.69063;-4.65629;-0.236361;-3.05397;
-17.3606;-2.19429;-4.63935;0.169363;3.06456;
-17.5569;-1.96342;-4.7084;-0.690495;-2.80342;
-17.7709;-2.13942;-4.69169;0.167074;3.06366;
-18.0094;-2.3854;-4.8317;-1.40007;-2.61084;
-18.2173;-2.07903;-4.85026;-0.185591;-3.05256;
-18.3932;-1.75924;-5.00639;-1.56129;-2.41574;
-18.6258;-2.3262;-5.06857;-0.621781;-2.8804;
-18.7715;-1.45662;-5.26113;-1.92565;-2.2184;
-18.9935;-2.22014;-5.32904;-0.679114;-2.84474;
-19.1448;-1.51306;-5.50639;-1.77352;-2.27711;
-19.34;-1.95187;-5.58591;-0.795174;-2.75473;
-19.4756;-1.35594;-5.77179;-1.85876;-2.20104;
-19.7043;-2.2872;-5.85096;-0.791713;-2.80835;
-19.8454;-1.4102;-6.05279;-2.01828;-2.18066;
-20.0638;-2.18462;-6.12769;-0.74908;-2.81127;
-20.1819;-1.18128;-6.34449;-2.16797;-2.0697;
-20.3985;-2.16508;-6.44122;-0.967296;-2.72143;
-20.5219;-1.23458;-6.65255;-2.11332;-2.09951;
-20.7501;-2.28161;-6.75092;-0.983681;-2.73454;
-20.8769;-1.26841;-6.96667;-2.15752;-2.10227;
-21.0936;-2.16674;-7.07345;-1.06779;-2.68372;
-21.2105;-1.16896;-7.28935;-2.15897;-2.06705;
-21.4359;-2.25461;-7.39973;-1.10384;-2.68631;
-21.5367;-1.00737;-7.58259;-1.82859;-2.07433;
-21.7505;-2.13856;-7.72311;-1.40515;-2.56027;
-21.846;-0.955095;-7.95036;-2.27252;-1.96866;
-22.0361;-1.90031;-8.05511;-1.04746;-2.63782;
-22.1685;-1.32402;-8.31108;-2.5597;-2.04815;
-22.3352;-1.66759;-8.41462;-1.03544;-2.58593;
-22.407;-0.717601;-8.65072;-2.36097;-1.86587;
-22.584;-1.77028;-8.80948;-1.58765;-2.41053;
-22.6368;-0.528212;-9.05138;-2.41893;-1.78579;
-22.8193;-1.82443;-9.20985;-1.58479;-2.42637;
-22.868;-0.486895;-9.42973;-2.19875;-1.78872;
-23.0364;-1.68423;-9.58604;-1.56313;-2.39347;
-23.0942;-0.57789;-9.81871;-2.32668;-1.81425;
-23.2478;-1.53624;-9.99567;-1.76964;-2.28571;
-23.2631;-0.153254;-10.2334;-2.37743;-1.63517;
-23.4349;-1.71731;-10.4289;-1.95444;-2.2917;
-23.4707;-0.358186;-10.6687;-2.39864;-1.71903;
-23.6136;-1.42947;-10.8484;-1.7965;-2.24291;
-23.6319;-0.18282;-11.0779;-2.29542;-1.65027;
-23.7759;-1.43974;-11.2479;-1.69944;-2.27365;
-23.803;-0.271258;-11.4962;-2.48317;-1.6796;
-23.9548;-1.51745;-11.6788;-1.82595;-2.26418;
-23.968;-0.132003;-11.9114;-2.32635;-1.62748;
-24.1437;-1.75695;-12.123;-2.11636;-2.26367;
-24.2109;-0.672405;-12.3343;-2.11296;-1.87889;
-24.3792;-1.68322;-12.4728;-1.38495;-2.4531;
-24.4376;-0.583754;-12.7089;-2.36061;-1.81322;
-24.6139;-1.76262;-12.8707;-1.61798;-2.39895;
-24.7073;-0.934518;-13.0863;-2.15579;-1.97984;
-24.8855;-1.78223;-13.2346;-1.48337;-2.44746;
-24.9805;-0.949722;-13.4572;-2.22551;-1.97414;
-25.1835;-2.02988;-13.5824;-1.2527;-2.58867;
-25.3112;-1.27666;-13.7956;-2.13183;-2.11037;
-25.5168;-2.05613;-13.8915;-0.958389;-2.70542;
-25.6593;-1.42504;-14.0569;-1.65488;-2.28171;
-25.8537;-1.94424;-14.1153;-0.583442;-2.85006;
-26.0354;-1.81699;-14.3092;-1.93886;-2.32376;
-26.2511;-2.1571;-14.3549;-0.457374;-2.93266;
-26.4168;-1.6567;-14.5287;-1.7377;-2.33233;
-26.6431;-2.26286;-14.5886;-0.599641;-2.88255;
-26.8208;-1.77744;-14.7443;-1.55688;-2.42224;
-27.0431;-2.22333;-14.7852;-0.40859;-2.95985;
-27.2213;-1.78205;-14.9413;-1.56091;-2.42225;
-27.4616;-2.40255;-14.9701;-0.288259;-3.02218;
-27.6438;-1.82198;-15.0876;-1.17537;-2.56866;
-27.8722;-2.28379;-15.1366;-0.48984;-2.93031;
-28.0478;-1.75596;-15.2627;-1.2606;-2.51895;
-28.2786;-2.30845;-15.2743;-0.115672;-3.09153;
-28.4645;-1.85873;-15.4031;-1.28824;-2.53553;
-28.6989;-2.34409;-15.4128;-0.0970584;-3.10021;
-28.8875;-1.88561;-15.5633;-1.50507;-2.46796;
-29.1412;-2.53744;-15.5712;-0.0793499;-3.11033;
-29.3361;-1.94858;-15.6969;-1.25629;-2.56894;
-29.5379;-2.01875;-15.7651;-0.682386;-2.81563;
-29.7345;-1.96585;-15.8291;-0.640049;-2.82683;
-29.895;-1.60464;-15.9227;-0.93562;-2.61371;

29.9351;-1.69903;-16.0198;-0.971462;-2.62219;
29.709;-2.26068;-15.9992;0.206;3.05072;
29.5067;-2.02329;-16.1167;-1.17493;-2.61548;
29.2764;-2.30272;-16.1217;-0.0497154;-3.12001;
29.0855;-1.90915;-16.2827;-1.61023;-2.44093;
28.8172;-2.68326;-16.315;-0.323218;-3.02171;
28.6276;-1.89587;-16.4446;-1.29608;-2.54194;
28.4009;-2.26707;-16.4507;-0.0607223;-3.11481;
28.2123;-1.88579;-16.5882;-1.37531;-2.51147;
27.9747;-2.37604;-16.6082;-0.19933;-3.0579;
27.7834;-1.91289;-16.7415;-1.3336;-2.53277;
27.5764;-2.06997;-16.7527;-0.111613;-3.08772;
27.3804;-1.96004;-16.8795;-1.26833;-2.56726;
27.1527;-2.2777;-16.8951;-0.156199;-3.07312;
26.9567;-1.95953;-17.0251;-1.29992;-2.55587;
26.7149;-2.41768;-17.025;0.000952846;3.1412;
26.4967;-2.18234;-17.1502;-1.25148;-2.62092;
26.2991;-1.97632;-17.1641;-0.139259;-3.07124;
26.0968;-2.02316;-17.2688;-1.047;-2.66404;
25.8609;-2.3587;-17.2939;-0.251397;-3.03541;
25.6728;-1.88081;-17.4243;-1.30342;-2.53557;
25.439;-2.33844;-17.4386;-0.143044;-3.0805;
