#1 AntPos X;#2 AntPos Y;#3 Distance form nest;#4 Total Distance;#5 Total Y Distance
-18.1486;-10.5953;21.015;0.163595;-0.0721385
-18.3359;-10.6936;21.2263;0.37513;-0.170457
-18.5163;-10.7849;21.4282;0.577306;-0.261814
-18.6967;-10.8781;21.631;0.780405;-0.354962
-18.8806;-10.9699;21.8361;0.985908;-0.446736
-19.0811;-11.0693;22.0594;1.2097;-0.546172
-19.2534;-11.1567;22.2523;1.40284;-0.633552
-19.4446;-11.262;22.4706;1.6211;-0.738888
-19.6058;-11.3487;22.6534;1.80402;-0.825534
-19.7821;-11.4522;22.8579;2.00819;-0.929042
-19.961;-11.5361;23.0548;2.20565;-1.01299
-20.1418;-11.6222;23.2544;2.40577;-1.09903
-20.3162;-11.7256;23.4572;2.60823;-1.20244
-20.4818;-11.8016;23.6386;2.79019;-1.27845
-20.6582;-11.8687;23.825;2.97785;-1.34561
-20.8456;-11.9415;24.0237;3.17798;-1.41841
-21.0361;-12.004;24.2201;3.37644;-1.48087
-21.2113;-12.0539;24.3971;3.55595;-1.53073
-21.4061;-12.1056;24.592;3.75422;-1.58247
-21.6032;-12.1636;24.7921;3.95743;-1.64043
-21.7707;-12.2052;24.9586;4.12727;-1.68206
-21.9723;-12.2554;25.159;4.332;-1.73225
-22.1664;-12.3035;25.3521;4.5293;-1.78041
-22.3649;-12.378;25.5617;4.74107;-1.85485
-22.5439;-12.461;25.7586;4.93833;-1.9379
-22.7475;-12.5567;25.9831;5.16312;-2.0336
-22.938;-12.6452;26.1926;5.37307;-2.12207
-23.1351;-12.7416;26.4117;5.59221;-2.21844
-23.3171;-12.8321;26.6148;5.79518;-2.30894
-23.4971;-12.921;26.8154;5.99572;-2.39787
-23.6762;-13.0059;27.0133;6.19387;-2.48282
-23.8517;-13.0985;27.2117;6.39179;-2.5754
-24.0339;-13.2027;27.4215;6.60058;-2.67957
-24.2105;-13.3048;27.6254;6.80339;-2.78169
-24.3932;-13.4032;27.833;7.01042;-2.88006
-24.5591;-13.5029;28.0264;7.20267;-2.97975
-24.7275;-13.5882;28.2151;7.39128;-3.06505
-24.907;-13.6779;28.4156;7.59183;-3.15477
-25.0857;-13.7812;28.6219;7.79731;-3.2581
-25.2599;-13.8775;28.8209;7.99578;-3.35436
-25.4303;-13.9736;29.0166;8.19082;-3.45044
-25.5987;-14.0686;29.21;8.38362;-3.54553
-25.7733;-14.1691;29.4113;8.58432;-3.64594
-25.9363;-14.2623;29.5991;8.77151;-3.7392
-26.1287;-14.3576;29.8135;8.9861;-3.83445
-26.3264;-14.4467;30.0298;9.203;-3.92362
-26.5156;-14.5334;30.2373;9.41107;-4.01028
-26.6983;-14.6074;30.4331;9.60784;-4.08424
-26.875;-14.6795;30.6228;9.79849;-4.15641
-27.0721;-14.7779;30.8429;10.0187;-4.25479
-27.2708;-14.8717;31.0623;10.2385;-4.34857
-27.4744;-14.9433;31.2753;10.4532;-4.42016
-27.6579;-15.0057;31.4664;10.6459;-4.48255
-27.8526;-15.0697;31.668;10.8494;-4.54661
-28.0579;-15.1398;31.882;11.0653;-4.61664
-28.2429;-15.2016;32.0742;11.2592;-4.67847
-28.4296;-15.2774;32.2745;11.4606;-4.75432
-28.6158;-15.3533;32.4744;11.6615;-4.83018
-28.7957;-15.4324;32.6703;11.8579;-4.90924
-28.9623;-15.5031;32.8506;12.0389;-4.98002
-29.1418;-15.5885;33.0491;12.2376;-5.06538
-29.3421;-15.6861;33.2718;12.4604;-5.16299
-29.5249;-15.7762;33.4755;12.6641;-5.25309
-29.7066;-15.8615;33.676;12.8648;-5.33837
-29.9101;-15.9313;33.8883;13.0789;-5.40815

29.9195;-16.0076;33.9326;13.2657;-5.48451
29.7274;-16.0976;33.8061;13.4777;-5.5745
29.5283;-16.1587;33.6604;13.6843;-5.63557
29.3353;-16.2175;33.5197;13.8844;-5.69441
29.1348;-16.2885;33.379;14.0964;-5.7654
28.9498;-16.3577;33.2516;14.2935;-5.83461
28.7654;-16.4137;33.1188;14.4848;-5.89056
28.5658;-16.4838;32.9806;14.6956;-5.96066
28.3906;-16.5455;32.86;14.8807;-6.02236
28.1696;-16.5965;32.6951;15.1036;-6.07343
27.9793;-16.6425;32.5548;15.2964;-6.11942
27.7919;-16.6811;32.4137;15.4835;-6.15795
27.5759;-16.7208;32.2493;15.6976;-6.19766
27.4192;-16.7648;32.1383;15.8591;-6.24172
27.2262;-16.8211;32.0034;16.0586;-6.298
27.0426;-16.8838;31.8804;16.2521;-6.36065
26.8469;-16.9443;31.7469;16.4559;-6.42119
26.6662;-17.014;31.6317;16.6494;-6.49088
26.4635;-17.0758;31.4945;16.8602;-6.55268
26.285;-17.1378;31.3784;17.0488;-6.61469
26.0918;-17.1967;31.2491;17.2497;-6.67358
25.8856;-17.2555;31.1098;17.4626;-6.73238
25.6839;-17.328;30.9826;17.6767;-6.8049
25.4976;-17.3864;30.8612;17.8711;-6.86323
25.3063;-17.4471;30.7377;18.0711;-6.92396
25.1102;-17.5157;30.6157;18.2785;-6.99254
24.9215;-17.5818;30.4992;18.4781;-7.0587
24.7358;-17.673;30.4006;18.6845;-7.14983
24.5524;-17.7528;30.2982;18.8845;-7.22965
24.3779;-17.8381;30.2073;19.0784;-7.31494
24.2098;-17.9355;30.1297;19.271;-7.4124
24.0326;-18.0385;30.0492;19.4743;-7.51542
23.8593;-18.1379;29.9708;19.6724;-7.61475
23.6943;-18.2393;29.9013;19.8639;-7.71615
23.5304;-18.351;29.8402;20.0584;-7.82786
23.3879;-18.4711;29.8023;20.2365;-7.94801
23.2439;-18.6089;29.7754;20.4232;-8.08582
23.0959;-18.7446;29.7452;20.613;-8.22149
22.9363;-18.8842;29.7101;20.815;-8.36112
22.8052;-19.03;29.7022;20.9938;-8.50687
22.679;-19.2019;29.7162;21.1792;-8.67881
22.5638;-19.3662;29.7351;21.3517;-8.84307
22.4531;-19.5374;29.7633;21.5237;-9.01428
22.3599;-19.7155;29.8105;21.6833;-9.19238
22.2666;-19.8861;29.854;21.8405;-9.36302
22.1701;-20.0758;29.9091;22.0093;-9.55266
22.07;-20.2461;29.9497;22.1737;-9.72298
21.9789;-20.4192;30.0003;22.3317;-9.89608
21.8708;-20.5923;30.0396;22.5056;-10.0692
21.7599;-20.7617;30.0756;22.6808;-10.2386
21.6896;-20.9262;30.1388;22.8182;-10.4031
21.6142;-21.1301;30.2268;22.9786;-10.607
21.5414;-21.3176;30.3063;23.1302;-10.7945
21.4647;-21.5042;30.3836;23.2854;-10.9811
21.4027;-21.6934;30.4743;23.4297;-11.1703
21.3539;-21.8806;30.5736;23.5623;-11.3574
21.3009;-22.0637;30.6682;23.6974;-11.5406
21.2468;-22.2584;30.7711;23.8399;-11.7352
21.1867;-22.4675;30.8814;23.9956;-11.9443
21.1318;-22.667;30.9895;24.143;-12.1439
21.073;-22.8592;31.0904;24.2909;-12.3361
21.005;-23.0477;31.1834;24.4455;-12.5246
20.9468;-23.2349;31.283;24.5917;-12.7117
20.8876;-23.4159;31.3783;24.7364;-12.8928
20.8268;-23.6082;31.4818;24.8888;-13.0851
20.7664;-23.8011;31.587;25.0419;-13.278
20.6993;-23.9809;31.6787;25.1944;-13.4577
20.6345;-24.1752;31.784;25.3533;-13.6521
20.5726;-24.3699;31.8924;25.5107;-13.8468
20.5022;-24.563;31.995;25.6749;-14.0399
20.4455;-24.7758;32.1225;25.8391;-14.2526
20.3947;-24.9681;32.2389;25.9879;-14.4449
20.343;-25.1523;32.3493;26.1335;-14.6292
20.2832;-25.3432;32.4605;26.2903;-14.8201
20.2286;-25.5261;32.5696;26.4387;-15.0029
20.1591;-25.6956;32.6597;26.5924;-15.1725
20.0898;-25.883;32.7648;26.7564;-15.3599
20.0197;-26.0693;32.8694;26.921;-15.5461
19.9455;-26.255;32.9719;27.089;-15.7318
19.8707;-26.4516;33.0837;27.2644;-15.9285
19.8021;-26.6448;33.1974;27.4332;-16.1217
19.7378;-26.8301;33.3082;27.5943;-16.307
19.6649;-27.0204;33.4187;27.7658;-16.4973
19.5747;-27.1956;33.5077;27.9426;-16.6725
19.4841;-27.3636;33.5916;28.1157;-16.8405
19.3779;-27.5508;33.6831;28.313;-17.0277
19.278;-27.7271;33.7703;28.4989;-17.204
19.1791;-27.9052;33.8605;28.6854;-17.3821
19.0759;-28.0579;33.9284;28.8601;-17.5348
18.9637;-28.2275;34.0061;29.0523;-17.7043
18.834;-28.3629;34.0467;29.2377;-17.8398
18.6987;-28.4956;34.0828;29.4258;-17.9725
18.5599;-28.6399;34.1279;29.6239;-18.1168
18.4142;-28.7822;34.1687;29.8262;-18.2591
18.2526;-28.912;34.1915;30.0334;-18.3888
18.1077;-29.043;34.2255;30.2282;-18.5199
17.9501;-29.1648;34.2461;30.4274;-18.6417
17.798;-29.2797;34.2647;30.618;-18.7566
17.6368;-29.4093;34.2924;30.8248;-18.8862
17.482;-29.538;34.3236;31.026;-19.0148
17.3227;-29.6651;34.3525;31.2297;-19.142
17.1525;-29.7675;34.3557;31.4271;-19.2444
16.9853;-29.8783;34.3688;31.6271;-19.3552
16.819;-29.9909;34.3851;31.8276;-19.4678

16.6546;29.8986;34.2243;32.0251;-19.5783
16.477;29.7851;34.0389;32.2351;-19.6918
16.3094;29.6746;33.8612;32.4353;-19.8022
16.1822;29.5205;33.6649;32.6301;-19.9564
16.0654;29.3825;33.4877;32.807;-20.0944
15.9145;29.2372;33.2879;33.0153;-20.2397
15.7444;29.1186;33.1025;33.2224;-20.3583
15.5804;29.0121;32.931;33.4173;-20.4648
15.4025;28.8999;32.7482;33.6266;-20.5769
15.229;28.8059;32.5837;33.8214;-20.671
15.0534;28.7124;32.4192;34.0175;-20.7645
14.8612;28.6292;32.2566;34.2206;-20.8477
14.6743;28.5512;32.1015;34.4163;-20.9257
14.4702;28.4738;31.9397;34.6255;-21.0031
14.2897;28.41;31.8013;34.8077;-21.0669
14.115;28.3543;31.6734;34.9805;-21.1226
13.9066;28.2891;31.5225;35.1861;-21.1878
13.7086;28.2305;31.3829;35.3796;-21.2463
13.5161;28.1741;31.2484;35.5674;-21.3028
13.3268;28.121;31.1191;35.7509;-21.3558
13.1493;28.0731;31;35.9219;-21.4038
12.9757;28.0245;30.8828;36.0903;-21.4523
12.7806;27.9675;30.7494;36.2812;-21.5094
12.557;27.9016;30.597;36.5004;-21.5753
12.3614;27.8441;30.4646;36.6923;-21.6328
12.1724;27.7821;30.3317;36.8815;-21.6948
11.9844;27.7225;30.202;37.0687;-21.7544
11.7979;27.6643;30.075;37.2539;-21.8126
11.605;27.6062;29.9462;37.4443;-21.8707
11.4228;27.5359;29.8112;37.6333;-21.941
11.236;27.4633;29.6729;37.8274;-22.0136
11.0496;27.3937;29.5383;38.0196;-22.0832
10.8721;27.34;29.4224;38.1953;-22.1369
10.6823;27.2868;29.3033;38.3808;-22.19
10.4923;27.2334;29.1847;38.5668;-22.2435
10.3029;27.1895;29.0761;38.747;-22.2874
10.1004;27.152;28.9698;38.9342;-22.3249
9.90166;27.1142;28.8656;39.1188;-22.3627
9.70969;27.0719;28.7605;39.3006;-22.405
9.51953;27.0275;28.655;39.4822;-22.4493
9.32406;26.9709;28.5371;39.6752;-22.506
9.11787;26.9223;28.4244;39.8727;-22.5546
8.91558;26.8897;28.3292;40.058;-22.5872
8.72232;26.8575;28.2383;40.2359;-22.6194
8.52426;26.8192;28.1413;40.4213;-22.6577
8.33019;26.7835;28.049;40.6021;-22.6934
8.11542;26.7743;27.9772;40.7855;-22.7025
7.91628;26.763;27.9092;40.9573;-22.7139
7.71682;26.752;27.8427;41.1295;-22.7249
7.50476;26.7543;27.7869;41.3052;-22.7226
7.30888;26.7569;27.7372;41.4675;-22.72
7.1084;26.7435;27.6721;41.6426;-22.7334
6.90321;26.723;27.6003;41.8258;-22.7539
6.68683;26.6954;27.5201;42.0225;-22.7815
6.48898;26.6705;27.4485;42.2024;-22.8064
6.27895;26.6549;27.3845;42.3876;-22.822
6.08178;26.6358;27.3213;42.5642;-22.8411
5.90169;26.6185;27.2649;42.7255;-22.8584
5.70219;26.6006;27.2049;42.9037;-22.8763
5.50135;26.579;27.1424;43.0852;-22.8979
5.30352;26.5551;27.0795;43.2656;-22.9218
5.10809;26.5261;27.0135;43.4468;-22.9507
4.90295;26.4976;26.9474;43.6361;-22.9792
4.69272;26.46;26.8729;43.8347;-23.0169
4.48799;26.4288;26.8072;44.0254;-23.048
4.28841;26.3995;26.7455;44.2109;-23.0774
4.0902;26.3731;26.6884;44.3938;-23.1038
3.89272;26.3366;26.6228;44.5814;-23.1402
3.67493;26.3134;26.5688;44.7797;-23.1634
3.48186;26.2905;26.52;44.9569;-23.1864
3.28284;26.2851;26.4893;45.1303;-23.1918
3.09819;26.294;26.4759;45.2843;-23.1829
2.8964;26.3027;26.4617;45.4533;-23.1742
2.70232;26.3202;26.4586;45.6114;-23.1567
2.50847;26.3548;26.4739;45.761;-23.122
2.31509;26.3947;26.496;45.908;-23.0822
2.11231;26.4074;26.4918;46.077;-23.0695
1.90316;26.4249;26.4933;46.2495;-23.052
1.70158;26.4483;26.503;46.4127;-23.0286
1.50658;26.4554;26.4983;46.5786;-23.0215
1.32264;26.4761;26.5091;46.7284;-23.0008
1.13294;26.4852;26.5095;46.8891;-22.9916
0.931883;26.4946;26.511;47.0599;-22.9823
0.727997;26.4991;26.5091;47.2357;-22.9778
0.532356;26.5058;26.5112;47.4035;-22.9711
0.335587;26.5217;26.5239;47.568;-22.9551
0.13614;26.5201;26.5205;47.7436;-22.9567
-0.0501256;26.4915;26.4915;47.9207;-22.9854
-0.245846;26.4214;26.4225;48.1261;-23.0555
-0.430204;26.356;26.3595;48.3193;-23.1209
-0.613135;26.2903;26.2974;48.5113;-23.1866
-0.808791;26.2285;26.2409;48.7128;-23.2484
-1.00555;26.1784;26.1977;48.9096;-23.2985
-1.19462;26.1318;26.1591;49.098;-23.345
-1.39027;26.0816;26.1186;49.2941;-23.3953
-1.58329;26.0305;26.0786;49.4882;-23.4464
-1.77756;25.9709;26.0317;49.6876;-23.506
-1.96841;25.9039;25.9786;49.8874;-23.573
-2.15761;25.8392;25.9291;50.0848;-23.6377
-2.34514;25.7785;25.885;50.2787;-23.6983
-2.51556;25.7261;25.8488;50.4537;-23.7507
-2.71052;25.6609;25.8037;50.6564;-23.8159
-2.89885;25.5973;25.7609;50.8526;-23.8796
-3.07626;25.5362;25.7208;51.0379;-23.9407
-3.25681;25.4543;25.6618;51.2358;-24.0226
-3.43363;25.3629;25.5942;51.4348;-24.114
-3.61316;25.2718;25.5288;51.6361;-24.205
-3.77773;25.1772;25.459;51.8258;-24.2997
-3.94753;25.0782;25.3869;52.0223;-24.3987
-4.1095;24.9717;25.3076;52.2152;-24.5052
-4.28808;24.8573;25.2244;52.4266;-24.6196
-4.45075;24.7495;25.1466;52.6208;-24.7273
-4.61834;24.6393;25.0684;52.8206;-24.8376
-4.79573;24.5284;24.9929;53.0293;-24.9485
-4.94866;24.4284;24.9246;53.2113;-25.0485
-5.1064;24.3061;24.8367;53.4081;-25.1708
-5.25364;24.1802;24.7444;53.5972;-25.2967
-5.39805;24.0569;24.655;53.7828;-25.42
-5.55044;23.9267;24.562;53.9786;-25.5502
-5.72141;23.7853;24.4637;54.1962;-25.6916
-5.88202;23.6482;24.3687;54.4026;-25.8287
-6.03488;23.5297;24.2913;54.5934;-25.9472
-6.18447;23.3979;24.2014;54.7877;-26.079
-6.33811;23.2748;24.1223;54.9814;-26.2021
-6.51013;23.1356;24.0341;55.199;-26.3412
-6.67755;23.0093;23.9586;55.4064;-26.4676
-6.83528;22.8891;23.8879;55.6024;-26.5878
-6.99517;22.7686;23.8189;55.8005;-26.7083
-7.15758;22.6497;23.7537;56;-26.8272
-7.32854;22.5085;23.6715;56.2177;-26.9684
-7.45412;22.3875;23.5958;56.3859;-27.0894
-7.59529;22.2466;23.5075;56.5774;-27.2302
-7.74037;22.1055;23.4215;56.7726;-27.3714
-7.89332;21.9619;23.3373;56.9758;-27.515
-8.03168;21.8261;23.2569;57.1626;-27.6508
-8.1533;21.6797;23.1621;57.3399;-27.7972
-8.30143;21.531;23.0759;57.5416;-27.9459
-8.44841;21.3813;22.9899;57.7428;-28.0956
-8.58332;21.2347;22.9038;57.932;-28.2422
-8.71146;21.0915;22.8197;58.1137;-28.3854
-8.83874;20.9137;22.7048;58.3117;-28.5632
-8.91092;20.711;22.5466;58.4741;-28.7659
-8.93622;20.5131;22.3751;58.5937;-28.9638
-8.9555;20.3325;22.2174;58.6999;-29.1444
-9.00441;20.1406;22.0618;58.8378;-29.3363
-9.06956;19.9701;21.9331;58.9794;-29.5068
-9.14693;19.7782;21.7909;59.1426;-29.6987
-9.27997;19.6184;21.7025;59.3379;-29.8585
-9.42098;19.4734;21.6325;59.5328;-30.0035
-9.58608;19.3596;21.6029;59.7327;-30.1173
-9.77648;19.2464;21.5871;59.9542;-30.2305
-9.95117;19.1602;21.5902;60.1485;-30.3167
-10.135;19.0836;21.6079;60.3459;-30.3933
-10.2861;19.0151;21.6189;60.5109;-30.4618
-10.4596;18.9086;21.6087;60.7145;-30.5683
-10.6301;18.8107;21.6066;60.9111;-30.6661
-10.7827;18.7194;21.6028;61.0889;-30.7575
-10.9552;18.6131;21.5978;61.2915;-30.8638
-11.1328;18.5048;21.5955;61.4994;-30.972
-11.3144;18.3904;21.5922;61.7139;-31.0865
-11.4834;18.2896;21.5958;61.9107;-31.1873
-11.6425;18.1784;21.5871;62.1042;-31.2985
-11.7936;18.0592;21.569;62.2948;-31.4177
-11.9515;17.9357;21.5529;62.4934;-31.5411
-12.0868;17.8137;21.5272;62.6717;-31.6631
-12.244;17.6994;21.5217;62.8652;-31.7775
-12.3956;17.593;21.5212;63.0498;-31.8839
-12.5614;17.4798;21.5251;63.25;-31.9971
-12.7243;17.3593;21.5233;63.4515;-32.1175
-12.8776;17.2332;21.5131;63.6476;-32.2437
-13.0301;17.1031;21.5011;63.845;-32.3738
-13.2065;17.0079;21.5332;64.0453;-32.469
-13.4048;16.9514;21.6111;64.2449;-32.5254
-13.5933;16.8953;21.6848;64.4359;-32.5816
-13.8128;16.8812;21.8122;64.6324;-32.5956
-14.0229;16.8836;21.9476;64.8127;-32.5932
-14.2434;17.0031;22.1806;64.9436;-32.4738
-14.3289;17.2411;22.4181;64.8991;-32.2358
-14.3898;17.4152;22.5911;64.8658;-32.0616
-14.4604;17.5959;22.7754;64.8381;-31.881
-14.5117;17.8125;22.9755;64.7766;-31.6644
-14.5665;17.9938;23.1508;64.7361;-31.4831
-14.6243;18.1725;23.3262;64.6999;-31.3044
-14.6861;18.3515;23.5045;64.6676;-31.1253
-14.7571;18.5198;23.6803;64.6491;-30.957
-14.8221;18.7078;23.8679;64.6165;-30.7691
-14.8682;18.8903;24.0397;64.5703;-30.5865
-14.9501;19.0742;24.2349;64.5557;-30.4027
-15.036;19.2566;24.4315;64.5459;-30.2203
-15.1303;19.4475;24.64;64.5402;-30.0294
-15.2226;19.6353;24.8449;64.5348;-29.8416
-15.3201;19.8295;25.0582;64.5319;-29.6474
-15.4035;20.0077;25.2503;64.5244;-29.4691
-15.5116;20.1834;25.4555;64.5406;-29.2934
-15.6216;20.3551;25.6587;64.5611;-29.1218
-15.7216;20.5191;25.8496;64.5766;-28.9578
-15.8054;20.6836;26.0312;64.578;-28.7933
-15.9125;20.8609;26.2371;64.5951;-28.6159
-16.0148;21.0234;26.4283;64.6152;-28.4535
-16.1728;21.1914;26.6577;64.6834;-28.2854
-16.2923;21.3636;26.8671;64.7159;-28.1133
-16.4019;21.5316;27.0671;64.7419;-27.9453
-16.5282;21.707;27.2833;64.7805;-27.7699
-16.6415;21.8665;27.4788;64.8148;-27.6104
-16.7637;22.021;27.6757;64.8598;-27.4558
-16.872;22.1839;27.871;64.8892;-27.2929
-16.9824;22.3465;28.0672;64.9213;-27.1304
-17.0798;22.5132;28.2589;64.9404;-26.9637
-17.1933;22.6785;28.4592;64.9754;-26.7984
-17.313;22.8419;28.6617;65.0173;-26.635
-17.4369;22.9926;28.8566;65.0688;-26.4842
-17.5565;23.1563;29.0594;65.1118;-26.3205
-17.6813;23.3182;29.2637;65.1608;-26.1587
-17.7969;23.4861;29.4674;65.1995;-25.9908
-17.9068;23.6727;29.6825;65.2263;-25.8042
-18.0135;23.8428;29.8825;65.2573;-25.6341
-18.1205;24.0135;30.0832;65.289;-25.4634
-18.2214;24.178;30.2753;65.318;-25.2989
-18.32;24.3411;30.4649;65.346;-25.1358
-18.4497;24.4794;30.6534;65.4128;-24.9975
-18.5513;24.6585;30.8575;65.4385;-24.8184
-18.6386;24.8403;31.0554;65.4506;-24.6365
-18.7345;25.0164;31.2538;65.4735;-24.4605
-18.8197;25.1657;31.4244;65.497;-24.3111
-18.9237;25.3259;31.615;65.5344;-24.151
-19.0156;25.5085;31.8163;65.5528;-23.9683
-19.0957;25.6718;31.9951;65.568;-23.8051
-19.1775;25.8562;32.1919;65.5775;-23.6207
-19.2546;26.0545;32.3972;65.5784;-23.4224
-19.3253;26.2416;32.5897;65.5779;-23.2353
-19.3882;26.4245;32.7743;65.5722;-23.0524
-19.4477;26.6128;32.9614;65.562;-22.8641
-19.5177;26.8004;33.1542;65.5625;-22.6765
-19.5895;27.0028;33.3602;65.5602;-22.4741
-19.652;27.194;33.5516;65.5536;-22.2829
-19.713;27.3788;33.7373;65.5485;-22.0981
-19.7846;27.567;33.9318;65.5528;-21.9099
-19.8558;27.763;34.1326;65.5548;-21.7139
-19.9272;27.9499;34.3262;65.5605;-21.527
-20.0072;28.1344;34.5229;65.5758;-21.3425
-20.0867;28.3168;34.7177;65.5919;-21.1601
-20.1817;28.509;34.9294;65.6201;-20.9679
-20.2608;28.6888;35.1219;65.6379;-20.7881
-20.3247;28.8748;35.3107;65.6399;-20.6021
-20.3978;29.0688;35.5115;65.6487;-20.4081
-20.47;29.2542;35.7048;65.6601;-20.2227
-20.5502;29.4538;35.9143;65.6752;-20.0231
-20.6221;29.636;36.1049;65.6884;-19.8409
-20.6781;29.8229;36.2903;65.6857;-19.654
-20.7574;29.9912;36.4739;65.7112;-19.4856

-20.8449;-29.8294;36.3909;65.7419;-19.3063
-20.9778;-29.6461;36.3175;65.8155;-19.123
-21.1097;-29.487;36.2643;65.8957;-18.9639
-21.2367;-29.3327;36.2133;65.9731;-18.8096
-21.3682;-29.1572;36.1489;66.0495;-18.634
-21.4931;-29.0233;36.1152;66.1318;-18.5002
-21.6283;-28.866;36.0698;66.2179;-18.3428
-21.7647;-28.7078;36.0256;66.3054;-18.1847
-21.8923;-28.5192;35.953;66.3767;-17.9961
-22.0045;-28.3431;35.8821;66.4372;-17.82
-22.1113;-28.1549;35.7995;66.4899;-17.6318
-22.2158;-27.9784;35.7258;66.5442;-17.4552
-22.314;-27.7889;35.639;66.5897;-17.2658
-22.405;-27.609;35.5562;66.6312;-17.0858
-22.5235;-27.413;35.4793;66.6958;-16.8899
-22.6111;-27.2273;35.3919;66.7338;-16.7042
-22.6949;-27.0269;35.2918;66.7651;-16.5037
-22.7855;-26.8268;35.1974;66.8038;-16.3036
-22.8507;-26.6514;35.1063;66.8244;-16.1283
-22.9424;-26.477;35.0341;66.8716;-15.9539
-23.0198;-26.2939;34.9468;66.9034;-15.7708
-23.0662;-26.1243;34.8501;66.9088;-15.6012
-23.1175;-25.931;34.7395;66.9139;-15.4078
-23.1605;-25.7507;34.6339;66.9144;-15.2276
-23.1716;-25.5242;34.4733;66.8741;-15.0011
-23.2241;-25.3199;34.3577;66.8797;-14.7968
-23.2686;-25.1234;34.2435;66.88;-14.6003
-23.2878;-24.9397;34.122;66.8589;-14.4166
-23.3087;-24.7467;33.9954;66.8379;-14.2235
-23.3625;-24.5341;33.8781;66.8457;-14.0109
-23.4067;-24.339;33.7677;66.8483;-13.8158
-23.4391;-24.1513;33.6553;66.8414;-13.6282
-23.4812;-23.961;33.5484;66.8441;-13.4379
-23.5128;-23.7677;33.4328;66.8365;-13.2446
-23.5614;-23.5851;33.3376;66.8482;-13.062
-23.6358;-23.384;33.2485;66.8823;-12.8609
-23.6678;-23.191;33.1359;66.8769;-12.6679
-23.698;-22.9863;33.0146;66.8681;-12.4632
-23.7218;-22.7854;32.8922;66.8543;-12.2623
-23.7447;-22.5861;32.771;66.8405;-12.063
-23.7694;-22.3872;32.6523;66.8292;-11.8641
-23.7832;-22.1946;32.5306;66.8088;-11.6714
-23.7985;-22.0005;32.4097;66.7903;-11.4773
-23.8255;-21.8012;32.2947;66.7829;-11.2781
-23.8332;-21.6048;32.1681;66.7577;-11.0817
-23.8537;-21.4094;32.0524;66.7457;-10.8862
-23.8526;-21.21;31.9188;66.7124;-10.6869
-23.8628;-21.0135;31.7962;66.6913;-10.4904
-23.8671;-20.8168;31.6698;66.6649;-10.2937
-23.8548;-20.6043;31.5213;66.6203;-10.0812
-23.8681;-20.4083;31.4036;66.604;-9.88521
-23.8998;-20.1993;31.2923;66.6047;-9.67615
-23.91;-19.9808;31.1596;66.5834;-9.45765
-23.8893;-19.78;31.0153;66.5347;-9.25685
-23.8588;-19.5862;30.8685;66.4778;-9.06313
-23.828;-19.3674;30.7062;66.4177;-8.84429
-23.7861;-19.1611;30.5438;66.349;-8.63795
-23.7408;-18.9576;30.3811;66.2779;-8.43444
-23.7042;-18.7476;30.2218;66.2152;-8.22446
-23.6632;-18.5726;30.0814;66.153;-8.04952
-23.6225;-18.3698;29.9244;66.0882;-7.84664
-23.5801;-18.154;29.7589;66.0209;-7.63087
-23.5477;-17.9644;29.6178;65.967;-7.44129
-23.485;-17.7826;29.4579;65.8844;-7.25947
-23.429;-17.5921;29.2984;65.808;-7.06893
-23.3656;-17.4043;29.1352;65.7251;-6.88115
-23.307;-17.2151;28.9754;65.6472;-6.69193
-23.2561;-17.0261;28.8225;65.5776;-6.50297
-23.2203;-16.8499;28.6897;65.5247;-6.32674
-23.1845;-16.6529;28.5454;65.4703;-6.1298
-23.1485;-16.457;28.4022;65.4165;-5.93384
-23.1178;-16.2581;28.2623;65.3681;-5.73495
-23.059;-16.068;28.1051;65.2931;-5.54485
-22.9874;-15.8962;27.9483;65.2074;-5.37307
-22.8996;-15.6901;27.7592;65.1033;-5.167
-22.7973;-15.5222;27.58;64.9881;-4.99905
-22.6881;-15.3542;27.3953;64.8665;-4.8311
-22.5507;-15.2089;27.2001;64.7188;-4.68576
-22.4197;-15.0586;27.0075;64.5775;-4.53549
-22.2838;-14.8975;26.8049;64.4307;-4.37435
-22.1197;-14.7737;26.5997;64.2587;-4.25063
-21.9531;-14.6627;26.3995;64.0853;-4.13955
-21.7766;-14.5667;26.1994;63.9029;-4.04363
-21.6131;-14.4737;26.0119;63.734;-3.95061
-21.4479;-14.3763;25.8204;63.5631;-3.85318
-21.2513;-14.2973;25.6131;63.3621;-3.77421
-21.0493;-14.244;25.4158;63.1573;-3.7209
-20.8594;-14.1864;25.2264;62.9643;-3.66331
-20.6692;-14.1549;25.0515;62.7726;-3.63177
-20.4579;-14.0972;24.8447;62.5584;-3.57411
-20.2645;-14.0476;24.6573;62.3624;-3.52451
-20.0652;-14.001;24.4671;62.1608;-3.47783
-19.865;-13.9594;24.2793;61.9587;-3.43627
-19.6761;-13.8814;24.0799;61.7657;-3.3583
-19.4827;-13.8161;23.8843;61.569;-3.29298
-19.301;-13.7425;23.6936;61.3837;-3.2194
-19.1173;-13.6624;23.4975;61.1962;-3.13928
-18.9455;-13.5877;23.3143;61.0208;-3.0646
-18.768;-13.4986;23.1181;60.8391;-2.97545
-18.5937;-13.4096;22.9247;60.6607;-2.88645
-18.4297;-13.301;22.7282;60.4918;-2.77786
-18.2698;-13.1923;22.5349;60.3271;-2.66921
-18.0736;-13.0913;22.3167;60.1267;-2.56821
-17.9012;-12.9896;22.1175;59.9502;-2.46643
-17.7275;-12.8831;21.9143;59.7724;-2.35996
-17.5628;-12.7956;21.7297;59.6044;-2.2725
-17.3739;-12.7227;21.5342;59.4129;-2.19963
-17.1989;-12.6448;21.3469;59.2352;-2.12164
-17.0123;-12.5565;21.1444;59.0456;-2.03343
-16.8262;-12.4873;20.9536;58.8573;-1.9642
-16.642;-12.4187;20.7648;58.6709;-1.89557
-16.4439;-12.3633;20.5731;58.4711;-1.84015
-16.2613;-12.2988;20.3885;58.2867;-1.7757
-16.0322;-12.2488;20.1758;58.0561;-1.72564
-15.8512;-12.1661;19.9818;57.8728;-1.64301
-15.6704;-12.0837;19.7883;57.6897;-1.5606
-15.4837;-12.0045;19.5922;57.501;-1.48141
-15.3123;-11.9199;19.4049;57.3276;-1.39677
-15.1428;-11.8261;19.2135;57.1559;-1.30296
-14.9579;-11.7265;19.0066;56.9689;-1.20338
-14.7799;-11.6358;18.8106;56.7891;-1.11263
-14.6289;-11.5229;18.6221;56.636;-0.999756
-14.4553;-11.4137;18.4182;56.4606;-0.890627
-14.3175;-11.2566;18.2127;56.3206;-0.733445
-14.1633;-11.0898;17.9884;56.1644;-0.566673
-14.0901;-10.8986;17.8133;56.0897;-0.375488
-14.0125;-10.7189;17.6421;56.0111;-0.195774
-13.9864;-10.5088;17.4945;55.9847;0.0142724
-13.9644;-10.3041;17.3545;55.9631;0.219003
-13.9726;-10.1028;17.2424;55.9725;0.42029
-14.006;-9.89304;17.1476;56.0078;0.630086
-14.0483;-9.69188;17.0671;56.0527;0.831243
-14.0893;-9.49413;16.9896;56.097;1.02899
-14.1012;-9.28438;16.8833;56.1132;1.23874
-14.1116;-9.07915;16.78;56.1284;1.44397
-14.1019;-8.86779;16.6584;56.1246;1.65533
-14.1091;-8.6691;16.5596;56.138;1.85403
-14.1139;-8.46412;16.4573;56.15;2.059
-14.1289;-8.2673;16.37;56.1725;2.25582
-14.1861;-8.07103;16.3214;56.2379;2.45209
-14.2653;-7.88046;16.2972;56.3256;2.64266
-14.3682;-7.70402;16.3033;56.437;2.8191
-14.4788;-7.5454;16.3269;56.5555;2.97772
-14.5753;-7.37492;16.3349;56.6611;3.1482
-14.7093;-7.21693;16.3844;56.8039;3.30619
-14.8149;-7.02916;16.3979;56.9205;3.49396
-14.9181;-6.85146;16.4162;57.0347;3.67166
-14.9833;-6.67579;16.4032;57.1113;3.84733
-15.1147;-6.50494;16.4551;57.2542;4.01818
-15.2024;-6.29439;16.454;57.3568;4.22873
-15.302;-6.1099;16.4767;57.47;4.41322
-15.3909;-5.92835;16.4932;57.5728;4.59478
-15.4757;-5.74594;16.508;57.6721;4.77719
-15.5567;-5.5542;16.5184;57.769;4.96892
-15.6475;-5.38887;16.5494;57.8739;5.13425
-15.7448;-5.2088;16.584;57.9871;5.31432
-15.813;-5.0265;16.5927;58.072;5.49662
-16.015;-4.89211;16.7455;58.2859;5.63101
-16.136;-4.68479;16.8023;58.4267;5.83833
-16.3317;-4.57197;16.9595;58.6327;5.95115
-16.4693;-4.4249;17.0534;58.7848;6.09822
-16.7024;-4.36909;17.2644;59.0224;6.15403
-16.8864;-4.28012;17.4204;59.2147;6.243
-17.1623;-4.30706;17.6945;59.4862;6.21606
-17.3737;-4.30985;17.9003;59.6962;6.21327
-17.5827;-4.37562;18.119;59.8973;6.14751
-17.7637;-4.44063;18.3103;60.0707;6.0825
-17.9606;-4.50544;18.517;60.26;6.01768
-18.126;-4.6583;18.715;60.4096;5.86482
-18.3346;-4.74263;18.9381;60.6092;5.7805
-18.4841;-4.90034;19.1226;60.7431;5.62278
-18.694;-4.98656;19.3477;60.9443;5.53656
-18.8372;-5.15591;19.5301;61.0718;5.36721
-19.0314;-5.25472;19.7435;61.2566;5.2684
-19.1674;-5.43122;19.922;61.3772;5.0919
-19.366;-5.52574;20.1389;61.5674;4.99738
-19.4985;-5.70803;20.3168;61.685;4.81509
-19.6994;-5.81703;20.5403;61.8769;4.70609
-19.8221;-6.00581;20.712;61.9852;4.51732
-19.9807;-6.10778;20.8934;62.1361;4.41534
-20.1221;-6.25958;21.0732;62.2665;4.26354
-20.3137;-6.36013;21.2861;62.4509;4.16299
-20.44;-6.53228;21.4585;62.5657;3.99085
-20.6416;-6.6439;21.6845;62.7599;3.87922
-20.7817;-6.81486;21.8706;62.8894;3.70827
-20.9624;-6.9245;22.0765;63.0635;3.59862
-21.087;-7.13407;22.2611;63.1762;3.38905
-21.2989;-7.23643;22.4946;63.3824;3.28669
-21.4187;-7.45987;22.6807;63.491;3.06326
-21.6101;-7.57121;22.8981;63.6769;2.95191
-21.7555;-7.747;23.0937;63.8142;2.77612
-21.9311;-7.89881;23.3102;63.9832;2.62431
-22.0408;-8.06983;23.4717;64.086;2.45329
-22.2133;-8.20027;23.6786;64.2535;2.32285
-22.3174;-8.40221;23.8466;64.3506;2.12091
-22.4989;-8.55616;24.0709;64.5272;1.96697
-22.5671;-8.79427;24.2201;64.5885;1.72885
-22.744;-8.95047;24.4418;64.7614;1.57265
-22.8143;-9.18571;24.5941;64.8264;1.33742
-22.9659;-9.33823;24.7919;64.975;1.18489
-23.0057;-9.57821;24.92;65.0109;0.944914
-23.1782;-9.75828;25.1486;65.181;0.764837
-23.2351;-10.0025;25.2966;65.2354;0.520603
-23.3552;-10.1733;25.4748;65.3545;0.34981
-23.372;-10.3996;25.5813;65.3704;0.123499
-23.5078;-10.5795;25.7788;65.5061;-0.0564227
-23.5337;-10.8072;25.8965;65.5325;-0.284061
-23.6347;-11.0026;26.0702;65.6347;-0.479512
-23.6986;-11.2024;26.2129;65.7004;-0.679253
-23.8009;-11.3948;26.388;65.805;-0.871672
-23.8455;-11.5947;26.515;65.8525;-1.07158
-23.9747;-11.7707;26.7083;65.9847;-1.24754
-24.0053;-11.9967;26.836;66.02;-1.47353
-24.1519;-12.1821;27.0503;66.171;-1.65895
-24.1873;-12.4091;27.1847;66.2124;-1.886
-24.3392;-12.5876;27.4015;66.3695;-2.06445
-24.3849;-12.7861;27.5337;66.4217;-2.26302
-24.5361;-12.9543;27.7459;66.5788;-2.43115
-24.5981;-13.1869;27.9098;66.6496;-2.66374
-24.7848;-13.3431;28.1483;66.8426;-2.81997
-24.8718;-13.5498;28.3232;66.9386;-3.02671
-25.0667;-13.6721;28.5528;67.1388;-3.14899
-25.1646;-13.8773;28.7374;67.2466;-3.35419
-25.4006;-14.0034;29.0049;67.4887;-3.48027
-25.5263;-14.1586;29.19;67.6224;-3.63544
-25.7473;-14.2375;29.4216;67.8474;-3.71438
-25.8792;-14.3798;29.606;67.987;-3.85668
-26.1078;-14.4431;29.8365;68.2188;-3.91995
-26.2855;-14.6101;30.0729;68.4059;-4.08694
-26.5004;-14.6457;30.2782;68.6226;-4.12255
-26.6734;-14.7881;30.4985;68.804;-4.26495
-26.8959;-14.8215;30.7094;69.0281;-4.29834
-27.0704;-14.9544;30.9264;69.2107;-4.43129
-27.3221;-14.9737;31.1562;69.4631;-4.45059
-27.5209;-15.1147;31.3983;69.6706;-4.59162
-27.7477;-15.1404;31.6096;69.8986;-4.61731
-27.9255;-15.2494;31.8179;70.0833;-4.72627
-28.1642;-15.2577;32.0316;70.322;-4.73463
-28.3592;-15.4016;32.2715;70.5264;-4.87843
-28.5962;-15.4278;32.4924;70.7646;-4.90467
-28.7867;-15.5294;32.7083;70.9618;-5.00625
-29.003;-15.549;32.9081;71.1789;-5.02583
-29.196;-15.6338;33.1183;71.3775;-5.11069
-29.3944;-15.6946;33.322;71.5798;-5.1715
-29.5824;-15.7591;33.5182;71.7719;-5.23596
-29.7658;-15.8274;33.7122;71.9599;-5.3043
-29.9568;-15.8959;33.913;72.1554;-5.37281

29.866;-15.9686;33.867;72.3376;-5.44544
29.6593;-16.0049;33.7021;72.5463;-5.48176
29.47;-16.0996;33.5809;72.7424;-5.57652
29.2562;-16.1156;33.4012;72.9567;-5.59251
29.0464;-16.2392;33.2777;73.1754;-5.71607
28.828;-16.2594;33.0971;73.3948;-5.73624
28.6435;-16.3948;33.0036;73.5894;-5.87165
28.4021;-16.4177;32.8058;73.8319;-5.89458
28.2145;-16.5819;32.7264;74.0321;-6.05876
27.98;-16.6169;32.5423;74.2687;-6.09379
27.809;-16.7568;32.4674;74.4507;-6.2337
27.5932;-16.8141;32.3126;74.6705;-6.29102
27.3947;-16.9112;32.194;74.8766;-6.38804
27.2098;-16.9755;32.0709;75.0663;-6.45233
27.0257;-17.0136;31.9351;75.253;-6.49046
26.8206;-17.0859;31.8005;75.4635;-6.56274
26.612;-17.128;31.6475;75.6751;-6.60486
26.4393;-17.1983;31.5408;75.8532;-6.6752
26.223;-17.2026;31.362;76.0691;-6.67951
26.0278;-17.3101;31.2584;76.273;-6.78696
25.7947;-17.3385;31.0804;76.5077;-6.81538
25.5962;-17.4069;30.9542;76.7116;-6.88378
25.4046;-17.4477;30.819;76.9061;-6.92455
25.2187;-17.5084;30.7006;77.0967;-6.98524
25.0253;-17.5604;30.5718;77.294;-7.03733
24.8392;-17.6423;30.467;77.4868;-7.11922
24.6503;-17.7087;30.3519;77.681;-7.18556
24.475;-17.7964;30.2612;77.8637;-7.27328
24.2696;-17.8376;30.1196;78.072;-7.31443
24.0959;-17.9643;30.0554;78.2569;-7.44117
23.8992;-18.0271;29.9357;78.4588;-7.50395
23.7434;-18.178;29.903;78.6283;-7.65486
23.5553;-18.2613;29.8048;78.8237;-7.73817
23.4074;-18.411;29.7804;78.9857;-7.8879
23.2195;-18.501;29.6889;79.1817;-7.97788
23.069;-18.6858;29.6874;79.3502;-8.16271
22.8909;-18.7985;29.6205;79.5391;-8.27536
22.7961;-18.9671;29.6549;79.651;-8.44402
22.6139;-19.0988;29.5999;79.8463;-8.57569
22.5271;-19.3151;29.6739;79.9561;-8.79199
22.3538;-19.4609;29.6381;80.1445;-8.93782
22.2759;-19.6775;29.7224;80.2462;-9.15437
22.1291;-19.841;29.7214;80.4108;-9.31783
22.0689;-20.0466;29.8145;80.4948;-9.52351
21.9336;-20.213;29.827;80.6489;-9.6899
21.8899;-20.4334;29.9448;80.719;-9.91031
21.7603;-20.6079;29.9699;80.8693;-10.0847
21.7163;-20.8217;30.0856;80.9398;-10.2986
21.5955;-20.998;30.1211;81.0822;-10.4748
21.5454;-21.2036;30.2291;81.1587;-10.6805
21.4365;-21.3834;30.2782;81.2905;-10.8602
21.3934;-21.5894;30.3937;81.361;-11.0663
21.3032;-21.7786;30.4653;81.4762;-11.2555
21.2684;-21.9819;30.5867;81.5391;-11.4588
21.1827;-22.1781;30.6687;81.6517;-11.6549
21.1328;-22.3785;30.7798;81.7299;-11.8554
21.0476;-22.5313;30.8328;81.8365;-12.0082
21.0231;-22.7457;30.9731;81.8925;-12.2225
20.9129;-22.9355;31.0384;82.0299;-12.4123
20.8843;-23.146;31.1752;82.0903;-12.6229
20.7768;-23.341;31.2487;82.2266;-12.8179
20.7412;-23.5451;31.3779;82.2938;-13.022
20.6177;-23.7228;31.4302;82.4441;-13.1996
20.5992;-23.9627;31.5996;82.5011;-13.4396
20.4796;-24.1626;31.674;82.6519;-13.6395
20.4784;-24.4096;31.8621;82.6942;-13.8864
20.368;-24.6096;31.9451;82.8368;-14.0865
20.3379;-24.824;32.0914;82.9032;-14.3009
20.2463;-25.0127;32.1799;83.0261;-14.4895
20.217;-25.2209;32.3237;83.0915;-14.6978
20.1492;-25.4096;32.429;83.1918;-14.8865
20.1084;-25.6076;32.5591;83.2676;-15.0844
20.036;-25.7898;32.6581;83.3719;-15.2666
20.0128;-25.9881;32.8008;83.4313;-15.465
19.9197;-26.1772;32.8944;83.558;-15.6541
19.8927;-26.3994;33.0552;83.6265;-15.8763
19.7886;-26.5755;33.1337;83.7623;-16.0524
19.7527;-26.7985;33.2916;83.8404;-16.2754
19.6591;-26.9821;33.3844;83.9681;-16.459
19.6227;-27.1919;33.5328;84.0451;-16.6687
19.4936;-27.3761;33.6073;84.2083;-16.8529
19.4;-27.6073;33.742;84.3466;-17.0842
19.2641;-27.7654;33.7938;84.5117;-17.2422
19.1723;-27.9614;33.9031;84.6418;-17.4383
19.0188;-28.1201;33.9478;84.8248;-17.597
18.8816;-28.2793;34.0034;84.9921;-17.7562
18.7205;-28.4142;34.0269;85.1779;-17.8911
18.5746;-28.5704;34.0777;85.3535;-18.0473
18.4259;-28.7245;34.1264;85.5315;-18.2014
18.2841;-28.8694;34.1724;85.7009;-18.3463
18.1546;-29.0097;34.2221;85.8575;-18.4866
18.0008;-29.1373;34.2492;86.0353;-18.6141
17.8632;-29.2844;34.3027;86.2015;-18.7613
17.7155;-29.4277;34.3487;86.3769;-18.9046
17.5489;-29.5603;34.3769;86.5685;-19.0371
17.4009;-29.7063;34.4275;86.7451;-19.1831
17.2572;-29.8493;34.4789;86.917;-19.3262
17.1146;-29.9941;34.5334;87.0883;-19.471

16.9747;29.8585;34.3463;87.2576;-19.6184
16.7755;29.773;34.1738;87.4709;-19.7039
16.6191;29.6149;33.9594;87.659;-19.862
16.4194;29.5312;33.7888;87.8725;-19.9457
16.2642;29.3884;33.5887;88.0561;-20.0885
16.0523;29.3148;33.4221;88.2792;-20.162
15.9149;29.1876;33.2446;88.4421;-20.2893
15.6805;29.125;33.0778;88.6846;-20.3519
15.514;29.0055;32.8938;88.8741;-20.4714
15.3147;28.9416;32.7438;89.0828;-20.5353
15.1801;28.7912;32.548;89.2485;-20.6857
14.9445;28.7298;32.3843;89.4919;-20.747
14.7531;28.6017;32.1825;89.7078;-20.8751
14.5496;28.5457;32.0398;89.9188;-20.9312
14.3858;28.4146;31.8487;90.1086;-21.0623
14.1678;28.3508;31.6938;90.3355;-21.1261
13.9875;28.2321;31.5072;90.5386;-21.2448
13.7727;28.1816;31.3671;90.7592;-21.2952
13.5925;28.0752;31.1925;90.9594;-21.4017
13.3925;28.0327;31.0675;91.1638;-21.4442
13.2135;27.8995;30.8704;91.3692;-21.5773
12.9752;27.8917;30.7621;91.6025;-21.5851
12.7678;27.8147;30.6051;91.8223;-21.6622
12.5691;27.771;30.4829;92.0257;-21.7059
12.3793;27.7026;30.3427;92.2263;-21.7743
12.1781;27.6718;30.233;92.4291;-21.8051
11.9923;27.602;30.0946;92.626;-21.8748
11.7834;27.5656;29.9784;92.8377;-21.9113
11.5991;27.5273;29.8712;93.0258;-21.9496
11.4084;27.4687;29.7436;93.2249;-22.0081
11.1936;27.4374;29.6329;93.4411;-22.0394
11.0001;27.3745;29.5019;93.6439;-22.1024
10.8023;27.3389;29.3957;93.8445;-22.138
10.6139;27.267;29.26;94.0446;-22.2098
10.4137;27.2335;29.1566;94.247;-22.2434
10.2293;27.1685;29.0304;94.4416;-22.3084
10.0318;27.137;28.9319;94.6409;-22.3398
9.84637;27.0621;28.7977;94.8388;-22.4148
9.62485;27.0611;28.7218;95.0543;-22.4158
9.42074;26.9553;28.5542;95.2776;-22.5215
9.21764;26.9253;28.4594;95.482;-22.5516
9.03387;26.8628;28.3412;95.6754;-22.6141
8.84681;26.8242;28.2454;95.8663;-22.6527
8.63589;26.7935;28.1508;96.0785;-22.6834
8.43831;26.7327;28.0329;96.2848;-22.7441
8.23562;26.7324;27.9723;96.4818;-22.7445
8.00992;26.6824;27.8587;96.713;-22.7945
7.79826;26.6707;27.7873;96.9214;-22.8062
7.59444;26.6524;27.7132;97.1238;-22.8245
7.38401;26.6494;27.6535;97.3291;-22.8275
7.18464;26.6447;27.5963;97.524;-22.8322
6.98507;26.6291;27.53;97.7217;-22.8478
6.78572;26.6333;27.4842;97.9146;-22.8436
6.59099;26.6106;27.4147;98.1092;-22.8662
6.38698;26.6237;27.3791;98.3046;-22.8532
6.18949;26.5862;27.2972;98.5054;-22.8907
5.98535;26.622;27.2865;98.6956;-22.8549
5.78379;26.5724;27.1945;98.9032;-22.9045
5.55479;26.5916;27.1656;99.1215;-22.8852
5.34848;26.5536;27.0869;99.3311;-22.9233
5.12837;26.5756;27.0659;99.5402;-22.9013
4.92177;26.5091;26.9621;99.7565;-22.9678
4.70142;26.5088;26.9225;99.9711;-22.9681
4.49512;26.4836;26.8623;100.178;-22.9933
4.2769;26.4505;26.794;100.398;-23.0264
4.07858;26.4338;26.7466;100.594;-23.043
3.88036;26.4067;26.6903;100.794;-23.0702
3.67491;26.4072;26.6617;100.994;-23.0697
3.47446;26.371;26.5989;101.197;-23.1059
3.27894;26.3695;26.5726;101.388;-23.1074
3.06679;26.352;26.5299;101.598;-23.1249
2.86292;26.3535;26.5086;101.796;-23.1233
2.67543;26.3452;26.4807;101.981;-23.1316
2.47407;26.3668;26.4826;102.172;-23.1101
2.27188;26.3572;26.455;102.371;-23.1196
2.08729;26.4107;26.493;102.539;-23.0662
1.87378;26.3463;26.4129;102.762;-23.1306
1.65494;26.4249;26.4767;102.957;-23.052
1.43369;26.4003;26.4392;103.178;-23.0766
1.20026;26.4502;26.4774;103.395;-23.0267
0.999531;26.426;26.4449;103.596;-23.0509
0.789523;26.4827;26.4945;103.788;-22.9942
0.573361;26.4495;26.4557;104.006;-23.0274
0.378412;26.5098;26.5125;104.183;-22.9671
0.146886;26.4334;26.4338;104.426;-23.0434
-0.064477;26.4247;26.4247;104.634;-23.0522
-0.250957;26.3361;26.3373;104.835;-23.1408
-0.480373;26.3299;26.3343;105.06;-23.147
-0.682029;26.1798;26.1887;105.29;-23.2971
-0.887774;26.1246;26.1397;105.503;-23.3523
-1.0366;25.9845;26.0052;105.679;-23.4924
-1.24556;25.8845;25.9144;105.905;-23.5924
-1.39074;25.7653;25.8028;106.073;-23.7116
-1.57641;25.687;25.7353;106.272;-23.7899
-1.71779;25.5075;25.5653;106.45;-23.9694
-1.91707;25.4136;25.4858;106.665;-24.0633
-2.03715;25.2267;25.3088;106.824;-24.2502
-2.21704;25.1031;25.2008;107.028;-24.3738
-2.34685;24.9388;25.049;107.192;-24.5381
-2.52721;24.8355;24.9638;107.391;-24.6413
-2.64326;24.6358;24.7772;107.55;-24.841
-2.82725;24.5037;24.6663;107.759;-24.9732
-2.94103;24.3199;24.4971;107.913;-25.1569
-3.12661;24.2015;24.4026;108.121;-25.2754
-3.2397;23.9882;24.2059;108.281;-25.4887
-3.4484;23.8655;24.1133;108.512;-25.6114
-3.5782;23.6884;23.9571;108.68;-25.7885
-3.75886;23.5867;23.8844;108.88;-25.8902
-3.90029;23.4267;23.7492;109.056;-26.0501
-4.07403;23.3153;23.6685;109.251;-26.1616
-4.2304;23.1423;23.5257;109.444;-26.3346
-4.42403;23.053;23.4737;109.654;-26.4239
-4.57129;22.8508;23.3036;109.845;-26.626
-4.78847;22.7703;23.2683;110.076;-26.7066
-4.93429;22.5913;23.1239;110.261;-26.8856
-5.12797;22.5069;23.0837;110.469;-26.97
-5.29908;22.3326;22.9527;110.678;-27.1443
-5.51498;22.2415;22.915;110.909;-27.2354
-5.65045;22.0638;22.7758;111.084;-27.4131
-5.85502;21.9679;22.7347;111.306;-27.509
-5.98711;21.811;22.6178;111.473;-27.6659
-6.18853;21.725;22.5893;111.69;-27.7519
-6.35456;21.5338;22.4518;111.898;-27.9431
-6.55438;21.4295;22.4094;112.118;-28.0474
-6.71637;21.2833;22.3179;112.311;-28.1936
-6.88508;21.1918;22.2822;112.497;-28.2851
-7.01231;21.037;22.1749;112.659;-28.4399
-7.22945;20.9712;22.1824;112.886;-28.5056
-7.38844;20.8092;22.082;113.081;-28.6677
-7.59439;20.7859;22.1298;113.286;-28.691
-7.78126;20.6272;22.0461;113.507;-28.8497
-7.9922;20.5674;22.0656;113.726;-28.9095
-8.15806;20.4209;21.9902;113.924;-29.056
-8.37164;20.406;22.0565;114.134;-29.0709
-8.54403;20.278;22.0045;114.334;-29.1988
-8.73928;20.1889;21.9993;114.545;-29.288
-8.87618;20.035;21.9131;114.717;-29.4419
-9.07952;19.9662;21.9337;114.931;-29.5107
-9.24745;19.7891;21.8431;115.139;-29.6878
-9.45449;19.7023;21.8533;115.361;-29.7746
-9.5898;19.5259;21.7537;115.538;-29.951
-9.81227;19.4448;21.7803;115.774;-30.032
-9.94581;19.2443;21.6625;115.955;-30.2325
-10.1633;19.1626;21.691;116.186;-30.3143
-10.306;19.0197;21.6324;116.361;-30.4572
-10.5272;18.9396;21.6687;116.595;-30.5372
-10.6754;18.7765;21.5991;116.781;-30.7004
-10.9012;18.6891;21.636;117.022;-30.7878
-11.06;18.5237;21.5743;117.219;-30.9531
-11.3065;18.453;21.6414;117.475;-31.0239
-11.4563;18.2696;21.5644;117.668;-31.2073
-11.7002;18.1914;21.6292;117.924;-31.2855
-11.8329;18.0209;21.5585;118.097;-31.456
-12.061;17.9486;21.6246;118.337;-31.5282
-12.2026;17.7492;21.5392;118.526;-31.7276
-12.4348;17.6677;21.6049;118.772;-31.8092
-12.5985;17.4713;21.5399;118.982;-32.0056
-12.8421;17.4076;21.632;119.234;-32.0693
-13.0417;17.3061;21.67;119.454;-32.1708
-13.2777;17.3337;21.8347;119.673;-32.1432
-13.4779;17.2873;21.9204;119.879;-32.1896
-13.6993;17.386;22.1347;120.066;-32.0909
-13.8918;17.4412;22.2975;120.236;-32.0357
-14.0592;17.6168;22.5391;120.351;-31.8601
-14.2577;17.6996;22.7279;120.521;-31.7773
-14.3827;17.9157;22.9746;120.585;-31.5612
-14.5039;18.083;23.181;120.658;-31.3939
-14.5635;18.2502;23.3488;120.672;-31.2267
-14.6984;18.4194;23.5652;120.759;-31.0575
-14.7531;18.6743;23.7988;120.746;-30.8026
-14.8817;18.8296;24.0004;120.831;-30.6473
-14.9154;19.0467;24.1918;120.809;-30.4302
-15.0686;19.2239;24.4258;120.913;-30.253
-15.1173;19.4464;24.6312;120.904;-30.0305
-15.2864;19.6388;24.8869;121.021;-29.8381
-15.348;19.8543;25.0949;121.027;-29.6226
-15.4988;20.0171;25.3159;121.134;-29.4598
-15.553;20.2379;25.5239;121.133;-29.239
-15.7247;20.4058;25.7616;121.259;-29.0711
-15.7578;20.6282;25.9583;121.238;-28.8487
-15.9104;20.7739;26.1667;121.352;-28.703
-15.9748;20.9859;26.3743;121.365;-28.491
-16.1573;21.139;26.6066;121.506;-28.3379
-16.2601;21.3398;26.8287;121.56;-28.137
-16.4144;21.4989;27.0488;121.673;-27.978
-16.5063;21.6788;27.2476;121.721;-27.7981
-16.6498;21.8366;27.46;121.825;-27.6402
-16.7134;22.0435;27.6632;121.84;-27.4334
-16.9075;22.1822;27.8911;121.998;-27.2947
-16.9919;22.4108;28.1241;122.03;-27.0661
-17.1636;22.5609;28.3476;122.164;-26.9159
-17.2353;22.7791;28.5647;122.186;-26.6978
-17.4263;22.9231;28.7949;122.341;-26.5538
-17.511;23.1587;29.0338;122.373;-26.3181
-17.6904;23.3188;29.2697;122.514;-26.1581
-17.7504;23.5561;29.4953;122.522;-25.9207
-17.9343;23.7129;29.7311;122.669;-25.764
-18.0016;23.9294;29.9445;122.689;-25.5475
-18.1695;24.0877;30.172;122.821;-25.3892
-18.2528;24.3078;30.3979;122.857;-25.1691
-18.4138;24.4673;30.6222;122.982;-25.0096
-18.4768;24.6959;30.8428;122.997;-24.781
-18.6413;24.8441;31.0601;123.129;-24.6328
-18.7018;25.0729;31.2795;123.142;-24.404
-18.8506;25.2439;31.5056;123.255;-24.233
-18.8988;25.455;31.7037;123.26;-24.0218
-19.0558;25.6299;31.9377;123.381;-23.847
-19.1012;25.8511;32.1424;123.383;-23.6258
-19.2324;26.0371;32.37;123.476;-23.4398
-19.2692;26.2552;32.5675;123.471;-23.2217
-19.3948;26.4397;32.7905;123.56;-23.0372
-19.4421;26.6696;33.004;123.564;-22.8073
-19.5595;26.8486;33.2178;123.646;-22.6282
-19.5989;27.0828;33.4305;123.642;-22.3941
-19.7191;27.26;33.6445;123.728;-22.2169
-19.7288;27.483;33.8311;123.698;-21.9938
-19.8599;27.6726;34.0616;123.794;-21.8043
-19.8968;27.9004;34.2683;123.79;-21.5765
-20.0158;28.0626;34.4695;123.879;-21.4143
-20.0581;28.2852;34.6754;123.882;-21.1917
-20.1826;28.4625;34.892;123.975;-21.0144
-20.2157;28.7084;35.1119;123.966;-20.7685
-20.3619;28.8735;35.3311;124.083;-20.6034
-20.3977;29.1141;35.5485;124.078;-20.3628
-20.542;29.2885;35.7741;124.192;-20.1884
-20.5885;29.5103;35.9826;124.202;-19.9665
-20.6572;29.7028;36.1798;124.239;-19.7741
-20.752;29.8894;36.3871;124.303;-19.5875

-20.8495;-29.947;36.4901;124.374;-19.4239
-20.991;-29.7992;36.4502;124.491;-19.2761
-21.0687;-29.616;36.3455;124.539;-19.0929
-21.2291;-29.4588;36.3111;124.674;-18.9357
-21.3203;-29.2271;36.177;124.729;-18.704
-21.4788;-29.0781;36.1507;124.863;-18.555
-21.5514;-28.8936;36.0459;124.908;-18.3705
-21.7186;-28.7442;36.0267;125.051;-18.221
-21.7964;-28.5307;35.9038;125.098;-18.0076
-21.9559;-28.3722;35.8754;125.233;-17.8491
-22.0428;-28.1504;35.7538;125.287;-17.6273
-22.1884;-27.995;35.7217;125.41;-17.4718
-22.2344;-27.7973;35.5958;125.428;-17.2742
-22.416;-27.6239;35.5747;125.584;-17.1008
-22.4789;-27.395;35.4371;125.615;-16.8719
-22.6128;-27.224;35.3905;125.725;-16.7009
-22.6495;-26.9867;35.2318;125.73;-16.4636
-22.7734;-26.8131;35.1791;125.831;-16.2899
-22.81;-26.5973;35.0387;125.839;-16.0742
-22.9073;-26.4169;34.9656;125.913;-15.8937
-22.9249;-26.197;34.8114;125.903;-15.6738
-23.0312;-26.0124;34.7431;125.985;-15.4893
-23.0574;-25.7767;34.5844;125.982;-15.2536
-23.1449;-25.5823;34.4984;126.046;-15.0592
-23.163;-25.3726;34.3554;126.039;-14.8495
-23.2527;-25.1783;34.2729;126.105;-14.6552
-23.2853;-24.9469;34.1255;126.111;-14.4237
-23.3482;-24.7545;34.0283;126.152;-14.2314
-23.3468;-24.521;33.8578;126.124;-13.9978
-23.4396;-24.3355;33.788;126.196;-13.8124
-23.4505;-24.1064;33.631;126.182;-13.5833
-23.5215;-23.9282;33.5532;126.234;-13.4051
-23.5167;-23.7229;33.4037;126.207;-13.1997
-23.6116;-23.5333;33.3365;126.282;-13.0101
-23.5878;-23.3096;33.1621;126.235;-12.7865
-23.6675;-23.097;33.0699;126.293;-12.5739
-23.6584;-22.88;32.9122;126.263;-12.3569
-23.7474;-22.6658;32.828;126.331;-12.1427
-23.7285;-22.4256;32.6489;126.289;-11.9025
-23.8075;-22.2409;32.5799;126.35;-11.7178
-23.7884;-22.0267;32.4201;126.312;-11.5036
-23.8446;-21.8032;32.3102;126.347;-11.2801
-23.7793;-21.5898;32.1182;126.263;-11.0667
-23.8585;-21.3577;32.0216;126.322;-10.8346
-23.8221;-21.1349;31.8461;126.267;-10.6117
-23.8752;-20.9063;31.7349;126.301;-10.3832
-23.8338;-20.6901;31.5615;126.242;-10.167
-23.8702;-20.4972;31.463;126.263;-9.97408
-23.8437;-20.2971;31.3128;126.221;-9.77402
-23.8495;-20.08;31.177;126.21;-9.55692
-23.8252;-19.882;31.0312;126.171;-9.35892
-23.8148;-19.6819;30.8953;126.146;-9.1588
-23.7845;-19.4822;30.7451;126.101;-8.95912
-23.7527;-19.283;30.5945;126.056;-8.75983
-23.7404;-19.0836;30.4597;126.03;-8.56044
-23.6909;-18.886;30.2975;125.967;-8.36286
-23.6641;-18.6883;30.1537;125.927;-8.1652
-23.6172;-18.5075;30.005;125.869;-7.98439
-23.5958;-18.3097;29.8665;125.835;-7.78656
-23.5721;-18.1088;29.7249;125.799;-7.58566
-23.4985;-17.9052;29.5428;125.714;-7.38203
-23.4796;-17.714;29.4122;125.684;-7.19088
-23.4106;-17.5247;29.2433;125.604;-7.00161
-23.382;-17.3334;29.1061;125.565;-6.8103
-23.3079;-17.1543;28.9401;125.481;-6.63122
-23.2812;-16.9951;28.8244;125.447;-6.47198
-23.1699;-16.8275;28.6358;125.327;-6.30437
-23.1492;-16.6071;28.49;125.295;-6.08403
-23.0525;-16.4145;28.2993;125.189;-5.89135
-23.0086;-16.2127;28.1469;125.136;-5.68956
-22.8883;-16.0405;27.9495;125.008;-5.51741
-22.8417;-15.832;27.792;124.953;-5.30884
-22.6925;-15.6582;27.5704;124.796;-5.13507
-22.6033;-15.4757;27.3936;124.7;-4.95262
-22.4575;-15.34;27.1966;124.549;-4.81683
-22.3609;-15.1524;27.0112;124.445;-4.62925
-22.1737;-15.0202;26.782;124.253;-4.49703
-22.0333;-14.8561;26.5738;124.107;-4.33295
-21.8443;-14.7541;26.3601;123.915;-4.23096
-21.7106;-14.5897;26.1574;123.776;-4.06659
-21.4742;-14.5035;25.9132;123.537;-3.98034
-21.3012;-14.4227;25.7246;123.361;-3.89957
-21.138;-14.3246;25.5345;123.195;-3.80144
-20.925;-14.3157;25.3534;122.982;-3.79259
-20.7476;-14.1947;25.1387;122.801;-3.67155
-20.531;-14.1638;24.9427;122.583;-3.64072
-20.335;-14.0823;24.735;122.385;-3.55918
-20.1443;-14.0229;24.5445;122.193;-3.49975
-19.9719;-13.9418;24.3567;122.018;-3.41868
-19.7849;-13.8934;24.1758;121.83;-3.37027
-19.5961;-13.8129;23.9751;121.639;-3.28977
-19.4113;-13.7354;23.7795;121.452;-3.21231
-19.1972;-13.6563;23.559;121.236;-3.1332
-19.0233;-13.5615;23.3624;121.06;-3.03841
-18.8469;-13.4983;23.1821;120.882;-2.9752
-18.6659;-13.3726;22.9617;120.698;-2.84944
-18.4785;-13.3022;22.7684;120.509;-2.77904
-18.34;-13.2238;22.6102;120.369;-2.70063
-18.1887;-13.1393;22.4382;120.215;-2.61614
-18.0192;-13.0435;22.2447;120.044;-2.52043
-17.8295;-12.9742;22.0504;119.853;-2.45105
-17.6591;-12.8649;21.8484;119.68;-2.34179
-17.432;-12.8173;21.637;119.452;-2.29417
-17.2666;-12.6872;21.4266;119.285;-2.16407
-17.0532;-12.6473;21.2312;119.07;-2.12416
-16.8711;-12.5138;21.0054;118.886;-1.99065
-16.6417;-12.4643;20.7919;118.656;-1.94115
-16.4699;-12.3379;20.5786;118.482;-1.81474
-16.2523;-12.2964;20.3798;118.264;-1.77331
-16.0551;-12.1648;20.1432;118.065;-1.64168
-15.8452;-12.118;19.9479;117.854;-1.59493
-15.6641;-11.9988;19.7316;117.672;-1.47565
-15.4603;-11.9399;19.5341;117.467;-1.41674
-15.2914;-11.8148;19.324;117.297;-1.29165
-15.1262;-11.7275;19.1399;117.131;-1.20439
-14.9647;-11.5953;18.9313;116.968;-1.0722
-14.782;-11.4818;18.7174;116.784;-0.95869
-14.6565;-11.3042;18.5094;116.657;-0.781043
-14.4953;-11.1869;18.3101;116.495;-0.663779
-14.4139;-10.9584;18.1065;116.413;-0.43529
-14.2802;-10.7981;17.9031;116.279;-0.274982
-14.2448;-10.5673;17.7365;116.243;-0.0441308
-14.1408;-10.3889;17.5469;116.139;0.134181
-14.1514;-10.143;17.411;116.15;0.380109
-14.0939;-9.94626;17.2501;116.094;0.576859
-14.1368;-9.72679;17.1598;116.138;0.796335
-14.0945;-9.50675;17.001;116.097;1.01637
-14.1449;-9.27348;16.9137;116.15;1.24964
-14.1364;-9.05215;16.7863;116.144;1.47097
-14.1954;-8.84658;16.7264;116.206;1.67654
-14.1758;-8.6274;16.5948;116.19;1.89572
-14.2745;-8.42217;16.5739;116.292;2.10095
-14.2779;-8.20005;16.4651;116.299;2.32307
-14.3967;-8.00187;16.471;116.422;2.52125
-14.4222;-7.78306;16.3883;116.453;2.74006
-14.5787;-7.60692;16.444;116.613;2.9162
-14.6257;-7.37542;16.3801;116.666;3.1477
-14.7579;-7.19904;16.4202;116.804;3.32408
-14.8169;-7.00232;16.3882;116.868;3.5208
-14.9381;-6.82656;16.424;116.995;3.69656
-15.0022;-6.62874;16.4014;117.065;3.89438
-15.1338;-6.46117;16.4554;117.202;4.06195
-15.1976;-6.25256;16.4335;117.274;4.27056
-15.3418;-6.08556;16.5047;117.424;4.43756
-15.3999;-5.86999;16.4807;117.49;4.65313
-15.5676;-5.70273;16.5793;117.665;4.82039
-15.6512;-5.49062;16.5864;117.757;5.0325
-15.8208;-5.34707;16.7;117.933;5.17606
-15.9224;-5.16141;16.7381;118.043;5.36172
-16.1111;-5.03587;16.8798;118.237;5.48725
-16.2371;-4.85466;16.9473;118.371;5.66846
-16.4703;-4.77349;17.1481;118.608;5.74963
-16.6332;-4.62939;17.2654;118.778;5.89374
-16.8983;-4.619;17.5182;119.043;5.90413
-17.0982;-4.53417;17.6892;119.247;5.98895
-17.3305;-4.61392;17.9342;119.475;5.9092
-17.5586;-4.5706;18.1438;119.705;5.95252
-17.7832;-4.68109;18.389;119.924;5.84203
-18.0138;-4.68323;18.6126;120.154;5.83989
-18.2103;-4.84002;18.8425;120.343;5.6831
-18.4269;-4.90126;19.0676;120.556;5.62186
-18.5892;-5.06677;19.2673;120.711;5.45635
-18.8131;-5.15198;19.5057;120.931;5.37114
-18.9653;-5.32188;19.6978;121.075;5.20124
-19.1678;-5.40759;19.916;121.274;5.11553
-19.3088;-5.59241;20.1023;121.407;4.93071
-19.5067;-5.67646;20.3158;121.602;4.84667
-19.6338;-5.86043;20.4898;121.721;4.66269
-19.8489;-5.955;20.7229;121.933;4.56812
-19.9872;-6.14638;20.9109;122.064;4.37674
-20.1919;-6.24953;21.1369;122.265;4.27359
-20.3179;-6.43873;21.3137;122.384;4.0844
-20.5145;-6.53691;21.5308;122.578;3.98621
-20.6604;-6.74442;21.7333;122.717;3.77871
-20.8585;-6.84486;21.9529;122.912;3.67826
-20.9665;-7.05562;22.1218;123.014;3.4675
-21.1792;-7.16597;22.3586;123.223;3.35715
-21.289;-7.35162;22.5227;123.328;3.1715
-21.515;-7.46117;22.772;123.551;3.06195
-21.67;-7.65589;22.9826;123.701;2.86723
-21.8099;-7.79504;23.161;123.838;2.72808
-21.908;-7.97579;23.3147;123.932;2.54733
-22.091;-8.11376;23.5339;124.113;2.40936
-22.1742;-8.32851;23.6867;124.192;2.19461
-22.3583;-8.46371;23.9066;124.374;2.05941
-22.4415;-8.69023;24.0653;124.453;1.83289
-22.6174;-8.85298;24.2883;124.627;1.67014
-22.6825;-9.07696;24.4313;124.689;1.44616
-22.8561;-9.23274;24.6504;124.861;1.29038
-22.9131;-9.47304;24.7941;124.916;1.05009
-23.061;-9.65243;24.9996;125.062;0.87069
-23.1046;-9.87907;25.1281;125.105;0.644047
-23.2628;-10.0552;25.343;125.262;0.467881
-23.3121;-10.2816;25.4787;125.311;0.24155
-23.4325;-10.4657;25.6635;125.431;0.0573985
-23.4695;-10.6813;25.7859;125.468;-0.158219
-23.6066;-10.8611;25.9852;125.605;-0.337975
-23.6269;-11.0687;26.0911;125.626;-0.545607
-23.778;-11.2737;26.3152;125.779;-0.750599
-23.7924;-11.5071;26.429;125.795;-0.98398
-23.9385;-11.705;26.6469;125.942;-1.18191
-23.9958;-11.9501;26.8068;126.002;-1.42702
-24.1339;-12.1333;27.0123;126.142;-1.61021
-24.198;-12.3333;27.1597;126.209;-1.81013
-24.3446;-12.5101;27.3709;126.359;-1.98701
-24.399;-12.7243;27.5176;126.416;-2.20117
-24.5715;-12.8862;27.7455;126.592;-2.36312
-24.6277;-13.1133;27.9013;126.652;-2.59023
-24.8246;-13.2291;28.1295;126.852;-2.70593
-24.9132;-13.4499;28.3119;126.945;-2.92674
-25.1193;-13.5975;28.5634;127.155;-3.07436
-25.2407;-13.7889;28.7616;127.281;-3.26576
-25.4504;-13.8958;28.9968;127.493;-3.37265
-25.6011;-14.0772;29.2162;127.649;-3.55413
-25.7892;-14.1489;29.4155;127.839;-3.62574
-25.9565;-14.3372;29.6529;128.012;-3.81409
-26.1705;-14.4014;29.8713;128.227;-3.87831
-26.3107;-14.5354;30.0588;128.372;-4.01229
-26.5348;-14.5963;30.2844;128.598;-4.07314
-26.7024;-14.7456;30.5033;128.77;-4.22246
-26.9327;-14.802;30.7322;129.002;-4.27889
-27.085;-14.9257;30.9253;129.158;-4.40254
-27.3303;-14.9611;31.1574;129.405;-4.43793
-27.487;-15.0708;31.3475;129.565;-4.54772
-27.7079;-15.0932;31.5521;129.787;-4.57009
-27.891;-15.2318;31.7792;129.975;-4.70871
-28.1285;-15.2525;31.9977;130.213;-4.72941
-28.3177;-15.3772;32.2234;130.406;-4.85407
-28.5504;-15.3872;32.4329;130.639;-4.86406
-28.7363;-15.5165;32.6579;130.83;-4.99334
-28.9492;-15.5276;32.8506;131.043;-5.00445
-29.1538;-15.6559;33.0916;131.253;-5.13279
-29.375;-15.6665;33.2916;131.474;-5.14342
-29.5523;-15.7254;33.4758;131.653;-5.20229
-29.7252;-15.7987;33.6628;131.829;-5.27553
-29.9091;-15.8747;33.8609;132.016;-5.35154

29.9158;-15.9518;33.903;132.194;-5.42863
29.7076;-15.9725;33.7292;132.403;-5.44938
29.5286;-16.1067;33.6358;132.587;-5.58361
29.2879;-16.1192;33.4306;132.828;-5.59611
29.0933;-16.2344;33.3163;133.028;-5.71129
28.8606;-16.2471;33.1195;133.261;-5.72393
28.6481;-16.3935;33.007;133.479;-5.87037
28.4273;-16.4253;32.8314;133.701;-5.90218
28.2555;-16.5635;32.7524;133.879;-6.04037
28.0238;-16.6037;32.5732;134.112;-6.0806
27.8174;-16.717;32.454;134.324;-6.1939
27.6129;-16.7365;32.289;134.529;-6.21333
27.4236;-16.8732;32.1988;134.724;-6.35011
27.1897;-16.8896;32.0084;134.959;-6.36647
26.9882;-17.0352;31.9149;135.167;-6.51206
26.7532;-17.0447;31.7215;135.402;-6.52157
26.5677;-17.1558;31.6254;135.593;-6.63269
26.3302;-17.1836;31.4413;135.832;-6.66047
26.1465;-17.2937;31.3482;136.02;-6.77058
25.9071;-17.3003;31.1525;136.26;-6.77716
25.7066;-17.3971;31.0401;136.465;-6.87399
25.4941;-17.419;30.8767;136.678;-6.89585
25.3122;-17.5183;30.7831;136.865;-6.99515
25.1016;-17.5336;30.6189;137.076;-7.01048
24.9123;-17.6552;30.534;137.271;-7.13209
24.697;-17.6812;30.3738;137.488;-7.15804
24.5076;-17.8209;30.3019;137.684;-7.29782
24.2829;-17.8438;30.134;137.91;-7.32065
24.098;-18.0258;30.0939;138.104;-7.50272
23.9041;-18.1083;29.9886;138.302;-7.58515
23.7471;-18.2557;29.9533;138.467;-7.73262
23.5533;-18.3332;29.8473;138.665;-7.81004
23.3962;-18.5031;29.8286;138.832;-7.97996
23.212;-18.607;29.7493;139.021;-8.0839
23.0897;-18.7809;29.7633;139.154;-8.25777
22.8886;-18.8537;29.6538;139.359;-8.33056
22.7384;-19.0504;29.664;139.521;-8.52732
22.6377;-19.2029;29.6853;139.631;-8.67977
22.4983;-19.3423;29.6698;139.778;-8.81915
22.4473;-19.5552;29.7706;139.843;-9.03209
22.2551;-19.7115;29.7293;140.045;-9.18842
22.1843;-19.9413;29.8295;140.131;-9.41816
22.0129;-20.1002;29.8092;140.313;-9.57703
21.9558;-20.3521;29.9377;140.387;-9.82898
21.8207;-20.5273;29.9585;140.534;-10.0041
21.7735;-20.7448;30.0738;140.597;-10.2216
21.6505;-20.93;30.1133;140.733;-10.4068
21.6167;-21.1631;30.2516;140.784;-10.64
21.5011;-21.3277;30.2847;140.912;-10.8045
21.4673;-21.5594;30.4246;140.964;-11.0363
21.3426;-21.7465;30.4699;141.103;-11.2234
21.3115;-21.9673;30.6062;141.151;-11.4442
21.1879;-22.1512;30.6529;141.29;-11.6281
21.173;-22.3846;30.8118;141.324;-11.8614
21.0585;-22.5856;30.8799;141.455;-12.0624
21.0214;-22.801;31.0127;141.511;-12.2779
20.9041;-22.9838;31.0682;141.643;-12.4606
20.8744;-23.2047;31.2121;141.693;-12.6815
20.7763;-23.3792;31.2769;141.806;-12.8561
20.7338;-23.5652;31.388;141.865;-13.0421
20.6335;-23.7517;31.4624;141.982;-13.2285
20.6254;-23.9577;31.6129;142.01;-13.4345
20.5187;-24.1548;31.6934;142.135;-13.6317
20.4896;-24.3675;31.8371;142.184;-13.8444
20.3904;-24.5592;31.9206;142.302;-14.0361
20.3598;-24.7801;32.0714;142.354;-14.257
20.2669;-24.9692;32.1591;142.466;-14.4461
20.2491;-25.1736;32.3069;142.504;-14.6504
20.1367;-25.3613;32.3834;142.635;-14.8382
20.1245;-25.5902;32.5554;142.672;-15.0671
20.0167;-25.7959;32.6511;142.801;-15.2728
19.9872;-26.011;32.8034;142.853;-15.4879
19.8838;-26.2138;32.9018;142.978;-15.6907
19.8522;-26.4497;33.0711;143.035;-15.9266
19.7269;-26.6382;33.1473;143.181;-16.1151
19.6999;-26.8549;33.3057;143.233;-16.3318
19.5624;-27.0406;33.3749;143.39;-16.5175
19.5286;-27.2905;33.558;143.453;-16.7673
19.3662;-27.4686;33.6092;143.635;-16.9455
19.289;-27.678;33.7363;143.737;-17.1549
19.1237;-27.8283;33.7658;143.919;-17.3052
19.048;-28.0316;33.891;144.019;-17.5085
18.8631;-28.1853;33.915;144.221;-17.6622
18.7296;-28.3701;33.9951;144.376;-17.847
18.5703;-28.4831;34.0021;144.548;-17.96
18.4545;-28.6874;34.1107;144.688;-18.1643
18.2725;-28.8107;34.1165;144.885;-18.2876
18.1648;-28.9943;34.2145;145.015;-18.4712
17.9938;-29.1447;34.2518;145.203;-18.6215
17.8565;-29.3045;34.3163;145.36;-18.7814
17.6934;-29.436;34.3444;145.539;-18.9129
17.5671;-29.5891;34.411;145.684;-19.066
17.4231;-29.7063;34.4388;145.842;-19.1832
17.2601;-29.8497;34.4807;146.023;-19.3266
17.0994;-29.9573;34.4939;146.196;-19.4341

16.9346;29.9267;34.3859;146.375;-19.5502
16.7938;29.8052;34.2109;146.531;-19.6716
16.6111;29.7086;34.0372;146.725;-19.7683
16.467;29.5571;33.8346;146.888;-19.9198
16.2484;29.4845;33.6653;147.115;-19.9923
16.0923;29.3323;33.4566;147.29;-20.1446
15.8788;29.2608;33.2916;147.511;-20.2161
15.7358;29.1145;33.0949;147.673;-20.3623
15.5027;29.0659;32.9417;147.911;-20.411
15.3138;28.9164;32.7211;148.118;-20.5605
15.123;28.8651;32.5868;148.314;-20.6118
14.9535;28.7236;32.383;148.502;-20.7532
14.7322;28.6622;32.2267;148.73;-20.8147
14.5636;28.5296;32.0318;148.915;-20.9473
14.3447;28.4822;31.8905;149.139;-20.9947
14.1635;28.3618;31.7017;149.335;-21.1151
13.9815;28.3209;31.5841;149.521;-21.156
13.8042;28.1902;31.3886;149.715;-21.2866
13.5835;28.1479;31.2541;149.94;-21.329
13.4002;28.0405;31.0779;150.136;-21.4364
13.1952;28.0139;30.966;150.343;-21.463
13.0248;27.9017;30.792;150.528;-21.5752
12.8064;27.8877;30.6876;150.746;-21.5892
12.6128;27.8132;30.5394;150.948;-21.6637
12.4307;27.7735;30.4285;151.134;-21.7033
12.2483;27.6918;30.2797;151.326;-21.785
12.0427;27.6705;30.1776;151.533;-21.8063
11.852;27.578;30.0169;151.735;-21.8988
11.6431;27.5733;29.9307;151.942;-21.9036
11.4455;27.4657;29.755;152.153;-22.0112
11.2212;27.4596;29.6639;152.376;-22.0173
11.0274;27.3594;29.4981;152.582;-22.1175
10.7992;27.3566;29.411;152.809;-22.1203
10.6146;27.2433;29.2381;153.008;-22.2336
10.3828;27.237;29.1489;153.238;-22.2399
10.1932;27.1433;28.9941;153.439;-22.3336
9.97701;27.145;28.9204;153.653;-22.3319
9.78076;27.0256;28.7411;153.864;-22.4512
9.56318;27.0215;28.6639;154.08;-22.4553
9.36471;26.9391;28.5204;154.289;-22.5378
9.15832;26.9393;28.4535;154.493;-22.5376
8.95118;26.8577;28.3101;154.71;-22.6192
8.74686;26.863;28.2512;154.911;-22.6139
8.54568;26.7843;28.1145;155.121;-22.6926
8.30256;26.7872;28.0444;155.361;-22.6897
8.09992;26.723;27.9236;155.571;-22.7539
7.88985;26.7417;27.8814;155.776;-22.7351
7.67931;26.6676;27.7513;155.996;-22.8093
7.4482;26.7038;27.7231;156.219;-22.7731
7.24064;26.6379;27.6044;156.434;-22.839
7.014;26.6605;27.5677;156.655;-22.8164
6.81078;26.6022;27.4602;156.864;-22.8747
6.60835;26.6336;27.4412;157.06;-22.8433
6.40373;26.5632;27.3242;157.273;-22.9137
6.16335;26.6054;27.31;157.504;-22.8714
5.95379;26.5532;27.2125;157.719;-22.9237
5.73885;26.5749;27.1875;157.929;-22.902
5.52773;26.5234;27.0933;158.145;-22.9535
5.31429;26.5528;27.0794;158.352;-22.9241
5.10277;26.5093;26.996;158.568;-22.9676
4.88581;26.5285;26.9746;158.78;-22.9484
4.68267;26.4723;26.8832;158.989;-23.0046
4.46111;26.4935;26.8665;159.205;-22.9834
4.25413;26.4305;26.7707;159.419;-23.0464
4.03019;26.4567;26.7619;159.637;-23.0202
3.78706;26.3921;26.6625;159.886;-23.0847
3.57633;26.4138;26.6548;160.092;-23.0631
3.38224;26.387;26.6029;160.288;-23.0899
3.16409;26.3883;26.5773;160.504;-23.0885
2.96802;26.3797;26.5461;160.699;-23.0972
2.76317;26.4229;26.5669;160.895;-23.054
2.54903;26.3732;26.4961;161.114;-23.1036
2.32533;26.4254;26.5275;161.328;-23.0515
2.10609;26.3755;26.4595;161.552;-23.1014
1.89285;26.4124;26.4802;161.758;-23.0645
1.67063;26.3834;26.4362;161.982;-23.0935
1.46269;26.4374;26.4778;162.18;-23.0395
1.25428;26.4018;26.4316;162.392;-23.0751
1.03487;26.4546;26.4748;162.601;-23.0223
0.814335;26.4031;26.4157;162.827;-23.0738
0.609706;26.4154;26.4224;163.028;-23.0615
0.417247;26.3463;26.3496;163.228;-23.1306
0.19987;26.3644;26.3652;163.441;-23.1125
-0.0101388;26.2662;26.2662;163.663;-23.2107
-0.229072;26.2624;26.2634;163.88;-23.2144
-0.435779;26.1529;26.1565;164.1;-23.324
-0.639497;26.1315;26.1393;164.305;-23.3454
-0.826121;25.9797;25.9928;164.511;-23.4972
-1.02399;25.8942;25.9145;164.719;-23.5827
-1.19125;25.7794;25.8069;164.901;-23.6974
-1.38303;25.6985;25.7357;165.103;-23.7784
-1.53354;25.5486;25.5946;165.273;-23.9282
-1.74538;25.4527;25.5124;165.497;-24.0242
-1.88672;25.2826;25.3529;165.661;-24.1942
-2.08547;25.1864;25.2726;165.872;-24.2905
-2.19928;25.0125;25.1091;166.01;-24.4643
-2.39851;24.9146;25.0297;166.222;-24.5623
-2.50962;24.7224;24.8494;166.36;-24.7545
-2.70403;24.6121;24.7602;166.569;-24.8648
-2.80998;24.4189;24.58;166.702;-25.058
-3.02216;24.3025;24.4896;166.93;-25.1744
-3.17718;24.1131;24.3215;167.111;-25.3638
-3.34018;23.9944;24.2258;167.291;-25.4824
-3.45912;23.8391;24.0888;167.432;-25.6378
-3.656;23.7394;24.0193;167.642;-25.7375
-3.76435;23.546;23.845;167.779;-25.9309
-3.99197;23.4386;23.7761;168.02;-26.0382
-4.13744;23.2493;23.6146;168.193;-26.2276
-4.33877;23.1616;23.5644;168.406;-26.3153
-4.47736;22.963;23.3954;168.574;-26.5139
-4.67783;22.8499;23.3238;168.79;-26.627
-4.81348;22.6837;23.1888;168.95;-26.7932
-5.02359;22.6123;23.1636;169.169;-26.8645
-5.1614;22.4271;23.0133;169.334;-27.0498
-5.37014;22.3481;22.9843;169.553;-27.1288
-5.50116;22.1704;22.8427;169.711;-27.3065
-5.73929;22.0841;22.8177;169.96;-27.3928
-5.86703;21.8966;22.669;170.116;-27.5803
-6.09528;21.7951;22.6314;170.358;-27.6818
-6.23789;21.6202;22.5021;170.527;-27.8566
-6.45458;21.5335;22.4801;170.755;-27.9434
-6.60576;21.3687;22.3665;170.931;-28.1081
-6.81553;21.2928;22.3569;171.15;-28.1841
-6.97044;21.1047;22.226;171.334;-28.3722
-7.19034;21.0148;22.2109;171.566;-28.462
-7.36515;20.8931;22.1533;171.759;-28.5837
-7.55269;20.8005;22.1293;171.959;-28.6764
-7.71393;20.6766;22.0687;172.139;-28.8002
-7.92531;20.6347;22.1043;172.354;-28.8422
-8.08496;20.4678;22.0068;172.539;-29.0091
-8.30052;20.4042;22.028;172.763;-29.0726
-8.46028;20.2375;21.9347;172.948;-29.2394
-8.6806;20.1844;21.9718;173.174;-29.2925
-8.86524;20.0057;21.8819;173.387;-29.4712
-9.0668;19.9413;21.9058;173.596;-29.5355
-9.2178;19.7604;21.8046;173.776;-29.7165
-9.44802;19.6902;21.8396;174.015;-29.7867
-9.60341;19.5101;21.7456;174.199;-29.9668
-9.81074;19.4537;21.7876;174.413;-30.0231
-9.99775;19.2754;21.714;174.627;-30.2014
-10.1888;19.1957;21.7321;174.829;-30.2812
-10.3558;19.0345;21.6692;175.022;-30.4424
-10.5537;18.9653;21.704;175.229;-30.5116
-10.7061;18.7798;21.6172;175.411;-30.697
-10.9094;18.6907;21.6416;175.627;-30.7862
-11.0669;18.5339;21.5866;175.81;-30.943
-11.2867;18.4521;21.6302;176.04;-31.0248
-11.4373;18.278;21.5615;176.219;-31.1989
-11.6767;18.1784;21.6055;176.473;-31.2985
-11.8326;18.0224;21.5596;176.654;-31.4545
-12.0558;17.9715;21.6406;176.882;-31.5054
-12.2346;17.7959;21.5958;177.09;-31.681
-12.4508;17.7585;21.6884;177.309;-31.7184
-12.6297;17.6253;21.6832;177.509;-31.8516
-12.893;17.6346;21.8451;177.766;-31.8423
-13.0887;17.5533;21.8959;177.973;-31.9236
-13.3343;17.6081;22.0874;178.205;-31.8687
-13.5397;17.6209;22.222;178.405;-31.856
-13.7307;17.7585;22.4477;178.569;-31.7183
-13.9528;17.8127;22.6268;178.777;-31.6642
-14.1179;17.971;22.8533;178.912;-31.5058
-14.2686;18.1045;23.0514;179.037;-31.3724
-14.3719;18.2708;23.2459;179.11;-31.2061
-14.5393;18.4056;23.4555;179.251;-31.0712
-14.6383;18.5709;23.6465;179.32;-30.906
-14.7526;18.7224;23.8362;179.407;-30.7545
-14.8363;18.897;24.0253;179.459;-30.5799
-14.9841;19.0677;24.2507;179.576;-30.4092
-15.0522;19.2952;24.4719;179.605;-30.1817
-15.2025;19.46;24.6942;179.725;-30.0169
-15.2608;19.6967;24.9169;179.743;-29.7802
-15.4216;19.861;25.1453;179.875;-29.6159
-15.4903;20.0801;25.3606;179.907;-29.3968
-15.6543;20.2269;25.5771;180.044;-29.25
-15.7306;20.4597;25.808;180.082;-29.0172
-15.8684;20.6189;26.0182;180.192;-28.858
-15.9311;20.8278;26.2221;180.221;-28.6491
