#1 AntPos X	#2 AntVel X	#3 AntPos Y	#4 AntVel Y	#5 AntAngle	
2.6889;1.99503;12.6427;0.0644626;0.0323004;
2.88944;2.00547;12.6508;0.0807628;0.0402494;
3.08577;1.96327;12.6635;0.127435;0.0648186;
3.28424;1.98467;12.6799;0.164307;0.0825997;
3.48367;1.99436;12.6917;0.117775;0.0589856;
3.6677;1.84031;12.704;0.123256;0.0668755;
3.86477;1.97062;12.7171;0.130116;0.0659324;
4.06285;1.98088;12.7433;0.262372;0.131686;
4.25593;1.9308;12.7696;0.263231;0.135497;
4.45548;1.99543;12.7959;0.262458;0.130779;
4.68056;2.25081;12.8137;0.178219;0.0790149;
4.89064;2.10077;12.8097;-0.0401734;-0.0191209;
5.08562;1.94982;12.7948;-0.148731;-0.0761321;
5.27971;1.94089;12.807;0.121794;0.0626692;
5.49058;2.10876;12.8077;0.00705171;0.00334399;
5.68527;1.94682;12.8214;0.136956;0.070233;
5.87712;1.91854;12.8209;-0.0044595;-0.00232441;
6.06753;1.90408;12.833;0.120364;0.0631296;
6.26721;1.99682;12.8454;0.124538;0.0622878;
6.47168;2.04475;12.8604;0.149982;0.0732186;
6.6688;1.97116;12.8873;0.26909;0.135674;
6.86346;1.94658;12.9003;0.12965;0.0665056;
7.05508;1.91619;12.9113;0.109707;0.0571903;
7.26358;2.08506;12.9261;0.147973;0.0708492;
7.43581;1.72223;12.9483;0.222904;0.128712;
7.63994;2.04133;12.9919;0.435371;0.21013;
7.83477;1.94826;13.0331;0.411775;0.20829;
8.02909;1.94321;13.0636;0.305379;0.155877;
8.23121;2.02121;13.1228;0.591496;0.284696;
8.42868;1.97473;13.1838;0.610894;0.300018;
8.62039;1.91714;13.2462;0.623617;0.31449;
8.82768;2.07291;13.2875;0.413256;0.19678;
9.01416;1.86478;13.3316;0.441111;0.232279;
9.20996;1.95799;13.3646;0.329831;0.166887;
9.40284;1.92879;13.404;0.393782;0.201393;
9.59342;1.90582;13.4406;0.365592;0.189527;
9.79825;2.0483;13.4607;0.201355;0.0979885;
10.006;2.07706;13.4752;0.144591;0.0695013;
10.196;1.9008;13.4849;0.0971924;0.0510878;
10.3849;1.8891;13.4958;0.10886;0.0575615;
10.5859;2.0093;13.4943;-0.0141536;-0.00704394;
10.7861;2.00265;13.5051;0.107804;0.0537789;
10.9861;1.99919;13.5176;0.125211;0.0625492;
11.1857;1.99606;13.5342;0.165852;0.0828991;
11.3914;2.05691;13.5738;0.395954;0.190174;
11.6026;2.11278;13.5983;0.244875;0.115387;
11.8001;1.97467;13.594;-0.0428806;-0.021712;
11.9991;1.98986;13.5926;-0.014206;-0.00713906;
12.1861;1.87014;13.6028;0.101567;0.0542564;
12.3693;1.83169;13.6149;0.121389;0.0661751;
12.5665;1.97239;13.6188;0.0391948;0.0198691;
12.7395;1.72942;13.6159;-0.0292874;-0.0169333;
12.9683;2.28826;13.6355;0.195916;0.0854095;
13.138;1.69679;13.6532;0.17689;0.103875;
13.3354;1.97406;13.6688;0.156782;0.0792548;
13.5436;2.0825;13.6822;0.133035;0.0637959;
13.7431;1.99437;13.6947;0.125802;0.0629952;
13.9571;2.14021;13.6886;-0.0618285;-0.028881;
14.1527;1.95618;13.6919;0.0335925;0.0171708;
14.3361;1.83447;13.69;-0.0188735;-0.0102879;
14.5289;1.92759;13.6848;-0.0525016;-0.0272302;
14.69;1.61124;13.6894;0.046355;0.0287619;
14.8677;1.77661;13.6988;0.0940749;0.0529025;
15.0766;2.08891;13.723;0.241708;0.115198;
15.2754;1.98795;13.7437;0.206671;0.10359;
15.462;1.86676;13.7658;0.221939;0.118334;
15.6705;2.08496;13.7932;0.273711;0.130532;
15.8621;1.91572;13.8125;0.192623;0.100212;
16.0648;2.02715;13.8255;0.13033;0.0642039;
16.2728;2.07972;13.8399;0.144226;0.0692377;
16.4734;2.0062;13.8532;0.13305;0.0662225;
16.6457;1.72258;13.8509;-0.023119;-0.0134204;
16.8378;1.92129;13.8592;0.0823438;0.0428324;
17.0318;1.93995;13.8739;0.147781;0.076031;
17.2268;1.95021;13.8736;-0.00304178;-0.00155972;
17.4127;1.85855;13.8767;0.0307971;0.016569;
17.6136;2.00939;13.875;-0.0175369;-0.00872725;
17.7961;1.82517;13.8816;0.0666169;0.0364828;
17.996;1.99828;13.889;0.074241;0.0371354;
18.1957;1.99743;13.8965;0.0740725;0.037067;
18.3946;1.98921;13.9036;0.0711389;0.0357472;
18.5785;1.83889;13.9047;0.0108353;0.00589225;
18.7883;2.09814;13.8799;-0.247409;-0.117377;
18.9964;2.08068;13.8537;-0.262516;-0.125505;
19.2109;2.14554;13.8216;-0.320341;-0.148211;
19.409;1.98068;13.7937;-0.279314;-0.140096;
19.6189;2.09891;13.7415;-0.521622;-0.243586;
19.8089;1.90018;13.7122;-0.292948;-0.152964;
19.9913;1.8241;13.6672;-0.450002;-0.241868;
20.1836;1.9227;13.6166;-0.506444;-0.257552;
20.3877;2.041;13.5619;-0.546885;-0.2618;
20.5939;2.06193;13.5186;-0.433271;-0.207116;
20.7895;1.95579;13.4778;-0.408099;-0.20571;
21.004;2.14516;13.4253;-0.524244;-0.239687;
21.1982;1.94224;13.378;-0.473001;-0.238883;
21.3833;1.85084;13.3213;-0.567858;-0.297694;
21.5643;1.80998;13.2669;-0.543307;-0.291615;
21.7513;1.87018;13.2052;-0.61704;-0.318691;
21.9372;1.85864;13.1367;-0.685202;-0.353199;
22.1206;1.83436;13.0791;-0.575999;-0.304256;
22.3114;1.90763;13.0195;-0.595969;-0.302805;
22.4954;1.84025;12.9766;-0.428576;-0.228811;
22.6812;1.8576;12.9237;-0.529969;-0.277915;
22.8798;1.98646;12.8671;-0.565364;-0.277277;
23.0359;1.56093;12.8193;-0.477698;-0.296984;
23.2273;1.91439;12.7635;-0.558128;-0.283681;
23.4042;1.76827;12.7142;-0.493487;-0.272155;
23.5946;1.9043;12.6599;-0.542716;-0.277635;
23.7803;1.85666;12.619;-0.409012;-0.216832;
23.9683;1.88041;12.564;-0.550412;-0.284754;
24.1611;1.92838;12.504;-0.599818;-0.301562;
24.3513;1.90164;12.4543;-0.496904;-0.255588;
24.5569;2.05576;12.3917;-0.626168;-0.295665;
24.7592;2.02367;12.3442;-0.474474;-0.230302;
24.9582;1.98996;12.3099;-0.343506;-0.170935;
25.1538;1.95586;12.2826;-0.272806;-0.138587;
25.366;2.12203;12.2544;-0.282154;-0.132189;
25.5513;1.85302;12.2163;-0.380737;-0.202647;
25.7454;1.94019;12.1763;-0.400392;-0.203511;
25.9244;1.79011;12.1591;-0.171487;-0.0955051;
26.1197;1.95288;12.1369;-0.222532;-0.113461;
26.3073;1.87663;12.1056;-0.312341;-0.164926;
26.5128;2.05466;12.0825;-0.231615;-0.112253;
26.7039;1.91161;12.0757;-0.0682615;-0.0356937;
26.9086;2.0464;12.078;0.023658;0.0115602;
27.1056;1.97024;12.0795;0.0147658;0.00749427;
27.3265;2.20902;12.0776;-0.018651;-0.00844289;
27.5083;1.81753;12.0833;0.0565822;0.0311213;
27.7113;2.03073;12.1084;0.25113;0.12304;
27.91;1.98626;12.1328;0.244348;0.122404;
28.1048;1.94842;12.1611;0.283065;0.144269;
28.3197;2.14921;12.1984;0.372443;0.171589;
28.5272;2.07454;12.2204;0.220572;0.105926;
28.7119;1.8472;12.2432;0.228017;0.122818;
28.9099;1.97978;12.258;0.147398;0.0743146;
29.124;2.14073;12.275;0.170217;0.0793464;
29.3282;2.0422;12.2932;0.182006;0.0888877;
29.5342;2.0598;12.3223;0.291137;0.140413;
29.7428;2.08693;12.3321;0.0975497;0.0467092;
29.9653;2.22473;12.3616;0.295262;0.131947;

-29.8482;1.86519;12.4046;0.42969;0.226423;
-29.6589;1.89229;12.4515;0.468925;0.242915;
-29.4626;1.96364;12.4924;0.409415;0.205553;
-29.2676;1.94982;12.5351;0.426592;0.215392;
-29.0617;2.05906;12.6053;0.702417;0.328756;
-28.8751;1.86534;12.671;0.656727;0.338515;
-28.6837;1.91437;12.7395;0.685241;0.343737;
-28.4798;2.03877;12.7978;0.583232;0.278629;
-28.2766;2.03262;12.8713;0.73479;0.346882;
-28.1068;1.69766;12.9185;0.471616;0.27097;
-27.8982;2.08614;12.971;0.524879;0.246487;
-27.7049;1.93251;13.0229;0.519215;0.262476;
-27.512;1.92944;13.0747;0.517903;0.262239;
-27.314;1.98036;13.1284;0.537176;0.264877;
-27.1405;1.73474;13.1732;0.447927;0.252691;
-26.9057;2.34763;13.2;0.268058;0.11369;
-26.7148;1.90904;13.2508;0.50804;0.260095;
-26.5298;1.85052;13.3083;0.574743;0.30114;
-26.3526;1.77153;13.3739;0.656249;0.354768;
-26.1653;1.87297;13.4399;0.660347;0.33896;
-25.9679;1.97409;13.4964;0.564484;0.278514;
-25.7732;1.9474;13.534;0.376394;0.190927;
-25.5697;2.03442;13.5774;0.433576;0.209978;
-25.3723;1.97449;13.6174;0.400607;0.200175;
-25.1737;1.9857;13.6534;0.359742;0.179223;
-24.978;1.95712;13.6899;0.364656;0.18421;
-24.7792;1.98757;13.7189;0.290184;0.144975;
-24.5813;1.9792;13.7479;0.289784;0.145381;
-24.3838;1.9751;13.7774;0.29584;0.148679;
-24.1879;1.95918;13.8081;0.306573;0.155222;
-23.9749;2.12942;13.85;0.418858;0.194221;
-23.7688;2.06158;13.8754;0.254062;0.122618;
-23.5702;1.9857;13.899;0.235885;0.118238;
-23.3791;1.91131;13.9502;0.512061;0.261764;
-23.1853;1.93757;13.9999;0.497421;0.251297;
-22.9966;1.88685;14.0437;0.437299;0.22774;
-22.797;1.99662;14.0674;0.236922;0.118109;
-22.5974;1.99611;14.092;0.246102;0.122672;
-22.3951;2.02323;14.1168;0.248575;0.122248;
-22.193;2.02015;14.1853;0.684891;0.326869;
-22.0036;1.89393;14.2496;0.642427;0.327024;
-21.8121;1.91552;14.3207;0.711483;0.355639;
-21.6231;1.89024;14.3874;0.666795;0.339128;
-21.4345;1.88543;14.4538;0.664651;0.338918;
-21.2434;1.91146;14.5143;0.604684;0.306385;
-21.0448;1.98558;14.5818;0.675269;0.327817;
-20.8558;1.89015;14.6413;0.594435;0.304697;
-20.6672;1.88644;14.6907;0.494257;0.256246;
-20.4918;1.75378;14.7154;0.246628;0.13971;
-20.2935;1.98251;14.7426;0.272586;0.136639;
-20.0955;1.98021;14.7674;0.24803;0.124606;
-19.8946;2.00939;14.7899;0.2249;0.111461;
-19.6888;2.05809;14.8133;0.233574;0.113007;
-19.4858;2.0295;14.8396;0.263247;0.12899;
-19.2882;1.97576;14.867;0.273672;0.137639;
-19.0941;1.94139;14.8876;0.206686;0.106063;
-18.9115;1.82603;14.899;0.113378;0.0620103;
-18.7248;1.86656;14.9103;0.113436;0.0606985;
-18.5128;2.11995;14.9217;0.113693;0.0535784;
-18.333;1.79896;14.9384;0.167369;0.0927697;
-18.1325;2.00438;14.9587;0.202766;0.100818;
-17.9347;1.97828;14.9818;0.231009;0.116246;
-17.7363;1.98335;15.0064;0.246363;0.123582;
-17.5295;2.0687;15.0345;0.280152;0.134605;
-17.3295;1.99971;15.0621;0.276693;0.137494;
-17.1417;1.87823;15.0907;0.285935;0.151077;
-16.953;1.88674;15.1344;0.437177;0.227692;
-16.7596;1.93455;15.1974;0.629405;0.314549;
-16.5653;1.94279;15.2469;0.495184;0.249569;
-16.3603;2.04965;15.2956;0.487245;0.23339;
-16.1577;2.02618;15.3529;0.572565;0.275402;
-15.9624;1.95261;15.408;0.551374;0.275213;
-15.781;1.81449;15.4758;0.67806;0.357624;
-15.5911;1.89924;15.5484;0.725391;0.36484;
-15.4062;1.849;15.6186;0.702834;0.363248;
-15.2233;1.82817;15.6802;0.615432;0.324723;
-15.0053;2.18018;15.7393;0.591344;0.264863;
-14.8054;1.99974;15.7674;0.280291;0.139257;
-14.6146;1.90797;15.8222;0.548387;0.279875;
-14.4293;1.85256;15.872;0.497648;0.262432;
-14.2253;2.0397;15.9307;0.587566;0.280471;
-14.0433;1.81994;16.0253;0.945591;0.479183;
-13.8771;1.66236;16.1481;1.2283;0.636351;
-13.7103;1.66836;16.2853;1.37199;0.688227;
-13.5738;1.36473;16.4193;1.3395;0.77607;
-13.4496;1.24207;16.5468;1.27537;0.798625;
-13.3112;1.38362;16.6869;1.40095;0.791622;
-13.1694;1.41815;16.8203;1.33382;0.754764;
-13.0185;1.50915;16.9686;1.4838;0.776928;
-12.8696;1.48854;17.1019;1.33289;0.730285;
-12.7373;1.32332;17.2475;1.4557;0.833;
-12.5909;1.46363;17.3749;1.27366;0.716111;
-12.4367;1.54266;17.5069;1.31987;0.707725;
-12.2827;1.5396;17.6365;1.2961;0.699737;
-12.126;1.56754;17.7751;1.38599;0.724005;
-11.9835;1.42429;17.901;1.25944;0.72405;
-11.8405;1.43058;18.0356;1.34611;0.754986;
-11.6806;1.59898;18.1651;1.29508;0.680774;
-11.5206;1.59997;18.296;1.30846;0.6855;
-11.3494;1.71161;18.3978;1.01848;0.536767;
-11.1733;1.7607;18.513;1.15173;0.579272;
-11.0071;1.66204;18.6254;1.12436;0.594773;
-10.8641;1.43012;18.7267;1.01284;0.616223;
-10.7006;1.63541;18.8428;1.16046;0.617129;
-10.5305;1.70116;18.9562;1.13462;0.588214;
-10.3527;1.77779;19.0826;1.26427;0.618165;
-10.1897;1.62954;19.1987;1.16035;0.618782;
-10.0326;1.57116;19.3079;1.09231;0.607515;
-9.85678;1.75845;19.4175;1.09571;0.557241;
-9.67569;1.81087;19.5128;0.953056;0.484462;
-9.48081;1.94882;19.6115;0.986878;0.468754;
-9.30247;1.78344;19.7019;0.90383;0.469065;
-9.12002;1.82446;19.8016;0.997761;0.500446;
-8.94466;1.75363;19.8975;0.959061;0.500461;
-8.77279;1.71868;19.9939;0.963075;0.510759;
-8.5871;1.85695;20.1068;1.12987;0.546613;
-8.41513;1.71967;20.2103;1.03479;0.541694;
-8.24724;1.67893;20.3147;1.04362;0.556149;
-8.0917;1.55536;20.417;1.0234;0.581968;
-7.93786;1.53845;20.5165;0.994299;0.573769;
-7.76929;1.68568;20.6284;1.11977;0.586349;
-7.60326;1.66026;20.732;1.03619;0.557961;
-7.42492;1.78339;20.8519;1.19831;0.591637;
-7.26703;1.57888;20.9619;1.10038;0.608667;
-7.11349;1.53545;21.0677;1.05763;0.603173;
-6.94277;1.70716;21.1812;1.13483;0.586675;
-6.78115;1.61622;21.2904;1.09254;0.594425;
-6.61605;1.65105;21.4028;1.12427;0.59782;
-6.45784;1.58204;21.5051;1.02294;0.573978;
-6.2989;1.58946;21.6348;1.29652;0.68424;
-6.16434;1.3456;21.7481;1.13284;0.699766;
-6.01092;1.53423;21.8702;1.22118;0.672268;
-5.84908;1.61833;22.0053;1.35126;0.695702;
-5.66775;1.81328;22.1211;1.15779;0.568254;
-5.50145;1.66302;22.2365;1.15401;0.606636;
-5.34096;1.60492;22.3384;1.01954;0.56594;
-5.15415;1.86811;22.448;1.09548;0.530367;
-4.98219;1.71964;22.5535;1.05493;0.55026;
-4.82098;1.61205;22.6656;1.12128;0.607742;
-4.6494;1.71582;22.7912;1.25589;0.631848;
-4.49836;1.51038;22.928;1.3684;0.736118;
-4.35593;1.42433;23.0647;1.36608;0.764525;
-4.20339;1.52535;23.2025;1.37823;0.734772;
-4.05689;1.46507;23.3351;1.32651;0.735805;
-3.89587;1.61016;23.4497;1.1456;0.618392;
-3.73051;1.65359;23.5621;1.12427;0.597105;
-3.56521;1.65304;23.6747;1.12587;0.59792;
-3.39793;1.67274;23.7887;1.14027;0.598321;
-3.2301;1.67836;23.9114;1.22713;0.631329;
-3.08534;1.44761;24.0158;1.04331;0.62449;
-2.92142;1.63918;24.1423;1.26499;0.657258;
-2.76746;1.53953;24.2588;1.16566;0.648063;
-2.62301;1.44456;24.3718;1.12978;0.663727;
-2.47054;1.52464;24.4857;1.13919;0.641699;
-2.30929;1.61256;24.6064;1.20621;0.642225;
-2.14664;1.62649;24.7195;1.13123;0.607703;
-1.98806;1.58582;24.846;1.26544;0.673504;
-1.81199;1.76071;24.9448;0.987574;0.511169;
-1.63945;1.72535;25.0518;1.0701;0.555157;
-1.47637;1.63078;25.1703;1.18482;0.628316;
-1.33848;1.37894;25.3263;1.56023;0.847001;
-1.26969;0.687875;25.5356;2.09347;1.25333;
-1.23096;0.38731;25.7107;1.75042;1.35304;
-1.15741;0.735541;25.8982;1.87491;1.19694;
-1.02632;1.31089;26.0458;1.47628;0.844668;
-0.876039;1.50279;26.1903;1.44455;0.765639;
-0.72675;1.49288;26.3289;1.38652;0.748477;
-0.54706;1.7969;26.4619;1.32998;0.637167;
-0.352497;1.94563;26.5465;0.846227;0.410257;
-0.160727;1.91771;26.6222;0.757076;0.376;
0.0541649;2.14891;26.6643;0.42067;0.193315;
0.261305;2.07141;26.7159;0.515827;0.244059;
0.487101;2.25795;26.7338;0.179342;0.0792602;
0.671134;1.84033;26.7279;-0.0588618;-0.0319735;
0.860584;1.8945;26.7142;-0.137382;-0.0723897;
1.05515;1.94566;26.6972;-0.169931;-0.0871175;
1.23962;1.84472;26.6715;-0.257523;-0.138703;
1.44288;2.03255;26.6369;-0.345908;-0.16857;
1.63904;1.96162;26.6008;-0.360329;-0.181664;
1.86189;2.22847;26.5807;-0.201413;-0.0901372;
2.05208;1.90195;26.5519;-0.287638;-0.150096;
2.26411;2.12025;26.5027;-0.492329;-0.22816;
2.47152;2.07413;26.4559;-0.468313;-0.222064;
2.6703;1.98786;26.4189;-0.369991;-0.18402;
2.83668;1.66379;26.39;-0.288341;-0.171599;
3.03671;2.0003;26.3567;-0.332857;-0.164892;
3.23394;1.97227;26.3235;-0.332139;-0.166839;
3.41896;1.85022;26.2809;-0.426382;-0.226495;
3.61123;1.92271;26.259;-0.218576;-0.113195;
3.79304;1.81805;26.2283;-0.307338;-0.167465;
4.0025;2.09466;26.2506;0.223038;0.10608;
4.20583;2.03331;26.2713;0.206508;0.101216;
4.40537;1.99533;26.2917;0.204313;0.10204;
4.62861;2.23244;26.3035;0.117774;0.052707;
4.82613;1.9752;26.322;0.185563;0.0936717;
5.02256;1.96428;26.343;0.209612;0.10631;
5.23799;2.15433;26.3829;0.398732;0.183013;
5.43647;1.98479;26.4281;0.452665;0.224232;
5.63174;1.95267;26.4877;0.595632;0.29607;
5.84268;2.10945;26.5552;0.675248;0.309799;
6.03137;1.88686;26.6112;0.560383;0.288695;
6.24;2.08631;26.6675;0.562785;0.26348;
6.44065;2.00647;26.7204;0.529277;0.25791;
6.64237;2.01728;26.7301;0.0964699;0.0477853;
6.84189;1.99519;26.7355;0.0538142;0.0269654;
7.03192;1.90026;26.7403;0.0483946;0.0254619;
7.22754;1.95617;26.7533;0.129838;0.0662762;
7.3988;1.71266;26.7645;0.111869;0.0652262;
7.58128;1.82473;26.7602;-0.0433801;-0.0237689;
7.78124;1.9996;26.7551;-0.050523;-0.0252612;
7.98374;2.02509;26.7527;-0.0244292;-0.0120627;
8.1852;2.01454;26.7469;-0.0578661;-0.0287163;
8.38117;1.95967;26.7412;-0.0566132;-0.0288811;
8.58636;2.05192;26.7577;0.164553;0.0800236;
8.7826;1.96242;26.8078;0.500977;0.249947;
8.99881;2.16215;26.8418;0.340035;0.15599;
9.20219;2.03379;26.8686;0.26817;0.131101;
9.39019;1.87993;26.9126;0.440475;0.230151;
9.58948;1.99289;26.955;0.423594;0.209436;
9.77787;1.88394;26.9617;0.0671061;0.035605;
9.98872;2.10853;27.0409;0.791943;0.359287;
10.159;1.70249;27.1135;0.725779;0.402976;
10.3389;1.79948;27.197;0.834847;0.434385;
10.5094;1.70439;27.2905;0.935106;0.501802;
10.7055;1.96165;27.3489;0.584729;0.289694;
10.9055;1.99961;27.4021;0.531753;0.259913;
11.1105;2.05049;27.458;0.558598;0.265968;
11.2979;1.87319;27.4995;0.415006;0.218029;
11.5039;2.0608;27.542;0.425272;0.203506;
11.7256;2.21633;27.5924;0.504041;0.223618;
11.9168;1.91256;27.6344;0.420148;0.216244;
12.125;2.08163;27.6714;0.369945;0.175883;
12.3061;1.81126;27.7169;0.455328;0.246284;
12.4978;1.91695;27.7593;0.42338;0.217372;
12.6937;1.9592;27.8095;0.502532;0.251085;
12.8758;1.82039;27.8592;0.496543;0.266289;
13.0701;1.94349;27.9084;0.49248;0.248176;
13.2712;2.01073;27.9729;0.644687;0.310268;
13.4572;1.8605;28.0389;0.660099;0.340942;
13.6458;1.88526;28.1017;0.627716;0.321414;
13.8369;1.91131;28.1653;0.636203;0.321327;
14.0245;1.87574;28.2302;0.648414;0.332825;
14.2079;1.8347;28.3113;0.811663;0.416513;
14.3842;1.76276;28.4053;0.93983;0.489822;
14.5772;1.93024;28.4768;0.715201;0.354842;
14.7478;1.70597;28.5961;1.19298;0.610253;
14.9305;1.82665;28.7002;1.04123;0.518084;
15.1042;1.7375;28.7985;0.983051;0.514881;
15.2823;1.78058;28.882;0.83496;0.438481;
15.4803;1.97968;28.9569;0.748221;0.361355;
15.6659;1.85634;29.0417;0.848677;0.428806;
15.8593;1.93381;29.138;0.962593;0.461862;
16.0234;1.6411;29.2447;1.06695;0.576477;
16.1941;1.70705;29.3453;1.00569;0.532396;
16.3628;1.68662;29.4626;1.17378;0.607995;
16.5415;1.78708;29.5762;1.136;0.566238;
16.7118;1.70312;29.6871;1.10884;0.577122;
16.8777;1.65893;29.7982;1.11032;0.589821;
17.0579;1.80238;29.91;1.11862;0.555455;

17.2409;1.82959;-29.9815;1.08505;0.535301;
17.3659;1.25;-29.7942;1.87237;0.982145;
17.5446;1.78713;-29.6792;1.15077;0.572087;
17.6679;1.23261;-29.5053;1.73871;0.954107;
17.8313;1.63482;-29.3826;1.22673;0.643741;
17.9386;1.07258;-29.1996;1.83021;1.0407;
18.1151;1.76539;-29.0453;1.54272;0.718191;
18.2618;1.46697;-28.9278;1.17545;0.67552;
18.4505;1.88623;-28.8565;0.713004;0.361402;
18.5921;1.41678;-28.7004;1.56129;0.833884;
18.7378;1.45673;-28.5893;1.11005;0.651148;
18.8692;1.31427;-28.4402;1.49152;0.848485;
19.0158;1.46542;-28.2828;1.57367;0.821003;
19.1119;0.961072;-28.1155;1.67288;1.04934;
19.2595;1.4764;-27.9575;1.5806;0.81947;
19.3444;0.849074;-27.7416;2.1585;1.19602;
19.4551;1.10668;-27.571;1.70657;0.995487;
19.5192;0.641117;-27.4047;1.66246;1.20273;
19.5971;0.778827;-27.2132;1.91562;1.18464;
19.6678;0.707129;-27.0267;1.86514;1.20841;
19.7314;0.636051;-26.8371;1.89571;1.24708;
19.7824;0.510183;-26.6511;1.86;1.30309;
19.822;0.395937;-26.4599;1.91142;1.36654;
19.8947;0.726437;-26.2817;1.78282;1.18387;
19.9411;0.464098;-26.082;1.99651;1.3424;
20.0065;0.653964;-25.897;1.85044;1.23109;
20.0576;0.510856;-25.6838;2.13165;1.33558;
20.1226;0.650576;-25.4934;1.9038;1.24151;
20.1593;0.367144;-25.2945;1.98903;1.38827;
20.2271;0.677466;-25.1044;1.90155;1.22855;
20.256;0.289003;-24.919;1.8536;1.41613;
20.3448;0.88835;-24.7616;1.57362;1.05687;
20.3709;0.261336;-24.5355;2.26104;1.45573;
20.4821;1.11204;-24.3779;1.5759;0.956284;
20.5;0.178605;-24.1481;2.29842;1.49324;
20.6263;1.26254;-23.9368;2.11293;1.0322;
20.6477;0.213982;-23.7148;2.22043;1.47472;
20.7802;1.32524;-23.5168;1.97921;0.980779;
20.8017;0.215231;-23.2948;2.2201;1.47415;
20.9066;1.04863;-23.109;1.85875;1.05715;
20.9293;0.227536;-22.8817;2.27269;1.47101;
21.0505;1.21225;-22.6825;1.99201;1.02411;
21.0683;0.17733;-22.4771;2.0535;1.48466;
21.1822;1.13883;-22.2729;2.04208;1.06207;
21.1856;0.0348223;-22.0514;2.21503;1.55508;
21.3078;1.22104;-21.8564;1.95033;1.01143;
21.3355;0.277794;-21.6344;2.22027;1.44633;
21.4592;1.23636;-21.4526;1.81806;0.97359;
21.487;0.278631;-21.2214;2.31167;1.45084;
21.6145;1.27473;-20.999;2.22421;1.05038;
21.6586;0.441357;-20.7738;2.25138;1.37721;
21.8008;1.4212;-20.5939;1.79905;0.902199;
21.8651;0.643801;-20.3766;2.17312;1.28278;
21.9505;0.853339;-20.1881;1.88554;1.14581;
22.0221;0.716041;-19.9915;1.96538;1.22142;
22.1543;1.32218;-19.8166;1.74922;0.92355;
22.2256;0.712748;-19.6231;1.93522;1.21791;
22.3818;1.56228;-19.4828;1.40266;0.731612;
22.4568;0.750205;-19.2734;2.09381;1.22675;
22.614;1.57156;-19.1428;1.30679;0.693671;
22.701;0.869862;-18.9431;1.99656;1.15991;
22.9015;2.00501;-18.8155;1.27555;0.5666;
23.0139;1.1239;-18.6358;1.79733;1.01197;
23.2206;2.0678;-18.5114;1.24417;0.54166;
23.3518;1.3115;-18.3382;1.73234;0.922788;
23.5718;2.20045;-18.2447;0.934956;0.401779;
23.7163;1.44476;-18.0914;1.53284;0.814972;
23.9285;2.12192;-18.0266;0.647409;0.296133;
24.0916;1.63065;-17.8765;1.50119;0.744084;
24.3425;2.50947;-17.8421;0.343948;0.136212;
24.5286;1.86081;-17.7085;1.33582;0.622619;
24.7266;1.98014;-17.6736;0.349736;0.174819;
24.9114;1.84811;-17.5627;1.10861;0.540316;
25.1355;2.24095;-17.552;0.106758;0.0476036;
25.3291;1.93568;-17.4424;1.09675;0.515496;
25.5526;2.23486;-17.4592;-0.168042;-0.07505;
25.7581;2.05551;-17.3445;1.14712;0.509019;
25.9684;2.10316;-17.3371;0.0736456;0.0350024;
26.1696;2.01134;-17.2419;0.95198;0.442066;
26.4088;2.39205;-17.2285;0.133698;0.0558344;
26.5803;1.71498;-17.1622;0.663268;0.369032;
26.7822;2.01953;-17.1228;0.393465;0.19242;
26.964;1.8175;-17.0327;0.901241;0.460336;
27.1445;1.80558;-17.0047;0.280004;0.153852;
27.3133;1.68785;-16.9064;0.983697;0.527685;
27.4998;1.86453;-16.8539;0.524526;0.27423;
27.6579;1.58164;-16.7244;1.29522;0.686165;
27.8865;2.28542;-16.6793;0.451;0.194834;
28.0604;1.73884;-16.5585;1.20758;0.607009;
28.2961;2.35718;-16.5209;0.376464;0.158372;
28.4789;1.82839;-16.3849;1.35965;0.639412;
28.7006;2.21656;-16.3689;0.160324;0.0722044;
28.9223;2.21705;-16.2277;1.41173;0.567012;
29.1396;2.17358;-16.2049;0.227708;0.104381;
29.3292;1.89553;-16.0869;1.18065;0.557061;
29.5518;2.22663;-16.0496;0.372502;0.165759;
29.7495;1.97613;-15.9961;0.534753;0.264277;
29.9414;1.919;-15.9574;0.387482;0.19924;

-29.8699;1.887;-15.9169;0.404658;0.211245;
-29.7021;1.67798;-15.7928;1.24085;0.63674;
-29.4592;2.42968;-15.7787;0.141641;0.0582304;
-29.2695;1.89703;-15.6414;1.37246;0.626311;
-29.0384;2.31022;-15.6189;0.225689;0.0973828;
-28.8545;1.83932;-15.4961;1.22787;0.588625;
-28.628;2.26499;-15.4822;0.138743;0.0611792;
-28.4034;2.24633;-15.3911;0.911222;0.385367;
-28.2069;1.96478;-15.3421;0.4899;0.244358;
-28.0247;1.82184;-15.2721;0.700001;0.366837;
-27.8408;1.83892;-15.2328;0.393346;0.210725;
-27.6519;1.88952;-15.1019;1.30856;0.605698;
-27.4268;2.25066;-15.1139;-0.119673;-0.0531222;
-27.2319;1.94956;-14.9869;1.2693;0.577127;
-27.006;2.25908;-14.967;0.199088;0.0879007;
-26.8199;1.86081;-14.8125;1.54566;0.693143;
-26.5895;2.30387;-14.7806;0.318957;0.137569;
-26.4092;1.80249;-14.6325;1.48044;0.687612;
-26.1884;2.20811;-14.5889;0.436566;0.195193;
-26.0088;1.79651;-14.4226;1.66225;0.746599;
-25.7912;2.17531;-14.3651;0.575743;0.258739;
-25.6408;1.50487;-14.1801;1.84955;0.88779;
-25.4184;2.2232;-14.0804;0.997524;0.421762;
-25.2804;1.38045;-13.8987;1.81639;0.920927;
-25.0801;2.00267;-13.8002;0.98508;0.457133;
-24.9896;0.90545;-13.5862;2.14055;1.17062;
-24.7861;2.03456;-13.4821;1.04056;0.472762;
-24.6818;1.04301;-13.251;2.31115;1.14687;
-24.5371;1.44759;-13.0884;1.62594;0.843361;
-24.4765;0.605776;-12.8629;2.25476;1.30833;
-24.335;1.41514;-12.6863;1.76579;0.89519;
-24.2903;0.446529;-12.4691;2.17209;1.36804;
-24.1284;1.61958;-12.2926;1.76567;0.828525;
-24.0912;0.371324;-12.0605;2.32093;1.41215;
-23.9451;1.46094;-11.883;1.77435;0.881969;
-23.9376;0.0750324;-11.6606;2.22402;1.53707;
-23.7865;1.51162;-11.463;1.97602;0.917775;
-23.7679;0.185741;-11.2253;2.37754;1.49283;
-23.6295;1.38437;-11.038;1.87267;0.934211;
-23.5959;0.335441;-10.8143;2.23742;1.42198;
-23.4404;1.55555;-10.6122;2.02032;0.914648;
-23.4079;0.324645;-10.3568;2.55438;1.44438;
-23.2868;1.21045;-10.1766;1.80154;0.979182;
-23.2634;0.233947;-9.9522;2.24441;1.46694;
-23.1228;1.40672;-9.77459;1.77614;0.900948;
-23.0755;0.472574;-9.557;2.1759;1.35693;
-22.9359;1.39621;-9.37849;1.78505;0.907024;
-22.891;0.448559;-9.17502;2.03477;1.35382;
-22.7232;1.67885;-8.99293;1.82083;0.825946;
-22.6465;0.766716;-8.79669;1.96248;1.19834;
-22.4762;1.7032;-8.63471;1.61972;0.76028;
-22.395;0.811933;-8.4408;1.93911;1.17426;
-22.2188;1.76167;-8.29673;1.44068;0.685497;
-22.1117;1.07116;-8.10406;1.92671;1.06339;
-21.9351;1.76601;-7.96742;1.3664;0.65851;
-21.8237;1.11357;-7.77332;1.94107;1.04995;
-21.639;1.84723;-7.66073;1.12585;0.547361;
-21.5227;1.16299;-7.46309;1.97643;1.03893;
-21.3301;1.92591;-7.34624;1.16847;0.54534;
-21.2257;1.04432;-7.15298;1.93264;1.07539;
-21.0267;1.99001;-7.04081;1.1217;0.513275;
-20.895;1.31655;-6.86177;1.79037;0.936737;
-20.6801;2.14939;-6.74448;1.17289;0.499524;
-20.5673;1.12833;-6.56484;1.79644;1.00997;
-20.3753;1.91925;-6.44961;1.15226;0.540689;
-20.2547;1.20593;-6.28966;1.5995;0.924777;
-20.058;1.9676;-6.18931;1.00354;0.471643;
-19.914;1.43962;-6.00596;1.83349;0.905158;
-19.7195;1.94513;-5.88366;1.22297;0.561281;
-19.588;1.31455;-5.71481;1.68853;0.909293;
-19.3895;1.98524;-5.59927;1.15537;0.527065;
-19.2585;1.31049;-5.42923;1.70036;0.914172;
-19.0733;1.85174;-5.33607;0.931678;0.466154;
-18.922;1.513;-5.16341;1.72652;0.851213;
-18.7748;1.47199;-5.05996;1.03451;0.612598;
-18.6275;1.47291;-4.92018;1.39786;0.759261;
-18.4644;1.63156;-4.80018;1.19993;0.634124;
-18.2888;1.75509;-4.68761;1.12574;0.570314;
-18.1403;1.48526;-4.56633;1.21279;0.684751;
-17.9537;1.8659;-4.49402;0.723144;0.369734;
-17.7748;1.78949;-4.36937;1.24647;0.608409;
-17.5533;2.21522;-4.35555;0.138144;0.0622806;
-17.3428;2.10422;-4.24451;1.11047;0.485588;
-17.0884;2.54426;-4.2781;-0.335907;-0.131266;
-16.8678;2.20649;-4.25926;0.188352;0.0851563;
-16.6572;2.10528;-4.37671;-1.17443;-0.50885;
-16.4644;1.9283;-4.44283;-0.661201;-0.33033;
-16.3126;1.51767;-4.62674;-1.83916;-0.880877;
-16.1442;1.68477;-4.74449;-1.17747;-0.609981;
-16.0419;1.02256;-4.93581;-1.91324;-1.07996;
-15.858;1.8395;-5.07732;-1.41504;-0.65571;
-15.7824;0.755477;-5.28648;-2.09161;-1.22418;
-15.6074;1.74964;-5.43969;-1.53209;-0.719202;
-15.5736;0.338913;-5.67275;-2.33063;-1.42639;
-15.4089;1.64635;-5.86451;-1.91763;-0.861368;
-15.353;0.558959;-6.0761;-2.11583;-1.31252;
-15.205;1.48049;-6.24547;-1.69376;-0.852487;
-15.143;0.619784;-6.46877;-2.23294;-1.30005;
-14.9944;1.4856;-6.63953;-1.70767;-0.85483;
-14.9089;0.855256;-6.86453;-2.25;-1.20755;
-14.7628;1.46151;-7.03592;-1.71383;-0.864696;
-14.6404;1.22358;-7.22673;-1.90808;-1.00059;
-14.5121;1.28318;-7.37393;-1.47205;-0.853841;
-14.4214;0.906645;-7.5672;-1.93273;-1.13217;
-14.2948;1.26627;-7.72589;-1.58689;-0.897301;
-14.2651;0.296647;-7.96264;-2.36743;-1.44614;
-14.2222;0.429253;-8.15558;-1.92948;-1.35189;
-14.2051;0.171274;-8.37454;-2.18955;-1.49273;
-14.2063;-0.0118055;-8.5581;-1.83559;-1.57723;
-14.1828;0.234046;-8.76202;-2.0392;-1.45652;
-14.1458;0.370109;-8.96657;-2.0455;-1.39179;
-14.1395;0.0631526;-9.15796;-1.91389;-1.53781;
-14.0731;0.664264;-9.35835;-2.00396;-1.25072;
-14.0459;0.272155;-9.54121;-1.82853;-1.42304;
-13.993;0.528966;-9.75558;-2.14374;-1.32888;
-13.977;0.159849;-9.94601;-1.90432;-1.48705;
-13.9576;0.193894;-10.1685;-2.22511;-1.48388;
-13.9828;-0.25185;-10.3769;-2.08408;-1.69106;
-13.9854;-0.0257928;-10.5818;-2.04914;-1.58338;
-14.1289;-1.43528;-10.7841;-2.02233;-2.18801;
-14.1816;-0.526918;-10.9936;-2.09508;-1.81719;
-14.3648;-1.83255;-11.1383;-1.44737;-2.47309;
-14.4826;-1.1775;-11.3392;-2.00852;-2.10104;
-14.6986;-2.15973;-11.4359;-0.967023;-2.72061;
-14.8642;-1.65581;-11.5904;-1.54498;-2.39081;
-15.042;-1.77868;-11.6918;-1.01443;-2.62328;
-15.2067;-1.64674;-11.808;-1.16145;-2.52732;
-15.3942;-1.87505;-11.887;-0.790139;-2.74278;
-15.5623;-1.68056;-12.0007;-1.13758;-2.54654;
-15.7672;-2.04931;-12.0527;-0.519261;-2.89343;
-15.9277;-1.60489;-12.1677;-1.15;-2.51984;
-16.1629;-2.35256;-12.2011;-0.33482;-3.00022;
-16.3404;-1.77464;-12.3263;-1.252;-2.52719;
-16.5443;-2.03946;-12.346;-0.196169;-3.0457;
-16.7335;-1.89166;-12.4638;-1.17842;-2.58447;
-16.9381;-2.04639;-12.5057;-0.418898;-2.93968;
-17.1199;-1.81756;-12.6521;-1.46447;-2.46336;
-17.3406;-2.20713;-12.6956;-0.434849;-2.94706;
-17.5227;-1.82049;-12.8565;-1.60895;-2.4178;
-17.7413;-2.18652;-12.9112;-0.547032;-2.89644;
-17.9011;-1.59767;-13.0765;-1.65255;-2.33931;
-18.1345;-2.33432;-13.1348;-0.583639;-2.89659;
-18.3054;-1.70885;-13.2744;-1.39547;-2.4568;
-18.5228;-2.17419;-13.3302;-0.558167;-2.8903;
-18.7195;-1.96687;-13.4691;-1.38926;-2.52663;
-18.9522;-2.32727;-13.5324;-0.63219;-2.87635;
-19.1421;-1.89841;-13.6428;-1.10463;-2.61461;
-19.3376;-1.95539;-13.6865;-0.436496;-2.92197;
-19.5166;-1.78968;-13.8087;-1.22227;-2.5424;
-19.7481;-2.31497;-13.8489;-0.402135;-2.9696;
-19.9248;-1.76702;-13.9324;-0.835452;-2.69994;
-20.1594;-2.34604;-13.927;0.0545263;3.11836;
-20.3589;-1.99484;-14.0483;-1.21288;-2.59531;
-20.5948;-2.35916;-14.0687;-0.20398;-3.05534;
-20.796;-2.01243;-14.1756;-1.06898;-2.65331;
-21.0077;-2.11632;-14.2067;-0.311102;-2.99564;
-21.1969;-1.89225;-14.3177;-1.10969;-2.6112;
-21.3956;-1.987;-14.3703;-0.526086;-2.88277;
-21.5671;-1.71551;-14.5;-1.29685;-2.49429;
-21.7867;-2.19604;-14.5705;-0.705858;-2.8306;
-21.9372;-1.50477;-14.7361;-1.6554;-2.30857;
-22.1229;-1.85697;-14.8149;-0.787852;-2.74034;
-22.2578;-1.34866;-15.0079;-1.93041;-2.18061;
-22.4387;-1.80958;-15.1275;-1.19605;-2.55755;
-22.5345;-0.957542;-15.3306;-2.03043;-2.01146;
-22.6972;-1.62663;-15.4748;-1.44285;-2.416;
-22.7666;-0.694146;-15.7038;-2.28949;-1.86518;
-22.9209;-1.54318;-15.8596;-1.55845;-2.35127;
-22.9446;-0.237084;-16.1188;-2.59171;-1.66202;
-23.0762;-1.31615;-16.3101;-1.91267;-2.1735;
-23.1024;-0.262053;-16.5329;-2.22829;-1.68786;
-23.2208;-1.18428;-16.721;-1.88059;-2.13279;
-23.2398;-0.189789;-16.9475;-2.26552;-1.65437;
-23.3412;-1.01364;-17.1379;-1.90379;-2.06005;
-23.3612;-0.200104;-17.3544;-2.16528;-1.66295;
-23.4626;-1.01432;-17.5664;-2.11975;-2.01711;
-23.4596;0.0303977;-17.7952;-2.28843;-1.55751;
-23.5666;-1.06996;-18.0194;-2.24174;-2.01611;
-23.5729;-0.063295;-18.2383;-2.18908;-1.5997;
-23.6543;-0.813404;-18.4353;-1.97012;-1.96235;
-23.6816;-0.27338;-18.6272;-1.91838;-1.71235;
-23.7193;-0.377034;-18.8203;-1.93086;-1.76364;
-23.7305;-0.111908;-19.0354;-2.15153;-1.62276;
-23.7835;-0.530341;-19.2439;-2.08505;-1.81987;
-23.7949;-0.113961;-19.4571;-2.13225;-1.62419;
-23.8404;-0.45532;-19.6686;-2.11492;-1.78285;
-23.8324;0.0807368;-19.8481;-1.79496;-1.52585;
-23.8801;-0.477287;-20.0602;-2.12068;-1.79217;
-23.8389;0.412453;-20.2689;-2.08718;-1.3757;
-23.9132;-0.743476;-20.486;-2.17046;-1.90081;
-23.8345;0.787084;-20.7261;-2.40117;-1.25404;
-23.9175;-0.829712;-20.9658;-2.39757;-1.90396;
-23.835;0.824773;-21.2198;-2.54011;-1.25684;
-23.8882;-0.53244;-21.4405;-2.20623;-1.8076;
-23.7822;1.06084;-21.6767;-2.36193;-1.14866;
-23.8352;-0.530514;-21.9226;-2.45949;-1.78324;
-23.7516;0.836007;-22.1388;-2.16194;-1.20181;
-23.791;-0.394245;-22.3657;-2.26886;-1.74284;
-23.6705;1.20565;-22.5825;-2.16794;-1.06326;
-23.7008;-0.303543;-22.8203;-2.37842;-1.69773;
-23.6065;0.943077;-23.0464;-2.26063;-1.17557;
-23.6305;-0.240171;-23.277;-2.30646;-1.67455;
-23.515;1.1548;-23.5008;-2.2379;-1.09442;
-23.5553;-0.402351;-23.7338;-2.32977;-1.74181;
-23.4412;1.14065;-23.9577;-2.23941;-1.09969;
-23.4757;-0.344532;-24.1977;-2.39922;-1.71342;
-23.3792;0.964318;-24.4184;-2.20788;-1.15901;
-23.3992;-0.19985;-24.644;-2.25546;-1.65917;
-23.2766;1.22587;-24.8425;-1.98467;-1.01749;
-23.3017;-0.250246;-25.093;-2.50504;-1.67036;
-23.1792;1.22425;-25.3073;-2.14372;-1.05191;
-23.214;-0.347315;-25.5681;-2.60809;-1.70319;
-23.0727;1.41243;-25.7899;-2.21733;-1.00362;
-23.0848;-0.120413;-26.0315;-2.41612;-1.62059;
-22.9452;1.39575;-26.2384;-2.06951;-0.977436;
-22.9594;-0.142193;-26.4841;-2.45656;-1.62861;
-22.8106;1.48793;-26.6971;-2.13032;-0.961107;
-22.7625;0.48081;-26.9113;-2.14203;-1.34999;
-22.6178;1.44762;-27.0839;-1.72603;-0.872901;
-22.5665;0.512906;-27.3398;-2.55826;-1.37293;
-22.3939;1.72583;-27.51;-1.70203;-0.778455;
-22.3517;0.421514;-27.7529;-2.42916;-1.39898;
-22.1672;1.84521;-27.9092;-1.56328;-0.702872;
-22.097;0.702509;-28.139;-2.29831;-1.27415;
-21.931;1.65959;-28.2923;-1.53272;-0.745676;
-21.8773;0.537137;-28.5248;-2.32497;-1.34375;
-21.682;1.95256;-28.6843;-1.59439;-0.684759;
-21.6391;0.429787;-28.9226;-2.38303;-1.39236;
-21.4486;1.90467;-29.0894;-1.66827;-0.719332;
-21.3754;0.73214;-29.3074;-2.18036;-1.24684;
-21.1903;1.85125;-29.4758;-1.68395;-0.738109;
-21.0696;1.20675;-29.6482;-1.72393;-0.960072;
-20.9609;1.08653;-29.8065;-1.58305;-0.969288;
-20.8514;1.09509;-29.9612;-1.54716;-0.954851;

-20.7254;1.25988;29.8717;-1.67114;-0.924799;
-20.6999;0.255559;29.6376;-2.34092;-1.46206;
-20.5334;1.66445;29.4402;-1.97368;-0.870191;
-20.507;0.264294;29.2014;-2.38766;-1.46055;
-20.3574;1.49603;28.9874;-2.14024;-0.960742;
-20.3237;0.33727;28.757;-2.30458;-1.42548;
-20.1298;1.93888;28.588;-1.68936;-0.716736;
-20.0756;0.541896;28.3388;-2.49207;-1.35668;
-19.9701;1.05534;28.1594;-1.79414;-1.03909;
-19.9765;-0.0640486;27.9386;-2.20833;-1.59979;
-19.8039;1.72544;27.7323;-2.06283;-0.874225;
-19.7945;0.094246;27.4801;-2.52219;-1.53345;
-19.6635;1.31009;27.2679;-2.12138;-1.01756;
-19.6326;0.308603;27.0444;-2.23531;-1.43361;
-19.4795;1.5314;26.836;-2.0843;-0.937139;
-19.4699;0.0962211;26.6025;-2.33487;-1.52961;
-19.3136;1.56315;26.4233;-1.79198;-0.853495;
-19.2961;0.175046;26.1797;-2.4353;-1.49904;
-19.1469;1.49155;25.9984;-1.8132;-0.882421;
-19.1317;0.152207;25.783;-2.15472;-1.50027;
-18.9365;1.95198;25.583;-1.99984;-0.797507;
-18.8955;0.409748;25.3528;-2.3013;-1.39459;
-18.7257;1.69838;25.175;-1.77842;-0.808414;
-18.6871;0.38559;24.926;-2.49018;-1.41717;
-18.5208;1.66335;24.7492;-1.76808;-0.81591;
-18.438;0.828122;24.5455;-2.03665;-1.18461;
-18.3009;1.37042;24.3768;-1.68709;-0.888601;
-18.2375;0.633879;24.1723;-2.0453;-1.27026;
-18.077;1.60488;24.0129;-1.59388;-0.781957;
-18.0101;0.669611;23.7993;-2.13572;-1.26697;
-17.833;1.77087;23.6464;-1.52932;-0.712335;
-17.7743;0.586931;23.4368;-2.0961;-1.29778;
-17.6023;1.71953;23.2767;-1.6008;-0.749656;
-17.529;0.733922;23.0588;-2.17871;-1.24587;
-17.3184;2.10504;22.9208;-1.38029;-0.580376;
-17.2371;0.813623;22.6872;-2.33631;-1.23568;
-17.0734;1.63734;22.5409;-1.46229;-0.728984;
-16.9986;0.747666;22.336;-2.04956;-1.221;
-16.8165;1.82044;22.1993;-1.36666;-0.643968;
-16.7551;0.614387;21.956;-2.43281;-1.32343;
-16.5721;1.82993;21.803;-1.53069;-0.696587;
-16.4938;0.782983;21.5907;-2.12282;-1.21744;
-16.2962;1.976;21.451;-1.39669;-0.615292;
-16.2188;0.77401;21.2152;-2.3581;-1.25364;
-16.047;1.7183;21.0672;-1.47994;-0.711008;
-15.9713;0.756925;20.8371;-2.30108;-1.253;
-15.8021;1.69142;20.6857;-1.51373;-0.730017;
-15.7433;0.588634;20.4443;-2.41435;-1.33166;
-15.5595;1.83769;20.2985;-1.45742;-0.670502;
-15.4994;0.601431;20.0527;-2.4585;-1.33088;
-15.3391;1.60252;19.8857;-1.66976;-0.805945;
-15.2953;0.43778;19.6518;-2.33951;-1.38581;
-15.153;1.42305;19.5014;-1.50342;-0.812855;
-15.1294;0.236069;19.2648;-2.3664;-1.47137;
-14.9625;1.66957;19.0648;-1.99968;-0.875122;
-14.9426;0.198801;18.8332;-2.31576;-1.48516;
-14.7914;1.51151;18.6771;-1.56163;-0.801704;
-14.7539;0.375812;18.4142;-2.62885;-1.4288;
-14.598;1.55828;18.2327;-1.81505;-0.861369;
-14.543;0.550181;17.9869;-2.45747;-1.35055;
-14.3665;1.76523;17.8235;-1.63467;-0.747016;
-14.2949;0.715413;17.6026;-2.20847;-1.25752;
-14.0825;2.12445;17.4703;-1.3228;-0.556913;
-13.9095;1.72981;17.3208;-1.49507;-0.712734;
-13.6645;2.45012;17.2862;-0.346183;-0.140363;
-13.4379;2.26631;17.2633;-0.229056;-0.100728;
-13.2428;1.95034;17.3127;0.494361;0.248246;
-13.0311;2.1178;17.3267;0.139584;0.0658149;
-12.8447;1.86345;17.4306;1.03926;0.50874;
-12.6455;1.9927;17.5009;0.703068;0.339187;
-12.488;1.57422;17.6551;1.54165;0.774948;
-12.2385;2.49555;17.7026;0.474975;0.188079;
-12.0652;1.73311;17.8885;1.85852;0.820302;
-11.865;2.00163;17.9733;0.848709;0.40103;
-11.7223;1.42751;18.1525;1.7921;0.898159;
-11.495;2.27207;18.237;0.844936;0.356032;
-11.3263;1.68711;18.402;1.65008;0.774303;
-11.1237;2.02634;18.4809;0.788332;0.371024;
-10.98;1.43673;18.6557;1.74788;0.882792;
-10.754;2.25997;18.7406;0.849629;0.359601;
-10.6089;1.4512;18.8963;1.55704;0.820568;
-10.3927;2.16237;18.9706;0.742697;0.33084;
-10.2508;1.41882;19.1574;1.86795;0.921204;
-10.0093;2.41536;19.2446;0.871796;0.346385;
-9.85966;1.49588;19.4347;1.90093;0.904081;
-9.63259;2.27073;19.5133;0.786212;0.333319;
-9.49594;1.36645;19.7067;1.93414;0.955728;
-9.28264;2.13306;19.7829;0.761706;0.342982;
-9.12943;1.53211;19.9509;1.68025;0.83148;
-8.90912;2.2031;20.0213;0.703959;0.309278;
-8.73955;1.69573;20.1738;1.5247;0.73234;
-8.51357;2.25973;20.2205;0.467447;0.203982;
-8.33001;1.83565;20.3688;1.48324;0.679612;
-8.10751;2.22499;20.4097;0.40889;0.181744;
-7.93294;1.74572;20.5422;1.32447;0.649043;
-7.7251;2.07833;20.59;0.47851;0.226295;
-7.57839;1.46712;20.759;1.69019;0.855932;
-7.35236;2.26029;20.8329;0.739086;0.316028;
-7.19799;1.54372;20.9981;1.6513;0.819054;
-6.97532;2.22667;21.0674;0.693252;0.301827;
-6.81243;1.62895;21.2421;1.74656;0.820224;
-6.61812;1.94303;21.3401;0.98082;0.467472;
-6.48767;1.30451;21.4919;1.51816;0.860945;
-6.28864;1.99029;21.5902;0.982728;0.458643;
-6.14786;1.40781;21.7604;1.70156;0.879594;
-5.94745;2.00415;21.8446;0.842356;0.397887;
-5.80403;1.43415;22.0192;1.74584;0.883102;
-5.61387;1.90167;22.117;0.977999;0.475011;
-5.46836;1.45504;22.2749;1.57888;0.826194;
-5.26459;2.03772;22.3703;0.954136;0.437916;
-5.09974;1.64851;22.548;1.77669;0.822802;
-4.90719;1.92545;22.6229;0.749249;0.3711;
-4.75921;1.47986;22.7973;1.74401;0.867153;
-4.5338;2.25411;22.8856;0.882658;0.373224;
-4.39307;1.4073;23.0642;1.78589;0.90341;
-4.18444;2.08629;23.1647;1.00569;0.44918;
-4.04343;1.41002;23.3447;1.8;0.906294;
-3.83096;2.1247;23.4356;0.908911;0.404225;
-3.70421;1.26751;23.6227;1.87108;0.975387;
-3.51499;1.89224;23.7271;1.04377;0.504077;
-3.39723;1.17763;23.9269;1.99851;1.03832;
-3.20577;1.91453;24.05;1.23045;0.571218;
-3.08254;1.23232;24.2369;1.86908;0.987899;
-2.91328;1.69257;24.3639;1.26992;0.643687;
-2.77344;1.3984;24.5359;1.72017;0.888212;
-2.60975;1.63696;24.6781;1.4224;0.715381;
-2.4917;1.1805;24.8839;2.05752;1.0499;
-2.30914;1.82561;25.0098;1.25925;0.603825;
-2.18282;1.26316;25.1874;1.77551;0.952437;
-1.99129;1.91532;25.2708;0.834337;0.410825;
-1.83391;1.57375;25.448;1.77225;0.844651;
-1.65784;1.76073;25.5471;0.990418;0.512393;
-1.51931;1.38531;25.7148;1.6775;0.880508;
-1.32002;1.99291;25.8002;0.853974;0.404836;
-1.17985;1.40168;25.9653;1.65115;0.866933;
-0.964114;2.15737;26.0424;0.770317;0.342952;
-0.798884;1.6523;26.17;1.2764;0.657748;
-0.578362;2.20522;26.2397;0.697145;0.306192;
-0.396802;1.8156;26.3302;0.904534;0.462207;
-0.171225;2.25577;26.3426;0.123822;0.0548363;
0.0355978;2.06822;26.4455;1.02923;0.461758;
0.273589;2.37991;26.4195;-0.259652;-0.108672;
0.483046;2.09457;26.4622;0.427319;0.201251;
0.68154;1.98494;26.4393;-0.229363;-0.115042;
0.893712;2.12172;26.4589;0.195878;0.0920593;
1.1054;2.11684;26.4378;-0.210511;-0.09912;
1.30557;2.00172;26.4378;-0.00070648;-0.000352937;
1.51307;2.075;26.401;-0.367443;-0.175264;
1.71644;2.0337;26.415;0.139994;0.0687284;
1.9293;2.12866;26.3733;-0.417376;-0.193618;
2.1375;2.082;26.3936;0.203425;0.0973973;
2.34326;2.05751;26.3549;-0.387623;-0.186212;
2.55566;2.12401;26.3888;0.339502;0.1585;
2.75876;2.03107;26.3451;-0.43739;-0.212111;
2.99825;2.39489;26.4051;0.600011;0.245485;
3.22064;2.22393;26.3645;-0.405878;-0.180518;
3.43236;2.11718;26.41;0.455305;0.211827;
3.62311;1.9075;26.3683;-0.417395;-0.215422;
3.85366;2.3055;26.4449;0.766075;0.320804;
4.07045;2.16786;26.3935;-0.513521;-0.232593;
4.29543;2.2498;26.4761;0.82503;0.351485;
4.51814;2.22713;26.4508;-0.252032;-0.112685;
4.70946;1.91316;26.5561;1.0522;0.502827;
4.97118;2.61725;26.5144;-0.416321;-0.157747;
5.19842;2.27235;26.5792;0.647565;0.277616;
5.42054;2.22125;26.5453;-0.338418;-0.151192;
5.63152;2.10975;26.5979;0.525226;0.243992;
5.86866;2.3714;26.5705;-0.273815;-0.114957;
6.10948;2.40825;26.5965;0.259982;0.107539;
6.31134;2.0186;26.59;-0.0649854;-0.0321821;
6.52931;2.1797;26.625;0.350185;0.159296;
6.74505;2.15742;26.5993;-0.257501;-0.118794;
6.9442;1.99143;26.6403;0.410117;0.203102;
7.16283;2.18634;26.6131;-0.27137;-0.123489;
7.36803;2.05203;26.6691;0.559242;0.266069;
7.57682;2.0879;26.6336;-0.354602;-0.168232;
7.79029;2.13467;26.7149;0.812738;0.363787;
8.00832;2.1803;26.6751;-0.398117;-0.180607;
8.23652;2.28198;26.7396;0.644942;0.27544;
8.43886;2.02338;26.7092;-0.303798;-0.149031;
8.65868;2.1982;26.8093;1.00087;0.427263;
8.87156;2.12882;26.8305;0.212237;0.0993686;
9.05695;1.85391;26.9004;0.699524;0.360807;
9.26107;2.04116;26.9271;0.266689;0.12992;
9.45142;1.90351;26.9911;0.639871;0.324286;
9.67559;2.24174;27.0428;0.51752;0.226882;
9.88344;2.07848;27.0901;0.472498;0.22353;
10.0715;1.88109;27.1529;0.62781;0.322123;
10.2657;1.94172;27.189;0.361473;0.184054;
10.4781;2.12354;27.2505;0.614449;0.281659;
10.6769;1.98784;27.2897;0.392587;0.194985;
10.8797;2.02865;27.3476;0.578756;0.277909;
11.0962;2.16457;27.3986;0.509611;0.231222;
11.2804;1.84178;27.4119;0.133497;0.0723561;
11.4644;1.84047;27.5181;1.06222;0.523444;
11.7081;2.43649;27.5188;0.00665526;0.00273149;
11.9353;2.27209;27.6144;0.956248;0.398365;
12.1471;2.1186;27.6337;0.192714;0.0907134;
12.3471;1.99954;27.7176;0.839173;0.397358;
12.543;1.95889;27.7306;0.129371;0.0659472;
12.7367;1.93747;27.8369;1.06309;0.501843;
12.9652;2.2845;27.8662;0.293699;0.12786;
13.1583;1.93132;27.9633;0.970498;0.465651;
13.3713;2.12957;28.0094;0.461636;0.213471;
13.553;1.81715;28.113;1.03588;0.518111;
13.7576;2.04647;28.1588;0.457425;0.219904;
13.9372;1.79576;28.2814;1.22634;0.599164;
14.1503;2.1313;28.3546;0.732146;0.330891;
14.3432;1.92874;28.4629;1.08284;0.511574;
14.5276;1.84407;28.5162;0.53287;0.281301;
14.7082;1.80584;28.6261;1.09899;0.546699;
14.9042;1.96045;28.7164;0.902989;0.431636;
15.0698;1.65593;28.791;0.745659;0.423101;
15.2686;1.98768;28.8769;0.85897;0.407909;
15.4396;1.70985;28.9788;1.01918;0.537522;
15.626;1.86388;29.05;0.712546;0.365148;
15.784;1.58078;29.1839;1.33881;0.702709;
15.9905;2.06457;29.2458;0.618826;0.291215;
16.1402;1.49725;29.4089;1.63116;0.828175;
16.3666;2.26335;29.4904;0.814536;0.34545;
16.5343;1.67742;29.6203;1.29974;0.659211;
16.702;1.67736;29.723;1.02703;0.549406;
16.874;1.71994;29.8257;1.02667;0.538152;
17.0476;1.73616;29.9305;1.04765;0.542938;

17.2309;1.83261;-29.9611;1.08405;0.534172;
17.3485;1.17636;-29.7503;2.10802;1.0618;
17.5449;1.96319;-29.6651;0.852265;0.409573;
17.6628;1.1791;-29.4433;2.21786;1.08216;
17.8759;2.13113;-29.3285;1.14839;0.494253;
17.9997;1.23806;-29.1443;1.84149;0.978895;
18.1895;1.8978;-29.0267;1.17667;0.555008;
18.2843;0.948277;-28.8027;2.24004;1.17034;
18.5073;2.23039;-28.6745;1.28109;0.521369;
18.6175;1.10203;-28.4535;2.21043;1.1083;
18.8412;2.23639;-28.3334;1.20108;0.492857;
18.9437;1.02485;-28.0985;2.34898;1.1594;
19.1319;1.88207;-27.9588;1.39682;0.638474;
19.2059;0.740802;-27.7234;2.35419;1.26593;
19.364;1.58064;-27.553;1.70417;0.822987;
19.416;0.520349;-27.328;2.2502;1.34355;
19.5667;1.50677;-27.1505;1.77412;0.866704;
19.5995;0.327916;-26.9098;2.40706;1.4354;
19.7474;1.47885;-26.7245;1.85323;0.897285;
19.7562;0.0877981;-26.5009;2.23632;1.53156;
19.921;1.64813;-26.3086;1.92263;0.862122;
19.9374;0.16423;-26.0563;2.52322;1.5058;
20.0607;1.23236;-25.864;1.92257;1.00078;
20.0511;-0.0954716;-25.6221;2.41936;1.61024;
20.1781;1.2704;-25.4071;2.15016;1.03714;
20.1796;0.014097;-25.1748;2.32253;1.56473;
20.3166;1.37015;-24.9725;2.02307;0.975495;
20.3174;0.00815867;-24.7263;2.46252;1.56748;
20.4626;1.45202;-24.5077;2.18569;0.984414;
20.4633;0.00752294;-24.2712;2.36465;1.56761;
20.6113;1.47985;-24.0608;2.10403;0.957831;
20.6022;-0.0912577;-23.8085;2.52369;1.60694;
20.7435;1.41297;-23.6043;2.0417;0.965422;
20.7323;-0.112378;-23.3815;2.22839;1.62118;
20.8811;1.4888;-23.1764;2.05042;0.942772;
20.8896;0.0847316;-22.9349;2.41533;1.53573;
21.0148;1.25193;-22.7427;1.92137;0.99331;
21.0222;0.0735378;-22.4933;2.49418;1.54132;
21.1842;1.6201;-22.2959;1.97453;0.883679;
21.1917;0.0752565;-22.0481;2.47745;1.54043;
21.3392;1.47475;-21.8589;1.89243;0.908814;
21.3565;0.173478;-21.6035;2.55357;1.50297;
21.5268;1.70298;-21.3868;2.16684;0.904697;
21.5395;0.126782;-21.1422;2.44643;1.51902;
21.6803;1.40781;-20.9345;2.07662;0.975035;
21.6874;0.0715734;-20.6975;2.37071;1.54061;
21.8588;1.71407;-20.5164;1.81058;0.812774;
21.8953;0.364997;-20.2863;2.30144;1.41351;
22.0927;1.97383;-20.1145;1.71721;0.715984;
22.1271;0.343891;-19.8847;2.29852;1.42228;
22.3027;1.75551;-19.683;2.01746;0.854716;
22.3761;0.734084;-19.4775;2.05417;1.22758;
22.5718;1.95733;-19.3358;1.41775;0.62687;
22.6453;0.734541;-19.1048;2.30935;1.26284;
22.873;2.27718;-18.9938;1.11038;0.453689;
22.9792;1.06211;-18.7649;2.28883;1.13633;
23.2093;2.30067;-18.6521;1.12771;0.455749;
23.3447;1.35423;-18.4586;1.93488;0.960136;
23.5725;2.27858;-18.3742;0.844752;0.355028;
23.7321;1.59566;-18.2043;1.69847;0.816596;
23.9544;2.22332;-18.12;0.843494;0.362609;
24.0901;1.35619;-17.9782;1.41727;0.807417;
24.3358;2.45771;-17.9422;0.360953;0.145823;
24.5202;1.84362;-17.7759;1.66301;0.733937;
24.7616;2.41383;-17.7424;0.334653;0.137762;
24.9507;1.89152;-17.5864;1.5602;0.689703;
25.2177;2.66991;-17.6015;-0.151276;-0.056599;
25.4163;1.98582;-17.465;1.36489;0.602162;
25.6413;2.25055;-17.47;-0.0502387;-0.0223191;
25.8525;2.11174;-17.3143;1.55679;0.635262;
26.1098;2.57243;-17.3131;0.0121233;0.00471273;
26.3249;2.15124;-17.164;1.49182;0.606331;
26.5684;2.43532;-17.1766;-0.126004;-0.0516942;
26.7915;2.23128;-17.047;1.29596;0.526192;
27.0233;2.31755;-17.0459;0.010721;0.00462597;
27.2141;1.90808;-16.897;1.48849;0.662485;
27.4781;2.63945;-16.8778;0.192366;0.0727526;
27.6683;1.90248;-16.7386;1.39187;0.631625;
27.8908;2.22515;-16.7031;0.355553;0.158449;
28.071;1.80178;-16.5569;1.46207;0.681688;
28.3118;2.40776;-16.5346;0.222457;0.09213;
28.5031;1.91326;-16.3875;1.47092;0.655426;
28.7252;2.22144;-16.3838;0.0370568;0.0166799;
28.9268;2.01546;-16.2289;1.54951;0.655433;
29.1746;2.47792;-16.2148;0.140218;0.0565266;
29.371;1.96449;-16.0897;1.2511;0.567082;
29.5709;1.99871;-16.0348;0.549269;0.268191;
29.7632;1.92295;-15.9842;0.505779;0.257197;
29.951;1.87846;-15.9265;0.57675;0.297897;

-29.8563;1.92686;-15.8862;0.40342;0.206385;
-29.6809;1.75329;-15.757;1.29187;0.635019;
-29.4432;2.37715;-15.7538;0.0322615;0.0135707;
-29.2454;1.97778;-15.6142;1.39619;0.614701;
-29.0094;2.36063;-15.6132;0.00968646;0.00410331;
-28.8105;1.98911;-15.4651;1.48098;0.640001;
-28.5842;2.26225;-15.4671;-0.0203532;-0.00899665;
-28.3812;2.03023;-15.3075;1.59689;0.666491;
-28.1404;2.4081;-15.2847;0.227583;0.0942272;
-27.976;1.64403;-15.1574;1.27285;0.658825;
-27.7182;2.57802;-15.1546;0.0277172;0.0107509;
-27.4921;2.26131;-15.006;1.48605;0.581395;
-27.2569;2.35197;-15.0215;-0.155153;-0.0658718;
-27.0338;2.23034;-14.857;1.64558;0.635657;
-26.8021;2.31727;-14.8046;0.523662;0.222249;
-26.6247;1.7743;-14.6779;1.26756;0.620326;
-26.412;2.12657;-14.6312;0.466919;0.216135;
-26.2256;1.86458;-14.4654;1.65764;0.726714;
-26.0039;2.21649;-14.4178;0.476575;0.211789;
-25.8387;1.65271;-14.2373;1.80447;0.829268;
-25.6236;2.15028;-14.1775;0.59835;0.2714;
-25.4793;1.44287;-13.9684;2.09104;0.966797;
-25.2628;2.16572;-13.8744;0.939913;0.409465;
-25.1068;1.55974;-13.6535;2.20844;0.955878;
-24.9366;1.70211;-13.5127;1.40817;0.691173;
-24.8635;0.73114;-13.2866;2.26164;1.25812;
-24.6778;1.85697;-13.1388;1.47753;0.672095;
-24.6029;0.748844;-12.9123;2.2652;1.25152;
-24.4444;1.585;-12.7554;1.56884;0.780276;
-24.3805;0.638554;-12.5354;2.20021;1.28833;
-24.2182;1.6233;-12.375;1.60421;0.779482;
-24.1983;0.199039;-12.15;2.24906;1.48253;
-24.0356;1.62715;-11.9593;1.90777;0.864619;
-24.009;0.266038;-11.7282;2.31098;1.45618;
-23.8288;1.80197;-11.541;1.87148;0.804318;
-23.7844;0.443651;-11.313;2.2802;1.37863;
-23.6563;1.28141;-11.1351;1.77919;0.946628;
-23.6301;0.261321;-10.888;2.47068;1.46542;
-23.4792;1.50975;-10.7016;1.86406;0.890033;
-23.4265;0.52638;-10.4685;2.3313;1.34873;
-23.3285;0.980466;-10.2834;1.85095;1.08367;
-23.2715;0.569676;-10.0746;2.08822;1.30447;
-23.1498;1.21765;-9.90634;1.6822;0.944246;
-23.0935;0.562095;-9.70633;2.00009;1.29683;
-22.9386;1.5492;-9.53822;1.68111;0.826209;
-22.8971;0.415028;-9.30251;2.35709;1.39651;
-22.7346;1.62496;-9.12591;1.76603;0.826974;
-22.6784;0.56267;-8.88516;2.4075;1.3412;
-22.4738;2.04535;-8.70184;1.83324;0.730767;
-22.3901;0.837101;-8.49602;2.05812;1.1845;
-22.2103;1.79779;-8.35002;1.46003;0.682091;
-22.1229;0.874411;-8.14401;2.06007;1.16939;
-21.9444;1.7845;-8.00347;1.40548;0.667135;
-21.842;1.02461;-7.83055;1.72912;1.03586;
-21.6829;1.59056;-7.72836;1.02194;0.571087;
-21.5698;1.13161;-7.52579;2.02573;1.06136;
-21.3432;2.26581;-7.41167;1.14113;0.466548;
-21.2247;1.18452;-7.2097;2.01971;1.04038;
-21.0257;1.98991;-7.09329;1.16411;0.529322;
-20.9177;1.08062;-6.88797;2.05318;1.08632;
-20.7314;1.86249;-6.76339;1.24585;0.589559;
-20.5989;1.32517;-6.60553;1.57859;0.872453;
-20.3915;2.07382;-6.50792;0.976142;0.439932;
-20.2677;1.23837;-6.31671;1.91209;0.996074;
-20.0453;2.22401;-6.20553;1.1118;0.463575;
-19.9306;1.14729;-6.02982;1.75712;0.992359;
-19.715;2.15567;-5.92197;1.0785;0.463893;
-19.5861;1.28924;-5.74114;1.80822;0.951406;
-19.3876;1.9848;-5.63803;1.03116;0.479147;
-19.2603;1.27277;-5.46726;1.7077;0.9303;
-19.0518;2.0854;-5.35162;1.15639;0.506304;
-18.9252;1.26553;-5.18678;1.64839;0.916038;
-18.6939;2.31348;-5.11315;0.73627;0.308117;
-18.5289;1.64962;-4.95614;1.57011;0.760709;
-18.2997;2.29247;-4.86651;0.896367;0.372728;
-18.1422;1.57435;-4.73002;1.36484;0.714238;
-17.9069;2.35309;-4.69117;0.388495;0.163624;
-17.7186;1.88299;-4.55133;1.39839;0.638778;
-17.4592;2.5944;-4.56361;-0.122789;-0.0472932;
-17.2455;2.13722;-4.47712;0.864958;0.384562;
-17.0008;2.44677;-4.559;-0.818874;-0.322958;
-16.8122;1.88577;-4.58231;-0.233085;-0.122978;
-16.6283;1.83946;-4.70334;-1.21028;-0.581947;
-16.4222;2.0608;-4.74615;-0.428124;-0.204832;
-16.2551;1.67063;-4.92382;-1.77669;-0.816155;
-16.0617;1.93426;-5.03322;-1.09399;-0.51473;
-15.959;1.02744;-5.19293;-1.59705;-0.999117;
-15.7712;1.87701;-5.31248;-1.19554;-0.56714;
-15.67;1.01244;-5.54272;-2.30241;-1.15651;
-15.5058;1.64226;-5.67758;-1.34859;-0.687523;
-15.4375;0.682558;-5.90975;-2.3217;-1.28486;
-15.2867;1.50804;-6.09631;-1.86558;-0.890984;
-15.2189;0.678598;-6.29736;-2.01055;-1.24528;
-15.0914;1.2747;-6.44971;-1.52349;-0.874076;
-15.0285;0.628634;-6.65338;-2.03667;-1.27142;
-14.87;1.58559;-6.83381;-1.80432;-0.849834;
-14.8078;0.6214;-7.03093;-1.9712;-1.26542;
-14.6786;1.2923;-7.20002;-1.69091;-0.918229;
-14.6376;0.41007;-7.41269;-2.12666;-1.38031;
-14.4865;1.51092;-7.60343;-1.90745;-0.900881;
-14.4479;0.386056;-7.82245;-2.19021;-1.39632;
-14.3235;1.24369;-8.00019;-1.77738;-0.960251;
-14.3103;0.13219;-8.24302;-2.42828;-1.51641;
-14.2225;0.877783;-8.44061;-1.97589;-1.15274;
-14.2299;-0.073721;-8.65277;-2.12165;-1.60553;
-14.1517;0.781691;-8.85609;-2.03316;-1.20375;
-14.1701;-0.183622;-9.09556;-2.39471;-1.64732;
-14.0984;0.716897;-9.29724;-2.01684;-1.22927;
-14.1368;-0.383655;-9.501;-2.0375;-1.75691;
-14.0842;0.525479;-9.7095;-2.085;-1.32391;
-14.1508;-0.665936;-9.93329;-2.23799;-1.86001;
-14.1075;0.433127;-10.1547;-2.21415;-1.37762;
-14.2013;-0.937889;-10.3783;-2.23567;-1.96801;
-14.2257;-0.243761;-10.6082;-2.29965;-1.6764;
-14.3589;-1.33226;-10.7856;-1.77313;-2.21517;
-14.4113;-0.523678;-10.9909;-2.05336;-1.82051;
-14.5937;-1.82472;-11.1357;-1.44803;-2.47079;
-14.6784;-0.847072;-11.3334;-1.97684;-1.97563;
-14.8697;-1.91228;-11.4433;-1.09899;-2.61998;
-15.001;-1.31299;-11.6269;-1.83592;-2.19163;
-15.2208;-2.19798;-11.7164;-0.895365;-2.75476;
-15.3821;-1.61373;-11.8562;-1.39785;-2.42776;
-15.5835;-2.01335;-11.9202;-0.640483;-2.8336;
-15.7504;-1.66943;-12.0686;-1.48329;-2.41517;
-15.9798;-2.29416;-12.122;-0.534414;-2.91273;
-16.1482;-1.68346;-12.2677;-1.45719;-2.42812;
-16.386;-2.37815;-12.3133;-0.455724;-2.95226;
-16.5543;-1.68275;-12.41;-0.966554;-2.62022;
-16.7545;-2.0022;-12.46;-0.500616;-2.89658;
-16.9448;-1.90354;-12.5705;-1.10445;-2.61585;
-17.1377;-1.92863;-12.6543;-0.838714;-2.73139;
-17.364;-2.26325;-12.7289;-0.745901;-2.82323;
-17.5451;-1.81042;-12.8479;-1.19024;-2.56;
-17.7165;-1.71425;-12.9014;-0.534847;-2.83916;
-17.8908;-1.74304;-13.0285;-1.27093;-2.51157;
-18.0912;-2.00353;-13.0818;-0.532318;-2.8819;
-18.2594;-1.68229;-13.2154;-1.3367;-2.47017;
-18.4579;-1.98511;-13.282;-0.665424;-2.81816;
-18.635;-1.77098;-13.3791;-0.970951;-2.64009;
-18.8207;-1.85665;-13.4564;-0.77379;-2.74672;
-19.0101;-1.89461;-13.5322;-0.757233;-2.76136;
-19.1709;-1.60771;-13.624;-0.91871;-2.62244;
-19.3635;-1.92583;-13.686;-0.619785;-2.83023;
-19.5403;-1.76835;-13.7799;-0.939022;-2.65344;
-19.7467;-2.06375;-13.8421;-0.621589;-2.84904;
-19.9059;-1.59238;-13.9219;-0.798618;-2.67673;
-20.1031;-1.9721;-13.9435;-0.215176;-3.03291;
-20.293;-1.89902;-14.0575;-1.14002;-2.60094;
-20.5089;-2.15914;-14.0795;-0.220793;-3.03969;
-20.6986;-1.89617;-14.2016;-1.22072;-2.5696;
-20.9068;-2.08229;-14.2466;-0.449697;-2.9289;
-21.0682;-1.61388;-14.3645;-1.17936;-2.51052;
-21.2717;-2.03558;-14.4232;-0.587;-2.86084;
-21.4272;-1.5549;-14.5393;-1.1606;-2.50039;
-21.6275;-2.00228;-14.5931;-0.537896;-2.87915;
-21.7919;-1.64402;-14.7686;-1.7554;-2.32344;
-21.9922;-2.00385;-14.8504;-0.818249;-2.75392;
-22.1224;-1.30198;-15.0618;-2.11358;-2.1229;
-22.3114;-1.88951;-15.1794;-1.17661;-2.58465;
-22.4185;-1.0716;-15.3727;-1.93226;-2.07715;
-22.572;-1.5344;-15.5102;-1.37488;-2.41097;
-22.6543;-0.822889;-15.7398;-2.29644;-1.91487;
-22.7967;-1.42381;-15.8907;-1.509;-2.32715;
-22.8686;-0.719187;-16.0875;-1.96752;-1.92124;
-22.9896;-1.20995;-16.2638;-1.76308;-2.17225;
-23.0378;-0.482687;-16.4713;-2.07503;-1.79935;
-23.1428;-1.04956;-16.6522;-1.80956;-2.09639;
-23.1569;-0.14058;-16.8577;-2.05489;-1.6391;
-23.2661;-1.09275;-17.0581;-2.0034;-2.07014;
-23.2925;-0.263293;-17.2775;-2.19456;-1.6902;
-23.401;-1.08558;-17.4786;-2.01133;-2.06572;
-23.4106;-0.0957642;-17.7034;-2.24704;-1.61339;
-23.514;-1.03426;-17.8975;-1.94165;-2.06024;
-23.5424;-0.283347;-18.1355;-2.38034;-1.68928;
-23.6011;-0.587041;-18.3218;-1.86238;-1.87615;
-23.6197;-0.186275;-18.5348;-2.12994;-1.65803;
-23.6762;-0.565212;-18.7254;-1.90578;-1.85911;
-23.6872;-0.110199;-18.9124;-1.8707;-1.62964;
-23.7323;-0.451139;-19.1012;-1.88739;-1.80542;
-23.7628;-0.304831;-19.2936;-1.92443;-1.72789;
-23.7619;0.00898797;-19.4979;-2.04276;-1.5664;
-23.8099;-0.47969;-19.697;-1.99085;-1.80724;
-23.785;0.249092;-19.9012;-2.04221;-1.44942;
-23.8482;-0.632141;-20.1118;-2.10589;-1.86242;
-23.8338;0.143602;-20.3223;-2.10483;-1.50268;
-23.8567;-0.228246;-20.5141;-1.91858;-1.68921;
-23.8344;0.22223;-20.719;-2.04877;-1.46275;
-23.8653;-0.308327;-20.9261;-2.07062;-1.71862;
-23.8195;0.457881;-21.1346;-2.08513;-1.35463;
-23.8482;-0.28709;-21.3608;-2.26267;-1.697;
-23.7919;0.562836;-21.5543;-1.93464;-1.28768;
-23.8308;-0.389024;-21.7743;-2.20045;-1.74578;
-23.75;0.807763;-21.993;-2.18621;-1.21687;
-23.7867;-0.36637;-22.2325;-2.39496;-1.72259;
-23.6594;1.27318;-22.4296;-1.97125;-0.997328;
-23.6846;-0.252524;-22.6885;-2.58915;-1.66802;
-23.609;0.755765;-22.8702;-1.817;-1.17662;
-23.6528;-0.43777;-23.0932;-2.22972;-1.76466;
-23.5761;0.767337;-23.3269;-2.33743;-1.2536;
-23.5824;-0.0635451;-23.5422;-2.15267;-1.60031;
-23.4874;0.949891;-23.7423;-2.00085;-1.12756;
-23.5091;-0.216334;-23.9774;-2.35081;-1.66256;
-23.3977;1.11355;-24.193;-2.15685;-1.09421;
-23.4403;-0.425843;-24.4144;-2.21335;-1.76087;
-23.3131;1.27176;-24.6342;-2.1978;-1.04622;
-23.3386;-0.254517;-24.8807;-2.46516;-1.67368;
-23.2257;1.129;-25.0918;-2.11095;-1.07968;
-23.2665;-0.407837;-25.3514;-2.59627;-1.72661;
-23.1311;1.3535;-25.5732;-2.21809;-1.0229;
-23.1163;0.147847;-25.8012;-2.27958;-1.50603;
-22.9879;1.28439;-25.9928;-1.91658;-0.980388;
-22.9853;0.0259174;-26.2328;-2.39941;-1.56;
-22.8231;1.62246;-26.4122;-1.7941;-0.835594;
-22.7904;0.326743;-26.6679;-2.55693;-1.4437;
-22.654;1.36399;-26.8524;-1.84517;-0.934227;
-22.635;0.189908;-27.0868;-2.34405;-1.48996;
-22.4677;1.67248;-27.2728;-1.85971;-0.838357;
-22.4452;0.225296;-27.4928;-2.20017;-1.46875;
-22.2631;1.82068;-27.6681;-1.75308;-0.766487;
-22.2483;0.148436;-27.9344;-2.66354;-1.51513;
-22.0564;1.91947;-28.1102;-1.75776;-0.741451;
-21.9991;0.572116;-28.3299;-2.19673;-1.31602;
-21.8097;1.89418;-28.4889;-1.58981;-0.698256;
-21.7406;0.691489;-28.7193;-2.3043;-1.27926;
-21.5572;1.83351;-28.8898;-1.70549;-0.749239;
-21.5002;0.569955;-29.0929;-2.03076;-1.29717;
-21.3008;1.99382;-29.2472;-1.54301;-0.658619;
-21.2286;0.722007;-29.4672;-2.20015;-1.25371;
-21.0736;1.55018;-29.6317;-1.64472;-0.81498;
-20.9459;1.27757;-29.7982;-1.66533;-0.916405;
-20.8102;1.35626;-29.962;-1.63794;-0.879195;

-20.7001;1.10181;29.8861;-1.51895;-0.943244;
-20.6864;0.136766;29.6557;-2.30371;-1.5115;
-20.532;1.54432;29.4643;-1.91383;-0.891844;
-20.514;0.179556;29.2435;-2.20775;-1.48965;
-20.3582;1.55798;29.0583;-1.85253;-0.87155;
-20.323;0.351966;28.824;-2.34306;-1.42169;
-20.1504;1.72632;28.6653;-1.58646;-0.743206;
-20.137;0.133335;28.4146;-2.5078;-1.51768;
-20.0149;1.22164;28.2272;-1.87325;-0.992911;
-20.0017;0.131417;27.9984;-2.28847;-1.51343;
-19.8499;1.51828;27.8232;-1.75203;-0.856753;
-19.8314;0.185222;27.5853;-2.37849;-1.49308;
-19.689;1.42431;27.3977;-1.8763;-0.921495;
-19.6736;0.153901;27.1535;-2.44226;-1.50786;
-19.5284;1.45127;26.9704;-1.83033;-0.900398;
-19.5014;0.269988;26.7328;-2.37653;-1.45768;
-19.3515;1.49914;26.5484;-1.84431;-0.888274;
-19.3361;0.154082;26.3132;-2.35114;-1.50535;
-19.133;2.03067;26.1383;-1.749;-0.711013;
-19.0999;0.331157;25.8748;-2.63521;-1.44579;
-18.9373;1.62599;25.7098;-1.64985;-0.792682;
-18.8924;0.449706;25.46;-2.49864;-1.39272;
-18.724;1.68393;25.2738;-1.86221;-0.835631;
-18.7001;0.238494;25.0171;-2.56608;-1.47812;
-18.5173;1.82846;24.8516;-1.65582;-0.73589;
-18.4753;0.420173;24.6032;-2.48389;-1.40322;
-18.2955;1.79714;24.4291;-1.7403;-0.769333;
-18.2289;0.666388;24.187;-2.42154;-1.30225;
-18.0499;1.79049;24.0081;-1.78889;-0.784949;
-17.9881;0.617849;23.7854;-2.22663;-1.30012;
-17.7946;1.93486;23.6283;-1.57102;-0.681986;
-17.7301;0.644541;23.3978;-2.30534;-1.29817;
-17.5308;1.9928;23.2425;-1.55261;-0.661874;
-17.4591;0.717589;23.0003;-2.42238;-1.2828;
-17.2605;1.98594;22.8521;-1.4818;-0.64103;
-17.187;0.734653;22.6112;-2.40971;-1.27488;
-16.9997;1.8735;22.4588;-1.52353;-0.682736;
-16.928;0.716482;22.2231;-2.35682;-1.27567;
-16.728;2.00049;22.1137;-1.09432;-0.500557;
-16.6366;0.914327;21.8712;-2.42506;-1.21024;
-16.4654;1.71185;21.7266;-1.44603;-0.701419;
-16.4038;0.616012;21.4646;-2.61955;-1.33983;
-16.2124;1.91369;21.2913;-1.73312;-0.735924;
-16.1532;0.592286;21.0695;-2.21823;-1.30987;
-15.959;1.94189;20.9071;-1.62413;-0.696523;
-15.9083;0.506607;20.6694;-2.37717;-1.36082;
-15.7318;1.76559;20.5009;-1.68451;-0.761902;
-15.677;0.548062;20.2732;-2.27674;-1.33457;
-15.4921;1.84885;20.1139;-1.59352;-0.71136;
-15.4566;0.354999;19.8575;-2.56426;-1.43323;
-15.2724;1.84158;19.6834;-1.74042;-0.757166;
-15.2135;0.589465;19.4459;-2.37562;-1.32758;
-15.0393;1.74134;19.2917;-1.54165;-0.724648;
-14.9886;0.506848;19.0465;-2.45185;-1.36695;
-14.8122;1.76444;18.8679;-1.7861;-0.791497;
-14.7598;0.523513;18.63;-2.37851;-1.35415;
-14.5779;1.81928;18.4641;-1.65959;-0.739527;
-14.4956;0.823676;18.2444;-2.19648;-1.21203;
-14.2886;2.06938;18.0818;-1.62587;-0.665948;
-14.1823;1.06266;17.8671;-2.14729;-1.11125;
-13.9426;2.39739;17.761;-1.06092;-0.416625;
-13.7817;1.60936;17.6369;-1.24124;-0.656973;
-13.5048;2.76851;17.6392;0.0232569;0.00840031;
-13.3053;1.99566;17.5022;-1.36992;-0.601572;
-13.0506;2.54691;17.5206;0.18363;0.0719747;
-12.869;1.8153;17.6057;0.850586;0.438184;
-12.6345;2.34532;17.6272;0.215151;0.0914802;
-12.4463;1.8823;17.7671;1.39918;0.639222;
-12.2157;2.30613;17.7976;0.304612;0.131327;
-12.0399;1.75746;17.9623;1.6476;0.753148;
-11.8185;2.21426;18.023;0.606778;0.267466;
-11.6614;1.57088;18.2075;1.84461;0.865371;
-11.4539;2.07548;18.2688;0.613384;0.287359;
-11.3043;1.49537;18.4515;1.8276;0.885048;
-11.0788;2.25491;18.5074;0.558921;0.242971;
-10.9094;1.69445;18.6995;1.92071;0.847902;
-10.6945;2.14893;18.7737;0.742234;0.332568;
-10.55;1.44529;18.9264;1.52672;0.81279;
-10.3419;2.08013;18.9993;0.728931;0.337054;
-10.1822;1.59783;19.1832;1.83886;0.855418;
-9.96433;2.17833;19.2589;0.756959;0.334441;
-9.82394;1.40392;19.4379;1.7906;0.905856;
-9.59252;2.3142;19.5144;0.764797;0.31918;
-9.42263;1.69885;19.6894;1.74963;0.800122;
-9.21416;2.08474;19.7632;0.738317;0.340369;
-9.07034;1.43819;19.9222;1.58981;0.835429;
-8.84475;2.25587;19.995;0.727738;0.312058;
-8.68757;1.57182;20.1628;1.67821;0.818123;
-8.4632;2.24366;20.2256;0.628551;0.273144;
-8.2701;1.93105;20.3806;1.54973;0.676285;
-8.07945;1.90644;20.4612;0.806133;0.400045;
-7.92574;1.53718;20.5838;1.22577;0.673163;
-7.72959;1.96145;20.6397;0.558754;0.277517;
-7.56875;1.60836;20.8026;1.62952;0.791933;
-7.3491;2.19652;20.8617;0.590669;0.262697;
-7.1771;1.72002;21.0255;1.63794;0.760959;
-6.96002;2.17085;21.1069;0.8137;0.358623;
-6.81332;1.46697;21.2925;1.85602;0.901943;
-6.59214;2.21183;21.3719;0.794021;0.344659;
-6.44493;1.47209;21.5573;1.85425;0.899785;
-6.24328;2.01645;21.6288;0.715115;0.340803;
-6.10111;1.42177;21.8081;1.79305;0.90038;
-5.89306;2.08042;21.8796;0.715113;0.331082;
-5.73215;1.60915;22.0494;1.69728;0.812045;
-5.54914;1.83006;22.1197;0.703286;0.366897;
-5.40596;1.43185;22.3054;1.85684;0.913914;
-5.19157;2.1439;22.3807;0.752946;0.337746;
-5.04556;1.46006;22.5691;1.8848;0.911707;
-4.82822;2.17342;22.649;0.798755;0.352188;
-4.70598;1.22244;22.8335;1.84528;0.985708;
-4.49487;2.11103;22.9393;1.05714;0.464263;
-4.34793;1.46942;23.1085;1.69221;0.855747;
-4.15947;1.8846;23.1967;0.8821;0.437767;
-4.0458;1.13673;23.364;1.67302;0.973997;
-3.82675;2.19051;23.4751;1.11064;0.469249;
-3.68343;1.43318;23.6589;1.83879;0.908732;
-3.49348;1.89943;23.7923;1.33374;0.612188;
-3.37291;1.20572;23.9689;1.76612;0.97178;
-3.18892;1.83997;24.0791;1.10137;0.539375;
-3.07079;1.18125;24.2671;1.88021;1.00986;
-2.88331;1.87477;24.4023;1.35262;0.625002;
-2.75771;1.25601;24.5728;1.70481;0.935833;
-2.57961;1.78107;24.6912;1.18371;0.586575;
-2.46263;1.16976;24.8648;1.73653;0.977995;
-2.25234;2.10288;24.9797;1.14839;0.499846;
-2.14362;1.08723;25.1789;1.99233;1.07125;
-1.91092;2.32701;25.3018;1.22845;0.485726;
-1.77021;1.40712;25.4567;1.54968;0.833575;
-1.57236;1.97847;25.577;1.20298;0.546309;
-1.41723;1.55126;25.7055;1.28452;0.691611;
-1.22609;1.91144;25.7878;0.823257;0.406688;
-1.07393;1.52156;25.9078;1.19988;0.667741;
-0.856338;2.17595;25.9594;0.516222;0.232934;
-0.685726;1.70611;26.099;1.39545;0.685568;
-0.452487;2.33239;26.1363;0.373115;0.158627;
-0.268202;1.84285;26.2577;1.21417;0.582573;
-0.0428637;2.25338;26.2674;0.0975832;0.0432782;
0.151416;1.9428;26.3463;0.78883;0.385692;
0.366265;2.14849;26.3266;-0.196988;-0.0914311;
0.562327;1.96062;26.4091;0.825115;0.398344;
0.786844;2.24516;26.3669;-0.422892;-0.186176;
1.00435;2.17502;26.4196;0.527855;0.238086;
1.22128;2.1693;26.3629;-0.56775;-0.255978;
1.46111;2.39831;26.4306;0.677483;0.27531;
1.67314;2.12035;26.3661;-0.645494;-0.295514;
1.89912;2.25972;26.4207;0.546315;0.23721;
2.11733;2.18214;26.3684;-0.523078;-0.235269;
2.3429;2.25572;26.3863;0.178703;0.0790573;
2.55042;2.07518;26.3511;-0.351995;-0.168022;
2.75898;2.08561;26.427;0.759553;0.349257;
2.99814;2.39159;26.3754;-0.516458;-0.212682;
3.22601;2.27869;26.4247;0.493604;0.213321;
3.43911;2.131;26.3916;-0.330962;-0.154078;
3.65188;2.1277;26.4481;0.564231;0.259217;
3.8683;2.1642;26.4122;-0.358582;-0.164196;
4.08811;2.19815;26.4644;0.521679;0.233015;
4.28654;1.98424;26.4402;-0.241606;-0.121166;
4.49105;2.04513;26.501;0.608034;0.288985;
4.68209;1.91042;26.4917;-0.0935415;-0.0489248;
4.8832;2.01106;26.534;0.423774;0.207683;
5.06328;1.80079;26.4999;-0.340877;-0.18708;
5.28383;2.20553;26.5686;0.686296;0.301674;
5.49663;2.12795;26.529;-0.395342;-0.183691;
5.71103;2.14408;26.595;0.660047;0.29864;
5.91627;2.05233;26.5294;-0.656275;-0.309495;
6.14457;2.28303;26.6386;1.09144;0.445949;
6.38935;2.44777;26.5877;-0.509064;-0.205047;
6.58311;1.9376;26.6345;0.468473;0.237228;
6.79222;2.09113;26.6114;-0.23072;-0.109888;
6.99017;1.97946;26.659;0.475389;0.235697;
7.19764;2.07475;26.6302;-0.287629;-0.137755;
7.40932;2.11676;26.6823;0.520578;0.241146;
7.62386;2.14538;26.6586;-0.23676;-0.109913;
7.82928;2.05429;26.7311;0.725249;0.339381;
8.05289;2.23609;26.711;-0.201611;-0.0899189;
8.24959;1.96697;26.8028;0.918932;0.43705;
8.47565;2.26059;26.7671;-0.357605;-0.156891;
8.69064;2.14988;26.8367;0.696125;0.313144;
8.89655;2.05916;26.8526;0.159293;0.0772046;
9.08606;1.89504;26.9281;0.754658;0.378979;
9.29184;2.05781;26.9407;0.125978;0.0611429;
9.44635;1.54512;27.0436;1.02956;0.587771;
9.68124;2.34889;27.0543;0.106536;0.0453248;
9.90784;2.26599;27.1563;1.02003;0.422978;
10.135;2.27169;27.1603;0.0400779;0.0176405;
10.3486;2.13586;27.2479;0.875917;0.389183;
10.5591;2.10496;27.2569;0.0904142;0.0429265;
10.7695;2.10441;27.3376;0.806483;0.36597;
10.9733;2.03791;27.3526;0.150299;0.0736185;
11.1661;1.92803;27.4186;0.659708;0.32968;
11.3575;1.91339;27.4389;0.203037;0.105718;
11.5486;1.91169;27.5149;0.760368;0.378562;
11.7566;2.07947;27.5496;0.347033;0.165361;
11.954;1.97456;27.619;0.693834;0.33791;
12.1595;2.05459;27.6592;0.40226;0.19334;
12.3817;2.22187;27.7296;0.703536;0.306653;
12.5797;1.98034;27.7475;0.178619;0.0899527;
12.77;1.90244;27.8527;1.0525;0.505324;
12.9736;2.03593;27.8891;0.364209;0.177018;
13.1484;1.74834;27.9941;1.04986;0.54078;
13.354;2.05601;28.0424;0.482644;0.230573;
13.5047;1.50707;28.1349;0.925155;0.55056;
13.7083;2.03602;28.1796;0.447069;0.21615;
13.8698;1.615;28.2985;1.18921;0.63471;
14.0825;2.12712;28.3372;0.387177;0.180049;
14.2457;1.6318;28.4557;1.18493;0.628063;
14.4692;2.23521;28.5019;0.461724;0.203703;
14.6339;1.64699;28.6457;1.43748;0.717579;
14.8512;2.17259;28.6764;0.307716;0.140699;
15.0356;1.84449;28.8286;1.52202;0.689901;
15.2463;2.10699;28.8778;0.492048;0.229419;
15.4215;1.7514;29.0209;1.43071;0.684958;
15.6384;2.16903;29.0916;0.706534;0.314899;
15.8071;1.68737;29.2175;1.25939;0.641168;
15.9779;1.70851;29.2906;0.731326;0.40445;
16.1407;1.6277;29.4202;1.29578;0.672347;
16.3295;1.88755;29.4888;0.686392;0.348777;
16.5186;1.89129;29.5991;1.10208;0.52761;
16.68;1.61357;29.7068;1.07703;0.588567;
16.8495;1.69572;29.806;0.992492;0.529534;
17.0152;1.6565;29.9038;0.977547;0.533129;

17.186;1.70854;-29.9929;1.03291;0.543762;
17.2991;1.13045;-29.7969;1.96055;1.04776;
17.4906;1.91476;-29.6766;1.20315;0.561006;
17.6097;1.19116;-29.4871;1.89473;1.00956;
