#1 AntPos X;#2 AntPos Y;#3 Distance form nest;#4 Total Distance;#5 Total Y Distance
2.6889;12.6427;12.9255;0.199607;0.00644626
2.88944;12.6508;12.9765;0.400314;0.0145225
3.08577;12.6635;13.0341;0.597;0.027266
3.28424;12.6799;13.0984;0.796045;0.0436968
3.48367;12.6917;13.1611;0.995827;0.0554743
3.6677;12.704;13.2229;1.18026;0.0677998
3.86477;12.7171;13.2913;1.37775;0.0808115
4.06285;12.7433;13.3753;1.5771;0.107049
4.25593;12.7696;13.4602;1.77157;0.133372
4.45548;12.7959;13.5494;1.97255;0.159618
4.68056;12.8137;13.6418;2.19834;0.177439
4.89064;12.8097;13.7115;2.4075;0.173422
5.08562;12.7948;13.7685;2.60106;0.158549
5.27971;12.807;13.8526;2.79553;0.170728
5.49058;12.8077;13.935;3.00608;0.171434
5.68527;12.8214;14.0253;3.20123;0.185129
5.87712;12.8209;14.1038;3.39276;0.184683
6.06753;12.833;14.1951;3.58354;0.19672
6.26721;12.8454;14.2927;3.7836;0.209173
6.47168;12.8604;14.397;3.9886;0.224172
6.6688;12.8873;14.5105;4.18694;0.251081
6.86346;12.9003;14.6125;4.38203;0.264046
7.05508;12.9113;14.7131;4.57396;0.275016
7.26358;12.9261;14.8271;4.78298;0.289814
7.43581;12.9483;14.9315;4.95625;0.312104
7.63994;12.9919;15.0718;5.16281;0.355641
7.83477;13.0331;15.2067;5.36008;0.396819
8.02909;13.0636;15.3338;5.55615;0.427356
8.23121;13.1228;15.4906;5.76239;0.486506
8.42868;13.1838;15.6479;5.96448;0.547595
8.62039;13.2462;15.8042;6.16127;0.609957
8.82768;13.2875;15.9526;6.37167;0.651283
9.01416;13.3316;16.0931;6.56172;0.695394
9.20996;13.3646;16.2307;6.75992;0.728377
9.40284;13.404;16.3732;6.95595;0.767755
9.59342;13.4406;16.5131;7.14942;0.804314
9.79825;13.4607;16.6492;7.35521;0.82445
10.006;13.4752;16.7839;7.56324;0.838909
10.196;13.4849;16.9056;7.75323;0.848628
10.3849;13.4958;17.0289;7.9422;0.859514
10.5859;13.4943;17.151;8.14183;0.858099
10.7861;13.5051;17.2838;8.34212;0.868879
10.9861;13.5176;17.419;8.54226;0.8814
11.1857;13.5342;17.5583;8.74252;0.897986
11.3914;13.5738;17.7204;8.95121;0.937581
11.6026;13.5983;17.8756;9.16389;0.962069
11.8001;13.594;18.0011;9.35984;0.95778
11.9991;13.5926;18.1311;9.55767;0.95636
12.1861;13.6028;18.263;9.74476;0.966517
12.3693;13.6149;18.3947;9.92823;0.978656
12.5665;13.6188;18.5308;10.1249;0.982575
12.7395;13.6159;18.6463;10.2968;0.979646
12.9683;13.6355;18.8176;10.5264;0.999238
13.138;13.6532;18.9477;10.697;1.01693
13.3354;13.6688;19.0963;10.895;1.03261
13.5436;13.6822;19.2518;11.1036;1.04591
13.7431;13.6947;19.4015;11.3033;1.05849
13.9571;13.6886;19.5493;11.5159;1.05231
14.1527;13.6919;19.6918;11.711;1.05567
14.3361;13.69;19.8228;11.8935;1.05378
14.5289;13.6848;19.959;12.0851;1.04853
14.69;13.6894;20.0798;12.246;1.05316
14.8677;13.6988;20.2165;12.4238;1.06257
15.0766;13.723;20.3868;12.634;1.08674
15.2754;13.7437;20.5481;12.8338;1.10741
15.462;13.7658;20.702;13.0217;1.1296
15.6705;13.7932;20.8763;13.2318;1.15697
15.8621;13.8125;21.0331;13.4243;1.17624
16.0648;13.8255;21.1949;13.6274;1.18927
16.2728;13.8399;21.3623;13.8359;1.20369
16.4734;13.8532;21.5241;14.0369;1.217
16.6457;13.8509;21.6547;14.2083;1.21468
16.8378;13.8592;21.808;14.4004;1.22292
17.0318;13.8739;21.9674;14.595;1.2377
17.2268;13.8736;22.1188;14.7893;1.23739
17.4127;13.8767;22.2658;14.9748;1.24047
17.6136;13.875;22.4222;15.1749;1.23872
17.7961;13.8816;22.5699;15.3573;1.24538
17.996;13.889;22.7324;15.5571;1.2528
18.1957;13.8965;22.8953;15.7568;1.26021
18.3946;13.9036;23.058;15.9556;1.26733
18.5785;13.9047;23.2056;16.139;1.26841
18.7883;13.8799;23.3592;16.3463;1.24367
18.9964;13.8537;23.5114;16.5518;1.21742
19.2109;13.8216;23.6664;16.7635;1.18538
19.409;13.7937;23.8113;16.9592;1.15745
19.6189;13.7415;23.9527;17.1651;1.10529
19.8089;13.7122;24.0919;17.3529;1.07599
19.9913;13.6672;24.2167;17.5323;1.03099
20.1836;13.6166;24.3473;17.7213;0.98035
20.3877;13.5619;24.4864;17.9222;0.925661
20.5939;13.5186;24.6345;18.126;0.882334
20.7895;13.4778;24.776;18.3194;0.841524
21.004;13.4253;24.928;18.5314;0.7891
21.1982;13.378;25.0666;18.7235;0.7418
21.3833;13.3213;25.1933;18.9063;0.685014
21.5643;13.2669;25.3186;19.0853;0.630683
21.7513;13.2052;25.446;19.2703;0.568979
21.9372;13.1367;25.5698;19.4542;0.500459
22.1206;13.0791;25.6979;19.6362;0.442859
22.3114;13.0195;25.8322;19.8257;0.383262
22.4954;12.9766;25.9699;20.0089;0.340405
22.6812;12.9237;26.1047;20.1938;0.287408
22.8798;12.8671;26.2497;20.3917;0.230871
23.0359;12.8193;26.3626;20.5473;0.183101
23.2273;12.7635;26.5032;20.7383;0.127289
23.4042;12.7142;26.6347;20.9149;0.07794
23.5946;12.6599;26.7765;21.1052;0.0236684
23.7803;12.619;26.921;21.2909;-0.0172329
23.9683;12.564;27.0617;21.479;-0.0722741
24.1611;12.504;27.205;21.6722;-0.132256
24.3513;12.4543;27.3513;21.8627;-0.181946
24.5569;12.3917;27.5063;22.0688;-0.244563
24.7592;12.3442;27.6659;22.2718;-0.29201
24.9582;12.3099;27.8289;22.4712;-0.326361
25.1538;12.2826;27.9925;22.6672;-0.353642
25.366;12.2544;28.171;22.8798;-0.381857
25.5513;12.2163;28.3215;23.0658;-0.419931
25.7454;12.1763;28.4796;23.2605;-0.45997
25.9244;12.1591;28.6342;23.4398;-0.477119
26.1197;12.1369;28.8017;23.6355;-0.499372
26.3073;12.1056;28.959;23.8238;-0.530606
26.5128;12.0825;29.1361;24.0298;-0.553767
26.7039;12.0757;29.3074;24.221;-0.560594
26.9086;12.078;29.4949;24.4256;-0.558228
27.1056;12.0795;29.6754;24.6225;-0.556751
27.3265;12.0776;29.8765;24.8434;-0.558616
27.5083;12.0833;30.0451;25.025;-0.552958
27.7113;12.1084;30.2412;25.2275;-0.527845
27.91;12.1328;30.4331;25.4256;-0.50341
28.1048;12.1611;30.6231;25.6198;-0.475104
28.3197;12.1984;30.8352;25.834;-0.437859
28.5272;12.2204;31.0345;26.0411;-0.415802
28.7119;12.2432;31.2133;26.2255;-0.393
28.9099;12.258;31.4013;26.4232;-0.378261
29.124;12.275;31.6051;26.637;-0.361239
29.3282;12.2932;31.8004;26.841;-0.343038
29.5342;12.3223;32.0017;27.0466;-0.313925
29.7428;12.3321;32.1981;27.2551;-0.30417
29.9653;12.3616;32.415;27.4773;-0.274643

-29.8482;12.4046;32.3232;27.6634;-0.231675
-29.6589;12.4515;32.1666;27.8523;-0.184782
-29.4626;12.4924;32.0016;28.0484;-0.143841
-29.2676;12.5351;31.839;28.2432;-0.101181
-29.0617;12.6053;31.6777;28.4489;-0.0309397
-28.8751;12.671;31.533;28.6355;0.034733
-28.6837;12.7395;31.3855;28.8271;0.103257
-28.4798;12.7978;31.2232;29.0312;0.16158
-28.2766;12.8713;31.0682;29.235;0.235059
-28.1068;12.9185;30.9335;29.4052;0.282221
-27.8982;12.971;30.7661;29.6143;0.334709
-27.7049;13.0229;30.6131;29.8082;0.38663
-27.512;13.0747;30.4607;30.0018;0.438421
-27.314;13.1284;30.3052;30.2007;0.492138
-27.1405;13.1732;30.1685;30.3749;0.536931
-26.9057;13.2;29.9693;30.6101;0.563737
-26.7148;13.2508;29.8205;30.8019;0.614541
-26.5298;13.3083;29.6806;30.9881;0.672015
-26.3526;13.3739;29.552;31.1667;0.73764
-26.1653;13.4399;29.4152;31.3556;0.803675
-25.9679;13.4964;29.2658;31.5544;0.860123
-25.7732;13.534;29.1106;31.7501;0.897762
-25.5697;13.5774;28.9509;31.9547;0.94112
-25.3723;13.6174;28.7956;32.1533;0.981181
-25.1737;13.6534;28.6379;32.3529;1.01715
-24.978;13.6899;28.4836;32.5497;1.05362
-24.7792;13.7189;28.3235;32.7493;1.08264
-24.5813;13.7479;28.1646;32.948;1.11162
-24.3838;13.7774;28.0069;33.1464;1.1412
-24.1879;13.8081;27.8517;33.3433;1.17186
-23.9749;13.85;27.6879;33.5576;1.21374
-23.7688;13.8754;27.5224;33.7646;1.23915
-23.5702;13.899;27.3631;33.9639;1.26274
-23.3791;13.9502;27.2248;34.1568;1.31395
-23.1853;13.9999;27.0843;34.3524;1.36369
-22.9966;14.0437;26.9457;34.5426;1.40742
-22.797;14.0674;26.7879;34.7431;1.43111
-22.5974;14.092;26.6313;34.9436;1.45572
-22.3951;14.1168;26.4731;35.1468;1.48058
-22.193;14.1853;26.3392;35.3515;1.54907
-22.0036;14.2496;26.2147;35.5436;1.61331
-21.8121;14.3207;26.0931;35.7382;1.68446
-21.6231;14.3874;25.9722;35.9302;1.75114
-21.4345;14.4538;25.8525;36.1218;1.8176
-21.2434;14.5143;25.7283;36.3158;1.87807
-21.0448;14.5818;25.603;36.5177;1.9456
-20.8558;14.6413;25.482;36.7096;2.00504
-20.6672;14.6907;25.3564;36.9007;2.05447
-20.4918;14.7154;25.2281;37.0772;2.07913
-20.2935;14.7426;25.0833;37.2766;2.10639
-20.0955;14.7674;24.9381;37.4757;2.13119
-19.8946;14.7899;24.7898;37.6776;2.15368
-19.6888;14.8133;24.639;37.8844;2.17704
-19.4858;14.8396;24.4931;38.0886;2.20336
-19.2882;14.867;24.3529;38.2874;2.23073
-19.0941;14.8876;24.2121;38.4824;2.2514
-18.9115;14.899;24.0754;38.6654;2.26274
-18.7248;14.9103;23.9361;38.8524;2.27408
-18.5128;14.9217;23.7778;39.0647;2.28545
-18.333;14.9384;23.6485;39.2452;2.30219
-18.1325;14.9587;23.5064;39.4465;2.32246
-17.9347;14.9818;23.3689;39.6454;2.34556
-17.7363;15.0064;23.233;39.8448;2.3702
-17.5295;15.0345;23.0937;40.053;2.39822
-17.3295;15.0621;22.9604;40.2543;2.42588
-17.1417;15.0907;22.8378;40.4435;2.45448
-16.953;15.1344;22.7257;40.6345;2.4982
-16.7596;15.1974;22.6239;40.8315;2.56114
-16.5653;15.2469;22.5139;41.0285;2.61065
-16.3603;15.2956;22.3968;41.2361;2.65938
-16.1577;15.3529;22.2886;41.4421;2.71664
-15.9624;15.408;22.1857;41.6405;2.77177
-15.781;15.4758;22.103;41.8261;2.83958
-15.5911;15.5484;22.0189;42.0206;2.91212
-15.4062;15.6186;21.9384;42.2099;2.9824
-15.2233;15.6802;21.8545;42.3967;3.04394
-15.0053;15.7393;21.7459;42.6184;3.10308
-14.8054;15.7674;21.6289;42.8199;3.13111
-14.6146;15.8222;21.539;43.0142;3.18595
-14.4293;15.872;21.4505;43.2026;3.23571
-14.2253;15.9307;21.3576;43.4105;3.29447
-14.0433;16.0253;21.3079;43.5992;3.38903
-13.8771;16.1481;21.2917;43.7746;3.51186
-13.7103;16.2853;21.2881;43.9521;3.64906
-13.5738;16.4193;21.3035;44.0994;3.78301
-13.4496;16.5468;21.3234;44.2342;3.91054
-13.3112;16.6869;21.3457;44.3846;4.05064
-13.1694;16.8203;21.3625;44.5382;4.18402
-13.0185;16.9686;21.3873;44.7026;4.3324
-12.8696;17.1019;21.4034;44.8638;4.46569
-12.7373;17.2475;21.441;45.0101;4.61126
-12.5909;17.3749;21.4574;45.1689;4.73863
-12.4367;17.5069;21.4747;45.3363;4.87061
-12.2827;17.6365;21.4921;45.5035;5.00022
-12.126;17.7751;21.5172;45.6746;5.13882
-11.9835;17.901;21.5418;45.8305;5.26477
-11.8405;18.0356;21.575;45.9882;5.39938
-11.6806;18.1651;21.5965;46.1623;5.52888
-11.5206;18.296;21.621;46.337;5.65973
-11.3494;18.3978;21.6169;46.5194;5.76158
-11.1733;18.513;21.6235;46.7084;5.87675
-11.0071;18.6254;21.6348;46.8876;5.98919
-10.8641;18.7267;21.6499;47.0424;6.09047
-10.7006;18.8428;21.6692;47.2197;6.20652
-10.5305;18.9562;21.6848;47.4033;6.31998
-10.3527;19.0826;21.71;47.5965;6.44641
-10.1897;19.1987;21.7352;47.7737;6.56244
-10.0326;19.3079;21.7589;47.9444;6.67167
-9.85678;19.4175;21.776;48.1339;6.78124
-9.67569;19.5128;21.78;48.3267;6.87655
-9.48081;19.6115;21.7829;48.5336;6.97524
-9.30247;19.7019;21.7876;48.7232;7.06562
-9.12002;19.8016;21.8009;48.9182;7.1654
-8.94466;19.8975;21.8156;49.1058;7.2613
-8.77279;19.9939;21.8338;49.2901;7.35761
-8.5871;20.1068;21.8637;49.4906;7.4706
-8.41513;20.2103;21.8923;49.6763;7.57407
-8.24724;20.3147;21.9249;49.8582;7.67844
-8.0917;20.417;21.962;50.0277;7.78078
-7.93786;20.5165;21.9985;50.1952;7.88021
-7.76929;20.6284;22.043;50.3793;7.99218
-7.60326;20.732;22.0823;50.5597;8.0958
-7.42492;20.8519;22.1344;50.755;8.21563
-7.26703;20.9619;22.1858;50.9287;8.32567
-7.11349;21.0677;22.2362;51.0975;8.43143
-6.94277;21.1812;22.29;51.2847;8.54492
-6.78115;21.2904;22.3443;51.4623;8.65417
-6.61605;21.4028;22.4021;51.6441;8.7666
-6.45784;21.5051;22.4538;51.8174;8.86889
-6.2989;21.6348;22.5331;51.9963;8.99854
-6.16434;21.7481;22.6048;52.1485;9.11183
-6.01092;21.8702;22.6812;52.321;9.23394
-5.84908;22.0053;22.7694;52.5042;9.36907
-5.66775;22.1211;22.8356;52.7034;9.48485
-5.50145;22.2365;22.9069;52.8878;9.60025
-5.34096;22.3384;22.9681;53.0642;9.7022
-5.15415;22.448;23.0321;53.2679;9.81175
-4.98219;22.5535;23.0972;53.4564;9.91724
-4.82098;22.6656;23.1727;53.6357;10.0294
-4.6494;22.7912;23.2606;53.8278;10.155
-4.49836;22.928;23.3652;54.002;10.2918
-4.35593;23.0647;23.4724;54.168;10.4284
-4.20339;23.2025;23.5801;54.3443;10.5662
-4.05689;23.3351;23.6852;54.5139;10.6989
-3.89587;23.4497;23.7711;54.6943;10.8134
-3.73051;23.5621;23.8556;54.8787;10.9259
-3.56521;23.6747;23.9416;55.0632;11.0385
-3.39793;23.7887;24.0302;55.25;11.1525
-3.2301;23.9114;24.1286;55.4392;11.2752
-3.08534;24.0158;24.2131;55.6022;11.3795
-2.92142;24.1423;24.3184;55.7886;11.506
-2.76746;24.2588;24.4162;55.9633;11.6226
-2.62301;24.3718;24.5126;56.1282;11.7356
-2.47054;24.4857;24.6101;56.3011;11.8495
-2.30929;24.6064;24.7145;56.4842;11.9701
-2.14664;24.7195;24.8125;56.6672;12.0832
-1.98806;24.846;24.9254;56.8492;12.2098
-1.81199;24.9448;25.0105;57.0424;12.3085
-1.63945;25.0518;25.1054;57.234;12.4155
-1.47637;25.1703;25.2135;57.419;12.534
-1.33848;25.3263;25.3616;57.5877;12.6901
-1.26969;25.5356;25.5672;57.7013;12.8994
-1.23096;25.7107;25.7401;57.7784;13.0744
-1.15741;25.8982;25.924;57.8927;13.2619
-1.02632;26.0458;26.066;58.0542;13.4096
-0.876039;26.1903;26.2049;58.2339;13.554
-0.72675;26.3289;26.3389;58.4114;13.6927
-0.54706;26.4619;26.4676;58.6174;13.8257
-0.352497;26.5465;26.5489;58.8264;13.9103
-0.160727;26.6222;26.6227;59.0306;13.986
0.0541649;26.6643;26.6644;59.2494;14.0281
0.261305;26.7159;26.7172;59.4628;14.0796
0.487101;26.7338;26.7383;59.6865;14.0976
0.671134;26.7279;26.7364;59.8639;14.0917
0.860584;26.7142;26.7281;60.0449;14.078
1.05515;26.6972;26.718;60.23;14.061
1.23962;26.6715;26.7002;60.4034;14.0352
1.44288;26.6369;26.6759;60.5932;14.0006
1.63904;26.6008;26.6513;60.7757;13.9646
1.86189;26.5807;26.6458;60.988;13.9444
2.05208;26.5519;26.6311;61.1667;13.9157
2.26411;26.5027;26.5992;61.362;13.8664
2.47152;26.4559;26.5711;61.5535;13.8196
2.6703;26.4189;26.5535;61.739;13.7826
2.83668;26.39;26.542;61.8948;13.7538
3.03671;26.3567;26.5311;62.0824;13.7205
3.23394;26.3235;26.5214;62.2675;13.6873
3.41896;26.2809;26.5023;62.4387;13.6446
3.61123;26.259;26.5062;62.6216;13.6228
3.79304;26.2283;26.5011;62.7924;13.5921
4.0025;26.2506;26.554;63.0017;13.6144
4.20583;26.2713;26.6058;63.2047;13.635
4.40537;26.2917;26.6582;63.4039;13.6554
4.62861;26.3035;26.7076;63.6245;13.6672
4.82613;26.322;26.7608;63.8214;13.6858
5.02256;26.343;26.8175;64.0177;13.7067
5.23799;26.3829;26.8978;64.2367;13.7466
5.43647;26.4281;26.9815;64.4403;13.7919
5.63174;26.4877;27.0798;64.6438;13.8514
5.84268;26.5552;27.1904;64.8643;13.919
6.03137;26.6112;27.2862;65.0606;13.975
6.24;26.6675;27.3878;65.2765;14.0313
6.44065;26.7204;27.4857;65.4838;14.0842
6.64237;26.7301;27.543;65.6829;14.0939
6.84189;26.7355;27.5971;65.8789;14.0992
7.03192;26.7403;27.6495;66.0656;14.1041
7.22754;26.7533;27.7124;66.2595;14.1171
7.3988;26.7645;27.7683;66.4292;14.1282
7.58128;26.7602;27.8133;66.6066;14.1239
7.78124;26.7551;27.8636;66.8009;14.1189
7.98374;26.7527;27.9185;66.9984;14.1164
8.1852;26.7469;27.9713;67.1941;14.1106
8.38117;26.7412;28.0238;67.3845;14.105
8.58636;26.7577;28.1016;67.5886;14.1214
8.7826;26.8078;28.2098;67.791;14.1715
8.99881;26.8418;28.3101;68.0096;14.2055
9.20219;26.8686;28.4007;68.2141;14.2323
9.39019;26.9126;28.5038;68.4071;14.2764
9.58948;26.955;28.61;68.6108;14.3187
9.77787;26.9617;28.68;68.7965;14.3255
9.98872;27.0409;28.8268;69.0192;14.4046
10.159;27.1135;28.9542;69.2009;14.4772
10.3389;27.197;29.0958;69.3943;14.5607
10.5094;27.2905;29.2441;69.5806;14.6542
10.7055;27.3489;29.3696;69.7847;14.7127
10.9055;27.4021;29.4925;69.9914;14.7659
11.1105;27.458;29.6207;70.2036;14.8217
11.2979;27.4995;29.7298;70.3955;14.8632
11.5039;27.542;29.848;70.6059;14.9058
11.7256;27.5924;29.9805;70.8331;14.9562
11.9168;27.6344;30.0944;71.029;14.9982
12.125;27.6714;30.2113;71.2402;15.0352
12.3061;27.7169;30.3261;71.4269;15.0807
12.4978;27.7593;30.4429;71.6232;15.123
12.6937;27.8095;30.5696;71.8253;15.1733
12.8758;27.8592;30.6907;72.0137;15.2229
13.0701;27.9084;30.8173;72.2141;15.2722
13.2712;27.9729;30.9614;72.4243;15.3367
13.4572;28.0389;31.1011;72.6201;15.4027
13.6458;28.1017;31.2396;72.8176;15.4654
13.8369;28.1653;31.3806;73.0179;15.5291
14.0245;28.2302;31.5219;73.215;15.5939
14.2079;28.3113;31.6764;73.4116;15.6751
14.3842;28.4053;31.8397;73.6039;15.7691
14.5772;28.4768;31.991;73.8077;15.8406
14.7478;28.5961;32.1751;74;15.9599
14.9305;28.7002;32.3516;74.2008;16.064
15.1042;28.7985;32.5191;74.3918;16.1623
15.2823;28.882;32.676;74.5837;16.2458
15.4803;28.9569;32.835;74.7933;16.3206
15.6659;29.0417;32.9976;74.993;16.4055
15.8593;29.138;33.1744;75.2027;16.5017
16.0234;29.2447;33.3467;75.3863;16.6084
16.1941;29.3453;33.5171;75.575;16.709
16.3628;29.4626;33.7014;75.7654;16.8264
16.5415;29.5762;33.8877;75.965;16.94
16.7118;29.6871;34.0677;76.1557;17.0509
16.8777;29.7982;34.246;76.3423;17.1619
17.0579;29.91;34.4323;76.5431;17.2738

17.2409;-29.9815;34.5852;76.7459;17.3823
17.3659;-29.7942;34.4858;76.9102;17.5695
17.5446;-29.6792;34.477;77.1105;17.6846
17.6679;-29.5053;34.3906;77.2705;17.8585
17.8313;-29.3826;34.37;77.4579;17.9811
17.9386;-29.1996;34.2697;77.6049;18.1642
18.1151;-29.0453;34.2314;77.8127;18.3184
18.2618;-28.9278;34.2098;77.983;18.436
18.4505;-28.8565;34.2508;78.1831;18.5073
18.5921;-28.7004;34.1962;78.3578;18.6634
18.7378;-28.5893;34.1827;78.5258;18.7744
18.8692;-28.4402;34.1305;78.6891;18.9236
19.0158;-28.2828;34.0811;78.8693;19.0809
19.1119;-28.1155;33.9963;79.0032;19.2482
19.2595;-27.9575;33.9492;79.1849;19.4063
19.3444;-27.7416;33.8202;79.3204;19.6221
19.4551;-27.571;33.744;79.47;19.7928
19.5192;-27.4047;33.6455;79.5736;19.959
19.5971;-27.2132;33.5351;79.6972;20.1506
19.6678;-27.0267;33.4255;79.8129;20.3371
19.7314;-26.8371;33.31;79.9229;20.5267
19.7824;-26.6511;33.1907;80.0202;20.7127
19.822;-26.4599;33.0612;80.1081;20.9038
19.8947;-26.2817;32.9625;80.2249;21.0821
19.9411;-26.082;32.8317;80.3223;21.2817
20.0065;-25.897;32.7248;80.4346;21.4668
20.0576;-25.6838;32.5878;80.5409;21.68
20.1226;-25.4934;32.4782;80.655;21.8703
20.1593;-25.2945;32.3452;80.7445;22.0692
20.2271;-25.1044;32.2392;80.8618;22.2594
20.256;-24.919;32.1133;80.9408;22.4448
20.3448;-24.7616;32.0476;81.0699;22.6021
20.3709;-24.5355;31.8899;81.1583;22.8282
20.4821;-24.3779;31.8403;81.3094;22.9858
20.5;-24.1481;31.6762;81.3918;23.2157
20.6263;-23.9368;31.5977;81.5732;23.4269
20.6477;-23.7148;31.4439;81.6578;23.649
20.7802;-23.5168;31.3824;81.8421;23.8469
20.8017;-23.2948;31.2308;81.9276;24.0689
20.9066;-23.109;31.1626;82.0826;24.2548
20.9293;-22.8817;31.0098;82.1717;24.4821
21.0505;-22.6825;30.9454;82.3469;24.6813
21.0683;-22.4771;30.8074;82.4256;24.8866
21.1822;-22.2729;30.7371;82.596;25.0908
21.1856;-22.0514;30.5794;82.6669;25.3123
21.3078;-21.8564;30.5241;82.843;25.5074
21.3355;-21.6344;30.385;82.938;25.7294
21.4592;-21.4526;30.3432;83.1121;25.9112
21.487;-21.2214;30.2;83.2109;26.1424
21.6145;-20.999;30.1354;83.4019;26.3648
21.6586;-20.7738;30.0108;83.5152;26.5899
21.8008;-20.5939;29.9897;83.7073;26.7698
21.8651;-20.3766;29.888;83.838;26.9871
21.9505;-20.1881;29.8225;83.9796;27.1757
22.0221;-19.9915;29.7428;84.1112;27.3722
22.1543;-19.8166;29.7239;84.2932;27.5472
22.2256;-19.6231;29.6486;84.4239;27.7407
22.3818;-19.4828;29.6736;84.6176;27.8809
22.4568;-19.2734;29.5935;84.7576;28.0903
22.614;-19.1428;29.6283;84.9492;28.221
22.701;-18.9431;29.5664;85.0978;28.4207
22.9015;-18.8155;29.6395;85.3294;28.5482
23.0139;-18.6358;29.613;85.4955;28.7279
23.2206;-18.5114;29.6963;85.7321;28.8524
23.3518;-18.3382;29.6916;85.914;29.0256
23.5718;-18.2447;29.8077;86.1527;29.1191
23.7163;-18.0914;29.8289;86.3405;29.2724
23.9285;-18.0266;29.9588;86.5621;29.3371
24.0916;-17.8765;29.9996;86.7664;29.4872
24.3425;-17.8421;30.1811;87.0141;29.5216
24.5286;-17.7085;30.253;87.2345;29.6552
24.7266;-17.6736;30.3934;87.4326;29.6902
24.9114;-17.5627;30.4799;87.6441;29.801
25.1355;-17.552;30.6573;87.8585;29.8117
25.3291;-17.4424;30.7538;88.0778;29.9214
25.5526;-17.4592;30.9476;88.2824;29.9046
25.7581;-17.3445;31.0533;88.5146;30.0193
25.9684;-17.3371;31.2239;88.715;30.0267
26.1696;-17.2419;31.3389;88.9365;30.1219
26.4088;-17.2285;31.5316;89.1661;30.1352
26.5803;-17.1622;31.6394;89.3499;30.2016
26.7822;-17.1228;31.788;89.5533;30.2409
26.964;-17.0327;31.8931;89.7548;30.331
27.1445;-17.0047;32.031;89.9342;30.359
27.3133;-16.9064;32.1223;90.1263;30.4574
27.4998;-16.8539;32.2535;90.3195;30.5099
27.6579;-16.7244;32.3213;90.5122;30.6394
27.8865;-16.6793;32.4939;90.7425;30.6845
28.0604;-16.5585;32.5817;90.947;30.8052
28.2961;-16.5209;32.7659;91.1815;30.8429
28.4789;-16.3849;32.856;91.3996;30.9788
28.7006;-16.3689;33.0403;91.6136;30.9949
28.9223;-16.2277;33.1638;91.87;31.1361
29.1396;-16.2049;33.3424;92.0822;31.1588
29.3292;-16.0869;33.4513;92.3006;31.2769
29.5518;-16.0496;33.6289;92.5227;31.3141
29.7495;-15.9961;33.7773;92.7267;31.3676
29.9414;-15.9574;33.9282;92.9204;31.4064

-29.8699;-15.9169;33.8462;93.1117;31.4468
-29.7021;-15.7928;33.6397;93.3116;31.5709
-29.4592;-15.7787;33.4187;93.545;31.5851
-29.2695;-15.6414;33.1867;93.77;31.7223
-29.0384;-15.6189;32.9724;93.995;31.7449
-28.8545;-15.4961;32.7523;94.2096;31.8677
-28.628;-15.4822;32.5463;94.4275;31.8816
-28.4034;-15.3911;32.3054;94.6697;31.9727
-28.2069;-15.3421;32.1093;94.8712;32.0217
-28.0247;-15.2721;31.9159;95.0663;32.0917
-27.8408;-15.2328;31.7356;95.2527;32.131
-27.6519;-15.1019;31.507;95.4747;32.2619
-27.4268;-15.1139;31.3155;95.6825;32.2499
-27.2319;-14.9869;31.0835;95.9089;32.3768
-27.006;-14.967;30.8761;96.1283;32.3967
-26.8199;-14.8125;30.6384;96.3556;32.5513
-26.5895;-14.7806;30.4215;96.5832;32.5832
-26.4092;-14.6325;30.192;96.8029;32.7312
-26.1884;-14.5889;29.9778;97.0254;32.7749
-26.0088;-14.4226;29.74;97.2507;32.9411
-25.7912;-14.3651;29.5219;97.4749;32.9987
-25.6408;-14.1801;29.3006;97.6792;33.1836
-25.4184;-14.0804;29.0578;97.9222;33.2834
-25.2804;-13.8987;28.8491;98.1138;33.465
-25.0801;-13.8002;28.6262;98.3357;33.5635
-24.9896;-13.5862;28.444;98.494;33.7776
-24.7861;-13.4821;28.2156;98.7208;33.8817
-24.6818;-13.251;28.0139;98.8983;34.1128
-24.5371;-13.0884;27.8096;99.0903;34.2754
-24.4765;-12.8629;27.6505;99.2253;34.5008
-24.335;-12.6863;27.4433;99.4194;34.6774
-24.2903;-12.4691;27.3038;99.5372;34.8946
-24.1284;-12.2926;27.0792;99.7509;35.0712
-24.0912;-12.0605;26.9415;99.8674;35.3033
-23.9451;-11.883;26.7315;100.067;35.4807
-23.9376;-11.6606;26.6267;100.153;35.7031
-23.7865;-11.463;26.4045;100.365;35.9007
-23.7679;-11.2253;26.2853;100.467;36.1385
-23.6295;-11.038;26.0804;100.664;36.3257
-23.5959;-10.8143;25.956;100.776;36.5495
-23.4404;-10.6122;25.7307;100.994;36.7515
-23.4079;-10.3568;25.5967;101.118;37.007
-23.2868;-10.1766;25.4134;101.297;37.1871
-23.2634;-9.9522;25.3029;101.401;37.4116
-23.1228;-9.77459;25.1039;101.597;37.5892
-23.0755;-9.557;24.9763;101.722;37.8068
-22.9359;-9.37849;24.7793;101.918;37.9853
-22.891;-9.17502;24.6613;102.035;38.1887
-22.7232;-8.99293;24.438;102.259;38.3708
-22.6465;-8.79669;24.295;102.404;38.5671
-22.4762;-8.63471;24.0777;102.623;38.729
-22.395;-8.4408;23.9329;102.771;38.923
-22.2188;-8.29673;23.7173;102.989;39.067
-22.1117;-8.10406;23.55;103.161;39.2597
-21.9351;-7.96742;23.3373;103.377;39.3963
-21.8237;-7.77332;23.1668;103.554;39.5904
-21.639;-7.66073;22.955;103.767;39.703
-21.5227;-7.46309;22.7799;103.951;39.9007
-21.3301;-7.34624;22.5597;104.173;40.0175
-21.2257;-7.15298;22.3985;104.344;40.2108
-21.0267;-7.04081;22.1742;104.571;40.3229
-20.895;-6.86177;21.9929;104.762;40.502
-20.6801;-6.74448;21.7521;105.005;40.6193
-20.5673;-6.56484;21.5896;105.179;40.7989
-20.3753;-6.44961;21.3717;105.4;40.9141
-20.2547;-6.28966;21.2088;105.574;41.0741
-20.058;-6.18931;20.9912;105.794;41.1744
-19.914;-6.00596;20.8;105.998;41.3578
-19.7195;-5.88366;20.5785;106.225;41.4801
-19.588;-5.71481;20.4047;106.412;41.6489
-19.3895;-5.59927;20.1818;106.64;41.7645
-19.2585;-5.42923;20.0091;106.827;41.9345
-19.0733;-5.33607;19.8057;107.034;42.0277
-18.922;-5.16341;19.6138;107.241;42.2003
-18.7748;-5.05996;19.4447;107.417;42.3038
-18.6275;-4.92018;19.2664;107.607;42.4436
-18.4644;-4.80018;19.0781;107.805;42.5636
-18.2888;-4.68761;18.88;108.01;42.6761
-18.1403;-4.56633;18.7062;108.195;42.7974
-17.9537;-4.49402;18.5076;108.395;42.8697
-17.7748;-4.36937;18.3039;108.608;42.9944
-17.5533;-4.35555;18.0856;108.817;43.0082
-17.3428;-4.24451;17.8547;109.054;43.1192
-17.0884;-4.2781;17.6158;109.275;43.0857
-16.8678;-4.25926;17.3972;109.485;43.1045
-16.6572;-4.37671;17.2226;109.633;42.987
-16.4644;-4.44283;17.0533;109.784;42.9209
-16.3126;-4.62674;16.9561;109.852;42.737
-16.1442;-4.74449;16.8269;109.962;42.6193
-16.0419;-4.93581;16.7841;109.982;42.4279
-15.858;-5.07732;16.6509;110.097;42.2864
-15.7824;-5.28648;16.6443;110.087;42.0773
-15.6074;-5.43969;16.5282;110.19;41.9241
-15.5736;-5.67275;16.5745;110.133;41.691
-15.4089;-5.86451;16.4872;110.213;41.4992
-15.353;-6.0761;16.5116;110.185;41.2877
-15.205;-6.24547;16.4377;110.259;41.1183
-15.143;-6.46877;16.4668;110.234;40.895
-14.9944;-6.63953;16.3987;110.309;40.7242
-14.9089;-6.86453;16.4133;110.305;40.4992
-14.7628;-7.03592;16.3537;110.379;40.3278
-14.6404;-7.22673;16.3269;110.423;40.137
-14.5121;-7.37393;16.2781;110.489;39.9898
-14.4214;-7.5672;16.2862;110.504;39.7966
-14.2948;-7.72589;16.249;110.565;39.6379
-14.2651;-7.96264;16.337;110.508;39.4011
-14.2222;-8.15558;16.3946;110.48;39.2082
-14.2051;-8.37454;16.4899;110.418;38.9892
-14.2063;-8.5581;16.5849;110.352;38.8057
-14.1828;-8.76202;16.6711;110.303;38.6017
-14.1458;-8.96657;16.7483;110.266;38.3972
-14.1395;-9.15796;16.8462;110.206;38.2058
-14.0731;-9.35835;16.9006;110.199;38.0054
-14.0459;-9.54121;16.98;110.161;37.8225
-13.993;-9.75558;17.058;110.138;37.6082
-13.977;-9.94601;17.1546;110.088;37.4177
-13.9576;-10.1685;17.2689;110.03;37.1952
-13.9828;-10.3769;17.4126;109.936;36.9868
-13.9854;-10.5818;17.5376;109.865;36.7819
-14.1289;-10.7841;17.7742;109.662;36.5797
-14.1816;-10.9936;17.9437;109.543;36.3702
-14.3648;-11.1383;18.1772;109.322;36.2254
-14.4826;-11.3392;18.3935;109.145;36.0246
-14.6986;-11.4359;18.6233;108.909;35.9279
-14.8642;-11.5904;18.8489;108.702;35.7734
-15.042;-11.6918;19.0515;108.5;35.6719
-15.2067;-11.808;19.2528;108.307;35.5558
-15.3942;-11.887;19.4495;108.103;35.4768
-15.5623;-12.0007;19.652;107.907;35.363
-15.7672;-12.0527;19.8462;107.697;35.3111
-15.9277;-12.1677;20.0435;107.507;35.1961
-16.1629;-12.2011;20.2511;107.274;35.1626
-16.3404;-12.3263;20.4682;107.066;35.0374
-16.5443;-12.346;20.6431;106.866;35.0178
-16.7335;-12.4638;20.8652;106.649;34.9
-16.9381;-12.5057;21.0545;106.442;34.8581
-17.1199;-12.6521;21.2877;106.222;34.7116
-17.3406;-12.6956;21.4913;106;34.6681
-17.5227;-12.8565;21.7332;105.775;34.5072
-17.7413;-12.9112;21.9421;105.55;34.4525
-17.9011;-13.0765;22.1685;105.346;34.2873
-18.1345;-13.1348;22.3916;105.106;34.2289
-18.3054;-13.2744;22.6119;104.899;34.0894
-18.5228;-13.3302;22.8208;104.675;34.0336
-18.7195;-13.4691;23.0616;104.444;33.8946
-18.9522;-13.5324;23.2876;104.203;33.8314
-19.1421;-13.6428;23.5063;103.988;33.7209
-19.3376;-13.6865;23.691;103.789;33.6773
-19.5166;-13.8087;23.9077;103.58;33.5551
-19.7481;-13.8489;24.1201;103.348;33.5149
-19.9248;-13.9324;24.3128;103.154;33.4313
-20.1594;-13.927;24.5023;102.933;33.4368
-20.3589;-14.0483;24.7354;102.705;33.3155
-20.5948;-14.0687;24.9414;102.476;33.2951
-20.796;-14.1756;25.1679;102.251;33.1882
-21.0077;-14.2067;25.3604;102.04;33.1571
-21.1969;-14.3177;25.5794;101.825;33.0461
-21.3956;-14.3703;25.7735;101.62;32.9935
-21.5671;-14.5;25.9883;101.416;32.8638
-21.7867;-14.5705;26.21;101.185;32.7932
-21.9372;-14.7361;26.4271;100.989;32.6277
-22.1229;-14.8149;26.6252;100.788;32.5489
-22.2578;-15.0079;26.8448;100.598;32.3559
-22.4387;-15.1275;27.0618;100.388;32.2362
-22.5345;-15.3306;27.2549;100.233;32.0332
-22.6972;-15.4748;27.4706;100.032;31.8889
-22.7666;-15.7038;27.6573;99.8939;31.66
-22.9209;-15.8596;27.8728;99.6982;31.5041
-22.9446;-16.1188;28.0405;99.5941;31.245
-23.0762;-16.3101;28.2583;99.4092;31.0537
-23.1024;-16.5329;28.4088;99.3149;30.8309
-23.2208;-16.721;28.6146;99.144;30.6428
-23.2398;-16.9475;28.763;99.0562;30.4162
-23.3412;-17.1379;28.9572;98.9014;30.2259
-23.3612;-17.3544;29.1019;98.8164;30.0093
-23.4626;-17.5664;29.3099;98.6555;29.7974
-23.4596;-17.7952;29.4452;98.5895;29.5685
-23.5666;-18.0194;29.6662;98.4204;29.3443
-23.5729;-18.2383;29.8047;98.3493;29.1254
-23.6543;-18.4353;29.9898;98.2134;28.9284
-23.6816;-18.6272;30.1295;98.1309;28.7366
-23.7193;-18.8203;30.2788;98.0385;28.5435
-23.7305;-19.0354;30.4217;97.9653;28.3284
-23.7835;-19.2439;30.5939;97.8544;28.1198
-23.7949;-19.4571;30.7372;97.7825;27.9066
-23.8404;-19.6686;30.9067;97.6786;27.6951
-23.8324;-19.8481;31.015;97.6357;27.5156
-23.8801;-20.0602;31.1877;97.5303;27.3036
-23.8389;-20.2689;31.2909;97.5117;27.0948
-23.9132;-20.486;31.4883;97.3801;26.8778
-23.8345;-20.7261;31.5857;97.3898;26.6377
-23.9175;-20.9658;31.8058;97.2447;26.3979
-23.835;-21.2198;31.9122;97.2555;26.1439
-23.8882;-21.4405;32.0989;97.1451;25.9233
-23.7822;-21.6767;32.1787;97.1846;25.6871
-23.8352;-21.9226;32.3839;97.0687;25.4411
-23.7516;-22.1388;32.4694;97.093;25.225
-23.791;-22.3657;32.6533;96.9962;24.9981
-23.6705;-22.5825;32.7148;97.0571;24.7813
-23.7008;-22.8203;32.9013;96.9673;24.5434
-23.6065;-23.0464;32.991;97.0016;24.3174
-23.6305;-23.277;33.1696;96.9208;24.0867
-23.515;-23.5008;33.2452;96.9773;23.8629
-23.5553;-23.7338;33.4387;96.8813;23.63
-23.4412;-23.9577;33.5181;96.9376;23.406
-23.4757;-24.1977;33.714;96.8465;23.1661
-23.3792;-24.4184;33.8061;96.8876;22.9453
-23.3992;-24.644;33.9831;96.815;22.7198
-23.2766;-24.8425;34.0434;96.8878;22.5213
-23.3017;-25.093;34.2436;96.8055;22.2708
-23.1792;-25.3073;34.3182;96.8757;22.0564
-23.214;-25.5681;34.5343;96.7828;21.7956
-23.0727;-25.7899;34.6045;96.8708;21.5739
-23.0848;-26.0315;34.7929;96.8055;21.3323
-22.9452;-26.2384;34.856;96.8963;21.1253
-22.9594;-26.4841;35.0506;96.8292;20.8797
-22.8106;-26.6971;35.115;96.9288;20.6666
-22.7625;-26.9113;35.247;96.9304;20.4524
-22.6178;-27.0839;35.286;97.0357;20.2798
-22.5665;-27.3398;35.4501;97.0327;20.024
-22.3939;-27.51;35.4723;97.1667;19.8538
-22.3517;-27.7529;35.6346;97.1586;19.6109
-22.1672;-27.9092;35.6414;97.308;19.4545
-22.097;-28.139;35.7782;97.3311;19.2247
-21.931;-28.2923;35.797;97.4637;19.0714
-21.8773;-28.5248;35.9483;97.4712;18.8389
-21.682;-28.6843;35.9569;97.6321;18.6795
-21.6391;-28.9226;36.1215;97.629;18.4412
-21.4486;-29.0894;36.1419;97.7848;18.2744
-21.3754;-29.3074;36.2744;97.8162;18.0563
-21.1903;-29.4758;36.3022;97.9673;17.8879
-21.0696;-29.6482;36.3723;98.0546;17.7155
-20.9609;-29.8065;36.4388;98.1331;17.5572
-20.8514;-29.9612;36.5028;98.2133;17.4025

-20.7254;29.8717;36.3574;98.3078;17.2354
-20.6999;29.6376;36.1507;98.2922;17.0013
-20.5334;29.4402;35.8936;98.4223;16.804
-20.507;29.2014;35.6828;98.4078;16.5652
-20.3574;28.9874;35.4217;98.5196;16.3512
-20.3237;28.757;35.2138;98.5149;16.1207
-20.1298;28.588;34.964;98.6787;15.9518
-20.0756;28.3388;34.7292;98.6922;15.7026
-19.9701;28.1594;34.5218;98.768;15.5232
-19.9765;27.9386;34.3456;98.7272;15.3023
-19.8039;27.7323;34.0775;98.866;15.096
-19.7945;27.4801;33.867;98.8371;14.8438
-19.6635;27.2679;33.6183;98.935;14.6317
-19.6326;27.0444;33.4191;98.9328;14.4081
-19.4795;26.836;33.1605;99.0542;14.1997
-19.4699;26.6025;32.9662;99.0305;13.9662
-19.3136;26.4233;32.7292;99.1602;13.787
-19.2961;26.1797;32.5226;99.144;13.5435
-19.1469;25.9984;32.2881;99.2672;13.3622
-19.1317;25.783;32.1058;99.2535;13.1467
-18.9365;25.583;31.8289;99.4207;12.9467
-18.8955;25.3528;31.6197;99.4316;12.7166
-18.7257;25.175;31.3756;99.5775;12.5388
-18.6871;24.926;31.153;99.5847;12.2897
-18.5208;24.7492;30.9118;99.7282;12.1129
-18.438;24.5455;30.6992;99.7859;11.9093
-18.3009;24.3768;30.482;99.902;11.7406
-18.2375;24.1723;30.2805;99.9411;11.536
-18.077;24.0129;30.0566;100.082;11.3766
-18.0101;23.7993;29.8458;100.125;11.1631
-17.833;23.6464;29.617;100.284;11.0101
-17.7743;23.4368;29.4144;100.319;10.8005
-17.6023;23.2767;29.183;100.473;10.6404
-17.529;23.0588;28.965;100.523;10.4226
-17.3184;22.9208;28.7279;100.719;10.2845
-17.2371;22.6872;28.4925;100.776;10.0509
-17.0734;22.5409;28.2771;100.924;9.90468
-16.9986;22.336;28.0686;100.979;9.69972
-16.8165;22.1993;27.8497;101.147;9.56306
-16.7551;21.956;27.6188;101.186;9.31978
-16.5721;21.803;27.3862;101.354;9.16671
-16.4938;21.5907;27.1699;101.413;8.95443
-16.2962;21.451;26.939;101.598;8.81476
-16.2188;21.2152;26.7046;101.654;8.57895
-16.047;21.0672;26.4827;101.813;8.43095
-15.9713;20.8371;26.2539;101.87;8.20084
-15.8021;20.6857;26.0309;102.026;8.04947
-15.7433;20.4443;25.8035;102.066;7.80804
-15.5595;20.2985;25.5759;102.239;7.66229
-15.4994;20.0527;25.3444;102.28;7.41644
-15.3391;19.8857;25.1143;102.428;7.24947
-15.2953;19.6518;24.9026;102.456;7.01552
-15.153;19.5014;24.6966;102.588;6.86517
-15.1294;19.2648;24.4955;102.596;6.62853
-14.9625;19.0648;24.2352;102.749;6.42857
-14.9426;18.8332;24.041;102.755;6.19699
-14.7914;18.6771;23.8248;102.897;6.04083
-14.7539;18.4142;23.5957;102.919;5.77794
-14.598;18.2327;23.3567;103.065;5.59644
-14.543;17.9869;23.1307;103.107;5.35069
-14.3665;17.8235;22.8926;103.274;5.18722
-14.2949;17.6026;22.6759;103.335;4.96638
-14.0825;17.4703;22.4395;103.541;4.8341
-13.9095;17.3208;22.2145;103.707;4.68459
-13.6645;17.2862;22.0348;103.95;4.64997
-13.4379;17.2633;21.8769;104.176;4.62707
-13.2428;17.3127;21.7969;104.373;4.6765
-13.0311;17.3267;21.68;104.585;4.69046
-12.8447;17.4306;21.6521;104.776;4.79439
-12.6455;17.5009;21.5914;104.978;4.86469
-12.488;17.6551;21.6253;105.142;5.01886
-12.2385;17.7026;21.5212;105.394;5.06636
-12.0652;17.8885;21.577;105.576;5.25221
-11.865;17.9733;21.5364;105.78;5.33708
-11.7223;18.1525;21.6085;105.932;5.51629
-11.495;18.237;21.5575;106.163;5.60078
-11.3263;18.402;21.6083;106.341;5.76579
-11.1237;18.4809;21.5703;106.547;5.84462
-10.98;18.6557;21.647;106.701;6.01941
-10.754;18.7406;21.6069;106.931;6.10437
-10.6089;18.8963;21.6707;107.085;6.26008
-10.3927;18.9706;21.6308;107.305;6.33435
-10.2508;19.1574;21.7275;107.458;6.52114
-10.0093;19.2446;21.6919;107.704;6.60832
-9.85966;19.4347;21.7926;107.865;6.79842
-9.63259;19.5133;21.7613;108.097;6.87704
-9.49594;19.7067;21.8753;108.246;7.07045
-9.28264;19.7829;21.8524;108.464;7.14662
-9.12943;19.9509;21.9405;108.628;7.31465
-8.90912;20.0213;21.914;108.852;7.38504
-8.73955;20.1738;21.9855;109.032;7.53751
-8.51357;20.2205;21.9397;109.261;7.58426
-8.33001;20.3688;22.0063;109.454;7.73258
-8.10751;20.4097;21.9611;109.679;7.77347
-7.93294;20.5422;22.0207;109.863;7.90592
-7.7251;20.59;21.9915;110.073;7.95377
-7.57839;20.759;22.0991;110.232;8.12279
-7.35236;20.8329;22.0923;110.463;8.1967
-7.19799;20.9981;22.1975;110.629;8.36183
-6.97532;21.0674;22.1921;110.856;8.43115
-6.81243;21.2421;22.3077;111.032;8.60581
-6.61812;21.3401;22.3428;111.234;8.70389
-6.48767;21.4919;22.4498;111.376;8.8557
-6.28864;21.5902;22.4874;111.582;8.95398
-6.14786;21.7604;22.6122;111.736;9.12413
-5.94745;21.8446;22.6398;111.943;9.20837
-5.80403;22.0192;22.7713;112.1;9.38295
-5.61387;22.117;22.8183;112.298;9.48075
-5.46836;22.2749;22.9363;112.456;9.63864
-5.26459;22.3703;22.9814;112.667;9.73406
-5.09974;22.548;23.1175;112.847;9.91172
-4.90719;22.6229;23.149;113.045;9.98665
-4.75921;22.7973;23.2888;113.208;10.1611
-4.5338;22.8856;23.3303;113.441;10.2493
-4.39307;23.0642;23.4788;113.597;10.4279
-4.18444;23.1647;23.5396;113.814;10.5285
-4.04343;23.3447;23.6923;113.971;10.7085
-3.83096;23.4356;23.7467;114.191;10.7994
-3.70421;23.6227;23.9114;114.335;10.9865
-3.51499;23.7271;23.986;114.534;11.0909
-3.39723;23.9269;24.1669;114.671;11.2907
-3.20577;24.05;24.2627;114.873;11.4137
-3.08254;24.2369;24.4321;115.015;11.6007
-2.91328;24.3639;24.5374;115.196;11.7276
-2.77344;24.5359;24.6922;115.353;11.8997
-2.60975;24.6781;24.8158;115.53;12.0419
-2.4917;24.8839;25.0083;115.669;12.2477
-2.30914;25.0098;25.1162;115.864;12.3736
-2.18282;25.1874;25.2818;116.009;12.5511
-1.99129;25.2708;25.3491;116.208;12.6346
-1.83391;25.448;25.514;116.384;12.8118
-1.65784;25.5471;25.6008;116.57;12.9108
-1.51931;25.7148;25.7597;116.726;13.0786
-1.32002;25.8002;25.834;116.934;13.164
-1.17985;25.9653;25.9921;117.092;13.3291
-0.964114;26.0424;26.0602;117.315;13.4061
-0.798884;26.17;26.1822;117.494;13.5338
-0.578362;26.2397;26.2461;117.721;13.6035
-0.396802;26.3302;26.3332;117.912;13.6939
-0.171225;26.3426;26.3431;118.137;13.7063
0.0355978;26.4455;26.4455;118.355;13.8092
0.273589;26.4195;26.4209;118.588;13.7833
0.483046;26.4622;26.4667;118.801;13.826
0.68154;26.4393;26.4481;118.995;13.8031
0.893712;26.4589;26.474;119.208;13.8227
1.1054;26.4378;26.4609;119.416;13.8016
1.30557;26.4378;26.47;119.615;13.8015
1.51307;26.401;26.4444;119.817;13.7648
1.71644;26.415;26.4707;120.021;13.7788
1.9293;26.3733;26.4438;120.227;13.7371
2.1375;26.3936;26.4801;120.436;13.7574
2.34326;26.3549;26.4588;120.636;13.7186
2.55566;26.3888;26.5123;120.851;13.7526
2.75876;26.3451;26.4891;121.048;13.7088
2.99825;26.4051;26.5748;121.293;13.7688
3.22064;26.3645;26.5605;121.509;13.7283
3.43236;26.41;26.6321;121.725;13.7738
3.62311;26.3683;26.616;121.91;13.732
3.85366;26.4449;26.7242;122.147;13.8087
4.07045;26.3935;26.7056;122.357;13.7573
4.29543;26.4761;26.8222;122.59;13.8398
4.51814;26.4508;26.834;122.808;13.8146
4.70946;26.5561;26.9704;123.01;13.9198
4.97118;26.5144;26.9764;123.266;13.8782
5.19842;26.5792;27.0828;123.499;13.9429
5.42054;26.5453;27.0931;123.716;13.9091
5.63152;26.5979;27.1875;123.931;13.9616
5.86866;26.5705;27.2109;124.164;13.9342
6.10948;26.5965;27.2892;124.406;13.9602
6.31134;26.59;27.3288;124.606;13.9537
6.52931;26.625;27.4139;124.826;13.9888
6.74505;26.5993;27.4411;125.038;13.963
6.9442;26.6403;27.5305;125.24;14.004
7.16283;26.6131;27.5602;125.454;13.9769
7.36803;26.6691;27.6682;125.665;14.0328
7.57682;26.6336;27.6904;125.868;13.9974
7.79029;26.7149;27.8276;126.089;14.0786
8.00832;26.6751;27.8512;126.302;14.0388
8.23652;26.7396;27.9793;126.536;14.1033
8.43886;26.7092;28.0106;126.733;14.0729
8.65868;26.8093;28.1728;126.963;14.173
8.87156;26.8305;28.2591;127.177;14.1942
9.05695;26.9004;28.3842;127.369;14.2642
9.26107;26.9271;28.4752;127.575;14.2909
9.45142;26.9911;28.598;127.771;14.3548
9.67559;27.0428;28.7216;128;14.4066
9.88344;27.0901;28.8367;128.211;14.4539
10.0715;27.1529;28.9606;128.405;14.5166
10.2657;27.189;29.0625;128.602;14.5528
10.4781;27.2505;29.1955;128.82;14.6142
10.6769;27.2897;29.304;129.022;14.6535
10.8797;27.3476;29.4323;129.23;14.7114
11.0962;27.3986;29.5602;129.451;14.7623
11.2804;27.4119;29.6422;129.636;14.7757
11.4644;27.5181;29.8107;129.831;14.8819
11.7081;27.5188;29.9059;130.073;14.8826
11.9353;27.6144;30.0833;130.31;14.9782
12.1471;27.6337;30.1857;130.522;14.9975
12.3471;27.7176;30.3433;130.731;15.0814
12.543;27.7306;30.4353;130.927;15.0943
12.7367;27.8369;30.6123;131.131;15.2006
12.9652;27.8662;30.7347;131.362;15.23
13.1583;27.9633;30.9045;131.565;15.327
13.3713;28.0094;31.0374;131.782;15.3732
13.553;28.113;31.2094;131.974;15.4768
13.7576;28.1588;31.3399;132.183;15.5225
13.9372;28.2814;31.5291;132.376;15.6452
14.1503;28.3546;31.6894;132.596;15.7184
14.3432;28.4629;31.8726;132.8;15.8267
14.5276;28.5162;32.0035;132.99;15.8799
14.7082;28.6261;32.1836;133.182;15.9898
14.9042;28.7164;32.3538;133.388;16.0801
15.0698;28.791;32.4964;133.561;16.1547
15.2686;28.8769;32.665;133.769;16.2406
15.4396;28.9788;32.8352;133.951;16.3425
15.626;29.05;32.986;134.145;16.4138
15.784;29.1839;33.1789;134.318;16.5477
15.9905;29.2458;33.3318;134.53;16.6095
16.1402;29.4089;33.5468;134.699;16.7727
16.3666;29.4904;33.7275;134.934;16.8541
16.5343;29.6203;33.9227;135.117;16.9841
16.702;29.723;34.0942;135.296;17.0868
16.874;29.8257;34.2681;135.48;17.1895
17.0476;29.9305;34.445;135.665;17.2942

17.2309;-29.9611;34.5626;135.861;17.4026
17.3485;-29.7503;34.4391;136.004;17.6134
17.5449;-29.6651;34.4651;136.21;17.6987
17.6628;-29.4433;34.3349;136.356;17.9204
17.8759;-29.3285;34.3469;136.582;18.0353
17.9997;-29.1443;34.2546;136.73;18.2194
18.1895;-29.0267;34.255;136.933;18.3371
18.2843;-28.8027;34.1161;137.058;18.5611
18.5073;-28.6745;34.1284;137.296;18.6892
18.6175;-28.4535;34.0032;137.435;18.9103
18.8412;-28.3334;34.026;137.673;19.0304
18.9437;-28.0985;33.8879;137.808;19.2653
19.1319;-27.9588;33.8781;138.013;19.4049
19.2059;-27.7234;33.7262;138.12;19.6404
19.364;-27.553;33.6769;138.301;19.8108
19.416;-27.328;33.5231;138.385;20.0358
19.5667;-27.1505;33.4665;138.56;20.2132
19.5995;-26.9098;33.2908;138.627;20.4539
19.7474;-26.7245;33.2289;138.801;20.6392
19.7562;-26.5009;33.0546;138.843;20.8629
19.921;-26.3086;32.9998;139.035;21.0551
19.9374;-26.0563;32.809;139.09;21.3075
20.0607;-25.864;32.7319;139.241;21.4997
20.0511;-25.6221;32.5352;139.269;21.7416
20.1781;-25.4071;32.445;139.428;21.9567
20.1796;-25.1748;32.2643;139.467;22.1889
20.3166;-24.9725;32.193;139.634;22.3912
20.3174;-24.7263;32.0029;139.675;22.6375
20.4626;-24.5077;31.9272;139.853;22.856
20.4633;-24.2712;31.7465;139.893;23.0925
20.6113;-24.0608;31.682;140.074;23.3029
20.6022;-23.8085;31.4848;140.107;23.5553
20.7435;-23.6043;31.4238;140.281;23.7595
20.7323;-23.3815;31.2493;140.308;23.9823
20.8811;-23.1764;31.1956;140.49;24.1873
20.8896;-22.9349;31.0223;140.54;24.4289
21.0148;-22.7427;30.9654;140.696;24.621
21.0222;-22.4933;30.7877;140.748;24.8704
21.1842;-22.2959;30.7551;140.942;25.0679
21.1917;-22.0481;30.5812;140.994;25.3156
21.3392;-21.8589;30.5479;141.173;25.5049
21.3565;-21.6035;30.3778;141.236;25.7602
21.5268;-21.3868;30.3447;141.443;25.9769
21.5395;-21.1422;30.1818;141.501;26.2215
21.6803;-20.9345;30.1378;141.678;26.4292
21.6874;-20.6975;29.9788;141.729;26.6663
21.8588;-20.5164;29.9789;141.932;26.8473
21.8953;-20.2863;29.8486;142.011;27.0775
22.0927;-20.1145;29.8778;142.238;27.2492
22.1271;-19.8847;29.7491;142.316;27.4791
22.3027;-19.683;29.746;142.527;27.6808
22.3761;-19.4775;29.6659;142.639;27.8862
22.5718;-19.3358;29.7213;142.859;28.028
22.6453;-19.1048;29.6277;142.976;28.2589
22.873;-18.9938;29.7311;143.222;28.37
22.9792;-18.7649;29.6676;143.371;28.5989
23.2093;-18.6521;29.7753;143.619;28.7116
23.3447;-18.4586;29.7606;143.791;28.9051
23.5725;-18.3742;29.8877;144.031;28.9896
23.7321;-18.2043;29.91;144.221;29.1594
23.9544;-18.12;30.0358;144.456;29.2438
24.0901;-17.9782;30.0591;144.618;29.3855
24.3358;-17.9422;30.235;144.866;29.4216
24.5202;-17.7759;30.2856;145.08;29.5879
24.7616;-17.7424;30.4619;145.323;29.6214
24.9507;-17.5864;30.5257;145.54;29.7774
25.2177;-17.6015;30.753;145.798;29.7623
25.4163;-17.465;30.8385;146.021;29.8988
25.6413;-17.47;31.0271;146.24;29.8937
25.8525;-17.3143;31.1149;146.479;30.0494
26.1098;-17.3131;31.3283;146.731;30.0506
26.3249;-17.164;31.4261;146.972;30.1998
26.5684;-17.1766;31.6372;147.207;30.1872
26.7915;-17.047;31.7551;147.452;30.3168
27.0233;-17.0459;31.9503;147.679;30.3179
27.2141;-16.897;32.0331;147.897;30.4667
27.4781;-16.8778;32.2475;148.159;30.486
27.6683;-16.7386;32.3375;148.374;30.6251
27.8908;-16.7031;32.5098;148.599;30.6607
28.071;-16.5569;32.59;148.805;30.8069
28.3118;-16.5346;32.7864;149.046;30.8291
28.5031;-16.3875;32.8782;149.263;30.9762
28.7252;-16.3838;33.0692;149.481;30.9799
28.9268;-16.2289;33.1683;149.711;31.1349
29.1746;-16.2148;33.3778;149.956;31.1489
29.371;-16.0897;33.4894;150.174;31.274
29.5709;-16.0348;33.6386;150.381;31.329
29.7632;-15.9842;33.7838;150.58;31.3795
29.951;-15.9265;33.9223;150.775;31.4372

-29.8563;-15.8862;33.8196;150.972;31.4776
-29.6809;-15.757;33.6042;151.171;31.6067
-29.4432;-15.7538;33.3929;151.404;31.61
-29.2454;-15.6142;33.1527;151.626;31.7496
-29.0094;-15.6132;32.9441;151.858;31.7506
-28.8105;-15.4651;32.6988;152.083;31.8987
-28.5842;-15.4671;32.5006;152.304;31.8966
-28.3812;-15.3075;32.2461;152.536;32.0563
-28.1404;-15.2847;32.0235;152.776;32.0791
-27.976;-15.1574;31.8183;152.964;32.2063
-27.7182;-15.1546;31.5905;153.216;32.2091
-27.4921;-15.006;31.3208;153.469;32.3577
-27.2569;-15.0215;31.1221;153.695;32.3422
-27.0338;-14.857;30.8474;153.948;32.5068
-26.8021;-14.8046;30.6191;154.185;32.5591
-26.6247;-14.6779;30.4025;154.386;32.6859
-26.412;-14.6312;30.1938;154.603;32.7326
-26.2256;-14.4654;29.9504;154.821;32.8983
-26.0039;-14.4178;29.7334;155.047;32.946
-25.8387;-14.2373;29.5015;155.247;33.1264
-25.6236;-14.1775;29.2843;155.47;33.1863
-25.4793;-13.9684;29.057;155.656;33.3954
-25.2628;-13.8744;28.822;155.888;33.4894
-25.1068;-13.6535;28.5792;156.087;33.7102
-24.9366;-13.5127;28.3624;156.284;33.851
-24.8635;-13.2866;28.1909;156.405;34.0772
-24.6778;-13.1388;27.9575;156.618;34.225
-24.6029;-12.9123;27.7854;156.741;34.4515
-24.4444;-12.7554;27.5722;156.93;34.6084
-24.3805;-12.5354;27.4143;157.041;34.8284
-24.2182;-12.375;27.1967;157.235;34.9888
-24.1983;-12.15;27.0773;157.304;35.2137
-24.0356;-11.9593;26.8465;157.506;35.4045
-24.009;-11.7282;26.7204;157.584;35.6356
-23.8288;-11.541;26.4765;157.802;35.8227
-23.7844;-11.313;26.3379;157.897;36.0508
-23.6563;-11.1351;26.1459;158.062;36.2287
-23.6301;-10.888;26.0179;158.144;36.4757
-23.4792;-10.7016;25.803;158.334;36.6621
-23.4265;-10.4685;25.6591;158.44;36.8953
-23.3285;-10.2834;25.4944;158.578;37.0804
-23.2715;-10.0746;25.3586;158.683;37.2892
-23.1498;-9.90634;25.1803;158.841;37.4574
-23.0935;-9.70633;25.0504;158.942;37.6574
-22.9386;-9.53822;24.8427;159.133;37.8255
-22.8971;-9.30251;24.7147;159.229;38.0612
-22.7346;-9.12591;24.4979;159.429;38.2378
-22.6784;-8.88516;24.3568;159.542;38.4786
-22.4738;-8.70184;24.0997;159.785;38.6619
-22.3901;-8.49602;23.9479;159.916;38.8677
-22.2103;-8.35002;23.7281;160.126;39.0137
-22.1229;-8.14401;23.5743;160.261;39.2197
-21.9444;-8.00347;23.3584;160.468;39.3603
-21.842;-7.83055;23.2032;160.61;39.5332
-21.6829;-7.72836;23.0191;160.789;39.6354
-21.5698;-7.52579;22.845;160.949;39.838
-21.3432;-7.41167;22.5935;161.197;39.9521
-21.2247;-7.2097;22.4158;161.362;40.1541
-21.0257;-7.09329;22.19;161.583;40.2705
-20.9177;-6.88797;22.0226;161.739;40.4758
-20.7314;-6.76339;21.8068;161.951;40.6004
-20.5989;-6.60553;21.6321;162.119;40.7582
-20.3915;-6.50792;21.4049;162.344;40.8558
-20.2677;-6.31671;21.2292;162.512;41.047
-20.0453;-6.20553;20.9839;162.755;41.1582
-19.9306;-6.02982;20.8227;162.911;41.3339
-19.715;-5.92197;20.5852;163.147;41.4418
-19.5861;-5.74114;20.4102;163.317;41.6226
-19.3876;-5.63803;20.1907;163.536;41.7257
-19.2603;-5.46726;20.0213;163.702;41.8965
-19.0518;-5.35162;19.7891;163.934;42.0121
-18.9252;-5.18678;19.6231;164.098;42.177
-18.6939;-5.11315;19.3805;164.341;42.2506
-18.5289;-4.95614;19.1803;164.541;42.4076
-18.2997;-4.86651;18.9357;164.785;42.4972
-18.1422;-4.73002;18.7487;164.972;42.6337
-17.9069;-4.69117;18.5112;165.21;42.6726
-17.7186;-4.55133;18.2938;165.428;42.8124
-17.4592;-4.56361;18.0458;165.675;42.8001
-17.2455;-4.47712;17.8171;165.904;42.8866
-17.0008;-4.559;17.6015;166.119;42.8048
-16.8122;-4.58231;17.4255;166.296;42.7814
-16.6283;-4.70334;17.2806;166.442;42.6604
-16.4222;-4.74615;17.0943;166.631;42.6176
-16.2551;-4.92382;16.9845;166.747;42.4399
-16.0617;-5.03322;16.8319;166.906;42.3305
-15.959;-5.19293;16.7826;166.965;42.1708
-15.7712;-5.31248;16.642;167.117;42.0513
-15.67;-5.54272;16.6214;167.157;41.821
-15.5058;-5.67758;16.5125;167.282;41.6862
-15.4375;-5.90975;16.53;167.291;41.454
-15.2867;-6.09631;16.4575;167.391;41.2674
-15.2189;-6.29736;16.4703;167.407;41.0664
-15.0914;-6.44971;16.4119;167.493;40.914
-15.0285;-6.65338;16.4355;167.505;40.7104
-14.87;-6.83381;16.3651;167.615;40.5299
-14.8078;-7.03093;16.3922;167.627;40.3328
-14.6786;-7.20002;16.3494;167.712;40.1637
-14.6376;-7.41269;16.4075;167.701;39.9511
-14.4865;-7.60343;16.3606;167.803;39.7603
-14.4479;-7.82245;16.4296;167.788;39.5413
-14.3235;-8.00019;16.4063;167.868;39.3636
-14.3103;-8.24302;16.5146;167.824;39.1207
-14.2225;-8.44061;16.5386;167.863;38.9231
-14.2299;-8.65277;16.6541;167.807;38.711
-14.1517;-8.85609;16.6944;167.836;38.5077
-14.1701;-9.09556;16.8381;167.763;38.2682
-14.0984;-9.29724;16.888;167.787;38.0665
-14.1368;-9.501;17.0328;167.704;37.8628
-14.0842;-9.7095;17.1067;167.708;37.6543
-14.1508;-9.93329;17.2892;167.593;37.4305
-14.1075;-10.1547;17.3822;167.586;37.209
-14.2013;-10.3783;17.5894;167.445;36.9855
-14.2257;-10.6082;17.7455;167.371;36.7555
-14.3589;-10.7856;17.9585;167.202;36.5782
-14.4113;-10.9909;18.1241;167.106;36.3729
-14.5937;-11.1357;18.357;166.896;36.2281
-14.6784;-11.3334;18.5446;166.771;36.0304
-14.8697;-11.4433;18.7631;166.56;35.9205
-15.001;-11.6269;18.9793;166.393;35.7369
-15.2208;-11.7164;19.208;166.159;35.6473
-15.3821;-11.8562;19.4211;165.971;35.5076
-15.5835;-11.9202;19.6198;165.761;35.4435
-15.7504;-12.0686;19.8425;165.566;35.2952
-15.9798;-12.122;20.0574;165.33;35.2417
-16.1482;-12.2677;20.2796;165.135;35.096
-16.386;-12.3133;20.4968;164.893;35.0505
-16.5543;-12.41;20.6894;164.708;34.9538
-16.7545;-12.46;20.8798;164.502;34.9037
-16.9448;-12.5705;21.0984;164.292;34.7933
-17.1377;-12.6543;21.3034;164.086;34.7094
-17.364;-12.7289;21.5299;163.849;34.6348
-17.5451;-12.8479;21.7462;163.647;34.5158
-17.7165;-12.9014;21.9162;163.468;34.4623
-17.8908;-13.0285;22.1319;163.271;34.3352
-18.0912;-13.0818;22.3254;163.064;34.282
-18.2594;-13.2154;22.54;162.871;34.1483
-18.4579;-13.282;22.7399;162.663;34.0818
-18.635;-13.3791;22.9404;162.47;33.9847
-18.8207;-13.4564;23.1364;162.272;33.9073
-19.0101;-13.5322;23.3346;162.071;33.8316
-19.1709;-13.624;23.5189;161.895;33.7397
-19.3635;-13.686;23.7118;161.693;33.6777
-19.5403;-13.7799;23.9105;161.501;33.5838
-19.7467;-13.8421;24.115;161.286;33.5217
-19.9059;-13.9219;24.2913;161.114;33.4418
-20.1031;-13.9435;24.4654;160.916;33.4203
-20.293;-14.0575;24.6864;160.707;33.3063
-20.5089;-14.0795;24.8767;160.491;33.2842
-20.6986;-14.2016;25.1021;160.28;33.1621
-20.9068;-14.2466;25.2994;160.067;33.1172
-21.0682;-14.3645;25.4992;159.885;32.9992
-21.2717;-14.4232;25.7005;159.674;32.9405
-21.4272;-14.5393;25.8943;159.498;32.8245
-21.6275;-14.5931;26.0903;159.291;32.7707
-21.7919;-14.7686;26.3248;159.094;32.5951
-21.9922;-14.8504;26.5367;158.881;32.5133
-22.1224;-15.0618;26.763;158.71;32.302
-22.3114;-15.1794;26.9854;158.501;32.1843
-22.4185;-15.3727;27.1829;158.357;31.9911
-22.572;-15.5102;27.3872;158.179;31.8536
-22.6543;-15.7398;27.5855;158.052;31.6239
-22.7967;-15.8907;27.7885;157.883;31.473
-22.8686;-16.0875;27.9603;157.773;31.2763
-22.9896;-16.2638;28.1608;157.62;31.1
-23.0378;-16.4713;28.3204;157.532;30.8925
-23.1428;-16.6522;28.5112;157.393;30.7115
-23.1569;-16.8577;28.643;157.339;30.506
-23.2661;-17.0581;28.8494;157.193;30.3057
-23.2925;-17.2775;29.0009;157.125;30.0862
-23.401;-17.4786;29.2081;156.981;29.8851
-23.4106;-17.7034;29.3507;156.928;29.6604
-23.514;-17.8975;29.5505;156.79;29.4662
-23.5424;-18.1355;29.7177;156.718;29.2282
-23.6011;-18.3218;29.8781;156.626;29.042
-23.6197;-18.5348;30.0238;156.568;28.829
-23.6762;-18.7254;30.1861;156.477;28.6384
-23.6872;-18.9124;30.3111;156.432;28.4513
-23.7323;-19.1012;30.4644;156.354;28.2626
-23.7628;-19.2936;30.6091;156.289;28.0701
-23.7619;-19.4979;30.7375;156.254;27.8659
-23.8099;-19.697;30.9012;156.171;27.6668
-23.785;-19.9012;31.0126;156.159;27.4626
-23.8482;-20.1118;31.1965;156.06;27.252
-23.8338;-20.3223;31.3217;156.038;27.0415
-23.8567;-20.5141;31.4638;155.982;26.8496
-23.8344;-20.719;31.581;155.969;26.6448
-23.8653;-20.9261;31.7404;155.903;26.4377
-23.8195;-21.1346;31.844;155.913;26.2292
-23.8482;-21.3608;32.016;155.847;26.0029
-23.7919;-21.5543;32.1036;155.87;25.8095
-23.8308;-21.7743;32.2805;155.796;25.5894
-23.75;-21.993;32.369;155.84;25.3708
-23.7867;-22.2325;32.559;155.765;25.1313
-23.6594;-22.4296;32.6014;155.859;24.9342
-23.6846;-22.6885;32.7983;155.793;24.6752
-23.609;-22.8702;32.8699;155.838;24.4935
-23.6528;-23.0932;33.0568;155.76;24.2706
-23.5761;-23.3269;33.1659;155.8;24.0368
-23.5824;-23.5422;33.3221;155.761;23.8216
-23.4874;-23.7423;33.3969;155.824;23.6215
-23.5091;-23.9774;33.5796;155.767;23.3864
-23.3977;-24.193;33.6564;155.845;23.1707
-23.4403;-24.4144;33.8454;155.77;22.9494
-23.3131;-24.6342;33.9167;155.864;22.7296
-23.3386;-24.8807;34.1136;155.803;22.4831
-23.2257;-25.0918;34.1911;155.884;22.272
-23.2665;-25.3514;34.4096;155.807;22.0124
-23.1311;-25.5732;34.4824;155.91;21.7906
-23.1163;-25.8012;34.6419;155.893;21.5626
-22.9879;-25.9928;34.6997;155.994;21.3709
-22.9853;-26.2328;34.8781;155.963;21.131
-22.8231;-26.4122;34.9069;156.1;20.9516
-22.7904;-26.6679;35.0796;156.098;20.6959
-22.654;-26.8524;35.1319;156.209;20.5114
-22.635;-27.0868;35.2992;156.197;20.277
-22.4677;-27.2728;35.3356;156.339;20.091
-22.4452;-27.4928;35.4914;156.333;19.871
-22.2631;-27.6681;35.513;156.492;19.6957
-22.2483;-27.9344;35.7116;156.473;19.4293
-22.0564;-28.1102;35.7305;156.642;19.2535
-21.9991;-28.3299;35.8684;156.672;19.0339
-21.8097;-28.4889;35.8787;156.841;18.8749
-21.7406;-28.7193;36.0201;156.882;18.6445
-21.5572;-28.8898;36.0463;157.044;18.4739
-21.5002;-29.0929;36.1754;157.077;18.2708
-21.3008;-29.2472;36.1818;157.257;18.1165
-21.2286;-29.4672;36.3177;157.303;17.8965
-21.0736;-29.6317;36.3612;157.439;17.732
-20.9459;-29.7982;36.4234;157.547;17.5655
-20.8102;-29.962;36.48;157.664;17.4017

-20.7001;29.8861;36.3548;157.756;17.2498
-20.6864;29.6557;36.1578;157.745;17.0195
-20.532;29.4643;35.9125;157.878;16.8281
-20.514;29.2435;35.7213;157.873;16.6073
-20.3582;29.0583;35.4801;158.008;16.422
-20.323;28.824;35.2682;158.019;16.1877
-20.1504;28.6653;35.0391;158.175;16.0291
-20.137;28.4146;34.8265;158.163;15.7783
-20.0149;28.2272;34.6031;158.266;15.591
-20.0017;27.9984;34.409;158.256;15.3621
-19.8499;27.8232;34.1782;158.39;15.1869
-19.8314;27.5853;33.974;158.386;14.9491
-19.689;27.3977;33.7385;158.51;14.7615
-19.6736;27.1535;33.5315;158.503;14.5172
-19.5284;26.9704;33.2981;158.631;14.3342
-19.5014;26.7328;33.09;158.637;14.0965
-19.3515;26.5484;32.8527;158.77;13.9121
-19.3361;26.3132;32.6538;158.765;13.677
-19.133;26.1383;32.3927;158.952;13.5021
-19.0999;25.8748;32.1608;158.963;13.2386
-18.9373;25.7098;31.9315;159.111;13.0736
-18.8924;25.46;31.7038;159.136;12.8237
-18.724;25.2738;31.4539;159.289;12.6375
-18.7001;25.0171;31.2338;159.292;12.3809
-18.5173;24.8516;30.9918;159.462;12.2153
-18.4753;24.6032;30.7677;159.485;11.9669
-18.2955;24.4291;30.5206;159.651;11.7929
-18.2289;24.187;30.287;159.7;11.5507
-18.0499;24.0081;30.0364;159.866;11.3719
-17.9881;23.7854;29.8214;159.912;11.1492
-17.7946;23.6283;29.5795;160.094;10.9921
-17.7301;23.3978;29.3567;160.142;10.7616
-17.5308;23.2425;29.1127;160.331;10.6063
-17.4591;23.0003;28.8762;160.387;10.3641
-17.2605;22.8521;28.6382;160.575;10.2159
-17.187;22.6112;28.4017;160.634;9.97491
-16.9997;22.4588;28.1671;160.811;9.82256
-16.928;22.2231;27.9361;160.868;9.58688
-16.728;22.1137;27.728;161.062;9.47744
-16.6366;21.8712;27.4795;161.139;9.23494
-16.4654;21.7266;27.2608;161.302;9.09034
-16.4038;21.4646;27.0151;161.349;8.82838
-16.2124;21.2913;26.7612;161.53;8.65507
-16.1532;21.0695;26.549;161.578;8.43325
-15.959;20.9071;26.302;161.763;8.27083
-15.9083;20.6694;26.0825;161.802;8.03312
-15.7318;20.5009;25.8414;161.97;7.86466
-15.677;20.2732;25.6275;162.014;7.63699
-15.4921;20.1139;25.3884;162.191;7.47764
-15.4566;19.8575;25.1639;162.215;7.22121
-15.2724;19.6834;24.9135;162.391;7.04717
-15.2135;19.4459;24.6899;162.44;6.80961
-15.0393;19.2917;24.4612;162.608;6.65544
-14.9886;19.0465;24.2369;162.648;6.41026
-14.8122;18.8679;23.9875;162.818;6.23165
-14.7598;18.63;23.7683;162.861;5.9938
-14.5779;18.4641;23.5253;163.037;5.82784
-14.4956;18.2444;23.3019;163.111;5.60819
-14.2886;18.0818;23.046;163.313;5.4456
-14.1823;17.8671;22.8117;163.412;5.23087
-13.9426;17.761;22.5799;163.648;5.12478
-13.7817;17.6369;22.3829;163.805;5.00066
-13.5048;17.6392;22.2154;164.082;5.00298
-13.3053;17.5022;21.9854;164.277;4.86599
-13.0506;17.5206;21.8469;164.533;4.88435
-12.869;17.6057;21.8076;164.717;4.96941
-12.6345;17.6272;21.6875;164.952;4.99093
-12.4463;17.7671;21.6928;165.144;5.13085
-12.2157;17.7976;21.5865;165.376;5.16131
-12.0399;17.9623;21.6242;165.556;5.32607
-11.8185;18.023;21.5524;165.78;5.38675
-11.6614;18.2075;21.6217;165.943;5.57121
-11.4539;18.2688;21.5625;166.152;5.63254
-11.3043;18.4515;21.639;166.308;5.81531
-11.0788;18.5074;21.57;166.535;5.8712
-10.9094;18.6995;21.6492;166.712;6.06327
-10.6945;18.7737;21.6061;166.929;6.13749
-10.55;18.9264;21.6682;167.079;6.29016
-10.3419;18.9993;21.6317;167.29;6.36306
-10.1822;19.1832;21.718;167.456;6.54694
-9.96433;19.2589;21.6839;167.677;6.62264
-9.82394;19.4379;21.7794;167.825;6.8017
-9.59252;19.5144;21.7446;168.059;6.87818
-9.42263;19.6894;21.8279;168.236;7.05314
-9.21416;19.7632;21.8056;168.447;7.12697
-9.07034;19.9222;21.8898;168.598;7.28595
-8.84475;19.995;21.8639;168.826;7.35873
-8.68757;20.1628;21.9548;168.991;7.52655
-8.4632;20.2256;21.9249;169.218;7.5894
-8.2701;20.3806;21.9946;169.418;7.74438
-8.07945;20.4612;21.9986;169.612;7.82499
-7.92574;20.5838;22.057;169.771;7.94757
-7.72959;20.6397;22.0396;169.97;8.00344
-7.56875;20.8026;22.1368;170.138;8.1664
-7.3491;20.8617;22.1183;170.36;8.22546
-7.1771;21.0255;22.2167;170.54;8.38926
-6.96002;21.1069;22.2248;170.761;8.47063
-6.81332;21.2925;22.356;170.917;8.65623
-6.59214;21.3719;22.3654;171.142;8.73563
-6.44493;21.5573;22.5001;171.298;8.92105
-6.24328;21.6288;22.5119;171.503;8.99257
-6.10111;21.8081;22.6455;171.655;9.17187
-5.89306;21.8796;22.6594;171.866;9.24338
-5.73215;22.0494;22.7823;172.036;9.41311
-5.54914;22.1197;22.8051;172.223;9.48344
-5.40596;22.3054;22.9511;172.376;9.66912
-5.19157;22.3807;22.9749;172.594;9.74442
-5.04556;22.5691;23.1263;172.751;9.9329
-4.82822;22.649;23.1579;172.972;10.0128
-4.70598;22.8335;23.3135;173.105;10.1973
-4.49487;22.9393;23.3755;173.322;10.303
-4.34793;23.1085;23.514;173.479;10.4722
-4.15947;23.1967;23.5667;173.673;10.5604
-4.0458;23.364;23.7117;173.796;10.7277
-3.82675;23.4751;23.7849;174.022;10.8388
-3.68343;23.6589;23.944;174.176;11.0227
-3.49348;23.7923;24.0474;174.374;11.1561
-3.37291;23.9689;24.2051;174.506;11.3327
-3.18892;24.0791;24.2893;174.697;11.4428
-3.07079;24.2671;24.4606;174.827;11.6308
-2.88331;24.4023;24.5721;175.023;11.7661
-2.75771;24.5728;24.7271;175.16;11.9366
-2.57961;24.6912;24.8256;175.346;12.0549
-2.46263;24.8648;24.9865;175.475;12.2286
-2.25234;24.9797;25.081;175.692;12.3434
-2.14362;25.1789;25.27;175.815;12.5427
-1.91092;25.3018;25.3738;176.056;12.6655
-1.77021;25.4567;25.5182;176.207;12.8205
-1.57236;25.577;25.6253;176.414;12.9408
-1.41723;25.7055;25.7445;176.578;13.0692
-1.22609;25.7878;25.8169;176.774;13.1516
-1.07393;25.9078;25.93;176.935;13.2716
-0.856338;25.9594;25.9735;177.156;13.3232
-0.685726;26.099;26.108;177.337;13.4627
-0.452487;26.1363;26.1402;177.572;13.5
-0.268202;26.2577;26.2591;177.765;13.6214
-0.0428637;26.2674;26.2675;177.99;13.6312
0.151416;26.3463;26.3468;178.19;13.7101
0.366265;26.3266;26.3292;178.403;13.6904
0.562327;26.4091;26.4151;178.605;13.7729
0.786844;26.3669;26.3786;178.825;13.7306
1.00435;26.4196;26.4387;179.046;13.7834
1.22128;26.3629;26.3911;179.258;13.7266
1.46111;26.4306;26.471;179.503;13.7944
1.67314;26.3661;26.4191;179.709;13.7298
1.89912;26.4207;26.4889;179.938;13.7845
2.11733;26.3684;26.4533;180.152;13.7321
2.3429;26.3863;26.4901;180.378;13.75
2.55042;26.3511;26.4742;180.583;13.7148
2.75898;26.427;26.5706;180.796;13.7908
2.99814;26.3754;26.5452;181.031;13.7391
3.22601;26.4247;26.6209;181.262;13.7885
3.43911;26.3916;26.6148;181.472;13.7554
3.65188;26.4481;26.699;181.688;13.8118
3.8683;26.4122;26.694;181.901;13.776
4.08811;26.4644;26.7783;182.124;13.8281
4.28654;26.4402;26.7854;182.32;13.804
4.49105;26.501;26.8789;182.529;13.8648
4.68209;26.4917;26.9022;182.719;13.8554
4.8832;26.534;26.9796;182.923;13.8978
5.06328;26.4999;26.9793;183.099;13.8637
5.28383;26.5686;27.0889;183.325;13.9323
5.49663;26.529;27.0925;183.534;13.8928
5.71103;26.595;27.2013;183.753;13.9588
5.91627;26.5294;27.1811;183.952;13.8932
6.14457;26.6386;27.338;184.188;14.0023
6.38935;26.5877;27.3446;184.428;13.9514
6.58311;26.6345;27.436;184.625;13.9983
6.79222;26.6114;27.4646;184.832;13.9752
6.99017;26.659;27.5602;185.033;14.0227
7.19764;26.6302;27.5858;185.238;13.994
7.40932;26.6823;27.6919;185.453;14.046
7.62386;26.6586;27.7273;185.665;14.0223
7.82928;26.7311;27.8541;185.875;14.0949
8.05289;26.711;27.8985;186.097;14.0747
8.24959;26.8028;28.0437;186.3;14.1666
8.47565;26.7671;28.0769;186.522;14.1308
8.69064;26.8367;28.2088;186.742;14.2005
8.89655;26.8526;28.288;186.948;14.2164
9.08606;26.9281;28.4197;187.143;14.2918
9.29184;26.9407;28.4981;187.349;14.3044
9.44635;27.0436;28.646;187.511;14.4074
9.68124;27.0543;28.7343;187.746;14.4181
9.90784;27.1563;28.9073;187.98;14.5201
10.135;27.1603;28.9897;188.207;14.5241
10.3486;27.2479;29.1469;188.427;14.6117
10.5591;27.2569;29.2307;188.637;14.6207
10.7695;27.3376;29.3824;188.853;14.7013
10.9733;27.3526;29.4717;189.058;14.7164
11.1661;27.4186;29.6051;189.255;14.7823
11.3575;27.4389;29.6965;189.447;14.8027
11.5486;27.5149;29.8403;189.644;14.8787
11.7566;27.5496;29.9533;189.854;14.9134
11.954;27.619;30.095;190.056;14.9828
12.1595;27.6592;30.214;190.264;15.023
12.3817;27.7296;30.3684;190.491;15.0934
12.5797;27.7475;30.4659;190.69;15.1112
12.77;27.8527;30.6406;190.888;15.2165
12.9736;27.8891;30.759;191.094;15.2529
13.1484;27.9941;30.9282;191.277;15.3579
13.354;28.0424;31.0597;191.485;15.4061
13.5047;28.1349;31.2082;191.643;15.4987
13.7083;28.1796;31.337;191.85;15.5434
13.8698;28.2985;31.5147;192.02;15.6623
14.0825;28.3372;31.6436;192.235;15.701
14.2457;28.4557;31.8225;192.408;15.8195
14.4692;28.5019;31.9643;192.634;15.8657
14.6339;28.6457;32.1671;192.81;16.0094
14.8512;28.6764;32.2939;193.029;16.0402
15.0356;28.8286;32.514;193.226;16.1924
15.2463;28.8778;32.6555;193.44;16.2416
15.4215;29.0209;32.8639;193.627;16.3847
15.6384;29.0916;33.0284;193.849;16.4553
15.8071;29.2175;33.2194;194.028;16.5813
15.9779;29.2906;33.3652;194.204;16.6544
16.1407;29.4202;33.557;194.377;16.784
16.3295;29.4888;33.7082;194.571;16.8526
16.5186;29.5991;33.8964;194.769;16.9628
16.68;29.7068;34.0692;194.939;17.0705
16.8495;29.806;34.2389;195.117;17.1698
17.0152;29.9038;34.4057;195.291;17.2675

17.186;-29.9929;34.5679;195.47;17.3708
17.2991;-29.7969;34.4545;195.6;17.5669
17.4906;-29.6766;34.4473;195.802;17.6872
17.6097;-29.4871;34.3452;195.937;17.8767
