#1 AntPos X;#2 AntPos Y;#3 Distance form nest;#4 Total Distance;#5 Total Y Distance
-3.40641;-21.707;21.9726;0.18823;0.137268
-3.5228;-21.5711;21.8569;0.367011;0.273099
-3.66039;-21.4351;21.7454;0.560266;0.409125
-3.80318;-21.2933;21.6303;0.761401;0.550924
-3.93027;-21.1265;21.489;0.970085;0.717707
-4.05179;-20.9693;21.3572;1.16828;0.874945
-4.1665;-20.8288;21.2414;1.34954;1.01545
-4.27952;-20.6888;21.1268;1.52934;1.15545
-4.4048;-20.5294;20.9967;1.73185;1.31481
-4.54621;-20.3733;20.8743;1.94246;1.47099
-4.67662;-20.2151;20.749;2.14742;1.62917
-4.80591;-20.0691;20.6365;2.34242;1.77517
-4.93841;-19.9181;20.5212;2.54327;1.92613
-5.06381;-19.7679;20.4062;2.73891;2.07632
-5.17113;-19.6305;20.3001;2.91311;2.21377
-5.29245;-19.4731;20.1795;3.11159;2.37116
-5.41309;-19.309;20.0534;3.3148;2.53528
-5.53835;-19.1464;19.9314;3.51982;2.69782
-5.69095;-19.0131;19.8465;3.72017;2.83115
-5.84107;-18.8818;19.7647;3.91755;2.96241
-5.97457;-18.7434;19.6726;4.10962;3.10087
-6.11183;-18.6027;19.581;4.30582;3.24149
-6.22706;-18.4454;19.4682;4.50013;3.39882
-6.36308;-18.2917;19.3668;4.70542;3.55258
-6.49509;-18.1409;19.2685;4.90584;3.70339
-6.63812;-17.9995;19.1846;5.10636;3.84473
-6.78486;-17.8698;19.1145;5.30066;3.97445
-6.92827;-17.7374;19.0425;5.49486;4.10685
-7.08582;-17.6093;18.9815;5.69537;4.23496
-7.23162;-17.4803;18.9171;5.8888;4.36392
-7.38146;-17.3481;18.8532;6.08742;4.49612
-7.53273;-17.2151;18.791;6.28767;4.62912
-7.68091;-17.084;18.7312;6.48453;4.76026
-7.84425;-16.9533;18.6801;6.69147;4.89097
-8.00348;-16.807;18.6154;6.90705;5.03721
-8.15364;-16.6686;18.5559;7.11079;5.17568
-8.30025;-16.5336;18.5001;7.3096;5.31068
-8.44735;-16.3979;18.4458;7.50924;5.44633
-8.60317;-16.256;18.3922;7.71946;5.58825
-8.73854;-16.1141;18.3311;7.91554;5.7301
-8.85754;-15.9753;18.2665;8.09815;5.86894
-8.97384;-15.8202;18.1881;8.29075;6.02408
-9.11974;-15.6565;18.1189;8.5099;6.18772
-9.23176;-15.5128;18.0519;8.69135;6.33148
-9.34883;-15.3426;17.9666;8.89552;6.5016
-9.46504;-15.1708;17.8813;9.10049;6.67344
-9.58174;-15.0225;17.8181;9.28859;6.82172
-9.70441;-14.8686;17.7553;9.48488;6.97562
-9.8274;-14.7099;17.6907;9.68493;7.1343
-9.94315;-14.5566;17.6284;9.87618;7.28764
-10.0585;-14.3817;17.5501;10.0832;7.46253
-10.1526;-14.2296;17.4802;10.259;7.6146
-10.2572;-14.0537;17.3987;10.4598;7.79058
-10.3461;-13.8801;17.3118;10.6485;7.96416
-10.433;-13.6838;17.2073;10.8532;8.16048
-10.5112;-13.5214;17.1264;11.027;8.32286
-10.607;-13.3364;17.0401;11.2296;8.50789
-10.6803;-13.1487;16.9398;11.4198;8.69556
-10.6828;-12.9621;16.797;11.5641;8.88213
-10.63;-12.7617;16.609;11.6855;9.08252
-10.5826;-12.5676;16.4297;11.8076;9.27663
-10.5311;-12.3682;16.2443;11.9335;9.47604
-10.48;-12.1685;16.0594;12.0621;9.67574
-10.4312;-11.9766;15.8824;12.1879;9.86763
-10.375;-11.7893;15.7044;12.3075;10.0549
-10.318;-11.5982;15.5235;12.4318;10.246
-10.266;-11.4063;15.3458;12.5614;10.438
-10.2149;-11.2134;15.1685;12.6941;10.6309
-10.1701;-11.0195;14.9954;12.8328;10.8247
-10.135;-10.8174;14.8235;12.9851;11.0268
-10.1139;-10.5836;14.6391;13.1733;11.2606
-10.098;-10.3807;14.482;13.3391;11.4636
-10.0603;-10.196;14.3237;13.4792;11.6483
-10.0111;-10.0045;14.1531;13.6205;11.8398
-9.96416;-9.83242;13.9986;13.7475;12.0118
-9.91883;-9.63295;13.8267;13.9004;12.2113
-9.87214;-9.43897;13.6584;14.0491;12.4053
-9.82676;-9.23719;13.4867;14.2067;12.6071
-9.78362;-9.04154;13.3217;14.361;12.8027
-9.75702;-8.85344;13.1751;14.517;12.9908
-9.7401;-8.6654;13.0368;14.6781;13.1788
-9.73255;-8.46547;12.8991;14.8546;13.3788
-9.7739;-8.26125;12.7976;15.0565;13.583
-9.87907;-8.08486;12.7656;15.2611;13.7594
-9.98907;-7.90791;12.7403;15.4682;13.9363
-10.0782;-7.73247;12.7028;15.6649;14.1118
-10.1638;-7.54795;12.66;15.8683;14.2963
-10.2478;-7.36743;12.6213;16.0674;14.4768
-10.3337;-7.17732;12.5817;16.2759;14.6669
-10.4168;-6.99846;12.5495;16.4732;14.8458
-10.5003;-6.81647;12.5188;16.6734;15.0278
-10.5899;-6.62422;12.491;16.8855;15.22
-10.6789;-6.44996;12.4756;17.0811;15.3943
-10.772;-6.27657;12.4672;17.2777;15.5677
-10.9009;-6.11229;12.4976;17.4816;15.7319
-11.0535;-5.94865;12.5526;17.6956;15.8956
-11.2609;-5.89244;12.7094;17.838;15.9518
-11.4704;-5.90367;12.9005;17.9227;15.9406
-11.6709;-5.96451;13.1067;17.9614;15.8797
-11.8827;-6.04924;13.3338;17.9869;15.795
-12.0607;-6.15657;13.5412;17.979;15.6877
-12.2073;-6.2455;13.7122;17.9739;15.5987
-12.3475;-6.38342;13.8999;17.9248;15.4608
-12.4987;-6.50389;14.0896;17.8984;15.3404
-12.6492;-6.63358;14.2831;17.8659;15.2107
-12.7932;-6.7595;14.4692;17.8353;15.0847
-12.921;-6.92685;14.6606;17.763;14.9174
-13.0561;-7.06513;14.8451;17.7212;14.7791
-13.1572;-7.24374;15.0195;17.629;14.6005
-13.2569;-7.42161;15.193;17.5385;14.4226
-13.3917;-7.57678;15.3866;17.4887;14.2675
-13.5865;-7.705;15.6193;17.4984;14.1392
-13.787;-7.74654;15.8143;17.5839;14.0977
-13.9799;-7.75107;15.9849;17.6962;14.0932
-14.1781;-7.73373;16.1502;17.8305;14.1105
-14.3645;-7.5894;16.2461;18.0588;14.2548
-14.515;-7.45037;16.3155;18.261;14.3939
-14.65;-7.29666;16.3666;18.4652;14.5476
-14.7722;-7.13056;16.4032;18.6713;14.7137
-14.8867;-6.96656;16.4361;18.871;14.8777
-14.9995;-6.79064;16.4651;19.0792;15.0536
-15.0977;-6.61841;16.4847;19.2754;15.2258
-15.1813;-6.45567;16.4969;19.4552;15.3886
-15.2757;-6.28215;16.517;19.6503;15.5621
-15.3648;-6.0996;16.5313;19.8493;15.7446
-15.4543;-5.91782;16.5486;20.048;15.9264
-15.5405;-5.73699;16.5656;20.244;16.1073
-15.6384;-5.5541;16.5954;20.4489;16.2901
-15.7125;-5.37768;16.6073;20.6343;16.4666
-15.7953;-5.19007;16.6261;20.8339;16.6542
-15.8807;-4.98226;16.6439;21.0515;16.862
-15.9498;-4.81867;16.6618;21.2239;17.0256
-16.022;-4.64446;16.6816;21.4068;17.1998
-16.1168;-4.46533;16.7239;21.6072;17.3789
-16.2474;-4.32595;16.8134;21.7969;17.5183
-16.3834;-4.19888;16.9129;21.98;17.6454
-16.5767;-4.12371;17.0819;22.1559;17.7205
-16.7489;-4.03463;17.228;22.3306;17.8096
-16.9791;-4.03481;17.4519;22.4701;17.8094
-17.1985;-4.05634;17.6704;22.5876;17.7879
-17.3836;-4.08866;17.858;22.6769;17.7556
-17.5698;-4.1387;18.0507;22.7542;17.7055
-17.7573;-4.22886;18.2539;22.8027;17.6154
-17.9241;-4.34258;18.4426;22.8216;17.5017
-18.0909;-4.47815;18.6369;22.8257;17.3661
-18.2435;-4.61042;18.817;22.825;17.2338
-18.3971;-4.74421;18.9989;22.8256;17.1
-18.5487;-4.87473;19.1785;22.8291;16.9695
-18.7047;-4.99888;19.3612;22.8421;16.8454
-18.8636;-5.12627;19.5478;22.8564;16.718
-19.0154;-5.27741;19.7342;22.8504;16.5668
-19.1604;-5.41545;19.911;22.851;16.4288
-19.32;-5.54502;20.1;22.8697;16.2992
-19.4783;-5.66999;20.2867;22.8925;16.1743
-19.6345;-5.79825;20.4728;22.9134;16.046
-19.789;-5.92533;20.657;22.9355;15.9189
-19.9417;-6.05478;20.8406;22.9564;15.7895
-20.0897;-6.17324;21.0168;22.9832;15.671
-20.2473;-6.29491;21.2033;23.0164;15.5493
-20.4125;-6.41292;21.3962;23.0593;15.4313
-20.588;-6.53511;21.6003;23.1089;15.3091
-20.7462;-6.66318;21.79;23.1434;15.1811
-20.8812;-6.78596;21.9562;23.1655;15.0583
-21.0152;-6.91696;22.1243;23.1829;14.9273
-21.1545;-7.05792;22.3009;23.1996;14.7863
-21.2879;-7.20095;22.4729;23.212;14.6433
-21.4253;-7.36285;22.6551;23.2174;14.4814
-21.5558;-7.50394;22.8246;23.2322;14.3403
-21.6923;-7.64986;23.0016;23.2504;14.1944
-21.8221;-7.78902;23.1705;23.269;14.0552
-21.957;-7.93122;23.3455;23.2914;13.913
-22.0805;-8.0956;23.5178;23.2932;13.7486
-22.2004;-8.24799;23.6831;23.3009;13.5963
-22.3172;-8.39812;23.845;23.3088;13.4461
-22.4461;-8.56631;24.0251;23.3181;13.2779
-22.5669;-8.74214;24.201;23.3183;13.1021
-22.6859;-8.91691;24.3755;23.3195;12.9273
-22.8052;-9.08675;24.5489;23.3256;12.7575
-22.9171;-9.25769;24.7163;23.3266;12.5866
-23.0139;-9.43726;24.8737;23.3121;12.407
-23.1028;-9.62024;25.0258;23.2909;12.224
-23.1958;-9.79889;25.1806;23.2771;12.0454
-23.2883;-9.96688;25.3315;23.2702;11.8774
-23.3672;-10.1452;25.4745;23.2478;11.6991
-23.4397;-10.3601;25.6271;23.2033;11.4842
-23.5123;-10.5525;25.7718;23.1721;11.2918
-23.5748;-10.7321;25.9027;23.1399;11.1122
-23.6366;-10.921;26.0377;23.1043;10.9232
-23.6989;-11.114;26.1755;23.0687;10.7303
-23.759;-11.299;26.3089;23.0367;10.5453
-23.7975;-11.4782;26.421;22.9896;10.366
-23.8607;-11.6752;26.564;22.9581;10.169
-23.9453;-11.8782;26.7295;22.945;9.96607
-24.0393;-12.0559;26.893;22.9534;9.78832
-24.1482;-12.2632;27.0836;22.9647;9.58103
-24.2322;-12.4555;27.2459;22.9618;9.38878
-24.3123;-12.637;27.4004;22.9615;9.20721
-24.366;-12.8412;27.5427;22.9298;9.00301
-24.4368;-13.03;27.6937;22.9217;8.81426
-24.537;-13.2158;27.8698;22.9436;8.6284
-24.6434;-13.3868;28.0447;22.9788;8.45744
-24.7757;-13.5477;28.2378;23.0434;8.29656
-24.909;-13.6994;28.4277;23.114;8.14486
-25.0451;-13.8472;28.6182;23.19;7.99706
-25.2059;-13.9749;28.8207;23.2975;7.86937
-25.364;-14.096;29.0177;23.4061;7.74826
-25.5352;-14.2183;29.2269;23.5278;7.62591
-25.6994;-14.3439;29.4314;23.643;7.50038
-25.8697;-14.4516;29.6326;23.7709;7.39263
-26.0396;-14.5509;29.8293;23.9019;7.29336
-26.2322;-14.6589;30.0502;24.0529;7.18532
-26.4353;-14.7489;30.2713;24.2203;7.09534
-26.6311;-14.8235;30.4786;24.3859;7.02079
-26.8121;-14.8813;30.665;24.5429;6.96293
-26.9912;-14.9424;30.8512;24.6976;6.90188
-27.1857;-15.0017;31.0502;24.868;6.84259
-27.3784;-15.0624;31.2482;25.0368;6.78185
-27.5616;-15.1286;31.4406;25.1954;6.71565
-27.7503;-15.1994;31.6402;25.3588;6.64489
-27.9498;-15.2901;31.8587;25.5279;6.55409
-28.1467;-15.3596;32.0648;25.7006;6.4846
-28.335;-15.4228;32.2604;25.8671;6.42149
-28.5253;-15.4803;32.4551;26.0373;6.36392
-28.7174;-15.5311;32.6482;26.2114;6.31313
-28.9161;-15.5829;32.8477;26.392;6.2613
-29.1059;-15.6251;33.0348;26.5665;6.21916
-29.2966;-15.6775;33.2276;26.7398;6.16678
-29.486;-15.7624;33.4347;26.9048;6.08185
-29.6629;-15.8252;33.6203;27.0632;6.01904
-29.8561;-15.8899;33.8213;27.2373;5.95434

29.9666;-15.9499;33.947;27.3974;5.89437
29.7776;-16.011;33.8091;27.569;5.83329
29.5791;-16.0722;33.6635;27.7503;5.77209
29.3849;-16.1196;33.5158;27.9305;5.72468
29.1902;-16.1623;33.366;28.1124;5.68195
28.9883;-16.217;33.2161;28.2992;5.62727
28.8019;-16.2849;33.087;28.4685;5.55934
28.6187;-16.355;32.9623;28.6348;5.48927
28.4356;-16.4386;32.8453;28.7987;5.40562
28.2623;-16.5351;32.744;28.9511;5.30913
28.0629;-16.6204;32.6154;29.1317;5.22389
27.8691;-16.6885;32.4837;29.3103;5.15571
27.6855;-16.7582;32.3624;29.4789;5.08606
27.497;-16.825;32.2361;29.6533;5.01928
27.3012;-16.8978;32.1074;29.8341;4.94649
27.1141;-16.9657;31.9845;30.0075;4.87852
26.9242;-17.0304;31.8582;30.1845;4.81386
26.7432;-17.0922;31.7386;30.3535;4.75204
26.5689;-17.1543;31.6255;30.516;4.68999
26.3648;-17.2132;31.4864;30.7088;4.63108
26.1972;-17.2701;31.3776;30.8659;4.57412
26.0059;-17.3294;31.2508;31.0466;4.51482
25.8116;-17.3896;31.1229;31.2301;4.45468
25.6329;-17.4327;30.9991;31.4009;4.41151
25.4295;-17.4741;30.8546;31.5966;4.3701
25.2354;-17.5296;30.7264;31.7812;4.31467
25.0409;-17.5754;30.5932;31.9678;4.26881
24.8607;-17.6139;30.4681;32.1413;4.23037
24.6702;-17.6642;30.3421;32.3236;4.18005
24.4896;-17.6946;30.2132;32.4988;4.14968
24.3048;-17.7611;30.1028;32.6737;4.0831
24.1322;-17.8376;30.009;32.8356;4.00662
23.9586;-17.9262;29.9227;32.9972;3.91801
23.7851;-18.0215;29.8413;33.1584;3.82276
23.6045;-18.1194;29.757;33.3268;3.72486
23.4396;-18.2453;29.7037;33.4768;3.5989
23.2837;-18.3781;29.6629;33.6178;3.46611
23.1332;-18.5088;29.6263;33.7544;3.33549
22.9795;-18.6453;29.5923;33.8942;3.19889
22.8327;-18.7881;29.569;34.0272;3.05609
22.6948;-18.9313;29.5541;34.152;2.91299
22.5525;-19.0655;29.5315;34.2827;2.77869
22.4298;-19.199;29.5245;34.3944;2.64528
22.3139;-19.3614;29.5427;34.498;2.48286
22.2051;-19.5355;29.5754;34.5944;2.30879
22.1173;-19.7134;29.6276;34.6706;2.13086
22.0321;-19.8961;29.6861;34.745;1.94819
21.9442;-20.0727;29.7399;34.8233;1.77154
21.8628;-20.2523;29.8016;34.896;1.59198
21.7813;-20.4308;29.8638;34.9696;1.41345
21.7047;-20.6143;29.934;35.0393;1.22991
21.6243;-20.8031;30.0063;35.1135;1.04119
21.5593;-21.0011;30.0973;35.1732;0.843107
21.4899;-21.2055;30.1909;35.2383;0.638708
21.4275;-21.3967;30.2813;35.2977;0.44753
21.3526;-21.6024;30.3743;35.3706;0.241826
21.2763;-21.7746;30.4436;35.4461;0.0696386
21.1998;-21.9724;30.5322;35.5228;-0.12815
21.1302;-22.1622;30.621;35.5936;-0.317989
21.0607;-22.3614;30.7178;35.6655;-0.517149
21.0058;-22.5517;30.8192;35.7236;-0.707465
20.9418;-22.7512;30.9221;35.7921;-0.906981
20.8617;-22.9524;31.0166;35.8778;-1.10821
20.7869;-23.1489;31.1121;35.9592;-1.30461
20.7218;-23.3187;31.1954;36.0308;-1.47442
20.6406;-23.5019;31.279;36.1198;-1.65766
20.5625;-23.6726;31.3562;36.206;-1.82833
20.504;-23.8633;31.4623;36.2746;-2.0191
20.4616;-24.0593;31.5836;36.3284;-2.21501
20.4179;-24.2625;31.7105;36.385;-2.41823
20.3757;-24.4634;31.8375;36.4409;-2.61917
20.3305;-24.6673;31.9657;36.5012;-2.82306
20.28;-24.8642;32.0859;36.5673;-3.01995
20.2233;-25.0659;32.2069;36.6409;-3.22167
20.1739;-25.2624;32.3292;36.708;-3.41817
20.1301;-25.4533;32.4514;36.7698;-3.60905
20.061;-25.6509;32.564;36.8585;-3.80668
20.0006;-25.8473;32.6819;36.9393;-4.00306
19.9397;-26.0283;32.7882;37.0199;-4.18408
19.8783;-26.2291;32.9106;37.1041;-4.38483
19.8162;-26.424;33.0289;37.1893;-4.57976
19.7411;-26.6046;33.1288;37.2864;-4.76032
19.6639;-26.8003;33.2404;37.3884;-4.9561
19.6037;-26.9848;33.3539;37.473;-5.14055
19.5459;-27.1665;33.4673;37.5555;-5.32224
19.5142;-27.3622;33.6079;37.6151;-5.51794
19.4706;-27.5557;33.7405;37.6871;-5.7115
19.4093;-27.7524;33.8662;37.778;-5.90818
19.3303;-27.9372;33.9728;37.8853;-6.093
19.236;-28.1141;34.0651;38.0071;-6.26989
19.1352;-28.2719;34.1388;38.1328;-6.42768
18.9366;-28.3664;34.1064;38.3445;-6.52215
18.8043;-28.5527;34.1886;38.507;-6.70846
18.6537;-28.6959;34.226;38.6804;-6.85169
18.455;-28.7893;34.1966;38.8925;-6.94503
18.2786;-28.8943;34.1905;39.0849;-7.05009
18.1268;-29.0213;34.2172;39.2572;-7.17703
17.9924;-29.1609;34.2649;39.415;-7.31661
17.855;-29.3017;34.3131;39.5764;-7.45748
17.7126;-29.4467;34.3634;39.7437;-7.60245
17.5681;-29.5839;34.407;39.912;-7.73968
17.4285;-29.7125;34.4468;40.0739;-7.86824
17.2798;-29.8466;34.4878;40.2462;-8.00234
17.1328;-29.9684;34.5202;40.4145;-8.12421

16.9778;29.9039;34.3873;40.5922;-8.25185
16.82;29.7834;34.2047;40.7713;-8.3724
16.6594;29.6652;34.0229;40.9528;-8.49057
16.496;29.5437;33.8371;41.1379;-8.61206
16.3534;29.428;33.6667;41.3017;-8.72771
16.1962;29.3058;33.4835;41.4812;-8.85
16.0274;29.2152;33.3228;41.6655;-8.94054
15.8378;29.1396;33.1655;41.867;-9.01615
15.6461;29.0765;33.0188;42.0677;-9.07929
15.4627;29.0211;32.8834;42.2588;-9.1347
15.2908;28.9396;32.7308;42.4443;-9.21615
15.1091;28.8287;32.5481;42.6457;-9.3271
14.9134;28.7163;32.3579;42.8613;-9.43944
14.7432;28.62;32.1942;43.0486;-9.53577
14.5564;28.5511;32.0477;43.246;-9.60463
14.3708;28.4796;31.9;43.4429;-9.67618
14.1774;28.4139;31.7545;43.6461;-9.74184
13.989;28.2988;31.5676;43.8555;-9.857
13.8092;28.1972;31.3971;44.0535;-9.95854
13.6559;28.1206;31.2611;44.2202;-10.0351
13.4731;28.0478;31.116;44.4148;-10.108
13.2568;27.9624;30.9457;44.6448;-10.1934
13.0701;27.8921;30.8025;44.8427;-10.2637
12.8895;27.81;30.6518;45.0373;-10.3457
12.6942;27.7385;30.5051;45.2438;-10.4173
12.5014;27.689;30.3803;45.4429;-10.4668
12.3063;27.6437;30.2592;45.6431;-10.512
12.0969;27.5905;30.1259;45.8591;-10.5653
11.8975;27.557;30.0156;46.0609;-10.5988
11.7125;27.5312;29.9191;46.2468;-10.6245
11.5152;27.5061;29.8192;46.4447;-10.6497
11.3156;27.4841;29.7224;46.644;-10.6716
11.109;27.4555;29.6178;46.8517;-10.7003
10.8987;27.3973;29.4854;47.0697;-10.7585
10.7072;27.3419;29.3637;47.2687;-10.8138
10.5019;27.2669;29.2194;47.4858;-10.8889
10.3249;27.1956;29.0896;47.6744;-10.9602
10.137;27.1248;28.9571;47.8736;-11.031
9.94562;27.0644;28.8339;48.0737;-11.0914
9.74674;27.0107;28.7155;48.2796;-11.145
9.53139;26.9736;28.6081;48.4977;-11.1822
9.33425;26.9369;28.5083;48.698;-11.2189
9.1301;26.9038;28.4108;48.9043;-11.252
8.93062;26.8663;28.3118;49.1071;-11.2894
8.73832;26.8378;28.2246;49.3008;-11.3179
8.54172;26.8056;28.1336;49.4995;-11.3502
8.34167;26.7784;28.0476;49.7005;-11.3773
8.14336;26.7507;27.9627;49.8999;-11.4051
7.95589;26.7169;27.8763;50.0901;-11.4389
7.75845;26.6836;27.7886;50.2899;-11.4722
7.54721;26.6754;27.7225;50.4975;-11.4804
7.35683;26.6508;27.6476;50.6885;-11.5049
7.15154;26.6158;27.5598;50.8964;-11.54
6.97229;26.5899;27.4888;51.0768;-11.5659
6.75935;26.5721;27.4184;51.2883;-11.5836
6.56016;26.5633;27.3614;51.4843;-11.5924
6.38051;26.5773;27.3324;51.6562;-11.5785
6.18267;26.5897;27.299;51.8463;-11.5661
5.98027;26.615;27.2786;52.038;-11.5408
5.78251;26.6206;27.2414;52.2296;-11.5351
5.57878;26.6019;27.1806;52.4324;-11.5539
5.38288;26.5755;27.1152;52.6293;-11.5802
5.19781;26.5439;27.048;52.8168;-11.6119
4.98322;26.5084;26.9727;53.034;-11.6474
4.77988;26.4804;26.9083;53.2385;-11.6754
4.59877;26.4458;26.8427;53.4228;-11.71
4.39114;26.4401;26.8023;53.6266;-11.7157
4.19166;26.437;26.7673;53.822;-11.7187
4.00225;26.4263;26.7277;54.0092;-11.7294
3.80344;26.4206;26.6929;54.2045;-11.7352
3.6052;26.406;26.651;54.4012;-11.7498
3.41279;26.3815;26.6013;54.5944;-11.7743
3.18692;26.3302;26.5223;54.826;-11.8256
2.98549;26.3085;26.4774;55.0274;-11.8472
2.78609;26.291;26.4382;55.2259;-11.8648
2.57033;26.3143;26.4395;55.4316;-11.8415
2.37452;26.3352;26.442;55.6185;-11.8206
2.17892;26.3589;26.4488;55.8046;-11.7969
1.96816;26.3764;26.4498;56.0069;-11.7793
1.77294;26.4002;26.4596;56.1928;-11.7556
1.57461;26.4231;26.47;56.382;-11.7326
1.35819;26.4597;26.4945;56.5861;-11.6961
1.15707;26.4824;26.5077;56.7783;-11.6733
0.953838;26.5033;26.5205;56.9729;-11.6524
0.75277;26.5206;26.5312;57.1662;-11.6352
0.562098;26.5177;26.5237;57.3535;-11.638
0.365686;26.5174;26.5199;57.5459;-11.6384
0.155409;26.5067;26.5072;57.754;-11.649
-0.0438768;26.4906;26.4906;57.9524;-11.6652
-0.244034;26.4673;26.4684;58.1532;-11.6885
-0.426985;26.398;26.4015;58.3463;-11.7577
-0.585594;26.321;26.3275;58.5172;-11.8348
-0.774887;26.2342;26.2456;58.7202;-11.9216
-0.947375;26.1312;26.1483;58.91;-12.0246
-1.10566;26.0202;26.0437;59.0877;-12.1355
-1.26075;25.8849;25.9156;59.2673;-12.2708
-1.43267;25.7326;25.7724;59.4672;-12.4232
-1.58961;25.6162;25.6655;59.645;-12.5395
-1.7621;25.4834;25.5442;59.8417;-12.6724
-1.92482;25.369;25.4419;60.025;-12.7868
-2.07658;25.2589;25.3441;60.1967;-12.8969
-2.23053;25.155;25.2537;60.3694;-13.0007
-2.38789;25.0165;25.1302;60.553;-13.1393
-2.51982;24.854;24.9814;60.7172;-13.3018
-2.64391;24.6837;24.8249;60.8757;-13.4721
-2.78178;24.5178;24.6751;61.047;-13.638
-2.90084;24.3636;24.5357;61.1977;-13.7922
-3.04377;24.2125;24.403;61.3711;-13.9433
-3.18687;24.0654;24.2755;61.5439;-14.0903
-3.33066;23.9416;24.1721;61.7123;-14.2142
-3.49558;23.8188;24.0739;61.9012;-14.337
-3.65361;23.6961;23.9761;62.0834;-14.4597
-3.804;23.5793;23.8841;62.2569;-14.5765
-3.98035;23.4434;23.7789;62.4602;-14.7123
-4.14428;23.3259;23.6912;62.6472;-14.8298
-4.31028;23.203;23.6;62.8377;-14.9527
-4.48569;23.0708;23.5028;63.0395;-15.085
-4.64032;22.942;23.4066;63.2206;-15.2137
-4.80252;22.8043;23.3045;63.4112;-15.3514
-4.95453;22.6841;23.2189;63.5878;-15.4717
-5.124;22.5564;23.1311;63.7833;-15.5993
-5.28442;22.4338;23.0478;63.9689;-15.722
-5.45495;22.2987;22.9562;64.1675;-15.8571
-5.61503;22.1882;22.8876;64.35;-15.9676
-5.78526;22.0284;22.7754;64.5546;-16.1273
-5.91672;21.8834;22.6691;64.7182;-16.2724
-6.05653;21.7572;22.5845;64.8853;-16.3986
-6.20744;21.6084;22.4824;65.069;-16.5473
-6.35704;21.4642;22.3858;65.2504;-16.6915
-6.48581;21.335;22.299;65.4081;-16.8208
-6.64737;21.2008;22.2185;65.5987;-16.9549
-6.81398;21.0923;22.1657;65.7878;-17.0634
-6.99175;20.9967;22.1302;65.9843;-17.159
-7.15512;20.8931;22.0843;66.169;-17.2627
-7.32874;20.782;22.0363;66.3656;-17.3738
-7.50201;20.6802;21.9989;66.5595;-17.4755
-7.68741;20.6029;21.9904;66.7587;-17.5528
-7.87957;20.5348;21.9947;66.962;-17.621
-8.05949;20.4823;22.0109;67.1494;-17.6735
-8.27575;20.4471;22.0584;67.3673;-17.7086
-8.48289;20.3897;22.0839;67.5823;-17.7661
-8.66337;20.2979;22.0694;67.7805;-17.8579
-8.83001;20.1892;22.0357;67.9699;-17.9665
-8.98882;20.0835;22.0033;68.1511;-18.0723
-9.14279;19.9553;21.95;68.3336;-18.2005
-9.31502;19.786;21.8691;68.5448;-18.3697
-9.46386;19.6517;21.8117;68.7242;-18.5041
-9.63331;19.5137;21.7621;68.9246;-18.642
-9.79966;19.3943;21.7295;69.1171;-18.7615
-9.9571;19.296;21.7135;69.2954;-18.8598
-10.1134;19.196;21.6972;69.473;-18.9597
-10.2782;19.0929;21.6837;69.6597;-19.0628
-10.4422;18.9814;21.6641;69.8479;-19.1743
-10.6111;18.8714;21.6501;70.0406;-19.2843
-10.7821;18.7632;21.6405;70.2348;-19.3926
-10.9506;18.6686;21.6433;70.4229;-19.4871
-11.128;18.5674;21.6468;70.6214;-19.5883
-11.2993;18.4657;21.6484;70.8141;-19.6901
-11.4748;18.3423;21.6359;71.0171;-19.8134
-11.6326;18.238;21.632;71.1978;-19.9178
-11.7977;18.1171;21.6198;71.3901;-20.0386
-11.9708;17.9754;21.5966;71.5961;-20.1804
-12.1279;17.8459;21.5769;71.7834;-20.3099
-12.2799;17.7178;21.5573;71.9654;-20.4379
-12.4364;17.57;21.526;72.1575;-20.5857
-12.5872;17.4426;21.5101;72.3384;-20.7131
-12.7475;17.3228;21.5076;72.5264;-20.833
-12.9131;17.2168;21.5213;72.7155;-20.939
-13.1045;17.1425;21.5776;72.9202;-21.0132
-13.2883;17.084;21.6435;73.1131;-21.0718
-13.506;17.0237;21.7306;73.3389;-21.132
-13.7266;17.073;21.9068;73.536;-21.0827
-13.915;17.0793;22.0301;73.7147;-21.0765
-14.1144;17.1932;22.2446;73.8734;-20.9626
-14.2335;17.4014;22.4811;73.9289;-20.7544
-14.34;17.5791;22.6861;73.9815;-20.5767
-14.4348;17.7741;22.8972;74.0187;-20.3817
-14.52;17.9463;23.0846;74.0534;-20.2095
-14.5835;18.1206;23.2601;74.0671;-20.0352
-14.6597;18.3116;23.4568;74.0891;-19.8441
-14.7282;18.4978;23.6451;74.1055;-19.6579
-14.8047;18.6814;23.8364;74.1308;-19.4743
-14.8795;18.8669;24.0283;74.1545;-19.2889
-14.9597;19.0524;24.2236;74.1839;-19.1034
-15.0435;19.2266;24.4125;74.2203;-18.9291
-15.121;19.4107;24.6052;74.2486;-18.7451
-15.2065;19.5881;24.7978;74.2867;-18.5676
-15.2867;19.7531;24.9773;74.3234;-18.4027
-15.3806;19.9384;25.1814;74.3687;-18.2173
-15.4914;20.1078;25.3832;74.4349;-18.048
-15.586;20.2748;25.5732;74.4864;-17.881
-15.6774;20.4361;25.7568;74.5367;-17.7197
-15.7936;20.6145;25.9691;74.6074;-17.5413
-15.8733;20.7921;26.1586;74.6433;-17.3637
-15.9989;20.9763;26.3812;74.7229;-17.1794
-16.1;21.1221;26.5585;74.788;-17.0337
-16.225;21.2943;26.7712;74.8707;-16.8615
-16.3229;21.4445;26.95;74.9325;-16.7112
-16.4426;21.6015;27.1474;75.0144;-16.5542
-16.5477;21.7592;27.3366;75.0823;-16.3966
-16.6614;21.9282;27.54;75.1566;-16.2276
-16.779;22.0917;27.7413;75.2364;-16.0641
-16.9108;22.2532;27.9496;75.3309;-15.9026
-17.0151;22.442;28.163;75.3932;-15.7137
-17.1792;22.5921;28.3818;75.5226;-15.5636
-17.248;22.8009;28.5898;75.5473;-15.3548
-17.4112;22.9586;28.814;75.6753;-15.1971
-17.5192;23.116;29.0046;75.7496;-15.0398
-17.6302;23.2911;29.2112;75.8239;-14.8647
-17.7269;23.4636;29.4072;75.8852;-14.6922
-17.8621;23.6407;29.63;75.9838;-14.515
-17.963;23.8161;29.8308;76.0495;-14.3396
-18.0853;23.9797;30.035;76.139;-14.1761
-18.1788;24.1573;30.2332;76.1981;-13.9984
-18.2974;24.3188;30.4335;76.2852;-13.8369
-18.3966;24.495;30.634;76.351;-13.6608
-18.529;24.6597;30.8451;76.4521;-13.4961
-18.6308;24.8502;31.0586;76.5189;-13.3055
-18.7317;25.0281;31.2615;76.5875;-13.1277
-18.8258;25.2042;31.4589;76.6504;-12.9516
-18.9206;25.4042;31.6759;76.7102;-12.7515
-19.0183;25.564;31.8624;76.7803;-12.5918
-19.0881;25.754;32.0566;76.8182;-12.4017
-19.172;25.9373;32.2538;76.8716;-12.2184
-19.2708;26.1159;32.4562;76.941;-12.0399
-19.3283;26.3095;32.6462;76.9678;-11.8462
-19.4089;26.5008;32.8481;77.0183;-11.655
-19.4879;26.6946;33.0512;77.0672;-11.4611
-19.5734;26.8858;33.256;77.1237;-11.27
-19.64;27.0782;33.4509;77.1617;-11.0775
-19.6965;27.2652;33.6354;77.191;-10.8906
-19.7809;27.4507;33.8353;77.2486;-10.7051
-19.8263;27.6737;34.0429;77.2631;-10.4821
-19.9197;27.8502;34.2407;77.3318;-10.3056
-19.974;28.048;34.4332;77.3596;-10.1078
-20.0743;28.2418;34.6494;77.434;-9.91393
-20.1274;28.442;34.8434;77.4613;-9.71375
-20.217;28.6148;35.0362;77.5287;-9.54095
-20.2774;28.7971;35.22;77.5665;-9.35864
-20.3658;28.9899;35.4285;77.6312;-9.16585
-20.4229;29.1818;35.6184;77.6655;-8.97399
-20.5162;29.359;35.8171;77.7379;-8.79673
-20.5922;29.5292;36.0002;77.7943;-8.62652
-20.674;29.6903;36.1791;77.858;-8.46549
-20.7618;29.864;36.3719;77.9266;-8.29172

-20.862;-29.9576;36.5059;78.0074;-8.11338
-20.9788;-29.8232;36.4628;78.1098;-7.97899
-21.0672;-29.6182;36.3464;78.1771;-7.77391
-21.2133;-29.4941;36.3306;78.3103;-7.64989
-21.2891;-29.3014;36.2188;78.3671;-7.45713
-21.4366;-29.144;36.1787;78.4992;-7.29975
-21.5408;-28.9698;36.1006;78.5869;-7.12552
-21.6623;-28.7996;36.0371;78.6927;-6.9554
-21.7722;-28.636;35.9729;78.7879;-6.79177
-21.8653;-28.4616;35.8908;78.8658;-6.61731
-21.9933;-28.3028;35.8435;78.9802;-6.45858
-22.0969;-28.121;35.764;79.0688;-6.27673
-22.194;-27.9555;35.6944;79.1527;-6.1113
-22.3247;-27.797;35.652;79.2709;-5.95275
-22.3984;-27.6509;35.5845;79.3336;-5.80665
-22.4953;-27.4738;35.5084;79.4174;-5.62958
-22.5915;-27.2879;35.4261;79.5005;-5.44363
-22.6725;-27.0991;35.3327;79.5686;-5.25487
-22.7632;-26.9162;35.2511;79.6472;-5.07193
-22.8303;-26.722;35.1467;79.7021;-4.87779
-22.8947;-26.551;35.0589;79.7561;-4.70679
-22.9687;-26.3622;34.9647;79.819;-4.51799
-23.0222;-26.1581;34.8463;79.8612;-4.31381
-23.0794;-25.9619;34.7373;79.908;-4.11768
-23.1362;-25.7615;34.6257;79.9546;-3.9173
-23.1746;-25.5611;34.5026;79.9833;-3.71687
-23.2241;-25.3567;34.3848;80.0236;-3.51241
-23.2521;-25.1628;34.2612;80.0433;-3.3186
-23.2953;-24.9682;34.148;80.0786;-3.12397
-23.3071;-24.77;34.0114;80.0829;-2.92575
-23.3634;-24.5437;33.8857;80.1312;-2.69946
-23.3822;-24.3424;33.7532;80.1435;-2.49812
-23.4625;-24.1358;33.6604;80.2176;-2.29152
-23.5166;-23.9515;33.5664;80.2666;-2.10726
-23.5448;-23.7516;33.4439;80.2899;-1.90737
-23.595;-23.5474;33.3347;80.3355;-1.70314
-23.6194;-23.3566;33.2175;80.356;-1.51232
-23.6665;-23.1615;33.1143;80.3997;-1.31727
-23.6691;-22.9679;32.981;80.3993;-1.12367
-23.741;-22.7747;32.8986;80.4687;-0.930419
-23.7391;-22.5558;32.7461;80.4646;-0.711588
-23.7858;-22.3546;32.6419;80.5098;-0.510341
-23.7938;-22.1517;32.5091;80.5168;-0.30742
-23.8348;-21.9541;32.405;80.5573;-0.109906
-23.8332;-21.7496;32.2656;80.5557;0.0945964
-23.8687;-21.5557;32.1616;80.5916;0.288511
-23.8664;-21.3486;32.0214;80.5903;0.495682
-23.8844;-21.1384;31.8951;80.6099;0.705883
-23.878;-20.9373;31.7573;80.6054;0.90692
-23.8731;-20.7405;31.6242;80.603;1.10379
-23.8864;-20.5498;31.5096;80.6192;1.29448
-23.8809;-20.3436;31.3713;80.6173;1.50067
-23.8853;-20.1406;31.2434;80.6257;1.70368
-23.8494;-19.9372;31.0851;80.5944;1.90707
-23.8423;-19.7548;30.963;80.5918;2.08943
-23.8075;-19.5684;30.8175;80.562;2.27589
-23.8018;-19.3695;30.6872;80.5622;2.47474
-23.7385;-19.1522;30.5012;80.5059;2.69203
-23.7444;-18.938;30.3717;80.5192;2.90625
-23.6913;-18.7467;30.2112;80.4733;3.09756
-23.6754;-18.5435;30.073;80.4655;3.30074
-23.6197;-18.3648;29.9192;80.4174;3.47942
-23.6;-18.163;29.7802;80.4067;3.6812
-23.5264;-17.9703;29.6044;80.3422;3.87396
-23.5001;-17.7688;29.4616;80.3259;4.07541
-23.4314;-17.5832;29.295;80.267;4.26101
-23.4008;-17.3858;29.1524;80.2471;4.45849
-23.3196;-17.1998;28.9765;80.1766;4.6444
-23.2869;-16.9834;28.8221;80.1568;4.86088
-23.2149;-16.7921;28.6515;80.0968;5.0521
-23.1807;-16.5964;28.5094;80.0753;5.24788
-23.0694;-16.3986;28.3039;79.9774;5.44561
-23.0623;-16.1886;28.177;79.9849;5.65561
-22.9131;-15.994;27.9431;79.8501;5.85029
-22.8724;-15.7743;27.7844;79.8259;6.06991
-22.7123;-15.6005;27.554;79.6797;6.24379
-22.6521;-15.3913;27.3863;79.6364;6.45295
-22.4544;-15.2362;27.1357;79.4521;6.608
-22.3588;-15.0321;26.9421;79.374;6.81216
-22.1241;-14.9156;26.6824;79.1503;6.92861
-22;-14.7405;26.4817;79.0423;7.10379
-21.7939;-14.6704;26.2716;78.8434;7.17385
-21.6366;-14.5115;26.0524;78.7014;7.33277
-21.4073;-14.4486;25.827;78.4789;7.39564
-21.2441;-14.3286;25.6246;78.3278;7.51563
-21.0181;-14.309;25.4265;78.1048;7.53527
-20.8324;-14.1999;25.2116;77.9306;7.64436
-20.6103;-14.1712;25.0122;77.7124;7.673
-20.4038;-14.0495;24.773;77.5191;7.79478
-20.1681;-14.0205;24.5627;77.2875;7.82379
-19.984;-13.9136;24.3505;77.1152;7.93063
-19.759;-13.9044;24.1609;76.8924;7.93982
-19.582;-13.7774;23.9431;76.7296;8.06689
-19.3317;-13.7265;23.7093;76.4861;8.11778
-19.1365;-13.6292;23.4939;76.3024;8.21505
-18.946;-13.573;23.3062;76.1191;8.27121
-18.7717;-13.4611;23.0993;75.9581;8.38318
-18.5767;-13.392;22.9006;75.772;8.45227
-18.418;-13.2654;22.6979;75.6285;8.57882
-18.1972;-13.1867;22.4728;75.4181;8.65753
-18.0109;-13.0592;22.2472;75.2479;8.78502
-17.82;-12.96;22.0344;75.0699;8.8842
-17.6325;-12.8657;21.8273;74.895;8.97852
-17.4525;-12.7741;21.6279;74.7274;9.07018
-17.2735;-12.6798;21.4278;74.5613;9.16447
-17.0762;-12.6365;21.2433;74.3708;9.2077
-16.8834;-12.4857;20.9987;74.1984;9.3585
-16.6462;-12.46;20.793;73.9663;9.38421
-16.4456;-12.3277;20.5531;73.7842;9.5165
-16.2213;-12.3039;20.3597;73.5649;9.5403
-16.0348;-12.1636;20.1263;73.3984;9.68066
-15.7967;-12.1311;19.9174;73.1667;9.71313
-15.6114;-11.9875;19.6829;73.0023;9.85671
-15.3896;-11.9536;19.4866;72.7871;9.89068
-15.2122;-11.8069;19.2565;72.6315;10.0374
-14.9872;-11.762;19.0515;72.4149;10.0822
-14.8262;-11.5751;18.8095;72.2818;10.2692
-14.607;-11.5091;18.5963;72.0742;10.3352
-14.4677;-11.2947;18.3544;71.9675;10.5495
-14.2703;-11.1684;18.1211;71.7909;10.6758
-14.195;-10.9304;17.9157;71.7523;10.9138
-14.0737;-10.7528;17.7114;71.6596;11.0914
-14.0717;-10.542;17.5826;71.6906;11.3023
-14.0191;-10.344;17.4222;71.6701;11.5002
-14.0632;-10.1301;17.3318;71.7483;11.7142
-14.0168;-9.91374;17.1684;71.7382;11.9305
-14.0826;-9.69533;17.0974;71.8397;12.1489
-14.039;-9.4666;16.9325;71.8358;12.3776
-14.1407;-9.23395;16.8886;71.9764;12.6103
-14.1116;-8.98465;16.729;71.9918;12.8596
-14.1807;-8.77268;16.6749;72.098;13.0716
-14.1744;-8.54783;16.5523;72.1329;13.2964
-14.2324;-8.36014;16.5062;72.2247;13.4841
-14.2011;-8.1514;16.3743;72.2332;13.6928
-14.3599;-7.92224;16.4002;72.4328;13.922
-14.3865;-7.69508;16.3152;72.5029;14.1492
-14.54;-7.51514;16.3673;72.6887;14.3291
-14.6111;-7.28111;16.3248;72.8049;14.5631
-14.769;-7.11439;16.3933;72.9931;14.7298
-14.8381;-6.89585;16.3622;73.1051;14.9484
-14.9924;-6.74154;16.4383;73.2878;15.1027
-15.0434;-6.50942;16.3914;73.3859;15.3348
-15.1941;-6.34564;16.466;73.5676;15.4986
-15.2517;-6.12022;16.4338;73.6716;15.724
-15.4022;-5.95576;16.5136;73.8539;15.8885
-15.4505;-5.72882;16.4784;73.9502;16.1154
-15.6286;-5.53885;16.5811;74.1656;16.3054
-15.6951;-5.31835;16.5717;74.2792;16.5259
-15.8687;-5.16195;16.6872;74.4833;16.6823
-15.9325;-4.93427;16.6791;74.5968;16.91
-16.1556;-4.78992;16.8507;74.8469;17.0543
-16.2732;-4.60396;16.9119;75.0039;17.2403
-16.5076;-4.5197;17.1152;75.2514;17.3245
-16.6834;-4.40503;17.2552;75.4489;17.4392
-16.9236;-4.40326;17.487;75.683;17.441
-17.1207;-4.3404;17.6623;75.8893;17.5038
-17.3463;-4.4166;17.8998;76.0914;17.4276
-17.5644;-4.39507;18.1059;76.3086;17.4492
-17.7653;-4.53508;18.335;76.4724;17.3092
-17.9863;-4.5565;18.5545;76.6828;17.2877
-18.1822;-4.71196;18.7828;76.8388;17.1323
-18.3789;-4.78079;18.9905;77.0153;17.0635
-18.5352;-4.9512;19.1851;77.1303;16.893
-18.7444;-5.02709;19.4068;77.3179;16.8172
-18.888;-5.21607;19.5949;77.4172;16.6282
-19.1202;-5.318;19.846;77.6222;16.5262
-19.2561;-5.51173;20.0294;77.7141;16.3325
-19.4822;-5.59723;20.2703;77.9173;16.247
-19.6225;-5.79383;20.46;78.0138;16.0504
-19.8271;-5.88599;20.6824;78.1952;15.9582
-19.9556;-6.09518;20.8657;78.2787;15.7491
-20.1538;-6.1785;21.0796;78.4561;15.6657
-20.2781;-6.38314;21.259;78.5374;15.4611
-20.4722;-6.49961;21.4792;78.7049;15.3446
-20.606;-6.68977;21.6647;78.7993;15.1545
-20.799;-6.7967;21.8813;78.9683;15.0475
-20.928;-6.98001;22.0613;79.0603;14.8642
-21.1357;-7.08738;22.2924;79.2442;14.7569
-21.2589;-7.28289;22.4718;79.3291;14.5613
-21.4586;-7.39049;22.6957;79.5059;14.4538
-21.5888;-7.56411;22.8756;79.6025;14.2801
-21.7572;-7.68519;23.0746;79.7467;14.1591
-21.8803;-7.89362;23.2607;79.8311;13.9506
-22.0507;-7.99707;23.456;79.9809;13.8472
-22.1675;-8.21211;23.6397;80.059;13.6321
-22.3254;-8.36292;23.8403;80.1891;13.4813
-22.411;-8.57422;23.9952;80.2383;13.27
-22.5683;-8.71471;24.1925;80.3704;13.1295
-22.6354;-8.92092;24.3299;80.4032;12.9233
-22.8011;-9.07908;24.5422;80.5415;12.7652
-22.8669;-9.30929;24.6892;80.5704;12.535
-23.021;-9.48172;24.8972;80.696;12.3625
-23.0592;-9.70039;25.0165;80.7006;12.1438
-23.2333;-9.86724;25.2418;80.8478;11.977
-23.2726;-10.1222;25.3786;80.8493;11.722
-23.398;-10.2844;25.5585;80.9501;11.5598
-23.4217;-10.5267;25.6785;80.9393;11.3176
-23.5382;-10.7107;25.8605;81.0291;11.1335
-23.5723;-10.9316;25.9837;81.0329;10.9126
-23.6792;-11.0993;26.1515;81.1164;10.745
-23.7228;-11.3307;26.2898;81.1293;10.5136
-23.8596;-11.5209;26.4955;81.2405;10.3233
-23.9038;-11.7386;26.6305;81.257;10.1056
-24.0259;-11.9313;26.8253;81.3545;9.91297
-24.0779;-12.1331;26.9622;81.3818;9.71115
-24.2048;-12.3497;27.1733;81.4822;9.49451
-24.2688;-12.5439;27.3189;81.5234;9.30031
-24.3954;-12.6861;27.4968;81.6332;9.15816
-24.4628;-12.907;27.659;81.6757;8.93719
-24.6177;-13.0719;27.8731;81.8118;8.77234
-24.7216;-13.2926;28.0686;81.8917;8.55167
-24.8861;-13.4457;28.2862;82.0395;8.3985
-24.9834;-13.6456;28.467;82.1161;8.19869
-25.1777;-13.7802;28.7021;82.2961;8.06405
-25.3089;-13.943;28.8955;82.4109;7.90119
-25.5043;-14.0415;29.1142;82.5961;7.80269
-25.6473;-14.2023;29.3171;82.7234;7.64196
-25.8452;-14.247;29.5119;82.9163;7.59724
-26.0204;-14.4206;29.7492;83.0751;7.42361
-26.2386;-14.4846;29.9711;83.2868;7.35965
-26.4042;-14.607;30.1753;83.4411;7.23729
-26.5952;-14.6727;30.3742;83.6257;7.17154
-26.7626;-14.8019;30.5832;83.7815;7.0423
-27.005;-14.8355;30.8117;84.0202;7.00872
-27.1879;-14.9723;31.0379;84.1912;6.87198
-27.4188;-15.0037;31.2554;84.4188;6.84051
-27.5758;-15.1317;31.4546;84.565;6.71254
-27.8061;-15.1857;31.6826;84.7903;6.65853
-27.9943;-15.25;31.8786;84.973;6.59423
-28.1872;-15.3081;32.0758;85.1608;6.53617
-28.3815;-15.379;32.2804;85.3491;6.46521
-28.5758;-15.4352;32.478;85.5386;6.40908
-28.772;-15.4953;32.6792;85.7298;6.34897
-28.9822;-15.5693;32.8994;85.9339;6.2749
-29.1755;-15.6225;33.0949;86.1229;6.2217
-29.3895;-15.68;33.3107;86.3322;6.16424
-29.6113;-15.7255;33.5279;86.5503;6.11874
-29.8025;-15.7762;33.7206;86.7374;6.06801

29.9916;-15.8418;33.9184;86.9383;6.0024
29.8165;-15.9264;33.8035;87.1071;5.9178
29.626;-15.9824;33.6621;87.2934;5.86183
29.4292;-16.0514;33.522;87.4852;5.79281
29.2302;-16.1043;33.3729;87.6803;5.73998
29.0475;-16.2125;33.2656;87.8556;5.63177
28.8419;-16.2527;33.106;88.0582;5.59154
28.6599;-16.3731;33.0071;88.2323;5.47117
28.4448;-16.4211;32.8445;88.444;5.42315
28.2607;-16.5506;32.7504;88.62;5.29363
28.0369;-16.5767;32.5708;88.8418;5.26754
27.8589;-16.7268;32.4947;89.0107;5.11744
27.6436;-16.777;32.3363;89.2228;5.06724
27.4895;-16.882;32.2594;89.3708;4.96228
27.2804;-16.9218;32.1024;89.5773;4.92246
27.0943;-17.0119;31.9923;89.7582;4.83231
26.8862;-17.0399;31.8312;89.9646;4.80432
26.6893;-17.1101;31.7029;90.1575;4.7341
26.4806;-17.148;31.5479;90.3639;4.69627
26.279;-17.187;31.4003;90.5632;4.65728
26.111;-17.2766;31.3091;90.7265;4.56768
25.8914;-17.2858;31.1314;90.9453;4.55843
25.7018;-17.389;31.0316;91.1296;4.45527
25.4826;-17.4097;30.8619;91.3475;4.43456
25.2598;-17.5126;30.7368;91.5651;4.33164
25.0434;-17.5411;30.5755;91.7799;4.30315
24.8525;-17.6528;30.4838;91.9655;4.19149
24.6241;-17.7254;30.3403;92.1904;4.11884
24.4404;-17.8141;30.2436;92.37;4.0301
24.2292;-17.8673;30.1047;92.5786;3.97697
24.0461;-17.9995;30.0366;92.756;3.84476
23.8528;-18.0718;29.9257;92.9461;3.77242
23.6953;-18.199;29.8776;93.0985;3.64528
23.5162;-18.2941;29.794;93.2738;3.55016
23.3779;-18.4271;29.7672;93.407;3.41713
23.1928;-18.5433;29.6944;93.5878;3.30095
23.0453;-18.6968;29.6759;93.73;3.14742
22.9013;-18.8279;29.6473;93.8695;3.01629
22.8055;-18.9662;29.6616;93.961;2.87804
22.6486;-19.1032;29.6292;94.1138;2.74109
22.5471;-19.2916;29.6738;94.2099;2.55261
22.401;-19.4423;29.6616;94.352;2.40195
22.2904;-19.6461;29.7125;94.4575;2.1981
22.1759;-19.8118;29.7368;94.5683;2.03249
22.0918;-19.9961;29.7975;94.6487;1.84818
21.9701;-20.1874;29.8365;94.7668;1.6568
21.9028;-20.381;29.9185;94.8309;1.46323
21.7767;-20.553;29.9441;94.9545;1.29122
21.7275;-20.7758;30.0619;95.0009;1.06843
21.6286;-20.9605;30.1188;95.0979;0.883697
21.5522;-21.1719;30.2117;95.1725;0.672357
21.4724;-21.3443;30.2762;95.2513;0.499905
21.4122;-21.5613;30.3871;95.3106;0.282909
21.3415;-21.7433;30.4669;95.3809;0.100965
21.2888;-21.9547;30.5813;95.4337;-0.110419
21.196;-22.1478;30.656;95.5269;-0.303508
21.1524;-22.3493;30.772;95.5713;-0.505049
21.0642;-22.538;30.849;95.6607;-0.693715
21.0173;-22.7237;30.9531;95.7091;-0.879467
20.9292;-22.9179;31.0365;95.7992;-1.0737
20.8626;-23.1123;31.1356;95.8682;-1.26808
20.8272;-23.3091;31.2584;95.9064;-1.46481
20.7023;-23.5;31.3183;96.0344;-1.65578
20.6749;-23.7294;31.4728;96.066;-1.88517
20.5765;-23.9466;31.5727;96.1689;-2.1024
20.5293;-24.1413;31.69;96.2205;-2.29706
20.4462;-24.3268;31.778;96.3082;-2.48255
20.412;-24.526;31.9089;96.3477;-2.68178
20.3351;-24.7219;32.0107;96.4302;-2.87763
20.2923;-24.9237;32.1398;96.4792;-3.07941
20.2094;-25.109;32.2317;96.5682;-3.26477
20.174;-25.3086;32.3653;96.6106;-3.46437
20.1152;-25.5008;32.4794;96.6763;-3.65652
20.0808;-25.6871;32.6047;96.7179;-3.84284
20.0019;-25.8705;32.701;96.8043;-4.02628
19.991;-26.0645;32.8481;96.8234;-4.22023
19.8983;-26.2474;32.9373;96.9241;-4.40311
19.8647;-26.4482;33.0773;96.9671;-4.60393
19.7714;-26.652;33.1849;97.0701;-4.80773
19.724;-26.854;33.3193;97.1276;-5.00979
19.6498;-27.0261;33.4145;97.2108;-5.18189
19.5832;-27.2049;33.5202;97.287;-5.36061
19.4956;-27.3784;33.6104;97.3841;-5.53418
19.3784;-27.5566;33.6881;97.5115;-5.71236
19.2888;-27.7371;33.7847;97.6116;-5.89285
19.1651;-27.8926;33.8422;97.7446;-6.04833
19.0843;-28.0744;33.9467;97.8367;-6.23011
18.8902;-28.1974;33.9402;98.0382;-6.35315
18.7771;-28.398;34.0445;98.1643;-6.55374
18.6151;-28.5219;34.0591;98.3343;-6.67767
18.4848;-28.7124;34.1481;98.4774;-6.8682
18.3091;-28.8328;34.1548;98.6611;-6.98855
18.1884;-28.9968;34.2291;98.7933;-7.15255
18.01;-29.1282;34.2464;98.9808;-7.28399
17.8616;-29.2756;34.2942;99.1397;-7.43133
17.7414;-29.4187;34.3543;99.2703;-7.57443
17.5808;-29.5499;34.3843;99.4406;-7.70569
17.4392;-29.7113;34.4513;99.5944;-7.86709
17.2984;-29.8574;34.5065;99.7464;-8.01318
17.1627;-29.9879;34.5519;99.8922;-8.14369

17.0154;29.8739;34.3799;100.05;-8.28181
16.8191;29.7997;34.2185;100.252;-8.35601
16.677;29.6531;34.021;100.406;-8.50265
16.458;29.56;33.8328;100.632;-8.59579
16.2847;29.4229;33.6289;100.817;-8.73284
16.0864;29.3302;33.452;101.022;-8.82551
15.9075;29.2281;33.2766;101.209;-8.92766
15.7178;29.1258;33.0962;101.407;-9.02999
15.5423;29.0332;32.9316;101.591;-9.12254
15.3663;28.9683;32.7916;101.772;-9.18743
15.1931;28.8594;32.6143;101.954;-9.29637
14.9921;28.7963;32.4652;102.16;-9.35944
14.8338;28.6576;32.2692;102.33;-9.49812
14.6141;28.5758;32.0959;102.557;-9.57998
14.4408;28.4653;31.9188;102.74;-9.69044
14.2363;28.4164;31.783;102.948;-9.73939
14.0733;28.3023;31.6082;103.121;-9.85346
13.8802;28.2599;31.4846;103.317;-9.89583
13.7102;28.1334;31.2963;103.499;-10.0223
13.4855;28.1017;31.17;103.725;-10.054
13.3043;27.977;30.9793;103.918;-10.1788
13.0874;27.9613;30.8726;104.135;-10.1944
12.8904;27.8587;30.6964;104.341;-10.2971
12.6899;27.8142;30.5723;104.545;-10.3416
12.4768;27.7613;30.4362;104.763;-10.3944
12.2852;27.6991;30.3012;104.959;-10.4567
12.0918;27.6586;30.1862;105.156;-10.4972
11.8895;27.5963;30.0486;105.363;-10.5594
11.7114;27.5817;29.9651;105.542;-10.5741
11.5169;27.486;29.8013;105.745;-10.6697
11.3047;27.4954;29.7286;105.955;-10.6604
11.0869;27.3586;29.5197;106.186;-10.7971
10.8468;27.3688;29.4399;106.424;-10.7869
10.6411;27.2608;29.2641;106.639;-10.8949
10.414;27.259;29.1805;106.865;-10.8968
10.2113;27.1646;29.0205;107.077;-10.9911
9.99456;27.1469;28.9283;107.294;-11.0088
9.80925;27.0471;28.7709;107.489;-11.1087
9.57557;27.0435;28.6888;107.721;-11.1122
9.38728;26.9215;28.5112;107.921;-11.2342
9.1367;26.9255;28.4335;108.17;-11.2302
8.93219;26.8269;28.2748;108.384;-11.3289
8.69824;26.8512;28.2249;108.614;-11.3046
8.49965;26.7462;28.0642;108.823;-11.4096
8.27004;26.7943;28.0415;109.046;-11.3615
8.06804;26.7111;27.903;109.255;-11.4446
7.84105;26.7397;27.8656;109.478;-11.416
7.64597;26.6509;27.726;109.681;-11.5049
7.3984;26.686;27.6926;109.924;-11.4697
7.18989;26.615;27.569;110.139;-11.5408
6.94878;26.6652;27.5557;110.373;-11.4906
6.73958;26.5969;27.4375;110.589;-11.5588
6.51809;26.6397;27.4255;110.804;-11.5161
6.27682;26.573;27.3042;111.051;-11.5828
6.0796;26.6191;27.3046;111.243;-11.5366
5.83899;26.5334;27.1683;111.491;-11.6223
5.59819;26.5837;27.1668;111.725;-11.572
5.39453;26.5167;27.0598;111.935;-11.6391
5.17713;26.5614;27.0612;112.146;-11.5944
4.95602;26.4794;26.9392;112.375;-11.6764
4.72673;26.5264;26.9443;112.598;-11.6293
4.53524;26.4567;26.8426;112.795;-11.6991
4.31889;26.5134;26.8628;113.005;-11.6424
4.07727;26.433;26.7456;113.253;-11.7228
3.86256;26.4592;26.7397;113.464;-11.6965
3.6505;26.3759;26.6273;113.684;-11.7799
3.39897;26.4089;26.6268;113.931;-11.7468
3.16191;26.3399;26.529;114.174;-11.8159
2.92054;26.4022;26.5633;114.407;-11.7535
2.6898;26.3419;26.4788;114.643;-11.8139
2.46069;26.4074;26.5218;114.864;-11.7484
2.23791;26.3465;26.4414;115.092;-11.8093
2.01251;26.4473;26.5238;115.306;-11.7085
1.77213;26.3949;26.4544;115.55;-11.7608
1.5338;26.4513;26.4958;115.782;-11.7044
1.3093;26.3993;26.4318;116.01;-11.7564
1.07837;26.4878;26.5098;116.231;-11.6679
0.839952;26.429;26.4423;116.474;-11.7268
0.625827;26.4843;26.4917;116.682;-11.6715
0.398355;26.4063;26.4093;116.916;-11.7495
0.170767;26.453;26.4535;117.138;-11.7028
-0.0759139;26.342;26.3421;117.394;-11.8138
-0.29746;26.3481;26.3498;117.614;-11.8076
-0.500779;26.2056;26.2104;117.831;-11.9501
-0.71688;26.181;26.1908;118.048;-11.9748
-0.90845;26.0119;26.0278;118.256;-12.1438
-1.13362;25.9632;25.988;118.485;-12.1925
-1.28928;25.7767;25.8089;118.659;-12.3791
-1.50759;25.7016;25.7457;118.884;-12.4542
-1.64238;25.5276;25.5804;119.036;-12.6281
-1.84964;25.4495;25.5166;119.251;-12.7063
-1.98529;25.2756;25.3534;119.404;-12.8802
-2.17561;25.1699;25.2638;119.605;-12.9858
-2.29622;24.9503;25.0557;119.749;-13.2055
-2.51063;24.8452;24.9717;119.974;-13.3106
-2.63015;24.6452;24.7852;120.115;-13.5105
-2.81801;24.5302;24.6915;120.314;-13.6256
-2.93448;24.3558;24.5319;120.45;-13.8
-3.11475;24.2403;24.4396;120.642;-13.9155
-3.22671;24.0417;24.2572;120.777;-14.1141
-3.43079;23.9269;24.1716;120.993;-14.2288
-3.55024;23.7267;23.9909;121.135;-14.429
-3.75789;23.6087;23.9059;121.355;-14.5471
-3.89395;23.4153;23.7369;121.514;-14.7404
-4.11936;23.3289;23.6898;121.748;-14.8269
-4.2658;23.1409;23.5308;121.916;-15.0149
-4.46585;23.0439;23.4726;122.127;-15.1119
-4.59763;22.8498;23.3077;122.282;-15.306
-4.82262;22.7571;23.2625;122.517;-15.3987
-4.96037;22.5779;23.1164;122.676;-15.5778
-5.17325;22.4833;23.0708;122.899;-15.6725
-5.30799;22.3065;22.9294;123.055;-15.8492
-5.55255;22.2378;22.9205;123.307;-15.9179
-5.70414;22.0463;22.7723;123.482;-16.1094
-5.91468;21.945;22.7281;123.704;-16.2108
-6.05175;21.7594;22.5853;123.864;-16.3963
-6.27525;21.6709;22.5612;124.097;-16.4848
-6.45174;21.4945;22.4419;124.296;-16.6612
-6.61923;21.3929;22.3936;124.475;-16.7628
-6.74292;21.2536;22.2976;124.617;-16.9021
-6.9486;21.17;22.2812;124.832;-16.9857
-7.09052;21.0119;22.176;124.994;-17.1439
-7.31782;20.9305;22.1729;125.231;-17.2252
-7.48049;20.7669;22.0731;125.414;-17.3889
-7.69956;20.7077;22.0928;125.639;-17.4481
-7.87965;20.5415;22.0009;125.841;-17.6143
-8.07204;20.4855;22.0184;126.039;-17.6703
-8.24352;20.3429;21.9497;126.229;-17.8128
-8.48216;20.2974;21.9985;126.472;-17.8583
-8.65036;20.1396;21.9188;126.661;-18.0162
-8.86029;20.0752;21.9435;126.878;-18.0806
-8.99975;19.8729;21.8158;127.045;-18.2829
-9.23309;19.7901;21.838;127.287;-18.3656
-9.40435;19.642;21.7773;127.478;-18.5137
-9.60022;19.5407;21.7716;127.687;-18.6151
-9.75452;19.4152;21.7279;127.858;-18.7405
-9.94985;19.3289;21.7395;128.064;-18.8268
-10.1014;19.1727;21.671;128.237;-18.983
-10.3045;19.1057;21.7074;128.447;-19.05
-10.4518;18.9334;21.6267;128.619;-19.2224
-10.679;18.8488;21.6638;128.856;-19.3069
-10.8142;18.6839;21.5878;129.014;-19.4719
-11.0468;18.6217;21.6518;129.254;-19.5341
-11.2064;18.445;21.5824;129.438;-19.7108
-11.4041;18.3613;21.6146;129.647;-19.7945
-11.5543;18.2009;21.5586;129.819;-19.9548
-11.7629;18.1123;21.5968;130.039;-20.0434
-11.9079;17.9675;21.5552;130.205;-20.1883
-12.1076;17.8875;21.5999;130.415;-20.2683
-12.2666;17.7363;21.5649;130.595;-20.4195
-12.4821;17.6738;21.6372;130.818;-20.4819
-12.6323;17.5163;21.5962;130.991;-20.6395
-12.9116;17.489;21.7388;131.271;-20.6667
-13.1025;17.3831;21.768;131.476;-20.7727
-13.3654;17.4272;21.9622;131.729;-20.7286
-13.5646;17.4167;22.0757;131.927;-20.7391
-13.7664;17.5135;22.2764;132.111;-20.6422
-13.9544;17.5891;22.4522;132.285;-20.5666
-14.1015;17.7531;22.6721;132.405;-20.4026
-14.2738;17.8691;22.8702;132.558;-20.2866
-14.3814;18.0722;23.0961;132.633;-20.0836
-14.5376;18.2341;23.3201;132.763;-19.9217
-14.6024;18.4162;23.5029;132.8;-19.7395
-14.7426;18.5777;23.7166;132.915;-19.5781
-14.8067;18.7906;23.9233;132.947;-19.3651
-14.9701;18.9647;24.1613;133.084;-19.191
-15.027;19.2256;24.4015;133.102;-18.9301
-15.161;19.4191;24.6365;133.208;-18.7367
-15.2253;19.6171;24.8322;133.244;-18.5387
-15.3573;19.7827;25.044;133.351;-18.3731
-15.4237;20.0108;25.2651;133.386;-18.1449
-15.5735;20.1746;25.4863;133.512;-17.9812
-15.6424;20.3847;25.6948;133.552;-17.771
-15.8017;20.5409;25.9157;133.69;-17.6148
-15.873;20.7566;26.1302;133.732;-17.3991
-16.0502;20.9334;26.3783;133.885;-17.2224
-16.1315;21.1446;26.5955;133.939;-17.0111
-16.2794;21.2839;26.796;134.068;-16.8719
-16.3509;21.4967;27.0085;134.112;-16.659
-16.5219;21.6487;27.2331;134.263;-16.507
-16.6247;21.8469;27.4529;134.341;-16.3089
-16.7484;22.0114;27.6588;134.444;-16.1444
-16.8509;22.1908;27.8637;134.524;-15.9649
-16.9856;22.357;28.0775;134.638;-15.7988
-17.1023;22.5396;28.2935;134.733;-15.6162
-17.2235;22.701;28.4954;134.835;-15.4547
-17.3266;22.8743;28.6957;134.917;-15.2815
-17.4716;23.0314;28.9085;135.044;-15.1244
-17.5561;23.2568;29.1392;135.102;-14.899
-17.7084;23.4037;29.3483;135.238;-14.752
-17.7894;23.6019;29.5553;135.297;-14.5538
-17.9246;23.746;29.7517;135.416;-14.4097
-18.0102;23.9391;29.9574;135.481;-14.2167
-18.1493;24.1008;30.1703;135.602;-14.0549
-18.2215;24.2804;30.3572;135.655;-13.8754
-18.3725;24.4394;30.5751;135.789;-13.7163
-18.4527;24.6591;30.7989;135.847;-13.4966
-18.5984;24.8368;31.0285;135.975;-13.319
-18.6665;25.0411;31.233;136.023;-13.1146
-18.7918;25.2166;31.4485;136.13;-12.9392
-18.8739;25.4099;31.6526;136.194;-12.7458
-18.9869;25.5743;31.852;136.291;-12.5814
-19.0491;25.7757;32.0508;136.335;-12.38
-19.1756;25.9558;32.2709;136.445;-12.1999
-19.2283;26.1531;32.4609;136.479;-12.0027
-19.3389;26.347;32.6827;136.573;-11.8087
-19.3826;26.5437;32.8672;136.599;-11.612
-19.4931;26.727;33.0804;136.694;-11.4288
-19.5335;26.9379;33.2748;136.717;-11.2178
-19.672;27.113;33.4978;136.841;-11.0427
-19.6986;27.3387;33.6963;136.849;-10.8171
-19.8047;27.5323;33.9154;136.94;-10.6234
-19.8478;27.7284;34.0999;136.968;-10.4273
-19.9537;27.8987;34.3;137.06;-10.257
-19.9813;28.1158;34.4928;137.072;-10.04
-20.1079;28.2969;34.7137;137.185;-9.85889
-20.1568;28.5138;34.9189;137.218;-9.64196
-20.2818;28.7046;35.1469;137.33;-9.45121
-20.3318;28.9085;35.3424;137.366;-9.24729
-20.4424;29.078;35.5447;137.465;-9.07775
-20.5226;29.2953;35.7686;137.531;-8.86044
-20.5985;29.4854;35.9679;137.594;-8.67039
-20.6719;29.6741;36.1646;137.656;-8.4817
-20.7466;29.8588;36.3589;137.719;-8.297

-20.8399;-29.9552;36.4913;137.801;-8.11096
-20.9829;-29.7845;36.4335;137.934;-7.94027
-21.0888;-29.6018;36.3457;138.029;-7.7576
-21.2176;-29.444;36.2924;138.149;-7.59977
-21.3393;-29.2448;36.2026;138.26;-7.40059
-21.4705;-29.0775;36.1453;138.382;-7.23321
-21.5611;-28.9026;36.0588;138.464;-7.05832
-21.6903;-28.7262;35.9953;138.584;-6.88198
-21.7934;-28.5563;35.9224;138.678;-6.7121
-21.9;-28.39;35.8553;138.777;-6.54573
-21.9827;-28.2499;35.7952;138.853;-6.40565
-22.1023;-28.0823;35.7369;138.965;-6.23801
-22.2056;-27.904;35.6612;139.06;-6.0598
-22.2969;-27.7216;35.5758;139.143;-5.87735
-22.4197;-27.544;35.515;139.259;-5.69977
-22.4878;-27.3475;35.406;139.319;-5.50322
-22.6002;-27.1663;35.338;139.424;-5.32207
-22.6645;-26.9788;35.2354;139.481;-5.13455
-22.7317;-26.7807;35.1274;139.541;-4.93646
-22.8259;-26.6002;35.0513;139.629;-4.75598
-22.8856;-26.4013;34.9397;139.682;-4.55709
-22.9619;-26.206;34.8426;139.752;-4.3618
-23.0121;-26.0108;34.7292;139.797;-4.16653
-23.0684;-25.8185;34.6229;139.847;-3.97422
-23.122;-25.6225;34.5129;139.895;-3.77823
-23.1642;-25.4232;34.3936;139.932;-3.57893
-23.228;-25.2199;34.2868;139.991;-3.37566
-23.2443;-25.0333;34.1608;140.003;-3.18902
-23.3125;-24.8317;34.06;140.067;-2.98741
-23.3363;-24.6306;33.9301;140.086;-2.7864
-23.3833;-24.4274;33.8153;140.13;-2.58314
-23.4096;-24.2365;33.6959;140.152;-2.39228
-23.5068;-24.0546;33.6333;140.247;-2.2104
-23.508;-23.831;33.4745;140.244;-1.98675
-23.5833;-23.6381;33.3907;140.317;-1.7939
-23.5925;-23.4188;33.2422;140.324;-1.57458
-23.6504;-23.2179;33.1423;140.38;-1.37366
-23.6519;-23.0097;32.9979;140.379;-1.1655
-23.7125;-22.7966;32.8932;140.438;-0.952316
-23.7336;-22.5994;32.7722;140.458;-0.755196
-23.7612;-22.3992;32.6545;140.485;-0.55493
-23.7782;-22.2012;32.5315;140.501;-0.356994
-23.7846;-21.9968;32.397;140.507;-0.152568
-23.8309;-21.8061;32.3019;140.553;0.0381536
-23.817;-21.5969;32.1508;140.54;0.247383
-23.8512;-21.3923;32.0392;140.574;0.451912
-23.8436;-21.1901;31.8988;140.567;0.654159
-23.8775;-20.9849;31.7884;140.602;0.859332
-23.8288;-20.7972;31.6281;140.555;1.04703
-23.8586;-20.5813;31.5091;140.587;1.26294
-23.8338;-20.3785;31.3582;140.564;1.4657
-23.8218;-20.1876;31.2253;140.554;1.65664
-23.795;-20.0178;31.0952;140.529;1.82649
-23.8275;-19.8081;30.9856;140.565;2.0361
-23.772;-19.5952;30.8072;140.512;2.24902
-23.7611;-19.3743;30.6586;140.505;2.46997
-23.7273;-19.1756;30.5072;140.475;2.66864
-23.7049;-18.9782;30.366;140.456;2.86608
-23.6683;-18.7844;30.2166;140.424;3.05983
-23.6333;-18.5934;30.0707;140.393;3.25084
-23.6065;-18.3912;29.925;140.371;3.45301
-23.565;-18.1806;29.7631;140.335;3.6636
-23.5306;-17.9414;29.5903;140.307;3.90281
-23.4554;-17.7475;29.4131;140.238;4.09678
-23.4206;-17.5449;29.2635;140.209;4.29931
-23.3545;-17.3591;29.0993;140.149;4.48516
-23.3158;-17.1596;28.9496;140.117;4.68462
-23.2261;-16.9718;28.7662;140.033;4.8724
-23.1954;-16.7624;28.6182;140.01;5.08188
-23.0964;-16.5768;28.4295;139.918;5.26746
-23.055;-16.3731;28.2774;139.884;5.47116
-22.9352;-16.1944;28.0763;139.772;5.6498
-22.8806;-15.9853;27.9115;139.726;5.85895
-22.7239;-15.8373;27.6983;139.576;6.00696
-22.6434;-15.6158;27.506;139.505;6.22845
-22.4757;-15.4598;27.2793;139.344;6.38449
-22.3876;-15.2615;27.0946;139.266;6.58278
-22.1708;-15.1332;26.8432;139.055;6.71108
-22.0413;-14.9396;26.6273;138.935;6.90467
-21.8303;-14.8348;26.3938;138.73;7.00941
-21.6911;-14.6658;26.1837;138.599;7.17846
-21.459;-14.6088;25.9597;138.371;7.23544
-21.2814;-14.4503;25.7237;138.202;7.39394
-21.0647;-14.407;25.5203;137.988;7.43724
-20.8847;-14.2682;25.2934;137.816;7.576
-20.6632;-14.2309;25.0896;137.596;7.6133
-20.4773;-14.1052;24.8652;137.418;7.73902
-20.2574;-14.0826;24.6714;137.2;7.76168
-20.0721;-13.9533;24.4455;137.022;7.89095
-19.8516;-13.9276;24.2501;136.803;7.91659
-19.6652;-13.7926;24.02;136.625;8.0516
-19.4479;-13.7655;23.8267;136.41;8.07874
-19.2735;-13.6227;23.6018;136.244;8.22153
-19.0362;-13.595;23.3923;136.009;8.2492
-18.878;-13.432;23.1689;135.861;8.41226
-18.6489;-13.3881;22.957;135.635;8.45615
-18.4844;-13.2319;22.7322;135.481;8.61238
-18.2399;-13.2231;22.5288;135.237;8.6211
-18.0291;-13.0794;22.2738;135.036;8.76481
-17.8367;-13.0314;22.09;134.847;8.81284
-17.6757;-12.8775;21.8692;134.697;8.96672
-17.4452;-12.8343;21.6577;134.47;9.00991
-17.2651;-12.674;21.4177;134.301;9.17023
-17.0658;-12.6589;21.2483;134.103;9.18534
-16.8744;-12.5181;21.0106;133.922;9.32617
-16.6546;-12.4815;20.8126;133.705;9.36276
-16.4702;-12.3066;20.5601;133.534;9.53768
-16.2215;-12.2676;20.3379;133.288;9.57662
-16.024;-12.1136;20.0875;133.103;9.73062
-15.7929;-12.1237;19.9098;132.871;9.72054
-15.5897;-11.9583;19.6479;132.681;9.8859
-15.3514;-11.8909;19.418;132.448;9.95331
-15.1974;-11.7009;19.18;132.309;10.1434
-15.0018;-11.6286;18.981;132.12;10.2156
-14.8796;-11.4135;18.7529;132.015;10.4307
-14.6702;-11.2926;18.5132;131.816;10.5517
-14.5935;-11.0695;18.3167;131.757;10.7747
-14.4534;-10.9269;18.119;131.629;10.9173
-14.3979;-10.693;17.9343;131.594;11.1512
-14.2487;-10.5505;17.7296;131.457;11.2937
-14.2215;-10.2869;17.552;131.453;11.5574
-14.1445;-10.0908;17.375;131.394;11.7535
-14.1677;-9.87425;17.2692;131.436;11.97
-14.0853;-9.65919;17.0791;131.374;12.1851
-14.1561;-9.41695;17.0022;131.467;12.4273
-14.1078;-9.21012;16.848;131.439;12.6341
-14.18;-8.99061;16.79;131.532;12.8536
-14.1604;-8.77626;16.6595;131.534;13.068
-14.2795;-8.56646;16.652;131.673;13.2778
-14.2783;-8.32658;16.5288;131.696;13.5177
-14.4137;-8.12008;16.5436;131.852;13.7242
-14.413;-7.88993;16.4312;131.876;13.9543
-14.542;-7.70188;16.4557;132.024;14.1424
-14.5745;-7.48666;16.385;132.08;14.3576
-14.7284;-7.2918;16.4346;132.254;14.5524
-14.766;-7.06647;16.3698;132.316;14.7778
-14.9522;-6.89409;16.465;132.521;14.9502
-15.003;-6.64711;16.4096;132.599;15.1971
-15.1615;-6.47159;16.4849;132.777;15.3727
-15.219;-6.25747;16.4552;132.859;15.5868
-15.3701;-6.09087;16.533;133.029;15.7534
-15.4232;-5.88538;16.5079;133.106;15.9589
-15.6106;-5.71582;16.6241;133.312;16.1284
-15.6786;-5.49345;16.6131;133.407;16.3508
-15.8755;-5.34752;16.752;133.62;16.4967
-15.9929;-5.14248;16.7994;133.762;16.7018
-16.2131;-5.02771;16.9748;133.995;16.8165
-16.3216;-4.83709;17.0233;134.127;17.0072
-16.5686;-4.74513;17.2347;134.383;17.0991
-16.7654;-4.66935;17.4035;134.588;17.1749
-16.9723;-4.66357;17.6013;134.794;17.1807
-17.1593;-4.59598;17.7641;134.988;17.2483
-17.3931;-4.65875;18.0062;135.212;17.1855
-17.5993;-4.63274;18.1989;135.42;17.2115
-17.817;-4.72775;18.4336;135.624;17.1165
-18.0349;-4.76139;18.6529;135.836;17.0828
-18.2186;-4.88823;18.863;136.002;16.956
-18.4201;-4.92498;19.0671;136.197;16.9193
-18.593;-5.09252;19.2778;136.348;16.7517
-18.8089;-5.1565;19.5029;136.555;16.6877
-18.9843;-5.34293;19.7219;136.706;16.5013
-19.1901;-5.42163;19.9413;136.901;16.4226
-19.3458;-5.59511;20.1386;137.035;16.2491
-19.5224;-5.68882;20.3344;137.199;16.1554
-19.657;-5.86149;20.5123;137.313;15.9827
-19.858;-5.96287;20.734;137.501;15.8814
-20.0069;-6.14253;20.9286;137.628;15.7017
-20.1748;-6.24896;21.1204;137.783;15.5953
-20.3024;-6.42139;21.2937;137.89;15.4228
-20.4945;-6.51878;21.5062;138.07;15.3255
-20.6107;-6.71197;21.6761;138.164;15.1323
-20.8275;-6.82006;21.9157;138.368;15.0242
-20.9457;-7.01723;22.0899;138.464;14.827
-21.1491;-7.14348;22.323;138.653;14.7008
-21.2495;-7.31615;22.4737;138.735;14.5281
-21.4505;-7.43008;22.7009;138.923;14.4142
-21.5688;-7.63938;22.8817;139.019;14.2049
-21.7519;-7.75973;23.0945;139.189;14.0845
-21.8551;-7.96071;23.2598;139.271;13.8835
-22.0414;-8.08941;23.479;139.444;13.7548
-22.1376;-8.2965;23.6411;139.519;13.5477
-22.3235;-8.44927;23.869;139.69;13.395
-22.4035;-8.65569;24.0174;139.75;13.1886
-22.5869;-8.82806;24.2508;139.916;13.0162
-22.6556;-9.03342;24.3901;139.965;12.8108
-22.8097;-9.16008;24.5802;140.107;12.6842
-22.8809;-9.39286;24.7338;140.157;12.4514
-23.0104;-9.56292;24.9185;140.271;12.2813
-23.0906;-9.80169;25.0848;140.331;12.0425
-23.1998;-9.99682;25.262;140.423;11.8474
-23.2429;-10.1829;25.3757;140.45;11.6614
-23.3924;-10.3388;25.5753;140.586;11.5054
-23.4404;-10.5517;25.7058;140.617;11.2926
-23.5384;-10.7256;25.8669;140.701;11.1186
-23.5822;-10.9318;25.9928;140.728;10.9124
-23.7086;-11.0802;26.17;140.843;10.7641
-23.7475;-11.316;26.3058;140.864;10.5282
-23.8919;-11.4857;26.5093;140.995;10.3585
-23.9267;-11.7324;26.6483;141.012;10.1119
-24.071;-11.9147;26.8584;141.143;9.92957
-24.1157;-12.1351;26.9968;141.172;9.7091
-24.2549;-12.3103;27.2001;141.299;9.53392
-24.3173;-12.5228;27.3523;141.347;9.32144
-24.4478;-12.6724;27.537;141.468;9.17184
-24.5162;-12.876;27.6918;141.523;8.96827
-24.6771;-13.0134;27.8981;141.675;8.83084
-24.756;-13.2209;28.0652;141.741;8.62334
-24.9294;-13.3824;28.2943;141.904;8.46181
-25.0293;-13.5629;28.4679;141.993;8.28132
-25.2237;-13.6812;28.6951;142.181;8.16301
-25.3516;-13.8612;28.8935;142.298;7.98307
-25.5619;-13.9656;29.1281;142.502;7.8786
-25.6748;-14.1453;29.3135;142.605;7.69891
-25.8898;-14.2395;29.5473;142.815;7.60477
-26.0723;-14.3763;29.7732;142.99;7.46797
-26.26;-14.4516;29.974;143.173;7.39262
-26.4217;-14.5739;30.1746;143.329;7.27032
-26.6497;-14.6433;30.4078;143.553;7.20091
-26.7887;-14.7717;30.5915;143.685;7.07249
-27.0141;-14.8417;30.8227;143.907;7.00257
-27.1941;-14.9394;31.0275;144.082;6.90481
-27.4097;-15.0051;31.2481;144.294;6.83912
-27.5933;-15.0865;31.4483;144.474;6.75776
-27.7909;-15.1385;31.6466;144.669;6.70578
-27.9755;-15.2261;31.8507;144.849;6.6181
-28.1751;-15.2703;32.0471;145.046;6.57389
-28.3456;-15.3641;32.2417;145.213;6.48016
-28.5627;-15.3944;32.4471;145.428;6.44989
-28.7484;-15.4987;32.6601;145.609;6.34556
-28.9519;-15.5185;32.8487;145.812;6.32578
-29.138;-15.635;33.0678;145.992;6.2092
-29.3508;-15.682;33.2775;146.203;6.16223
-29.539;-15.7357;33.4689;146.389;6.10851
-29.726;-15.8093;33.6685;146.573;6.03494
-29.9095;-15.878;33.8628;146.753;5.96623

29.9078;-15.9655;33.9024;146.932;5.87876
29.7064;-16.0045;33.7433;147.132;5.83977
29.5134;-16.0622;33.6011;147.323;5.78206
29.3241;-16.1164;33.4611;147.51;5.72787
29.143;-16.1874;33.3368;147.688;5.65686
28.9287;-16.2611;33.1857;147.899;5.58315
28.745;-16.3413;33.0653;148.08;5.50296
28.5549;-16.4022;32.9305;148.267;5.44203
28.3761;-16.5003;32.8248;148.442;5.3439
28.1799;-16.5508;32.6808;148.637;5.2934
27.9922;-16.6453;32.5673;148.821;5.19895
27.7947;-16.6973;32.4244;149.017;5.14694
27.6035;-16.8069;32.3176;149.204;5.03739
27.3869;-16.8289;32.1443;149.42;5.01531
27.1933;-16.9443;32.0404;149.609;4.89994
26.98;-16.9737;31.8752;149.822;4.87056
26.793;-17.0801;31.7741;150.005;4.76419
26.5747;-17.1187;31.6111;150.222;4.72559
26.3727;-17.1986;31.4851;150.421;4.64565
26.1716;-17.2336;31.3361;150.621;4.61064
25.9873;-17.3032;31.2208;150.803;4.54108
25.7963;-17.3538;31.0902;150.993;4.49048
25.6064;-17.4218;30.9711;151.181;4.42241
25.4154;-17.4779;30.8451;151.37;4.36638
25.2043;-17.5309;30.7016;151.58;4.31339
25.0237;-17.6324;30.6119;151.757;4.21185
24.8245;-17.6798;30.4768;151.955;4.16442
24.6663;-17.7916;30.4132;152.11;4.05269
24.4558;-17.8398;30.2712;152.319;4.00448
24.2748;-17.9751;30.2055;152.497;3.86918
24.0853;-18.0576;30.1028;152.684;3.78664
23.9345;-18.1696;30.0499;152.832;3.67463
23.7454;-18.2542;29.9509;153.019;3.59008
23.5909;-18.3941;29.9144;153.17;3.45014
23.4205;-18.4963;29.8435;153.338;3.34793
23.2948;-18.6222;29.8234;153.461;3.22209
23.1186;-18.7292;29.7532;153.635;3.11507
22.99;-18.9006;29.762;153.761;2.94361
22.8238;-19.0308;29.717;153.924;2.81342
22.7094;-19.2096;29.7443;154.035;2.63466
22.578;-19.3355;29.7259;154.165;2.50876
22.4687;-19.5564;29.7875;154.271;2.28786
22.3187;-19.7022;29.7708;154.419;2.14209
22.2339;-19.9002;29.839;154.501;1.94404
22.0917;-20.0621;29.8418;154.641;1.78216
22.0046;-20.2691;29.9172;154.726;1.57518
21.9031;-20.4564;29.9702;154.826;1.3878
21.8229;-20.6402;30.0375;154.904;1.20409
21.7363;-20.8187;30.0979;154.99;1.02557
21.6608;-21.0114;30.1773;155.064;0.832819
21.576;-21.1956;30.2453;155.148;0.648673
21.5127;-21.3809;30.3305;155.21;0.463315
21.4176;-21.5491;30.3822;155.305;0.295111
21.3715;-21.7535;30.4952;155.351;0.0907752
21.2532;-21.9429;30.5481;155.469;-0.0986234
21.2103;-22.1627;30.6767;155.512;-0.318425
21.1183;-22.3604;30.7567;155.605;-0.516191
21.0612;-22.5575;30.8612;155.663;-0.713236
20.9963;-22.7594;30.965;155.729;-0.915129
20.9037;-22.9515;31.0441;155.823;-1.10728
20.8674;-23.1502;31.167;155.86;-1.30597
20.7817;-23.3373;31.2491;155.948;-1.49304
20.7251;-23.5376;31.3616;156.006;-1.69338
20.6573;-23.7315;31.4628;156.077;-1.88722
20.603;-23.9255;31.5739;156.133;-2.08125
20.5486;-24.1109;31.6794;156.19;-2.2667
20.4858;-24.3057;31.7873;156.256;-2.46148
20.4258;-24.5173;31.911;156.319;-2.67304
20.3617;-24.6989;32.01;156.387;-2.8547
20.3158;-24.8766;32.1182;156.436;-3.03233
20.2494;-25.0822;32.2359;156.507;-3.23791
20.195;-25.2774;32.354;156.565;-3.43317
20.1543;-25.4631;32.4741;156.61;-3.61888
20.0656;-25.6517;32.5675;156.703;-3.80748
20.0306;-25.8293;32.6861;156.742;-3.98509
19.9516;-26.0141;32.7841;156.826;-4.16985
19.9256;-26.2167;32.9293;156.858;-4.37241
19.8293;-26.4012;33.0186;156.959;-4.55701
19.777;-26.5996;33.1462;157.017;-4.75538
19.6805;-26.7785;33.2326;157.119;-4.93422
19.6168;-26.9668;33.3471;157.189;-5.12258
19.5235;-27.1333;33.4273;157.288;-5.28903
19.4291;-27.3249;33.5282;157.389;-5.48064
19.3396;-27.4902;33.6115;157.484;-5.646
19.2375;-27.6656;33.6966;157.592;-5.82131
19.1124;-27.8085;33.7431;157.723;-5.96428
19.0236;-27.9886;33.8417;157.818;-6.14434
18.8534;-28.1342;33.8672;157.994;-6.28996
18.7384;-28.306;33.9464;158.116;-6.46172
18.5546;-28.4498;33.9656;158.306;-6.60554
18.4202;-28.6577;34.0671;158.449;-6.81342
18.2574;-28.7904;34.0913;158.617;-6.94611
18.1361;-28.9436;34.1562;158.745;-7.09931
17.9842;-29.0791;34.191;158.903;-7.23486
17.8554;-29.2443;34.2643;159.039;-7.40003
17.7178;-29.3889;34.3166;159.183;-7.54463
17.5829;-29.5371;34.3744;159.325;-7.69289
17.4422;-29.6848;34.4299;159.473;-7.84059
17.313;-29.8224;34.4835;159.609;-7.97811
17.1688;-29.9813;34.5492;159.761;-8.13709

17.0331;29.8702;34.3854;159.904;-8.28554
16.8263;29.8101;34.2311;160.114;-8.34565
16.6577;29.6778;34.0331;160.289;-8.47794
16.4505;29.5858;33.8517;160.501;-8.56997
16.304;29.4667;33.6765;160.653;-8.68911
16.1224;29.3882;33.5202;160.839;-8.76752
15.9695;29.2672;33.3406;160.998;-8.88851
15.789;29.1728;33.1715;161.184;-8.98292
15.6088;29.0935;33.0161;161.368;-9.06229
15.445;28.9594;32.8206;161.539;-9.19636
15.2308;28.9047;32.672;161.756;-9.25107
15.0592;28.7734;32.476;161.935;-9.38232
14.8429;28.7156;32.3249;162.154;-9.44018
14.6782;28.581;32.1298;162.327;-9.57473
14.4611;28.5333;31.9886;162.546;-9.62248
14.285;28.4054;31.7951;162.73;-9.75038
14.0754;28.3193;31.6244;162.944;-9.83643
13.8925;28.2414;31.4735;163.131;-9.91434
13.7132;28.2005;31.3579;163.313;-9.95527
13.5284;28.093;31.1807;163.504;-10.0628
13.3301;28.0523;31.0584;163.704;-10.1035
13.1455;27.9572;30.8935;163.894;-10.1985
12.9345;27.9458;30.794;164.106;-10.21
12.7352;27.8226;30.5987;164.312;-10.3332
