#1 AntPos X	#2 AntVel X	#3 AntPos Y	#4 AntVel Y	#5 AntAngle	
4.67329;-1.81301;-4.83649;0.244801;3.00738;
4.48416;-1.89136;-4.80208;0.344036;2.96166;
4.2887;-1.95459;-4.76756;0.345205;2.96678;
4.077;-2.11704;-4.73981;0.277556;3.01123;
3.88192;-1.9507;-4.73434;0.0547102;3.11355;
3.67281;-2.09115;-4.72892;0.0541403;3.11571;
3.47503;-1.97779;-4.74876;-0.198339;-3.04164;
3.29179;-1.83245;-4.77966;-0.309032;-2.97452;
3.09611;-1.95677;-4.81226;-0.32606;-2.97648;
2.90186;-1.94254;-4.84693;-0.34661;-2.96502;
2.6969;-2.04953;-4.87013;-0.23203;-3.02886;
2.4941;-2.02803;-4.89599;-0.258598;-3.01477;
2.29761;-1.96491;-4.927;-0.31011;-2.98506;
2.10126;-1.96353;-4.95255;-0.255536;-3.01218;
1.90476;-1.96497;-4.97873;-0.261751;-3.00916;
1.69158;-2.1318;-5.00224;-0.235079;-3.03176;
1.49881;-1.92769;-5.03217;-0.299299;-2.98756;
1.28227;-2.16543;-5.0819;-0.497375;-2.91582;
1.07721;-2.05052;-5.12836;-0.464569;-2.91879;
0.880435;-1.96779;-5.16881;-0.404453;-2.93888;
0.679275;-2.0116;-5.2038;-0.349996;-2.96933;
0.477142;-2.02133;-5.23554;-0.317315;-2.98588;
0.283603;-1.93539;-5.27135;-0.358175;-2.9586;
0.0924896;-1.91113;-5.31384;-0.424864;-2.92284;
-0.105248;-1.97738;-5.35074;-0.369022;-2.95709;
-0.293366;-1.88117;-5.40287;-0.521306;-2.87126;
-0.488807;-1.95441;-5.44743;-0.445524;-2.91746;
-0.677131;-1.88324;-5.4888;-0.41376;-2.92532;
-0.884607;-2.07476;-5.53056;-0.417609;-2.94297;
-1.06447;-1.79863;-5.58283;-0.522669;-2.85879;
-1.23783;-1.73362;-5.70557;-1.22741;-2.52552;
-1.39356;-1.55724;-5.82152;-1.15951;-2.50156;
-1.55379;-1.60236;-5.9555;-1.33976;-2.44521;
-1.7132;-1.59405;-6.08568;-1.30184;-2.45676;
-1.95838;-2.45186;-6.10163;-0.159445;-3.07665;
-2.14856;-1.90177;-6.10229;-0.0066071;-3.13812;
-2.34527;-1.96705;-6.10709;-0.0479875;-3.1172;
-2.55362;-2.0835;-6.08171;0.253757;3.0204;
-2.75539;-2.01775;-6.0571;0.246109;3.02022;
-2.95542;-2.00027;-6.03215;0.24952;3.01749;
-3.15338;-1.97962;-6.02065;0.114919;3.08361;
-3.35312;-1.9974;-6.00867;0.119832;3.08167;
-3.5486;-1.95478;-5.9979;0.107691;3.08656;
-3.75181;-2.03215;-5.98731;0.105959;3.0895;
-3.94887;-1.97055;-5.90092;0.863888;2.72843;
-4.12733;-1.78459;-5.8185;0.824178;2.70894;
-4.30951;-1.8218;-5.75414;0.643579;2.80201;
-4.49734;-1.87837;-5.68409;0.70054;2.78462;
-4.68142;-1.84074;-5.60978;0.743052;2.75793;
-4.86711;-1.85689;-5.5292;0.805871;2.73213;
-5.06019;-1.9308;-5.45911;0.700901;2.79337;
-5.26412;-2.03927;-5.39646;0.626472;2.84354;
-5.4871;-2.22986;-5.34164;0.548183;2.90054;
-5.67984;-1.92736;-5.29253;0.491086;2.8921;
-5.87756;-1.97725;-5.25414;0.383928;2.94981;
-6.05963;-1.82068;-5.20191;0.522315;2.86222;
-6.26117;-2.01544;-5.13424;0.676689;2.81767;
-6.45083;-1.8966;-5.07022;0.640139;2.81608;
-6.64634;-1.95505;-5.01127;0.589574;2.8487;
-6.82765;-1.81311;-4.95161;0.596531;2.82374;
-7.0169;-1.89253;-4.89565;0.559641;2.85408;
-7.20806;-1.91152;-4.84173;0.53924;2.86664;
-7.39953;-1.91472;-4.7868;0.549276;2.86222;
-7.59342;-1.93895;-4.74194;0.448552;2.91425;
-7.79156;-1.98134;-4.61327;1.28676;2.56561;
-7.9657;-1.74138;-4.49441;1.18856;2.54268;
-8.1219;-1.56203;-4.33644;1.57974;2.35056;
-8.17195;-0.500537;-4.10988;2.26556;1.78824;
-8.3497;-1.77747;-3.94594;1.63943;2.39657;
-8.51821;-1.68506;-3.8477;0.982396;2.61376;
-8.75338;-2.35175;-3.84375;0.0394674;3.12481;
-8.94643;-1.93048;-3.85491;-0.111553;-3.08387;
-9.14733;-2.00904;-3.87226;-0.17349;-3.05545;
-9.37129;-2.23959;-3.93535;-0.630992;-2.86697;
-9.56271;-1.91422;-3.9973;-0.619464;-2.82862;
-9.75169;-1.88981;-4.08989;-0.925936;-2.68601;
-9.93319;-1.815;-4.18919;-0.992973;-2.64098;
-10.1051;-1.71877;-4.29217;-1.02978;-2.60181;
-10.2727;-1.6767;-4.40854;-1.16372;-2.53487;
-10.438;-1.6525;-4.52359;-1.15048;-2.53342;
-10.5986;-1.60648;-4.64334;-1.19755;-2.50101;
-10.7825;-1.83869;-4.79284;-1.49492;-2.45895;
-10.9276;-1.45057;-4.91344;-1.20601;-2.44799;
-11.0952;-1.67653;-5.03293;-1.19489;-2.52238;
-11.2152;-1.1998;-5.16019;-1.27259;-2.32676;
-11.3305;-1.15271;-5.31103;-1.50843;-2.22331;
-11.4778;-1.4731;-5.46357;-1.52538;-2.33876;
-11.5953;-1.17546;-5.60557;-1.42005;-2.26224;
-11.7178;-1.22483;-5.75095;-1.45375;-2.27094;
-11.8461;-1.2827;-5.91088;-1.59931;-2.24678;
-11.974;-1.27892;-6.07053;-1.59658;-2.24617;
-12.099;-1.2506;-6.22421;-1.53678;-2.25388;
-12.2258;-1.26815;-6.3812;-1.56987;-2.25028;
-12.3774;-1.51568;-6.54061;-1.59413;-2.33097;
-12.5069;-1.29491;-6.68783;-1.47222;-2.2922;
-12.6362;-1.29305;-6.83624;-1.48403;-2.28753;
-12.7871;-1.50927;-6.98975;-1.5351;-2.34771;
-12.9285;-1.41412;-7.12746;-1.3771;-2.36946;
-13.0777;-1.49137;-7.27082;-1.43363;-2.37593;
-13.223;-1.4534;-7.3961;-1.25278;-2.43019;
-13.38;-1.57018;-7.5203;-1.24203;-2.47235;
-13.5348;-1.54787;-7.6471;-1.268;-2.45526;
-13.7302;-1.95396;-7.72877;-0.816713;-2.74568;
-13.9431;-2.12925;-7.71052;0.182498;3.05609;
-14.1471;-2.03938;-7.74995;-0.394322;-2.9506;
-14.3521;-2.05008;-7.69138;0.585795;2.86327;
-14.5153;-1.63246;-7.50753;1.83847;2.29691;
-14.6359;-1.20577;-7.3593;1.48228;2.25369;
-14.7619;-1.25997;-7.19976;1.59542;2.23925;
-14.862;-1.00114;-7.04814;1.51615;2.15439;
-14.9859;-1.2389;-6.87366;1.74485;2.18822;
-15.086;-1.00058;-6.70426;1.69403;2.10432;
-15.174;-0.880075;-6.51021;1.94046;1.99659;
-15.2733;-0.993123;-6.31622;1.93986;2.04396;
-15.3649;-0.9156;-6.14115;1.75073;2.05266;
-15.4549;-0.900897;-5.96226;1.78891;2.03732;
-15.5508;-0.958563;-5.73849;2.23769;1.97552;
-15.6266;-0.758452;-5.5629;1.75592;1.97853;
-15.7003;-0.736323;-5.35335;2.09547;1.90871;
-15.7699;-0.695795;-5.16779;1.85565;1.92953;
-15.8336;-0.637705;-4.98834;1.79448;1.91225;
-15.9019;-0.682524;-4.81281;1.75526;1.94165;
-15.9603;-0.584363;-4.61746;1.95356;1.86145;
-16.0911;-1.30786;-4.44495;1.72504;2.2195;
-16.2201;-1.29017;-4.28873;1.56221;2.26111;
-16.3724;-1.52284;-4.15621;1.32516;2.42549;
-16.5506;-1.78215;-4.06901;0.872028;2.68653;
-16.7332;-1.82628;-3.98451;0.845035;2.70822;
-16.9476;-2.14322;-4.007;-0.224954;-3.03701;
-17.143;-1.95402;-4.03566;-0.286577;-2.99597;
-17.3408;-1.97859;-4.0785;-0.428411;-2.92836;
-17.5327;-1.91907;-4.13499;-0.564874;-2.85533;
-17.7283;-1.95554;-4.21679;-0.818046;-2.74539;
-17.8917;-1.63371;-4.29165;-0.748598;-2.71192;
-18.0565;-1.64863;-4.40054;-1.08891;-2.55788;
-18.2042;-1.47716;-4.51022;-1.09679;-2.50291;
-18.3477;-1.4349;-4.64918;-1.38959;-2.37223;
-18.4878;-1.40111;-4.78301;-1.33826;-2.37914;
-18.6389;-1.51073;-4.91427;-1.31263;-2.42625;
-18.7675;-1.28588;-5.03673;-1.22461;-2.38059;
-18.9135;-1.46009;-5.16956;-1.32827;-2.40344;
-19.0663;-1.52741;-5.30355;-1.33986;-2.42151;
-19.2277;-1.61477;-5.42098;-1.1744;-2.51279;
-19.4149;-1.87171;-5.53551;-1.14527;-2.59248;
-19.5623;-1.47395;-5.64523;-1.0972;-2.50169;
-19.7156;-1.53317;-5.77496;-1.2973;-2.43934;
-19.8518;-1.36211;-5.9101;-1.35143;-2.36013;
-19.9901;-1.38312;-6.04788;-1.3778;-2.35812;
-20.1331;-1.42965;-6.18979;-1.41909;-2.3599;
-20.3018;-1.68652;-6.33192;-1.4213;-2.44133;
-20.4537;-1.5192;-6.4538;-1.21876;-2.46549;
-20.6023;-1.48593;-6.57743;-1.23629;-2.44764;
-20.7599;-1.57613;-6.70474;-1.27308;-2.46216;
-20.9282;-1.68359;-6.83368;-1.28948;-2.48799;
-21.075;-1.46748;-6.97348;-1.39794;-2.38046;
-21.2579;-1.82923;-7.13121;-1.57731;-2.43001;
-21.392;-1.34101;-7.27931;-1.48096;-2.30664;
-21.5242;-1.32218;-7.43094;-1.51638;-2.28789;
-21.6613;-1.37041;-7.57683;-1.4589;-2.32493;
-21.7925;-1.31234;-7.71862;-1.41786;-2.31756;
-21.9283;-1.35784;-7.86653;-1.47911;-2.31347;
-22.0775;-1.49236;-8.01198;-1.45452;-2.36903;
-22.2421;-1.64627;-8.14163;-1.29644;-2.47452;
-22.3768;-1.34657;-8.27834;-1.36717;-2.34861;
-22.5116;-1.34838;-8.43284;-1.54495;-2.28836;
-22.6138;-1.02203;-8.60235;-1.69506;-2.11338;
-22.7149;-1.01098;-8.77612;-1.73776;-2.09771;
-22.8184;-1.0343;-8.93882;-1.627;-2.13706;
-22.9263;-1.07875;-9.09915;-1.60329;-2.16306;
-23.0122;-0.859595;-9.28307;-1.83916;-2.00801;
-23.1038;-0.916398;-9.46971;-1.86645;-2.02721;
-23.1833;-0.794432;-9.65111;-1.81392;-1.9836;
-23.2667;-0.833879;-9.83841;-1.8731;-1.98964;
-23.3406;-0.739175;-10.028;-1.89545;-1.94263;
-23.406;-0.654043;-10.2248;-1.96845;-1.89158;
-23.4729;-0.668904;-10.4182;-1.93429;-1.90374;
-23.5347;-0.617919;-10.6097;-1.91515;-1.8829;
-23.583;-0.48328;-10.7971;-1.87386;-1.8232;
-23.638;-0.54957;-10.9917;-1.94614;-1.84602;
-23.7034;-0.653937;-11.1817;-1.89966;-1.90233;
-23.7722;-0.688826;-11.3752;-1.93437;-1.91289;
-23.8431;-0.708797;-11.5633;-1.88112;-1.93114;
-23.9197;-0.765992;-11.7611;-1.97819;-1.94024;
-24.0037;-0.840248;-11.9404;-1.7936;-2.0089;
-24.1123;-1.08504;-12.1312;-1.90707;-2.08807;
-24.2028;-0.905962;-12.3083;-1.77122;-2.04359;
-24.275;-0.721636;-12.5033;-1.94998;-1.92524;
-24.3219;-0.468795;-12.6988;-1.9554;-1.8061;
-24.373;-0.510774;-12.8874;-1.88622;-1.83525;
-24.4462;-0.731873;-13.0473;-1.59884;-2.00008;
-24.5454;-0.992179;-13.2263;-1.78987;-2.07696;
-24.6452;-0.998039;-13.3968;-1.7046;-2.10048;
-24.7826;-1.37462;-13.5691;-1.72307;-2.24418;
-24.9424;-1.59764;-13.739;-1.69883;-2.32551;
-25.0663;-1.23914;-13.9207;-1.81773;-2.16913;
-25.2389;-1.72613;-14.0485;-1.2777;-2.50439;
-25.413;-1.74036;-14.1598;-1.1131;-2.57258;
-25.5861;-1.7311;-14.2655;-1.05678;-2.59351;
-25.755;-1.68924;-14.3704;-1.04874;-2.586;
-25.9189;-1.63862;-14.4565;-0.861661;-2.65748;
-26.0991;-1.80227;-14.5439;-0.874044;-2.69004;
-26.2836;-1.84508;-14.6358;-0.918272;-2.6798;
-26.4683;-1.8469;-14.7122;-0.764465;-2.74915;
-26.6578;-1.89538;-14.77;-0.577739;-2.84572;
-26.846;-1.88204;-14.8272;-0.572404;-2.84634;
-27.057;-2.11001;-14.8883;-0.610676;-2.85987;
-27.2353;-1.78307;-14.9556;-0.67364;-2.78037;
-27.4232;-1.87911;-15.0254;-0.697183;-2.78632;
-27.6142;-1.90952;-15.0989;-0.735623;-2.77388;
-27.7896;-1.75356;-15.176;-0.770989;-2.72736;
-27.9738;-1.84225;-15.2319;-0.558396;-2.84729;
-28.1485;-1.74702;-15.2688;-0.368931;-2.93347;
-28.3621;-2.13664;-15.3162;-0.474444;-2.92309;
-28.5683;-2.06189;-15.3718;-0.556165;-2.87813;
-28.7545;-1.8618;-15.4226;-0.507408;-2.87552;
-28.9443;-1.89785;-15.4779;-0.553135;-2.85799;
-29.1397;-1.95448;-15.5379;-0.600084;-2.8437;
-29.3239;-1.84104;-15.6082;-0.703597;-2.77655;
-29.5282;-2.0432;-15.6772;-0.68908;-2.81632;
-29.7225;-1.94286;-15.7441;-0.669196;-2.80988;
-29.8951;-1.72636;-15.8229;-0.788643;-2.71308;

29.9047;-2.00184;-15.9189;-0.959141;-2.69478;
29.7256;-1.79157;-15.9842;-0.653238;-2.79195;
29.5476;-1.7795;-16.0303;-0.460949;-2.88813;
29.3448;-2.02833;-16.0928;-0.62544;-2.84249;
29.142;-2.02775;-16.1437;-0.508619;-2.89583;
28.974;-1.68027;-16.2187;-0.750538;-2.72151;
28.7491;-2.24834;-16.2725;-0.537506;-2.90693;
28.5582;-1.90961;-16.3456;-0.731189;-2.77591;
28.3741;-1.84079;-16.4256;-0.799576;-2.73182;
28.1792;-1.94879;-16.4961;-0.705057;-2.79445;
28.0212;-1.58068;-16.5786;-0.825237;-2.66044;
27.8532;-1.67978;-16.6615;-0.828822;-2.68323;
27.6763;-1.76872;-16.758;-0.965765;-2.64181;
27.4983;-1.77959;-16.8725;-1.14471;-2.56998;
27.3095;-1.88851;-16.9339;-0.613786;-2.82735;
27.1185;-1.91014;-16.9927;-0.587986;-2.84297;
26.9364;-1.82124;-17.0444;-0.516702;-2.86515;
26.7294;-2.06921;-17.111;-0.666414;-2.83002;
26.5362;-1.93214;-17.179;-0.680029;-2.80318;
26.3414;-1.94802;-17.2379;-0.58865;-2.84814;
26.1454;-1.96034;-17.2817;-0.438618;-2.92147;
25.9427;-2.02685;-17.3186;-0.368746;-2.96163;
25.752;-1.90717;-17.3573;-0.386563;-2.94161;
25.5907;-1.61243;-17.3961;-0.388334;-2.90526;
25.3954;-1.9537;-17.4425;-0.463641;-2.90859;
25.2203;-1.7504;-17.4854;-0.42971;-2.90086;
25.0374;-1.82921;-17.5139;-0.284569;-2.98726;
24.8294;-2.08025;-17.5768;-0.629156;-2.8479;
24.6401;-1.89305;-17.636;-0.592338;-2.83834;
24.4525;-1.8763;-17.7137;-0.776225;-2.74933;
24.2684;-1.84085;-17.8031;-0.894236;-2.68939;
24.0898;-1.78597;-17.8775;-0.743674;-2.74703;
23.9058;-1.83977;-17.9603;-0.828918;-2.71828;
23.7126;-1.9323;-18.068;-1.07667;-2.63324;
23.5551;-1.57506;-18.1676;-0.996094;-2.57768;
23.3775;-1.77522;-18.2889;-1.21278;-2.54225;
23.2105;-1.67037;-18.4278;-1.38935;-2.44778;
23.0569;-1.53631;-18.5575;-1.29682;-2.44053;
22.9103;-1.46532;-18.6902;-1.32648;-2.40588;
22.779;-1.31293;-18.8371;-1.46946;-2.3;
22.655;-1.2408;-18.9748;-1.37651;-2.30439;
22.5288;-1.26177;-19.125;-1.50281;-2.26923;
22.4078;-1.20984;-19.2904;-1.65359;-2.20244;
22.3023;-1.05485;-19.4669;-1.76533;-2.1094;
22.2116;-0.907167;-19.6582;-1.91255;-2.01369;
22.1281;-0.835331;-19.8328;-1.74566;-2.01711;
22.0349;-0.931464;-20.0167;-1.83977;-2.03947;
21.9505;-0.844608;-20.1882;-1.71466;-2.02849;
21.8589;-0.91598;-20.3906;-2.02409;-1.99576;
21.7755;-0.833664;-20.5732;-1.82617;-1.99905;
21.665;-1.10461;-20.7607;-1.87445;-2.10331;
21.5736;-0.913977;-20.9373;-1.76648;-2.04827;
21.4927;-0.809529;-21.1064;-1.69079;-2.01733;
21.4071;-0.855824;-21.2629;-1.56517;-2.07117;
21.3768;-0.302815;-21.4403;-1.77404;-1.73986;
21.3555;-0.213338;-21.6559;-2.15554;-1.66945;
21.3298;-0.257088;-21.8541;-1.98229;-1.69977;
21.2961;-0.336786;-22.0359;-1.81822;-1.75395;
21.2389;-0.572083;-22.199;-1.63083;-1.90818;
21.1671;-0.717814;-22.396;-1.97;-1.92022;
21.0915;-0.756537;-22.5808;-1.84779;-1.9594;
21.0208;-0.706374;-22.7726;-1.91774;-1.92371;
20.9679;-0.528986;-22.9624;-1.89821;-1.84258;
20.9187;-0.491791;-23.1526;-1.90216;-1.8238;
20.8558;-0.629705;-23.3564;-2.038;-1.87047;
20.79;-0.657234;-23.544;-1.87605;-1.90776;
20.7113;-0.787592;-23.7193;-1.75315;-1.99302;
20.5958;-1.15473;-23.903;-1.83719;-2.13193;
20.495;-1.00806;-24.0658;-1.62814;-2.12518;
20.4145;-0.805157;-24.2462;-1.80389;-1.99061;
20.3468;-0.676834;-24.4245;-1.78278;-1.93364;
20.2792;-0.675868;-24.6035;-1.79007;-1.93181;
20.2463;-0.32959;-24.8088;-2.05279;-1.72999;
20.2345;-0.117313;-25.0115;-2.02724;-1.6286;
20.2173;-0.17231;-25.2109;-1.9938;-1.65701;
20.1986;-0.187402;-25.3834;-1.72502;-1.67901;
20.1686;-0.2992;-25.5858;-2.02365;-1.71758;
20.1208;-0.47851;-25.7894;-2.03579;-1.80165;
20.0858;-0.349825;-25.984;-1.94631;-1.74864;
20.0294;-0.564209;-26.1787;-1.94686;-1.85287;
19.9728;-0.565788;-26.3598;-1.81175;-1.87349;
19.9126;-0.602361;-26.5513;-1.91456;-1.87561;
19.8732;-0.393264;-26.7356;-1.84261;-1.78107;
19.8182;-0.550959;-26.9329;-1.97334;-1.84306;
19.749;-0.691605;-27.1252;-1.92312;-1.91602;
19.6814;-0.676152;-27.316;-1.90766;-1.91142;
19.6056;-0.758099;-27.4993;-1.83362;-1.96284;
19.5231;-0.824447;-27.6876;-1.88278;-1.98353;
19.422;-1.01161;-27.8527;-1.65092;-2.12054;
19.3338;-0.881823;-28.0098;-1.57138;-2.08218;
19.2165;-1.17304;-28.1832;-1.7335;-2.1657;
19.0988;-1.17626;-28.3483;-1.65129;-2.18975;
18.9505;-1.48315;-28.4803;-1.31934;-2.41458;
18.7649;-1.85622;-28.5663;-0.860306;-2.70759;
18.5541;-2.10788;-28.6188;-0.525623;-2.89722;
18.3751;-1.79031;-28.7467;-1.27824;-2.52155;
18.2152;-1.59917;-28.922;-1.75337;-2.31023;
18.0924;-1.22788;-29.0804;-1.58356;-2.23035;
17.963;-1.29342;-29.2351;-1.54738;-2.26703;
17.8527;-1.10359;-29.3983;-1.63181;-2.16544;
17.7045;-1.48225;-29.5606;-1.62309;-2.31087;
17.5603;-1.44111;-29.702;-1.4144;-2.36555;
17.4061;-1.54285;-29.8428;-1.4072;-2.40215;
17.2737;-1.32357;-29.9772;-1.34487;-2.34822;

17.1331;-1.40579;29.8802;-1.42599;-2.34906;
16.9672;-1.65964;29.7707;-1.09493;-2.5584;
16.7569;-2.10313;29.6647;-1.05976;-2.67483;
16.5694;-1.87401;29.5798;-0.848647;-2.71637;
16.3846;-1.84823;29.4834;-0.964378;-2.66067;
16.225;-1.59676;29.355;-1.28412;-2.4643;
16.0343;-1.90689;29.2384;-1.16598;-2.59279;
15.8529;-1.81313;29.1565;-0.818941;-2.71735;
15.6343;-2.18683;29.0814;-0.751038;-2.81078;
15.4446;-1.89708;29.0139;-0.674433;-2.80002;
15.26;-1.84563;28.9362;-0.777761;-2.74277;
15.0836;-1.76345;28.8526;-0.835804;-2.69899;
14.9073;-1.7633;28.7629;-0.896809;-2.67109;
14.7336;-1.73764;28.6656;-0.972731;-2.63126;
14.5604;-1.73141;28.5669;-0.987635;-2.62321;
14.3884;-1.72042;28.4682;-0.987078;-2.6207;
14.2162;-1.72148;28.3667;-1.0149;-2.60889;
14.0376;-1.78653;28.2837;-0.829353;-2.70697;
13.8578;-1.79766;28.179;-1.0476;-2.61395;
13.6829;-1.74861;28.0857;-0.933045;-2.65143;
13.4994;-1.83585;28.0107;-0.750003;-2.75375;
13.3192;-1.80133;27.9379;-0.72813;-2.75746;
13.1307;-1.88547;27.8581;-0.797956;-2.74124;
12.943;-1.87686;27.7788;-0.792483;-2.74206;
12.7538;-1.89242;27.7155;-0.632774;-2.81891;
12.5523;-2.01406;27.6558;-0.59744;-2.85323;
12.3585;-1.93878;27.6094;-0.464134;-2.90662;
12.1689;-1.89549;27.5985;-0.109029;-3.08414;
11.9575;-2.1144;27.5835;-0.14996;-3.07079;
11.7658;-1.91701;27.5946;0.111394;3.08355;
11.5606;-2.05216;27.5752;-0.194138;-3.04727;
11.3555;-2.05056;27.5352;-0.400272;-2.94882;
11.1683;-1.87206;27.495;-0.40147;-2.93034;
10.9625;-2.0582;27.4567;-0.38335;-2.95745;
10.7712;-1.91297;27.4077;-0.489669;-2.891;
10.5834;-1.87816;27.3694;-0.383073;-2.94039;
10.385;-1.984;27.3201;-0.492891;-2.89809;
10.1895;-1.95513;27.2626;-0.575163;-2.85548;
10.0142;-1.75212;27.1928;-0.698413;-2.76228;
9.81193;-2.0231;27.1329;-0.598786;-2.85383;
9.61872;-1.93212;27.0696;-0.633225;-2.82489;
9.44022;-1.78498;26.9825;-0.870944;-2.68765;
9.25658;-1.83642;26.8884;-0.940553;-2.66826;
9.05584;-2.00738;26.8032;-0.852682;-2.73991;
8.86212;-1.93718;26.727;-0.761122;-2.76722;
8.66882;-1.93304;26.6798;-0.472846;-2.90169;
8.44193;-2.26894;26.6407;-0.390199;-2.97128;
8.25266;-1.89266;26.6198;-0.209393;-3.03141;
8.04977;-2.02893;26.6166;-0.0319307;-3.12586;
7.86083;-1.88937;26.6169;0.00288685;3.14006;
7.65893;-2.019;26.6189;0.0196075;3.13188;
7.45934;-1.99592;26.6219;0.0300569;3.12653;
7.25821;-2.01123;26.6238;0.0194911;3.1319;
7.04184;-2.16371;26.6287;0.0484189;3.11922;
6.83142;-2.10424;26.6296;0.0091504;3.13724;
6.63069;-2.00728;26.6288;-0.00808187;-3.13757;
6.42849;-2.02197;26.6287;-0.000203212;-3.14149;
6.22596;-2.02532;26.6217;-0.0706264;-3.10673;
6.01661;-2.09357;26.6155;-0.0621715;-3.1119;
5.82062;-1.95984;26.6048;-0.106873;-3.08712;
5.62333;-1.97296;26.6084;0.0365612;3.12306;
5.42689;-1.96432;26.6231;0.146875;3.06696;
5.24239;-1.845;26.6108;-0.123375;-3.07482;
5.04908;-1.93313;26.5815;-0.293097;-2.99112;
4.85987;-1.89215;26.5421;-0.393213;-2.9367;
4.66866;-1.9121;26.5073;-0.348288;-2.96142;
4.4684;-2.00257;26.4853;-0.2197;-3.03232;
4.27858;-1.89821;26.4674;-0.179913;-3.04709;
4.07642;-2.02161;26.4488;-0.185407;-3.05014;
3.88754;-1.8888;26.421;-0.277898;-2.99551;
3.67425;-2.13286;26.4045;-0.165317;-3.06424;
3.46883;-2.05419;26.3931;-0.114429;-3.08595;
3.28023;-1.88599;26.3956;0.0252907;3.12818;
3.07902;-2.01214;26.3933;-0.0226946;-3.13031;
2.87323;-2.0579;26.3786;-0.146624;-3.07046;
2.67526;-1.97968;26.3649;-0.137777;-3.07211;
2.47329;-2.0197;26.3581;-0.0677875;-3.10804;
2.3034;-1.69895;26.3642;0.0612317;3.10557;
2.12516;-1.78235;26.373;0.0883438;3.09207;
1.92495;-2.00216;26.3856;0.125978;3.07875;
1.72469;-2.0026;26.4032;0.175084;3.05439;
1.52783;-1.96855;26.4274;0.242351;3.0191;
1.32909;-1.98743;26.4494;0.220026;3.03133;
1.14975;-1.79339;26.4866;0.371826;2.93716;
0.935787;-2.13963;26.5077;0.211666;3.04299;
0.752547;-1.8324;26.5167;0.0900004;3.09252;
0.529459;-2.23088;26.5375;0.207865;3.04868;
0.340846;-1.88613;26.5412;0.036529;3.12223;
0.148182;-1.92665;26.5372;-0.0397785;-3.12095;
-0.0451026;-1.93284;26.5082;-0.290066;-2.99263;
-0.255113;-2.1001;26.4708;-0.373907;-2.9654;
-0.450249;-1.95136;26.4125;-0.582692;-2.85141;
-0.639647;-1.89398;26.3294;-0.831476;-2.72791;
-0.813561;-1.73914;26.2454;-0.840397;-2.69145;
-0.979376;-1.65815;26.1313;-1.14086;-2.53894;
-1.13544;-1.5606;26.0319;-0.993901;-2.5745;
-1.29324;-1.57806;25.9048;-1.27093;-2.46358;
-1.44638;-1.53139;25.7721;-1.32652;-2.42776;
-1.60318;-1.56794;25.6417;-1.3039;-2.44788;
-1.75654;-1.53369;25.5234;-1.18323;-2.48448;
-1.91745;-1.60905;25.3944;-1.28973;-2.46591;
-2.06641;-1.48957;25.2516;-1.42814;-2.37725;
-2.19771;-1.31308;25.1141;-1.37537;-2.33303;
-2.34673;-1.49012;24.9715;-1.42631;-2.37807;
-2.48349;-1.36761;24.8089;-1.62544;-2.27026;
-2.62367;-1.40183;24.6672;-1.41766;-2.35058;
-2.76015;-1.36479;24.5256;-1.41555;-2.33794;
-2.89627;-1.3612;24.3821;-1.43494;-2.32983;
-3.0255;-1.29228;24.2521;-1.30036;-2.35308;
-3.14973;-1.24235;24.0979;-1.54158;-2.24912;
-3.27932;-1.2959;23.9451;-1.52795;-2.2742;
-3.42309;-1.43765;23.7955;-1.4965;-2.33614;
-3.56353;-1.4044;23.6429;-1.52543;-2.31491;
-3.70049;-1.36965;23.5033;-1.39618;-2.3466;
-3.85057;-1.50078;23.3722;-1.31072;-2.42369;
-4.0089;-1.58335;23.2426;-1.29592;-2.45569;
-4.15839;-1.49489;23.1423;-1.00349;-2.5504;
-4.32339;-1.64998;23.0312;-1.11093;-2.54901;
-4.47185;-1.48459;22.9131;-1.18132;-2.46947;
-4.63296;-1.61109;22.804;-1.09036;-2.54662;
-4.80045;-1.6749;22.6922;-1.11858;-2.55277;
-4.96535;-1.64902;22.584;-1.08144;-2.56115;
-5.14295;-1.776;22.4753;-1.08679;-2.59244;
-5.30806;-1.65109;22.3811;-0.942872;-2.62272;
-5.47988;-1.71819;22.2783;-1.02787;-2.60248;
-5.65541;-1.75535;22.1784;-0.998632;-2.62435;
-5.80964;-1.54226;22.0473;-1.31119;-2.437;
-5.99734;-1.87698;21.9231;-1.24212;-2.55699;
-6.1517;-1.5436;21.8069;-1.16197;-2.49632;
-6.3059;-1.54202;21.6775;-1.29352;-2.44361;
-6.45696;-1.51058;21.5407;-1.36809;-2.40565;
-6.61183;-1.54867;21.3988;-1.41937;-2.39973;
-6.7616;-1.49775;21.259;-1.39755;-2.39079;
-6.90431;-1.4271;21.1123;-1.46711;-2.34237;
-7.04965;-1.45333;20.9745;-1.37771;-2.3829;
-7.2005;-1.50858;20.8475;-1.2702;-2.44177;
-7.36503;-1.64524;20.7234;-1.24097;-2.49536;
-7.55541;-1.90378;20.6155;-1.07883;-2.62604;
-7.74641;-1.91008;20.5176;-0.979653;-2.66769;
-7.95011;-2.03692;20.4522;-0.653446;-2.83116;
-8.15621;-2.06107;20.4162;-0.359924;-2.96871;
-8.3526;-1.96388;20.3979;-0.183016;-3.04867;
-8.54626;-1.93661;20.3229;-0.750463;-2.7719;
-8.72205;-1.75787;20.2303;-0.925987;-2.65676;
-8.88825;-1.66196;20.121;-1.09337;-2.5597;
-9.02484;-1.36592;20.0204;-1.00578;-2.50689;
-9.17886;-1.54019;19.8938;-1.26553;-2.45378;
-9.33152;-1.52668;19.7617;-1.32155;-2.42809;
-9.48701;-1.55481;19.6348;-1.26825;-2.45736;
-9.65533;-1.68323;19.5226;-1.12266;-2.55338;
-9.82932;-1.73987;19.3967;-1.25913;-2.51514;
-9.99408;-1.6476;19.2834;-1.13241;-2.53944;
-10.1568;-1.62681;19.1596;-1.23877;-2.49079;
-10.3388;-1.82026;19.0285;-1.31036;-2.51765;
-10.4891;-1.5034;18.9326;-0.95901;-2.57378;
-10.6557;-1.66616;18.8228;-1.09811;-2.55887;
-10.8188;-1.63091;18.7099;-1.12933;-2.53595;
-11.0033;-1.84463;18.5861;-1.23763;-2.55064;
-11.1756;-1.72351;18.4819;-1.04197;-2.59783;
-11.3504;-1.74715;18.379;-1.02943;-2.60915;
-11.5299;-1.79501;18.2819;-0.970477;-2.64595;
-11.7088;-1.78984;18.1706;-1.11343;-2.58509;
-11.8843;-1.75424;18.0599;-1.1072;-2.57858;
-12.0555;-1.71208;17.9518;-1.08072;-2.57853;
-12.2199;-1.64373;17.8484;-1.03361;-2.58025;
-12.3775;-1.57698;17.729;-1.19409;-2.4935;
-12.5259;-1.48391;17.595;-1.34043;-2.40695;
-12.6687;-1.42721;17.4633;-1.31716;-2.39627;
-12.8174;-1.48768;17.3296;-1.33659;-2.40964;
-12.9944;-1.76934;17.2508;-0.787762;-2.72271;
-13.1719;-1.77578;17.1493;-1.01526;-2.62222;
-13.3811;-2.09156;17.1067;-0.426039;-2.94065;
-13.572;-1.90913;17.0564;-0.503007;-2.88397;
-13.7961;-2.24136;17.0987;0.422762;2.95516;
-13.9973;-2.01129;17.1528;0.541796;2.87846;
-14.1736;-1.76289;17.3339;1.8105;2.34287;
-14.2722;-0.986788;17.4904;1.56528;2.13329;
-14.3761;-1.03906;17.6582;1.67788;2.12527;
-14.4786;-1.02401;17.8389;1.80717;2.08632;
-14.5361;-0.575324;18.0297;1.9074;1.86374;
-14.6292;-0.930759;18.214;1.84314;2.03842;
-14.7062;-0.770257;18.4088;1.94791;1.94735;
-14.7854;-0.792065;18.599;1.90176;1.96544;
-14.8424;-0.569601;18.7981;1.99117;1.84942;
-14.941;-0.986251;18.9789;1.80843;2.07007;
-15.0054;-0.643939;19.1722;1.93263;1.89242;
-15.1003;-0.948947;19.3474;1.75209;2.06717;
-15.1764;-0.761795;19.529;1.81594;1.968;
-15.2733;-0.968198;19.701;1.72016;2.08346;
-15.3565;-0.832037;19.8964;1.95447;1.97327;
-15.4691;-1.12588;20.0677;1.71305;2.15224;
-15.575;-1.05924;20.2319;1.64169;2.1438;
-15.6858;-1.10802;20.4096;1.77649;2.12847;
-15.7864;-1.00621;20.5572;1.47647;2.16899;
-15.868;-0.815764;20.7155;1.5832;2.04658;
-15.9778;-1.0986;20.8861;1.70573;2.14299;
-16.0776;-0.997741;21.058;1.71938;2.0966;
-16.1818;-1.04162;21.2147;1.56635;2.15765;
-16.2975;-1.15749;21.3583;1.43593;2.24924;
-16.3764;-0.788679;21.569;2.10709;1.92895;
-16.5395;-1.63079;21.7241;1.55128;2.38118;
-16.6463;-1.06822;21.8998;1.75691;2.11708;
-16.76;-1.13746;22.0557;1.559;2.20112;
-16.8708;-1.10794;22.2208;1.65107;2.16182;
-16.9789;-1.0806;22.3796;1.58779;2.16836;
-17.0921;-1.13169;22.5447;1.6511;2.17167;
-17.2281;-1.36042;22.6765;1.31761;2.37218;
-17.3195;-0.913654;22.8504;1.73915;2.05451;
-17.4571;-1.37584;22.9974;1.47053;2.32294;
-17.5475;-0.904419;23.1622;1.64817;2.07267;
-17.6715;-1.23974;23.3211;1.58869;2.23344;
-17.7725;-1.01015;23.4868;1.65665;2.11836;
-17.8821;-1.09596;23.6423;1.55498;2.18474;
-17.9697;-0.876564;23.801;1.58765;2.07526;
-18.084;-1.14239;23.9666;1.65516;2.17491;
-18.1654;-0.814448;24.1302;1.63618;2.03266;
-18.2818;-1.16413;24.284;1.5384;2.21858;
-18.3835;-1.01711;24.4759;1.9186;2.05826;
-18.4956;-1.12016;24.643;1.67138;2.16124;
-18.5989;-1.0336;24.8125;1.6949;2.11841;
-18.6928;-0.939229;24.9904;1.77867;2.05663;
-18.7955;-1.02686;25.1801;1.89768;2.06679;
-18.8966;-1.01088;25.3533;1.73173;2.09917;
-18.9737;-0.771101;25.5186;1.653;2.00727;
-19.0588;-0.850785;25.6943;1.75673;2.02181;
-19.1572;-0.984427;25.858;1.637;2.11222;
-19.2188;-0.615087;26.0509;1.92876;1.8795;
-19.3001;-0.813033;26.2268;1.75908;2.00374;
-19.3735;-0.734005;26.4116;1.84797;1.94888;
-19.454;-0.804926;26.5842;1.72678;2.00699;
-19.5116;-0.576334;26.7911;2.06878;1.84249;
-19.6092;-0.976132;26.976;1.84919;2.05649;
-19.6509;-0.416565;27.19;2.13995;1.76305;
-19.7394;-0.885486;27.3667;1.76662;2.03543;
-19.7879;-0.484975;27.5625;1.95841;1.81355;
-19.8771;-0.891613;27.7384;1.75861;2.04003;
-19.9279;-0.50839;27.9352;1.968;1.8236;
-20.0278;-0.998747;28.1298;1.94647;2.04488;
-20.0913;-0.635069;28.3143;1.84481;1.90234;
-20.1691;-0.778641;28.5079;1.93553;1.95327;
-20.2491;-0.799983;28.7;1.92147;1.96531;
-20.3335;-0.843171;28.8908;1.90801;1.9869;
-20.3847;-0.512673;29.0825;1.91714;1.8321;
-20.4756;-0.90866;29.2703;1.87785;2.02147;
-20.58;-1.04362;29.4485;1.78162;2.10069;
-20.669;-0.89075;29.6295;1.81066;2.02798;
-20.7481;-0.790978;29.8187;1.89182;1.96681;

-20.8395;-0.913534;-29.9953;1.8593;2.02748;
-20.9633;-1.23824;-29.8347;1.60599;2.22761;
-21.0782;-1.14871;-29.6664;1.68367;2.16952;
-21.1859;-1.07689;-29.4953;1.7111;2.13252;
-21.3007;-1.14872;-29.33;1.65258;2.17823;
-21.4001;-0.994067;-29.1628;1.67251;2.10706;
-21.5245;-1.24385;-29.0037;1.59043;2.23452;
-21.6359;-1.11362;-28.8263;1.77365;2.13146;
-21.7446;-1.08681;-28.6482;1.78175;2.11851;
-21.8567;-1.12173;-28.5061;1.4212;2.23897;
-21.9612;-1.04402;-28.336;1.70031;2.12146;
-22.0685;-1.07353;-28.1789;1.57107;2.17023;
-22.148;-0.794597;-28.0187;1.60169;2.03132;
-22.2681;-1.20087;-27.8554;1.63353;2.20472;
-22.3679;-0.998843;-27.6763;1.79128;2.07947;
-22.4798;-1.1188;-27.501;1.75269;2.13893;
-22.5658;-0.860233;-27.3184;1.82615;2.01103;
-22.6578;-0.919745;-27.1447;1.73705;2.05775;
-22.7508;-0.929999;-26.9728;1.71897;2.06672;
-22.8166;-0.658122;-26.7607;2.1203;1.87176;
-22.8987;-0.821148;-26.5735;1.87209;1.98415;
-22.9543;-0.555188;-26.3818;1.91734;1.85265;
-23.0163;-0.620655;-26.1919;1.899;1.88668;
-23.0913;-0.749575;-26.011;1.80939;1.96354;
-23.1199;-0.28644;-25.7979;2.13074;1.70443;
-23.1659;-0.459812;-25.6081;1.89796;1.80848;
-23.1976;-0.317194;-25.4026;2.05529;1.72392;
-23.2481;-0.50512;-25.2092;1.93361;1.82632;
-23.282;-0.338736;-25.0093;1.99932;1.73863;
-23.3213;-0.393024;-24.8015;2.07792;1.75773;
-23.3378;-0.164819;-24.5994;2.02063;1.65218;
-23.3943;-0.564835;-24.3849;2.1447;1.82831;
-23.4343;-0.400456;-24.1851;1.99812;1.76859;
-23.5034;-0.690949;-23.9768;2.08331;1.89104;
-23.5255;-0.221024;-23.7772;1.99566;1.6811;
-23.5805;-0.549786;-23.5883;1.88897;1.85402;
-23.6043;-0.238321;-23.3871;2.01239;1.68867;
-23.617;-0.126896;-23.1903;1.968;1.63519;
-23.6779;-0.608625;-22.994;1.96321;1.87142;
-23.6817;-0.0382178;-22.7936;2.00377;1.58987;
-23.7322;-0.504645;-22.5925;2.01074;1.81669;
-23.7437;-0.1153;-22.3949;1.97593;1.62908;
-23.7871;-0.433889;-22.1837;2.1126;1.77336;
-23.7962;-0.0913805;-21.9746;2.09093;1.61447;
-23.8297;-0.334622;-21.7861;1.88462;1.74652;
-23.8469;-0.172564;-21.583;2.03128;1.65555;
-23.8416;0.0535543;-21.3839;1.99046;1.5439;
-23.8756;-0.340551;-21.1809;2.03094;1.73693;
-23.8788;-0.031669;-20.9737;2.072;1.58608;
-23.8852;-0.0636152;-20.7864;1.87283;1.60475;
-23.8824;0.0277305;-20.5721;2.14312;1.55786;
-23.868;0.144409;-20.3786;1.93433;1.49628;
-23.8751;-0.0714409;-20.1767;2.01877;1.60617;
-23.8074;0.677163;-19.9559;2.20881;1.27332;
-23.8378;-0.304547;-19.7313;2.24535;1.70561;
-23.791;0.468537;-19.5444;1.86909;1.32518;
-23.7939;-0.0290608;-19.3425;2.01917;1.58519;
-23.7472;0.467087;-19.1583;1.84178;1.32243;
-23.7365;0.10658;-18.9401;2.18198;1.52199;
-23.6821;0.544688;-18.7293;2.10799;1.31793;
-23.6763;0.0578691;-18.5209;2.08388;1.54303;
-23.6225;0.537846;-18.3204;2.00533;1.30876;
-23.5841;0.383469;-18.1296;1.90836;1.3725;
-23.5314;0.527555;-17.9449;1.84637;1.29249;
-23.4721;0.592755;-17.7513;1.93683;1.2738;
-23.3832;0.888645;-17.5706;1.80677;1.1137;
-23.3671;0.161375;-17.3638;2.0675;1.4929;
-23.2824;0.84684;-17.1854;1.78413;1.12763;
-23.2349;0.475585;-16.9773;2.0814;1.34616;
-23.2094;0.255108;-16.7786;1.98699;1.44311;
-23.1419;0.67479;-16.5983;1.80306;1.21269;
-23.1176;0.243041;-16.413;1.85293;1.44037;
-23.0199;0.976845;-16.247;1.65993;1.03889;
-22.9916;0.282665;-16.0337;2.13321;1.43906;
-22.8651;1.26542;-15.8508;1.82884;0.96551;
-22.8228;0.422502;-15.6557;1.95059;1.35749;
-22.6494;1.73478;-15.4864;1.69359;0.773384;
-22.5501;0.992443;-15.2916;1.94808;1.09962;
-22.3976;1.52466;-15.1651;1.26429;0.69231;
-22.2904;1.07281;-14.9767;1.88452;1.05328;
-22.0943;1.96071;-14.8608;1.15825;0.533575;
-21.9644;1.29869;-14.7146;1.46271;0.844723;
-21.7598;2.04641;-14.6377;0.768649;0.359304;
-21.6391;1.2064;-14.4974;1.40321;0.860674;
-21.3838;2.55373;-14.4418;0.555484;0.214182;
-21.221;1.62816;-14.317;1.24856;0.6542;
-20.9795;2.41449;-14.2876;0.294202;0.121251;
-20.7908;1.88725;-14.1696;1.1797;0.558664;
-20.562;2.28809;-14.1439;0.257099;0.111894;
-20.375;1.86969;-14.0395;1.0443;0.509377;
-20.167;2.08029;-14.0432;-0.0377398;-0.0181396;
-19.9739;1.93048;-13.9005;1.42763;0.636762;
-19.7316;2.4228;-13.906;-0.0550269;-0.0227083;
-19.5378;1.93854;-13.7765;1.2943;0.588695;
-19.3196;2.18191;-13.7421;0.343992;0.15637;
-19.1378;1.81828;-13.6095;1.32603;0.630106;
-18.9184;2.19417;-13.5681;0.414227;0.186589;
-18.7449;1.73462;-13.4304;1.37734;0.671088;
-18.5338;2.11138;-13.3752;0.551949;0.255695;
-18.368;1.65762;-13.2073;1.67894;0.791787;
-18.1396;2.28366;-13.1486;0.587277;0.25171;
-17.9867;1.52955;-13.0136;1.34985;0.723068;
-17.7659;2.20809;-12.981;0.326207;0.146672;
-17.5957;1.70201;-12.8144;1.66531;0.774499;
-17.3766;2.19106;-12.7539;0.6052;0.269494;
-17.2056;1.70971;-12.6304;1.23558;0.625788;
-16.986;2.19621;-12.6146;0.157658;0.0716636;
-16.7966;1.89394;-12.4662;1.4842;0.664693;
-16.5606;2.35935;-12.4407;0.25502;0.107671;
-16.3527;2.07924;-12.302;1.38691;0.588252;
-16.1447;2.07995;-12.2894;0.126045;0.0605261;
-15.9537;1.91022;-12.1379;1.51423;0.670275;
-15.7302;2.23454;-12.0768;0.611414;0.267083;
-15.5522;1.77994;-11.967;1.09847;0.552928;
-15.3461;2.0616;-11.9363;0.306508;0.147594;
-15.1763;1.69791;-11.7697;1.66647;0.776054;
-14.9491;2.27179;-11.7163;0.533915;0.230831;
-14.78;1.6907;-11.5273;1.88986;0.840963;
-14.5713;2.08714;-11.4478;0.794692;0.363808;
-14.4367;1.34608;-11.2409;2.06871;0.993938;
-14.2447;1.92036;-11.1221;1.18885;0.554328;
-14.1689;0.757599;-10.8898;2.32283;1.25552;
-14.0607;1.08182;-10.7116;1.78204;1.0252;
-14.0766;-0.158912;-10.478;2.33568;1.63873;
-13.9937;0.829816;-10.2726;2.05409;1.18686;
-14.0495;-0.55839;-10.0298;2.42761;1.79688;
-14.0213;0.281498;-9.82046;2.09375;1.43715;
-14.1033;-0.820033;-9.61268;2.07775;1.9467;
-14.0774;0.259191;-9.39121;2.2147;1.45429;
-14.1665;-0.891143;-9.17555;2.15661;1.96264;
-14.1261;0.40451;-8.93693;2.38616;1.40287;
-14.1951;-0.689743;-8.72194;2.14993;1.88124;
-14.1521;0.429837;-8.49754;2.24397;1.38154;
-14.2614;-1.09276;-8.26101;2.36538;2.00357;
-14.2636;-0.0220057;-8.04974;2.11267;1.58121;
-14.4086;-1.45073;-7.85187;1.97869;2.20344;
-14.4379;-0.292844;-7.62506;2.26811;1.6992;
-14.5979;-1.60017;-7.47941;1.45649;2.40317;
-14.6543;-0.563242;-7.24254;2.36872;1.80424;
-14.8186;-1.6436;-7.08042;1.62122;2.36305;
-14.8661;-0.475134;-6.83108;2.49332;1.7591;
-15.031;-1.64909;-6.65859;1.72493;2.33372;
-15.0924;-0.613949;-6.43699;2.21601;1.84107;
-15.2268;-1.34328;-6.26255;1.74438;2.22701;
-15.2831;-0.563047;-6.0558;2.06748;1.83668;
-15.4316;-1.48582;-5.87557;1.80231;2.26024;
-15.4973;-0.656692;-5.66097;2.14601;1.86775;
-15.6491;-1.51783;-5.51966;1.41314;2.3919;
-15.7038;-0.546908;-5.25563;2.64028;1.77505;
-15.8932;-1.89415;-5.09182;1.63808;2.42857;
-15.971;-0.778086;-4.88845;2.03372;1.93621;
-16.1967;-2.25674;-4.78048;1.07965;2.69536;
-16.3382;-1.4153;-4.59095;1.89531;2.21221;
-16.568;-2.29787;-4.49607;0.948814;2.75001;
-16.7537;-1.85653;-4.39374;1.02329;2.63784;
-16.9889;-2.35256;-4.39807;-0.0432545;-3.12321;
-17.1946;-2.05706;-4.36553;0.325359;2.98472;
-17.4071;-2.12448;-4.42697;-0.614389;-2.86008;
-17.6338;-2.26742;-4.42345;0.0352247;3.12606;
-17.8357;-2.01848;-4.56255;-1.39101;-2.53819;
-18.0574;-2.21752;-4.59654;-0.339939;-2.98948;
-18.2217;-1.64261;-4.75201;-1.55465;-2.3837;
-18.4373;-2.15607;-4.81473;-0.627269;-2.85848;
-18.5894;-1.52107;-5.00209;-1.8736;-2.25272;
-18.8097;-2.20283;-5.09195;-0.898561;-2.75428;
-18.9385;-1.28859;-5.26257;-1.70624;-2.21763;
-19.1659;-2.27384;-5.33412;-0.715496;-2.83674;
-19.3092;-1.43336;-5.53309;-1.98966;-2.19509;
-19.5134;-2.04113;-5.61245;-0.793622;-2.77077;
-19.6481;-1.3478;-5.81413;-2.01677;-2.15993;
-19.851;-2.02848;-5.92704;-1.12914;-2.63366;
-19.9703;-1.19317;-6.12239;-1.95349;-2.11911;
-20.179;-2.08731;-6.22377;-1.01381;-2.68945;
-20.3065;-1.27483;-6.41569;-1.91914;-2.15714;
-20.5118;-2.05276;-6.53786;-1.22174;-2.60473;
-20.6453;-1.33517;-6.70431;-1.66447;-2.24685;
-20.845;-1.99698;-6.8518;-1.47492;-2.50544;
-20.9692;-1.24149;-7.04068;-1.88882;-2.15227;
-21.1773;-2.0813;-7.1429;-1.02218;-2.68507;
-21.2947;-1.17414;-7.32407;-1.81168;-2.14583;
-21.4837;-1.8903;-7.4405;-1.16427;-2.58955;
-21.5998;-1.16032;-7.63231;-1.91817;-2.11482;
-21.7986;-1.98807;-7.73469;-1.02382;-2.66603;
-21.9037;-1.0515;-7.95633;-2.21635;-2.01378;
-22.1044;-2.00658;-8.08669;-1.30357;-2.56547;
-22.1755;-0.711567;-8.28449;-1.97802;-1.91612;
-22.3517;-1.7614;-8.41916;-1.34674;-2.48882;
-22.4316;-0.799657;-8.6234;-2.04242;-1.94397;
-22.612;-1.80368;-8.76702;-1.43618;-2.46914;
-22.6817;-0.697033;-8.99847;-2.31445;-1.86332;
-22.8301;-1.48393;-9.16145;-1.62984;-2.30937;
-22.8761;-0.460004;-9.36562;-2.04169;-1.7924;
-23.0338;-1.57724;-9.53596;-1.70339;-2.31776;
-23.0715;-0.37673;-9.75706;-2.21105;-1.73956;
-23.2419;-1.7038;-9.93058;-1.73514;-2.34708;
-23.2542;-0.122939;-10.1765;-2.45919;-1.62075;
-23.4215;-1.6732;-10.3708;-1.94343;-2.28161;
-23.4505;-0.290241;-10.6061;-2.35277;-1.69354;
-23.584;-1.3343;-10.7865;-1.80392;-2.20765;
-23.5886;-0.0461066;-11.0394;-2.52875;-1.58903;
-23.7324;-1.43813;-11.2383;-1.98889;-2.19685;
-23.7721;-0.39691;-11.4569;-2.18623;-1.75039;
-23.8849;-1.12858;-11.6516;-1.94725;-2.09606;
-23.9421;-0.571704;-11.8653;-2.13716;-1.83218;
-24.0776;-1.35543;-12.0318;-1.66485;-2.25411;
-24.1205;-0.428881;-12.2429;-2.11034;-1.77129;
-24.2623;-1.41812;-12.4073;-1.6446;-2.28238;
-24.3104;-0.480546;-12.6445;-2.37231;-1.77066;
-24.4642;-1.53816;-12.8193;-1.74793;-2.29245;
-24.5221;-0.578898;-13.0318;-2.12416;-1.83686;
-24.6883;-1.66207;-13.1938;-1.62027;-2.36893;
-24.7703;-0.819665;-13.3658;-1.7204;-2.01542;
-24.9496;-1.79348;-13.5179;-1.52065;-2.43833;
-25.0548;-1.05149;-13.7038;-1.85895;-2.08556;
-25.2491;-1.94322;-13.8145;-1.10734;-2.62364;
-25.3859;-1.36788;-14.0002;-1.85653;-2.20579;
-25.5916;-2.05684;-14.0973;-0.970854;-2.70058;
-25.7304;-1.38877;-14.2635;-1.66207;-2.26685;
-25.9562;-2.25719;-14.326;-0.624962;-2.87148;
-26.1379;-1.81735;-14.4821;-1.56107;-2.43191;
-26.3475;-2.09563;-14.5423;-0.602831;-2.86149;
-26.5269;-1.79419;-14.6649;-1.22578;-2.54224;
-26.7175;-1.9067;-14.7435;-0.785479;-2.75082;
-26.9014;-1.83855;-14.8353;-0.918481;-2.67829;
-27.087;-1.85583;-14.8999;-0.645627;-2.8068;
-27.2621;-1.75138;-15.0048;-1.04882;-2.60202;
-27.4553;-1.93178;-15.0509;-0.460864;-2.9074;
-27.6442;-1.88944;-15.1408;-0.89995;-2.69708;
-27.847;-2.02739;-15.1787;-0.378904;-2.95683;
-28.0191;-1.72115;-15.2876;-1.08892;-2.5775;
-28.2431;-2.24029;-15.3066;-0.190172;-3.05691;
-28.4301;-1.87007;-15.4167;-1.10072;-2.6096;
-28.6568;-2.26691;-15.4354;-0.186689;-3.05942;
-28.8428;-1.85954;-15.5425;-1.07063;-2.6192;
-29.064;-2.21184;-15.5475;-0.0507183;-3.11867;
-29.2627;-1.9869;-15.6555;-1.0795;-2.6439;
-29.4621;-1.99415;-15.7089;-0.533929;-2.87998;
-29.6639;-2.01786;-15.7765;-0.676783;-2.81799;
-29.8529;-1.89008;-15.857;-0.804236;-2.7393;

29.993;-1.54131;-15.94;-0.830034;-2.6476;
29.7731;-2.1993;-15.9386;0.0136;3.13541;
29.5362;-2.36902;-16.0747;-1.36053;-2.62028;
29.3236;-2.12555;-16.0913;-0.16667;-3.06334;
29.1421;-1.81563;-16.2009;-1.09529;-2.59878;
28.9222;-2.19843;-16.2224;-0.215346;-3.04395;
28.7422;-1.80017;-16.3536;-1.31251;-2.5116;
28.5243;-2.17877;-16.3775;-0.238135;-3.03273;
28.3393;-1.84998;-16.5158;-1.38367;-2.49941;
28.1234;-2.15958;-16.5646;-0.487687;-2.91949;
27.9367;-1.86685;-16.6895;-1.24937;-2.55181;
27.7481;-1.88617;-16.773;-0.834926;-2.72486;
27.5855;-1.62588;-16.8361;-0.631212;-2.77128;
27.3927;-1.92771;-16.9102;-0.741035;-2.7746;
27.1974;-1.9534;-16.9521;-0.418538;-2.93052;
27.0058;-1.91593;-17.0329;-0.807573;-2.74269;
26.8199;-1.85876;-17.0658;-0.329462;-2.96617;
26.6274;-1.92443;-17.1336;-0.678016;-2.80285;
26.4197;-2.07768;-17.1673;-0.337032;-2.98078;
26.2439;-1.75793;-17.2386;-0.712613;-2.75647;
26.0526;-1.91251;-17.2643;-0.256902;-3.00806;
25.857;-1.95649;-17.3397;-0.75459;-2.77349;
25.6687;-1.8832;-17.3682;-0.284804;-2.9915;
25.479;-1.89675;-17.4501;-0.819204;-2.73389;
25.2931;-1.85904;-17.4517;-0.0160812;-3.13294;
25.0812;-2.11932;-17.5468;-0.950565;-2.71997;
24.8885;-1.92679;-17.6042;-0.573781;-2.85216;
24.7012;-1.87228;-17.6863;-0.821149;-2.72827;
24.5126;-1.88681;-17.7527;-0.664098;-2.80316;
24.3347;-1.77858;-17.8491;-0.96363;-2.64507;
24.1587;-1.76052;-17.9277;-0.786074;-2.72165;
23.9789;-1.79742;-18.0433;-1.15641;-2.56989;
23.7912;-1.8775;-18.1178;-0.745007;-2.76384;
23.6267;-1.64506;-18.2469;-1.29087;-2.47626;
23.4385;-1.88163;-18.3526;-1.05713;-2.62972;
23.2894;-1.49067;-18.5205;-1.67858;-2.29697;
23.1101;-1.79283;-18.6233;-1.02814;-2.62091;
22.9703;-1.39871;-18.801;-1.77695;-2.23765;
22.8017;-1.68533;-18.9317;-1.3073;-2.48185;
22.6917;-1.10056;-19.1119;-1.8016;-2.11918;
22.5382;-1.53456;-19.2482;-1.36354;-2.41514;
22.442;-0.962623;-19.44;-1.91774;-2.03601;
22.2979;-1.44084;-19.6111;-1.71085;-2.27073;
22.2096;-0.8827;-19.8007;-1.89618;-2.00648;
22.0787;-1.30939;-19.9686;-1.67901;-2.23313;
22.0099;-0.687879;-20.1683;-1.99671;-1.90257;
21.8915;-1.18412;-20.3463;-1.78047;-2.15769;
21.8294;-0.620536;-20.5356;-1.89333;-1.88751;
21.744;-0.854449;-20.7161;-1.80473;-2.01298;
21.6446;-0.993839;-20.9169;-2.00758;-2.03047;
21.5973;-0.472798;-21.1223;-2.05433;-1.797;
21.4948;-1.02508;-21.3038;-1.81473;-2.08498;
21.449;-0.458285;-21.5067;-2.02896;-1.79294;
21.3502;-0.988079;-21.7051;-1.98473;-2.03271;
21.3174;-0.328076;-21.9051;-1.99964;-1.73342;
21.2028;-1.14549;-22.105;-1.99884;-2.09119;
21.1545;-0.483491;-22.3088;-2.03852;-1.80367;
21.0744;-0.800659;-22.5037;-1.94893;-1.9606;
21.0219;-0.524563;-22.6987;-1.94913;-1.83369;
20.9823;-0.396376;-22.8983;-1.99662;-1.76677;
20.8726;-1.09721;-23.0566;-1.58336;-2.17678;
20.8262;-0.463467;-23.2747;-2.18073;-1.78021;
20.7461;-0.800897;-23.4632;-1.8847;-1.97262;
20.691;-0.551675;-23.6452;-1.82054;-1.86503;
20.6194;-0.715594;-23.8335;-1.88291;-1.93398;
20.5615;-0.579234;-24.0315;-1.97914;-1.85551;
20.4908;-0.706521;-24.2305;-1.99066;-1.91185;
20.4397;-0.511493;-24.4249;-1.94334;-1.82816;
20.3617;-0.779899;-24.6014;-1.76556;-1.98675;
20.332;-0.297033;-24.8112;-2.09769;-1.71146;
20.2503;-0.816776;-25.0212;-2.10026;-1.94169;
20.2109;-0.393726;-25.2227;-2.01538;-1.76373;
20.1377;-0.732386;-25.4165;-1.93749;-1.9322;
20.0971;-0.406271;-25.617;-2.00478;-1.77074;
20.0231;-0.74032;-25.8133;-1.96359;-1.93134;
20.0051;-0.179327;-26.0192;-2.0585;-1.65769;
19.9238;-0.813118;-26.1833;-1.64099;-2.03084;
19.8884;-0.35419;-26.3895;-2.06193;-1.74091;
19.808;-0.803991;-26.5761;-1.86599;-1.97763;
19.7839;-0.240553;-26.7708;-1.94737;-1.6937;
19.65;-1.3395;-26.9563;-1.85479;-2.19626;
19.598;-0.520259;-27.1485;-1.92195;-1.83515;
19.4986;-0.993094;-27.3038;-1.55278;-2.1398;
19.444;-0.546744;-27.4827;-1.78977;-1.86728;
19.3089;-1.35067;-27.6453;-1.62515;-2.26422;
19.2241;-0.848287;-27.8441;-1.98815;-1.97408;
19.0504;-1.73724;-28.0001;-1.56001;-2.40989;
18.9249;-1.25465;-28.1919;-1.9188;-2.14989;
18.7799;-1.45022;-28.336;-1.44049;-2.35956;
18.6853;-0.945217;-28.5154;-1.79442;-2.05562;
18.5002;-1.85155;-28.6411;-1.25684;-2.54524;
18.3651;-1.35051;-28.7955;-1.54407;-2.28942;
18.1957;-1.69422;-28.9239;-1.28415;-2.49302;
18.0741;-1.2165;-29.1009;-1.76991;-2.17296;
17.917;-1.57072;-29.2062;-1.05262;-2.55118;
17.7943;-1.22715;-29.3659;-1.59689;-2.22601;
17.6328;-1.61529;-29.5073;-1.41441;-2.4224;
17.4853;-1.47438;-29.6507;-1.43328;-2.37033;
17.3409;-1.44367;-29.7921;-1.41423;-2.36649;
17.1963;-1.44627;-29.9305;-1.38429;-2.37809;

17.0381;-1.582;29.9149;-1.54593;-2.36772;
16.8476;-1.90543;29.8218;-0.931231;-2.68701;
16.7054;-1.42168;29.683;-1.38789;-2.36822;
16.5094;-1.96046;29.6011;-0.81921;-2.74578;
16.3347;-1.74632;29.4769;-1.24166;-2.52351;
16.1589;-1.75829;29.3817;-0.951912;-2.64539;
15.9916;-1.67268;29.2694;-1.12337;-2.55018;
15.809;-1.82603;29.1862;-0.831475;-2.7143;
15.6469;-1.62091;29.0588;-1.27425;-2.47536;
15.428;-2.18897;29.0321;-0.267061;-3.02019;
15.245;-1.83038;28.8555;-1.76639;-2.37398;
15.0247;-2.20257;28.7958;-0.596932;-2.87693;
14.8568;-1.6794;28.662;-1.33748;-2.46905;
14.6428;-2.14047;28.5936;-0.684311;-2.83216;
14.4716;-1.71127;28.4746;-1.18956;-2.53414;
14.2662;-2.05448;28.4026;-0.720537;-2.80428;
14.0709;-1.95251;28.3112;-0.914032;-2.70376;
13.8816;-1.89311;28.2535;-0.576309;-2.84608;
13.7139;-1.67758;28.1528;-1.0069;-2.60102;
13.5059;-2.07982;28.1061;-0.467685;-2.9204;
13.3242;-1.81671;27.9996;-1.06504;-2.61135;
13.1058;-2.1842;27.9757;-0.238597;-3.03279;
12.9163;-1.89465;27.8725;-1.03248;-2.64264;
12.7284;-1.87899;27.8423;-0.301301;-2.98259;
12.5555;-1.72944;27.7528;-0.895123;-2.66398;
12.3506;-2.04883;27.7479;-0.0490616;-3.11765;
12.1476;-2.02997;27.648;-0.999595;-2.68403;
11.9303;-2.17267;27.6334;-0.145967;-3.07451;
11.7356;-1.94691;27.5402;-0.931159;-2.69548;
11.4973;-2.38396;27.5184;-0.218498;-3.05019;
11.3021;-1.9515;27.4363;-0.821173;-2.74329;
11.095;-2.07101;27.4216;-0.14719;-3.07064;
10.9068;-1.88193;27.3296;-0.919513;-2.68711;
10.6781;-2.28718;27.3287;-0.0095595;-3.13741;
10.468;-2.1011;27.2456;-0.830955;-2.76498;
10.2439;-2.24109;27.2071;-0.385018;-2.97145;
10.0805;-1.63363;27.125;-0.820828;-2.67598;
9.86831;-2.12198;27.1109;-0.140696;-3.07539;
9.68129;-1.87022;27.0121;-0.98768;-2.65571;
9.4551;-2.26191;27.0026;-0.095221;-3.09952;
9.25621;-1.98888;26.9217;-0.808698;-2.7554;
9.04066;-2.15552;26.9062;-0.155241;-3.0697;
8.88034;-1.6032;26.8181;-0.881267;-2.63899;
8.61623;-2.64109;26.8298;0.116678;3.09744;
8.42417;-1.92054;26.7732;-0.566007;-2.85499;
8.22243;-2.0174;26.7555;-0.176653;-3.05425;
8.01764;-2.04797;26.7092;-0.462903;-2.9193;
7.80615;-2.11481;26.7093;0.00113939;3.14105;
7.60541;-2.0074;26.6502;-0.591;-2.85527;
7.38551;-2.19905;26.6825;0.322945;2.99578;
7.18286;-2.02648;26.6156;-0.668867;-2.82279;
6.95599;-2.26867;26.6644;0.487372;2.92998;
6.73887;-2.17123;26.5802;-0.841784;-2.77174;
6.49508;-2.43791;26.6256;0.454272;2.95737;
6.28065;-2.14434;26.5658;-0.597721;-2.86975;
6.06105;-2.19592;26.6159;0.500519;2.91749;
5.84083;-2.20225;26.5558;-0.60062;-2.87534;
5.62334;-2.1749;26.5923;0.364313;2.97563;
5.4404;-1.82942;26.5025;-0.898094;-2.68524;
5.18555;-2.54851;26.5494;0.469421;2.95944;
4.96838;-2.17166;26.4744;-0.749538;-2.80925;
4.7464;-2.2198;26.508;0.335193;2.99172;
4.53925;-2.07151;26.4572;-0.507761;-2.90122;
4.31757;-2.21676;26.4854;0.281812;3.01514;
4.10007;-2.17504;26.4187;-0.667059;-2.84401;
3.86296;-2.37111;26.4621;0.434688;2.96028;
3.64204;-2.20921;26.373;-0.891457;-2.75806;
3.40742;-2.34618;26.4255;0.524957;2.92147;
3.18255;-2.24867;26.3605;-0.650069;-2.86017;
2.95971;-2.22843;26.4084;0.479359;2.92971;
2.74115;-2.18558;26.3414;-0.670272;-2.84402;
2.51218;-2.28968;26.4058;0.644378;2.86726;
2.29473;-2.17459;26.3437;-0.620758;-2.86353;
2.06462;-2.30102;26.419;0.75235;2.82559;
1.83726;-2.27359;26.3681;-0.508739;-2.92146;
1.61755;-2.19717;26.4452;0.77052;2.80431;
1.39252;-2.25027;26.39;-0.551162;-2.90139;
1.17351;-2.19014;26.4654;0.754088;2.81;
0.932847;-2.4066;26.416;-0.494938;-2.93876;
0.694526;-2.3832;26.4745;0.585799;2.90057;
0.470646;-2.23881;26.4126;-0.619503;-2.87164;
0.236821;-2.33825;26.4669;0.542803;2.91349;
-0.00127853;-2.38099;26.3427;-1.24203;-2.66078;
-0.235604;-2.34326;26.3564;0.137339;3.08305;
-0.443894;-2.0829;26.2229;-1.33494;-2.57164;
-0.664796;-2.20902;26.1955;-0.274289;-3.01806;
-0.84621;-1.81414;26.0242;-1.71275;-2.38493;
-1.07194;-2.25733;25.9887;-0.355287;-2.98548;
-1.2522;-1.80254;25.822;-1.66654;-2.39538;
-1.44963;-1.97437;25.7528;-0.691747;-2.80459;
-1.5904;-1.40767;25.5662;-1.86642;-2.21699;
-1.82021;-2.29807;25.502;-0.64204;-2.86916;
-1.96589;-1.45683;25.2919;-2.10125;-2.17702;
-2.17365;-2.07761;25.2021;-0.897655;-2.73376;
-2.30686;-1.33206;24.9942;-2.07942;-2.14053;
-2.49964;-1.92785;24.8738;-1.20358;-2.58349;
-2.60572;-1.06076;24.6711;-2.02711;-2.0529;
-2.81226;-2.06538;24.5421;-1.29035;-2.58317;
-2.92148;-1.0922;24.3475;-1.94568;-2.08231;
-3.11608;-1.94607;24.2327;-1.14787;-2.60868;
-3.23042;-1.14338;24.0323;-2.00359;-2.08937;
-3.41687;-1.86451;23.911;-1.21384;-2.5645;
-3.53041;-1.13536;23.696;-2.14947;-2.05675;
-3.75146;-2.21056;23.5871;-1.08917;-2.68379;
-3.88809;-1.36625;23.407;-1.80106;-2.21977;
-4.08367;-1.95584;23.3262;-0.807538;-2.75003;
-4.18196;-0.982855;23.134;-1.92219;-2.04346;
-4.40436;-2.22404;23.0206;-1.13438;-2.66993;
-4.54783;-1.43463;22.8549;-1.65635;-2.28459;
-4.76616;-2.1833;22.7798;-0.751178;-2.81022;
-4.91504;-1.48883;22.6036;-1.76196;-2.27237;
-5.13264;-2.17606;22.5141;-0.895559;-2.75117;
-5.28867;-1.56022;22.3452;-1.68901;-2.31658;
-5.49149;-2.02827;22.2585;-0.866748;-2.73775;
-5.63317;-1.41675;22.0766;-1.81878;-2.23257;
-5.84802;-2.1485;22.004;-0.725797;-2.81581;
-5.98689;-1.38869;21.8129;-1.91177;-2.19901;
-6.22024;-2.33349;21.7158;-0.970632;-2.74741;
-6.36926;-1.4902;21.5298;-1.86013;-2.24622;
-6.57452;-2.05267;21.4396;-0.901444;-2.72779;
-6.70785;-1.33326;21.2578;-1.81797;-2.20357;
-6.91846;-2.1061;21.1807;-0.771829;-2.79032;
-7.06454;-1.46086;21.0142;-1.66443;-2.29115;
-7.29263;-2.28089;20.9529;-0.613379;-2.87889;
-7.45684;-1.6421;20.79;-1.62901;-2.3602;
-7.69047;-2.33625;20.7311;-0.588927;-2.89466;
-7.85734;-1.66869;20.5677;-1.63434;-2.3666;
-8.10686;-2.49526;20.5278;-0.398301;-2.98331;
-8.26956;-1.62695;20.3802;-1.47636;-2.40468;
-8.48129;-2.11736;20.3165;-0.637389;-2.84919;
-8.64621;-1.6492;20.1514;-1.65063;-2.35576;
-8.86374;-2.17528;20.0894;-0.620082;-2.8639;
-9.02157;-1.57828;19.9145;-1.74842;-2.30509;
-9.234;-2.12427;19.837;-0.775412;-2.79159;
-9.3832;-1.492;19.6738;-1.63222;-2.31134;
-9.57533;-1.92135;19.5968;-0.769996;-2.76043;
-9.73515;-1.59819;19.4271;-1.69708;-2.3262;
-9.94355;-2.08403;19.3511;-0.759356;-2.79217;
-10.0938;-1.50222;19.1825;-1.68655;-2.29845;
-10.2922;-1.98449;19.0796;-1.02851;-2.66343;
-10.4495;-1.57284;18.9274;-1.52246;-2.37247;
-10.6677;-2.1821;18.8501;-0.773156;-2.80108;
-10.8262;-1.58491;18.6864;-1.6364;-2.34021;
-11.0326;-2.06403;18.6103;-0.760817;-2.78844;
-11.2021;-1.69527;18.4412;-1.69119;-2.3574;
-11.3968;-1.94677;18.3669;-0.743685;-2.77669;
-11.5561;-1.59273;18.1927;-1.74158;-2.31158;
-11.7476;-1.91502;18.108;-0.846985;-2.72517;
-11.8952;-1.47608;17.9638;-1.44245;-2.36772;
-12.1071;-2.11867;17.9016;-0.621865;-2.85609;
-12.2675;-1.6042;17.7279;-1.73692;-2.31649;
-12.4894;-2.21923;17.6604;-0.67429;-2.84662;
-12.6549;-1.65522;17.5217;-1.38704;-2.44412;
-12.8953;-2.40351;17.4965;-0.252155;-3.03706;
-13.0785;-1.83184;17.3906;-1.05932;-2.61729;
-13.3338;-2.55307;17.4307;0.401396;2.98565;
-13.5359;-2.02119;17.4122;-0.185118;-3.05026;
-13.7643;-2.2838;17.5364;1.24132;2.64373;
-13.9707;-2.06457;17.6069;0.705333;2.81239;
-14.1238;-1.53082;17.777;1.70126;2.30351;
-14.3136;-1.89829;17.9028;1.25788;2.55638;
-14.4193;-1.05646;18.1077;2.04873;2.0469;
-14.5399;-1.20592;18.2504;1.42747;2.27226;
-14.6211;-0.812682;18.4342;1.83803;1.9871;
-14.749;-1.27882;18.599;1.64802;2.23072;
-14.8128;-0.637796;18.8079;2.08894;1.86713;
-14.9345;-1.21641;18.9901;1.8215;2.15959;
-15.0074;-0.729175;19.1938;2.0372;1.91452;
-15.1388;-1.31401;19.3596;1.65819;2.24091;
-15.2074;-0.686426;19.5689;2.09245;1.88778;
-15.3057;-0.98258;19.7298;1.60994;2.11877;
-15.4013;-0.95636;19.9072;1.7731;2.06544;
-15.4922;-0.90942;20.0885;1.8134;2.03564;
-15.5919;-0.99691;20.2466;1.58085;2.13342;
-15.7055;-1.13552;20.4238;1.77203;2.14068;
-15.7993;-0.938245;20.6019;1.7811;2.05564;
-15.9251;-1.25763;20.7731;1.71206;2.20435;
-16.0039;-0.788335;20.9511;1.78011;1.98769;
-16.1469;-1.42964;21.1034;1.52246;2.32476;
-16.2372;-0.903343;21.2899;1.86564;2.02172;
-16.3525;-1.15324;21.4352;1.45267;2.24179;
-16.4435;-0.909464;21.6014;1.66169;2.07157;
-16.5621;-1.18576;21.7691;1.67704;2.18624;
-16.663;-1.00967;21.9233;1.54246;2.15039;
-16.7863;-1.23292;22.081;1.57698;2.23435;
-16.9084;-1.22123;22.248;1.67034;2.20211;
-17.0193;-1.1088;22.4157;1.67637;2.15517;
-17.1306;-1.11251;22.5732;1.57497;2.18578;
-17.2345;-1.03974;22.7346;1.61397;2.14309;
-17.3573;-1.22772;22.8931;1.5856;2.22967;
-17.4617;-1.04412;23.0482;1.55059;2.16342;
-17.5585;-0.968075;23.1976;1.49381;2.14581;
-17.6808;-1.22262;23.3686;1.71074;2.1913;
-17.7802;-0.993799;23.5426;1.73995;2.08974;
-17.8827;-1.02533;23.679;1.364;2.21539;
-17.9795;-0.967714;23.8566;1.7757;2.06977;
-18.1172;-1.37762;24.0186;1.62024;2.27544;
-18.1943;-0.770592;24.216;1.97333;1.94309;
-18.3302;-1.35893;24.3749;1.58942;2.27818;
-18.3979;-0.677389;24.5782;2.03254;1.89249;
-18.5468;-1.48912;24.7409;1.62714;2.31193;
-18.6107;-0.638475;24.9476;2.06728;1.87035;
-18.7664;-1.55677;25.0955;1.47872;2.3819;
-18.8275;-0.611777;25.3215;2.25977;1.83518;
-18.9746;-1.47038;25.4875;1.66019;2.29564;
-19.023;-0.484098;25.7129;2.25444;1.78231;
-19.1665;-1.43472;25.8955;1.82542;2.23692;
-19.1948;-0.283501;26.1096;2.14158;1.70241;
-19.3075;-1.12682;26.3076;1.9794;2.08832;
-19.3633;-0.557888;26.4775;1.6995;1.88798;
-19.4599;-0.965846;26.6549;1.77387;2.0694;
-19.5115;-0.516122;26.8635;2.08594;1.81335;
-19.6196;-1.08089;27.0331;1.69568;2.13829;
-19.6362;-0.165877;27.2517;2.18685;1.6465;
-19.7561;-1.1991;27.4141;1.6232;2.20704;
-19.7797;-0.23625;27.6251;2.11011;1.68229;
-19.9094;-1.29666;27.8337;2.08642;2.12686;
-19.9404;-0.310751;28.029;1.95279;1.72861;
-20.0745;-1.34042;28.2273;1.98335;2.16512;
-20.132;-0.575355;28.4563;2.28922;1.81703;
-20.2355;-1.03494;28.6688;2.12576;2.02388;
-20.3109;-0.75405;28.8547;1.85869;1.9562;
-20.4146;-1.03724;29.029;1.74296;2.10761;
-20.458;-0.434004;29.2376;2.08649;1.77588;
-20.57;-1.11946;29.435;1.97378;2.08672;
-20.6671;-0.970889;29.5934;1.5835;2.12081;
-20.7657;-0.98604;29.8008;2.07391;2.01461;
-20.8469;-0.811962;29.9514;1.50656;2.06512;

-20.9423;-0.953977;-29.8718;1.76764;2.06569;
-21.0679;-1.25617;-29.7022;1.69609;2.20827;
-21.1894;-1.21521;-29.5365;1.65704;2.20356;
-21.2843;-0.949087;-29.3589;1.7762;2.06153;
-21.4177;-1.33346;-29.204;1.54851;2.28171;
-21.4961;-0.784465;-29.0143;1.89701;1.96291;
-21.6327;-1.36547;-28.8517;1.62601;2.26932;
-21.7209;-0.88207;-28.6642;1.8753;2.01045;
-21.8494;-1.28509;-28.4972;1.67033;2.22657;
-21.9198;-0.70433;-28.3231;1.74026;1.95537;
-22.0645;-1.44648;-28.1542;1.6898;2.27877;
-22.1282;-0.637118;-27.9734;1.80807;1.90958;
-22.2549;-1.26728;-27.8223;1.51036;2.2689;
-22.3316;-0.767212;-27.6294;1.92954;1.94924;
-22.4652;-1.33552;-27.45;1.79326;2.21093;
-22.5372;-0.720225;-27.2437;2.06327;1.90664;
-22.6456;-1.08416;-27.072;1.71705;2.13399;
-22.6977;-0.521294;-26.8656;2.06385;1.81821;
-22.8013;-1.03566;-26.7109;1.54724;2.16066;
-22.8557;-0.544467;-26.503;2.07855;1.82699;
-22.941;-0.852712;-26.3383;1.64704;2.04852;
-22.9559;-0.148628;-26.1582;1.80183;1.6531;
-23.0555;-0.996267;-25.9528;2.05334;2.02253;
-23.0755;-0.200065;-25.7441;2.08744;1.66635;
-23.1215;-0.460027;-25.5628;1.81254;1.81935;
-23.2033;-0.817836;-25.3883;1.74493;2.00909;
-23.217;-0.137298;-25.1727;2.1563;1.63438;
-23.2636;-0.465633;-24.9721;2.00647;1.79883;
-23.3086;-0.450213;-24.7768;1.95231;1.79744;
-23.336;-0.273663;-24.5793;1.97567;1.70844;
-23.4175;-0.814931;-24.3805;1.98769;1.95988;
-23.4227;-0.0526243;-24.1739;2.06592;1.59626;
-23.4769;-0.542092;-23.9675;2.06419;1.82761;
-23.4982;-0.212966;-23.76;2.07443;1.6731;
-23.5601;-0.618587;-23.571;1.89083;1.88697;
-23.5822;-0.220981;-23.3808;1.90192;1.68647;
-23.6375;-0.553265;-23.1857;1.95069;1.84716;
-23.6483;-0.108203;-22.9779;2.07781;1.62283;
-23.7025;-0.541704;-22.7772;2.007;1.83442;
-23.7137;-0.112174;-22.5925;1.8476;1.63143;
-23.7545;-0.407982;-22.3943;1.9813;1.77387;
-23.7651;-0.105657;-22.1934;2.0094;1.62333;
-23.7777;-0.125916;-21.9944;1.98947;1.634;
-23.807;-0.2935;-21.7957;1.98731;1.71742;
-23.8267;-0.196339;-21.587;2.08655;1.66462;
-23.8309;-0.0419639;-21.3923;1.94741;1.59234;
-23.8509;-0.200678;-21.197;1.95334;1.67317;
-23.8502;0.00690228;-20.9956;2.01389;1.56737;
-23.8153;0.349093;-20.7864;2.09206;1.40545;
-23.8411;-0.257504;-20.5785;2.07847;1.69406;
-23.816;0.250395;-20.3848;1.93781;1.44229;
-23.8361;-0.200609;-20.1771;2.07647;1.66711;
-23.8185;0.175788;-19.974;2.0314;1.48448;
-23.805;0.135715;-19.7753;1.98711;1.5026;
-23.7985;0.0650302;-19.5829;1.92401;1.53701;
-23.7628;0.356381;-19.3727;2.10124;1.40279;
-23.7381;0.247211;-19.1839;1.88854;1.44064;
-23.7121;0.260264;-18.9873;1.96543;1.43914;
-23.6587;0.533266;-18.7902;1.97171;1.30666;
-23.6399;0.188615;-18.576;2.14138;1.48294;
-23.5826;0.573087;-18.3749;2.01093;1.29317;
-23.5488;0.337265;-18.1659;2.09002;1.41081;
-23.5062;0.42613;-17.9572;2.08754;1.36943;
-23.4509;0.553337;-17.7716;1.8553;1.28095;
-23.4196;0.313144;-17.5488;2.228;1.43116;
-23.3456;0.739734;-17.363;1.85805;1.19191;
-23.297;0.48652;-17.1465;2.16552;1.3498;
-23.2566;0.403308;-16.9349;2.11627;1.38248;
-23.1612;0.953815;-16.7639;1.70999;1.06199;
-23.1289;0.323651;-16.5455;2.18327;1.42363;
-23.003;1.25928;-16.3577;1.87857;0.980255;
-22.9509;0.520617;-16.1369;2.20733;1.33917;
-22.8171;1.33761;-15.9626;1.74332;0.916332;
-22.7222;0.949177;-15.7828;1.79844;1.08517;
-22.6185;1.0368;-15.6061;1.76684;1.04013;
-22.5019;1.16629;-15.442;1.64061;0.952802;
-22.3518;1.50073;-15.2737;1.68353;0.842743;
-22.2174;1.34426;-15.1096;1.64073;0.884394;
-22.0547;1.627;-14.9854;1.24235;0.652138;
-21.9204;1.34278;-14.8115;1.73816;0.913029;
-21.7056;2.14808;-14.7389;0.726482;0.326125;
-21.5506;1.54998;-14.5576;1.8131;0.863476;
-21.3125;2.38132;-14.4991;0.584894;0.240849;
-21.1584;1.54121;-14.3856;1.13501;0.634766;
-20.9349;2.23494;-14.3467;0.388981;0.172319;
-20.7415;1.93377;-14.1983;1.48365;0.65444;
-20.5236;2.17901;-14.1624;0.359092;0.163328;
-20.3264;1.97195;-14.0426;1.19844;0.546092;
-20.1103;2.16072;-14.0153;0.272982;0.125673;
-19.944;1.66378;-13.8963;1.19006;0.620907;
-19.7157;2.2823;-13.8651;0.311826;0.135787;
-19.517;1.98725;-13.7582;1.06862;0.493379;
-19.3192;1.97778;-13.7057;0.525777;0.259832;
-19.1437;1.75567;-13.6013;1.04403;0.536484;
-18.9511;1.92529;-13.5223;0.789674;0.389233;
-18.7739;1.77262;-13.4293;0.929746;0.483059;
-18.6014;1.72477;-13.3486;0.806692;0.437484;
-18.4465;1.54856;-13.2433;1.05291;0.597127;
-18.2524;1.94105;-13.1708;0.725482;0.357682;
-18.0787;1.73683;-13.0645;1.06259;0.54905;
-17.8827;1.96008;-13.0091;0.554372;0.275632;
-17.7166;1.66153;-12.8692;1.39918;0.699891;
-17.4851;2.31433;-12.834;0.351871;0.150885;
-17.3202;1.6495;-12.6826;1.5143;0.74269;
-17.0843;2.35887;-12.6549;0.276472;0.116673;
-16.8976;1.86727;-12.521;1.33969;0.622348;
-16.6764;2.21184;-12.4879;0.330494;0.148323;
-16.5049;1.71468;-12.3443;1.43642;0.69732;
-16.2627;2.42218;-12.3137;0.305659;0.125528;
-16.0807;1.8201;-12.1597;1.53956;0.70209;
-15.8481;2.32652;-12.1083;0.51418;0.217512;
-15.6888;1.593;-11.9682;1.40084;0.721303;
-15.4484;2.40359;-11.9237;0.445629;0.18332;
-15.2696;1.7876;-11.7439;1.79797;0.78829;
-15.0672;2.02401;-11.6634;0.805127;0.378598;
-14.9345;1.32711;-11.4589;2.04483;0.99512;
-14.7327;2.01839;-11.3684;0.90493;0.421474;
-14.6155;1.17211;-11.1382;2.3016;1.09977;
-14.4322;1.83225;-10.9914;1.46795;0.675454;
-14.352;0.802907;-10.7404;2.51016;1.26122;
-14.2607;0.912715;-10.5681;1.72327;1.08372;
-14.2565;0.0419966;-10.3488;2.1927;1.55165;
-14.1298;1.26727;-10.1497;1.99126;1.00403;
-14.1594;-0.296709;-9.89323;2.56464;1.68598;
-14.1058;0.535993;-9.68711;2.06121;1.31639;
-14.1682;-0.623724;-9.46066;2.26445;1.83957;
-14.0935;0.747105;-9.23028;2.30386;1.25721;
-14.1762;-0.827199;-9.00592;2.24354;1.92403;
-14.1551;0.210773;-8.77966;2.26261;1.47791;
-14.2623;-1.07202;-8.56431;2.15352;2.03268;
-14.2506;0.117741;-8.33385;2.30464;1.51975;
-14.3874;-1.36888;-8.13159;2.02262;2.16577;
-14.3905;-0.0301132;-7.89636;2.35227;1.5836;
-14.5406;-1.50094;-7.68786;2.08497;2.19474;
-14.571;-0.304255;-7.46502;2.22843;1.70649;
-14.7264;-1.55393;-7.28102;1.84004;2.27209;
-14.7891;-0.626999;-7.07138;2.09631;1.86142;
-14.905;-1.15958;-6.89708;1.74309;2.15781;
-14.9559;-0.509009;-6.69523;2.01841;1.81783;
-15.1165;-1.60573;-6.52511;1.70125;2.32732;
-15.1776;-0.611475;-6.28636;2.3875;1.82152;
-15.338;-1.6036;-6.11486;1.71499;2.32264;
-15.4039;-0.658774;-5.89454;2.20319;1.86134;
-15.5772;-1.73343;-5.7364;1.58141;2.40202;
-15.6435;-0.662353;-5.51344;2.22956;1.85957;
-15.8393;-1.95844;-5.36697;1.46478;2.49942;
-15.9325;-0.931894;-5.16094;2.06022;1.99558;
-16.1735;-2.41001;-5.038;1.22947;2.66986;
-16.3037;-1.30233;-4.85458;1.83419;2.18822;
-16.5527;-2.48945;-4.78547;0.691069;2.87081;
-16.7236;-1.70953;-4.66915;1.16318;2.54413;
-16.953;-2.29319;-4.66109;0.0806132;3.10645;
-17.1416;-1.8867;-4.59393;0.671582;2.79962;
-17.3755;-2.33853;-4.66005;-0.661162;-2.86606;
-17.597;-2.21494;-4.61175;0.483034;2.92687;
-17.8101;-2.13168;-4.72255;-1.108;-2.66225;
-18.0241;-2.13954;-4.74368;-0.211297;-3.04315;
-18.2325;-2.08408;-4.87374;-1.3006;-2.58367;
-18.4324;-1.99856;-4.93956;-0.658246;-2.82342;
-18.5911;-1.58739;-5.09407;-1.54507;-2.3697;
-18.798;-2.06889;-5.17105;-0.76978;-2.78539;
-18.938;-1.39974;-5.32253;-1.51484;-2.31672;
-19.1485;-2.10553;-5.41241;-0.898829;-2.73812;
-19.2875;-1.38959;-5.54688;-1.34465;-2.37263;
-19.4699;-1.82422;-5.64789;-1.01016;-2.63587;
-19.6138;-1.4389;-5.81946;-1.71569;-2.26868;
-19.8112;-1.97393;-5.91482;-0.953606;-2.69156;
-19.9448;-1.3359;-6.1028;-1.87979;-2.18864;
-20.149;-2.04223;-6.20723;-1.04428;-2.66891;
-20.2686;-1.19654;-6.40948;-2.0225;-2.10503;
-20.487;-2.18374;-6.50474;-0.952611;-2.73025;
-20.619;-1.31939;-6.71484;-2.10096;-2.13154;
-20.8189;-1.99947;-6.82457;-1.09733;-2.63966;
-20.9333;-1.14361;-6.99925;-1.74681;-2.15046;
-21.1313;-1.98025;-7.11045;-1.11196;-2.62994;
-21.2441;-1.12852;-7.3153;-2.0485;-2.07433;
-21.4556;-2.11491;-7.42446;-1.09165;-2.66509;
-21.608;-1.52397;-7.63478;-2.10317;-2.19785;
-21.7585;-1.5046;-7.78428;-1.49502;-2.35939;
-21.8855;-1.27053;-7.95727;-1.7299;-2.20427;
-22.0205;-1.34967;-8.08194;-1.24671;-2.39583;
-22.1275;-1.06959;-8.2746;-1.92659;-2.0776;
-22.3199;-1.92444;-8.40998;-1.35385;-2.52852;
-22.4124;-0.92527;-8.6256;-2.15618;-1.97616;
-22.5798;-1.67393;-8.77639;-1.50791;-2.40832;
-22.6266;-0.468083;-9.02256;-2.46162;-1.75871;
-22.7922;-1.65572;-9.18331;-1.60753;-2.37096;
-22.8629;-0.707129;-9.41085;-2.27544;-1.8721;
-22.9891;-1.26181;-9.57289;-1.62034;-2.23243;
-23.0528;-0.637073;-9.77934;-2.06456;-1.8701;
-23.1674;-1.14542;-9.94206;-1.6272;-2.18415;
-23.2389;-0.71556;-10.1497;-2.07657;-1.90264;
-23.3522;-1.13254;-10.3226;-1.72845;-2.15084;
-23.384;-0.318123;-10.5454;-2.22869;-1.71258;
-23.526;-1.42029;-10.7061;-1.6067;-2.29469;
-23.5689;-0.429313;-10.9377;-2.3159;-1.75409;
-23.7155;-1.46588;-11.1163;-1.78591;-2.2581;
-23.7525;-0.370084;-11.3473;-2.31024;-1.72964;
-23.8719;-1.19394;-11.563;-2.15715;-2.07631;
-23.94;-0.681194;-11.7531;-1.90028;-1.915;
-24.0272;-0.871505;-11.9391;-1.86023;-2.00892;
-24.1267;-0.994589;-12.1216;-1.82499;-2.06978;
-24.219;-0.923285;-12.3061;-1.84507;-2.03477;
-24.335;-1.16046;-12.4948;-1.8872;-2.12211;
-24.4266;-0.916051;-12.6817;-1.8686;-2.0266;
-24.565;-1.38335;-12.8302;-1.48521;-2.3207;
-24.6313;-0.663469;-13.0341;-2.03921;-1.88535;
-24.8144;-1.83056;-13.2036;-1.69495;-2.39464;
-24.8981;-0.837796;-13.3979;-1.94348;-1.97781;
-25.0835;-1.85326;-13.5313;-1.33306;-2.51803;
-25.1992;-1.15715;-13.7177;-1.86474;-2.12618;
-25.4014;-2.02227;-13.8279;-1.10135;-2.6429;
-25.5366;-1.35194;-14.0086;-1.80702;-2.21312;
-25.7396;-2.03028;-14.1172;-1.08681;-2.65011;
-25.892;-1.52353;-14.2666;-1.49367;-2.36609;
-26.0966;-2.04648;-14.3437;-0.770517;-2.7815;
-26.2537;-1.57078;-14.4919;-1.48254;-2.38509;
-26.4621;-2.0835;-14.5504;-0.584359;-2.86815;
-26.6133;-1.51263;-14.6891;-1.38752;-2.39931;
-26.8393;-2.25963;-14.7377;-0.485862;-2.9298;
-27.016;-1.76695;-14.8689;-1.3116;-2.50304;
-27.2466;-2.30648;-14.9062;-0.373503;-2.98105;
-27.4294;-1.82747;-15.0309;-1.24652;-2.54298;
-27.6512;-2.21827;-15.0726;-0.417259;-2.95566;
-27.8221;-1.70873;-15.1893;-1.16695;-2.54241;
-28.0707;-2.48663;-15.1718;0.17427;3.07162;
-28.2857;-2.14965;-15.3062;-1.34389;-2.58287;
-28.4953;-2.09584;-15.3484;-0.421143;-2.94329;
-28.6741;-1.78845;-15.4773;-1.28927;-2.51699;
-28.8923;-2.18165;-15.5176;-0.403134;-2.95887;
-29.0623;-1.69969;-15.5832;-0.656488;-2.773;
-29.2707;-2.08385;-15.6387;-0.55421;-2.88165;
-29.4179;-1.47256;-15.7021;-0.634884;-2.73453;
-29.6193;-2.01383;-15.7659;-0.637824;-2.83487;
-29.8044;-1.85147;-15.8522;-0.863099;-2.70537;
-29.9891;-1.84682;-15.9342;-0.819652;-2.72389;

29.8204;-1.90421;-16.0214;-0.871761;-2.71227;
29.5937;-2.26702;-16.0378;-0.164241;-3.06927;
29.409;-1.84751;-16.1494;-1.11595;-2.59821;
29.1861;-2.22905;-16.1689;-0.195216;-3.05424;
28.9738;-2.12284;-16.296;-1.27087;-2.60215;
28.7657;-2.08142;-16.3215;-0.255261;-3.01956;
28.5881;-1.77537;-16.4289;-1.074;-2.59755;
28.3628;-2.25288;-16.4781;-0.491159;-2.92694;
28.1601;-2.0278;-16.5944;-1.16316;-2.62081;
27.9294;-2.3068;-16.6235;-0.291628;-3.01584;
27.7426;-1.86805;-16.7339;-1.10405;-2.6078;
27.523;-2.19542;-16.7769;-0.429246;-2.94851;
27.3363;-1.86736;-16.8775;-1.00605;-2.64742;
27.1512;-1.85102;-16.9182;-0.406974;-2.92517;
26.9493;-2.01932;-17.0145;-0.963324;-2.69647;
26.7437;-2.05551;-17.051;-0.365489;-2.96562;
26.559;-1.84755;-17.1434;-0.923542;-2.67805;
26.3511;-2.07861;-17.173;-0.296229;-3.00003;
26.1541;-1.96994;-17.2662;-0.931921;-2.69972;
25.9424;-2.1173;-17.3375;-0.712604;-2.81694;
25.74;-2.02385;-17.3753;-0.377834;-2.95703;
25.5553;-1.84651;-17.4484;-0.730955;-2.76466;
25.3612;-1.94152;-17.4838;-0.354506;-2.96099;
25.1606;-2.00548;-17.5989;-1.15078;-2.62065;
24.9449;-2.15731;-17.6319;-0.330094;-2.98976;
24.7601;-1.84843;-17.7465;-1.14577;-2.5867;
24.554;-2.06089;-17.7906;-0.440999;-2.93079;
24.3796;-1.74416;-17.9295;-1.38882;-2.46913;
24.1697;-2.09905;-17.9993;-0.698725;-2.82025;
24.0189;-1.50786;-18.1402;-1.40832;-2.39032;
23.8172;-2.01665;-18.1994;-0.592837;-2.85568;
23.6565;-1.60688;-18.35;-1.50565;-2.3887;
23.4685;-1.87963;-18.4474;-0.973876;-2.66355;
23.3218;-1.46758;-18.6021;-1.54685;-2.3299;
23.1437;-1.7813;-18.7122;-1.10075;-2.58808;
23.0427;-1.00946;-18.8661;-1.53923;-2.15125;
22.8616;-1.81087;-18.9873;-1.21216;-2.55171;
22.7914;-0.701943;-19.1502;-1.62955;-1.97754;
22.6252;-1.66204;-19.3034;-1.53129;-2.39712;
22.515;-1.10218;-19.4781;-1.74682;-2.13367;
22.372;-1.43044;-19.6328;-1.5477;-2.31684;
22.2883;-0.836201;-19.8108;-1.77961;-2.01006;
22.1511;-1.3724;-19.968;-1.57246;-2.28836;
22.0684;-0.82682;-20.1596;-1.91574;-1.97824;
21.9675;-1.00891;-20.331;-1.71361;-2.10291;
21.9102;-0.57307;-20.5024;-1.71458;-1.89336;
21.8173;-0.929297;-20.6874;-1.84934;-2.03644;
21.7533;-0.640167;-20.8527;-1.65341;-1.9402;
21.668;-0.852929;-21.0384;-1.85696;-2.00137;
21.5809;-0.870817;-21.2187;-1.80293;-2.02075;
21.5044;-0.764646;-21.4059;-1.87228;-1.95853;
21.4046;-0.998605;-21.6026;-1.9667;-2.04063;
21.3544;-0.501883;-21.8035;-2.00935;-1.81556;
21.2482;-1.06154;-21.9719;-1.68342;-2.1334;
21.204;-0.44275;-22.1854;-2.13578;-1.7752;
21.1085;-0.954948;-22.3606;-1.75111;-2.07005;
21.0723;-0.362109;-22.5693;-2.08767;-1.74254;
20.9701;-1.02149;-22.733;-1.63678;-2.12874;
20.9439;-0.262386;-22.9494;-2.16367;-1.69148;
20.8527;-0.911591;-23.1443;-1.94956;-2.00818;
20.8204;-0.323436;-23.3545;-2.10178;-1.72349;
20.7219;-0.98476;-23.5419;-1.87383;-2.05466;
20.6817;-0.402093;-23.745;-2.03077;-1.76627;
20.5999;-0.81763;-23.9173;-1.72289;-2.01389;
20.5624;-0.374876;-24.114;-1.96753;-1.75907;
20.4892;-0.732503;-24.2955;-1.81459;-1.95447;
20.4411;-0.480863;-24.5077;-2.1224;-1.7936;
20.3639;-0.771809;-24.6959;-1.88229;-1.95993;
20.314;-0.499057;-24.9136;-2.17653;-1.79619;
20.2419;-0.721003;-25.1024;-1.88776;-1.93563;
20.1797;-0.621934;-25.2822;-1.79824;-1.90377;
20.1252;-0.545242;-25.4896;-2.07465;-1.8278;
20.0668;-0.583526;-25.6818;-1.92185;-1.86558;
20.0146;-0.522606;-25.8848;-2.02984;-1.82279;
19.9407;-0.739168;-26.0755;-1.90645;-1.94067;
19.8866;-0.540689;-26.2684;-1.92972;-1.84398;
19.8199;-0.666748;-26.4676;-1.99187;-1.89381;
19.7329;-0.870173;-26.6497;-1.82057;-2.01666;
19.6854;-0.474751;-26.8478;-1.98118;-1.80599;
19.5914;-0.939885;-27.0174;-1.69612;-2.07681;
19.5303;-0.611812;-27.189;-1.71593;-1.91329;
19.3908;-1.3943;-27.3747;-1.85733;-2.21475;
19.3106;-0.802097;-27.5634;-1.88704;-1.97271;
19.1808;-1.29827;-27.723;-1.59588;-2.25372;
19.1005;-0.803023;-27.8993;-1.76276;-1.99826;
18.9362;-1.64294;-28.0428;-1.4345;-2.42382;
18.827;-1.09157;-28.2116;-1.68818;-2.14478;
18.6664;-1.6062;-28.3501;-1.38495;-2.43003;
18.5524;-1.14024;-28.5188;-1.68716;-2.16512;
18.4009;-1.51471;-28.6634;-1.44599;-2.3794;
18.2755;-1.25391;-28.824;-1.60578;-2.23376;
18.1238;-1.51713;-28.9718;-1.47807;-2.36924;
18.0037;-1.20071;-29.1279;-1.56134;-2.22636;
17.846;-1.57721;-29.2603;-1.32398;-2.44326;
17.7187;-1.27316;-29.4141;-1.53787;-2.2623;
17.5767;-1.41995;-29.5518;-1.37728;-2.37145;
17.4232;-1.53513;-29.6905;-1.38676;-2.40693;
17.2804;-1.42803;-29.8172;-1.26676;-2.41597;
17.1281;-1.5225;-29.9544;-1.37263;-2.40792;

16.9825;-1.45608;29.9086;-1.36935;-2.38688;
16.7926;-1.89904;29.8181;-0.905107;-2.69683;
16.6333;-1.59293;29.6959;-1.22207;-2.48718;
16.4627;-1.70667;29.587;-1.08872;-2.57375;
16.2919;-1.7078;29.4794;-1.07644;-2.57919;
16.1272;-1.6474;29.377;-1.02393;-2.58548;
15.9644;-1.62706;29.2747;-1.02358;-2.58005;
15.7974;-1.67005;29.1899;-0.84742;-2.67202;
15.624;-1.73434;29.0979;-0.920031;-2.65386;
15.4441;-1.79953;29.0209;-0.770542;-2.73702;
15.2809;-1.63132;28.9109;-1.09979;-2.54841;
15.1192;-1.61741;28.8434;-0.67439;-2.74655;
14.952;-1.67161;28.7437;-0.997728;-2.60348;
14.7651;-1.86934;28.6671;-0.765851;-2.75276;
14.5903;-1.74831;28.5655;-1.01583;-2.61523;
14.4146;-1.75621;28.5066;-0.589001;-2.818;
14.2438;-1.70804;28.4127;-0.939028;-2.63893;
14.0635;-1.80328;28.3208;-0.919144;-2.67021;
13.8761;-1.87389;28.2762;-0.446003;-2.90793;
13.6978;-1.78272;28.1619;-1.14319;-2.57139;
13.4946;-2.03252;28.1305;-0.313311;-2.98865;
13.3095;-1.85057;28.0146;-1.15887;-2.58212;
13.0731;-2.36424;27.9706;-0.440895;-2.95723;
12.89;-1.83131;27.8916;-0.789881;-2.73438;
12.6558;-2.34157;27.8356;-0.560014;-2.90684;
12.4598;-1.96019;27.7653;-0.702155;-2.79763;
