#1 AntPos X;#2 AntPos Y;#3 Distance form nest;#4 Total Distance;#5 Total Y Distance
-11.5518;2.05827;11.7338;0.224671;0.189897
-11.4322;2.2216;11.6461;0.426881;0.353232
-11.3015;2.38298;11.55;0.634035;0.514615
-11.1919;2.53906;11.4763;0.824742;0.670697
-11.0768;2.70139;11.4014;1.02376;0.833018
-10.9609;2.85451;11.3265;1.21572;0.98614
-10.842;3.01355;11.253;1.41427;1.14518
-10.7095;3.16703;11.168;1.6164;1.29866
-10.5664;3.31931;11.0755;1.82412;1.45095
-10.4372;3.45853;10.9953;2.01326;1.59017
-10.3056;3.61561;10.9214;2.21804;1.74724
-10.1802;3.76566;10.8543;2.41348;1.89729
-10.0506;3.91633;10.7867;2.61203;2.04796
-9.93484;4.06892;10.7358;2.80354;2.20055
-9.8122;4.21564;10.6795;2.99469;2.34727
-9.68548;4.36948;10.6255;3.19397;2.50111
-9.55661;4.52315;10.573;3.39446;2.65478
-9.44185;4.67187;10.5345;3.58228;2.8035
-9.3192;4.82929;10.4962;3.78184;2.96092
-9.21733;4.99461;10.4836;3.97471;3.12624
-9.1833;5.21143;10.559;4.16764;3.34306
-9.14732;5.41637;10.6306;4.35452;3.548
-9.12823;5.61349;10.7162;4.52727;3.74512
-9.16597;5.81891;10.857;4.6783;3.95054
-9.20908;6.00891;10.9961;4.81764;4.14054
-9.2575;6.21102;11.148;4.9687;4.34265
-9.2802;6.38281;11.2633;5.10886;4.51444
-9.37658;6.56316;11.4453;5.22585;4.69479
-9.46717;6.74265;11.6229;5.34972;4.87428
-9.55756;6.91721;11.7981;5.47369;5.04884
-9.65451;7.09029;11.9784;5.59807;5.22192
-9.76616;7.26703;12.1732;5.72516;5.39866
-9.87028;7.4445;12.363;5.85996;5.57613
-9.97201;7.61731;12.5485;5.99499;5.74894
-10.0973;7.78037;12.7471;6.1181;5.912
-10.2471;7.93441;12.9598;6.23113;6.06604
-10.3711;8.06267;13.1365;6.32941;6.1943
-10.5062;8.20435;13.3301;6.44232;6.33598
-10.6873;8.3417;13.5574;6.54778;6.47333
-10.8365;8.48182;13.7612;6.66601;6.61345
-10.9907;8.61451;13.9644;6.78045;6.74615
-11.1432;8.74414;14.1644;6.89608;6.87578
-11.3036;8.87014;14.3684;7.01145;7.00177
-11.4703;8.96069;14.5554;7.09519;7.09232
-11.5947;9.12847;14.7569;7.26051;7.2601
-11.7048;9.31193;14.9571;7.44363;7.44356
-11.8094;9.48166;15.1448;7.61454;7.6133
-11.9113;9.65778;15.3347;7.79309;7.78941
-12.001;9.83875;15.5185;7.97717;7.97039
-12.0925;10.0035;15.6939;8.14599;8.13512
-12.1886;10.1771;15.8788;8.32482;8.30877
-12.2763;10.3829;16.0783;8.536;8.51458
-12.3642;10.5721;16.2678;8.73123;8.70374
-12.4361;10.747;16.4364;8.9115;8.87868
-12.5361;10.9354;16.6354;9.10809;9.06699
-12.6221;11.1097;16.8149;9.29005;9.24133
-12.7208;11.2966;17.0128;9.48645;9.42828
-12.8256;11.4593;17.1991;9.66005;9.59091
-12.9317;11.6253;17.389;9.83798;9.75698
-13.046;11.794;17.5868;10.0203;9.92558
-13.159;11.9647;17.7852;10.2052;10.0963
-13.2698;12.1337;17.9809;10.3889;10.2653
-13.3841;12.2857;18.1679;10.5572;10.4174
-13.5145;12.4615;18.3829;10.7522;10.5931
-13.6341;12.6152;18.5751;10.9245;10.7468
-13.7209;12.7944;18.7606;11.1165;10.926
-13.8059;12.9768;18.9473;11.3116;11.1084
-13.8894;13.1576;19.1322;11.505;11.2893
-13.9553;13.352;19.3139;11.7085;11.4837
-14.0146;13.5461;19.4911;11.9104;11.6777
-14.0656;13.7359;19.66;12.1065;11.8675
-14.1123;13.9202;19.8224;12.2964;12.0518
-14.1736;14.109;19.9988;12.4936;12.2406
-14.2068;14.2951;20.154;12.6827;12.4268
-14.2394;14.4927;20.3175;12.8828;12.6243
-14.2678;14.6997;20.4854;13.0913;12.8314
-14.2956;14.8926;20.6435;13.2858;13.0242
-14.3031;15.0941;20.7945;13.4849;13.2257
-14.3155;15.3042;20.9559;13.6934;13.4358
-14.3273;15.5037;21.1102;13.8915;13.6354
-14.3285;15.7112;21.2638;14.0954;13.8428
-14.3238;15.9167;21.4129;14.2964;14.0483
-14.3224;16.1218;21.5649;14.4978;14.2534
-14.3337;16.336;21.7329;14.7105;14.4677
-14.3399;16.5066;21.8655;14.8793;14.6382
-14.3397;16.6924;22.006;15.0622;14.8241
-14.3419;16.9018;22.1667;15.2687;15.0335
-14.3427;17.0971;22.3165;15.4612;15.2288
-14.37;17.3025;22.4916;15.6681;15.4341
-14.3845;17.5158;22.6654;15.8809;15.6475
-14.4235;17.7001;22.8327;16.0691;15.8318
-14.4618;17.8762;22.9936;16.2491;16.0078
-14.4976;18.0735;23.1696;16.4496;16.2051
-14.531;18.2702;23.3441;16.6491;16.4018
-14.5609;18.4793;23.5266;16.8602;16.6109
-14.5945;18.6821;23.707;17.0658;16.8137
-14.6297;18.8835;23.8875;17.2703;17.0151
-14.7178;19.0714;24.0901;17.4706;17.203
-14.8163;19.2571;24.2973;17.6707;17.3887
-14.9203;19.4254;24.4941;17.855;17.557
-15.0268;19.5927;24.6917;18.0391;17.7244
-15.133;19.7599;24.889;18.2232;17.8915
-15.259;19.9339;25.1038;18.4182;18.0655
-15.3741;20.0977;25.3038;18.6015;18.2294
-15.4696;20.2629;25.493;18.7825;18.3946
-15.5831;20.4428;25.7049;18.9818;18.5745
-15.6815;20.6167;25.9029;19.1723;18.7484
-15.7837;20.7958;26.1073;19.369;18.9275
-15.8817;20.9694;26.3048;19.5595;19.101
-15.9801;21.1432;26.5029;19.7505;19.2749
-16.0792;21.317;26.7012;19.9417;19.4486
-16.1986;21.4846;26.9069;20.1317;19.6162
-16.2943;21.6449;27.0926;20.3096;19.7766
-16.4151;21.8083;27.2957;20.4963;19.9399
-16.522;21.9664;27.4863;20.675;20.098
-16.6191;22.1335;27.6783;20.8602;20.2651
-16.7185;22.2889;27.8622;21.0349;20.4206
-16.8512;22.4567;28.0761;21.2298;20.5883
-16.9745;22.6134;28.2754;21.412;20.7451
-17.0964;22.7742;28.4772;21.5981;20.9059
-17.221;22.9327;28.6788;21.783;21.0643
-17.3455;23.0866;28.8766;21.9637;21.2182
-17.486;23.249;29.0908;22.157;21.3806
-17.6292;23.3939;29.2927;22.3347;21.5255
-17.7582;23.5636;29.5058;22.5327;21.6952
-17.8804;23.7248;29.7081;22.7211;21.8564
-18.0055;23.8919;29.9169;22.9162;22.0236
-18.1244;24.0528;30.1169;23.1038;22.1844
-18.2429;24.2168;30.3193;23.2945;22.3485
-18.3552;24.3628;30.5034;23.4663;22.4945
-18.4755;24.523;30.7038;23.6542;22.6547
-18.5915;24.6856;30.9034;23.8433;22.8172
-18.7306;24.8349;31.1064;24.0268;22.9665
-18.8597;24.9794;31.2995;24.2029;23.111
-18.9911;25.1268;31.4963;24.3829;23.2584
-19.1134;25.283;31.6947;24.5687;23.4147
-19.2311;25.4526;31.901;24.7661;23.5843
-19.3394;25.6178;32.098;24.9565;23.7494
-19.4134;25.7832;32.2747;25.1366;23.9149
-19.4689;25.9556;32.4458;25.3177;24.0872
-19.5391;26.1401;32.6356;25.5149;24.2718
-19.608;26.3262;32.8259;25.7131;24.4578
-19.6769;26.5087;33.0135;25.908;24.6403
-19.7511;26.6995;33.211;26.1124;24.8311
-19.825;26.8908;33.4088;26.3172;25.0224
-19.8825;27.0922;33.6051;26.5265;25.2238
-19.9258;27.2971;33.796;26.7347;25.4287
-19.9664;27.4944;33.9794;26.9349;25.626
-20.0013;27.6896;34.1579;27.1314;25.8212
-20.041;27.8804;34.336;27.3252;26.012
-20.0741;28.0286;34.4757;27.4765;26.1603
-20.127;28.2245;34.6658;27.6791;26.3561
-20.1742;28.3925;34.8301;27.8536;26.5242
-20.217;28.5803;35.008;28.0454;26.7119
-20.2658;28.7742;35.1946;28.245;26.9058
-20.3144;28.9679;35.381;28.4443;27.0995
-20.3765;29.1592;35.5733;28.6454;27.2908
-20.4467;29.3348;35.7574;28.834;27.4664
-20.523;29.5381;35.9679;29.0509;27.6697
-20.5941;29.7213;36.159;29.2471;27.8529
-20.6595;29.9028;36.3455;29.4399;28.0344

-20.727;-29.9006;36.3821;29.6477;28.231
-20.8617;-29.7211;36.3119;29.8598;28.4105
-20.9889;-29.5871;36.2758;30.0266;28.5445
-21.0969;-29.4455;36.2231;30.1948;28.6862
-21.1993;-29.2962;36.1618;30.3687;28.8355
-21.3123;-29.1314;36.095;30.5606;29.0003
-21.4141;-28.9719;36.0268;30.7441;29.1598
-21.5378;-28.8092;35.97;30.9377;29.3224
-21.6635;-28.653;35.9208;31.1259;29.4786
-21.824;-28.5173;35.9099;31.3061;29.6143
-21.964;-28.3861;35.8913;31.4758;29.7455
-22.1044;-28.253;35.8725;31.6476;29.8786
-22.2477;-28.1244;35.86;31.8164;30.0073
-22.3945;-27.9794;35.8379;32.0021;30.1523
-22.4972;-27.8237;35.781;32.1832;30.308
-22.6172;-27.6719;35.7389;32.3665;30.4597
-22.7011;-27.4853;35.648;32.5705;30.6463
-22.7716;-27.3027;35.5526;32.7662;30.8289
-22.8425;-27.1374;35.4714;32.9458;30.9943
-22.9285;-26.9589;35.3906;33.1429;31.1728
-23.0193;-26.7843;35.3169;33.338;31.3474
-23.0535;-26.5899;35.1921;33.5324;31.5418
-23.0875;-26.3961;35.0683;33.7263;31.7355
-23.1324;-26.1834;34.9383;33.9416;31.9482
-23.1646;-25.9923;34.8167;34.1323;32.1393
-23.1964;-25.7955;34.6912;34.3284;32.3361
-23.1992;-25.6128;34.5575;34.5015;32.5188
-23.2023;-25.4051;34.4059;34.6983;32.7265
-23.2168;-25.2108;34.2725;34.8865;32.9208
-23.2245;-25.0186;34.1366;35.0704;33.113
-23.2504;-24.8209;34.0097;35.2656;33.3107
-23.2792;-24.6189;33.8823;35.466;33.5128
-23.3111;-24.4146;33.7562;35.6695;33.7171
-23.3438;-24.219;33.6377;35.865;33.9126
-23.3741;-24.0234;33.5182;36.0599;34.1082
-23.4029;-23.8274;33.3982;36.2546;34.3042
-23.4383;-23.637;33.2876;36.4463;34.4946
-23.4775;-23.4388;33.1749;36.6465;34.6928
-23.5085;-23.2443;33.0598;36.8406;34.8873
-23.5348;-23.0706;32.9566;37.0136;35.061
-23.5701;-22.8764;32.8463;37.2089;35.2553
-23.6133;-22.6741;32.7369;37.4143;35.4575
-23.6648;-22.4775;32.6383;37.6171;35.6542
-23.7346;-22.2955;32.5641;37.8118;35.8361
-23.7886;-22.1157;32.4807;37.9995;36.016
-23.8526;-21.9164;32.3925;38.2088;36.2152
-23.9219;-21.7163;32.3087;38.4206;36.4153
-23.9727;-21.5098;32.2081;38.6324;36.6218
-24.0053;-21.3101;32.0995;38.8322;36.8216
-24.0252;-21.1004;31.9756;39.0374;37.0313
-24.0223;-20.909;31.8474;39.2181;37.2227
-24.0256;-20.72;31.7261;39.3985;37.4116
-24.0284;-20.5129;31.5934;39.5961;37.6187
-24.0148;-20.3138;31.4541;39.7811;37.8178
-24.012;-20.1046;31.3173;39.9792;38.0271
-23.9945;-19.904;31.1754;40.1647;38.2277
-23.9651;-19.7089;31.0284;40.3414;38.4228
-23.9331;-19.4956;30.8686;40.5349;38.636
-23.8998;-19.3004;30.7198;40.711;38.8313
-23.8622;-19.1006;30.5653;40.8904;39.031
-23.8309;-18.9041;30.4183;41.0688;39.2276
-23.8216;-18.6923;30.2798;41.2684;39.4394
-23.7901;-18.4956;30.134;41.4471;39.636
-23.7601;-18.3022;29.9919;41.6234;39.8294
-23.7245;-18.0978;29.8393;41.8087;40.0338
-23.6862;-17.9098;29.6951;41.9778;40.2218
-23.6529;-17.7252;29.5574;42.1453;40.4064
-23.6205;-17.5101;29.4029;42.3424;40.6215
-23.5593;-17.3195;29.2405;42.5081;40.8121
-23.498;-17.1317;29.08;42.6714;40.9999
-23.4298;-16.9522;28.9194;42.8252;41.1794
-23.3562;-16.7627;28.7489;42.9874;41.369
-23.2957;-16.5975;28.6036;43.13;41.5342
-23.2602;-16.4401;28.4836;43.2721;41.6915
-23.2226;-16.2538;28.3456;43.4416;41.8778
-23.1659;-16.0624;28.1896;43.6112;42.0693
-23.0945;-15.8667;28.0198;43.7813;42.2649
-23.0159;-15.6784;27.8485;43.9427;42.4532
-22.9222;-15.4844;27.6621;44.1062;42.6473
-22.8182;-15.3304;27.4898;44.2288;42.8013
-22.6953;-15.1744;27.3009;44.349;42.9572
-22.5484;-15.0106;27.0878;44.4716;43.121
-22.404;-14.869;26.8891;44.5739;43.2626
-22.2314;-14.7377;26.6727;44.6602;43.3939
-22.0617;-14.6238;26.4684;44.7312;43.5078
-21.8915;-14.5118;26.2646;44.801;43.6199
-21.7024;-14.4162;26.0542;44.8514;43.7154
-21.521;-14.323;25.8515;44.9021;43.8086
-21.3381;-14.2444;25.6558;44.9391;43.8872
-21.1599;-14.1831;25.4735;44.961;43.9485
-20.9904;-14.1509;25.3149;44.957;43.9807
-20.8051;-14.1119;25.1396;44.9572;44.0197
-20.6116;-14.0724;24.9573;44.9571;44.0593
-20.4335;-14.0543;24.8002;44.9398;44.0774
-20.2112;-14.0403;24.6094;44.9106;44.0913
-20.016;-14.0092;24.4315;44.9045;44.1224
-19.8211;-13.9692;24.249;44.9081;44.1625
-19.6342;-13.911;24.0628;44.9317;44.2206
-19.4628;-13.8293;23.8757;44.9822;44.3023
-19.2772;-13.732;23.6681;45.0463;44.3996
-19.1064;-13.6369;23.4738;45.1116;44.4947
-18.9307;-13.5515;23.2812;45.1672;44.5801
-18.7521;-13.4671;23.0869;45.2222;44.6645
-18.5877;-13.3822;22.9038;45.2807;44.7494
-18.4085;-13.2924;22.7059;45.3425;44.8393
-18.2164;-13.2064;22.4999;45.3994;44.9253
-18.0366;-13.1262;22.3073;45.4532;45.0054
-17.8632;-13.0047;22.0956;45.5497;45.1269
-17.6958;-12.8823;21.8882;45.6486;45.2494
-17.5283;-12.7711;21.6874;45.737;45.3605
-17.3574;-12.6865;21.4995;45.7994;45.4451
-17.1717;-12.5969;21.2967;45.8656;45.5347
-16.9904;-12.502;21.0944;45.9385;45.6296
-16.7847;-12.413;20.876;46.0036;45.7186
-16.6068;-12.3369;20.6878;46.0598;45.7947
-16.4343;-12.2693;20.5091;46.1089;45.8623
-16.2671;-12.1849;20.3246;46.176;45.9467
-16.0935;-12.1087;20.1401;46.2348;46.0229
-15.9079;-12.034;19.9469;46.2919;46.0976
-15.7135;-11.9588;19.7465;46.3494;46.1729
-15.5149;-11.895;19.55;46.3961;46.2367
-15.3271;-11.8304;19.3618;46.4453;46.3013
-15.1359;-11.7706;19.174;46.4902;46.361
-14.9517;-11.7163;18.9954;46.5311;46.4154
-14.7648;-11.6488;18.8067;46.5857;46.4829
-14.593;-11.5589;18.6162;46.6642;46.5727
-14.4186;-11.4756;18.4279;46.7368;46.656
-14.2522;-11.3728;18.2336;46.83;46.7588
-14.0924;-11.2521;18.0334;46.9419;46.8795
-13.9483;-11.0964;17.8237;47.0903;47.0353
-13.851;-10.9246;17.6407;47.2573;47.2071
-13.7661;-10.7408;17.4605;47.4371;47.3909
-13.7246;-10.5365;17.3027;47.6393;47.5951
-13.73;-10.33;17.182;47.8459;47.8017
-13.7795;-10.1227;17.0981;48.0551;48.0089
-13.8509;-9.93151;17.0436;48.2494;48.2001
-13.9421;-9.74925;17.0127;48.4356;48.3824
-14.0371;-9.5783;16.9936;48.6109;48.5533
-14.1259;-9.39031;16.9623;48.8031;48.7413
-14.1679;-9.20092;16.8934;48.9943;48.9307
-14.1976;-9.00391;16.812;49.1926;49.1277
-14.184;-8.80092;16.6926;49.3946;49.3307
-14.1722;-8.6018;16.5784;49.5929;49.5298
-14.1602;-8.41623;16.4725;49.7776;49.7154
-14.136;-8.2168;16.3506;49.9756;49.9148
-14.1523;-8.00638;16.26;50.1866;50.1252
-14.2;-7.8168;16.2093;50.3783;50.3148
-14.3637;-7.65612;16.2768;50.5472;50.4755
-14.485;-7.48815;16.3061;50.7215;50.6435
-14.6327;-7.34683;16.3735;50.871;50.7848
-14.725;-7.15299;16.3705;51.07;50.9786
-14.8475;-7.00297;16.4162;51.2272;51.1287
-14.9245;-6.81521;16.407;51.4194;51.3164
-15.0152;-6.63513;16.4159;51.6049;51.4965
-15.1288;-6.47582;16.4565;51.7714;51.6558
-15.1866;-6.28518;16.4358;51.9654;51.8464
-15.2963;-6.10854;16.4709;52.1492;52.0231
-15.3792;-5.91454;16.4773;52.3485;52.2171
-15.4825;-5.74258;16.5132;52.5275;52.3891
-15.5469;-5.53955;16.5044;52.7346;52.5921
-15.646;-5.35352;16.5365;52.9275;52.7781
-15.7408;-5.18378;16.5724;53.104;52.9479
-15.8135;-4.99672;16.5841;53.2961;53.1349
-15.9498;-4.83389;16.6662;53.4691;53.2977
-16.0462;-4.64798;16.7058;53.6622;53.4837
-16.233;-4.50521;16.8465;53.82;53.6264
-16.3604;-4.34869;16.9285;53.9869;53.7829
-16.591;-4.27062;17.1318;54.0852;53.861
-16.7679;-4.15581;17.2752;54.2158;53.9758
-16.9945;-4.13616;17.4906;54.2572;53.9955
-17.1928;-4.16649;17.6905;54.2468;53.9651
-17.3874;-4.18887;17.8849;54.2447;53.9428
-17.5682;-4.28515;18.0833;54.1683;53.8465
-17.7779;-4.3402;18.3;54.1369;53.7914
-17.9578;-4.47527;18.5071;54.0233;53.6564
-18.1761;-4.56803;18.7413;53.9571;53.5636
-18.3208;-4.72765;18.921;53.8163;53.404
-18.5109;-4.84828;19.1353;53.7205;53.2834
-18.6654;-4.97964;19.3182;53.6101;53.152
-18.8331;-5.09106;19.5091;53.5218;53.0406
-18.9714;-5.23899;19.6815;53.3939;52.8926
-19.1537;-5.33845;19.8838;53.3207;52.7932
-19.289;-5.5027;20.0585;53.1773;52.6289
-19.4668;-5.61217;20.2596;53.0948;52.5195
-19.6112;-5.77369;20.4435;52.9565;52.3579
-19.7767;-5.90152;20.6384;52.8552;52.2301
-19.9136;-6.05493;20.8138;52.7248;52.0767
-20.0823;-6.1761;21.0105;52.6319;51.9555
-20.2186;-6.31545;21.182;52.5163;51.8162
-20.3877;-6.43484;21.3791;52.4264;51.6968
-20.5277;-6.58197;21.5571;52.3048;51.5497
-20.691;-6.69715;21.7478;52.2192;51.4345
-20.824;-6.83042;21.9156;52.1112;51.3012
-20.978;-6.96344;22.1035;52.0076;51.1682
-21.1247;-7.09905;22.2857;51.9007;51.0326
-21.2703;-7.24112;22.469;51.7878;50.8905
-21.419;-7.37651;22.6537;51.6826;50.7551
-21.5608;-7.51741;22.8338;51.5712;50.6142
-21.696;-7.66398;23.0098;51.4535;50.4677
-21.8331;-7.80684;23.1869;51.3404;50.3248
-21.9719;-7.94345;23.3637;51.2342;50.1882
-22.1125;-8.08212;23.5432;51.1269;50.0495
-22.2427;-8.2532;23.7245;50.9863;49.8784
-22.3928;-8.39385;23.9143;50.8801;49.7378
-22.4924;-8.57826;24.0727;50.721;49.5534
-22.6154;-8.73619;24.2441;50.5932;49.3954
-22.7159;-8.90989;24.4008;50.4455;49.2217
-22.8361;-9.08105;24.5754;50.3051;49.0506
-22.9036;-9.26829;24.7079;50.1376;48.8633
-23.0151;-9.43517;24.874;50.0001;48.6965
-23.0765;-9.63171;25.0059;49.8228;48.4999
-23.1799;-9.80937;25.17;49.6737;48.3223
-23.2382;-10.01;25.3025;49.4921;48.1216
-23.3307;-10.1914;25.4595;49.3375;47.9402
-23.3794;-10.3915;25.5848;49.1547;47.7401
-23.4606;-10.5567;25.7263;49.0137;47.5749
-23.5168;-10.7546;25.8593;48.8352;47.377
-23.5866;-10.9262;25.9944;48.6858;47.2054
-23.661;-11.1223;26.1448;48.514;47.0093
-23.7261;-11.3244;26.2901;48.3345;46.8072
-23.8278;-11.4975;26.4567;48.1924;46.6341
-23.8875;-11.6774;26.589;48.0335;46.4542
-23.9867;-11.8779;26.7665;47.865;46.2537
-24.0679;-12.0823;26.9304;47.6886;46.0494
-24.1552;-12.2689;27.0924;47.5313;45.8628
-24.2229;-12.4539;27.2369;47.3707;45.6777
-24.3179;-12.6337;27.4039;47.2227;45.4979
-24.3867;-12.8244;27.5532;47.0575;45.3072
-24.4981;-13.0176;27.742;46.9019;45.1141
-24.5905;-13.2166;27.9172;46.736;44.915
-24.7067;-13.3757;28.095;46.6155;44.756
-24.828;-13.5312;28.2758;46.5004;44.6005
-24.9618;-13.6819;28.4655;46.3939;44.4497
-25.1121;-13.8198;28.6637;46.3053;44.3118
-25.2536;-13.9198;28.8358;46.2509;44.2118
-25.3937;-14.0693;29.0308;46.1496;44.0624
-25.5797;-14.1515;29.2333;46.1267;43.9801
-25.7363;-14.3026;29.4435;46.0303;43.829
-25.9459;-14.371;29.66;46.0297;43.7606
-26.1091;-14.5338;29.8817;45.9261;43.5979
-26.3355;-14.6233;30.1231;45.9129;43.5083
-26.5067;-14.7128;30.3162;45.8832;43.4188
-26.6786;-14.7643;30.4916;45.8903;43.3673
-26.8592;-14.8568;30.6943;45.8624;43.2748
-27.0537;-14.9115;30.891;45.8757;43.2201
-27.2274;-15.0076;31.0895;45.8438;43.1241
-27.4262;-15.0447;31.2816;45.8769;43.087
-27.6108;-15.1468;31.4926;45.8448;42.9848
-27.8318;-15.174;31.6995;45.8966;42.9576
-28.0181;-15.2852;31.9163;45.8586;42.8464
-28.239;-15.3019;32.1183;45.9223;42.8297
-28.4398;-15.4074;32.3452;45.8969;42.7242
-28.6507;-15.4301;32.5416;45.9533;42.7016
-28.8399;-15.5621;32.7707;45.901;42.5695
-29.0698;-15.5641;32.9742;45.9856;42.5675
-29.2801;-15.6481;33.1992;45.988;42.4835
-29.4774;-15.7049;33.4001;46.0115;42.4267
-29.6682;-15.7654;33.5969;46.03;42.3662
-29.8475;-15.8173;33.7796;46.0527;42.3143

29.9664;-15.8788;33.9134;46.0701;42.2529
29.7719;-15.9394;33.7703;46.0925;42.1923
29.5724;-16.0092;33.6277;46.1094;42.1224
29.375;-16.0654;33.4812;46.1388;42.0662
29.1877;-16.1512;33.3584;46.138;41.9804
28.9915;-16.2009;33.2111;46.1746;41.9307
28.8092;-16.2864;33.0941;46.1737;41.8452
28.6008;-16.3547;32.9467;46.2004;41.7769
28.4242;-16.45;32.8411;46.1901;41.6817
28.2269;-16.4994;32.6954;46.2309;41.6322
28.0613;-16.6389;32.6234;46.1778;41.4927
27.8095;-16.6931;32.4349;46.2404;41.4386
27.6221;-16.8186;32.3396;46.2115;41.313
27.4133;-16.8732;32.19;46.2567;41.2584
27.227;-16.9752;32.0853;46.2505;41.1564
27.0078;-17.0096;31.9178;46.3204;41.1221
26.8103;-17.062;31.779;46.3652;41.0696
26.6125;-17.1129;31.6398;46.4123;41.0187
26.4049;-17.1686;31.4957;46.4607;40.963
26.2033;-17.2068;31.3479;46.5226;40.9249
26.0172;-17.2841;31.2351;46.5435;40.8475
25.8159;-17.299;31.076;46.6273;40.8327
25.6207;-17.4008;30.9711;46.6329;40.7308
25.4027;-17.4065;30.7943;46.7344;40.7251
25.2061;-17.518;30.6957;46.7343;40.6136
24.9796;-17.5417;30.5237;46.8262;40.5899
24.8068;-17.6338;30.4356;46.833;40.4978
24.5837;-17.665;30.2723;46.9185;40.4666
24.4086;-17.8116;30.2165;46.8812;40.32
24.1823;-17.8522;30.058;46.9622;40.2794
23.9892;-17.988;29.9842;46.9456;40.1436
23.7889;-18.057;29.8658;46.991;40.0747
23.6284;-18.2081;29.8301;46.9464;39.9235
23.4416;-18.3047;29.7418;46.9629;39.8269
23.2938;-18.453;29.7172;46.916;39.6786
23.1051;-18.5561;29.634;46.9299;39.5755
22.9736;-18.7373;29.6458;46.8483;39.3943
22.7937;-18.8527;29.58;46.8491;39.2789
22.671;-19.0598;29.6184;46.7429;39.0718
22.4994;-19.2096;29.5843;46.7124;38.9221
22.4052;-19.4201;29.6502;46.5895;38.7115
22.2663;-19.5676;29.6425;46.5446;38.564
22.1961;-19.7752;29.7275;46.4123;38.3564
22.0493;-19.933;29.7236;46.365;38.1987
22.0003;-20.1537;29.836;46.2112;37.9779
21.8534;-20.3193;29.8404;46.1593;37.8123
21.8252;-20.5491;29.9767;45.9875;37.5825
21.6852;-20.7283;29.9985;45.9223;37.4033
21.6588;-20.9563;30.1375;45.7521;37.1753
21.5247;-21.1448;30.1731;45.6777;36.9868
21.477;-21.3733;30.2998;45.5209;36.7583
21.3883;-21.5682;30.3751;45.4163;36.5635
21.3491;-21.778;30.497;45.2709;36.3537
21.2401;-21.9636;30.5539;45.1872;36.168
21.2151;-22.1878;30.6982;45.023;35.9438
21.0973;-22.3768;30.7542;44.9436;35.7548
21.0813;-22.5995;30.9056;44.7764;35.5322
20.9543;-22.8022;30.9681;44.6934;35.3295
20.9381;-23.0273;31.1233;44.5256;35.1044
20.8095;-23.2076;31.171;44.463;34.924
20.7684;-23.4394;31.3166;44.3067;34.6922
20.6782;-23.6272;31.3979;44.2162;34.5044
20.6164;-23.7939;31.4831;44.125;34.3377
20.5769;-24.0033;31.616;43.9872;34.1283
20.4817;-24.1661;31.6781;43.9213;33.9655
20.4665;-24.3841;31.8349;43.7626;33.7475
20.3381;-24.572;31.8971;43.7;33.5596
20.331;-24.8069;32.0739;43.5244;33.3247
20.2153;-24.9906;32.1433;43.4587;33.141
20.2129;-25.2206;32.3209;43.2851;32.9111
20.1024;-25.4226;32.4101;43.2038;32.709
20.1051;-25.6501;32.5905;43.0301;32.4816
19.9974;-25.8422;32.6759;42.9562;32.2895
20.0009;-26.065;32.8545;42.7867;32.0667
19.8698;-26.2517;32.9236;42.7341;31.8799
19.864;-26.4921;33.112;42.559;31.6396
19.7474;-26.6903;33.2014;42.4901;31.4413
19.7369;-26.9191;33.3794;42.3282;31.2125
19.6038;-27.1131;33.4579;42.2757;31.0185
19.5801;-27.34;33.6282;42.1256;30.7916
19.4259;-27.5212;33.6865;42.0992;30.6105
19.3839;-27.7383;33.84;41.9705;30.3933
19.1901;-27.9177;33.8772;41.975;30.2139
19.1171;-28.1405;34.0199;41.8658;29.9911
18.9211;-28.281;34.0268;41.9026;29.8506
18.7842;-28.4399;34.0834;41.886;29.6917
18.621;-28.5655;34.0989;41.9126;29.5661
18.472;-28.6925;34.1244;41.9291;29.4392
18.3205;-28.8426;34.1692;41.9321;29.289
18.1721;-28.9625;34.1914;41.955;29.1692
18.051;-29.1288;34.2684;41.927;29.0029
17.882;-29.2133;34.2517;41.9909;28.9184
17.7658;-29.4229;34.3705;41.9315;28.7087
17.5809;-29.5465;34.3814;41.9821;28.5851
17.4297;-29.6895;34.4276;41.996;28.4422
17.2924;-29.8196;34.4708;42.0094;28.312
17.1488;-29.9612;34.5218;42.0205;28.1705

16.9962;29.8978;34.3911;42.0397;28.0294
16.805;29.8033;34.2147;42.1197;27.935
16.6952;29.6265;34.0067;42.0851;27.7581
16.4516;29.5416;33.8137;42.2128;27.6733
16.284;29.3724;33.5844;42.2291;27.5041
16.0782;29.3211;33.44;42.3522;27.4527
15.9153;29.1786;33.2368;42.3844;27.3102
15.7213;29.118;33.0911;42.4941;27.2497
15.5567;28.9865;32.8972;42.5365;27.1181
15.3438;28.9302;32.7474;42.665;27.0618
15.1749;28.7962;32.5499;42.7111;26.9278
14.9459;28.7498;32.4027;42.86;26.8814
14.7753;28.5965;32.1881;42.8974;26.7282
14.5495;28.546;32.04;43.0429;26.6777
14.3974;28.3973;31.8385;43.0706;26.529
14.1695;28.3416;31.6863;43.2162;26.4732
13.9964;28.2072;31.4889;43.2712;26.3389
13.7768;28.1845;31.3714;43.4319;26.3161
13.5973;28.0356;31.159;43.4851;26.1672
13.3543;28.0141;31.0343;43.6665;26.1457
13.1521;27.8865;30.8323;43.7526;26.0181
12.9188;27.8785;30.7263;43.9357;26.0101
12.7008;27.7497;30.5181;44.0357;25.8813
12.462;27.7447;30.415;44.2263;25.8764
12.2541;27.6222;30.2184;44.3238;25.7539
12.0141;27.6315;30.1303;44.5247;25.7631
11.8139;27.5264;29.9545;44.6276;25.658
11.5841;27.5446;29.8814;44.8262;25.6763
11.3558;27.4497;29.7059;44.9595;25.5814
11.1233;27.4377;29.6066;45.1441;25.5693
10.9277;27.3323;29.4358;45.246;25.4639
10.6998;27.3361;29.3555;45.4367;25.4677
10.4985;27.2119;29.1669;45.5343;25.3436
10.2598;27.2108;29.0807;45.7322;25.3424
10.0604;27.0997;28.9068;45.8371;25.2313
9.81342;27.1226;28.8433;46.056;25.2542
9.61267;26.9928;28.6534;46.1532;25.1244
9.38235;27.0056;28.589;46.3535;25.1372
9.17644;26.8651;28.3891;46.4509;24.9967
8.93081;26.8678;28.3132;46.6596;24.9994
8.7352;26.7638;28.1533;46.7695;24.8955
8.50061;26.7643;28.0818;46.9685;24.8959
8.29397;26.6704;27.9303;47.0943;24.802
8.05839;26.7136;27.9026;47.3174;24.8453
7.81501;26.6466;27.769;47.4897;24.7782
7.58429;26.6895;27.7461;47.709;24.8211
7.38525;26.6035;27.6095;47.8345;24.7351
7.14881;26.6547;27.5967;48.0635;24.7864
6.9276;26.5914;27.479;48.2206;24.723
6.70227;26.6478;27.4777;48.4431;24.7794
6.47205;26.587;27.3634;48.6101;24.7186
6.25398;26.6301;27.3546;48.8198;24.7617
6.03571;26.5716;27.2485;48.9785;24.7032
5.81476;26.6241;27.2517;49.1958;24.7558
5.5886;26.5499;27.1317;49.3542;24.6815
5.35837;26.5863;27.1209;49.5719;24.7179
5.12311;26.4986;26.9893;49.7325;24.6302
4.90429;26.56;27.009;49.953;24.6916
4.66802;26.4634;26.872;50.1111;24.5951
4.43702;26.4988;26.8677;50.3298;24.6304
4.2216;26.4143;26.7496;50.4766;24.546
3.99834;26.4701;26.7704;50.6988;24.6017
3.77914;26.3903;26.6596;50.8521;24.522
3.55648;26.3861;26.6247;51.0453;24.5178
3.38689;26.3557;26.5725;51.1795;24.4874
3.18432;26.3663;26.5579;51.3625;24.4979
2.97538;26.3115;26.4792;51.5202;24.4431
2.74812;26.3716;26.5144;51.7489;24.5033
2.53541;26.3344;26.4562;51.9187;24.466
2.31813;26.3952;26.4968;52.1391;24.5268
2.09882;26.3302;26.4137;52.3023;24.4618
1.8677;26.4024;26.4684;52.5403;24.534
1.64778;26.3637;26.4151;52.7169;24.4953
1.41337;26.4614;26.4991;52.9699;24.593
1.20005;26.4271;26.4543;53.143;24.5587
0.98331;26.5126;26.5308;53.3748;24.6442
0.760516;26.4608;26.4718;53.5487;24.5925
0.539025;26.5317;26.5371;53.778;24.6633
0.307882;26.4681;26.4699;53.9545;24.5998
0.0883613;26.5156;26.5157;54.1716;24.6472
-0.155333;26.4033;26.4037;54.3379;24.5349
-0.384499;26.4234;26.4262;54.5515;24.555
-0.583791;26.3146;26.321;54.6808;24.4462
-0.776385;26.2278;26.2393;54.8145;24.3594
-0.938153;26.1061;26.1229;54.9056;24.2377
-1.11918;26.0145;26.0385;55.0279;24.1461
-1.27787;25.8498;25.8814;55.0987;23.9814
-1.45759;25.7761;25.8173;55.2285;23.9077
-1.60641;25.6082;25.6585;55.2904;23.7398
-1.79911;25.5265;25.5898;55.4296;23.6582
-1.93863;25.3459;25.4199;55.4792;23.4775
-2.11648;25.2381;25.3267;55.595;23.3697
-2.24144;25.044;25.1441;55.6272;23.1757
-2.42723;24.9234;25.0413;55.7462;23.055
-2.52434;24.749;24.8774;55.7628;22.8806
-2.72993;24.6241;24.7749;55.8994;22.7557
-2.85349;24.4049;24.5711;55.9236;22.5365
-3.01991;24.2753;24.4624;56.024;22.407
-3.13262;24.1022;24.3049;56.0584;22.2338
-3.32124;23.9866;24.2154;56.186;22.1182
-3.42099;23.8037;24.0483;56.2061;21.9353
-3.62514;23.703;23.9786;56.355;21.8346
-3.75881;23.5049;23.8035;56.402;21.6365
-3.96299;23.3881;23.7215;56.5461;21.5197
-4.0937;23.2328;23.5907;56.6081;21.3644
-4.29351;23.1354;23.5304;56.7567;21.267
-4.43855;22.9606;23.3856;56.826;21.0922
-4.66404;22.8809;23.3515;57.0061;21.0126
-4.81347;22.7008;23.2055;57.079;20.8324
-5.01158;22.6062;23.1551;57.2292;20.7378
-5.13953;22.4497;23.0305;57.292;20.5813
-5.34076;22.3639;22.9928;57.4492;20.4956
-5.48756;22.1964;22.8646;57.527;20.328
-5.7194;22.1145;22.8422;57.7152;20.2462
-5.85577;21.931;22.6993;57.7789;20.0626
-6.07216;21.8355;22.6641;57.9489;19.9671
-6.24601;21.6495;22.5325;58.0485;19.7811
-6.44811;21.5181;22.4635;58.194;19.6497
-6.59719;21.3649;22.3603;58.283;19.4966
-6.78111;21.2604;22.3157;58.4215;19.392
-6.92528;21.0817;22.1901;58.4986;19.2134
-7.11569;21.0101;22.1824;58.6551;19.1417
-7.28755;20.8335;22.0713;58.7603;18.9651
-7.50527;20.7672;22.0818;58.9452;18.8989
-7.67456;20.628;22.0094;59.0612;18.7596
-7.89893;20.5863;22.0497;59.2608;18.718
-8.05465;20.4404;21.9701;59.3627;18.572
-8.29686;20.4048;22.0271;59.5818;18.5365
-8.47312;20.279;21.9779;59.7104;18.4106
-8.68004;20.2246;22.0086;59.8905;18.3562
-8.84329;20.0831;21.9439;60.0028;18.2147
-9.01901;19.9924;21.9326;60.1429;18.124
-9.15867;19.8314;21.8441;60.2279;17.963
-9.36803;19.7368;21.8473;60.3997;17.8685
-9.51606;19.5866;21.776;60.497;17.7183
-9.72561;19.5131;21.8025;60.6759;17.6447
-9.85652;19.3352;21.7026;60.7498;17.4668
-10.0796;19.2495;21.7288;60.939;17.3812
-10.2309;19.0778;21.648;61.0354;17.2095
-10.4503;19.0043;21.6881;61.2253;17.1359
-10.5978;18.8278;21.6055;61.3179;16.9594
-10.8159;18.7656;21.6594;61.5104;16.8972
-10.976;18.5914;21.5897;61.6169;16.7231
-11.1977;18.526;21.6472;61.8126;16.6577
-11.39;18.3602;21.6062;61.9534;16.4918
-11.5934;18.2603;21.6297;62.1231;16.392
-11.7315;18.0996;21.5691;62.2143;16.2312
-11.9461;18.0252;21.6245;62.4021;16.1568
-12.0895;17.8345;21.5459;62.4916;15.9661
-12.303;17.7457;21.5934;62.6755;15.8774
-12.4469;17.5653;21.5282;62.7693;15.6969
-12.663;17.4709;21.5774;62.9552;15.6025
-12.8114;17.3098;21.5351;63.0593;15.4414
-13.0561;17.2657;21.6464;63.2859;15.3973
-13.2186;17.1606;21.6615;63.4181;15.2923
-13.4733;17.1815;21.8342;63.6703;15.3131
-13.6914;17.1849;21.9722;63.8828;15.3165
-13.9084;17.2537;22.1616;64.11;15.3853
-14.0723;17.4066;22.3835;64.3059;15.5383
-14.2023;17.5425;22.5709;64.465;15.6742
-14.2998;17.7093;22.7619;64.6002;15.841
-14.4345;17.858;22.9622;64.7674;15.9896
-14.4851;18.079;23.1661;64.8712;16.2106
-14.6416;18.2436;23.3924;65.0641;16.3753
-14.6828;18.4869;23.6083;65.1655;16.6186
-14.8309;18.6649;23.8398;65.3543;16.7965
-14.8803;18.8962;24.0518;65.4618;17.0279
-15.0123;19.1157;24.306;65.6466;17.2473
-15.0594;19.3208;24.4965;65.7462;17.4524
-15.2206;19.5005;24.7373;65.9494;17.6321
-15.281;19.7404;24.9638;66.0721;17.872
-15.4375;19.908;25.1921;66.2682;18.0396
-15.4977;20.1289;25.4037;66.3866;18.2605
-15.6628;20.2967;25.6375;66.5916;18.4284
-15.7161;20.534;25.8581;66.7088;18.6656
-15.8865;20.7187;26.1084;66.9242;18.8503
-15.9476;20.9333;26.316;67.0436;19.065
-16.1348;21.0911;26.555;67.2679;19.2228
-16.2056;21.2874;26.754;67.3921;19.419
-16.3844;21.4426;26.9858;67.6081;19.5742
-16.4519;21.6739;27.2108;67.74;19.8056
-16.6444;21.8306;27.4519;67.9699;19.9622
-16.6898;22.0419;27.6477;68.0757;20.1735
-16.8822;22.2046;27.8936;68.3077;20.3362
-16.9785;22.4313;28.1324;68.4674;20.5629
-17.1771;22.6033;28.3894;68.7086;20.7349
-17.2466;22.8137;28.5992;68.8386;20.9454
-17.4349;22.9484;28.8202;69.0589;21.08
-17.513;23.1975;29.0659;69.2097;21.3291
-17.7202;23.3511;29.3135;69.4542;21.4828
-17.7925;23.5846;29.5433;69.5955;21.7163
-17.9753;23.7327;29.7716;69.8154;21.8643
-18.0252;23.9698;29.9909;69.9373;22.1014
-18.2012;24.161;30.2496;70.1648;22.2927
-18.2564;24.3536;30.4368;70.2786;22.4853
-18.4171;24.5165;30.6635;70.4831;22.6482
-18.4826;24.7351;30.8777;70.6155;22.8667
-18.6566;24.8973;31.1118;70.8327;23.029
-18.7099;25.1226;31.3242;70.9567;23.2542
-18.894;25.282;31.5621;71.1829;23.4136
-18.945;25.5296;31.7911;71.3128;23.6612
-19.0786;25.7067;32.013;71.4978;23.8383
-19.1128;25.9375;32.2189;71.6073;24.0692
-19.2752;26.1168;32.4595;71.8205;24.2484
-19.3156;26.382;32.6971;71.9485;24.5136
-19.4681;26.5671;32.9366;72.1551;24.6988
-19.4895;26.7906;33.1297;72.2519;24.9222
-19.6355;26.9804;33.369;72.4545;25.112
-19.6435;27.2216;33.5691;72.5461;25.3533
-19.7912;27.4157;33.8129;72.7523;25.5473
-19.7846;27.6386;33.99;72.8247;25.7702
-19.9227;27.838;34.2326;73.0246;25.9696
-19.9346;28.0288;34.3948;73.1038;26.1605
-20.0962;28.2123;34.638;73.3205;26.344
-20.105;28.4864;34.8667;73.4276;26.618
-20.2772;28.6611;35.1088;73.6515;26.7928
-20.322;28.9145;35.3416;73.7857;27.0461
-20.4766;29.094;35.5774;73.9955;27.2256
-20.5173;29.3583;35.8171;74.1308;27.4899
-20.6349;29.5304;36.0256;74.304;27.6621
-20.7231;29.7051;36.2193;74.451;27.8367
-20.8264;29.8921;36.4318;74.6168;28.0237

-20.9212;-29.9249;36.5129;74.7735;28.2067
-21.0466;-29.7542;36.4455;74.9542;28.3774
-21.1093;-29.5529;36.3178;75.0886;28.5787
-21.3266;-29.4041;36.3239;75.3462;28.7275
-21.3995;-29.1745;36.1813;75.5013;28.9571
-21.5843;-29.0313;36.1759;75.727;29.1004
-21.6419;-28.7827;36.0113;75.876;29.3489
-21.8296;-28.613;35.9894;76.1147;29.5186
-21.8891;-28.3782;35.8393;76.2609;29.7535
-22.0882;-28.2226;35.8386;76.5049;29.909
-22.1433;-27.9834;35.6847;76.6494;30.1482
-22.3275;-27.8188;35.6708;76.8835;30.3128
-22.3751;-27.5708;35.5077;77.0254;30.5608
-22.5364;-27.3943;35.4731;77.2435;30.7373
-22.5748;-27.1628;35.3191;77.3711;30.9688
-22.7553;-26.9901;35.3026;77.6057;31.1415
-22.7686;-26.7242;35.1083;77.7249;31.4074
-22.9317;-26.5349;35.0708;77.9507;31.5968
-22.9425;-26.2835;34.8881;78.0628;31.8481
-23.0915;-26.0897;34.8409;78.278;32.042
-23.0911;-25.8283;34.6453;78.385;32.3034
-23.2133;-25.6348;34.5833;78.5762;32.4968
-23.1942;-25.3995;34.3963;78.6564;32.7322
-23.3189;-25.1581;34.3031;78.8705;32.9736
-23.2722;-24.9093;34.0891;78.9324;33.2224
-23.381;-24.6715;33.9906;79.1314;33.4601
-23.3217;-24.4284;33.7735;79.1808;33.7032
-23.4308;-24.1975;33.6827;79.378;33.9341
-23.4335;-23.9748;33.5249;79.4759;34.1569
-23.5693;-23.775;33.4778;79.6845;34.3567
-23.5612;-23.5027;33.2792;79.795;34.629
-23.6554;-23.3078;33.2089;79.9645;34.8239
-23.6078;-23.0669;33.0062;80.0269;35.0647
-23.715;-22.828;32.9168;80.2281;35.3036
-23.6741;-22.5913;32.7236;80.2959;35.5403
-23.7714;-22.3993;32.662;80.4682;35.7324
-23.7284;-22.1491;32.4595;80.5412;35.9825
-23.8363;-21.9366;32.3942;80.7328;36.1951
-23.7874;-21.6877;32.19;80.8011;36.444
-23.9025;-21.4675;32.1276;81.0032;36.6641
-23.8319;-21.2259;31.9139;81.0499;36.9057
-23.9159;-20.9919;31.8219;81.2315;37.1397
-23.8437;-20.7546;31.6113;81.2761;37.377
-23.9182;-20.5223;31.5158;81.4493;37.6093
-23.826;-20.284;31.2909;81.478;37.8477
-23.89;-20.0196;31.1691;81.6577;38.112
-23.7841;-19.7788;30.9335;81.6769;38.3528
-23.8436;-19.5406;30.8278;81.8414;38.591
-23.7429;-19.3168;30.6082;81.8585;38.8148
-23.7859;-19.0644;30.4831;82.0163;39.0672
-23.6633;-18.8431;30.2492;82.0144;39.2885
-23.679;-18.5831;30.1002;82.153;39.5486
-23.5848;-18.3632;29.8907;82.1766;39.7684
-23.6223;-18.1198;29.7714;82.3274;40.0118
-23.4941;-17.9005;29.5364;82.3223;40.2312
-23.504;-17.6513;29.394;82.4531;40.4803
-23.3688;-17.4402;29.1593;82.4393;40.6914
-23.3841;-17.1981;29.0274;82.5723;40.9335
-23.2463;-16.9886;28.7924;82.5569;41.143
-23.2231;-16.742;28.6288;82.66;41.3896
-23.0966;-16.5563;28.4176;82.6438;41.5753
-23.1188;-16.3212;28.2995;82.7815;41.8105
-22.9651;-16.1173;28.0564;82.7522;42.0143
-22.9584;-15.8946;27.9236;82.8597;42.237
-22.7764;-15.7114;27.6697;82.7969;42.4202
-22.7045;-15.5034;27.4927;82.842;42.6282
-22.5024;-15.3701;27.2506;82.7375;42.7615
-22.4192;-15.1432;27.0543;82.784;42.9884
-22.1993;-15.0114;26.7983;82.6648;43.1203
-22.0771;-14.815;26.5873;82.6633;43.3166
-21.8386;-14.7289;26.3413;82.5055;43.4027
-21.6975;-14.543;26.1204;82.4836;43.5887
-21.449;-14.4978;25.8891;82.2967;43.6338
-21.3026;-14.3358;25.6772;82.2588;43.7958
-21.0506;-14.2996;25.4481;82.0649;43.832
-20.8662;-14.1662;25.2207;81.9805;43.9654
-20.639;-14.1581;25.0284;81.7933;43.9735
-20.4348;-14.0412;24.7939;81.6842;44.0905
-20.1932;-14.0473;24.5986;81.4776;44.0843
-19.9729;-13.8755;24.3197;81.3857;44.2561
-19.7329;-13.8798;24.1254;81.1821;44.2519
-19.5278;-13.7341;23.8739;81.0899;44.3975
-19.2856;-13.7325;23.6752;80.8881;44.3991
-19.0837;-13.5885;23.4272;80.7988;44.5432
-18.8685;-13.5524;23.2312;80.6392;44.5792
-18.6949;-13.386;22.9931;80.587;44.7457
-18.4855;-13.3555;22.8053;80.4299;44.7762
-18.3089;-13.1789;22.5588;80.3818;44.9527
-18.0602;-13.1362;22.3322;80.1997;44.9955
-17.8966;-12.9701;22.1023;80.1578;45.1615
-17.6539;-12.9282;21.8815;79.9811;45.2034
-17.487;-12.744;21.6381;79.9479;45.3876
-17.2308;-12.7005;21.4057;79.7619;45.4311
-17.0489;-12.5689;21.1812;79.6876;45.5627
-16.8419;-12.5266;20.9897;79.5421;45.6051
-16.6607;-12.38;20.7567;79.478;45.7516
-16.4154;-12.402;20.5736;79.2649;45.7296
-16.1918;-12.2442;20.3001;79.1737;45.8875
-15.9517;-12.2302;20.1006;78.9863;45.9014
-15.7571;-12.0628;19.8443;78.9256;46.0689
-15.5162;-11.9963;19.6128;78.769;46.1353
-15.3481;-11.8343;19.3807;78.728;46.2974
-15.1093;-11.7932;19.167;78.5592;46.3384
-14.9377;-11.5979;18.9116;78.5363;46.5337
-14.7119;-11.528;18.6905;78.3961;46.6036
-14.5674;-11.3126;18.4441;78.4083;46.819
-14.3788;-11.1859;18.2174;78.3329;46.9457
-14.3006;-10.9419;18.0065;78.417;47.1897
-14.1526;-10.7702;17.7847;78.4024;47.3614
-14.1363;-10.517;17.6194;78.5427;47.6146
-14.0522;-10.3129;17.4304;78.5998;47.8187
-14.1034;-10.0754;17.3326;78.785;48.0562
-14.0517;-9.8415;17.1554;78.8871;48.2901
-14.127;-9.60797;17.0847;79.0897;48.5237
-14.0666;-9.38449;16.9097;79.1794;48.7471
-14.1367;-9.16483;16.8476;79.37;48.9668
-14.0788;-8.94778;16.6816;79.4586;49.1839
-14.1654;-8.70235;16.625;79.6787;49.4293
-14.1578;-8.48059;16.5035;79.8105;49.651
-14.2845;-8.26965;16.5056;80.0409;49.862
-14.2773;-8.05342;16.3921;80.1702;50.0782
-14.4214;-7.84114;16.4153;80.4154;50.2905
-14.4446;-7.61188;16.3275;80.577;50.5198
-14.6139;-7.4274;16.3931;80.8246;50.7042
-14.6398;-7.2084;16.3182;80.9823;50.9232
-14.8172;-7.01181;16.3925;81.2438;51.1198
-14.8682;-6.79205;16.3462;81.4219;51.3396
-15.0549;-6.61766;16.4452;81.6768;51.514
-15.1049;-6.37868;16.3965;81.8664;51.7529
-15.2825;-6.22006;16.4998;82.1043;51.9116
-15.3393;-5.96603;16.4587;82.3091;52.1656
-15.5075;-5.79383;16.5545;82.5484;52.3378
-15.5373;-5.57239;16.5064;82.712;52.5592
-15.7156;-5.39451;16.6157;82.9627;52.7371
-15.7719;-5.16159;16.595;83.1543;52.97
-15.9725;-5.00677;16.7388;83.4075;53.1249
-16.0677;-4.83897;16.7806;83.5879;53.2927
-16.2772;-4.74095;16.9536;83.8117;53.3907
-16.409;-4.57013;17.0335;84.0221;53.5615
-16.7016;-4.50869;17.2994;84.2869;53.6229
-16.918;-4.39832;17.4804;84.5241;53.7333
-17.1782;-4.45009;17.7453;84.6923;53.6815
-17.3896;-4.38555;17.9341;84.8968;53.7461
-17.6307;-4.48317;18.1918;85.0219;53.6485
-17.8315;-4.52921;18.3977;85.1487;53.6024
-18.0033;-4.66662;18.5983;85.196;53.465
-18.2117;-4.70739;18.8103;85.3329;53.4242
-18.3814;-4.88219;19.0187;85.3561;53.2494
-18.5914;-4.95448;19.2403;85.4753;53.1771
-18.7137;-5.13108;19.4044;85.4615;53.0006
-18.9625;-5.21447;19.6664;85.6052;52.9172
-19.1135;-5.40907;19.8641;85.6039;52.7226
-19.3329;-5.49086;20.0975;85.7267;52.6408
-19.4597;-5.67863;20.2713;85.7117;52.453
-19.6917;-5.75452;20.5153;85.849;52.3771
-19.8261;-5.96193;20.7031;85.8293;52.1697
-20.0307;-6.06331;20.9282;85.9304;52.0683
-20.1503;-6.27208;21.1039;85.8994;51.8596
-20.3358;-6.3756;21.3118;85.9849;51.756
-20.4489;-6.56238;21.4761;85.9631;51.5692
-20.6582;-6.6805;21.7115;86.06;51.4511
-20.7882;-6.87348;21.895;86.0492;51.2582
-21.0009;-6.98045;22.1307;86.1566;51.1512
-21.1254;-7.18532;22.3139;86.1355;50.9463
-21.3233;-7.31482;22.543;86.2187;50.8168
-21.4436;-7.49738;22.7165;86.2086;50.6342
-21.6469;-7.61913;22.9486;86.3019;50.5125
-21.7708;-7.8215;23.1332;86.2842;50.3101
-21.9485;-7.93876;23.3401;86.3604;50.1929
-22.0432;-8.16247;23.5059;86.3078;49.9692
-22.2442;-8.28993;23.7387;86.3982;49.8417
-22.3334;-8.52987;23.9069;86.333;49.6018
-22.5304;-8.66655;24.1397;86.416;49.4651
-22.6;-8.88625;24.2843;86.3476;49.2454
-22.764;-9.04186;24.494;86.3938;49.0898
-22.8007;-9.27438;24.6148;86.2922;48.8573
-22.9667;-9.45075;24.8352;86.3295;48.6809
-22.9939;-9.6691;24.9441;86.229;48.4625
-23.1788;-9.83854;25.1805;86.2871;48.2931
-23.2322;-10.0868;25.3275;86.1927;48.0448
-23.3696;-10.2622;25.5235;86.2093;47.8694
-23.4075;-10.5073;25.6577;86.105;47.6243
-23.5423;-10.6882;25.8549;86.1176;47.4434
-23.5638;-10.9423;25.9805;85.9958;47.1893
-23.7186;-11.1625;26.214;86.0048;46.9691
-23.7197;-11.3692;26.3037;85.893;46.7624
-23.8907;-11.5601;26.5406;85.9329;46.5715
-23.9308;-11.8183;26.69;85.827;46.3133
-24.0922;-12.0296;26.9285;85.8492;46.102
-24.1245;-12.2604;27.0612;85.7528;45.8712
-24.2913;-12.455;27.2983;85.7901;45.6767
-24.325;-12.6842;27.4334;85.6968;45.4475
-24.5064;-12.8588;27.6751;85.7583;45.2728
-24.5586;-13.0852;27.8271;85.6835;45.0465
-24.7504;-13.2382;28.0684;85.7665;44.8935
-24.8395;-13.4278;28.2366;85.7434;44.7038
-25.038;-13.559;28.4736;85.8446;44.5726
-25.1618;-13.7802;28.6881;85.8359;44.3514
-25.38;-13.8814;28.9281;85.9707;44.2502
-25.508;-14.094;29.1428;85.9714;44.0376
-25.7376;-14.1913;29.3908;86.119;43.9403
-25.863;-14.3328;29.569;86.1548;43.7988
-26.0919;-14.3878;29.7959;86.3241;43.7438
-26.2485;-14.5652;30.0188;86.3696;43.5665
-26.4968;-14.6178;30.2616;86.5576;43.5138
-26.6695;-14.7643;30.4835;86.6335;43.3673
-26.8934;-14.8047;30.6991;86.8073;43.3269
-27.0728;-14.9432;30.9231;86.8938;43.1884
-27.3235;-14.9836;31.1622;87.0914;43.148
-27.5093;-15.1067;31.3843;87.1921;43.025
-27.7538;-15.1081;31.5995;87.4041;43.0235
-27.9495;-15.238;31.8335;87.5108;42.8936
-28.1765;-15.25;32.0387;87.7028;42.8816
-28.3745;-15.3826;32.276;87.811;42.749
-28.6152;-15.3768;32.485;88.0241;42.7548
-28.8169;-15.5216;32.7312;88.1304;42.61
-29.0631;-15.5373;32.9556;88.3385;42.5944
-29.2556;-15.6736;33.1896;88.4416;42.458
-29.4628;-15.7032;33.3864;88.6093;42.4284
-29.6581;-15.7658;33.5881;88.7508;42.3658
-29.8731;-15.8272;33.8068;88.9106;42.3044

29.9473;-15.8732;33.8939;89.0468;42.2584
29.7791;-15.9529;33.783;89.1571;42.1787
29.5855;-16.0011;33.6354;89.305;42.1305
29.4066;-16.1036;33.5273;89.4145;42.028
29.1804;-16.1073;33.3308;89.6125;42.0243
28.9798;-16.2713;33.2353;89.7131;41.8603
28.7387;-16.3006;33.0397;89.9128;41.8311
28.5414;-16.4518;32.9434;90.0174;41.6799
28.3151;-16.4651;32.7543;90.2119;41.6666
28.12;-16.6135;32.661;90.3166;41.5181
27.8862;-16.6337;32.4703;90.5151;41.498
27.7001;-16.7958;32.3944;90.6064;41.3358
27.4594;-16.8151;32.1989;90.8119;41.3165
27.2657;-16.9364;32.0976;90.9294;41.1953
27.0293;-16.9453;31.9018;91.1362;41.1863
26.851;-17.095;31.8311;91.2278;41.0366
26.597;-17.1024;31.6211;91.4515;41.0292
26.3928;-17.234;31.5213;91.5751;40.8977
26.1474;-17.2226;31.3098;91.7999;40.909
25.9411;-17.3496;31.2082;91.9282;40.782
25.6939;-17.3371;30.996;92.1554;40.7945
25.48;-17.473;30.8955;92.2873;40.6587
25.2274;-17.4714;30.6867;92.5148;40.6602
25.0271;-17.6177;30.6062;92.6307;40.514
24.7909;-17.6332;30.4223;92.8363;40.4984
24.6034;-17.7814;30.3563;92.9407;40.3502
24.3652;-17.8076;30.1791;93.1439;40.324
24.1669;-17.9803;30.1219;93.2483;40.1513
23.9441;-18.04;29.9794;93.4237;40.0916
23.7849;-18.2136;29.9576;93.4933;39.9181
23.5582;-18.2777;29.8172;93.6711;39.8539
23.4037;-18.4687;29.8132;93.7299;39.663
23.1907;-18.5654;29.7066;93.8822;39.5662
23.0681;-18.7817;29.7471;93.9025;39.3499
22.8404;-18.8693;29.6266;94.0727;39.2624
22.7227;-19.1033;29.6859;94.0824;39.0284
22.5278;-19.2379;29.6243;94.2041;38.8938
22.4448;-19.4698;29.7126;94.1843;38.6618
22.2788;-19.627;29.6911;94.2713;38.5047
22.2196;-19.8468;29.7927;94.2359;38.2848
22.0477;-20.0068;29.772;94.3282;38.1248
22.0029;-20.2543;29.9059;94.2694;37.8773
21.849;-20.4293;29.9122;94.3403;37.7023
21.8277;-20.6579;30.0532;94.2688;37.4738
21.6663;-20.8445;30.0653;94.343;37.2872
21.6386;-21.1022;30.2247;94.2669;37.0294
21.4758;-21.283;30.2353;94.3459;36.8486
21.4407;-21.545;30.3955;94.2762;36.5866
21.3026;-21.7287;30.4293;94.3324;36.4029
21.3137;-21.9955;30.628;94.2196;36.1361
21.1618;-22.1878;30.6614;94.2864;35.9438
21.1542;-22.4287;30.831;94.2018;35.7029
21.0219;-22.6041;30.8685;94.258;35.5275
21.0172;-22.8488;31.045;94.1704;35.2828
20.8768;-23.0389;31.0907;94.2297;35.0927
20.8686;-23.286;31.2688;94.1455;34.8456
20.715;-23.4815;31.3129;94.2161;34.6501
20.6978;-23.7418;31.4972;94.1368;34.3898
20.5559;-23.9293;31.5461;94.2006;34.2023
20.5565;-24.1727;31.7315;94.112;33.9589
20.417;-24.3701;31.7924;94.1711;33.7615
20.4197;-24.6148;31.9821;94.0812;33.5168
20.2842;-24.8205;32.0548;94.1348;33.3111
20.2806;-25.0528;32.2326;94.0563;33.0789
20.16;-25.2495;32.3104;94.1002;32.8821
20.1735;-25.4894;32.5066;94.004;32.6423
20.0326;-25.6922;32.5791;94.066;32.4394
20.044;-25.9361;32.7787;93.9714;32.1955
19.8896;-26.1516;32.8558;94.043;31.98
19.9023;-26.422;33.079;93.9395;31.7097
19.7494;-26.6296;33.1538;94.0136;31.502
19.7306;-26.8575;33.326;93.9553;31.2741
19.5774;-27.0462;33.3882;94.0371;31.0854
19.5635;-27.2714;33.5628;93.9761;30.8602
19.3835;-27.4617;33.6134;94.0839;30.67
19.349;-27.6954;33.7849;94.0407;30.4362
19.1479;-27.8825;33.8242;94.1707;30.2491
19.0499;-28.071;33.9247;94.2031;30.0606
18.8376;-28.213;33.9238;94.3593;29.9187
18.7294;-28.4418;34.0548;94.3897;29.6898
18.5046;-28.5641;34.0342;94.5648;29.5675
18.4121;-28.7616;34.1502;94.5911;29.37
18.2062;-28.8857;34.1445;94.7486;29.246
18.1051;-29.1082;34.2795;94.7763;29.0234
17.8718;-29.2259;34.2572;94.9625;28.9057
17.7716;-29.4465;34.3937;94.9911;28.6851
17.5532;-29.5685;34.3862;95.1627;28.5631
17.4046;-29.7469;34.4645;95.2511;28.3847
17.2789;-29.8971;34.5311;95.3266;28.2345

17.15;29.95;34.5126;95.4045;28.0816
16.8915;29.8959;34.3378;95.6358;28.0275
16.7183;29.7023;34.0842;95.7449;27.834
16.4911;29.6386;33.9176;95.9438;27.7702
16.3574;29.4151;33.6573;96.0075;27.5467
16.1132;29.3316;33.4661;96.2175;27.4632
15.9851;29.2044;33.2929;96.3041;27.336
15.7273;29.1794;33.1479;96.5443;27.311
15.5725;29.0095;32.925;96.6449;27.1411
15.3384;28.9633;32.7741;96.8567;27.0949
15.1671;28.7748;32.5274;96.9687;26.9065
14.9123;28.7365;32.3754;97.2029;26.8682
14.7413;28.5672;32.1465;97.3206;26.6989
14.481;28.5446;32.0077;97.5649;26.6763
14.2999;28.3736;31.7734;97.6925;26.5053
14.0486;28.3513;31.6411;97.9284;26.4829
13.8578;28.1827;31.4054;98.0667;26.3143
13.6088;28.157;31.2732;98.2997;26.2886
13.4081;28.0168;31.0599;98.4558;26.1484
13.1417;28.0161;30.9452;98.7125;26.1477
12.9419;27.8633;30.7222;98.8649;25.9949
12.6914;27.8712;30.6247;99.1087;26.0028
12.4957;27.7202;30.4065;99.2581;25.8519
12.254;27.721;30.3087;99.4916;25.8527
12.0171;27.5798;30.0841;99.684;25.7114
11.7492;27.6044;30.0008;99.9491;25.736
11.5293;27.4542;29.7768;100.123;25.5859
11.2748;27.4704;29.6942;100.373;25.602
11.0664;27.3365;29.4915;100.541;25.4681
10.8151;27.3576;29.4178;100.789;25.4893
10.5944;27.2245;29.2133;100.969;25.3561
10.3676;27.2381;29.1445;101.192;25.3697
10.171;27.121;28.9655;101.353;25.2527
9.94243;27.1577;28.9204;101.584;25.2893
9.72038;27.0306;28.7252;101.767;25.1622
9.45366;27.0497;28.6541;102.031;25.1813
9.23444;26.9111;28.4514;102.209;25.0428
8.99302;26.9113;28.3742;102.443;25.0429
8.80869;26.8018;28.2123;102.595;24.9335
8.55856;26.8349;28.1667;102.846;24.9666
8.33813;26.7238;27.9944;103.033;24.8554
8.08111;26.7501;27.9441;103.289;24.8818
7.86481;26.6599;27.7957;103.477;24.7915
7.64416;26.7085;27.7808;103.703;24.8401
7.41797;26.6132;27.6277;103.9;24.7448
7.18726;26.6747;27.626;104.138;24.8064
6.98085;26.6164;27.5166;104.325;24.748
6.75664;26.6736;27.5161;104.556;24.8053
6.53489;26.5951;27.3862;104.753;24.7267
6.2747;26.6354;27.3645;105.016;24.767
6.06983;26.543;27.2281;105.193;24.6746
5.82458;26.6019;27.2321;105.445;24.7335
5.59168;26.517;27.1002;105.652;24.6486
5.3554;26.5823;27.1164;105.897;24.7139
5.12785;26.4984;26.99;106.099;24.63
4.89755;26.5612;27.0089;106.337;24.6928
4.65356;26.4475;26.8538;106.548;24.5791
4.40001;26.4973;26.8601;106.807;24.6289
4.18537;26.3985;26.7283;106.993;24.5302
3.95934;26.4385;26.7333;107.222;24.5701
3.73952;26.3521;26.6161;107.416;24.4838
3.49891;26.4148;26.6455;107.665;24.5464
3.27121;26.3338;26.5362;107.868;24.4655
3.03893;26.4026;26.5769;108.11;24.5343
2.78278;26.3342;26.4808;108.344;24.4658
2.5776;26.4149;26.5403;108.562;24.5465
2.32911;26.3506;26.4533;108.79;24.4822
2.10224;26.4312;26.5147;109.029;24.5628
1.87645;26.3407;26.4074;109.228;24.4723
1.6546;26.4082;26.46;109.46;24.5399
1.4249;26.3576;26.3961;109.672;24.4893
1.20669;26.4596;26.4871;109.908;24.5912
0.963206;26.4056;26.4232;110.133;24.5372
0.748139;26.4889;26.4995;110.361;24.6205
0.498596;26.4232;26.428;110.59;24.5549
0.300405;26.4555;26.4572;110.79;24.5871
0.0915906;26.3464;26.3466;110.97;24.478
-0.145154;26.3665;26.3669;111.205;24.4981
-0.365621;26.2221;26.2247;111.389;24.3538
-0.604314;26.2219;26.2288;111.622;24.3535
-0.796201;26.041;26.0531;111.77;24.1726
-1.03241;25.9858;26.0063;111.988;24.1174
-1.17354;25.8089;25.8356;112.088;23.9406
-1.41355;25.7382;25.777;112.308;23.8698
-1.55856;25.553;25.6005;112.41;23.6847
-1.78515;25.4821;25.5445;112.617;23.6137
-1.94139;25.2827;25.3572;112.728;23.4144
-2.18365;25.1772;25.2717;112.943;23.3089
-2.30771;24.9598;25.0663;113.02;23.0914
-2.51631;24.8466;24.9737;113.201;22.9782
-2.61405;24.6368;24.7751;113.254;22.7685
-2.82346;24.5181;24.6801;113.436;22.6497
-2.92318;24.2889;24.4642;113.488;22.4205
-3.15511;24.1638;24.3689;113.691;22.2954
-3.26026;23.9632;24.184;113.755;22.0948
-3.49083;23.8684;24.1223;113.963;22.0001
-3.62265;23.6596;23.9353;114.052;21.7912
-3.82463;23.5769;23.8851;114.234;21.7085
-3.95669;23.3734;23.7059;114.326;21.505
-4.1796;23.2768;23.649;114.526;21.4084
-4.30854;23.0783;23.477;114.616;21.2099
-4.54386;22.9921;23.4368;114.832;21.1237
-4.68622;22.7982;23.2748;114.936;20.9298
-4.90925;22.7108;23.2354;115.139;20.8425
-5.05062;22.5172;23.0767;115.244;20.6488
-5.27388;22.4308;23.0425;115.448;20.5625
-5.41148;22.2341;22.8831;115.548;20.3657
-5.63643;22.1495;22.8554;115.755;20.2811
-5.77311;21.9486;22.6951;115.855;20.0802
-5.99674;21.8559;22.6637;116.059;19.9875
-6.12486;21.6871;22.5354;116.156;19.8188
-6.35061;21.6051;22.5192;116.365;19.7368
-6.47044;21.4103;22.3667;116.45;19.5419
-6.72114;21.3359;22.3695;116.685;19.4675
-6.85355;21.1597;22.242;116.786;19.2913
-7.08934;21.0865;22.2463;117.006;19.2181
-7.2413;20.8988;22.1178;117.126;19.0305
-7.4726;20.8447;22.1436;117.345;18.9763
-7.63849;20.6736;22.0396;117.481;18.8052
-7.86742;20.6347;22.0836;117.701;18.7663
-8.04211;20.4636;21.9871;117.847;18.5952
-8.25665;20.4269;22.0325;118.053;18.5585
-8.43211;20.2442;21.9301;118.197;18.3758
-8.66439;20.1921;21.9725;118.419;18.3237
-8.82477;20.0147;21.8739;118.55;18.1464
-9.05788;19.9671;21.9256;118.773;18.0988
-9.23006;19.7815;21.8289;118.915;17.9131
-9.45197;19.7048;21.8545;119.123;17.8364
-9.59621;19.533;21.7629;119.24;17.6646
-9.81998;19.4629;21.7999;119.451;17.5945
-9.96706;19.2693;21.6944;119.568;17.4009
-10.2007;19.1762;21.7205;119.786;17.3079
-10.3492;18.9989;21.6348;119.907;17.1305
-10.5718;18.9265;21.6789;120.117;17.0581
-10.7165;18.7465;21.5934;120.235;16.8782
-10.9333;18.6868;21.6502;120.441;16.8184
-11.1077;18.5018;21.58;120.588;16.6334
-11.3168;18.427;21.6246;120.785;16.5586
-11.4862;18.2644;21.5759;120.931;16.396
-11.6902;18.1857;21.6189;121.122;16.3173
-11.8439;17.9902;21.539;121.249;16.1219
-12.0747;17.936;21.6217;121.47;16.0677
-12.2371;17.7552;21.5637;121.607;15.8868
-12.4714;17.6995;21.652;121.832;15.8311
-12.6592;17.5383;21.6297;121.998;15.6699
-12.8979;17.5251;21.7597;122.233;15.6567
-13.0925;17.436;21.8043;122.414;15.5676
-13.3364;17.5046;22.0062;122.665;15.6363
-13.5471;17.4807;22.1156;122.871;15.6123
-13.763;17.6324;22.3679;123.105;15.764
-13.9757;17.6883;22.5432;123.323;15.8199
-14.1343;17.8855;22.7962;123.505;16.0171
-14.3242;17.9999;23.0039;123.709;16.1315
-14.4079;18.234;23.2393;123.822;16.3656
-14.5907;18.3752;23.4635;124.022;16.5069
-14.662;18.6094;23.6914;124.124;16.7411
-14.8275;18.7699;23.9199;124.31;16.9015
-14.8737;19.0088;24.1363;124.388;17.1404
-15.0467;19.1795;24.3774;124.583;17.3111
-15.0956;19.4138;24.5921;124.665;17.5454
-15.2475;19.5898;24.8243;124.84;17.7214
-15.3044;19.8113;25.0343;124.928;17.943
-15.4649;19.9851;25.2699;125.112;18.1168
-15.5446;20.1994;25.4882;125.222;18.331
-15.7045;20.3632;25.7156;125.404;18.4949
-15.7857;20.6081;25.9593;125.521;18.7398
-15.9406;20.7617;26.1753;125.697;18.8933
-16.0036;20.9814;26.3881;125.792;19.113
-16.1496;21.14;26.6028;125.961;19.2716
-16.2286;21.355;26.8217;126.072;19.4866
-16.4168;21.5036;27.0539;126.281;19.6352
-16.494;21.7292;27.2802;126.392;19.8608
-16.6838;21.8752;27.5113;126.603;20.0068
-16.7574;22.1053;27.7391;126.712;20.237
-16.953;22.2659;27.9852;126.931;20.3975
-17.0339;22.494;28.2158;127.047;20.6256
-17.2173;22.6423;28.4449;127.253;20.7739
-17.2864;22.8893;28.6835;127.361;21.021
-17.461;23.0367;28.9063;127.558;21.1684
-17.5355;23.269;29.1366;127.67;21.4006
-17.7317;23.4147;29.3711;127.888;21.5463
-17.8076;23.6484;29.6033;128.002;21.78
-18.0052;23.7967;29.8408;128.222;21.9284
-18.0736;24.0519;30.0856;128.333;22.1835
-18.2614;24.2164;30.3301;128.547;22.348
-18.3207;24.4781;30.5749;128.651;22.6097
-18.5079;24.6547;30.8286;128.867;22.7864
-18.5558;24.9081;31.0601;128.959;23.0397
-18.752;25.0948;31.3271;129.185;23.2265
-18.7879;25.3374;31.5431;129.264;23.469
-18.9459;25.5033;31.7705;129.45;23.6349
-18.9974;25.7369;31.9889;129.543;23.8685
-19.1499;25.9058;32.2153;129.724;24.0374
-19.1846;26.1583;32.4393;129.806;24.29
-19.3461;26.3382;32.6799;129.998;24.4698
-19.3743;26.5755;32.888;130.071;24.7071
-19.5298;26.7649;33.1327;130.259;24.8966
-19.5592;26.9948;33.3359;130.332;25.1264
-19.6929;27.1818;33.5657;130.5;25.3134
-19.718;27.4173;33.7714;130.57;25.549
-19.8577;27.6239;34.0207;130.748;25.7555
-19.8823;27.8396;34.2104;130.814;25.9712
-20.0309;28.0115;34.4366;130.994;26.1432
-20.069;28.2765;34.6746;131.085;26.4082
-20.2124;28.4564;34.9042;131.262;26.588
-20.233;28.6947;35.1107;131.33;26.8263
-20.3864;28.8836;35.3535;131.519;27.0152
-20.4272;29.1304;35.5788;131.61;27.262
-20.5656;29.3118;35.8068;131.783;27.4435
-20.6192;29.5264;36.0133;131.88;27.658
-20.6724;29.7197;36.2023;131.973;27.8513
-20.7279;29.9109;36.391;132.068;28.0425

-20.7983;-29.9101;36.4305;132.174;28.2215
-21.0102;-29.763;36.4316;132.413;28.3686
-21.0929;-29.5237;36.2845;132.545;28.6079
-21.285;-29.376;36.2767;132.765;28.7557
-21.3549;-29.1428;36.1294;132.883;28.9889
-21.5476;-29.0103;36.1371;133.1;29.1214
-21.6295;-28.7518;35.9792;133.237;29.3798
-21.8011;-28.6254;35.9819;133.432;29.5062
-21.8688;-28.383;35.8307;133.552;29.7486
-22.0366;-28.2153;35.8011;133.753;29.9163
-22.0999;-27.9713;35.6483;133.87;30.1604
-22.2776;-27.8115;35.6339;134.079;30.3201
-22.3115;-27.5253;35.4323;134.177;30.6063
-22.4909;-27.3438;35.4051;134.393;30.7878
-22.5467;-27.0955;35.2494;134.504;31.0362
-22.7184;-26.9478;35.2464;134.706;31.1839
-22.7499;-26.6713;35.0559;134.801;31.4603
-22.8888;-26.4776;34.9994;134.981;31.654
-22.8894;-26.2274;34.8109;135.04;31.9043
-23.0231;-26.0442;34.7615;135.214;32.0874
-23.0163;-25.7929;34.5691;135.267;32.3388
-23.1589;-25.5885;34.5125;135.454;32.5431
-23.15;-25.343;34.3248;135.505;32.7886
-23.2872;-25.1171;34.2515;135.693;33.0145
-23.2573;-24.8817;34.0588;135.721;33.25
-23.3907;-24.6613;33.9898;135.905;33.4704
-23.3351;-24.4209;33.7773;135.91;33.7107
-23.455;-24.1814;33.688;136.086;33.9502
-23.4356;-23.9396;33.5013;136.128;34.192
-23.5552;-23.7315;33.437;136.296;34.4001
-23.5176;-23.4961;33.2437;136.319;34.6356
-23.6369;-23.2824;33.1779;136.489;34.8493
-23.5961;-23.0356;32.976;136.513;35.0961
-23.721;-22.8124;32.9104;136.691;35.3192
-23.679;-22.5552;32.7022;136.717;35.5764
-23.8093;-22.3631;32.6648;136.893;35.7685
-23.7765;-22.0998;32.4611;136.93;36.0318
-23.865;-21.8892;32.3833;137.071;36.2425
-23.7933;-21.6268;32.1534;137.072;36.5048
-23.8831;-21.3908;32.062;137.221;36.7408
-23.8067;-21.148;31.8434;137.213;36.9836
-23.8758;-20.9074;31.736;137.345;37.2243
-23.8063;-20.6821;31.5355;137.339;37.4495
-23.891;-20.4532;31.4502;137.483;37.6784
-23.8085;-20.1962;31.2207;137.474;37.9354
-23.8794;-19.9776;31.134;137.603;38.1541
-23.7879;-19.7411;30.9124;137.581;38.3906
-23.8281;-19.5131;30.7984;137.683;38.6185
-23.7053;-19.2786;30.5549;137.631;38.853
-23.7297;-19.0378;30.4226;137.723;39.0939
-23.628;-18.8498;30.2258;137.679;39.2819
-23.6506;-18.602;30.0896;137.771;39.5296
-23.526;-18.383;29.8564;137.715;39.7487
-23.5664;-18.1324;29.7348;137.826;39.9992
-23.4448;-17.9028;29.4987;137.777;40.2288
-23.475;-17.6504;29.3703;137.88;40.4812
-23.3378;-17.4336;29.1305;137.812;40.698
-23.3577;-17.1801;28.9955;137.906;40.9515
-23.1995;-16.98;28.7496;137.815;41.1516
-23.1977;-16.7254;28.5985;137.889;41.4062
-23.0392;-16.5272;28.354;137.798;41.6044
-23.026;-16.2787;28.1992;137.861;41.8529
-22.86;-16.0874;27.9533;137.761;42.0442
-22.8396;-15.854;27.8028;137.813;42.2776
-22.6418;-15.6721;27.5367;137.681;42.4595
-22.5754;-15.4398;27.3502;137.689;42.6918
-22.3445;-15.2984;27.0798;137.514;42.8333
-22.2272;-15.0904;26.8658;137.467;43.0412
-21.9865;-14.9939;26.6125;137.269;43.1378
-21.8605;-14.7809;26.3885;137.216;43.3508
-21.6247;-14.6783;26.1359;137.025;43.4533
-21.4704;-14.53;25.9249;136.926;43.6017
-21.2268;-14.4948;25.7036;136.706;43.6368
-21.0536;-14.3215;25.4629;136.598;43.8101
-20.7758;-14.2698;25.2044;136.351;43.8618
-20.6098;-14.1003;24.9716;136.249;44.0313
-20.3438;-14.049;24.7233;136.014;44.0827
-20.1662;-13.937;24.5136;135.882;44.1946
-19.9246;-13.9464;24.3206;135.651;44.1852
-19.7128;-13.8004;24.0634;135.498;44.3312
-19.4714;-13.7724;23.8498;135.279;44.3592
-19.2799;-13.6134;23.6017;135.151;44.5182
-19.0354;-13.5946;23.3915;134.926;44.537
-18.8513;-13.4236;23.1423;134.809;44.7081
-18.5889;-13.4021;22.9165;134.568;44.7295
-18.4001;-13.2267;22.6607;134.449;44.905
-18.1397;-13.1809;22.4228;134.219;44.9507
-17.9606;-13.015;22.1804;134.106;45.1167
-17.7245;-12.9771;21.9674;133.896;45.1545
-17.563;-12.787;21.7248;133.808;45.3446
-17.2841;-12.729;21.4655;133.566;45.4026
-17.1162;-12.5829;21.2437;133.458;45.5487
-16.8614;-12.5462;21.017;133.231;45.5855
-16.6807;-12.386;20.7764;133.116;45.7456
-16.4319;-12.3922;20.581;132.88;45.7394
-16.2273;-12.2303;20.3201;132.744;45.9013
-15.9758;-12.2152;20.1106;132.513;45.9165
-15.7924;-12.0359;19.856;132.404;46.0958
-15.5576;-11.9885;19.6408;132.2;46.1431
-15.3843;-11.7868;19.3805;132.108;46.3449
-15.1458;-11.7243;19.1534;131.907;46.4073
-15.0057;-11.5184;18.9168;131.848;46.6132
-14.7973;-11.4251;18.6948;131.687;46.7065
-14.6861;-11.186;18.461;131.668;46.9456
-14.5008;-11.0523;18.2326;131.542;47.0793
-14.4447;-10.8152;18.0449;131.575;47.3164
-14.2936;-10.6459;17.8226;131.495;47.4857
-14.2815;-10.3894;17.6607;131.577;47.7423
-14.1703;-10.1941;17.4562;131.544;47.9375
-14.2133;-9.95763;17.3543;131.67;48.174
-14.1383;-9.75397;17.1765;131.675;48.3777
-14.1954;-9.53959;17.1031;131.807;48.592
-14.1267;-9.31503;16.9214;131.827;48.8166
-14.2031;-9.06768;16.8509;131.989;49.064
-14.1551;-8.83889;16.6881;132.03;49.2927
-14.2642;-8.61079;16.6617;132.216;49.5208
-14.2561;-8.36466;16.5289;132.301;49.767
-14.3953;-8.15828;16.5464;132.508;49.9734
-14.378;-7.91845;16.4143;132.583;50.2132
-14.542;-7.69474;16.4524;132.819;50.4369
-14.5711;-7.46382;16.3715;132.934;50.6678
-14.7202;-7.28978;16.4264;133.138;50.8418
-14.7438;-7.07263;16.3524;133.243;51.059
-14.9128;-6.87712;16.4221;133.474;51.2545
-14.9585;-6.64541;16.3682;133.605;51.4862
-15.1374;-6.48046;16.4662;133.834;51.6512
-15.1651;-6.24064;16.399;133.952;51.891
-15.3506;-6.05923;16.5032;134.194;52.0724
-15.4142;-5.83524;16.4817;134.339;52.2964
-15.635;-5.65893;16.6276;134.611;52.4727
-15.7137;-5.43559;16.6273;134.771;52.696
-15.9194;-5.29569;16.7772;135.015;52.8359
-16.025;-5.08045;16.8111;135.197;53.0512
-16.2696;-4.98672;17.0166;135.458;53.1449
-16.4169;-4.81399;17.1082;135.662;53.3176
-16.6731;-4.78027;17.3448;135.911;53.3514
-16.8721;-4.63265;17.4965;136.151;53.499
-17.1412;-4.65629;17.7623;136.39;53.4753
-17.3606;-4.63935;17.9698;136.598;53.4923
-17.5569;-4.7084;18.1773;136.752;53.4232
-17.7709;-4.69169;18.3798;136.955;53.4399
-18.0094;-4.8317;18.6463;137.121;53.2999
-18.2173;-4.85026;18.8519;137.305;53.2814
-18.3932;-5.00639;19.0624;137.407;53.1252
-18.6258;-5.06857;19.3032;137.597;53.0631
-18.7715;-5.26113;19.4948;137.658;52.8705
-18.9935;-5.32904;19.727;137.837;52.8026
-19.1448;-5.50639;19.921;137.909;52.6252
-19.34;-5.58591;20.1305;138.059;52.5457
-19.4756;-5.77179;20.3129;138.114;52.3598
-19.7043;-5.85096;20.5547;138.295;52.2807
-19.8454;-6.05279;20.7479;138.35;52.0788
-20.0638;-6.12769;20.9787;138.524;52.0039
-20.1819;-6.34449;21.1557;138.552;51.7871
-20.3985;-6.44122;21.3913;138.717;51.6904
-20.5219;-6.65255;21.5733;138.753;51.4791
-20.7501;-6.75092;21.8206;138.929;51.3807
-20.8769;-6.96667;22.0086;138.967;51.165
-21.0936;-7.07345;22.248;139.129;51.0582
-21.2105;-7.28935;22.4281;139.159;50.8423
-21.4359;-7.39973;22.6772;139.328;50.7319
-21.5367;-7.58259;22.8325;139.356;50.549
-21.7505;-7.72311;23.081;139.504;50.4085
-21.846;-7.95036;23.2478;139.512;50.1813
-22.0361;-8.05511;23.4622;139.651;50.0765
-22.1685;-8.31108;23.6752;139.683;49.8206
-22.3352;-8.41462;23.8677;139.802;49.717
-22.407;-8.65072;24.0189;139.786;49.4809
-22.584;-8.80948;24.2414;139.895;49.3221
-22.6368;-9.05138;24.3794;139.86;49.0803
-22.8193;-9.20985;24.6077;139.975;48.9218
-22.868;-9.42973;24.7359;139.944;48.7019
-23.0364;-9.58604;24.9513;140.048;48.5456
-23.0942;-9.81871;25.0948;140.021;48.3129
-23.2478;-9.99567;25.3056;140.105;48.136
-23.2631;-10.2334;25.4145;140.037;47.8982
-23.4349;-10.4289;25.6506;140.132;47.7028
-23.4707;-10.6687;25.7817;140.084;47.4629
-23.6136;-10.8484;25.9864;140.158;47.2833
-23.6319;-11.0779;26.0996;140.098;47.0537
-23.7759;-11.2479;26.3022;140.177;46.8838
-23.803;-11.4962;26.4338;140.12;46.6355
-23.9548;-11.6788;26.65;140.202;46.4529
-23.968;-11.9114;26.7646;140.138;46.2202
-24.1437;-12.123;27.0164;140.234;46.0086
-24.2109;-12.3343;27.1717;140.228;45.7973
-24.3792;-12.4728;27.3846;140.342;45.6588
-24.4376;-12.7089;27.5447;140.321;45.4227
-24.6139;-12.8707;27.7758;140.435;45.2609
-24.7073;-13.0863;27.9589;140.455;45.0454
-24.8855;-13.2346;28.1859;140.576;44.897
-24.9805;-13.4572;28.3746;140.595;44.6745
-25.1835;-13.5824;28.6128;140.748;44.5492
-25.3112;-13.7956;28.8266;140.802;44.336
-25.5168;-13.8915;29.053;140.967;44.2402
-25.6593;-14.0569;29.2574;141.05;44.0747
-25.8537;-14.1153;29.456;141.217;44.0163
-26.0354;-14.3092;29.7085;141.329;43.8225
-26.2511;-14.3549;29.9196;141.52;43.7767
-26.4168;-14.5287;30.1484;141.624;43.603
-26.6431;-14.5886;30.3757;141.821;43.543
-26.8208;-14.7443;30.6064;141.943;43.3873
-27.0431;-14.7852;30.821;142.142;43.3464
-27.2213;-14.9413;31.0523;142.264;43.1904
-27.4616;-14.9701;31.2769;142.484;43.1615
-27.6438;-15.0876;31.4931;142.622;43.044
-27.8722;-15.1366;31.7171;142.825;42.995
-28.0478;-15.2627;31.9316;142.955;42.8689
-28.2786;-15.2743;32.1401;143.172;42.8574
-28.4645;-15.4031;32.3648;143.311;42.7286
-28.6989;-15.4128;32.5758;143.532;42.7188
-28.8875;-15.5633;32.8131;143.667;42.5683
-29.1412;-15.5712;33.0405;143.907;42.5604
-29.3361;-15.6969;33.2715;144.056;42.4348
-29.5379;-15.7651;33.4818;144.229;42.3665
-29.7345;-15.8291;33.6853;144.398;42.3025
-29.895;-15.9227;33.871;144.524;42.209

29.9351;-16.0198;33.9521;144.658;42.1118
29.709;-15.9992;33.7432;144.881;42.1324
29.5067;-16.1167;33.6213;145.04;42.0149
29.2764;-16.1217;33.4218;145.259;42.01
29.0855;-16.2827;33.3331;145.395;41.8489
28.8172;-16.315;33.1151;145.643;41.8166
28.6276;-16.4446;33.0146;145.788;41.687
28.4009;-16.4507;32.8213;146.003;41.6809
28.2123;-16.5882;32.7277;146.145;41.5434
27.9747;-16.6082;32.5333;146.367;41.5235
27.7834;-16.7415;32.4376;146.513;41.3901
27.5764;-16.7527;32.2663;146.708;41.379
27.3804;-16.8795;32.1653;146.86;41.2521
27.1527;-16.8951;31.9799;147.075;41.2365
26.9567;-17.0251;31.8829;147.226;41.1065
26.7149;-17.025;31.6787;147.459;41.1066
26.4967;-17.1502;31.5627;147.633;40.9815
26.2991;-17.1641;31.4046;147.819;40.9675
26.0968;-17.2688;31.293;147.985;40.8628
25.8609;-17.2939;31.1105;148.205;40.8377
25.6728;-17.4243;31.0274;148.35;40.7073
25.439;-17.4386;30.8423;148.571;40.693
