#1 AntPos X;#2 AntPos Y;#3 Distance form nest;#4 Total Distance;#5 Total Y Distance
-9.45995;-12.6248;15.7758;0.210916;0.0296055
-9.65377;-12.5886;15.864;0.408002;0.0658784
-9.85677;-12.5275;15.9404;0.618802;0.126892
-10.0467;-12.47;16.0137;0.816723;0.184456
-10.2443;-12.4076;16.0902;1.02338;0.24681
-10.4415;-12.3455;16.169;1.2298;0.308961
-10.6476;-12.2962;16.2656;1.44174;0.358244
-10.8435;-12.2498;16.3597;1.643;0.404611
-11.044;-12.2032;16.4586;1.84879;0.451266
-11.2427;-12.1503;16.5538;2.05436;0.504118
-11.4406;-12.1165;16.6643;2.25461;0.537894
-11.6371;-12.1094;16.7946;2.4474;0.544998
-11.8407;-12.1097;16.9366;2.64629;0.544745
-12.0417;-12.1247;17.0884;2.84043;0.529707
-12.2381;-12.139;17.2374;3.03112;0.515405
-12.4342;-12.147;17.3827;3.2233;0.507431
-12.6226;-12.1726;17.5357;3.40571;0.481862
-12.8225;-12.1708;17.679;3.60402;0.483614
-13.0249;-12.0751;17.761;3.81797;0.579363
-13.1995;-11.9874;17.8304;4.00435;0.667056
-13.3902;-11.8715;17.8949;4.21247;0.78297
-13.5166;-11.6718;17.8586;4.3772;0.982657
-13.6253;-11.5253;17.8461;4.51759;1.12913
-13.7362;-11.3625;17.8267;4.66746;1.29193
-13.8367;-11.1752;17.7859;4.81831;1.47927
-13.9201;-10.9957;17.7391;4.95489;1.65875
-14.0162;-10.8014;17.6953;5.1127;1.85303
-14.0925;-10.6249;17.649;5.2496;2.02954
-14.1475;-10.439;17.5819;5.37425;2.21544
-14.206;-10.2494;17.5174;5.50768;2.40499
-14.2537;-10.0604;17.4465;5.63514;2.59406
-14.3001;-9.87144;17.3764;5.76519;2.783
-14.3561;-9.68425;17.3171;5.90619;2.97018
-14.4051;-9.47474;17.2418;6.05592;3.17969
-14.4469;-9.26769;17.164;6.20209;3.38674
-14.4725;-9.06733;17.0784;6.33485;3.58711
-14.4861;-8.85056;16.9758;6.47102;3.80388
-14.4988;-8.6527;16.8845;6.59943;4.00174
-14.5084;-8.42361;16.7765;6.74822;4.23083
-14.5186;-8.22066;16.6844;6.88508;4.43377
-14.5275;-8.00578;16.5874;7.03211;4.64866
-14.5346;-7.80294;16.4967;7.17301;4.8515
-14.5419;-7.6039;16.4099;7.31439;5.05054
-14.5401;-7.42214;16.3249;7.43976;5.2323
-14.5994;-7.23631;16.2944;7.61314;5.41812
-14.6442;-7.04388;16.2502;7.78224;5.61055
-14.7153;-6.85252;16.2326;7.96991;5.80191
-14.8135;-6.66769;16.2449;8.17194;5.98674
-14.9088;-6.48659;16.2588;8.36968;6.16785
-14.9993;-6.3163;16.275;8.55648;6.33813
-15.1019;-6.13022;16.2987;8.76338;6.52422
-15.196;-5.96448;16.3246;8.94968;6.68995
-15.2897;-5.83072;16.3637;9.11191;6.82371
-15.4235;-5.6692;16.4324;9.32155;6.98524
-15.5331;-5.52839;16.4876;9.4997;7.12605
-15.665;-5.37367;16.5611;9.70297;7.28077
-15.766;-5.20571;16.6032;9.89584;7.44872
-15.8535;-5.05275;16.6392;10.0686;7.60169
-15.9507;-4.89521;16.6849;10.2513;7.75923
-16.067;-4.72184;16.7465;10.4586;7.93259
-16.1812;-4.55561;16.8102;10.6591;8.09882
-16.2959;-4.39267;16.8776;10.8575;8.26176
-16.422;-4.21796;16.955;11.0723;8.43647
-16.604;-4.09582;17.1018;11.2834;8.55861
-16.7921;-3.94384;17.249;11.5213;8.7106
-17.0288;-3.90713;17.4713;11.705;8.74731
-17.243;-3.95124;17.6899;11.8159;8.70319
-17.4628;-3.99416;17.9138;11.9345;8.66027
-17.6559;-4.08012;18.1212;12.0066;8.57432
-17.8361;-4.16429;18.3158;12.0741;8.49014
-18.005;-4.2839;18.5076;12.1118;8.37054
-18.1613;-4.41375;18.69;12.1367;8.24069
-18.3082;-4.54743;18.8645;12.1554;8.10701
-18.4444;-4.69256;19.032;12.1617;7.96187
-18.5811;-4.83921;19.2009;12.1707;7.81523
-18.7243;-4.98341;19.3762;12.1896;7.67103
-18.863;-5.12973;19.5481;12.207;7.52471
-19.0064;-5.3035;19.7325;12.2148;7.35094
-19.1357;-5.45759;19.8987;12.227;7.19685
-19.2869;-5.61496;20.0876;12.2585;7.03947
-19.429;-5.7472;20.2612;12.3004;6.90723
-19.5653;-5.87383;20.428;12.3434;6.7806
-19.7006;-6.01109;20.5973;12.3825;6.64334
-19.8371;-6.17354;20.7755;12.4123;6.48089
-19.9636;-6.32602;20.9419;12.4421;6.32842
-20.0829;-6.50453;21.11;12.4559;6.14991
-20.2482;-6.58703;21.2927;12.5599;6.0674
-20.4256;-6.67529;21.4888;12.6736;5.97914
-20.622;-6.7478;21.6979;12.8135;5.90664
-20.8124;-6.82051;21.9015;12.9498;5.83392
-20.9659;-6.90339;22.0732;13.0503;5.75104
-21.1379;-7.00042;22.2669;13.1629;5.65401
-21.2988;-7.09049;22.4481;13.2705;5.56395
-21.4628;-7.17874;22.6316;13.3832;5.47569
-21.6511;-7.27548;22.8408;13.5164;5.37895
-21.7874;-7.44733;23.025;13.5746;5.2071
-21.9102;-7.6027;23.1918;13.6298;5.05173
-22.039;-7.76032;23.3654;13.6924;4.89412
-22.1719;-7.8934;23.5351;13.7701;4.76104
-22.2993;-8.03933;23.7042;13.8403;4.61511
-22.4332;-8.18991;23.8815;13.9176;4.46453
-22.5643;-8.34082;24.0565;13.9945;4.31361
-22.6781;-8.51488;24.2239;14.0506;4.13955
-22.7711;-8.67298;24.3668;14.094;3.98145
-22.8992;-8.84246;24.5472;14.1704;3.81197
-22.9768;-9.03116;24.688;14.1959;3.62327
-23.0537;-9.23414;24.8343;14.2201;3.4203
-23.1079;-9.43219;24.9588;14.2265;3.22225
-23.1608;-9.6254;25.0812;14.2356;3.02904
-23.1934;-9.8124;25.1836;14.229;2.84204
-23.2356;-10.0127;25.3011;14.2318;2.64175
-23.2769;-10.2082;25.4169;14.2375;2.44621
-23.3161;-10.4122;25.5353;14.2426;2.24223
-23.3545;-10.6087;25.6511;14.251;2.04573
-23.4011;-10.8227;25.7826;14.268;1.8317
-23.4511;-11.0143;25.9089;14.2944;1.64012
-23.4977;-11.2144;26.0366;14.3191;1.44
-23.5521;-11.4281;26.1783;14.3534;1.2263
-23.6822;-11.5823;26.3628;14.4709;1.07213
-23.8107;-11.7347;26.5453;14.5886;0.919689
-23.9377;-11.887;26.7267;14.7066;0.767429
-24.0687;-12.0373;26.911;14.8304;0.617107
-24.2187;-12.1922;27.1144;14.9747;0.46228
-24.3575;-12.3727;27.3198;15.109;0.281731
-24.4586;-12.5622;27.496;15.2077;0.0922059
-24.5195;-12.7549;27.6387;15.2687;-0.100497
-24.566;-12.9462;27.7686;15.3177;-0.29181
-24.6117;-13.1378;27.8987;15.3682;-0.483338
-24.6558;-13.3235;28.0254;15.4192;-0.669043
-24.7395;-13.507;28.1865;15.5118;-0.852571
-24.8385;-13.6944;28.3635;15.622;-1.03994
-24.9711;-13.851;28.5554;15.7655;-1.19656
-25.1137;-13.9916;28.7482;15.9188;-1.33718
-25.2699;-14.1154;28.9451;16.0853;-1.461
-25.4343;-14.2277;29.1433;16.2595;-1.57325
-25.6125;-14.3287;29.3481;16.4468;-1.67428
-25.7863;-14.4186;29.5437;16.629;-1.76418
-25.963;-14.5128;29.7439;16.8149;-1.85834
-26.1436;-14.6122;29.95;17.0055;-1.95775
-26.3472;-14.6954;30.1684;17.2175;-2.04098
-26.5225;-14.77;30.3578;17.4005;-2.11558
-26.7295;-14.8582;30.5816;17.6168;-2.20378
-26.9131;-14.9338;30.7788;17.8084;-2.27939
-27.0864;-15.0178;30.9711;17.9912;-2.36339
-27.2723;-15.102;31.1745;18.1866;-2.44758
-27.4569;-15.1837;31.3756;18.3806;-2.52924
-27.6396;-15.2673;31.5759;18.5732;-2.61286
-27.8233;-15.3327;31.7684;18.7643;-2.67831
-28.0124;-15.3948;31.9639;18.9603;-2.74032
-28.2054;-15.456;32.1626;19.1602;-2.80159
-28.3987;-15.5096;32.3579;19.3593;-2.85521
-28.6039;-15.5745;32.5691;19.5718;-2.92005
-28.8079;-15.6372;32.7783;19.7829;-2.98273
-29.0122;-15.6968;32.9864;19.9939;-3.04237
-29.1916;-15.7371;33.1633;20.1773;-3.08262
-29.4225;-15.7747;33.3845;20.4113;-3.12029
-29.602;-15.7895;33.5498;20.591;-3.13507
-29.7976;-15.798;33.7265;20.7856;-3.14361
-29.9803;-15.7816;33.8804;20.9638;-3.1272

29.8189;-15.7583;33.7267;21.1589;-3.10391
29.6281;-15.7953;33.5755;21.3531;-3.14087
29.4453;-15.8516;33.441;21.5421;-3.19715
29.2469;-15.9426;33.3098;21.752;-3.28813
29.0702;-16.0218;33.193;21.9387;-3.36741
28.8914;-16.1067;33.0778;22.1284;-3.45226
28.7175;-16.2052;32.9743;22.3157;-3.55079
28.5297;-16.2822;32.849;22.5134;-3.62781
28.3423;-16.3682;32.7292;22.7123;-3.71375
28.1575;-16.4519;32.6115;22.9083;-3.79744
27.9678;-16.5199;32.4824;23.1067;-3.86549
27.7729;-16.5851;32.3481;23.3098;-3.93069
27.5664;-16.6558;32.2075;23.5252;-4.00135
27.3818;-16.7375;32.0922;23.7211;-4.08311
27.1696;-16.8112;31.95;23.9429;-4.15672
26.9796;-16.8831;31.8267;24.1426;-4.2287
26.7738;-16.9542;31.6904;24.3576;-4.2998
26.5922;-17.012;31.5682;24.5465;-4.35755
26.404;-17.0662;31.4392;24.7414;-4.4118
26.1936;-17.1496;31.3083;24.9633;-4.49512
26.01;-17.2194;31.1934;25.1565;-4.56493
25.8214;-17.3;31.0811;25.3566;-4.64553
25.6398;-17.379;30.9746;25.5497;-4.72454
25.437;-17.449;30.8466;25.7619;-4.79459
25.2395;-17.5284;30.7291;25.9708;-4.87396
25.0699;-17.5811;30.6202;26.1473;-4.9267
24.8824;-17.6379;30.4996;26.3422;-4.98342
24.6925;-17.699;30.3805;26.5402;-5.04458
24.5037;-17.7599;30.2629;26.7372;-5.10547
24.3159;-17.7992;30.1343;26.929;-5.14476
24.1249;-17.8488;30.0099;27.1259;-5.19438
23.9331;-17.9113;29.8932;27.3262;-5.25684
23.7461;-17.9904;29.7915;27.5249;-5.33594
23.5725;-18.0949;29.7168;27.7156;-5.44049
23.4059;-18.2058;29.6528;27.9008;-5.55141
23.2304;-18.315;29.5819;28.0947;-5.66061
23.0705;-18.455;29.5438;28.2796;-5.80057
22.947;-18.6177;29.5497;28.4343;-5.96326
22.7923;-18.7534;29.5157;28.6141;-6.09892
22.6557;-18.8757;29.4885;28.7738;-6.22127
22.5257;-19.0322;29.4895;28.9348;-6.3778
22.3903;-19.1717;29.4768;29.0978;-6.51727
22.2739;-19.3338;29.4945;29.2478;-6.67937
22.1772;-19.4896;29.5241;29.3779;-6.8352
22.0831;-19.6668;29.571;29.511;-7.01237
22.0041;-19.8495;29.6342;29.6316;-7.19507
21.9257;-20.0408;29.7047;29.7545;-7.38638
21.8499;-20.2278;29.7755;29.8749;-7.57339
21.7734;-20.4142;29.8466;29.9966;-7.75973
21.6978;-20.5993;29.9186;30.1179;-7.94484
21.6262;-20.7805;29.992;30.2352;-8.12606
21.5719;-20.9616;30.0788;30.3365;-8.30718
21.4991;-21.1483;30.1573;30.4581;-8.49387
21.3983;-21.3744;30.2449;30.6185;-8.71997
21.3358;-21.5666;30.337;30.7336;-8.91213
21.2585;-21.7407;30.4069;30.8585;-9.08629
21.1973;-21.9338;30.5027;30.9742;-9.27934
21.1128;-22.1106;30.5717;31.1081;-9.45613
21.0327;-22.2932;30.649;31.2403;-9.63878
20.9611;-22.4798;30.7361;31.3664;-9.8254
20.8882;-22.6751;30.8298;31.4972;-10.0206
20.8372;-22.8516;30.9254;31.6021;-10.1972
20.7875;-23.0329;31.0264;31.708;-10.3785
20.7007;-23.204;31.0957;31.8463;-10.5496
20.6232;-23.4078;31.1968;31.9874;-10.7534
20.5627;-23.5892;31.2934;32.1057;-10.9348
20.4983;-23.8178;31.424;32.2447;-11.1633
20.4391;-23.991;31.5171;32.3604;-11.3366
20.3642;-24.2091;31.6351;32.5075;-11.5547
20.2951;-24.4151;31.7489;32.6458;-11.7607
20.2582;-24.6164;31.8804;32.7532;-11.962
20.2189;-24.7988;31.9967;32.8567;-12.1444
20.1724;-25.0153;32.1355;32.9805;-12.3609
20.1311;-25.2112;32.2624;33.0926;-12.5567
20.0716;-25.4094;32.3807;33.2232;-12.755
20.0261;-25.5752;32.4829;33.3292;-12.9208
19.9918;-25.7698;32.6153;33.4366;-13.1154
19.9544;-25.954;32.7382;33.5436;-13.2995
19.896;-26.1471;32.8561;33.6742;-13.4927
19.8582;-26.3202;32.9712;33.7785;-13.6657
19.8354;-26.5026;33.1033;33.8735;-13.8481
19.83;-26.7237;33.2775;33.9694;-14.0693
19.812;-26.9134;33.4192;34.0648;-14.2589
19.7589;-27.1109;33.5472;34.196;-14.4565
19.7007;-27.3034;33.6689;34.3305;-14.649
19.6418;-27.4867;33.7834;34.4623;-14.8322
19.5671;-27.6636;33.8843;34.606;-15.0091
19.4828;-27.8328;33.9742;34.7556;-15.1784
19.4125;-28.0213;34.0886;34.9014;-15.3668
19.3012;-28.1994;34.1722;35.0799;-15.5449
19.1729;-28.3547;34.2285;35.2639;-15.7003
19.0508;-28.516;34.2943;35.4451;-15.8616
18.9327;-28.6616;34.3502;35.6159;-16.0071
18.7764;-28.8069;34.3859;35.821;-16.1525
18.6278;-28.924;34.4034;36.0064;-16.2695
18.4721;-29.044;34.4205;36.1995;-16.3895
18.3185;-29.1572;34.4341;36.3878;-16.5028
18.1305;-29.2574;34.4196;36.6008;-16.603
17.9573;-29.3674;34.4225;36.805;-16.7129
17.7902;-29.4736;34.4265;37.0021;-16.8192
17.6243;-29.5972;34.4472;37.2061;-16.9428
17.4631;-29.7031;34.4562;37.3979;-17.0486
17.3043;-29.8185;34.4759;37.5918;-17.1641
17.1423;-29.9367;34.4974;37.7899;-17.2823

16.9839;29.9402;34.422;37.9871;-17.4053
16.8244;29.8175;34.2366;38.1851;-17.5281
16.6676;29.6831;34.0426;38.3861;-17.6624
16.5167;29.5669;33.8674;38.5736;-17.7787
16.3775;29.4477;33.6955;38.7521;-17.8979
16.2389;29.3072;33.5054;38.94;-18.0384
16.1014;29.1829;33.3301;39.1194;-18.1626
15.927;29.0723;33.1492;39.3252;-18.2732
15.7487;28.9853;32.9874;39.5235;-18.3603
15.5674;28.9024;32.8283;39.7226;-18.4431
15.395;28.8307;32.6835;39.9086;-18.5149
15.194;28.7474;32.5157;40.1253;-18.5982
15.0222;28.6826;32.3784;40.3076;-18.6629
14.8375;28.6063;32.2254;40.5066;-18.7392
14.6502;28.5309;32.0724;40.7075;-18.8147
14.4699;28.4523;31.9203;40.9038;-18.8933
14.2916;28.3609;31.7583;41.1041;-18.9847
14.115;28.2746;31.602;41.3006;-19.071
13.9262;28.1895;31.4418;41.5074;-19.1561
13.7557;28.0982;31.2846;41.7008;-19.2473
13.5684;28.0208;31.1331;41.9027;-19.3247
13.3867;27.9549;30.9948;42.0943;-19.3907
13.2019;27.8976;30.8637;42.2847;-19.448
13.0017;27.8407;30.727;42.4887;-19.5049
12.7981;27.7841;30.59;42.6956;-19.5615
12.6039;27.7309;30.4608;42.8926;-19.6147
12.4304;27.6828;30.3455;43.0689;-19.6628
12.239;27.6461;30.2341;43.256;-19.6995
12.0308;27.592;30.1009;43.466;-19.7535
11.8354;27.5392;29.9747;43.6641;-19.8064
11.6395;27.4991;29.861;43.8569;-19.8465
11.4428;27.4627;29.7513;44.0488;-19.8828
11.2504;27.4331;29.6504;44.2339;-19.9125
11.0583;27.3978;29.5453;44.4213;-19.9477
10.8639;27.3573;29.4355;44.6133;-19.9883
10.6583;27.3035;29.31;44.8212;-20.0421
10.4636;27.2536;29.1932;45.0177;-20.092
10.2635;27.2019;29.0737;45.2198;-20.1437
10.0703;27.1414;28.9494;45.4197;-20.2042
9.88456;27.0812;28.8288;45.6129;-20.2643
9.68867;27.012;28.697;45.8192;-20.3336
9.4952;26.9467;28.5707;46.0215;-20.3988
9.29989;26.865;28.4292;46.2328;-20.4805
9.11241;26.7921;28.2994;46.4332;-20.5534
8.91293;26.7237;28.1708;46.6424;-20.6219
8.7125;26.6133;28.0032;46.8709;-20.7322
8.52028;26.5702;27.9029;47.0624;-20.7753
8.32801;26.5402;27.8162;47.2482;-20.8053
8.12089;26.519;27.7345;47.4436;-20.8266
7.93661;26.5191;27.6812;47.6092;-20.8265
7.74027;26.529;27.6352;47.7815;-20.8165
7.54131;26.5538;27.6039;47.9499;-20.7918
7.32619;26.5928;27.5835;48.127;-20.7527
7.12785;26.6249;27.5625;48.2923;-20.7207
6.9542;26.627;27.5201;48.4482;-20.7186
6.76677;26.6349;27.481;48.6144;-20.7107
6.56016;26.6503;27.4458;48.7949;-20.6953
6.35337;26.669;27.4153;48.9743;-20.6766
6.14573;26.6916;27.39;49.1531;-20.654
5.96525;26.7223;27.38;49.3041;-20.6233
5.77762;26.7385;27.3556;49.4678;-20.607
5.56056;26.7424;27.3144;49.6636;-20.6031
5.36139;26.744;27.2761;49.8442;-20.6016
5.16442;26.7382;27.2324;50.0261;-20.6073
4.9723;26.7265;27.1851;50.206;-20.6191
4.76338;26.7214;27.1426;50.3987;-20.6242
4.57078;26.7039;27.0923;50.5816;-20.6417
4.37464;26.6707;27.0271;50.7742;-20.6748
4.17791;26.6352;26.9609;50.9684;-20.7103
3.99005;26.6004;26.898;51.1542;-20.7452
3.7886;26.5713;26.8401;51.3501;-20.7742
3.59754;26.5461;26.7888;51.5351;-20.7994
3.42249;26.496;26.7161;51.7155;-20.8496
3.21101;26.4461;26.6403;51.9292;-20.8995
3.01227;26.4215;26.5927;52.121;-20.924
2.80394;26.4119;26.5604;52.3157;-20.9336
2.59942;26.4039;26.5315;52.5064;-20.9417
2.40179;26.3934;26.5025;52.6919;-20.9522
2.20227;26.3834;26.4751;52.879;-20.9622
2.00227;26.3665;26.4424;53.0693;-20.9791
1.82851;26.346;26.4094;53.237;-20.9995
1.6559;26.3576;26.4095;53.3912;-20.988
1.45755;26.3528;26.3931;53.5755;-20.9928
1.25522;26.367;26.3968;53.7561;-20.9786
1.05443;26.3921;26.4131;53.9313;-20.9535
0.87337;26.4274;26.4418;54.0845;-20.9182
0.676397;26.4626;26.4712;54.2527;-20.883
0.494231;26.5005;26.5051;54.4063;-20.8451
0.307029;26.5371;26.5389;54.5653;-20.8084
0.099016;26.5575;26.5577;54.7499;-20.7881
-0.0986368;26.5607;26.5609;54.9316;-20.7849
-0.304085;26.5367;26.5384;55.1309;-20.8089
-0.494491;26.4899;26.4945;55.3249;-20.8557
-0.685755;26.4227;26.4316;55.5274;-20.9229
-0.868317;26.3332;26.3475;55.7302;-21.0124
-1.02366;26.1952;26.2152;55.9262;-21.1504
-1.17452;26.0558;26.0822;56.1186;-21.2898
-1.32273;25.9158;25.9495;56.3088;-21.4297
-1.46372;25.769;25.8106;56.4951;-21.5765
-1.62086;25.653;25.7041;56.6847;-21.6926
-1.78969;25.5375;25.6001;56.8849;-21.8081
-1.94962;25.4175;25.4922;57.0786;-21.928
-2.11687;25.2885;25.377;57.2826;-22.057
-2.28109;25.1236;25.227;57.4978;-22.2219
-2.44144;24.9591;25.0782;57.7093;-22.3865
-2.57506;24.8083;24.9416;57.891;-22.5373
-2.7046;24.663;24.8108;58.067;-22.6826
-2.84632;24.5184;24.6831;58.254;-22.8272
-2.9768;24.3841;24.5651;58.4267;-22.9615
-3.12294;24.2319;24.4323;58.6209;-23.1137
-3.25953;24.0868;24.3063;58.8037;-23.2588
-3.37661;23.937;24.174;58.9706;-23.4085
-3.48138;23.7876;24.041;59.1261;-23.558
-3.60619;23.6471;23.9205;59.2966;-23.6985
-3.74085;23.4986;23.7945;59.4795;-23.8469
-3.87468;23.3502;23.6695;59.6616;-23.9954
-4.01107;23.2122;23.5562;59.842;-24.1333
-4.15885;23.0664;23.4383;60.0361;-24.2792
-4.30355;22.9325;23.3328;60.2227;-24.4131
-4.48421;22.821;23.2574;60.433;-24.5246
-4.65415;22.7162;23.1881;60.6309;-24.6294
-4.82086;22.6111;23.1193;60.8259;-24.7344
-4.99027;22.486;23.033;61.0316;-24.8596
-5.15349;22.3672;22.9532;61.229;-24.9784
-5.3146;22.2567;22.8825;61.4212;-25.0888
-5.46848;22.1605;22.8253;61.601;-25.185
-5.63621;22.0469;22.756;61.8005;-25.2986
-5.80149;21.9366;22.6908;61.9964;-25.4089
-5.96789;21.8274;22.6286;62.193;-25.5181
-6.12003;21.7226;22.5683;62.3747;-25.6229
-6.26643;21.6133;22.5034;62.5531;-25.7322
-6.42697;21.4883;22.4289;62.7509;-25.8572
-6.5879;21.35;22.3433;62.9545;-25.9956
-6.74015;21.2208;22.2655;63.1466;-26.1248
-6.87165;21.1004;22.1911;63.3161;-26.2452
-7.03325;20.9273;22.0776;63.535;-26.4182
-7.18208;20.7996;22.0046;63.7235;-26.546
-7.3506;20.6922;21.959;63.9215;-26.6534
-7.51101;20.5844;21.9119;64.1122;-26.7612
-7.67828;20.4769;21.8692;64.3091;-26.8687
-7.85841;20.3869;21.849;64.5103;-26.9587
-8.05355;20.3;21.8392;64.7239;-27.0456
-8.25813;20.2627;21.8809;64.9254;-27.0829
-8.45298;20.2719;21.9636;65.0987;-27.0737
-8.6784;20.2539;22.0348;65.3113;-27.0917
-8.85457;20.149;22.0088;65.5151;-27.1965
-9.01813;20.0243;21.9613;65.7157;-27.3213
-9.16194;19.8863;21.8954;65.9038;-27.4593
-9.31087;19.7572;21.8412;66.0931;-27.5884
-9.4627;19.6266;21.7886;66.2856;-27.719
-9.61574;19.4976;21.7398;66.4785;-27.848
-9.78348;19.3649;21.696;66.6864;-27.9806
-9.93664;19.2295;21.6451;66.8823;-28.116
-10.0781;19.0633;21.5634;67.0806;-28.2822
-10.2771;18.9683;21.5735;67.3011;-28.3772
-10.4623;18.8856;21.5899;67.5039;-28.4599
-10.635;18.7789;21.5812;67.7055;-28.5667
-10.7955;18.6805;21.5756;67.8925;-28.665
-10.9598;18.5878;21.5783;68.0806;-28.7578
-11.1329;18.4967;21.5886;68.276;-28.8489
-11.2998;18.3915;21.5855;68.4717;-28.954
-11.4741;18.2833;21.5855;68.6754;-29.0622
-11.6394;18.1688;21.5773;68.8737;-29.1767
-11.8002;18.0542;21.5685;69.0679;-29.2913
-11.9526;17.9485;21.5641;69.2507;-29.3971
-12.1074;17.8402;21.5607;69.4368;-29.5053
-12.2656;17.7202;21.5511;69.6311;-29.6254
-12.4323;17.6025;21.5502;69.8321;-29.7431
-12.5946;17.484;21.5479;70.0293;-29.8616
-12.7509;17.3655;21.5441;70.2213;-29.98
-12.9157;17.2523;21.5513;70.4186;-30.0932
-13.084;17.1547;21.5749;70.6125;-30.1908
-13.2999;17.0738;21.6426;70.8423;-30.2718
-13.4983;17.0472;21.7442;71.0331;-30.2984
-13.6996;16.9914;21.8262;71.2389;-30.3542
-13.8952;16.9653;21.9294;71.427;-30.3803
-14.0928;16.9595;22.0507;71.6083;-30.386
-14.2708;17.0031;22.1982;71.7511;-30.3425
-14.431;17.1697;22.4288;71.8262;-30.1759
-14.4825;17.4066;22.6436;71.7737;-29.939
-14.5299;17.5823;22.8092;71.7438;-29.7632
-14.5523;17.7856;22.9804;71.6801;-29.5599
-14.6185;17.9776;23.171;71.6615;-29.3679
-14.6712;18.1786;23.3603;71.6275;-29.167
-14.7366;18.3628;23.5448;71.6125;-28.9828
-14.7904;18.549;23.7239;71.5865;-28.7965
-14.858;18.7425;23.9174;71.571;-28.6031
-14.9189;18.9092;24.0859;71.5604;-28.4364
-14.9929;19.0963;24.2787;71.5542;-28.2493
-15.0536;19.2894;24.4682;71.534;-28.0562
-15.1823;19.4499;24.6739;71.5898;-27.8957
-15.2386;19.6549;24.8702;71.562;-27.6907
-15.3556;19.8336;25.0832;71.6011;-27.512
-15.4347;20.0123;25.273;71.6057;-27.3333
-15.5571;20.1857;25.485;71.6529;-27.1598
-15.6531;20.3689;25.6888;71.6727;-26.9767
-15.7511;20.5444;25.8876;71.6977;-26.8012
-15.8555;20.7256;26.095;71.727;-26.6199
-15.9601;20.8971;26.2947;71.7607;-26.4485
-16.0649;21.0582;26.4864;71.7991;-26.2874
-16.1765;21.222;26.6843;71.8432;-26.1235
-16.2963;21.3801;26.8827;71.8976;-25.9655
-16.4062;21.5532;27.087;71.9379;-25.7923
-16.5237;21.7227;27.293;71.987;-25.6229
-16.6475;21.8652;27.4814;72.0522;-25.4804
-16.752;22.0354;27.6801;72.09;-25.3101
-16.8825;22.1966;27.8874;72.1559;-25.1489
-16.9677;22.3553;28.0653;72.1807;-24.9903
-17.083;22.5102;28.2584;72.2354;-24.8354
-17.2009;22.6527;28.4432;72.2974;-24.6928
-17.3088;22.8314;28.6508;72.3381;-24.5142
-17.4279;22.9867;28.8465;72.3977;-24.3588
-17.5512;23.1559;29.0558;72.4572;-24.1897
-17.6642;23.3199;29.2548;72.5092;-24.0257
-17.7632;23.4749;29.4381;72.5514;-23.8706
-17.8928;23.6659;29.6687;72.6113;-23.6796
-17.9928;23.8468;29.8733;72.6472;-23.4988
-18.1051;23.9996;30.0629;72.7042;-23.346
-18.1909;24.1943;30.27;72.7233;-23.1513
-18.3208;24.3581;30.479;72.7946;-22.9875
-18.4127;24.5228;30.6659;72.83;-22.8228
-18.4965;24.6824;30.8438;72.8597;-22.6632
-18.6153;24.8487;31.0482;72.9212;-22.4968
-18.7104;25.0249;31.2461;72.9575;-22.3207
-18.8152;25.1959;31.4459;73.0052;-22.1496
-18.9135;25.3933;31.663;73.0394;-21.9522
-19.0321;25.568;31.8739;73.1003;-21.7776
-19.1015;25.7625;32.0714;73.1089;-21.5831
-19.2017;25.9464;32.2788;73.1506;-21.3992
-19.2673;26.1413;32.4746;73.1565;-21.2042
-19.3736;26.3348;32.6934;73.2025;-21.0107
-19.4439;26.5395;32.9;73.2115;-20.8061
-19.5187;26.7252;33.0941;73.2307;-20.6204
-19.5783;26.9401;33.3028;73.2277;-20.4055
-19.6451;27.1432;33.5065;73.2356;-20.2024
-19.7105;27.3181;33.6865;73.2504;-20.0274
-19.7715;27.5176;33.8841;73.2549;-19.828
-19.8555;27.6993;34.0807;73.2867;-19.6462
-19.9115;27.9014;34.2777;73.2869;-19.4441
-19.9907;28.0834;34.4718;73.3152;-19.2622
-20.0606;28.2708;34.6651;73.3336;-19.0747
-20.1402;28.4569;34.8629;73.3625;-18.8887
-20.2201;28.6434;35.0614;73.3919;-18.7022
-20.2909;28.8299;35.2545;73.413;-18.5157
-20.3894;29.0313;35.4759;73.458;-18.3143
-20.4547;29.2342;35.6795;73.4709;-18.1114
-20.5426;29.4157;35.8787;73.5115;-17.9298
-20.6254;29.6112;36.0864;73.5445;-17.7344
-20.7153;29.7989;36.2919;73.5868;-17.5466
-20.774;29.9786;36.4729;73.6012;-17.367

-20.8341;-29.8384;36.3921;73.6166;-17.1839
-20.9909;-29.7046;36.3728;73.7381;-17.0502
-21.0971;-29.5105;36.2761;73.7968;-16.8561
-21.2403;-29.3569;36.235;73.9014;-16.7024
-21.3735;-29.1989;36.1856;73.9956;-16.5445
-21.4958;-29.0768;36.1598;74.0877;-16.4223
-21.5946;-28.8909;36.0695;74.1431;-16.2365
-21.7148;-28.7239;36.0083;74.224;-16.0695
-21.8328;-28.5564;35.9464;74.3033;-15.902
-21.9279;-28.3579;35.847;74.354;-15.7035
-22.0418;-28.2028;35.7944;74.4328;-15.5483
-22.1505;-28.0238;35.7208;74.5019;-15.3693
-22.2645;-27.8533;35.6583;74.5786;-15.1988
-22.3812;-27.6789;35.5955;74.6575;-15.0245
-22.4779;-27.5029;35.5199;74.717;-14.8485
-22.5643;-27.3354;35.4453;74.7686;-14.6809
-22.6562;-27.1576;35.3672;74.8241;-14.5031
-22.7589;-26.9599;35.2818;74.8868;-14.3055
-22.8244;-26.772;35.1809;74.9155;-14.1175
-22.9003;-26.6042;35.1028;74.9587;-13.9498
-22.95;-26.4284;35.0023;74.975;-13.774
-23.0179;-26.2392;34.9045;75.0073;-13.5848
-23.0788;-26.0565;34.8077;75.0343;-13.4021
-23.1101;-25.8641;34.6847;75.0309;-13.2096
-23.1606;-25.6669;34.5718;75.0463;-13.0125
-23.1844;-25.4705;34.4422;75.0359;-12.8161
-23.2273;-25.2696;34.3229;75.0441;-12.6152
-23.278;-25.0935;34.2279;75.0647;-12.439
-23.3004;-24.8921;34.0958;75.0537;-12.2377
-23.3445;-24.6947;33.9823;75.0653;-12.0402
-23.3785;-24.5003;33.8647;75.0679;-11.8459
-23.4235;-24.2995;33.7509;75.0809;-11.6451
-23.4733;-24.1262;33.6611;75.1035;-11.4718
-23.5178;-23.9349;33.5554;75.1184;-11.2804
-23.5622;-23.7542;33.458;75.1355;-11.0998
-23.5965;-23.5496;33.3374;75.1395;-10.8952
-23.6259;-23.3523;33.2192;75.1402;-10.6979
-23.6559;-23.1526;33.1006;75.1418;-10.4982
-23.6802;-22.9438;32.9723;75.137;-10.2893
-23.7149;-22.7438;32.8585;75.1442;-10.0894
-23.7454;-22.5302;32.7331;75.1461;-9.87581
-23.7788;-22.3394;32.6264;75.1544;-9.68496
-23.8017;-22.1408;32.5075;75.1517;-9.48639
-23.8279;-21.941;32.391;75.1528;-9.28657
-23.8794;-21.7652;32.3102;75.1823;-9.11074
-23.8619;-21.5242;32.1353;75.1361;-8.86973
-23.885;-21.3199;32.0161;75.1353;-8.66543
-23.893;-21.1303;31.8961;75.1215;-8.47586
-23.8765;-20.9326;31.7531;75.0831;-8.27813
-23.89;-20.7242;31.6263;75.0739;-8.06973
-23.8871;-20.5264;31.4949;75.05;-7.87196
-23.8585;-20.3638;31.3673;75.0046;-7.70933
-23.8453;-20.1752;31.2352;74.9724;-7.52079
-23.8389;-19.9676;31.0966;74.9455;-7.31319
-23.8209;-19.7536;30.9458;74.907;-7.09917
-23.8071;-19.5552;30.8088;74.8746;-6.90081
-23.7715;-19.3611;30.6584;74.8216;-6.70666
-23.7684;-19.1578;30.528;74.8006;-6.50335
-23.743;-18.9644;30.3871;74.7587;-6.30992
-23.7061;-18.775;30.2404;74.7062;-6.12058
-23.6956;-18.5946;30.1205;74.6811;-5.94016
-23.647;-18.3973;29.9606;74.6172;-5.74287
-23.5869;-18.2213;29.8053;74.5439;-5.56689
-23.5577;-18.0201;29.6596;74.5001;-5.36562
-23.5077;-17.8269;29.5027;74.4365;-5.17249
-23.4428;-17.6439;29.3406;74.3593;-4.98942
-23.4027;-17.4504;29.1925;74.3065;-4.79595
-23.3505;-17.2636;29.0393;74.2426;-4.60919
-23.3077;-17.0662;28.8878;74.1879;-4.41174
-23.2569;-16.8683;28.7302;74.1257;-4.21386
-23.2237;-16.6634;28.5834;74.0812;-4.00892
-23.1685;-16.4837;28.434;74.0165;-3.82927
-23.12;-16.2806;28.2771;73.9578;-3.62621
-23.0528;-16.0953;28.1156;73.8818;-3.44083
-22.9788;-15.9099;27.9491;73.7996;-3.25543
-22.8875;-15.7313;27.7725;73.7007;-3.07683
-22.7752;-15.5651;27.5859;73.5816;-2.9107
-22.6675;-15.3842;27.395;73.4671;-2.72973
-22.5463;-15.2213;27.2034;73.3401;-2.56691
-22.395;-15.0738;26.9955;73.1839;-2.41937
-22.2629;-14.9259;26.8033;73.0471;-2.27149
-22.0873;-14.8194;26.5982;72.8684;-2.16497
-21.9526;-14.6821;26.4099;72.7297;-2.02769
-21.7563;-14.5946;26.1981;72.5311;-1.94014
-21.6054;-14.5002;26.0202;72.3779;-1.84573
-21.4194;-14.4139;25.8177;72.1898;-1.75947
-21.2406;-14.3262;25.6204;72.0089;-1.6718
-21.0476;-14.2646;25.426;71.8146;-1.61016
-20.8378;-14.2185;25.2265;71.6037;-1.56405
-20.6533;-14.1419;25.031;71.4177;-1.48748
-20.4547;-14.1067;24.8474;71.2183;-1.45223
-20.2639;-14.0381;24.6514;71.0262;-1.38368
-20.0609;-14.0004;24.4633;70.8226;-1.34596
-19.8591;-13.9354;24.2607;70.6196;-1.28101
-19.6719;-13.8688;24.0692;70.4312;-1.21435
-19.4844;-13.7951;23.8736;70.2426;-1.14071
-19.2828;-13.7012;23.6548;70.0395;-1.0468
-19.103;-13.6227;23.4628;69.8586;-0.968291
-18.9156;-13.5557;23.2714;69.6703;-0.901242
-18.7491;-13.4438;23.0708;69.5024;-0.789346
-18.5558;-13.3643;22.8675;69.3083;-0.709888
-18.3871;-13.2369;22.6562;69.1384;-0.582482
-18.1944;-13.1566;22.4529;68.9451;-0.502197
-18.0247;-13.0416;22.248;68.7747;-0.387195
-17.8178;-12.9468;22.0249;68.5673;-0.292341
-17.6462;-12.8364;21.8211;68.3953;-0.181957
-17.4626;-12.7671;21.6319;68.2115;-0.112681
-17.2817;-12.6472;21.4152;68.0306;0.00719606
-17.0649;-12.586;21.2042;67.8138;0.0684553
-16.8702;-12.4954;20.9938;67.6193;0.15906
-16.6682;-12.4442;20.8011;67.4174;0.21026
-16.4849;-12.3535;20.6;67.2345;0.300965
-16.2862;-12.305;20.4121;67.036;0.349388
-16.105;-12.2099;20.2102;66.8554;0.444538
-15.9186;-12.1422;20.0208;66.6694;0.512255
-15.7092;-12.0636;19.8068;66.4607;0.59085
-15.5172;-11.9831;19.6055;66.2694;0.671327
-15.3383;-11.9188;19.4248;66.0912;0.735597
-15.1657;-11.7991;19.215;65.9202;0.855376
-14.9541;-11.7173;18.9979;65.7096;0.937149
-14.7994;-11.5741;18.7878;65.5571;1.08038
-14.601;-11.4939;18.5822;65.3602;1.16053
-14.4747;-11.2949;18.3601;65.2378;1.35955
-14.2909;-11.1738;18.1407;65.0567;1.48067
-14.2061;-10.9427;17.932;64.9775;1.71176
-14.0741;-10.7752;17.7252;64.8502;1.87927
-14.0396;-10.5208;17.5442;64.8236;2.13366
-14.0017;-10.3237;17.3961;64.7925;2.33076
-14.0285;-10.1129;17.2936;64.8272;2.54153
-14.0183;-9.91166;17.1684;64.8252;2.74277
-14.0844;-9.70623;17.105;64.9003;2.9482
-14.0697;-9.49077;16.9715;64.8957;3.16367
-14.1354;-9.27766;16.9082;64.9721;3.37678
-14.1151;-9.07685;16.7817;64.9626;3.57759
-14.1731;-8.86643;16.718;65.0324;3.788
-14.1344;-8.64161;16.5668;65.0072;4.01282
-14.2146;-8.43396;16.5283;65.1004;4.22047
-14.1938;-8.21096;16.3977;65.0946;4.44347
-14.324;-7.99901;16.4061;65.2392;4.65542
-14.3507;-7.77596;16.322;65.2821;4.87848
-14.5049;-7.59203;16.3716;65.4498;5.06241
-14.5667;-7.37835;16.3288;65.5284;5.27608
-14.7252;-7.21973;16.3999;65.6992;5.4347
-14.7934;-6.99477;16.3637;65.7862;5.65966
-14.9404;-6.83362;16.4291;65.9467;5.82081
-14.9757;-6.59455;16.3634;66.0034;6.05988
-15.1598;-6.41086;16.4596;66.2037;6.24357
-15.1832;-6.21036;16.4042;66.2462;6.44408
-15.3701;-6.03196;16.5114;66.4498;6.62247
-15.4304;-5.79924;16.4842;66.5334;6.85519
-15.5792;-5.63916;16.5684;66.6981;7.01528
-15.6164;-5.42605;16.5322;66.7577;7.22839
-15.7885;-5.24405;16.6366;66.9488;7.41039
-15.8591;-5.06044;16.6469;67.0395;7.594
-16.0496;-4.9184;16.7863;67.2449;7.73603
-16.1373;-4.70215;16.8084;67.3572;7.95229
-16.3668;-4.57591;16.9944;67.6001;8.07853
-16.5097;-4.43422;17.0948;67.759;8.22021
-16.7517;-4.39286;17.3181;68.0043;8.26157
-16.9361;-4.32041;17.4784;68.1961;8.33403
-17.1886;-4.3605;17.7331;68.4419;8.29393
-17.3958;-4.34054;17.9292;68.65;8.3139
-17.6058;-4.45242;18.1601;68.8451;8.20201
-17.8237;-4.4663;18.3748;69.0597;8.18814
-18.0358;-4.62054;18.6182;69.2522;8.0339
-18.236;-4.70126;18.8323;69.4419;7.95317
-18.3986;-4.8701;19.0322;69.5842;7.78433
-18.6139;-4.9404;19.2583;69.7904;7.71404
-18.7592;-5.13;19.448;69.9142;7.52444
-18.9937;-5.20477;19.6939;70.1393;7.44967
-19.1361;-5.40932;19.8859;70.2595;7.24512
-19.3495;-5.50479;20.1173;70.4621;7.14964
-19.481;-5.69003;20.295;70.5743;6.96441
-19.6875;-5.77223;20.5162;70.7718;6.8822
-19.814;-5.97376;20.6949;70.8784;6.68067
-20.0268;-6.07882;20.9291;71.0805;6.57562
-20.1399;-6.2706;21.0935;71.1756;6.38383
-20.3576;-6.3789;21.3336;71.3828;6.27554
-20.4843;-6.55836;21.5086;71.4936;6.09608
-20.6866;-6.67067;21.7355;71.6857;5.98376
-20.8226;-6.85678;21.9225;71.806;5.79765
-21.016;-6.96258;22.1394;71.9903;5.69186
-21.1377;-7.1454;22.3127;72.0973;5.50903
-21.3317;-7.25543;22.5318;72.2825;5.39901
-21.4524;-7.4507;22.7094;72.3886;5.20374
-21.64;-7.56155;22.9231;72.5678;5.09289
-21.7493;-7.77743;23.0981;72.662;4.87701
-21.9497;-7.89432;23.3262;72.8543;4.76012
-22.0618;-8.09509;23.5001;72.9533;4.55935
-22.2402;-8.219;23.7103;73.1237;4.43544
-22.3343;-8.44622;23.878;73.2042;4.20821
-22.5145;-8.62647;24.1106;73.374;4.02796
-22.5905;-8.83572;24.257;73.4387;3.81872
-22.7602;-8.98637;24.4701;73.6006;3.66806
-22.8423;-9.23704;24.6392;73.6704;3.4174
-23.0006;-9.40237;24.8482;73.8211;3.25207
-23.0382;-9.64082;24.9741;73.8486;3.01361
-23.1851;-9.82162;25.1796;73.9882;2.83281
-23.2187;-10.052;25.3012;74.0134;2.60245
-23.3586;-10.2329;25.5017;74.147;2.42155
-23.3989;-10.4698;25.6344;74.18;2.18468
-23.5137;-10.6609;25.8176;74.2893;1.9935
-23.5394;-10.8631;25.9251;74.3098;1.79133
-23.668;-11.0541;26.1221;74.434;1.60035
-23.6977;-11.251;26.2329;74.4598;1.4034
-23.8395;-11.4387;26.4418;74.5983;1.21574
-23.8724;-11.6676;26.5711;74.6278;0.986803
-24.0142;-11.8549;26.781;74.7674;0.799582
-24.0547;-12.0652;26.9109;74.8059;0.589224
-24.195;-12.2428;27.1161;74.945;0.411652
-24.2409;-12.4745;27.2623;74.99;0.179962
-24.3915;-12.668;27.485;75.1404;-0.0135732
-24.4211;-12.9023;27.6199;75.1704;-0.247841
-24.5868;-13.0824;27.8507;75.3369;-0.428007
-24.6617;-13.2891;28.0143;75.4132;-0.634691
-24.8571;-13.4532;28.2642;75.6102;-0.798776
-24.9637;-13.6482;28.451;75.7191;-0.993787
-25.1708;-13.7726;28.6924;75.9279;-1.11818
-25.2802;-13.9643;28.8806;76.0403;-1.30982
-25.5089;-14.0365;29.1157;76.2703;-1.38202
-25.6567;-14.2169;29.3324;76.4216;-1.56243
-25.8785;-14.3016;29.5675;76.6451;-1.64721
-26.037;-14.4387;29.7725;76.8066;-1.7843
-26.2589;-14.4978;29.9953;77.0298;-1.8434
-26.4416;-14.6452;30.2265;77.2162;-1.99078
-26.6594;-14.6938;30.4406;77.4351;-2.03933
-26.8153;-14.8278;30.6419;77.5946;-2.17336
-27.0756;-14.8574;30.8841;77.8556;-2.20292
-27.2749;-14.9915;31.1234;78.0588;-2.33705
-27.4852;-15.0402;31.3312;78.2705;-2.3858
-27.6801;-15.1418;31.5509;78.4684;-2.48741
-27.8786;-15.1741;31.7407;78.6678;-2.51971
-28.0661;-15.2944;31.9629;78.8592;-2.64
-28.2993;-15.3147;32.1775;79.093;-2.66027
-28.5143;-15.4345;32.4236;79.3119;-2.78007
-28.7347;-15.4666;32.6328;79.5333;-2.81218
-28.9117;-15.5502;32.8283;79.7132;-2.89576
-29.112;-15.6036;33.03;79.9153;-2.94921
-29.3039;-15.6652;33.2282;80.1093;-3.01077
-29.4981;-15.7206;33.4257;80.3055;-3.0662
-29.6886;-15.7798;33.6217;80.4982;-3.12535
-29.8767;-15.8473;33.8195;80.6888;-3.19289

29.9474;-15.9015;33.9073;80.8667;-3.24704
29.7594;-15.9639;33.7708;81.0571;-3.30951
29.5722;-16.0316;33.6382;81.2469;-3.37718
29.3739;-16.0823;33.4883;81.4472;-3.42791
29.1941;-16.1739;33.375;81.6307;-3.51951
29.0027;-16.2166;33.2285;81.8238;-3.56213
28.82;-16.333;33.1264;82.0114;-3.67853
28.5929;-16.3777;32.9512;82.2403;-3.72328
28.3782;-16.502;32.8274;82.4605;-3.84758
28.1691;-16.5533;32.6728;82.6718;-3.8989
28.0006;-16.6767;32.5906;82.846;-4.0223
27.7739;-16.7213;32.419;83.0745;-4.06685
27.5754;-16.8452;32.3135;83.279;-4.19075
27.3666;-16.8898;32.1589;83.4898;-4.23532
27.1751;-16.9555;32.0308;83.6844;-4.30107
26.9912;-17.0224;31.9106;83.8715;-4.36798
26.8164;-17.0806;31.7941;84.0491;-4.42619
26.6165;-17.1106;31.6419;84.2503;-4.4562
26.4179;-17.2035;31.5256;84.4536;-4.54906
26.2031;-17.2325;31.3618;84.6696;-4.57811
26.0111;-17.2867;31.2315;84.8643;-4.6323
25.8208;-17.3471;31.1068;85.0576;-4.69267
25.6208;-17.3949;30.9679;85.2599;-4.7405
25.4297;-17.4485;30.8402;85.4537;-4.79406
25.2408;-17.5026;30.7154;85.6454;-4.84817
25.0495;-17.5725;30.5985;85.8404;-4.91808
24.8558;-17.626;30.4711;86.0368;-4.97154
24.6763;-17.708;30.3726;86.2208;-5.05359
24.5047;-17.781;30.2761;86.3964;-5.12654
24.3225;-17.8472;30.168;86.5822;-5.19275
24.1502;-17.9576;30.095;86.7609;-5.30315
23.9537;-18.0121;29.9702;86.9604;-5.35762
23.7911;-18.1652;29.933;87.1323;-5.51072
23.5894;-18.2344;29.8153;87.3379;-5.57992
23.4235;-18.4127;29.7941;87.5151;-5.75831
23.2355;-18.5107;29.7075;87.7091;-5.8563
23.1074;-18.6846;29.7164;87.8487;-6.03021
22.9209;-18.7989;29.644;88.0427;-6.14446
22.7973;-18.9944;29.6733;88.1798;-6.34
22.6217;-19.1347;29.629;88.3651;-6.48024
22.5451;-19.3116;29.6854;88.4546;-6.65714
22.3793;-19.4576;29.6552;88.6311;-6.80317
22.2979;-19.6731;29.7359;88.7291;-7.01863
22.1555;-19.8303;29.7339;88.8835;-7.17589
22.0789;-20.0317;29.8119;88.9763;-7.3773
21.9759;-20.1927;29.8444;89.0924;-7.53827
21.9017;-20.3862;29.9213;89.1829;-7.73174
21.795;-20.5607;29.9627;89.3046;-7.90631
21.7361;-20.7722;30.0657;89.3822;-8.1178
21.6507;-20.9915;30.1562;89.4874;-8.33707
21.5546;-21.1672;30.2101;89.5996;-8.51274
21.5062;-21.3743;30.3213;89.6677;-8.71989
21.4076;-21.5582;30.3816;89.7839;-8.90375
21.3734;-21.7664;30.5057;89.8387;-9.11196
21.2599;-21.9509;30.5586;89.9706;-9.2965
21.2287;-22.149;30.6796;90.0223;-9.49457
21.1189;-22.3345;30.7383;90.1511;-9.6801
21.1107;-22.5516;30.8908;90.1829;-9.89718
20.9925;-22.7495;30.9552;90.3223;-10.0951
20.955;-22.9627;31.0869;90.3837;-10.3083
20.8387;-23.1717;31.1638;90.5232;-10.5173
20.7924;-23.3645;31.2766;90.5918;-10.7101
20.7139;-23.5428;31.3581;90.691;-10.8884
20.6752;-23.7363;31.4782;90.7528;-11.0819
20.5785;-23.9211;31.5546;90.8715;-11.2666
20.5411;-24.1207;31.6819;90.9336;-11.4663
20.4393;-24.3104;31.761;91.0587;-11.6559
20.4198;-24.5049;31.8976;91.1032;-11.8505
20.3343;-24.704;31.9964;91.2139;-12.0496
20.3284;-24.9089;32.1511;91.2471;-12.2545
20.1952;-25.1081;32.2221;91.4061;-12.4537
20.1672;-25.3469;32.391;91.4666;-12.6924
20.0727;-25.555;32.4957;91.5892;-12.9005
20.0603;-25.7701;32.6575;91.6321;-13.1157
19.9881;-25.9568;32.761;91.7304;-13.3024
19.9326;-26.1584;32.8872;91.8148;-13.504
19.8826;-26.3553;33.0139;91.8934;-13.7009
19.8069;-26.5558;33.1289;91.9983;-13.9013
19.7492;-26.745;33.2464;92.0841;-14.0905
19.679;-26.9162;33.3429;92.1798;-14.2618
19.6128;-27.1071;33.4583;92.2749;-14.4527
19.5077;-27.2764;33.5343;92.4054;-14.6219
19.4648;-27.4815;33.6766;92.4804;-14.8271
19.3254;-27.659;33.7415;92.6466;-15.0046
19.2479;-27.8318;33.8392;92.7512;-15.1774
19.0977;-27.9825;33.8783;92.9241;-15.3281
19.004;-28.1525;33.9663;93.0447;-15.498
18.8457;-28.2767;33.9813;93.2215;-15.6222
18.7303;-28.4514;34.0633;93.3647;-15.797
18.5508;-28.6104;34.0982;93.5685;-15.956
18.4008;-28.7453;34.1304;93.7394;-16.0909
18.2516;-28.8994;34.1803;93.913;-16.2449
18.1175;-29.029;34.2188;94.0675;-16.3746
17.982;-29.1758;34.2721;94.2266;-16.5213
17.8296;-29.3099;34.3069;94.4001;-16.6554
17.6988;-29.4543;34.3628;94.5545;-16.7999
17.5589;-29.5831;34.4016;94.7151;-16.9286
17.4209;-29.7222;34.4513;94.8758;-17.0677
17.2957;-29.8739;34.5195;95.0264;-17.2195

17.1724;29.9689;34.5402;95.1762;-17.3767
16.9618;29.8713;34.351;95.4011;-17.4743
16.7966;29.7428;34.1579;95.587;-17.6027
16.6053;29.6434;33.9775;95.7934;-17.7022
16.4415;29.5214;33.7911;95.977;-17.8241
16.2742;29.4291;33.6292;96.1585;-17.9165
16.1038;29.3223;33.4534;96.3459;-18.0232
15.9307;29.2268;33.2866;96.5338;-18.1187
15.7367;29.1247;33.1043;96.7435;-18.2208
15.5591;29.0327;32.9391;96.9353;-18.3128
15.3807;28.9418;32.7749;97.1277;-18.4038
15.2199;28.8674;32.6339;97.2997;-18.4782
15.0445;28.7699;32.4661;97.4904;-18.5757
14.8564;28.6802;32.2997;97.6921;-18.6653
14.684;28.5859;32.1368;97.8795;-18.7596
14.5359;28.4911;31.9849;98.043;-18.8545
14.3484;28.443;31.8571;98.2363;-18.9026
14.1702;28.3231;31.67;98.4343;-19.0225
13.9475;28.2604;31.5148;98.6648;-19.0852
13.77;28.1623;31.3485;98.858;-19.1832
13.5766;28.1065;31.2137;99.0586;-19.2391
13.3984;28.0319;31.0693;99.2478;-19.3137
13.2057;27.9729;30.9334;99.4483;-19.3726
13.0152;27.8998;30.7863;99.6494;-19.4458
12.8132;27.8415;30.6484;99.8589;-19.5041
12.6349;27.7823;30.5204;100.045;-19.5633
12.4404;27.7382;30.4001;100.245;-19.6074
12.2353;27.6639;30.2488;100.46;-19.6817
12.0356;27.6444;30.1507;100.66;-19.7012
11.8428;27.5605;29.9972;100.866;-19.7851
11.6387;27.5432;29.9013;101.069;-19.8023
11.441;27.4602;29.7482;101.279;-19.8854
11.229;27.4424;29.6509;101.491;-19.9032
11.0242;27.3808;29.5168;101.704;-19.9648
10.8221;27.3468;29.4102;101.908;-19.9988
10.6341;27.2772;29.2768;102.106;-20.0684
10.4274;27.2575;29.1839;102.313;-20.0881
10.2527;27.1783;29.0479;102.5;-20.1673
10.0535;27.1823;28.9819;102.694;-20.1633
9.84423;27.085;28.8185;102.919;-20.2606
9.64294;27.0572;28.7242;103.121;-20.2883
9.45261;26.9748;28.583;103.324;-20.3708
9.2467;26.971;28.512;103.527;-20.3746
9.04491;26.8664;28.3481;103.745;-20.4791
8.84819;26.8594;28.2793;103.94;-20.4862
8.63872;26.7685;28.128;104.163;-20.577
8.41746;26.7774;28.0692;104.378;-20.5682
8.21074;26.6977;27.9318;104.596;-20.6478
7.9881;26.7205;27.889;104.81;-20.6251
7.78879;26.6857;27.7991;105.012;-20.6598
7.61095;26.6582;27.7234;105.192;-20.6874
7.40801;26.6543;27.6646;105.392;-20.6912
7.20706;26.6319;27.5898;105.593;-20.7137
7.02095;26.6512;27.5605;105.772;-20.6944
6.83289;26.5825;27.4466;105.97;-20.7631
6.60543;26.6468;27.4533;106.18;-20.6987
6.38334;26.6025;27.3577;106.407;-20.743
6.18423;26.653;27.361;106.592;-20.6926
5.94945;26.5562;27.2145;106.842;-20.7893
5.70341;26.5994;27.204;107.075;-20.7462
5.48942;26.5331;27.095;107.297;-20.8125
5.26431;26.5779;27.0943;107.509;-20.7676
5.04415;26.494;26.9699;107.742;-20.8515
4.82135;26.5359;26.9703;107.952;-20.8097
4.59671;26.439;26.8357;108.191;-20.9065
4.37858;26.4605;26.8203;108.401;-20.8851
4.18819;26.4096;26.7396;108.598;-20.936
3.97266;26.4408;26.7376;108.803;-20.9047
3.76132;26.3735;26.6404;109.024;-20.972
3.53796;26.4165;26.6524;109.235;-20.929
3.32033;26.3483;26.5566;109.461;-20.9973
3.10127;26.4144;26.5959;109.664;-20.9311
2.88074;26.3295;26.4866;109.896;-21.0161
2.64688;26.4051;26.5375;110.112;-20.9404
2.41244;26.3618;26.4719;110.35;-20.9838
2.19085;26.4182;26.5089;110.557;-20.9274
1.97636;26.3719;26.4459;110.776;-20.9736
1.75059;26.438;26.4959;110.985;-20.9075
1.53562;26.3939;26.4385;111.205;-20.9517
1.29931;26.4643;26.4962;111.424;-20.8812
1.0733;26.4154;26.4372;111.655;-20.9301
0.858157;26.4656;26.4795;111.857;-20.88
0.656959;26.4046;26.4128;112.066;-20.9409
0.42911;26.4708;26.4743;112.277;-20.8748
0.191656;26.3657;26.3664;112.53;-20.9799
-0.0419848;26.3981;26.3981;112.754;-20.9475
-0.253144;26.2867;26.2879;112.982;-21.0589
-0.467776;26.2825;26.2866;113.194;-21.0631
-0.655506;26.1331;26.1413;113.406;-21.2124
-0.884893;26.0782;26.0932;113.642;-21.2674
-1.03374;25.8891;25.9097;113.823;-21.4565
-1.27085;25.8194;25.8507;114.069;-21.5261
-1.44479;25.6348;25.6755;114.275;-21.7108
-1.67073;25.5556;25.6102;114.512;-21.7899
-1.83967;25.3718;25.4384;114.713;-21.9737
-2.03597;25.2752;25.3571;114.924;-22.0703
-2.16155;25.0805;25.1735;115.085;-22.2651
-2.36476;24.9825;25.0941;115.303;-22.3631
-2.48616;24.7737;24.8981;115.463;-22.5719
-2.67866;24.6793;24.8242;115.67;-22.6663
-2.7988;24.4793;24.6388;115.827;-22.8663
-3.00218;24.3547;24.5391;116.051;-22.9908
-3.11066;24.1483;24.3479;116.199;-23.1972
-3.32054;24.0312;24.2595;116.428;-23.3144
-3.43028;23.8336;24.0792;116.575;-23.512
-3.65524;23.7324;24.0122;116.816;-23.6132
-3.76978;23.5376;23.8376;116.967;-23.8079
-3.98508;23.4317;23.7681;117.2;-23.9139
-4.11671;23.2388;23.6006;117.368;-24.1068
-4.33786;23.1487;23.5516;117.603;-24.1969
-4.47873;22.9342;23.3675;117.785;-24.4113
-4.71236;22.8454;23.3263;118.032;-24.5002
-4.86898;22.64;23.1577;118.228;-24.7055
-5.1013;22.5492;23.119;118.474;-24.7964
-5.23976;22.3738;22.9792;118.646;-24.9717
-5.43187;22.2966;22.9487;118.85;-25.049
-5.57331;22.1214;22.8127;119.026;-25.2242
-5.7869;22.0389;22.786;119.252;-25.3067
-5.9498;21.8327;22.6289;119.455;-25.5128
-6.15726;21.743;22.598;119.677;-25.6026
-6.29812;21.5611;22.4621;119.853;-25.7845
-6.48664;21.4739;22.4322;120.056;-25.8717
-6.62959;21.2839;22.2925;120.237;-26.0617
-6.87175;21.2169;22.302;120.488;-26.1287
-7.0302;21.0424;22.1857;120.68;-26.3032
-7.26265;20.977;22.1987;120.922;-26.3686
-7.41128;20.8105;22.0908;121.103;-26.5351
-7.64673;20.7572;22.1208;121.344;-26.5884
-7.82416;20.5979;22.0339;121.552;-26.7476
-8.04077;20.5553;22.072;121.773;-26.7903
-8.21136;20.3829;21.9748;121.978;-26.9626
-8.45577;20.3022;21.9927;122.234;-27.0433
-8.62061;20.1448;21.9118;122.429;-27.2008
-8.84198;20.0866;21.9465;122.658;-27.259
-9.00386;19.9149;21.8557;122.854;-27.4307
-9.20673;19.8521;21.8831;123.066;-27.4934
-9.36998;19.6483;21.7682;123.271;-27.6972
-9.59076;19.5825;21.805;123.501;-27.7631
-9.7386;19.3983;21.7057;123.686;-27.9472
-9.9584;19.3332;21.7472;123.915;-28.0124
-10.1173;19.1724;21.6781;124.106;-28.1732
-10.3293;19.1054;21.7189;124.328;-28.2402
-10.4777;18.9328;21.6387;124.512;-28.4127
-10.6964;18.8345;21.6599;124.747;-28.5111
-10.8214;18.6789;21.5872;124.904;-28.6666
-11.0493;18.6015;21.6357;125.144;-28.7441
-11.2032;18.425;21.5637;125.334;-28.9205
-11.4013;18.3611;21.613;125.542;-28.9845
-11.552;18.1792;21.539;125.731;-29.1664
-11.7658;18.1007;21.5886;125.957;-29.2449
-11.9154;17.922;21.5215;126.144;-29.4236
-12.137;17.8428;21.5794;126.378;-29.5027
-12.282;17.674;21.5225;126.558;-29.6715
-12.5107;17.6156;21.6061;126.794;-29.73
-12.674;17.4683;21.5817;126.988;-29.8773
-12.8865;17.4496;21.6921;127.199;-29.896
-13.0596;17.3174;21.6898;127.398;-30.0281
-13.2943;17.3128;21.8282;127.627;-30.0328
-13.4887;17.373;21.9947;127.802;-29.9725
-13.689;17.4017;22.1406;127.99;-29.9438
-13.9051;17.5201;22.3675;128.172;-29.8254
-14.0696;17.6399;22.5637;128.305;-29.7056
-14.1988;17.8048;22.7732;128.392;-29.5408
-14.3472;17.9463;22.9763;128.504;-29.3992
-14.4333;18.14;23.1814;128.544;-29.2056
-14.5824;18.2796;23.3835;128.658;-29.066
-14.6254;18.4769;23.5647;128.655;-28.8687
-14.782;18.6436;23.7926;128.77;-28.702
-14.8422;18.8713;24.0087;128.778;-28.4743
-14.9755;19.0484;24.2303;128.869;-28.2971
-15.0312;19.2581;24.4297;128.878;-28.0874
-15.1615;19.4287;24.6443;128.968;-27.9169
-15.2155;19.6245;24.832;128.979;-27.7211
-15.3669;19.7889;25.0548;129.091;-27.5567
-15.4289;20.0061;25.2645;129.106;-27.3394
-15.5833;20.1677;25.4868;129.222;-27.1778
-15.6405;20.4088;25.7127;129.228;-26.9368
-15.8238;20.5602;25.9444;129.376;-26.7854
-15.8975;20.7937;26.1746;129.4;-26.5518
-16.0726;20.9447;26.4009;129.54;-26.4009
-16.1416;21.1648;26.6176;129.563;-26.1808
-16.3152;21.3199;26.8463;129.702;-26.0257
-16.3855;21.5369;27.0615;129.728;-25.8086
-16.5542;21.6917;27.2868;129.862;-25.6538
-16.626;21.9028;27.4983;129.891;-25.4428
-16.7944;22.056;27.7221;130.026;-25.2896
-16.849;22.2478;27.908;130.043;-25.0977
-17.0276;22.4012;28.1381;130.188;-24.9444
-17.0994;22.611;28.3487;130.219;-24.7346
-17.2807;22.7605;28.5773;130.369;-24.5851
-17.3652;22.9709;28.796;130.412;-24.3747
-17.5599;23.1138;29.0276;130.577;-24.2317
-17.6467;23.3354;29.2566;130.621;-24.0102
-17.8066;23.4967;29.4817;130.749;-23.8489
-17.8848;23.6972;29.6888;130.789;-23.6484
-18.0325;23.8561;29.9045;130.906;-23.4895
-18.0892;24.0661;30.1064;130.924;-23.2794
-18.2639;24.2275;30.3405;131.068;-23.118
-18.3339;24.4436;30.5553;131.099;-22.9019
-18.4935;24.6053;30.7803;131.228;-22.7403
-18.5565;24.8233;30.9926;131.252;-22.5222
-18.7197;24.9773;31.2137;131.387;-22.3682
-18.7866;25.2304;31.4565;131.41;-22.1151
-18.9188;25.411;31.6803;131.51;-21.9346
-18.9734;25.6294;31.8882;131.527;-21.7161
-19.1119;25.7975;32.1056;131.636;-21.5481
-19.1547;26.0215;32.3113;131.642;-21.324
-19.2888;26.1909;32.5272;131.747;-21.1547
-19.3233;26.4256;32.7369;131.744;-20.92
-19.4609;26.6167;32.9723;131.849;-20.7289
-19.4835;26.8505;33.1746;131.835;-20.4951
-19.6175;27.0306;33.3991;131.94;-20.315
-19.6504;27.258;33.6026;131.937;-20.0876
-19.7741;27.443;33.825;132.032;-19.9026
-19.814;27.654;34.0196;132.04;-19.6916
-19.9236;27.8387;34.2336;132.12;-19.5069
-19.9691;28.0424;34.4259;132.136;-19.3031
-20.0755;28.2108;34.6248;132.216;-19.1347
-20.121;28.4211;34.8226;132.231;-18.9244
-20.2411;28.5961;35.0348;132.325;-18.7495
-20.2804;28.826;35.2453;132.332;-18.5196
-20.4032;29.0071;35.4641;132.428;-18.3384
-20.4556;29.2269;35.6742;132.45;-18.1186
-20.5716;29.4052;35.8868;132.54;-17.9403
-20.6406;29.5976;36.0839;132.583;-17.748
-20.7054;29.7815;36.2719;132.622;-17.5641
-20.7633;29.9352;36.4312;132.66;-17.4104

-20.8151;-29.8951;36.4278;132.689;-17.2407
-21.0161;-29.7405;36.4167;132.868;-17.0861
-21.1071;-29.5299;36.2977;132.931;-16.8754
-21.2776;-29.3844;36.2792;133.082;-16.73
-21.3636;-29.1542;36.1438;133.139;-16.4998
-21.535;-29.0046;36.1251;133.291;-16.3502
-21.633;-28.7941;36.0151;133.362;-16.1397
-21.7664;-28.6445;35.9762;133.476;-15.9901
-21.8395;-28.4403;35.8583;133.525;-15.7858
-21.9953;-28.2883;35.8332;133.662;-15.6338
-22.0566;-28.0842;35.7102;133.699;-15.4298
-22.2054;-27.9186;35.6725;133.828;-15.2641
-22.2655;-27.7138;35.5501;133.864;-15.0594
-22.4245;-27.5499;35.5226;134.004;-14.8955
-22.4852;-27.3031;35.3701;134.037;-14.6486
-22.6255;-27.1308;35.3269;134.158;-14.4763
-22.6759;-26.9138;35.193;134.185;-14.2594
-22.7983;-26.7312;35.1329;134.287;-14.0768
-22.8493;-26.5086;34.997;134.315;-13.8541
-22.9458;-26.3303;34.9256;134.392;-13.6759
-22.9649;-26.0977;34.7632;134.388;-13.4433
-23.075;-25.9024;34.69;134.478;-13.248
-23.1005;-25.6798;34.5411;134.482;-13.0254
-23.1905;-25.4636;34.4411;134.55;-12.8091
-23.1954;-25.2794;34.3085;134.538;-12.6249
-23.2772;-25.0829;34.2195;134.601;-12.4284
-23.2816;-24.8547;34.0557;134.585;-12.2003
-23.3591;-24.6446;33.9559;134.643;-11.9902
-23.3665;-24.4392;33.8122;134.632;-11.7847
-23.4591;-24.2452;33.7366;134.708;-11.5908
-23.46;-24.0144;33.5717;134.689;-11.3599
-23.552;-23.8346;33.508;134.765;-11.1802
-23.5609;-23.5948;33.3441;134.755;-10.9403
-23.6342;-23.3885;33.2505;134.811;-10.734
-23.6226;-23.1592;33.0814;134.782;-10.5047
-23.6795;-22.9849;33.0004;134.825;-10.3304
-23.6928;-22.787;32.8724;134.823;-10.1326
-23.7388;-22.603;32.7785;134.855;-9.94859
-23.7418;-22.3908;32.6347;134.843;-9.73638
-23.7902;-22.1923;32.5342;134.877;-9.53786
-23.7753;-21.9802;32.3789;134.847;-9.32573
-23.8228;-21.79;32.2852;134.881;-9.13561
-23.793;-21.5859;32.1257;134.838;-8.93149
-23.861;-21.3515;32.0193;134.89;-8.69711
-23.8287;-21.1323;31.8493;134.844;-8.47788
-23.873;-20.9164;31.7398;134.875;-8.26199
-23.8317;-20.701;31.5671;134.821;-8.04658
-23.8674;-20.489;31.4555;134.844;-7.83454
-23.8199;-20.2705;31.2775;134.784;-7.61607
-23.8432;-20.0613;31.1601;134.796;-7.40689
-23.8007;-19.8662;31.0022;134.743;-7.21173
-23.8136;-19.6595;30.8802;134.745;-7.00507
-23.764;-19.4406;30.7028;134.684;-6.78614
-23.7652;-19.2351;30.5741;134.675;-6.58071
-23.7209;-19.0006;30.3925;134.619;-6.34618
-23.6949;-18.811;30.254;134.585;-6.15659
-23.6275;-18.6088;30.0757;134.508;-5.95435
-23.622;-18.3917;29.9375;134.493;-5.73729
-23.5401;-18.1979;29.754;134.403;-5.54345
-23.5337;-17.9804;29.6164;134.388;-5.32593
-23.4475;-17.7791;29.4259;134.294;-5.12463
-23.4329;-17.5693;29.2879;134.272;-4.9149
-23.3445;-17.3743;29.1004;134.176;-4.71991
-23.2855;-17.1601;28.9255;134.11;-4.50565
-23.253;-16.9582;28.7799;134.071;-4.30376
-23.162;-16.7762;28.5993;133.974;-4.12175
-23.1425;-16.5692;28.4625;133.949;-3.91479
-23.0137;-16.3642;28.2386;133.814;-3.70972
-22.9683;-16.1573;28.0821;133.763;-3.50287
-22.8503;-15.9834;27.8856;133.641;-3.32895
-22.7747;-15.7773;27.7058;133.56;-3.12283
-22.6327;-15.6081;27.4928;133.414;-2.95367
-22.5498;-15.4358;27.3268;133.328;-2.78137
-22.3997;-15.3045;27.1289;133.175;-2.65004
-22.2947;-15.1274;26.9424;133.067;-2.47297
-22.097;-15.0215;26.7194;132.867;-2.36703
-21.9595;-14.849;26.5088;132.727;-2.19458
-21.7579;-14.754;26.2885;132.523;-2.09956
-21.608;-14.6155;26.0868;132.371;-1.96104
-21.3942;-14.5364;25.8654;132.157;-1.88197
-21.2279;-14.4096;25.6565;131.988;-1.75512
-21.0142;-14.3606;25.4524;131.774;-1.70619
-20.8283;-14.2339;25.2274;131.587;-1.57942
-20.605;-14.2063;25.0277;131.363;-1.55187
-20.4154;-14.0773;24.7983;131.172;-1.42283
-20.1939;-14.044;24.5973;130.95;-1.38958
-20.0229;-13.9368;24.3958;130.778;-1.28241
-19.8043;-13.9063;24.1991;130.559;-1.25185
-19.5956;-13.7805;23.956;130.349;-1.12608
-19.3923;-13.7438;23.7688;130.146;-1.08939
-19.2133;-13.6135;23.5474;129.966;-0.959091
-18.9979;-13.5689;23.346;129.75;-0.914496
-18.8221;-13.4356;23.1255;129.573;-0.78115
-18.6029;-13.4032;22.9284;129.354;-0.748771
-18.4263;-13.2506;22.6959;129.177;-0.596122
-18.2097;-13.1912;22.4856;128.96;-0.536792
-18.0483;-13.0551;22.2751;128.798;-0.400701
-17.803;-13.0191;22.0555;128.552;-0.36469
-17.63;-12.8467;21.8141;128.379;-0.192296
-17.3884;-12.804;21.5939;128.137;-0.149564
-17.1962;-12.6576;21.3524;127.945;-0.00318818
-16.9729;-12.627;21.1547;127.722;0.0274449
-16.7907;-12.4804;20.921;127.54;0.17404
-16.5652;-12.4412;20.7169;127.314;0.213221
-16.3847;-12.3076;20.4923;127.134;0.346813
-16.1654;-12.2658;20.2921;126.915;0.388624
-15.9975;-12.1264;20.0741;126.747;0.52808
-15.768;-12.0909;19.8701;126.518;0.563521
-15.5894;-11.9299;19.6304;126.34;0.724516
-15.3723;-11.8919;19.4351;126.124;0.762562
-15.1981;-11.7128;19.1878;125.95;0.941625
-14.9654;-11.6463;18.9631;125.718;1.0081
-14.8157;-11.4385;18.7175;125.57;1.21592
-14.6438;-11.3263;18.5129;125.4;1.32817
-14.5456;-11.1136;18.3054;125.304;1.54079
-14.3887;-10.9666;18.0915;125.149;1.68785
-14.3381;-10.7214;17.9033;125.102;1.93304
-14.2158;-10.5439;17.6992;124.982;2.11052
-14.2201;-10.3045;17.5612;124.991;2.34989
-14.1303;-10.0964;17.3667;124.905;2.55806
-14.1635;-9.88554;17.2722;124.943;2.76889
-14.0958;-9.67512;17.0968;124.88;2.97932
-14.163;-9.45844;17.0309;124.953;3.19599
-14.1085;-9.21978;16.8539;124.905;3.43466
-14.202;-8.99729;16.8121;125.004;3.65714
-14.1622;-8.77906;16.6626;124.971;3.87537
-14.2474;-8.56102;16.6217;125.063;4.09342
-14.2516;-8.33779;16.5114;125.075;4.31665
-14.3856;-8.13868;16.5283;125.216;4.51576
-14.398;-7.86416;16.4057;125.239;4.79028
-14.5378;-7.6587;16.4318;125.386;4.99573
-14.5715;-7.44216;16.362;125.429;5.21227
-14.7345;-7.27244;16.4315;125.599;5.38199
-14.7763;-7.03969;16.3676;125.651;5.61474
-14.9349;-6.86319;16.4364;125.817;5.79124
-15.001;-6.63922;16.4046;125.894;6.01521
-15.1277;-6.4906;16.4614;126.027;6.16384
-15.1628;-6.23005;16.3928;126.075;6.42438
-15.3416;-6.04654;16.4902;126.264;6.60789
-15.4081;-5.83007;16.4742;126.341;6.82437
-15.5968;-5.69326;16.6034;126.537;6.96118
-15.6636;-5.49164;16.5984;126.615;7.16279
-15.8537;-5.34509;16.7305;126.813;7.30934
-15.938;-5.13601;16.7451;126.91;7.51842
-16.1644;-5.01497;16.9244;127.143;7.63946
-16.2947;-4.82915;16.9952;127.284;7.82528
-16.5277;-4.75931;17.1993;127.521;7.89512
-16.6974;-4.63632;17.3292;127.698;8.01811
-16.9279;-4.64557;17.5537;127.928;8.00887
-17.1314;-4.5532;17.7261;128.137;8.10123
-17.3687;-4.58581;17.9639;128.371;8.06862
-17.5397;-4.60229;18.1335;128.541;8.05214
-17.742;-4.68397;18.3499;128.738;7.97046
-17.9433;-4.71089;18.5514;128.937;7.94354
-18.1445;-4.82405;18.7749;129.131;7.83038
-18.3375;-4.8691;18.973;129.321;7.78534
-18.5;-5.03457;19.1728;129.473;7.61987
-18.7333;-5.07624;19.4089;129.704;7.5782
-18.9034;-5.28501;19.6283;129.862;7.36943
-19.1279;-5.35681;19.8639;130.082;7.29762
-19.2396;-5.56043;20.027;130.182;7.094
-19.4671;-5.66352;20.2742;130.404;6.99092
-19.6035;-5.84558;20.4565;130.53;6.80885
-19.8101;-5.93335;20.6795;130.732;6.72108
-19.9422;-6.14796;20.8684;130.853;6.50648
-20.164;-6.24574;21.1092;131.07;6.40869
-20.3048;-6.43625;21.3005;131.201;6.21819
-20.5081;-6.53336;21.5236;131.4;6.12108
-20.6298;-6.7089;21.6932;131.513;5.94553
-20.8337;-6.81677;21.9206;131.712;5.83766
-20.9623;-7.00949;22.1032;131.832;5.64495
-21.1508;-7.1218;22.3177;132.016;5.53264
-21.2617;-7.33067;22.49;132.118;5.32376
-21.4876;-7.45631;22.7446;132.339;5.19813
-21.6059;-7.65352;22.9214;132.449;5.00092
-21.7862;-7.77101;23.1307;132.625;4.88343
-21.8877;-7.98163;23.2976;132.719;4.67281
-22.0908;-8.11655;23.5347;132.917;4.53788
-22.1861;-8.32808;23.6977;133.005;4.32635
-22.3572;-8.47077;23.9081;133.172;4.18366
-22.4332;-8.69626;24.0598;133.241;3.95817
-22.594;-8.85574;24.2676;133.397;3.79869
-22.6608;-9.05378;24.4025;133.458;3.60066
-22.835;-9.19793;24.6178;133.629;3.4565
-22.88;-9.43411;24.7487;133.668;3.22032
-23.0428;-9.61277;24.9675;133.826;3.04167
-23.0799;-9.83989;25.0899;133.858;2.81454
-23.2465;-10.0119;25.3108;134.021;2.64252
-23.3091;-10.2642;25.4689;134.079;2.39022
-23.4225;-10.4504;25.6481;134.189;2.20406
-23.4603;-10.6615;25.7693;134.224;1.99297
-23.5922;-10.8353;25.9614;134.353;1.81915
-23.6172;-11.0664;26.0813;134.375;1.58808
-23.7634;-11.2521;26.2928;134.52;1.40236
-23.7931;-11.4767;26.4164;134.547;1.17771
-23.9434;-11.6453;26.6252;134.696;1.0091
-23.995;-11.8724;26.7715;134.746;0.781991
-24.1393;-12.0536;26.9814;134.889;0.600834
-24.1783;-12.2815;27.1187;134.928;0.372947
-24.3331;-12.4526;27.3344;135.082;0.201786
-24.4128;-12.6814;27.51;135.162;-0.0269573
-24.5711;-12.8397;27.7236;135.32;-0.185226
-24.6378;-13.0599;27.8852;135.387;-0.405515
-24.8189;-13.2134;28.1171;135.569;-0.558949
-24.8946;-13.4261;28.2843;135.646;-0.771707
-25.0793;-13.575;28.5176;135.831;-0.920528
-25.203;-13.7392;28.7046;135.956;-1.08476
-25.3894;-13.8429;28.9179;136.143;-1.18847
-25.5237;-14.0254;29.1233;136.279;-1.37095
-25.746;-14.1221;29.3648;136.503;-1.46768
-25.8925;-14.2874;29.5729;136.651;-1.63301
-26.1109;-14.3567;29.7975;136.87;-1.70227
-26.2643;-14.5105;30.0062;137.026;-1.85604
-26.4766;-14.5678;30.2197;137.239;-1.91332
-26.645;-14.7155;30.4385;137.409;-2.06106
-26.8617;-14.7739;30.6565;137.627;-2.11949
-27.0372;-14.8896;30.866;137.804;-2.23513
-27.2496;-14.9154;31.0646;138.017;-2.26092
-27.4393;-15.0659;31.3033;138.209;-2.41146
-27.685;-15.0791;31.5253;138.455;-2.42471
-27.8866;-15.2327;31.7757;138.659;-2.57826
-28.125;-15.2553;31.9959;138.898;-2.60082
-28.3059;-15.3746;32.2119;139.081;-2.72016
-28.5404;-15.3881;32.4245;139.316;-2.73371
-28.7163;-15.519;32.6415;139.495;-2.86461
-28.9405;-15.5326;32.8453;139.719;-2.87814
-29.1341;-15.6433;33.0682;139.915;-2.98886
-29.3438;-15.6773;33.2692;140.125;-3.02288
-29.5317;-15.7542;33.4711;140.315;-3.0998
-29.7215;-15.8186;33.6689;140.506;-3.16414
-29.911;-15.8835;33.8667;140.697;-3.22904

29.9037;-15.9343;33.8841;140.883;-3.27986
29.7067;-16.0015;33.7423;141.082;-3.34711
29.5151;-16.0573;33.6003;141.275;-3.40287
29.3335;-16.1281;33.475;141.458;-3.47371
29.1459;-16.1972;33.3442;141.647;-3.54279
28.9508;-16.2515;33.2003;141.844;-3.59709
28.7643;-16.3419;33.0824;142.032;-3.6875
28.5756;-16.3878;32.9413;142.222;-3.73337
28.4005;-16.5093;32.8504;142.401;-3.85484
28.1785;-16.5406;32.6744;142.623;-3.88613
27.9863;-16.6627;32.5711;142.819;-4.00822
27.7783;-16.6974;32.4104;143.028;-4.04292
27.5979;-16.8231;32.3212;143.212;-4.16866
27.3757;-16.8317;32.1362;143.434;-4.17727
27.1767;-16.9631;32.0362;143.637;-4.3087
26.9681;-16.9923;31.875;143.846;-4.33784
26.7789;-17.0893;31.7672;144.038;-4.43485
26.563;-17.1059;31.5944;144.255;-4.45147
26.3741;-17.2115;31.4934;144.447;-4.55709
26.155;-17.2264;31.3182;144.666;-4.57194
25.9619;-17.3319;31.2156;144.863;-4.67748
25.7298;-17.3573;31.037;145.095;-4.70288
25.5439;-17.4564;30.9389;145.284;-4.802
25.3287;-17.4793;30.7744;145.5;-4.82481
25.1362;-17.5923;30.6809;145.696;-4.93783
24.9265;-17.6174;30.5238;145.907;-4.96301
24.7481;-17.7573;30.4596;146.09;-5.1029
24.5125;-17.7937;30.2899;146.327;-5.13924
24.3478;-17.9334;30.2395;146.496;-5.27901
24.1465;-17.9689;30.0988;146.699;-5.31445
23.9826;-18.1116;30.0531;146.868;-5.45713
23.7836;-18.1875;29.9407;147.069;-5.53306
23.6315;-18.3494;29.9191;147.228;-5.69499
23.4344;-18.4383;29.8185;147.428;-5.78386
23.2995;-18.5886;29.8061;147.569;-5.93413
23.1197;-18.7042;29.7383;147.753;-6.04977
23.0113;-18.8995;29.7777;147.869;-6.24502
22.8038;-18.9929;29.6773;148.081;-6.33848
22.6748;-19.2171;29.7228;148.219;-6.5627
22.5236;-19.3589;29.6998;148.377;-6.7045
22.4377;-19.5685;29.7721;148.472;-6.91408
22.2993;-19.7242;29.7709;148.618;-7.0698
22.2055;-19.9195;29.8307;148.721;-7.26506
22.0653;-20.0675;29.8259;148.868;-7.4131
22.0008;-20.2836;29.9243;148.944;-7.62917
21.8727;-20.4563;29.9479;149.08;-7.80191
21.8123;-20.6798;30.0571;149.153;-8.02537
21.6926;-20.8465;30.0857;149.281;-8.19211
21.6432;-21.0646;30.2018;149.343;-8.41017
21.5229;-21.253;30.2477;149.473;-8.59852
21.4554;-21.4721;30.3544;149.554;-8.81769
21.3936;-21.6448;30.4332;149.626;-8.99035
21.2941;-21.844;30.5058;149.737;-9.1896
21.2591;-22.0471;30.6272;149.785;-9.39263
21.1541;-22.241;30.6946;149.902;-9.58661
21.1222;-22.4513;30.8255;149.947;-9.79688
21.0053;-22.6319;30.8776;150.076;-9.97747
20.9818;-22.8554;31.0259;150.114;-10.201
20.8739;-23.0627;31.1064;150.236;-10.4082
20.8419;-23.2712;31.2399;150.282;-10.6167
20.7227;-23.4583;31.3005;150.415;-10.8038
20.6915;-23.6657;31.4356;150.461;-11.0112
20.594;-23.8474;31.509;150.571;-11.193
20.5756;-24.064;31.6612;150.606;-11.4096
20.4734;-24.2606;31.7449;150.723;-11.6062
20.4221;-24.4892;31.887;150.792;-11.8347
20.3352;-24.6854;31.9826;150.894;-12.0309
20.3212;-24.8954;32.1362;150.925;-12.241
20.2193;-25.0651;32.2037;151.04;-12.4106
20.2066;-25.2887;32.3701;151.072;-12.6343
20.0966;-25.4945;32.4629;151.198;-12.8401
20.0761;-25.6961;32.6089;151.236;-13.0417
19.9798;-25.888;32.7014;151.349;-13.2336
19.9507;-26.088;32.8423;151.395;-13.4336
19.8573;-26.2797;32.9384;151.506;-13.6253
19.8145;-26.49;33.0807;151.567;-13.8355
19.7072;-26.6753;33.1654;151.691;-14.0208
19.6701;-26.8876;33.3145;151.748;-14.2331
19.5505;-27.067;33.3893;151.884;-14.4125
19.4926;-27.2689;33.5194;151.961;-14.6145
19.3381;-27.4437;33.5726;152.131;-14.7893
19.2669;-27.6627;33.7111;152.224;-15.0083
19.1134;-27.8156;33.7495;152.392;-15.1611
19.025;-28.021;33.8693;152.5;-15.3665
18.8466;-28.1709;33.8939;152.693;-15.5165
18.7364;-28.3488;33.981;152.82;-15.6944
18.5795;-28.4805;34.005;152.99;-15.8261
18.4612;-28.649;34.082;153.125;-15.9946
18.3009;-28.7805;34.1063;153.299;-16.126
18.2044;-28.9425;34.1917;153.412;-16.2881
18.0304;-29.0823;34.2181;153.6;-16.4279
17.8751;-29.2436;34.274;153.771;-16.5891
17.7367;-29.3722;34.312;153.923;-16.7177
17.602;-29.5238;34.3727;154.073;-16.8694
17.4601;-29.6628;34.42;154.229;-17.0084
17.3422;-29.8257;34.5011;154.365;-17.1713
17.2209;-29.985;34.5784;154.503;-17.3306

17.1055;29.8468;34.401;154.637;-17.4988
16.8493;29.7845;34.2201;154.898;-17.5611
16.6897;29.618;33.9967;155.076;-17.7276
16.4701;29.5717;33.8489;155.299;-17.7739
16.3078;29.4451;33.6594;155.475;-17.9005
16.1203;29.3759;33.5083;155.669;-17.9697
15.9515;29.2558;33.322;155.851;-18.0897
15.7494;29.1946;33.1718;156.059;-18.151
15.5806;29.0448;32.9599;156.244;-18.3008
15.3643;28.9916;32.8112;156.465;-18.3539
15.1946;28.8479;32.6049;156.65;-18.4976
15.0027;28.8046;32.4775;156.846;-18.5409
14.8353;28.6698;32.2807;157.028;-18.6758
14.6379;28.6088;32.1361;157.231;-18.7368
14.4711;28.4832;31.9484;157.412;-18.8624
14.2566;28.4346;31.8084;157.631;-18.911
14.0821;28.3121;31.6209;157.819;-19.0335
13.8575;28.262;31.4765;158.048;-19.0835
13.6699;28.1468;31.2907;158.248;-19.1988
13.4571;28.1157;31.1703;158.463;-19.2299
13.3019;28.0067;31.0051;158.63;-19.3388
13.0804;27.9499;30.8593;158.857;-19.3956
12.9019;27.8758;30.7167;159.043;-19.4698
12.6821;27.8392;30.5918;159.266;-19.5064
12.4964;27.7487;30.4327;159.461;-19.5969
12.2775;27.7418;30.3372;159.679;-19.6038
12.0723;27.6402;30.1616;159.895;-19.7054
11.8517;27.6334;30.0677;160.115;-19.7122
11.6498;27.5118;29.8767;160.331;-19.8337
11.4133;27.5046;29.7786;160.566;-19.8409
11.2154;27.4117;29.6173;160.774;-19.9339
11.0031;27.4023;29.5289;160.986;-19.9432
10.8122;27.3278;29.389;161.185;-20.0178
10.5943;27.3025;29.2859;161.404;-20.0431
10.4036;27.2221;29.1424;161.603;-20.1235
10.201;27.2049;29.0546;161.806;-20.1407
10.0045;27.1166;28.9033;162.012;-20.229
9.78225;27.1113;28.8221;162.233;-20.2343
9.56826;27.0052;28.6502;162.459;-20.3404
9.34137;27.0055;28.5755;162.684;-20.3401
9.14235;26.9302;28.4397;162.891;-20.4154
8.94443;26.9186;28.3657;163.089;-20.427
8.77798;26.8359;28.235;163.264;-20.5097
8.55279;26.8475;28.1769;163.486;-20.4981
8.3509;26.7631;28.0357;163.697;-20.5824
8.13399;26.7788;27.9869;163.91;-20.5668
7.93019;26.7052;27.8578;164.122;-20.6403
7.70611;26.7304;27.819;164.341;-20.6152
7.49485;26.656;27.6896;164.56;-20.6896
7.28016;26.6963;27.6711;164.768;-20.6493
7.05369;26.6197;27.5384;165.002;-20.7258
6.8246;26.6554;27.5152;165.225;-20.6901
6.61923;26.5865;27.3981;165.437;-20.7591
6.3872;26.6362;27.3913;165.661;-20.7094
6.16738;26.5713;27.2777;165.887;-20.7743
5.94406;26.6176;27.2732;166.103;-20.728
5.72137;26.558;27.1673;166.332;-20.7876
5.50964;26.5819;27.1469;166.539;-20.7637
5.29884;26.5138;27.0381;166.756;-20.8318
5.08657;26.5356;27.0187;166.964;-20.8099
4.88763;26.4751;26.9225;167.169;-20.8705
4.65909;26.513;26.9193;167.391;-20.8325
4.44385;26.4413;26.8121;167.614;-20.9043
4.21748;26.4862;26.8198;167.833;-20.8594
3.98315;26.4286;26.7271;168.072;-20.9169
3.77421;26.4558;26.7237;168.276;-20.8897
3.55711;26.3953;26.6339;168.499;-20.9503
3.3863;26.4465;26.6624;168.662;-20.8991
3.17801;26.3653;26.5561;168.879;-20.9803
2.97171;26.4599;26.6262;169.072;-20.8857
2.7279;26.4066;26.5471;169.321;-20.939
2.52686;26.4435;26.564;169.516;-20.902
2.31398;26.3723;26.4737;169.736;-20.9732
2.0745;26.4342;26.5155;169.966;-20.9113
1.86719;26.376;26.442;170.179;-20.9696
1.64565;26.4357;26.4869;170.391;-20.9098
1.42646;26.3811;26.4196;170.615;-20.9645
1.22089;26.4656;26.4937;170.809;-20.88
0.972202;26.3947;26.4126;171.064;-20.9509
0.74998;26.4524;26.463;171.278;-20.8932
0.519577;26.3617;26.3668;171.518;-20.9839
0.297131;26.399;26.4007;171.734;-20.9466
0.0742116;26.3034;26.3035;171.967;-21.0422
-0.142033;26.3;26.3004;172.182;-21.0456
-0.361668;26.1805;26.183;172.415;-21.165
-0.568499;26.1681;26.1743;172.621;-21.1774
-0.759649;26.0032;26.0143;172.831;-21.3424
-0.989531;25.9604;25.9793;173.065;-21.3851
-1.1504;25.7839;25.8096;173.246;-21.5617
-1.37743;25.7278;25.7646;173.479;-21.6178
-1.54452;25.5513;25.5979;173.666;-21.7943
