#1 AntPos X	#2 AntVel X	#3 AntPos Y	#4 AntVel Y	#5 AntAngle	
8.88379;-0.84942;22.7873;-1.78393;-2.01518;
8.79912;-0.846671;22.6191;-1.68273;-2.03696;
8.70717;-0.919567;22.4404;-1.78659;-2.04614;
8.61578;-0.91387;22.2589;-1.81465;-2.03733;
8.52591;-0.898651;22.0793;-1.79629;-2.03467;
8.43646;-0.894548;21.9004;-1.78954;-2.03434;
8.33774;-0.987186;21.7105;-1.89819;-2.05037;
8.24875;-0.889854;21.5233;-1.87204;-2.01452;
8.17108;-0.776739;21.3425;-1.8087;-1.97643;
8.07871;-0.923671;21.1858;-1.56645;-2.10358;
7.9737;-1.05013;21.009;-1.76789;-2.10679;
7.86761;-1.06089;20.8284;-1.80673;-2.10174;
7.76339;-1.0422;20.6573;-1.71069;-2.11797;
7.65854;-1.04847;20.4921;-1.65181;-2.13637;
7.55137;-1.07178;20.3199;-1.72198;-2.12753;
7.44526;-1.06101;20.1505;-1.69445;-2.13023;
7.34209;-1.03177;19.9808;-1.69629;-2.11726;
7.24544;-0.966505;19.8098;-1.71053;-2.08511;
7.14702;-0.984133;19.638;-1.71756;-2.09111;
7.04729;-0.997379;19.4645;-1.73476;-2.09258;
6.93944;-1.07845;19.2956;-1.68981;-2.13884;
6.83862;-1.00822;19.1334;-1.6215;-2.12708;
6.74731;-0.913074;18.9604;-1.73036;-2.05634;
6.65618;-0.911297;18.8068;-1.53583;-2.10632;
6.55584;-1.00341;18.6386;-1.68167;-2.10877;
6.45431;-1.01534;18.4704;-1.68212;-2.11386;
6.32982;-1.24488;18.3084;-1.62003;-2.22599;
6.20733;-1.22495;18.1491;-1.59361;-2.22613;
6.08612;-1.21203;17.9929;-1.56159;-2.23083;
5.96494;-1.21186;17.8315;-1.61409;-2.21481;
5.84575;-1.19185;17.6716;-1.5991;-2.2113;
5.72932;-1.16434;17.4931;-1.78476;-2.14884;
5.63334;-0.959753;17.3259;-1.67213;-2.09186;
5.54442;-0.889249;17.1541;-1.71835;-2.04835;
5.45358;-0.908384;16.9721;-1.81952;-2.03384;
5.36162;-0.919602;16.8091;-1.62984;-2.0845;
5.26184;-0.99777;16.6265;-1.82647;-2.07078;
5.17928;-0.825626;16.4375;-1.88934;-1.98278;
5.10886;-0.7042;16.2517;-1.85865;-1.93296;
5.04153;-0.67327;16.0623;-1.89343;-1.91244;
4.99051;-0.510235;15.8692;-1.93116;-1.82911;
4.91081;-0.79702;15.6858;-1.83462;-1.98063;
4.85514;-0.556702;15.5087;-1.77076;-1.8754;
4.81412;-0.410161;15.2977;-2.10964;-1.76282;
4.79021;-0.239085;15.1072;-1.90487;-1.69566;
4.76606;-0.241536;14.9107;-1.96542;-1.69308;
4.75721;-0.0885211;14.72;-1.90636;-1.6172;
4.74613;-0.110758;14.5198;-2.00219;-1.62606;
4.73489;-0.112405;14.3163;-2.03479;-1.62598;
4.72145;-0.134422;14.1116;-2.04707;-1.63637;
4.71041;-0.110361;13.9071;-2.0458;-1.62469;
4.68136;-0.29047;13.6935;-2.13566;-1.70598;
4.64978;-0.315808;13.5027;-1.90772;-1.73485;
4.69255;0.427663;13.2927;-2.10055;-1.36995;
4.76048;0.679324;13.102;-1.90675;-1.22854;
4.90189;1.41408;12.9617;-1.40284;-0.781408;
5.06863;1.66741;12.8427;-1.19017;-0.619919;
5.25589;1.87263;12.7643;-0.783905;-0.396447;
5.44205;1.86151;12.6933;-0.709901;-0.364332;
5.63266;1.9061;12.661;-0.32339;-0.168061;
5.83324;2.00581;12.7329;0.719321;0.344332;
6.00622;1.72984;12.8598;1.26927;0.633021;
6.19435;1.88131;12.9391;0.792433;0.39866;
6.37922;1.84864;13.0163;0.772194;0.395678;
6.60149;2.22274;12.997;-0.193182;-0.0866939;
6.79139;1.89902;12.9705;-0.264709;-0.1385;
6.96786;1.76473;12.937;-0.33477;-0.187473;
7.16455;1.96685;12.9025;-0.345012;-0.173647;
7.3642;1.99653;12.854;-0.484861;-0.23824;
7.55927;1.9507;12.812;-0.420901;-0.212511;
7.76568;2.06405;12.8217;0.0971261;0.0470214;
7.95811;1.9243;12.8356;0.139007;0.0721124;
8.16195;2.03846;12.8667;0.311364;0.151573;
8.36739;2.05436;12.9158;0.491401;0.234787;
8.57518;2.07789;12.9634;0.475191;0.224824;
8.77468;1.99505;13.0073;0.43954;0.216851;
8.98331;2.08626;13.0516;0.443047;0.209255;
9.17762;1.94312;13.0976;0.460202;0.232551;
9.34808;1.70463;13.1598;0.621404;0.349569;
9.5407;1.92614;13.2299;0.700924;0.349005;
9.73842;1.97725;13.3153;0.85468;0.408002;
9.93062;1.92196;13.3513;0.359426;0.184874;
10.1236;1.92984;13.3906;0.392811;0.200803;
10.3198;1.96186;13.4305;0.399375;0.200826;
10.4958;1.76061;13.4724;0.418794;0.233528;
10.6741;1.78297;13.5269;0.544979;0.29664;
10.8686;1.94413;13.587;0.601007;0.29982;
11.0627;1.94102;13.6369;0.499517;0.251883;
11.2495;1.86873;13.6855;0.485483;0.254174;
11.4484;1.98852;13.7252;0.397456;0.197275;
11.65;2.01634;13.7709;0.456875;0.222824;
11.855;2.05026;13.81;0.390582;0.188248;
12.0537;1.98657;13.8209;0.109697;0.0551636;
12.2441;1.90398;13.8327;0.117107;0.0614289;
12.4379;1.93772;13.8495;0.168722;0.0868533;
12.6365;1.98659;13.8648;0.152591;0.0766602;
12.8339;1.97398;13.8885;0.237483;0.119732;
13.0441;2.10216;13.9067;0.181504;0.086128;
13.2444;2.00214;13.9229;0.162558;0.0810144;
13.429;1.84629;13.9537;0.307981;0.165289;
13.6385;2.09533;13.9047;-0.490443;-0.229926;
13.8531;2.14592;13.8631;-0.415572;-0.191289;
14.0677;2.14574;13.8493;-0.13846;-0.0644385;
14.2691;2.01426;13.8361;-0.13223;-0.0655528;
14.4747;2.05602;13.8226;-0.135085;-0.0656079;
14.6813;2.06593;13.8103;-0.122925;-0.0594308;
14.8779;1.9659;13.8;-0.102786;-0.0522371;
15.0701;1.92176;13.7986;-0.0138977;-0.00723164;
15.2601;1.90019;13.8088;0.102242;0.0537545;
15.4766;2.16516;13.8206;0.117697;0.0543063;
15.6757;1.99089;13.8279;0.0734083;0.0368555;
15.8661;1.90371;13.8361;0.0814364;0.0427516;
16.0743;2.08282;13.8485;0.123888;0.0594108;
16.2718;1.97483;13.8668;0.183197;0.0925012;
16.4737;2.01904;13.8751;0.0834901;0.0413278;
16.6697;1.95923;13.8679;-0.0721233;-0.0367955;
16.8556;1.8599;13.8876;0.197117;0.105588;
17.0776;2.21986;13.9312;0.436032;0.193954;
17.2624;1.84727;13.9598;0.285784;0.15349;
17.48;2.17662;14.0182;0.584377;0.262294;
17.697;2.16967;14.0023;-0.159595;-0.0734248;
17.9265;2.29498;13.9873;-0.150056;-0.0652913;
18.129;2.02486;13.9861;-0.0119767;-0.00591477;
18.3202;1.91249;13.9961;0.100166;0.0523271;
18.5622;2.41986;14.0349;0.387478;0.158776;
18.7632;2.01016;14.0573;0.224663;0.111302;
18.9504;1.87179;14.0707;0.133484;0.071193;
19.1408;1.90438;14.0621;-0.0857336;-0.0449887;
19.3422;2.01402;14.0232;-0.389157;-0.190872;
19.5459;2.03658;13.9849;-0.383214;-0.185991;
19.7424;1.96478;13.9475;-0.37317;-0.187694;
19.936;1.93664;13.9105;-0.370828;-0.18919;
20.1324;1.96394;13.8708;-0.396436;-0.19918;
20.3296;1.97195;13.8183;-0.525476;-0.260424;
20.5277;1.98039;13.7638;-0.544489;-0.26831;
20.714;1.86329;13.74;-0.238098;-0.127095;
20.9125;1.98461;13.7082;-0.318306;-0.159033;
21.121;2.08534;13.6656;-0.42541;-0.201239;
21.2948;1.73804;13.6209;-0.447185;-0.25183;
21.4967;2.01915;13.5723;-0.486401;-0.236391;
21.6731;1.76384;13.5331;-0.391624;-0.218485;
21.8655;1.92435;13.479;-0.541304;-0.274207;
22.0799;2.14348;13.3993;-0.796496;-0.355778;
22.2485;1.6863;13.3503;-0.49053;-0.283079;
22.4365;1.87968;13.2998;-0.504498;-0.262216;
22.627;1.9049;13.2444;-0.553955;-0.283;
22.8507;2.23703;13.2039;-0.405648;-0.179384;
23.0557;2.05;13.1831;-0.207458;-0.100856;
23.2444;1.88724;13.0852;-0.979205;-0.478617;
23.4443;1.99909;13.0005;-0.84717;-0.400834;
23.6164;1.72132;12.9325;-0.679394;-0.375924;
23.8004;1.83991;12.8439;-0.886642;-0.449059;
23.9815;1.81094;12.7553;-0.886071;-0.455042;
24.1843;2.02807;12.6587;-0.966218;-0.444608;
24.3669;1.82522;12.575;-0.836182;-0.429591;
24.5362;1.69321;12.5157;-0.592972;-0.336858;
24.7153;1.79137;12.4344;-0.813073;-0.426079;
24.8972;1.81935;12.3523;-0.821605;-0.424178;
25.0714;1.7418;12.289;-0.632239;-0.348191;
25.2561;1.84702;12.232;-0.570234;-0.299448;
25.4453;1.89192;12.1603;-0.717369;-0.362426;
25.6638;2.18448;12.0961;-0.642321;-0.285979;
25.8649;2.0115;12.0551;-0.409353;-0.200765;
26.0591;1.94192;11.9999;-0.551771;-0.276841;
26.2583;1.99226;11.9689;-0.310476;-0.154598;
26.4449;1.8658;11.9334;-0.354613;-0.18782;
26.6451;2.00183;11.921;-0.124834;-0.0622793;
26.857;2.11858;11.9243;0.0335413;0.0158306;
27.0613;2.04394;11.9351;0.108211;0.0528929;
27.2583;1.96966;11.9559;0.207575;0.104998;
27.4633;2.04938;11.9818;0.259408;0.125909;
27.6652;2.01964;12.0179;0.361197;0.176971;
27.8627;1.97449;12.0539;0.359647;0.180171;
28.0636;2.00912;12.0983;0.443621;0.217316;
28.259;1.95415;12.1364;0.38105;0.192578;
28.4494;1.90445;12.1706;0.341932;0.177651;
28.6402;1.90728;12.2008;0.302184;0.157131;
28.8336;1.93449;12.2316;0.308024;0.157902;
29.0118;1.78154;12.2848;0.532431;0.290411;
29.2491;2.37372;12.2696;-0.152802;-0.0642837;
29.4462;1.97072;12.2534;-0.161707;-0.0818714;
29.6271;1.8092;12.2312;-0.221924;-0.122055;
29.8192;1.92114;12.1954;-0.358037;-0.184253;

-29.9987;1.82043;12.1503;-0.450596;-0.242645;
-29.7808;2.17925;12.1958;0.454934;0.205801;
-29.5874;1.93426;12.2316;0.358003;0.183014;
-29.3751;2.12283;12.2964;0.64758;0.296089;
-29.1944;1.80644;12.36;0.636244;0.33864;
-28.9962;1.98185;12.4166;0.566024;0.278198;
-28.8068;1.89469;12.5028;0.861997;0.426966;
-28.6169;1.89848;12.5894;0.865985;0.427954;
-28.4359;1.81024;12.6703;0.809141;0.420339;
-28.2553;1.80631;12.736;0.657038;0.348868;
-28.0725;1.82779;12.8021;0.661195;0.3471;
-27.8855;1.86997;12.8764;0.742698;0.378065;
-27.6957;1.89754;12.9495;0.731097;0.367759;
-27.5079;1.87878;13.0337;0.842165;0.421399;
-27.3456;1.62291;13.1179;0.842017;0.478598;
-27.167;1.78617;13.2133;0.953496;0.490338;
-26.9851;1.81868;13.3239;1.10588;0.546329;
-26.8331;1.5196;13.4278;1.03941;0.59991;
-26.6528;1.80298;13.5214;0.935406;0.478583;
-26.4574;1.95452;13.5873;0.658957;0.325178;
-26.2742;1.83134;13.6559;0.686485;0.358642;
-26.0852;1.89031;13.7215;0.656438;0.334237;
-25.8937;1.91495;13.7822;0.606401;0.306676;
-25.7062;1.87471;13.8421;0.599252;0.309386;
-25.5017;2.04572;13.872;0.29871;0.144992;
-25.2949;2.06763;13.9023;0.30328;0.145641;
-25.1021;1.92858;13.9267;0.243652;0.125672;
-24.8986;2.03465;13.9026;-0.240481;-0.117647;
-24.6993;1.99332;13.8776;-0.250565;-0.125046;
-24.4808;2.18416;13.8641;-0.134891;-0.0616803;
-24.2712;2.09629;13.8511;-0.130018;-0.0619435;
-24.0624;2.08783;13.8347;-0.164232;-0.0784999;
-23.848;2.14429;13.8327;-0.0196149;-0.00914724;
-23.6443;2.03736;13.8106;-0.220741;-0.107926;
-23.4506;1.93657;13.7961;-0.145399;-0.07494;
-23.2557;1.94912;13.7825;-0.135342;-0.0693262;
-23.0544;2.01299;13.8044;0.21858;0.108161;
-22.8558;1.98576;13.8253;0.208813;0.10477;
-22.653;2.02863;13.8469;0.21575;0.105954;
-22.4622;1.9072;13.9371;0.902484;0.441978;
-22.264;1.98282;14.0244;0.872567;0.414561;
-22.0828;1.81125;14.1;0.756057;0.395435;
-21.9098;1.73058;14.1955;0.955602;0.50452;
-21.7224;1.87335;14.2852;0.897033;0.446575;
-21.536;1.86459;14.375;0.897835;0.448754;
-21.3789;1.57035;14.4681;0.930627;0.534978;
-21.2152;1.63758;14.5484;0.80301;0.455909;
-21.0401;1.75102;14.6391;0.907298;0.478064;
-20.8574;1.82707;14.7273;0.882017;0.449752;
-20.6802;1.77204;14.8161;0.888106;0.46459;
-20.4841;1.96042;14.8959;0.79793;0.386543;
-20.3139;1.70261;14.9727;0.767878;0.423686;
-20.1164;1.97479;15.0165;0.438017;0.218271;
-19.9216;1.94786;15.0669;0.504173;0.253276;
-19.7039;2.17727;15.0964;0.294953;0.134649;
-19.5093;1.94556;15.1148;0.183556;0.0940675;
-19.3149;1.94451;15.1369;0.221473;0.113408;
-19.0895;2.25331;15.18;0.430856;0.18893;
-18.8874;2.02109;15.2214;0.413961;0.202026;
-18.6786;2.0885;15.2332;0.118056;0.0564663;
-18.4801;1.98504;15.229;-0.042485;-0.0213993;
-18.2792;2.00853;15.2164;-0.126075;-0.0626875;
-18.0697;2.09562;15.1935;-0.228978;-0.108833;
-17.8835;1.86113;15.1574;-0.360251;-0.191201;
-17.668;2.15562;15.1427;-0.14719;-0.0681761;
-17.4639;2.04059;15.1379;-0.048108;-0.0235712;
-17.2551;2.08797;15.1433;0.0537459;0.025735;
-17.0672;1.87921;15.1579;0.146331;0.0777117;
-16.8846;1.82637;15.1516;-0.0632483;-0.0346168;
-16.6894;1.95209;15.166;0.144614;0.0739465;
-16.4788;2.10516;15.184;0.179193;0.084916;
-16.277;2.01855;15.2028;0.188204;0.0929685;
-16.0773;1.99722;15.2259;0.230662;0.114982;
-15.8783;1.98925;15.2531;0.272066;0.135925;
-15.6668;2.11586;15.2838;0.307633;0.144382;
-15.441;2.25766;15.3431;0.593285;0.256978;
-15.2511;1.89939;15.3905;0.473736;0.244427;
-15.0375;2.13515;15.42;0.294896;0.137247;
-14.8409;1.96628;15.4725;0.524589;0.26072;
-14.6527;1.88212;15.5363;0.637824;0.32674;
-14.4712;1.81523;15.6264;0.901529;0.460961;
-14.3129;1.58248;15.7521;1.25692;0.67124;
-14.2162;0.967236;15.9461;1.94046;1.10838;
-14.1944;0.217886;16.1518;2.05702;1.46527;
-14.1502;0.442328;16.3491;1.9727;1.35022;
-14.1578;-0.076072;16.5475;1.98338;1.60913;
-14.1942;-0.364258;16.7583;2.10883;1.74184;
-14.2468;-0.525779;16.9405;1.82148;1.85181;
-14.2854;-0.386405;17.1226;1.82119;1.77987;
-14.3328;-0.473695;17.3258;2.03183;1.79984;
-14.3943;-0.615348;17.5163;1.90539;1.88317;
-14.4516;-0.572939;17.7308;2.14438;1.83188;
-14.5324;-0.808006;17.9345;2.03736;1.94836;
-14.6034;-0.70952;18.1212;1.86744;1.93389;
-14.6712;-0.678179;18.3033;1.82055;1.92739;
-14.7212;-0.500015;18.4856;1.82302;1.83849;
-14.7895;-0.682665;18.6802;1.94559;1.90825;
-14.8613;-0.718601;18.8675;1.87337;1.93707;
-14.9285;-0.671724;19.0423;1.74807;1.93767;
-14.999;-0.704909;19.2212;1.789;1.94614;
-15.0826;-0.836276;19.3903;1.69122;2.03002;
-15.1821;-0.995277;19.5786;1.88228;2.05719;
-15.2827;-1.00516;19.7531;1.74543;2.09329;
-15.3853;-1.0261;19.9061;1.53032;2.16145;
-15.4878;-1.0248;20.0731;1.66964;2.12129;
-15.6004;-1.12621;20.2404;1.67285;2.16333;
-15.6968;-0.964088;20.4243;1.83901;2.05365;
-15.7987;-1.01942;20.6165;1.9219;2.05849;
-15.8938;-0.950783;20.7917;1.75273;2.06783;
-15.9662;-0.724373;20.9527;1.60935;1.99374;
-16.0638;-0.975669;21.1258;1.73115;2.08402;
-16.1867;-1.22904;21.2996;1.73855;2.18616;
-16.3213;-1.34558;21.4594;1.59769;2.27075;
-16.4485;-1.27197;21.6272;1.67809;2.21939;
-16.5661;-1.17598;21.7888;1.6156;2.2;
-16.6893;-1.23275;21.9587;1.69945;2.19836;
-16.8068;-1.17457;22.121;1.62255;2.19739;
-16.9223;-1.15533;22.2721;1.51132;2.22348;
-17.0361;-1.13802;22.4366;1.64443;2.17617;
-17.1493;-1.13167;22.5996;1.63002;2.17767;
-17.2754;-1.26094;22.7422;1.42623;2.29476;
-17.3991;-1.23745;22.909;1.66802;2.20907;
-17.5231;-1.23926;23.0656;1.56564;2.24035;
-17.6291;-1.06011;23.2396;1.74028;2.11792;
-17.7236;-0.94485;23.4093;1.6976;2.07868;
-17.8194;-0.9584;23.5595;1.50145;2.13892;
-17.9433;-1.23887;23.7356;1.76111;2.18384;
-18.0504;-1.0714;23.9135;1.77877;2.11292;
-18.1349;-0.844478;24.077;1.63575;2.04737;
-18.2628;-1.27894;24.2512;1.74175;2.20416;
-18.3718;-1.09035;24.4168;1.65566;2.15317;
-18.4896;-1.17836;24.5924;1.7557;2.16191;
-18.6;-1.10365;24.7694;1.77063;2.12818;
-18.6957;-0.956474;24.9394;1.69995;2.0833;
-18.7953;-0.996476;25.1071;1.6771;2.10692;
-18.893;-0.97651;25.2811;1.73995;2.08222;
-19.0002;-1.07245;25.4574;1.76229;2.11748;
-19.0763;-0.761027;25.6427;1.85312;1.96047;
-19.1576;-0.812936;25.8187;1.76077;2.00333;
-19.2355;-0.779112;26.0243;2.05529;1.93314;
-19.317;-0.814848;26.2059;1.81652;1.99247;
-19.3915;-0.745412;26.3913;1.85412;1.95305;
-19.4843;-0.927353;26.5749;1.83531;2.03866;
-19.5465;-0.622665;26.7775;2.026;1.86897;
-19.6056;-0.590363;26.9676;1.90087;1.87193;
-19.6763;-0.70712;27.1507;1.83193;1.93917;
-19.7445;-0.682457;27.3317;1.80955;1.93144;
-19.7996;-0.550684;27.5184;1.86668;1.85767;
-19.8861;-0.865538;27.7251;2.06684;1.96738;
-19.985;-0.988696;27.9161;1.91062;2.04832;
-20.0617;-0.766411;28.0927;1.76561;1.98033;
-20.1268;-0.651789;28.2833;1.90629;1.90025;
-20.1875;-0.606801;28.4856;2.02274;1.86224;
-20.2547;-0.672324;28.6882;2.02617;1.89118;
-20.299;-0.442212;28.8935;2.05326;1.78293;
-20.3631;-0.640834;29.0839;1.90408;1.89545;
-20.4415;-0.784382;29.2642;1.80224;1.9813;
-20.5175;-0.759662;29.4565;1.92392;1.94686;
-20.5829;-0.654828;29.6403;1.83709;1.91321;
-20.6511;-0.681525;29.8269;1.86657;1.92088;

-20.7353;-0.841717;-29.9881;1.84956;1.99788;
-20.8545;-1.19271;-29.8198;1.68341;2.18721;
-20.9847;-1.30201;-29.6797;1.40048;2.31978;
-21.1223;-1.37558;-29.5331;1.46688;2.32408;
-21.2371;-1.14828;-29.3946;1.38442;2.26323;
-21.3606;-1.23468;-29.2459;1.48696;2.26377;
-21.4816;-1.21026;-29.0857;1.60192;2.21781;
-21.5898;-1.08227;-28.9225;1.63245;2.15624;
-21.6949;-1.05073;-28.7547;1.67814;2.13021;
-21.7979;-1.03005;-28.5972;1.57462;2.15009;
-21.9154;-1.17511;-28.4319;1.65348;2.18866;
-22.0446;-1.29125;-28.2647;1.67208;2.22838;
-22.1617;-1.17115;-28.0974;1.67262;2.18165;
-22.2554;-0.937644;-27.9307;1.66687;2.0832;
-22.3395;-0.840956;-27.7589;1.71756;2.02611;
-22.4387;-0.991344;-27.5793;1.79685;2.07495;
-22.5348;-0.960985;-27.415;1.64309;2.10001;
-22.6326;-0.977899;-27.2412;1.73712;2.08352;
-22.7306;-0.980276;-27.0542;1.87078;2.05345;
-22.8261;-0.954931;-26.8784;1.75735;2.06855;
-22.8962;-0.70156;-26.6876;1.90868;1.92303;
-22.9619;-0.656761;-26.5038;1.83727;1.91411;
-23.0174;-0.554488;-26.3088;1.95076;1.84773;
-23.0747;-0.57363;-26.1314;1.77364;1.8836;
-23.1396;-0.648576;-25.9368;1.94643;1.89244;
-23.1872;-0.476145;-25.7412;1.95575;1.80961;
-23.214;-0.267747;-25.5438;1.97365;1.70563;
-23.2484;-0.344279;-25.342;2.01791;1.73978;
-23.2803;-0.319193;-25.1444;1.97605;1.73094;
-23.3014;-0.211322;-24.9554;1.89037;1.68212;
-23.3333;-0.318076;-24.7465;2.08855;1.72193;
-23.3669;-0.336364;-24.55;1.96498;1.74033;
-23.3926;-0.257311;-24.3487;2.0135;1.6979;
-23.4287;-0.360418;-24.1517;1.96963;1.75178;
-23.4885;-0.598289;-23.9512;2.00542;1.86073;
-23.5515;-0.630053;-23.7554;1.95724;1.88223;
-23.5931;-0.415723;-23.5596;1.95849;1.77996;
-23.6156;-0.224905;-23.3454;2.1417;1.67542;
-23.6396;-0.240771;-23.1478;1.97624;1.69203;
-23.6967;-0.571124;-22.9522;1.95579;1.85491;
-23.7215;-0.247274;-22.7531;1.99132;1.69434;
-23.7488;-0.272771;-22.5546;1.98447;1.70739;
-23.7681;-0.19369;-22.3412;2.13478;1.66128;
-23.7862;-0.180841;-22.1503;1.9085;1.66527;
-23.8113;-0.251393;-21.9516;1.98751;1.69662;
-23.8398;-0.28451;-21.7544;1.97149;1.71412;
-23.8682;-0.283823;-21.5648;1.89661;1.71934;
-23.8909;-0.227299;-21.3616;2.03199;1.68219;
-23.9052;-0.143263;-21.1572;2.04361;1.64079;
-23.9142;-0.0895782;-20.9624;1.94767;1.61676;
-23.9151;-0.00872321;-20.751;2.11395;1.57492;
-23.9282;-0.131493;-20.5671;1.83966;1.64215;
-23.9239;0.0431046;-20.3692;1.97903;1.54902;
-23.9047;0.192475;-20.1999;1.69281;1.45758;
-23.8748;0.29875;-20.0048;1.9513;1.41887;
-23.8491;0.256901;-19.8007;2.04046;1.44555;
-23.841;0.08047;-19.6028;1.97946;1.53017;
-23.8327;0.0838322;-19.4007;2.02032;1.52933;
-23.8132;0.194173;-19.2027;1.98043;1.47306;
-23.7868;0.264453;-19.004;1.98666;1.43846;
-23.7448;0.419563;-18.8182;1.85781;1.34869;
-23.7024;0.424764;-18.6273;1.9097;1.35193;
-23.6509;0.514258;-18.4368;1.90479;1.3071;
-23.5847;0.662317;-18.2295;2.07329;1.26159;
-23.5417;0.430465;-18.0477;1.81716;1.3382;
-23.5187;0.229753;-17.8246;2.23173;1.46821;
-23.4562;0.62466;-17.6111;2.13498;1.28616;
-23.4008;0.553931;-17.4186;1.92481;1.29058;
-23.3414;0.594169;-17.2143;2.04337;1.28782;
-23.2822;0.591839;-17.0267;1.87581;1.26517;
-23.2248;0.574381;-16.8392;1.87517;1.27356;
-23.1727;0.520596;-16.6479;1.91282;1.30507;
-23.1339;0.3884;-16.4548;1.93038;1.37224;
-23.1022;0.317241;-16.2446;2.10269;1.42105;
-23.048;0.541715;-16.0573;1.87313;1.28927;
-22.983;0.649594;-15.8677;1.8959;1.2407;
-22.8974;0.856461;-15.6878;1.79894;1.12646;
-22.8082;0.891649;-15.5187;1.69061;1.08546;
-22.673;1.35175;-15.3189;1.99802;0.975986;
-22.5484;1.24657;-15.1623;1.56592;0.89846;
-22.4095;1.38868;-15.0069;1.55415;0.841566;
-22.2781;1.31397;-14.8768;1.30137;0.780581;
-22.1185;1.59642;-14.7492;1.27568;0.674184;
-21.9631;1.55386;-14.6344;1.14774;0.636192;
-21.8169;1.46165;-14.5477;0.867271;0.535517;
-21.644;1.7289;-14.4588;0.889075;0.474977;
-21.4582;1.85856;-14.3692;0.896009;0.449225;
-21.2729;1.85242;-14.298;0.712197;0.367046;
-21.0623;2.106;-14.2302;0.677697;0.311329;
-20.8761;1.86225;-14.1835;0.467091;0.24575;
-20.696;1.8013;-14.1298;0.536972;0.289716;
-20.4875;2.08453;-14.0916;0.381697;0.181103;
-20.3171;1.70484;-14.0543;0.373687;0.21578;
-20.1216;1.95477;-13.998;0.562811;0.280335;
-19.9304;1.91186;-13.9488;0.49152;0.25164;
-19.7278;2.02598;-13.8873;0.615356;0.294878;
-19.5352;1.92586;-13.833;0.542787;0.274716;
-19.3463;1.88906;-13.7731;0.598834;0.30698;
-19.1466;1.99656;-13.6748;0.983598;0.457748;
-18.9559;1.90759;-13.5791;0.956781;0.464899;
-18.7732;1.8264;-13.4878;0.913243;0.463666;
-18.6006;1.726;-13.4063;0.81491;0.44111;
-18.4286;1.72063;-13.3074;0.988801;0.521588;
-18.2572;1.71389;-13.2173;0.90129;0.484133;
-18.0786;1.78599;-13.1141;1.03108;0.523575;
-17.9223;1.56247;-12.9953;1.18854;0.650301;
-17.7513;1.71042;-12.8798;1.1549;0.593897;
-17.5847;1.66636;-12.7975;0.822853;0.458677;
-17.3913;1.9341;-12.7218;0.757225;0.373169;
-17.2329;1.58371;-12.6578;0.640337;0.384231;
-17.0482;1.84664;-12.581;0.767152;0.393738;
-16.8524;1.95805;-12.5036;0.774532;0.376676;
-16.6687;1.83709;-12.4363;0.672634;0.350981;
-16.485;1.83675;-12.373;0.633419;0.332088;
-16.2996;1.8539;-12.3102;0.627634;0.326436;
-16.114;1.85607;-12.2559;0.543277;0.284749;
-15.9162;1.97877;-12.1869;0.690346;0.335673;
-15.7513;1.64855;-12.102;0.848695;0.475428;
-15.5602;1.9107;-12.0262;0.758022;0.37768;
-15.3667;1.93531;-11.9511;0.750871;0.370106;
-15.1732;1.93508;-11.8728;0.78266;0.384344;
-14.9954;1.77791;-11.7792;0.936494;0.484809;
-14.8388;1.56558;-11.6614;1.17816;0.645122;
-14.6385;2.0037;-11.536;1.25401;0.559207;
-14.4709;1.67537;-11.4194;1.16592;0.607979;
-14.2942;1.76727;-11.3032;1.16218;0.581708;
-14.1472;1.47021;-11.1321;1.71102;0.860951;
-14.0309;1.16305;-10.9684;1.63687;0.953036;
-13.9452;0.856758;-10.7794;1.8902;1.14523;
-13.898;0.471778;-10.5789;2.00476;1.33967;
-13.8958;0.0227371;-10.3736;2.05247;1.55972;
-13.9295;-0.337057;-10.1794;1.94274;1.74258;
-13.9831;-0.535897;-9.98114;1.98215;1.83485;
-14.0537;-0.706391;-9.7846;1.96546;1.91582;
-14.0976;-0.439487;-9.58684;1.97753;1.78948;
-14.1173;-0.196842;-9.38628;2.00566;1.66863;
-14.1629;-0.455531;-9.15714;2.29138;1.76704;
-14.172;-0.0914106;-8.96403;1.93113;1.6181;
-14.1581;0.139399;-8.7592;2.04822;1.50284;
-14.1619;-0.0377386;-8.55971;1.9949;1.58971;
-14.1532;0.0864963;-8.35622;2.03492;1.52832;
-14.1761;-0.228887;-8.15491;2.01309;1.68401;
-14.2134;-0.373023;-7.96972;1.85192;1.76956;
-14.3058;-0.924275;-7.78266;1.87058;2.02972;
-14.4391;-1.33265;-7.61837;1.64294;2.25229;
-14.5222;-0.831098;-7.45592;1.62455;2.04367;
-14.6574;-1.35167;-7.29215;1.63764;2.26082;
-14.7435;-0.860841;-7.10484;1.87313;2.00158;
-14.8701;-1.26612;-6.93901;1.65832;2.22288;
-14.9457;-0.756028;-6.7404;1.98609;1.93452;
-15.0638;-1.18165;-6.57135;1.69044;2.18086;
-15.1404;-0.765344;-6.37553;1.95827;1.94337;
-15.2426;-1.02276;-6.20362;1.71905;2.1075;
-15.316;-0.73321;-6.01566;1.87965;1.94272;
-15.4248;-1.08854;-5.84309;1.72568;2.13355;
-15.4996;-0.747408;-5.65191;1.91176;1.94348;
-15.614;-1.14429;-5.48116;1.70752;2.16121;
-15.6786;-0.646269;-5.28201;1.99151;1.88459;
-15.7979;-1.1933;-5.1105;1.71506;2.17868;
-15.8836;-0.856944;-4.92967;1.80833;2.01334;
-16.037;-1.53318;-4.78636;1.43306;2.38993;
-16.1585;-1.21542;-4.61017;1.76198;2.17465;
-16.3212;-1.6273;-4.49929;1.10881;2.54347;
-16.462;-1.40776;-4.35053;1.4876;2.32863;
-16.6707;-2.08685;-4.29302;0.575079;2.87269;
-16.8601;-1.89438;-4.22095;0.720678;2.77807;
-17.0902;-2.30101;-4.23627;-0.153184;-3.07512;
-17.297;-2.06752;-4.23133;0.0493479;3.11773;
-17.4781;-1.81078;-4.31589;-0.845539;-2.70473;
-17.6938;-2.15719;-4.33628;-0.203957;-3.04733;
-17.8966;-2.02808;-4.48432;-1.48039;-2.51105;
-18.092;-1.95453;-4.55284;-0.68522;-2.8044;
-18.2457;-1.53691;-4.71949;-1.66648;-2.31577;
-18.4383;-1.9256;-4.78779;-0.68297;-2.80075;
-18.5725;-1.34166;-4.95032;-1.62536;-2.26087;
-18.778;-2.05518;-5.04343;-0.931057;-2.71622;
-18.9287;-1.50734;-5.2094;-1.65972;-2.30812;
-19.1166;-1.87903;-5.3109;-1.01497;-2.64634;
-19.2374;-1.20792;-5.46186;-1.50958;-2.24564;
-19.4224;-1.85014;-5.5713;-1.09443;-2.60742;
-19.5618;-1.39393;-5.73527;-1.63968;-2.27536;
-19.7272;-1.65432;-5.84146;-1.06193;-2.57092;
-19.8687;-1.41422;-5.99786;-1.56398;-2.30595;
-20.0331;-1.64442;-6.12699;-1.29129;-2.47591;
-20.174;-1.4092;-6.26536;-1.38376;-2.3653;
-20.3316;-1.57571;-6.40415;-1.38785;-2.4195;
-20.484;-1.5236;-6.51914;-1.14994;-2.49506;
-20.6292;-1.45223;-6.68513;-1.65985;-2.28958;
-20.807;-1.77808;-6.78779;-1.0266;-2.61798;
-20.931;-1.2398;-6.96484;-1.77054;-2.18168;
-21.1457;-2.14742;-7.05116;-0.863162;-2.7594;
-21.2736;-1.27892;-7.26576;-2.14598;-2.10824;
-21.465;-1.91416;-7.38376;-1.18006;-2.58914;
-21.5563;-0.912722;-7.6003;-2.16538;-1.9697;
-21.7725;-2.16183;-7.73684;-1.36542;-2.57826;
-21.8893;-1.16809;-7.92407;-1.8723;-2.12859;
-22.101;-2.11671;-8.03935;-1.15279;-2.6429;
-22.1976;-0.966192;-8.2571;-2.17744;-1.98842;
-22.3821;-1.84538;-8.39578;-1.3868;-2.49713;
-22.4622;-0.801096;-8.61468;-2.18908;-1.92161;
-22.6465;-1.84254;-8.74609;-1.31409;-2.52207;
-22.7242;-0.776858;-8.98155;-2.35455;-1.88949;
-22.8746;-1.50405;-9.14852;-1.6697;-2.30405;
-22.926;-0.514323;-9.3706;-2.22081;-1.79838;
-23.0925;-1.66548;-9.54669;-1.76093;-2.32835;
-23.1301;-0.375704;-9.78949;-2.42801;-1.72432;
-23.2639;-1.33817;-9.97096;-1.81465;-2.2062;
-23.29;-0.260203;-10.1664;-1.95484;-1.70313;
-23.4183;-1.28301;-10.3587;-1.92289;-2.15919;
-23.431;-0.127523;-10.5925;-2.33739;-1.6253;
-23.5887;-1.57683;-10.757;-1.64545;-2.3349;
-23.6238;-0.350913;-11.0083;-2.51323;-1.70953;
-23.7342;-1.10389;-11.2;-1.91659;-2.09336;
-23.7669;-0.32714;-11.4128;-2.12819;-1.72332;
-23.9167;-1.49806;-11.5858;-1.73024;-2.2844;
-23.9428;-0.261607;-11.8263;-2.40464;-1.67916;
-24.1063;-1.63465;-12.0324;-2.06096;-2.24135;
-24.1433;-0.369592;-12.2676;-2.35235;-1.72664;
-24.3002;-1.5697;-12.4476;-1.7996;-2.28807;
-24.3518;-0.515335;-12.6886;-2.4098;-1.78147;
-24.5079;-1.5615;-12.8682;-1.79652;-2.28632;
-24.5722;-0.64266;-13.0628;-1.94551;-1.88984;
-24.7115;-1.39334;-13.2225;-1.59742;-2.28807;
-24.7716;-0.600727;-13.418;-1.95437;-1.86901;
-24.9564;-1.84814;-13.563;-1.45089;-2.47603;
-25.0327;-0.762967;-13.7783;-2.15257;-1.91142;
-25.2621;-2.29419;-13.9044;-1.26048;-2.63919;
-25.3942;-1.32105;-14.0804;-1.76047;-2.21455;
-25.619;-2.24723;-14.1749;-0.945324;-2.7434;
-25.7724;-1.53449;-14.3341;-1.59201;-2.3378;
-26.0076;-2.35206;-14.3881;-0.54009;-2.91588;
-26.1619;-1.54281;-14.5385;-1.50407;-2.36891;
-26.4172;-2.5527;-14.5635;-0.249199;-3.04428;
-26.6025;-1.85363;-14.7338;-1.70312;-2.39849;
-26.8388;-2.36321;-14.7649;-0.311019;-3.01074;
-27.0269;-1.88033;-14.926;-1.61081;-2.43324;
-27.2692;-2.42314;-14.9396;-0.136549;-3.0853;
-27.4468;-1.77637;-15.0916;-1.52029;-2.43371;
-27.6628;-2.16015;-15.1319;-0.402865;-2.95721;
-27.8451;-1.82277;-15.2396;-1.07647;-2.60814;
-28.0535;-2.08383;-15.2217;0.17909;3.05586;
-28.2734;-2.19898;-15.345;-1.23308;-2.63053;
-28.4671;-1.93733;-15.3634;-0.184541;-3.04662;
-28.6769;-2.09808;-15.4965;-1.33058;-2.57641;
-28.9267;-2.49789;-15.5036;-0.071588;-3.11294;
-29.1081;-1.81355;-15.63;-1.2635;-2.53308;
-29.3405;-2.32419;-15.651;-0.209546;-3.05168;
-29.5192;-1.78698;-15.7077;-0.56697;-2.83436;
-29.7359;-2.16668;-15.7995;-0.918469;-2.74065;
-29.921;-1.85127;-15.8766;-0.771396;-2.74679;

29.8915;-1.87541;-15.953;-0.763705;-2.75488;
29.6775;-2.13951;-15.9603;-0.0730027;-3.10748;
29.5007;-1.7678;-16.0654;-1.05096;-2.60523;
29.2801;-2.20576;-16.0855;-0.200635;-3.05088;
29.0882;-1.91953;-16.2117;-1.26248;-2.55982;
28.8658;-2.22368;-16.2206;-0.088848;-3.10166;
28.6712;-1.94632;-16.3625;-1.41851;-2.51179;
28.4595;-2.11656;-16.3849;-0.224525;-3.03591;
28.2733;-1.8624;-16.5299;-1.45032;-2.47995;
28.0588;-2.1447;-16.5404;-0.104416;-3.09295;
27.8645;-1.94332;-16.6906;-1.50181;-2.48366;
27.6499;-2.14625;-16.7406;-0.50045;-2.91251;
27.4646;-1.85303;-16.8581;-1.17461;-2.57663;
27.2633;-2.0122;-16.8897;-0.31617;-2.98574;
27.0834;-1.79913;-16.9972;-1.07476;-2.6031;
26.8692;-2.14249;-17.0198;-0.226274;-3.03637;
26.6965;-1.72724;-17.1553;-1.35472;-2.47648;
26.4444;-2.52065;-17.1642;-0.0899316;-3.10593;
26.2519;-1.92485;-17.2598;-0.955556;-2.6808;
26.0117;-2.40221;-17.2575;0.0231186;3.13197;
25.8077;-2.03965;-17.3687;-1.11192;-2.64248;
25.572;-2.3574;-17.3666;0.020461;3.13291;
25.3714;-2.006;-17.4841;-1.1746;-2.61187;
25.1308;-2.40551;-17.4944;-0.10287;-3.09885;
24.956;-1.74818;-17.5733;-0.789216;-2.71753;
24.7701;-1.85905;-17.6093;-0.359463;-2.95059;
24.5848;-1.85279;-17.7306;-1.21352;-2.56173;
24.3588;-2.26081;-17.756;-0.253455;-3.02995;
24.173;-1.85734;-17.9079;-1.51914;-2.45602;
23.9391;-2.33872;-17.979;-0.711181;-2.84639;
23.7747;-1.64449;-18.1302;-1.51205;-2.39813;
23.5735;-2.01156;-18.2086;-0.784187;-2.76988;
23.4049;-1.68681;-18.3866;-1.78018;-2.32927;
23.2073;-1.9759;-18.468;-0.813325;-2.75111;
23.0672;-1.40088;-18.6545;-1.86507;-2.21501;
22.8837;-1.8348;-18.7833;-1.288;-2.52954;
22.7716;-1.12148;-18.9744;-1.91162;-2.10135;
22.5783;-1.93295;-19.1009;-1.26443;-2.56231;
22.4754;-1.02878;-19.3163;-2.1545;-2.01628;
22.3195;-1.55836;-19.463;-1.46641;-2.38659;
22.2765;-0.430915;-19.6768;-2.13885;-1.76961;
22.0927;-1.83764;-19.8377;-1.60881;-2.42249;
22.0279;-0.648314;-20.0615;-2.23782;-1.85278;
21.9003;-1.27556;-20.2532;-1.91733;-2.15784;
21.8432;-0.57153;-20.4766;-2.23376;-1.82128;
21.712;-1.31162;-20.6549;-1.78292;-2.20506;
21.7157;0.0372174;-20.8637;-2.08802;-1.55297;
21.5882;-1.27547;-21.0817;-2.18012;-2.10015;
21.539;-0.491426;-21.2889;-2.07194;-1.80367;
21.4202;-1.18798;-21.4541;-1.65136;-2.19442;
21.409;-0.112697;-21.6795;-2.25435;-1.62075;
21.2605;-1.48439;-21.8872;-2.07693;-2.19132;
21.2431;-0.173708;-22.1225;-2.3529;-1.64449;
21.1178;-1.25389;-22.3056;-1.83087;-2.17129;
21.1085;-0.0927904;-22.5302;-2.24617;-1.61208;
20.9755;-1.32937;-22.7078;-1.7759;-2.21338;
20.9586;-0.169281;-22.9409;-2.33176;-1.64327;
20.8284;-1.30194;-23.1403;-1.99354;-2.14933;
20.7982;-0.302226;-23.363;-2.22655;-1.70571;
20.68;-1.18241;-23.5645;-2.01579;-2.10129;
20.659;-0.209917;-23.7818;-2.17244;-1.66712;
20.5586;-1.00342;-23.9513;-1.69567;-2.10513;
20.5478;-0.107798;-24.1555;-2.04135;-1.62355;
20.4355;-1.12387;-24.3635;-2.08018;-2.06614;
20.4083;-0.271871;-24.5775;-2.13979;-1.69717;
20.2963;-1.11952;-24.7696;-1.92172;-2.09829;
20.285;-0.113393;-24.9942;-2.24537;-1.62125;
20.1988;-0.861334;-25.1965;-2.02278;-1.97336;
20.1979;-0.00898067;-25.4139;-2.17401;-1.57493;
20.0744;-1.23524;-25.6126;-1.98713;-2.12696;
20.0653;-0.091197;-25.8422;-2.29644;-1.61049;
19.9518;-1.135;-26.0545;-2.12251;-2.06185;
19.9416;-0.102442;-26.2676;-2.13083;-1.61884;
19.8067;-1.3489;-26.4733;-2.05782;-2.15103;
19.8163;0.0960123;-26.7346;-2.61307;-1.53407;
19.7057;-1.10565;-26.9464;-2.11752;-2.052;
19.6478;-0.579002;-27.1413;-1.94889;-1.85958;
19.5383;-1.09536;-27.3169;-1.75654;-2.12838;
19.5142;-0.241104;-27.5215;-2.04532;-1.68814;
19.3669;-1.47258;-27.7001;-1.78592;-2.26033;
19.2797;-0.871952;-27.8765;-1.76476;-2.02971;
19.1521;-1.27614;-28.0208;-1.44285;-2.29496;
19.042;-1.10081;-28.182;-1.61163;-2.17005;
18.8737;-1.68329;-28.3125;-1.30531;-2.482;
18.7375;-1.36205;-28.4669;-1.54432;-2.29356;
18.5755;-1.61938;-28.615;-1.48031;-2.40103;
18.4285;-1.47058;-28.7515;-1.36522;-2.39333;
18.3008;-1.27687;-28.9101;-1.58555;-2.24877;
18.1372;-1.63595;-29.0304;-1.20325;-2.50743;
18.0215;-1.15649;-29.1686;-1.38216;-2.26753;
17.8516;-1.69951;-29.32;-1.51397;-2.41387;
17.6814;-1.7017;-29.4536;-1.33599;-2.47601;
17.5472;-1.34267;-29.5955;-1.41931;-2.32845;
17.4077;-1.39504;-29.7381;-1.42617;-2.34516;
17.2735;-1.34125;-29.8775;-1.39315;-2.33722;

17.1326;-1.40912;29.9749;-1.47656;-2.33283;
16.9189;-2.13688;29.894;-0.80903;-2.77967;
16.7626;-1.56323;29.7157;-1.78304;-2.2906;
16.555;-2.07624;29.6136;-1.02068;-2.68469;
16.4067;-1.48326;29.4703;-1.43324;-2.37334;
16.2012;-2.0542;29.4016;-0.68656;-2.81904;
16.0497;-1.51523;29.2337;-1.67907;-2.30495;
15.8218;-2.27948;29.1431;-0.906627;-2.76304;
15.6797;-1.421;29.0527;-0.904071;-2.57496;
15.4884;-1.91225;28.9939;-0.587481;-2.84353;
15.3099;-1.78495;28.8775;-1.16415;-2.56367;
15.1077;-2.02269;28.8233;-0.542149;-2.87971;
14.9178;-1.8988;28.696;-1.2731;-2.55096;
14.7201;-1.9769;28.6362;-0.598012;-2.84784;
14.5416;-1.78507;28.5147;-1.2144;-2.5442;
14.3415;-2.00122;28.4521;-0.626698;-2.83811;
14.1648;-1.76669;28.3138;-1.38277;-2.4775;
13.9549;-2.0988;28.2556;-0.581453;-2.87133;
13.7818;-1.7315;28.1361;-1.19488;-2.53755;
13.5613;-2.2052;28.1017;-0.344734;-2.98652;
13.3481;-2.13128;27.9794;-1.22263;-2.62077;
13.1381;-2.10049;27.9631;-0.162886;-3.0642;
12.954;-1.84071;27.8488;-1.14311;-2.58586;
12.7301;-2.23883;27.8296;-0.192301;-3.05591;
12.5448;-1.85328;27.7101;-1.1947;-2.56899;
12.3065;-2.38342;27.7064;-0.0374038;-3.1259;
12.09;-2.16449;27.6185;-0.878484;-2.75604;
11.8784;-2.11568;27.6022;-0.163662;-3.06439;
11.688;-1.90412;27.4953;-1.06822;-2.63034;
11.4437;-2.44369;27.5049;0.0956055;3.10249;
11.2446;-1.99071;27.4066;-0.982904;-2.68296;
11.0223;-2.22289;27.3983;-0.0826482;-3.10443;
10.8335;-1.88831;27.3057;-0.926273;-2.68555;
10.6045;-2.28919;27.3;-0.0569064;-3.11674;
10.4068;-1.97751;27.207;-0.93057;-2.70176;
10.1977;-2.09072;27.1981;-0.088293;-3.09939;
10.0009;-1.96871;27.098;-1.00157;-2.67097;
9.78822;-2.1264;27.093;-0.0499632;-3.1181;
9.58113;-2.07086;26.9888;-1.04176;-2.6755;
9.36492;-2.16213;26.9771;-0.117017;-3.08752;
9.16123;-2.03685;26.8628;-1.14305;-2.6302;
8.91479;-2.4644;26.8551;-0.0768529;-3.11042;
8.73775;-1.77041;26.7614;-0.937529;-2.65458;
8.51623;-2.21518;26.7634;0.0199788;3.13257;
8.32107;-1.95167;26.7139;-0.494639;-2.89338;
8.13844;-1.8263;26.722;0.0810165;3.09726;
7.93885;-1.99584;26.6526;-0.693965;-2.80696;
7.70381;-2.35038;26.6668;0.142499;3.08104;
7.5061;-1.97718;26.6255;-0.413756;-2.9353;
7.31936;-1.86731;26.6376;0.121121;3.07682;
7.14489;-1.74479;26.5692;-0.683944;-2.76801;
6.91139;-2.33492;26.6169;0.476853;2.94014;
6.69282;-2.18578;26.5897;-0.271541;-3.018;
6.4872;-2.05615;26.6264;0.366353;2.96527;
6.27924;-2.0796;26.5501;-0.762442;-2.79018;
6.04724;-2.31997;26.6143;0.642247;2.87152;
5.81919;-2.28054;26.5801;-0.34199;-2.99274;
5.62859;-1.90597;26.6032;0.230378;3.0213;
5.41177;-2.16822;26.55;-0.53133;-2.90127;
5.20543;-2.06335;26.5449;-0.0510434;-3.11686;
4.99184;-2.13593;26.521;-0.238994;-3.03016;
4.78159;-2.10254;26.5086;-0.124741;-3.08233;
4.58685;-1.94736;26.4828;-0.257805;-3.00997;
4.38509;-2.01764;26.4767;-0.0610949;-3.11132;
4.1869;-1.98191;26.4314;-0.453132;-2.91682;
3.97837;-2.08531;26.4296;-0.0180208;-3.13295;
3.77637;-2.01993;26.3798;-0.49714;-2.90027;
3.56961;-2.06763;26.3969;0.17008;3.05952;
3.36043;-2.0918;26.3419;-0.549216;-2.88483;
3.14534;-2.15094;26.3636;0.216916;3.04109;
2.92529;-2.20048;26.3028;-0.608383;-2.87185;
2.69069;-2.34595;26.358;0.552453;2.91031;
2.47594;-2.14748;26.3191;-0.389506;-2.96217;
2.25978;-2.16164;26.3642;0.451649;2.93562;
2.0265;-2.33276;26.3536;-0.106914;-3.09579;
1.81261;-2.13894;26.3961;0.425105;2.9454;
1.59906;-2.13554;26.408;0.119488;3.0857;
1.38405;-2.15005;26.454;0.459379;2.9311;
1.16969;-2.1436;26.4527;-0.0129763;-3.13554;
0.967442;-2.02249;26.4952;0.425933;2.93403;
0.729572;-2.37869;26.4665;-0.287718;-3.02122;
0.51169;-2.17882;26.5138;0.47302;2.92781;
0.297595;-2.14096;26.4583;-0.555171;-2.88787;
0.0894812;-2.08113;26.4875;0.292033;3.00218;
-0.1322;-2.21681;26.3922;-0.952369;-2.73582;
-0.346681;-2.14481;26.3674;-0.248284;-3.02635;
-0.537265;-1.90583;26.2595;-1.07858;-2.62659;
-0.74331;-2.06046;26.2123;-0.472249;-2.91629;
-0.919196;-1.75886;26.0453;-1.67011;-2.38207;
-1.11892;-1.99721;25.9756;-0.69679;-2.80591;
-1.27614;-1.57227;25.8087;-1.66916;-2.32631;
-1.4659;-1.89757;25.7123;-0.963811;-2.67163;
-1.62124;-1.55336;25.5726;-1.39755;-2.40894;
-1.80629;-1.85053;25.4851;-0.874707;-2.70004;
-1.95813;-1.51836;25.3217;-1.63426;-2.31945;
-2.14004;-1.8191;25.2095;-1.12174;-2.58902;
-2.25336;-1.1332;25.0241;-1.85407;-2.11941;
-2.46194;-2.0858;24.9191;-1.04986;-2.67528;
-2.5654;-1.03465;24.7146;-2.04549;-2.03909;
-2.75561;-1.90211;24.5868;-1.27782;-2.55005;
-2.87426;-1.1865;24.379;-2.078;-2.0896;
-3.05078;-1.76514;24.2783;-1.00723;-2.62305;
-3.15395;-1.03172;24.0541;-2.24112;-2.00223;
-3.35162;-1.97673;23.9187;-1.3543;-2.54092;
-3.48611;-1.34493;23.7506;-1.68135;-2.24548;
-3.66268;-1.76568;23.6416;-1.08952;-2.58873;
-3.79494;-1.32253;23.4761;-1.65574;-2.24478;
-3.98141;-1.86479;23.3866;-0.894541;-2.69432;
-4.11896;-1.37546;23.2125;-1.74085;-2.23948;
-4.31908;-2.00121;23.1154;-0.970956;-2.68987;
-4.46014;-1.41064;22.9707;-1.44745;-2.34332;
-4.64302;-1.82879;22.8602;-1.10515;-2.59801;
-4.78555;-1.42523;22.715;-1.45129;-2.34714;
-4.98696;-2.01412;22.6108;-1.04225;-2.66407;
-5.13471;-1.47748;22.4498;-1.61055;-2.31313;
-5.33813;-2.0342;22.3667;-0.83082;-2.75384;
-5.48257;-1.44442;22.194;-1.72698;-2.26733;
-5.68188;-1.99315;22.1179;-0.760883;-2.77692;
-5.83066;-1.4878;21.9361;-1.81755;-2.25676;
-6.03317;-2.0251;21.8544;-0.817711;-2.75783;
-6.18033;-1.47151;21.6726;-1.81734;-2.25143;
-6.37834;-1.98016;21.5777;-0.948946;-2.6947;
-6.49769;-1.19351;21.4043;-1.73465;-2.17345;
-6.7192;-2.21504;21.3195;-0.847479;-2.77617;
-6.83794;-1.18746;21.1297;-1.89813;-2.12982;
-7.06161;-2.23667;21.0414;-0.883206;-2.76551;
-7.21425;-1.52642;20.8797;-1.61653;-2.32753;
-7.43973;-2.25478;20.8067;-0.730692;-2.82821;
-7.59756;-1.57835;20.6609;-1.4577;-2.39591;
-7.83092;-2.33358;20.6178;-0.43088;-2.95901;
-8.01849;-1.87563;20.4731;-1.44705;-2.48447;
-8.22347;-2.04982;20.4373;-0.357504;-2.96892;
-8.40897;-1.855;20.2773;-1.60051;-2.42971;
-8.63999;-2.31025;20.2381;-0.392208;-2.97343;
-8.79019;-1.502;20.0641;-1.73939;-2.28309;
-9.02294;-2.32744;19.9905;-0.736348;-2.83518;
-9.18244;-1.59499;19.8279;-1.62565;-2.34668;
-9.38369;-2.01256;19.748;-0.799354;-2.76352;
-9.528;-1.44309;19.561;-1.86956;-2.22816;
-9.76086;-2.32856;19.4776;-0.834759;-2.79738;
-9.93259;-1.71734;19.3099;-1.67637;-2.36827;
-10.1318;-1.99246;19.2292;-0.807348;-2.75661;
-10.2617;-1.29888;19.0504;-1.7877;-2.19913;
-10.5098;-2.48075;18.9863;-0.641023;-2.88872;
-10.6617;-1.51864;18.8073;-1.79033;-2.27427;
-10.8785;-2.16847;18.732;-0.752917;-2.8074;
-11.0295;-1.50955;18.5536;-1.78411;-2.27303;
-11.2601;-2.30593;18.4764;-0.771696;-2.81865;
-11.4306;-1.70517;18.3;-1.76442;-2.33912;
-11.6387;-2.08097;18.2245;-0.755132;-2.7935;
-11.7918;-1.53167;18.0381;-1.86355;-2.25875;
-12.0123;-2.20461;17.9575;-0.806186;-2.79102;
-12.1469;-1.3457;17.7742;-1.83282;-2.20413;
-12.3766;-2.29743;17.6947;-0.794634;-2.80859;
-12.5259;-1.49325;17.5055;-1.89239;-2.23884;
-12.7663;-2.40319;17.4404;-0.65139;-2.8769;
-12.9555;-1.89224;17.3099;-1.30433;-2.53808;
-13.1906;-2.35121;17.3052;-0.0468515;-3.12167;
-13.3796;-1.89017;17.2562;-0.490802;-2.88754;
-13.6215;-2.41898;17.3193;0.631169;2.88636;
-13.811;-1.89491;17.374;0.54717;2.86048;
-13.9714;-1.60362;17.5163;1.423;2.4158;
-14.1592;-1.87805;17.5966;0.802776;2.73765;
-14.3;-1.40811;17.8029;2.063;2.16972;
-14.4101;-1.10098;17.9527;1.49854;2.20443;
-14.5002;-0.901517;18.1327;1.79993;2.03513;
-14.6337;-1.3349;18.2839;1.51131;2.29429;
-14.6816;-0.478921;18.5106;2.26763;1.77894;
-14.8495;-1.6793;18.6746;1.6397;2.36813;
-14.8747;-0.251107;18.9051;2.3047;1.67932;
-15.03;-1.55318;19.0885;1.8348;2.27326;
-15.0485;-0.184951;19.3206;2.32086;1.65032;
-15.2136;-1.65118;19.5071;1.86427;2.29565;
-15.2432;-0.296448;19.7441;2.37047;1.69521;
-15.4018;-1.58611;19.8982;1.54119;2.37055;
-15.4637;-0.618852;20.1371;2.38865;1.8243;
-15.6349;-1.71176;20.3018;1.647;2.37547;
-15.6973;-0.624266;20.5318;2.29988;1.83584;
-15.8834;-1.86103;20.6905;1.58725;2.43543;
-15.9501;-0.66625;20.9212;2.30729;1.85191;
-16.1403;-1.90194;21.0659;1.44703;2.4912;
-16.2139;-0.736708;21.3111;2.4518;1.86269;
-16.4174;-2.03461;21.4548;1.437;2.52667;
-16.4946;-0.77174;21.6923;2.37489;1.88499;
-16.6772;-1.82663;21.8388;1.46515;2.46557;
-16.7403;-0.630476;22.0634;2.24566;1.8445;
-16.9306;-1.90314;22.2311;1.67729;2.41919;
-16.9854;-0.54852;22.4624;2.31307;1.80363;
-17.1865;-2.01079;22.6094;1.46972;2.51042;
-17.271;-0.844521;22.8355;2.26073;1.9283;
-17.4471;-1.76174;22.9795;1.44031;2.45624;
-17.5224;-0.752988;23.204;2.24554;1.89434;
-17.7073;-1.849;23.3504;1.46382;2.47194;
-17.7957;-0.883817;23.5776;2.27145;1.94187;
-17.9639;-1.68131;23.7295;1.51976;2.40662;
-18.0337;-0.69855;23.965;2.35404;1.85926;
-18.1991;-1.65363;24.1333;1.68374;2.34717;
-18.2524;-0.5336;24.3629;2.29593;1.79915;
-18.4373;-1.84917;24.5242;1.61285;2.42435;
-18.5029;-0.655372;24.7592;2.34986;1.84278;
-18.6667;-1.63848;24.9155;1.56324;2.37969;
-18.7111;-0.44351;25.1532;2.37699;1.75526;
-18.8941;-1.83026;25.3256;1.72385;2.38612;
-18.9396;-0.454905;25.5664;2.40762;1.75754;
-19.1014;-1.61822;25.7694;2.03068;2.24364;
-19.1393;-0.378828;25.9957;2.26279;1.73667;
-19.2899;-1.50577;26.1944;1.98693;2.2193;
-19.3192;-0.293344;26.42;2.25601;1.7001;
-19.472;-1.52744;26.6047;1.84705;2.26176;
-19.5059;-0.339528;26.8733;2.6861;1.69653;
-19.6494;-1.43452;27.0552;1.81928;2.23849;
-19.6655;-0.161224;27.294;2.38775;1.63822;
-19.8178;-1.52293;27.4717;1.77673;2.27943;
-19.8347;-0.169223;27.7151;2.43378;1.64022;
-19.9779;-1.43182;27.9212;2.06124;2.17792;
-19.997;-0.190876;28.1528;2.31642;1.65301;
-20.1421;-1.45145;28.3416;1.88782;2.22625;
-20.1694;-0.272439;28.5834;2.41775;1.68301;
-20.3216;-1.52223;28.7642;1.80817;2.27055;
-20.3423;-0.207595;28.9855;2.21244;1.66435;
-20.4869;-1.44549;29.1598;1.74355;2.263;
-20.5178;-0.309496;29.3837;2.23874;1.70817;
-20.627;-1.09198;29.586;2.02289;2.06579;
-20.7143;-0.872106;29.7665;1.80517;2.02085;
-20.7867;-0.724098;29.9408;1.74303;1.96453;

-20.8728;-0.861045;-29.8746;1.84654;2.00712;
-21.0496;-1.76866;-29.724;1.50587;2.43628;
-21.1188;-0.691673;-29.5015;2.22422;1.87229;
-21.3096;-1.90766;-29.3594;1.42175;2.50111;
-21.3887;-0.791495;-29.1322;2.27158;1.90608;
-21.5706;-1.81881;-28.987;1.45196;2.46789;
-21.6391;-0.68546;-28.7591;2.2795;1.8629;
-21.8246;-1.85435;-28.5964;1.62685;2.42145;
-21.8815;-0.568866;-28.3655;2.30832;1.81242;
-22.049;-1.67511;-28.1866;1.78908;2.32331;
-22.1327;-0.837367;-27.9902;1.96448;1.97373;
-22.268;-1.35312;-27.8475;1.42642;2.32983;
-22.3256;-0.57604;-27.6164;2.31124;1.81505;
-22.4915;-1.65852;-27.4443;1.72125;2.33764;
-22.544;-0.525173;-27.2156;2.28713;1.7965;
-22.6916;-1.47598;-27.0586;1.56962;2.32546;
-22.7312;-0.396026;-26.8214;2.37217;1.73622;
-22.8674;-1.36246;-26.643;1.78415;2.22298;
-22.8885;-0.210399;-26.4078;2.35193;1.66002;
-23.0248;-1.36356;-26.2257;1.82139;2.21343;
-23.0346;-0.0976888;-25.9792;2.46441;1.61042;
-23.1507;-1.16083;-25.7766;2.02623;2.09105;
-23.1372;0.135387;-25.537;2.39607;1.51435;
-23.2444;-1.07243;-25.3419;1.95068;2.07347;
-23.2139;0.304617;-25.0978;2.44118;1.44666;
-23.3063;-0.923282;-24.8982;1.99554;2.00414;
-23.2938;0.125088;-24.6671;2.31173;1.51674;
-23.4069;-1.13192;-24.4616;2.05523;2.07422;
-23.3942;0.127925;-24.2299;2.31641;1.51563;
-23.503;-1.08844;-24.0159;2.14026;2.04127;
-23.4948;0.0816169;-23.7696;2.46326;1.53767;
-23.5975;-1.02681;-23.5658;2.03804;2.0375;
-23.5817;0.157884;-23.3359;2.29857;1.50222;
-23.6845;-1.02746;-23.1297;2.06186;2.0331;
-23.6499;0.345872;-22.8891;2.40593;1.42802;
-23.7477;-0.978046;-22.6758;2.13309;2.00071;
-23.7379;0.097452;-22.4309;2.44901;1.53102;
-23.8166;-0.786172;-22.251;1.79916;1.98276;
-23.7864;0.302017;-22.0108;2.40163;1.4457;
-23.8698;-0.834692;-21.7888;2.21983;1.93046;
-23.815;0.548309;-21.5493;2.39523;1.34576;
-23.8835;-0.68546;-21.3367;2.12613;1.88267;
-23.8414;0.421196;-21.123;2.13693;1.37619;
-23.8999;-0.584531;-20.9149;2.08089;1.84464;
-23.8547;0.452195;-20.672;2.42965;1.38679;
-23.8946;-0.399082;-20.4611;2.10863;1.75785;
-23.81;0.845521;-20.2472;2.13932;1.19441;
-23.8606;-0.5054;-20.0121;2.35117;1.78253;
-23.7724;0.881351;-19.797;2.15041;1.18182;
-23.8219;-0.494862;-19.5543;2.42702;1.77194;
-23.7341;0.878107;-19.3379;2.16374;1.18528;
-23.7608;-0.267467;-19.0943;2.43629;1.68014;
-23.6617;0.991424;-18.8763;2.18051;1.14406;
-23.6897;-0.279784;-18.6515;2.24716;1.69466;
-23.5945;0.951367;-18.4132;2.38378;1.19107;
-23.601;-0.0647289;-18.1979;2.15254;1.60086;
-23.4877;1.13353;-17.9867;2.11248;1.07831;
-23.4759;0.117771;-17.7653;2.21367;1.51764;
-23.3791;0.968111;-17.5719;1.93427;1.10675;
-23.3966;-0.175711;-17.3465;2.2541;1.64859;
-23.272;1.24665;-17.1376;2.08811;1.03257;
-23.2925;-0.205601;-16.9103;2.27358;1.66098;
-23.1679;1.24609;-16.6927;2.17601;1.05073;
-23.1717;-0.037471;-16.4875;2.05196;1.58906;
-23.032;1.397;-16.2902;1.97243;0.954544;
-22.9999;0.320618;-16.0626;2.27605;1.43085;
-22.8394;1.60527;-15.8808;1.81864;0.847634;
-22.8001;0.393033;-15.6903;1.90516;1.36735;
-22.6288;1.71293;-15.5176;1.72639;0.789313;
-22.539;0.897473;-15.325;1.92598;1.13473;
-22.3523;1.86746;-15.1912;1.33833;0.621818;
-22.2631;0.892056;-15.0103;1.80861;1.11258;
-22.0508;2.12343;-14.8932;1.17154;0.504164;
-21.9086;1.42178;-14.7222;1.70928;0.876964;
-21.6933;2.1529;-14.6574;0.648957;0.292772;
-21.5235;1.69789;-14.506;1.51391;0.728179;
-21.278;2.45535;-14.4557;0.502298;0.201788;
-21.1052;1.72791;-14.3059;1.49804;0.714262;
-20.8798;2.25387;-14.2758;0.301608;0.133028;
-20.6944;1.85431;-14.1503;1.25427;0.594717;
-20.4964;1.97936;-14.128;0.223411;0.112395;
-20.3185;1.77915;-14.0194;1.08572;0.54792;
-20.091;2.27483;-14.0055;0.13918;0.0611063;
-19.9002;1.90809;-13.8841;1.21385;0.566584;
-19.6676;2.32611;-13.8855;-0.0142336;-0.006119;
-19.4814;1.86214;-13.7635;1.22089;0.580329;
-19.2739;2.07481;-13.7173;0.461374;0.218809;
-19.1078;1.6608;-13.5754;1.4194;0.707186;
-18.8668;2.41058;-13.53;0.454035;0.18617;
-18.6896;1.77176;-13.3782;1.51739;0.708215;
-18.4739;2.15673;-13.3212;0.570791;0.258724;
-18.2698;2.04138;-13.1983;1.22838;0.5417;
-18.0848;1.85024;-13.1134;0.849605;0.430467;
-17.9143;1.70475;-13.0013;1.12049;0.581476;
-17.7153;1.98968;-12.9507;0.505993;0.24903;
-17.5469;1.68418;-12.7966;1.54143;0.741172;
-17.3049;2.41953;-12.7483;0.483047;0.197054;
-17.1254;1.79508;-12.6228;1.25497;0.610134;
-16.9072;2.18241;-12.5853;0.375029;0.17018;
-16.7108;1.96376;-12.4388;1.4649;0.640915;
-16.4924;2.18394;-12.4173;0.214571;0.0979351;
-16.3048;1.87627;-12.2723;1.45014;0.657987;
-16.0773;2.27474;-12.2336;0.387434;0.168701;
-15.8927;1.84648;-12.0719;1.61693;0.719218;
-15.7073;1.85333;-12.0414;0.304584;0.162888;
-15.4971;2.1019;-11.9041;1.37265;0.578517;
-15.2893;2.07827;-11.8494;0.547489;0.257582;
-15.1337;1.55615;-11.7061;1.43333;0.744337;
-14.9253;2.0841;-11.6323;0.737835;0.340261;
-14.7742;1.51094;-11.4594;1.7284;0.852429;
-14.5701;2.04089;-11.3443;1.15156;0.513712;
-14.4707;0.994238;-11.1304;2.13885;1.13567;
-14.3141;1.56598;-10.9798;1.50631;0.765977;
-14.2505;0.636042;-10.7533;2.2645;1.29698;
-14.1529;0.976161;-10.5889;1.64416;1.03501;
-14.1441;0.0875001;-10.3698;2.19146;1.53089;
-14.0946;0.495336;-10.1903;1.79498;1.30154;
-14.1096;-0.149637;-9.96181;2.28442;1.63621;
-14.0837;0.258833;-9.7632;1.98611;1.44121;
-14.1282;-0.445529;-9.55732;2.05879;1.78391;
-14.0905;0.376846;-9.3452;2.12126;1.39498;
-14.1559;-0.653223;-9.12802;2.17172;1.86297;
-14.1245;0.313196;-8.91202;2.16003;1.4268;
-14.1806;-0.560621;-8.68756;2.2446;1.81555;
-14.1895;-0.0886609;-8.49506;1.92496;1.61682;
-14.2942;-1.04685;-8.28703;2.08037;2.037;
-14.3004;-0.0621224;-8.0658;2.21228;1.59887;
-14.4233;-1.22948;-7.86417;2.01627;2.11838;
-14.4654;-0.421299;-7.66933;1.94839;1.78375;
-14.6031;-1.37682;-7.48458;1.8475;2.21124;
-14.6676;-0.644908;-7.23661;2.47969;1.82524;
-14.8191;-1.515;-7.06899;1.67621;2.30572;
-14.8763;-0.57163;-6.84642;2.22574;1.82219;
-15.0158;-1.39541;-6.68464;1.61779;2.28253;
-15.0653;-0.495005;-6.46958;2.15063;1.79702;
-15.2132;-1.47897;-6.30285;1.66732;2.2964;
-15.2625;-0.492397;-6.084;2.18847;1.79211;
-15.4171;-1.54616;-5.89952;1.84479;2.26835;
-15.489;-0.71942;-5.6872;2.1232;1.89749;
-15.6481;-1.59119;-5.53114;1.56057;2.36591;
-15.7352;-0.870843;-5.32769;2.03454;1.97523;
-15.9101;-1.74888;-5.17984;1.4785;2.43978;
-16.0099;-0.997799;-4.99069;1.89143;2.05623;
-16.2193;-2.0945;-4.85556;1.35139;2.56859;
-16.366;-1.46657;-4.71942;1.36133;2.39339;
-16.5901;-2.24156;-4.68331;0.361079;2.98188;
-16.7618;-1.71662;-4.53855;1.44761;2.44101;
-17.0013;-2.39453;-4.54456;-0.0600906;-3.1165;
-17.1832;-1.81902;-4.50557;0.389967;2.93041;
-17.4034;-2.20196;-4.55288;-0.473115;-2.92995;
-17.6089;-2.0551;-4.55588;-0.0300131;-3.12699;
-17.8174;-2.08543;-4.64275;-0.868761;-2.74687;
-18.0091;-1.91665;-4.68476;-0.420048;-2.92585;
-18.1795;-1.70389;-4.81575;-1.30991;-2.48619;
-18.398;-2.18568;-4.86655;-0.507995;-2.91323;
-18.5659;-1.67872;-5.02632;-1.59768;-2.38092;
-18.7701;-2.04196;-5.09594;-0.69624;-2.81299;
-18.9288;-1.58688;-5.25288;-1.56941;-2.36173;
-19.1262;-1.97438;-5.34901;-0.961242;-2.68851;
-19.2697;-1.43512;-5.52494;-1.75929;-2.25506;
-19.4826;-2.12812;-5.62953;-1.04589;-2.6848;
-19.615;-1.32445;-5.81455;-1.8502;-2.19207;
-19.8095;-1.94475;-5.91767;-1.03121;-2.65404;
-19.9413;-1.31822;-6.10779;-1.90119;-2.17705;
-20.1454;-2.04093;-6.20969;-1.01907;-2.67849;
-20.2819;-1.36485;-6.391;-1.81305;-2.21608;
-20.4392;-1.57283;-6.48399;-0.929877;-2.60766;
-20.5668;-1.27675;-6.65138;-1.67392;-2.22239;
-20.7546;-1.87807;-6.73927;-0.878874;-2.7039;
-20.8696;-1.14911;-6.93433;-1.95063;-2.10316;
-21.0719;-2.02346;-7.04279;-1.08466;-2.64953;
-21.1863;-1.14413;-7.23721;-1.94419;-2.10271;
-21.394;-2.07669;-7.34201;-1.04796;-2.67425;
-21.5216;-1.27634;-7.55236;-2.10348;-2.11618;
-21.7062;-1.84586;-7.67085;-1.18497;-2.57089;
-21.8154;-1.09219;-7.8683;-1.97444;-2.07607;
-21.9931;-1.77683;-7.9957;-1.27403;-2.51953;
-22.0936;-1.00451;-8.20584;-2.10138;-2.01671;
-22.2728;-1.79257;-8.34227;-1.36426;-2.49105;
-22.3508;-0.779457;-8.56928;-2.27015;-1.90154;
-22.5193;-1.68546;-8.72984;-1.60562;-2.38045;
-22.6079;-0.886067;-8.94759;-2.17745;-1.95726;
-22.7802;-1.72244;-9.10411;-1.56523;-2.40398;
-22.8496;-0.694014;-9.32884;-2.24726;-1.87033;
-23.0205;-1.70899;-9.48898;-1.60144;-2.38867;
-23.06;-0.395187;-9.72729;-2.38313;-1.73513;
-23.2163;-1.56344;-9.88435;-1.57053;-2.35393;
-23.2518;-0.354866;-10.1231;-2.38718;-1.71837;
-23.3824;-1.30555;-10.3018;-1.78708;-2.20173;
-23.412;-0.296738;-10.5351;-2.33336;-1.69729;
-23.5607;-1.48708;-10.7054;-1.70282;-2.28867;
-23.5803;-0.19587;-10.945;-2.39581;-1.65237;
-23.7103;-1.2995;-11.1354;-1.90474;-2.16951;
-23.7341;-0.23861;-11.3389;-2.03476;-1.68753;
-23.8815;-1.47342;-11.522;-1.83083;-2.24845;
-23.9133;-0.318548;-11.7547;-2.32668;-1.70686;
-24.048;-1.3467;-11.9596;-2.04977;-2.15208;
-24.0968;-0.488249;-12.1644;-2.04752;-1.80488;
-24.2253;-1.28446;-12.3002;-1.3584;-2.32822;
-24.2735;-0.481952;-12.5299;-2.29666;-1.77764;
-24.4477;-1.74271;-12.7229;-1.92994;-2.30526;
-24.514;-0.66277;-12.9288;-2.05897;-1.88222;
-24.6966;-1.82586;-13.0693;-1.40472;-2.48583;
-24.8049;-1.08259;-13.302;-2.32745;-2.00617;
-25.0006;-1.95773;-13.4667;-1.64714;-2.44214;
-25.09;-0.893674;-13.6503;-1.83558;-2.02388;
-25.3011;-2.11057;-13.7727;-1.2245;-2.61588;
-25.4193;-1.18198;-13.9675;-1.94796;-2.11618;
-25.6453;-2.25998;-14.0648;-0.97232;-2.7353;
-25.78;-1.34737;-14.2376;-1.72794;-2.23307;
-26.0095;-2.29533;-14.3033;-0.657113;-2.86277;
-26.1836;-1.74124;-14.4828;-1.79581;-2.34077;
-26.423;-2.39309;-14.54;-0.571528;-2.90716;
-26.5905;-1.6758;-14.7197;-1.7965;-2.32145;
-26.8226;-2.32069;-14.7647;-0.450162;-2.94999;
-26.9895;-1.66911;-14.9025;-1.37875;-2.45118;
-27.2317;-2.42178;-14.9223;-0.197852;-3.06008;
-27.4388;-2.07145;-15.0819;-1.59604;-2.4851;
-27.6808;-2.41916;-15.0865;-0.0459619;-3.1226;
-27.8805;-1.99715;-15.1961;-1.09616;-2.63962;
-28.102;-2.21576;-15.224;-0.278835;-3.01641;
-28.2772;-1.75153;-15.3552;-1.31134;-2.49893;
-28.5059;-2.28669;-15.3599;-0.0472399;-3.12094;
-28.7146;-2.08692;-15.4821;-1.2223;-2.61176;
-28.9404;-2.2584;-15.4825;-0.00370131;-3.13995;
-29.1415;-2.01088;-15.6224;-1.39898;-2.53376;
-29.3554;-2.13938;-15.6462;-0.23793;-3.03083;
-29.5369;-1.81491;-15.7314;-0.851979;-2.7027;
-29.7104;-1.73487;-15.7952;-0.638728;-2.78882;
-29.9095;-1.99094;-15.8684;-0.731629;-2.78943;

29.908;-1.82469;-15.9372;-0.687543;-2.78125;
29.7187;-1.89371;-15.9935;-0.563182;-2.85253;
29.5433;-1.75379;-16.0452;-0.517094;-2.85487;
29.3565;-1.8679;-16.1217;-0.764732;-2.753;
29.1508;-2.05708;-16.16;-0.383728;-2.95717;
28.9735;-1.77319;-16.2947;-1.34643;-2.49215;
28.7237;-2.49801;-16.3089;-0.142233;-3.08472;
28.5297;-1.93925;-16.457;-1.48074;-2.48947;
28.3031;-2.26605;-16.4751;-0.181263;-3.06177;
28.1183;-1.84798;-16.6398;-1.64698;-2.41364;
27.8684;-2.49969;-16.6603;-0.204807;-3.05984;
27.6652;-2.03166;-16.8116;-1.51333;-2.50138;
27.4311;-2.34106;-16.825;-0.133615;-3.08458;
27.2361;-1.94974;-16.9423;-1.1729;-2.60002;
27.0189;-2.17192;-16.9654;-0.230885;-3.03569;
26.8331;-1.85816;-17.072;-1.06644;-2.62057;
26.6093;-2.23779;-17.0883;-0.163178;-3.0688;
26.4188;-1.90566;-17.2072;-1.18904;-2.58375;
26.1795;-2.39233;-17.202;0.0526795;3.11958;
25.9859;-1.93636;-17.3485;-1.46518;-2.49384;
25.7551;-2.30841;-17.3375;0.109947;3.094;
25.548;-2.07059;-17.4657;-1.28255;-2.58702;
25.3135;-2.3445;-17.4649;0.00834059;3.13804;
25.1115;-2.02083;-17.6042;-1.39302;-2.53806;
24.8818;-2.29635;-17.6221;-0.179411;-3.06362;
24.7032;-1.78584;-17.7665;-1.44369;-2.46174;
24.4628;-2.40425;-17.7878;-0.212653;-3.05337;
24.2848;-1.77979;-17.9495;-1.61748;-2.40394;
24.0562;-2.2864;-17.9726;-0.230556;-3.04109;
23.8701;-1.8615;-18.1517;-1.79107;-2.37548;
23.6626;-2.07502;-18.2259;-0.742409;-2.798;
23.5119;-1.50689;-18.4211;-1.95157;-2.22832;
23.2928;-2.19048;-18.5125;-0.914227;-2.74621;
23.1651;-1.27677;-18.7229;-2.10362;-2.1163;
22.9507;-2.1441;-18.8253;-1.02446;-2.69586;
22.8315;-1.19202;-19.0397;-2.14396;-2.07823;
22.6531;-1.78471;-19.1519;-1.12228;-2.58025;
22.5826;-0.704173;-19.3673;-2.15324;-1.88686;
22.3925;-1.90171;-19.5096;-1.42308;-2.49917;
22.3065;-0.860025;-19.7452;-2.35632;-1.92076;
22.1348;-1.71694;-19.8971;-1.51937;-2.41717;
22.0755;-0.592223;-20.162;-2.64857;-1.79078;
21.9086;-1.66984;-20.332;-1.70033;-2.34715;
21.8632;-0.453477;-20.5777;-2.45714;-1.7533;
21.6928;-1.70451;-20.7453;-1.67537;-2.36482;
21.6598;-0.330052;-20.9968;-2.51543;-1.70126;
21.5271;-1.32706;-21.1779;-1.81047;-2.20332;
21.5103;-0.168016;-21.4117;-2.33829;-1.64253;
21.3714;-1.38895;-21.6169;-2.05167;-2.16591;
21.3685;-0.0284023;-21.8596;-2.42738;-1.5825;
21.2237;-1.44847;-22.0534;-1.93839;-2.21254;
21.2008;-0.228749;-22.2908;-2.37338;-1.66688;
21.0634;-1.37414;-22.4763;-1.85538;-2.20827;
21.0434;-0.200304;-22.6977;-2.21424;-1.66101;
20.9304;-1.12938;-22.8994;-2.01694;-2.08124;
20.8971;-0.333462;-23.1103;-2.1083;-1.72766;
20.7785;-1.18612;-23.296;-1.85768;-2.13904;
20.7746;-0.0380881;-23.5319;-2.3585;-1.58694;
20.6444;-1.30228;-23.7269;-1.95007;-2.15959;
20.6275;-0.169454;-23.9634;-2.36528;-1.64232;
20.5024;-1.25116;-24.1445;-1.81114;-2.17533;
20.5111;0.0871738;-24.3847;-2.4016;-1.53451;
20.3749;-1.36168;-24.5898;-2.0511;-2.15687;
20.3688;-0.0613887;-24.8257;-2.35849;-1.59682;
20.2411;-1.27666;-25.0357;-2.10032;-2.11696;
20.2383;-0.0275962;-25.2687;-2.33042;-1.58264;
20.1046;-1.33725;-25.467;-1.98294;-2.16412;
20.1006;-0.0397048;-25.6992;-2.32188;-1.58789;
19.9685;-1.32176;-25.8779;-1.78693;-2.20766;
19.9618;-0.0665749;-26.1226;-2.44725;-1.59799;
19.8242;-1.37607;-26.3198;-1.97214;-2.18001;
19.7969;-0.273016;-26.5312;-2.11346;-1.69926;
19.6819;-1.14993;-26.7206;-1.89435;-2.11637;
19.675;-0.0694723;-26.9407;-2.20067;-1.60235;
19.5163;-1.58698;-27.1393;-1.98576;-2.24504;
19.4757;-0.405735;-27.3631;-2.2387;-1.75009;
19.3032;-1.72523;-27.5388;-1.75643;-2.34723;
19.2303;-0.728591;-27.767;-2.28251;-1.87978;
19.0657;-1.64595;-27.9175;-1.50478;-2.40097;
18.9831;-0.826144;-28.1222;-2.04672;-1.95444;
18.789;-1.94103;-28.2591;-1.36912;-2.52728;
18.6767;-1.12284;-28.4654;-2.06259;-2.06932;
18.498;-1.78745;-28.5915;-1.26159;-2.52698;
18.3867;-1.113;-28.7743;-1.82838;-2.11761;
18.2059;-1.80746;-28.8962;-1.21842;-2.54846;
18.0942;-1.11698;-29.0837;-1.87508;-2.10805;
17.899;-1.95199;-29.1939;-1.10197;-2.62766;
17.7707;-1.28305;-29.3838;-1.89905;-2.16497;
17.5944;-1.7637;-29.5048;-1.21019;-2.54021;
17.4661;-1.28252;-29.6704;-1.6557;-2.22986;
17.3343;-1.31839;-29.8189;-1.48528;-2.29674;
17.1794;-1.54892;-29.9517;-1.32802;-2.43283;

17.0253;-1.5404;29.92;-1.28239;-2.44734;
16.8255;-1.99791;29.8356;-0.844196;-2.74181;
16.6766;-1.48934;29.6827;-1.52937;-2.34293;
16.4686;-2.08032;29.6115;-0.712267;-2.81172;
16.3222;-1.46337;29.444;-1.67497;-2.28887;
16.0839;-2.38318;29.3791;-0.648303;-2.87599;
15.9129;-1.71052;29.2233;-1.55859;-2.40263;
15.6749;-2.37959;29.1728;-0.50422;-2.93279;
15.5281;-1.46836;29.0231;-1.49752;-2.34637;
15.3124;-2.15677;28.9498;-0.733207;-2.81389;
15.1421;-1.70311;28.8121;-1.3764;-2.46189;
14.8939;-2.48168;28.7616;-0.505043;-2.94083;
14.7313;-1.62603;28.6018;-1.59805;-2.36487;
14.5077;-2.23603;28.5478;-0.540657;-2.90435;
14.3432;-1.64484;28.3878;-1.59917;-2.37027;
14.103;-2.40259;28.3511;-0.3672;-2.98993;
13.9165;-1.86473;28.2087;-1.42389;-2.48945;
13.6775;-2.39023;28.1782;-0.305135;-3.01462;
13.474;-2.03507;28.0344;-1.43783;-2.5265;
13.2342;-2.39714;28.0193;-0.151849;-3.07833;
13.0332;-2.01073;27.8899;-1.2937;-2.56987;
12.7956;-2.37616;27.8868;-0.0309635;-3.12856;
12.6014;-1.94155;27.7641;-1.2269;-2.57803;
12.356;-2.45396;27.7405;-0.236085;-3.04568;
12.1636;-1.92377;27.64;-1.00494;-2.6602;
11.9426;-2.21003;27.6418;0.0176067;3.13363;
11.743;-1.99598;27.5157;-1.26008;-2.57847;
11.5211;-2.21946;27.526;0.10283;3.09529;
11.3256;-1.95499;27.4091;-1.16954;-2.60247;
11.0839;-2.41695;27.4209;0.118077;3.09278;
10.871;-2.12898;27.321;-0.998412;-2.70308;
10.6505;-2.20464;27.3232;0.0217124;3.13174;
10.4502;-2.00309;27.2125;-1.10724;-2.63663;
10.2081;-2.42091;27.2155;0.030238;3.1291;
10.0064;-2.01718;27.1014;-1.14147;-2.62665;
9.77253;-2.33875;27.109;0.0763587;3.10895;
9.57487;-1.97665;26.9789;-1.30119;-2.55942;
9.33519;-2.39677;26.9806;0.0175424;3.13427;
9.11408;-2.2111;26.8844;-0.96269;-2.73096;
8.8902;-2.23882;26.8944;0.100474;3.09674;
8.69946;-1.90743;26.7931;-1.01314;-2.65333;
8.45122;-2.48242;26.8156;0.22541;3.05104;
8.24208;-2.09138;26.7244;-0.912727;-2.73009;
7.99804;-2.44042;26.7621;0.377029;2.98831;
7.78487;-2.13167;26.6639;-0.981472;-2.7101;
7.54604;-2.38824;26.7113;0.47343;2.9459;
7.33397;-2.12078;26.6258;-0.854978;-2.75838;
7.10369;-2.30275;26.6806;0.548515;2.90775;
6.89281;-2.10877;26.6164;-0.642576;-2.84581;
6.66393;-2.28887;26.6483;0.319733;3.0028;
6.44543;-2.18495;26.5788;-0.695743;-2.83332;
6.22461;-2.20822;26.614;0.351906;2.98356;
6.0241;-2.0051;26.5601;-0.538391;-2.87927;
5.80758;-2.16522;26.6146;0.545288;2.89488;
5.56219;-2.45387;26.5459;-0.687771;-2.86832;
5.34341;-2.18785;26.5948;0.489192;2.92162;
5.12412;-2.19284;26.5025;-0.923254;-2.74309;
4.85467;-2.69452;26.5306;0.281312;3.03757;
4.65873;-1.95945;26.4621;-0.684713;-2.80542;
4.43304;-2.25687;26.4982;0.3609;2.98302;
4.21861;-2.14425;26.4218;-0.764567;-2.79908;
3.98772;-2.30896;26.4581;0.363255;2.98555;
3.76736;-2.20355;26.3959;-0.622063;-2.86645;
3.54268;-2.24689;26.4519;0.559828;2.89741;
3.31793;-2.24748;26.3603;-0.915608;-2.75473;
3.07338;-2.44551;26.4139;0.536238;2.92573;
2.85306;-2.2032;26.3635;-0.504283;-2.91658;
2.63626;-2.16798;26.4131;0.496218;2.91658;
2.42612;-2.10142;26.3711;-0.420628;-2.94404;
2.20062;-2.25501;26.418;0.469162;2.93647;
1.99662;-2.03991;26.371;-0.469193;-2.91552;
1.76071;-2.35913;26.4088;0.377992;2.98272;
1.55444;-2.06267;26.3876;-0.212155;-3.0391;
1.35288;-2.01565;26.4494;0.617472;2.84433;
1.10128;-2.51601;26.3905;-0.588612;-2.91178;
0.879988;-2.2129;26.4604;0.698504;2.83584;
0.643245;-2.36743;26.4102;-0.502086;-2.93261;
0.438343;-2.04902;26.4139;0.0375825;3.12325;
0.241049;-1.97293;26.3643;-0.496001;-2.89529;
0.0373008;-2.03749;26.3521;-0.122087;-3.08174;
-0.152167;-1.89468;26.2689;-0.83215;-2.72775;
-0.352856;-2.00689;26.2442;-0.246536;-3.01936;
-0.530078;-1.77222;26.133;-1.11267;-2.58095;
-0.755727;-2.25649;26.0893;-0.436302;-2.9506;
-0.972303;-2.16575;25.9456;-1.437;-2.55578;
-1.15878;-1.86482;25.8692;-0.764512;-2.75253;
-1.29943;-1.40641;25.7248;-1.4442;-2.34294;
-1.50437;-2.04945;25.6599;-0.648605;-2.83509;
-1.65547;-1.51102;25.482;-1.7787;-2.27501;
-1.8559;-2.00429;25.3934;-0.886896;-2.72499;
-1.99316;-1.37259;25.2139;-1.79447;-2.22377;
-2.18592;-1.92754;25.1056;-1.08273;-2.6298;
-2.30306;-1.17149;24.9194;-1.86235;-2.1323;
-2.51951;-2.16451;24.8166;-1.02828;-2.69809;
-2.64516;-1.25649;24.6216;-1.95016;-2.14315;
-2.8293;-1.84133;24.5172;-1.04399;-2.62581;
-2.95043;-1.21135;24.3285;-1.88609;-2.14171;
-3.13988;-1.89452;24.2135;-1.15065;-2.59578;
-3.24715;-1.07264;23.997;-2.16443;-2.0309;
-3.46108;-2.13935;23.8811;-1.15946;-2.64493;
-3.58171;-1.20632;23.6847;-1.96374;-2.12166;
-3.79782;-2.16104;23.5833;-1.01465;-2.70262;
-3.95185;-1.54038;23.3828;-2.00477;-2.22594;
-4.16258;-2.10729;23.2674;-1.15369;-2.64069;
-4.29524;-1.32658;23.1001;-1.67259;-2.24134;
-4.50055;-2.05307;22.9999;-1.00262;-2.6873;
-4.65187;-1.51318;22.8288;-1.71082;-2.29497;
-4.85837;-2.06499;22.7328;-0.95993;-2.70645;
-5.00901;-1.50644;22.5542;-1.78606;-2.27147;
-5.22483;-2.15822;22.4975;-0.567155;-2.88462;
-5.37108;-1.46253;22.2882;-2.09318;-2.18066;
-5.58333;-2.12245;22.1923;-0.958896;-2.71725;
-5.71906;-1.35729;21.9913;-2.00933;-2.16488;
-5.94551;-2.26449;21.9012;-0.901096;-2.76288;
-6.0896;-1.44092;21.7205;-1.80701;-2.24395;
-6.31166;-2.22056;21.636;-0.845078;-2.77795;
-6.46011;-1.48455;21.4521;-1.83957;-2.2498;
-6.67024;-2.10125;21.3712;-0.808575;-2.77425;
-6.82146;-1.51222;21.1982;-1.73062;-2.28895;
-7.04137;-2.1991;21.1144;-0.838014;-2.77751;
-7.19471;-1.53345;20.9542;-1.60192;-2.33436;
-7.42382;-2.29109;20.9034;-0.507353;-2.92366;
-7.60029;-1.7647;20.7441;-1.5931;-2.40726;
-7.7995;-1.99208;20.6653;-0.787749;-2.76502;
-7.95875;-1.59253;20.5225;-1.42827;-2.41052;
-8.18158;-2.22826;20.4654;-0.571467;-2.89054;
-8.32753;-1.45954;20.3108;-1.5456;-2.32756;
-8.58556;-2.58032;20.255;-0.558414;-2.92847;
-8.75261;-1.6705;20.0781;-1.76839;-2.32774;
-8.96205;-2.09442;20.0172;-0.608911;-2.85866;
-9.11712;-1.55062;19.8316;-1.8565;-2.26666;
-9.34272;-2.25608;19.7606;-0.710069;-2.83667;
-9.49434;-1.51618;19.5871;-1.73464;-2.2891;
-9.72261;-2.2827;19.5426;-0.445332;-2.94892;
-9.88529;-1.62678;19.3539;-1.8872;-2.28222;
-10.1067;-2.21434;19.2801;-0.737198;-2.82021;
-10.2531;-1.46328;19.0882;-1.91893;-2.22228;
-10.46;-2.06936;19.0028;-0.854702;-2.74991;
-10.6036;-1.43588;18.8184;-1.84334;-2.23257;
-10.8377;-2.34137;18.7447;-0.737931;-2.83628;
-10.9909;-1.53236;18.5737;-1.7094;-2.30164;
-11.2381;-2.47184;18.5234;-0.502946;-2.94086;
-11.4039;-1.65734;18.343;-1.80388;-2.31388;
-11.6162;-2.12337;18.2627;-0.802963;-2.78006;
-11.775;-1.5878;18.0928;-1.69976;-2.32215;
-11.9984;-2.23387;18.0196;-0.731572;-2.82511;
-12.1605;-1.62094;17.8422;-1.77383;-2.31119;
-12.4103;-2.49788;17.7923;-0.499045;-2.9444;
-12.5829;-1.72607;17.6452;-1.47162;-2.4356;
-12.8328;-2.49936;17.6239;-0.212353;-3.05683;
-13.0516;-2.188;17.5417;-0.822629;-2.78197;
-13.293;-2.41385;17.6156;0.739498;2.84431;
-13.4871;-1.94104;17.5787;-0.36864;-2.95391;
-13.7238;-2.36763;17.7114;1.32663;2.63086;
-13.9201;-1.96244;17.7755;0.640614;2.82606;
-14.0564;-1.36299;17.9581;1.82603;2.212;
-14.2844;-2.27997;18.0099;0.518197;2.91811;
-14.4335;-1.4909;18.2136;2.03758;2.20248;
-14.5408;-1.07281;18.3844;1.70724;2.13183;
-14.657;-1.16276;18.5588;1.74424;2.15877;
-14.7394;-0.823266;18.7301;1.71296;2.01881;
-14.8712;-1.31851;18.8835;1.53411;2.28076;
-14.9155;-0.44285;19.1102;2.26735;1.76368;
-15.0956;-1.80094;19.2801;1.69911;2.38528;
-15.149;-0.53379;19.5253;2.45191;1.78516;
-15.3115;-1.62478;19.6967;1.71334;2.32967;
-15.3636;-0.521531;19.9198;2.2313;1.80041;
-15.5466;-1.82962;20.082;1.62169;2.41637;
-15.6362;-0.896692;20.3181;2.36164;1.93367;
-15.7948;-1.58532;20.4759;1.57762;2.35863;
-15.8455;-0.507797;20.7083;2.3244;1.78588;
-16.0195;-1.73937;20.8726;1.64258;2.38481;
-16.071;-0.51482;21.1235;2.50875;1.7732;
-16.2572;-1.86186;21.2818;1.5832;2.43691;
-16.3238;-0.666205;21.507;2.25176;1.85845;
-16.5195;-1.95749;21.6564;1.49472;2.48945;
-16.5781;-0.586028;21.8775;2.21043;1.82995;
-16.7825;-2.04367;22.0097;1.3218;2.56748;
-16.8697;-0.87252;22.2468;2.37143;1.92335;
-17.0536;-1.83887;22.3923;1.45536;2.47209;
-17.1193;-0.656391;22.6203;2.2796;1.85115;
-17.3087;-1.89393;22.7726;1.52253;2.46448;
-17.3735;-0.648631;23.011;2.38456;1.83638;
-17.5698;-1.9623;23.1671;1.56091;2.46963;
-17.6403;-0.705876;23.4132;2.46104;1.85012;
-17.8592;-2.18894;23.5893;1.76064;2.46421;
-17.9293;-0.701107;23.8051;2.15864;1.88484;
-18.1002;-1.70848;23.9604;1.55226;2.40407;
-18.1499;-0.496694;24.1873;2.26901;1.7863;
-18.3453;-1.95447;24.3627;1.75402;2.41019;
-18.3971;-0.517841;24.6038;2.41143;1.78233;
-18.5673;-1.7019;24.7711;1.67317;2.36471;
-18.6208;-0.535081;24.9971;2.26001;1.80328;
-18.7849;-1.64138;25.1569;1.59772;2.36967;
-18.8314;-0.465158;25.4096;2.52736;1.75281;
-18.9984;-1.66937;25.5716;1.61974;2.37128;
-19.0349;-0.36476;25.8155;2.43885;1.71926;
-19.1889;-1.54075;25.9854;1.69928;2.3073;
-19.2195;-0.305563;26.2246;2.39176;1.69786;
-19.3801;-1.60613;26.408;1.83448;2.28992;
-19.4063;-0.26219;26.6516;2.43605;1.67801;
-19.5569;-1.50576;26.8365;1.84857;2.25435;
-19.5761;-0.191681;27.0795;2.43032;1.6495;
-19.7254;-1.49283;27.2678;1.88275;2.24119;
-19.7467;-0.21384;27.5096;2.41765;1.65902;
-19.8999;-1.5317;27.7004;1.90812;2.2472;
-19.9119;-0.120119;27.9539;2.53543;1.61814;
-20.05;-1.38049;28.1679;2.14021;2.14367;
-20.0767;-0.267172;28.388;2.20087;1.6916;
-20.2426;-1.65904;28.5689;1.80864;2.31308;
-20.2712;-0.285633;28.8019;2.33016;1.69277;
-20.4323;-1.61124;28.9883;1.86385;2.28363;
-20.4614;-0.290846;29.214;2.25736;1.69893;
-20.5966;-1.35224;29.3976;1.83548;2.20574;
-20.6645;-0.678844;29.5954;1.97845;1.90133;
-20.7215;-0.569889;29.7888;1.93321;1.85747;
-20.7915;-0.700545;29.99;2.0129;1.90571;

-20.8637;-0.72216;-29.8232;1.86766;1.93976;
-21.0607;-1.96971;-29.7108;1.12406;2.62302;
-21.1724;-1.11733;-29.4951;2.15735;2.04867;
-21.324;-1.5152;-29.3328;1.62234;2.32206;
-21.3633;-0.39351;-29.1141;2.18726;1.7488;
-21.5319;-1.68563;-28.9676;1.46503;2.4261;
-21.6204;-0.885565;-28.7523;2.15314;1.961;
-21.7894;-1.68951;-28.6128;1.39452;2.45155;
-21.8677;-0.782809;-28.3817;2.31116;1.89738;
-22.0381;-1.70444;-28.2336;1.48149;2.42606;
-22.0994;-0.612866;-27.9919;2.41626;1.8192;
-22.2899;-1.90561;-27.8222;1.69682;2.41409;
-22.3314;-0.414223;-27.5827;2.39573;1.742;
-22.4991;-1.67689;-27.4194;1.6323;2.36967;
-22.5366;-0.375799;-27.1511;2.68318;1.70995;
-22.6897;-1.53071;-26.9617;1.89397;2.25052;
-22.7105;-0.207813;-26.7227;2.39006;1.65753;
-22.8607;-1.50243;-26.5252;1.97497;2.22113;
-22.8914;-0.307041;-26.2871;2.38163;1.69901;
-22.9982;-1.06768;-26.1149;1.72195;2.12582;
-22.9785;0.197297;-25.8934;2.21494;1.48196;
-23.0924;-1.1393;-25.6787;2.14716;2.05863;
-23.0848;0.0759515;-25.4576;2.21047;1.53645;
-23.2287;-1.43912;-25.2487;2.08923;2.17399;
-23.2246;0.0411405;-25.003;2.45726;1.55406;
-23.3389;-1.14315;-24.7882;2.14719;2.06002;
-23.3201;0.188337;-24.5518;2.36433;1.49131;
-23.4298;-1.09742;-24.3395;2.12348;2.0478;
-23.412;0.178475;-24.1036;2.35847;1.49527;
-23.5249;-1.12893;-23.8955;2.08148;2.06776;
-23.4814;0.434664;-23.651;2.44502;1.39486;
-23.5921;-1.10677;-23.4279;2.23039;2.03142;
-23.5577;0.344316;-23.1925;2.35414;1.42557;
-23.6714;-1.13762;-22.9742;2.1834;2.05113;
-23.6359;0.354835;-22.7388;2.35329;1.42114;
-23.7299;-0.939463;-22.5161;2.22709;1.96998;
-23.707;0.228986;-22.2889;2.27256;1.47037;
-23.7988;-0.917838;-22.0786;2.10245;1.98241;
-23.7621;0.366863;-21.8455;2.3315;1.41473;
-23.8331;-0.71069;-21.6258;2.19728;1.88362;
-23.7915;0.416527;-21.4265;1.99286;1.36475;
-23.866;-0.744748;-21.2095;2.16965;1.90145;
-23.8002;0.657772;-20.9833;2.26218;1.28783;
-23.866;-0.658387;-20.7525;2.30764;1.84872;
-23.7992;0.668773;-20.527;2.25477;1.28246;
-23.8337;-0.345661;-20.2754;2.51671;1.70729;
-23.7652;0.685301;-20.0688;2.06529;1.25041;
-23.8309;-0.656746;-19.8218;2.47042;1.83063;
