#1 AntPos X	#2 AntVel X	#3 AntPos Y	#4 AntVel Y	#5 AntAngle	
2.19632;-1.70608;-6.92753;0.739234;2.73272;
2.00948;-1.86839;-6.85402;0.735155;2.76673;
1.79189;-2.17591;-6.81532;0.386987;2.96558;
1.59263;-1.99259;-6.7896;0.257223;3.01321;
1.38543;-2.07203;-6.75347;0.361302;2.96896;
1.19588;-1.89553;-6.72645;0.27016;3.00002;
1.00682;-1.89056;-6.68479;0.416633;2.92468;
0.815114;-1.91708;-6.63999;0.447986;2.91203;
0.61431;-2.00804;-6.59631;0.43681;2.9274;
0.430912;-1.83398;-6.54337;0.529368;2.86059;
0.237535;-1.93377;-6.51866;0.247123;3.01449;
0.0448504;-1.92685;-6.49262;0.260424;3.00725;
-0.153255;-1.98105;-6.47051;0.221014;3.03049;
-0.354379;-2.01124;-6.45898;0.115386;3.08429;
-0.553358;-1.98979;-6.43366;0.253138;3.01505;
-0.747432;-1.94074;-6.40942;0.242453;3.01731;
-0.967285;-2.19853;-6.38387;0.255488;3.0259;
-1.16198;-1.94691;-6.36793;0.159342;3.05993;
-1.35934;-1.97364;-6.3357;0.322373;2.97968;
-1.56317;-2.03829;-6.29894;0.367592;2.96317;
-1.75388;-1.90712;-6.26269;0.362489;2.95376;
-1.96324;-2.09357;-6.21613;0.465628;2.92275;
-2.11733;-1.54088;-6.16929;0.468379;2.8465;
-2.30872;-1.91391;-6.11112;0.581635;2.84656;
-2.49996;-1.91242;-6.05419;0.569346;2.85224;
-2.67;-1.70037;-5.99807;0.561246;2.82278;
-2.86237;-1.92377;-5.94034;0.577292;2.85006;
-3.05857;-1.96196;-5.87912;0.612114;2.83917;
-3.2625;-2.03933;-5.8163;0.628279;2.84274;
-3.45387;-1.9137;-5.75467;0.616225;2.83007;
-3.6498;-1.95929;-5.68461;0.700648;2.79816;
-3.8214;-1.716;-5.6205;0.641083;2.78406;
-4.01057;-1.89171;-5.55049;0.700107;2.78713;
-4.21529;-2.0472;-5.49265;0.578371;2.86625;
-4.39219;-1.76895;-5.42278;0.698728;2.76541;
-4.57793;-1.85747;-5.35158;0.712035;2.77553;
-4.7676;-1.89662;-5.27738;0.741967;2.76869;
-4.94928;-1.81688;-5.20457;0.728064;2.76046;
-5.13443;-1.8515;-5.1309;0.736697;2.7629;
-5.32281;-1.88374;-5.06086;0.700472;2.78558;
-5.5135;-1.90695;-5.00606;0.547957;2.86178;
-5.71178;-1.98279;-4.94147;0.64589;2.82668;
-5.89714;-1.85362;-4.87726;0.642163;2.8081;
-6.08007;-1.82931;-4.81132;0.659381;2.79564;
-6.26905;-1.88975;-4.74308;0.682365;2.79508;
-6.45883;-1.89775;-4.66989;0.731899;2.7735;
-6.62926;-1.70431;-4.61891;0.50982;2.85093;
-6.81164;-1.82386;-4.56821;0.506988;2.87046;
-7.01229;-2.00648;-4.51658;0.516281;2.88975;
-7.20905;-1.96761;-4.46639;0.501942;2.89182;
-7.40612;-1.9707;-4.40217;0.642176;2.82658;
-7.60231;-1.96188;-4.34082;0.613539;2.8385;
-7.8022;-1.9989;-4.27733;0.634913;2.83404;
-7.98624;-1.8404;-4.19675;0.805772;2.72891;
-8.12371;-1.37469;-4.0314;1.65344;2.2644;
-8.19101;-0.673021;-3.82382;2.07582;1.88432;
-8.1785;0.125074;-3.59688;2.26944;1.51574;
-8.09397;0.845379;-3.40193;1.94945;1.16162;
-8.02882;0.651417;-3.19559;2.06346;1.26501;
-7.90185;1.26975;-3.03492;1.60664;0.901991;
-7.77626;1.25587;-2.90482;1.30103;0.803057;
-7.638;1.38258;-2.76293;1.41894;0.798377;
-7.48754;1.5046;-2.63087;1.32053;0.720336;
-7.32801;1.5953;-2.52879;1.02078;0.569222;
-7.17477;1.53241;-2.39875;1.30042;0.703689;
-7.02686;1.47915;-2.28382;1.14926;0.660544;
-6.85749;1.69369;-2.15424;1.29585;0.6531;
-6.69906;1.58431;-2.03856;1.15682;0.630691;
-6.54074;1.58324;-1.91672;1.21841;0.655908;
-6.39225;1.48488;-1.78821;1.28506;0.713383;
-6.2391;1.53147;-1.65928;1.2893;0.699757;
-6.0837;1.55404;-1.53003;1.29248;0.69377;
-5.9317;1.51997;-1.40007;1.29962;0.707406;
-5.79934;1.32364;-1.2582;1.41866;0.820034;
-5.65684;1.42495;-1.09869;1.59517;0.841701;
-5.48292;1.7392;-0.971808;1.26879;0.630269;
-5.31979;1.63134;-0.893989;0.778196;0.445103;
-5.11327;2.06517;-0.850213;0.437762;0.208882;
-4.90734;2.05932;-0.872235;-0.22022;-0.106534;
-4.72538;1.81959;-0.94698;-0.747456;-0.389767;
-4.56722;1.58162;-1.08632;-1.39335;-0.722199;
-4.4923;0.749157;-1.29658;-2.10268;-1.22853;
-4.38893;1.03372;-1.46979;-1.73207;-1.03272;
-4.22042;1.68509;-1.60177;-1.31982;-0.664435;
-4.13743;0.82991;-1.82295;-2.21174;-1.21182;
-4.08582;0.51608;-2.01344;-1.90494;-1.30623;
-4.02766;0.581589;-2.19725;-1.83806;-1.26435;
-3.93291;0.947479;-2.39252;-1.95274;-1.11905;
-3.93835;-0.0543498;-2.61628;-2.23762;-1.59508;
-3.94388;-0.055286;-2.81763;-2.01347;-1.59825;
-4.0414;-0.975238;-3.01576;-1.98133;-2.0282;
-4.07726;-0.358603;-3.18598;-1.70223;-1.77843;
-4.16505;-0.877856;-3.38405;-1.98067;-1.98799;
-4.19124;-0.261921;-3.58381;-1.99755;-1.70117;
-4.22488;-0.336388;-3.7672;-1.83399;-1.7522;
-4.27813;-0.532467;-3.96431;-1.97108;-1.83464;
-4.33412;-0.559949;-4.16951;-2.05202;-1.83719;
-4.38626;-0.52143;-4.35827;-1.88754;-1.84032;
-4.45064;-0.643743;-4.5454;-1.87133;-1.90212;
-4.49295;-0.423077;-4.72432;-1.78922;-1.80299;
-4.57727;-0.843278;-4.92376;-1.99439;-1.97082;
-4.63911;-0.618329;-5.10835;-1.84588;-1.89403;
-4.68529;-0.461886;-5.30928;-2.00929;-1.79675;
-4.71557;-0.302734;-5.53318;-2.23901;-1.70519;
-4.75368;-0.381101;-5.72781;-1.94626;-1.76416;
-4.77679;-0.231137;-5.91501;-1.87203;-1.69364;
-4.78764;-0.108443;-6.11001;-1.95006;-1.62635;
-4.79739;-0.0975705;-6.29807;-1.88059;-1.62263;
-4.76278;0.346112;-6.49726;-1.99183;-1.39875;
-4.70529;0.574919;-6.69388;-1.96626;-1.28633;
-4.60735;0.979406;-6.87219;-1.78303;-1.0685;
-4.46619;1.4116;-7.03733;-1.65141;-0.863532;
-4.32128;1.4491;-7.21861;-1.81286;-0.896454;
-4.18685;1.34429;-7.3613;-1.42691;-0.815205;
-4.04062;1.46232;-7.50366;-1.4236;-0.771981;
-3.9068;1.33824;-7.63551;-1.3185;-0.777969;
-3.75098;1.55818;-7.76517;-1.29652;-0.693993;
-3.57881;1.72166;-7.88595;-1.20783;-0.611763;
-3.41108;1.67733;-7.99843;-1.12485;-0.590732;
-3.24467;1.66412;-8.09627;-0.978385;-0.531496;
-3.07084;1.73827;-8.20421;-1.07941;-0.555695;
-2.89123;1.79609;-8.30198;-0.977681;-0.498485;
-2.70614;1.85094;-8.38401;-0.820297;-0.417167;
-2.52323;1.82908;-8.46516;-0.811526;-0.417585;
-2.31751;2.05715;-8.53068;-0.655154;-0.30832;
-2.12083;1.96683;-8.59822;-0.675463;-0.330807;
-1.93668;1.84148;-8.66036;-0.621336;-0.325416;
-1.74802;1.88661;-8.73661;-0.762521;-0.384101;
-1.5649;1.83115;-8.86287;-1.26261;-0.603656;
-1.40519;1.59711;-8.98581;-1.22936;-0.656015;
-1.24528;1.59913;-9.10622;-1.20409;-0.645397;
-1.09064;1.54638;-9.22863;-1.2241;-0.669592;
-0.953418;1.37224;-9.32902;-1.00395;-0.631628;
-0.792149;1.61269;-9.4473;-1.18276;-0.632797;
-0.636023;1.56126;-9.58458;-1.37283;-0.721266;
-0.496855;1.39168;-9.72109;-1.3651;-0.775755;
-0.361355;1.355;-9.86812;-1.47027;-0.826175;
-0.22668;1.34675;-10.0115;-1.43431;-0.816873;
-0.0856478;1.41032;-10.1487;-1.37157;-0.77147;
0.0673093;1.52957;-10.2993;-1.50623;-0.777708;
0.227669;1.6036;-10.4316;-1.32322;-0.689895;
0.374104;1.46435;-10.5368;-1.05191;-0.622932;
0.54837;1.74266;-10.6676;-1.30808;-0.6439;
0.706699;1.58329;-10.7704;-1.02743;-0.575615;
0.887316;1.80617;-10.8802;-1.09847;-0.546408;
1.06023;1.72909;-10.9952;-1.14923;-0.586599;
1.23438;1.74154;-11.1085;-1.13355;-0.577001;
1.40271;1.68335;-11.2162;-1.07702;-0.569175;
1.56371;1.60992;-11.3319;-1.15684;-0.623082;
1.73557;1.71869;-11.4581;-1.26196;-0.633347;
1.91639;1.80816;-11.5919;-1.33762;-0.63692;
2.0879;1.71508;-11.7115;-1.19677;-0.609242;
2.25184;1.63939;-11.827;-1.15493;-0.613731;
2.42247;1.7063;-11.9682;-1.41186;-0.691252;
2.58219;1.59723;-12.072;-1.03817;-0.576363;
2.74892;1.66731;-12.1828;-1.10817;-0.586601;
2.91465;1.65726;-12.2976;-1.1476;-0.605655;
3.08232;1.67675;-12.4046;-1.07011;-0.568037;
3.26417;1.8185;-12.51;-1.0538;-0.5252;
3.43409;1.69922;-12.6206;-1.1064;-0.577166;
3.60739;1.73298;-12.7257;-1.05106;-0.545188;
3.77801;1.70622;-12.8279;-1.02174;-0.539561;
3.92802;1.50011;-12.9353;-1.07354;-0.621149;
4.1056;1.77572;-13.0552;-1.19925;-0.593999;
4.25485;1.4925;-13.1731;-1.17883;-0.668514;
4.38724;1.32392;-13.2888;-1.15741;-0.718392;
4.53769;1.50455;-13.4289;-1.40111;-0.749812;
4.69424;1.56549;-13.5665;-1.37518;-0.720774;
4.86172;1.67474;-13.6899;-1.23406;-0.635045;
5.06089;1.99172;-13.8132;-1.23354;-0.554514;
5.23601;1.75125;-13.92;-1.06826;-0.547739;
5.40856;1.72552;-14.0189;-0.988519;-0.520242;
5.58398;1.75416;-14.1185;-0.996058;-0.516425;
5.75615;1.72169;-14.211;-0.924945;-0.492987;
5.94313;1.86985;-14.3137;-1.02732;-0.502392;
6.11716;1.74027;-14.4105;-0.968089;-0.507657;
6.24512;1.27962;-14.5039;-0.933885;-0.630456;
6.41564;1.70515;-14.6034;-0.995201;-0.528307;
6.59177;1.76134;-14.7033;-0.998866;-0.51588;
6.77498;1.83207;-14.8113;-1.07948;-0.532451;
6.9321;1.57125;-14.9162;-1.04882;-0.588583;
7.10876;1.76651;-15.0273;-1.11186;-0.561765;
7.28027;1.71515;-15.1492;-1.21815;-0.617558;
7.44185;1.61583;-15.273;-1.23891;-0.654123;
7.60293;1.61079;-15.3933;-1.20214;-0.641129;
7.74306;1.4013;-15.5329;-1.39661;-0.78372;
7.88082;1.37757;-15.6927;-1.59734;-0.859139;
7.99654;1.15725;-15.8474;-1.54749;-0.928688;
8.11693;1.20385;-16.011;-1.63601;-0.936415;
8.23456;1.17629;-16.1676;-1.56575;-0.92649;
8.34852;1.13959;-16.3193;-1.51717;-0.926573;
8.47072;1.22208;-16.4845;-1.65178;-0.933822;
8.59971;1.28987;-16.655;-1.70513;-0.923171;
8.70717;1.07454;-16.8059;-1.50865;-0.951895;
8.84912;1.41959;-16.9913;-1.8543;-0.917407;
9.00094;1.51815;-17.1532;-1.61931;-0.817632;
9.1292;1.2826;-17.3009;-1.4765;-0.85556;
9.26028;1.31082;-17.452;-1.51095;-0.856202;
9.38775;1.27473;-17.5977;-1.45785;-0.852313;
9.5175;1.29742;-17.7359;-1.38174;-0.816858;
9.63987;1.22369;-17.8604;-1.24433;-0.793758;
9.78105;1.41185;-17.9993;-1.38943;-0.777398;
9.92611;1.45054;-18.156;-1.56732;-0.824076;
10.0671;1.40984;-18.304;-1.47994;-0.809649;
10.1994;1.32266;-18.4438;-1.39767;-0.812966;
10.3288;1.29423;-18.6003;-1.56511;-0.879848;
10.4557;1.26901;-18.7552;-1.54906;-0.88445;
10.57;1.14333;-18.891;-1.35785;-0.870957;
10.7005;1.30504;-19.0485;-1.57544;-0.878995;
10.8341;1.3362;-19.2209;-1.72392;-0.911426;
10.9804;1.46219;-19.3776;-1.56631;-0.819766;
11.1323;1.5197;-19.5184;-1.40878;-0.747541;
11.2912;1.58839;-19.6501;-1.31715;-0.692316;
11.4446;1.53415;-19.7778;-1.27658;-0.694015;
11.584;1.3938;-19.9089;-1.31129;-0.754903;
11.7319;1.47906;-20.042;-1.33044;-0.732547;
11.8803;1.48389;-20.1774;-1.3539;-0.739622;
12.0203;1.40059;-20.3162;-1.38795;-0.780868;
12.1419;1.21556;-20.4717;-1.55518;-0.907366;
12.2659;1.24032;-20.6281;-1.5646;-0.900496;
12.403;1.37066;-20.7946;-1.66475;-0.881984;
12.5289;1.2596;-20.9481;-1.53477;-0.883554;
12.6487;1.19758;-21.1022;-1.54067;-0.910045;
12.7711;1.22454;-21.2597;-1.57521;-0.91;
12.8927;1.21554;-21.4059;-1.46172;-0.877091;
12.9989;1.0624;-21.5583;-1.52484;-0.96227;
13.1146;1.15693;-21.7186;-1.6026;-0.945517;
13.2246;1.0999;-21.8836;-1.64956;-0.982712;
13.3434;1.18781;-22.074;-1.90476;-1.0132;
13.4564;1.12997;-22.2449;-1.70833;-0.986418;
13.5643;1.07883;-22.4116;-1.66759;-0.996576;
13.6797;1.15414;-22.5683;-1.56669;-0.93588;
13.8032;1.23528;-22.7352;-1.66924;-0.93371;
13.9244;1.21145;-22.8967;-1.61476;-0.927142;
14.0443;1.19936;-23.0477;-1.51053;-0.899724;
14.1782;1.33902;-23.2126;-1.64886;-0.888726;
14.3147;1.36529;-23.3766;-1.64018;-0.876607;
14.4488;1.34066;-23.5196;-1.42965;-0.81751;
14.579;1.30188;-23.6801;-1.60474;-0.88922;
14.6998;1.2081;-23.8354;-1.55326;-0.909748;
14.8187;1.18935;-23.99;-1.54635;-0.915163;
14.9322;1.1344;-24.1566;-1.66545;-0.972846;
15.0435;1.11345;-24.3285;-1.71857;-0.995901;
15.1515;1.07982;-24.4971;-1.68624;-1.00122;
15.2592;1.0771;-24.6657;-1.68621;-1.00236;
15.3732;1.1402;-24.8553;-1.89627;-1.02943;
15.5059;1.32715;-25.0346;-1.79267;-0.933521;
15.6544;1.48412;-25.2182;-1.83597;-0.890982;
15.7831;1.28783;-25.362;-1.43828;-0.84053;
15.9063;1.23165;-25.5129;-1.50863;-0.886136;
16.0106;1.04318;-25.6705;-1.57573;-0.98601;
16.1211;1.10525;-25.8383;-1.67865;-0.988526;
16.2105;0.89398;-26.015;-1.76703;-1.10242;
16.295;0.844413;-26.1911;-1.76054;-1.12357;
16.3801;0.851475;-26.3647;-1.73616;-1.11483;
16.5091;1.28938;-26.558;-1.93336;-0.982623;
16.6144;1.05317;-26.712;-1.54013;-0.971013;
16.7172;1.02791;-26.8729;-1.60862;-1.00219;
16.8216;1.04372;-27.0361;-1.63217;-1.00186;
16.9381;1.16511;-27.2049;-1.68782;-0.966606;
17.0631;1.25013;-27.3753;-1.70421;-0.937904;
17.1759;1.1279;-27.5436;-1.68234;-0.98019;
17.2889;1.13031;-27.7057;-1.62116;-0.961937;
17.3967;1.07852;-27.8917;-1.85994;-1.04531;
17.5096;1.12846;-28.0514;-1.59727;-0.955728;
17.6204;1.10795;-28.2116;-1.60233;-0.965824;
17.7521;1.3176;-28.381;-1.69393;-0.909715;
17.8961;1.43924;-28.5493;-1.68265;-0.863207;
18.0032;1.0717;-28.7347;-1.85399;-1.04667;
18.0401;0.368215;-28.9497;-2.15069;-1.40123;
17.9099;-1.30167;-29.172;-2.22241;-2.10064;
17.7923;-1.1763;-29.3106;-1.38587;-2.27458;
17.6615;-1.30736;-29.4642;-1.53615;-2.27591;
17.5315;-1.30026;-29.6118;-1.47654;-2.2928;
17.4048;-1.26658;-29.7692;-1.57359;-2.24852;
17.2809;-1.23917;-29.9212;-1.51984;-2.25481;

17.124;-1.56885;29.9241;-1.54682;-2.36327;
16.9721;-1.51928;29.8008;-1.233;-2.45984;
16.8085;-1.63618;29.6914;-1.09405;-2.55221;
16.6402;-1.68279;29.585;-1.06432;-2.57764;
16.4571;-1.83129;29.4635;-1.21457;-2.55597;
16.3076;-1.49464;29.3648;-0.9877;-2.55764;
16.1338;-1.73867;29.2659;-0.988362;-2.62469;
15.9559;-1.779;29.1875;-0.783883;-2.72656;
15.7705;-1.85339;29.1169;-0.706302;-2.7775;
15.587;-1.83504;29.0618;-0.55104;-2.84987;
15.4044;-1.82658;29.0108;-0.510443;-2.86909;
15.1971;-2.0727;28.9464;-0.643683;-2.84048;
15.0114;-1.85724;28.8644;-0.819756;-2.72593;
14.8304;-1.81005;28.7712;-0.931888;-2.66614;
14.6436;-1.86733;28.6686;-1.02662;-2.63892;
14.4628;-1.80838;28.5727;-0.958341;-2.65428;
14.3197;-1.43094;28.4656;-1.07131;-2.49894;
14.1541;-1.65565;28.3593;-1.06346;-2.57063;
14.028;-1.26134;28.2341;-1.25122;-2.36022;
13.8595;-1.68465;28.1082;-1.2598;-2.49949;
13.6697;-1.89792;28.0078;-1.00358;-2.65519;
13.4804;-1.89306;27.9309;-0.768864;-2.7558;
13.2905;-1.89966;27.8797;-0.511759;-2.87845;
13.1249;-1.65533;27.8552;-0.245055;-2.99462;
12.937;-1.87922;27.8254;-0.298333;-2.98415;
12.7395;-1.97486;27.7903;-0.351007;-2.96569;
12.5489;-1.90622;27.7464;-0.439091;-2.9152;
12.3608;-1.88104;27.7058;-0.405564;-2.92924;
12.1299;-2.30943;27.6743;-0.314857;-3.00609;
11.9412;-1.88624;27.6509;-0.234077;-3.01813;
11.7406;-2.00651;27.6203;-0.306255;-2.99013;
11.5299;-2.10634;27.5829;-0.374564;-2.96561;
11.3379;-1.92097;27.5544;-0.284896;-2.99436;
11.1256;-2.12257;27.5147;-0.396897;-2.95674;
10.9291;-1.96506;27.4743;-0.40372;-2.93896;
10.7527;-1.7643;27.4415;-0.327915;-2.95783;
10.5598;-1.92818;27.4052;-0.362865;-2.95558;
10.3622;-1.97628;27.3672;-0.38049;-2.95139;
10.1848;-1.77441;27.3359;-0.31242;-2.96731;
9.97652;-2.08253;27.2884;-0.475514;-2.91711;
9.75411;-2.2241;27.2407;-0.477087;-2.93029;
9.56801;-1.86098;27.2023;-0.384169;-2.93802;
9.36604;-2.01973;27.1246;-0.776762;-2.77444;
9.18793;-1.78109;27.0375;-0.870662;-2.68692;
8.99799;-1.89939;26.9555;-0.819656;-2.7342;
8.81057;-1.87416;26.8948;-0.607408;-2.82818;
8.62041;-1.90158;26.8234;-0.714442;-2.7822;
8.43582;-1.8459;26.7612;-0.621254;-2.81694;
8.23707;-1.98751;26.6796;-0.816141;-2.75195;
8.04474;-1.92334;26.6231;-0.565508;-2.85563;
7.86491;-1.79831;26.5782;-0.448496;-2.89718;
7.66346;-2.01447;26.546;-0.321888;-2.98314;
7.45116;-2.12298;26.5165;-0.295532;-3.00328;
7.25556;-1.95606;26.4973;-0.192295;-3.0436;
7.04849;-2.07067;26.4813;-0.159894;-3.06453;
6.86834;-1.8015;26.4761;-0.0518542;-3.11282;
6.66864;-1.99701;26.4689;-0.0717162;-3.1057;
6.48155;-1.8709;26.4554;-0.134777;-3.06968;
6.29616;-1.85388;26.4512;-0.0422903;-3.11878;
6.0996;-1.96558;26.451;-0.00197145;-3.14059;
5.91089;-1.88711;26.4669;0.158552;3.05777;
5.70126;-2.09627;26.4842;0.173128;3.05919;
5.48612;-2.15145;26.5197;0.354815;2.97814;
5.28558;-2.00535;26.5637;0.440784;2.92523;
5.08462;-2.00968;26.5996;0.358226;2.9652;
4.85928;-2.25338;26.6012;0.0169626;3.13407;
4.65167;-2.07613;26.607;0.0571164;3.11409;
4.45346;-1.98211;26.5871;-0.198848;-3.04161;
4.26499;-1.88462;26.5473;-0.397408;-2.93377;
4.05582;-2.09177;26.5033;-0.440566;-2.93401;
3.86714;-1.8868;26.4575;-0.457617;-2.90365;
3.67242;-1.94717;26.429;-0.284867;-2.99633;
3.47805;-1.94367;26.3814;-0.476093;-2.90138;
3.28389;-1.94166;26.3339;-0.475029;-2.90165;
3.06666;-2.17223;26.2844;-0.49507;-2.91751;
2.84795;-2.18717;26.261;-0.233747;-3.03513;
2.64958;-1.98369;26.2497;-0.113796;-3.08429;
2.44903;-2.0055;26.2544;0.0476399;3.11784;
2.24538;-2.03651;26.2666;0.121811;3.08185;
2.04367;-2.01707;26.2734;0.0676965;3.10804;
1.8523;-1.91373;26.2937;0.203658;3.03557;
1.65669;-1.95608;26.3197;0.25973;3.00958;
1.44022;-2.16468;26.3519;0.321492;2.99415;
1.25053;-1.89686;26.4012;0.493829;2.88691;
1.0491;-2.01437;26.4345;0.332832;2.97784;
0.851701;-1.97396;26.4683;0.338256;2.97188;
0.649947;-2.01754;26.5056;0.372819;2.95887;
0.454768;-1.95179;26.5401;0.345043;2.96662;
0.256598;-1.9817;26.5805;0.404049;2.94046;
0.0425909;-2.14007;26.5576;-0.229112;-3.03494;
-0.1526;-1.95191;26.5307;-0.268976;-3.00465;
-0.352572;-1.99972;26.5038;-0.268928;-3.00791;
-0.55976;-2.07188;26.4389;-0.649876;-2.83765;
-0.744878;-1.85118;26.3587;-0.801909;-2.73281;
-0.903582;-1.58704;26.2834;-0.752687;-2.69874;
-1.05191;-1.48329;26.1228;-1.60582;-2.31655;
-1.21206;-1.60149;25.9907;-1.321;-2.45188;
-1.36169;-1.49632;25.8558;-1.34936;-2.40779;
-1.51423;-1.52538;25.7328;-1.22998;-2.463;
-1.66085;-1.46622;25.6317;-1.01125;-2.53782;
-1.83076;-1.69905;25.5121;-1.19577;-2.52833;
-1.9846;-1.53844;25.3933;-1.1875;-2.48423;
-2.14436;-1.59759;25.2608;-1.32484;-2.44925;
-2.28744;-1.43081;25.1421;-1.18741;-2.44889;
-2.42359;-1.36143;25.0027;-1.39423;-2.34429;
-2.55193;-1.2835;24.8529;-1.49738;-2.27943;
-2.68244;-1.305;24.701;-1.51944;-2.28042;
-2.82156;-1.39126;24.5581;-1.429;-2.34281;
-2.94131;-1.19748;24.4215;-1.36585;-2.2906;
-3.06573;-1.24421;24.2811;-1.40371;-2.29603;
-3.2114;-1.45668;24.1262;-1.54974;-2.32525;
-3.32898;-1.17586;23.9744;-1.51748;-2.23003;
-3.44923;-1.2025;23.8253;-1.49125;-2.24941;
-3.57565;-1.26417;23.6548;-1.70448;-2.20895;
-3.72652;-1.50868;23.4967;-1.58127;-2.33271;
-3.86845;-1.41932;23.3346;-1.62155;-2.28979;
-4.02271;-1.54263;23.2144;-1.20149;-2.47988;
-4.17085;-1.48132;23.0807;-1.33671;-2.40746;
-4.32418;-1.53334;22.9511;-1.29669;-2.43962;
-4.49021;-1.66026;22.8338;-1.17245;-2.52673;
-4.64348;-1.53275;22.7382;-0.956432;-2.58371;
-4.79781;-1.54326;22.6287;-1.09533;-2.52435;
-4.95047;-1.52667;22.5224;-1.06226;-2.53369;
-5.13768;-1.8721;22.4133;-1.09094;-2.61396;
-5.30918;-1.715;22.3219;-0.914297;-2.6518;
-5.47458;-1.65398;22.2296;-0.923108;-2.63254;
-5.63988;-1.65302;22.1319;-0.977401;-2.60761;
-5.80815;-1.6827;22.0285;-1.03308;-2.59099;
-5.97705;-1.68898;21.92;-1.08514;-2.57052;
-6.17511;-1.98059;21.7979;-1.22147;-2.58897;
-6.33588;-1.60771;21.6786;-1.19279;-2.50328;
-6.47865;-1.42772;21.564;-1.14565;-2.46537;
-6.62753;-1.48872;21.4421;-1.21978;-2.45517;
-6.77454;-1.47011;21.3154;-1.26676;-2.43036;
-6.90011;-1.25572;21.1415;-1.73884;-2.19624;
-7.03743;-1.37316;20.9944;-1.47128;-2.32171;
-7.18892;-1.51497;20.8639;-1.3047;-2.43063;
-7.35211;-1.63186;20.732;-1.31886;-2.46187;
-7.4905;-1.38397;20.611;-1.21004;-2.42315;
-7.66502;-1.74515;20.5052;-1.05809;-2.59655;
-7.81179;-1.4677;20.4198;-0.854035;-2.6146;
-7.98776;-1.75969;20.3543;-0.655351;-2.78508;
-8.15931;-1.71547;20.3177;-0.366066;-2.93135;
-8.3808;-2.21492;20.3103;-0.0733492;-3.10849;
-8.58005;-1.99256;20.2836;-0.267389;-3.0082;
-8.7838;-2.0375;20.2069;-0.766993;-2.78156;
-8.96101;-1.77203;20.0856;-1.21247;-2.54153;
-9.12047;-1.59464;19.9616;-1.24073;-2.48037;
-9.26948;-1.49012;19.8355;-1.26074;-2.43939;
-9.38899;-1.19505;19.7012;-1.34316;-2.29791;
-9.53283;-1.43842;19.557;-1.44222;-2.35488;
-9.6938;-1.60968;19.4269;-1.30055;-2.46202;
-9.84289;-1.49094;19.3056;-1.21286;-2.45868;
-10.0131;-1.70197;19.195;-1.10631;-2.56521;
-10.1884;-1.75328;19.0838;-1.11208;-2.57634;
-10.3588;-1.70411;18.9776;-1.06213;-2.58423;
-10.5237;-1.64842;18.8633;-1.14255;-2.5355;
-10.6903;-1.66601;18.7443;-1.18966;-2.52148;
-10.8518;-1.6152;18.6315;-1.12867;-2.53168;
-11.0186;-1.66831;18.5331;-0.983359;-2.60898;
-11.1897;-1.71076;18.4442;-0.889249;-2.66223;
-11.3645;-1.74823;18.3437;-1.00516;-2.61979;
-11.536;-1.71448;18.2414;-1.02339;-2.60345;
-11.7019;-1.65897;18.1333;-1.08049;-2.5643;
-11.8675;-1.65607;18.0197;-1.13581;-2.54043;
-12.0509;-1.8338;17.9131;-1.0659;-2.61507;
-12.2306;-1.79771;17.811;-1.02147;-2.62488;
-12.4129;-1.82258;17.7027;-1.08298;-2.60545;
-12.5637;-1.5086;17.5804;-1.22321;-2.46029;
-12.7192;-1.55487;17.4358;-1.44593;-2.39248;
-12.856;-1.36795;17.3182;-1.17537;-2.43177;
-13.0146;-1.58608;17.2151;-1.03127;-2.56508;
-13.1835;-1.68899;17.1373;-0.778521;-2.70968;
-13.3645;-1.8101;17.0662;-0.711005;-2.76731;
-13.5858;-2.21222;17.0438;-0.223817;-3.04076;
-13.7831;-1.97376;17.0103;-0.334699;-2.97362;
-14.0214;-2.38293;17.0284;0.181108;3.06574;
-14.2026;-1.81215;17.1319;1.0345;2.62287;
-14.3104;-1.07782;17.3459;2.14017;2.03733;
-14.3919;-0.814496;17.5306;1.84663;1.9862;
-14.4609;-0.690332;17.7;1.69426;1.95771;
-14.5424;-0.815302;17.8819;1.81935;1.99209;
-14.5974;-0.549624;18.0798;1.97893;1.84171;
-14.673;-0.756377;18.2803;2.00536;1.93147;
-14.7303;-0.572995;18.4846;2.04273;1.84427;
-14.8166;-0.86283;18.6601;1.75522;2.02768;
-14.8833;-0.666915;18.8602;2.00024;1.89262;
-14.9613;-0.780261;19.0468;1.86671;1.96671;
-15.0477;-0.863743;19.2335;1.86667;2.00418;
-15.1235;-0.757419;19.4096;1.76071;1.97704;
-15.2093;-0.858344;19.5906;1.80995;2.01362;
-15.2782;-0.688729;19.7779;1.87339;1.9231;
-15.3738;-0.955923;19.9613;1.83359;2.05137;
-15.489;-1.15237;20.1266;1.65349;2.17946;
-15.5871;-0.981116;20.3025;1.75925;2.07952;
-15.7173;-1.30178;20.5076;2.05037;2.13648;
-15.8356;-1.18285;20.6748;1.67241;2.18639;
-15.923;-0.874445;20.8465;1.71665;2.04193;
-16.0375;-1.14485;20.9955;1.49048;2.22579;
-16.1296;-0.920864;21.1753;1.79811;2.0441;
-16.2497;-1.20067;21.3361;1.60768;2.21227;
-16.3494;-0.997907;21.5285;1.92354;2.04936;
-16.4942;-1.44783;21.6881;1.59634;2.30745;
-16.6002;-1.05954;21.8656;1.77519;2.1089;
-16.7285;-1.2836;22.0225;1.56885;2.25652;
-16.8259;-0.973141;22.1707;1.4823;2.15173;
-16.9463;-1.20442;22.3449;1.74183;2.17577;
-17.0683;-1.21966;22.5039;1.58989;2.22517;
-17.1747;-1.06473;22.6592;1.55313;2.17175;
-17.3144;-1.39688;22.8141;1.54889;2.30464;
-17.421;-1.06525;22.9869;1.72834;2.12315;
-17.548;-1.27055;23.1416;1.54646;2.25856;
-17.6584;-1.10409;23.3127;1.71157;2.1437;
-17.7873;-1.28875;23.4773;1.64591;2.23509;
-17.8689;-0.81575;23.6724;1.95107;1.96681;
-17.9995;-1.30601;23.8244;1.5199;2.28065;
-18.091;-0.914919;24.0008;1.76325;2.04944;
-18.21;-1.1902;24.1581;1.57335;2.21843;
-18.3152;-1.05251;24.3166;1.58497;2.15699;
-18.4169;-1.01634;24.4915;1.74871;2.09727;
-18.5119;-0.950487;24.656;1.64567;2.09456;
-18.6005;-0.885857;24.8457;1.89652;2.00778;
-18.7174;-1.16879;25.0278;1.82146;2.1413;
-18.8013;-0.839111;25.2087;1.80869;2.00518;
-18.9068;-1.05469;25.373;1.64275;2.14155;
-18.9824;-0.756339;25.5486;1.7567;1.97735;
-19.0965;-1.14089;25.7209;1.72258;2.15578;
-19.1665;-0.700236;25.9107;1.89846;1.92416;
-19.2597;-0.932057;26.0981;1.87333;2.03248;
-19.3287;-0.689602;26.2883;1.9018;1.91866;
-19.4043;-0.755942;26.4831;1.94833;1.94091;
-19.4653;-0.609936;26.6843;2.01249;1.86507;
-19.5362;-0.70946;26.8448;1.60508;1.98699;
-19.604;-0.677777;27.0295;1.84647;1.92259;
-19.6819;-0.779532;27.2253;1.95773;1.94973;
-19.7617;-0.797907;27.429;2.03775;1.94401;
-19.8256;-0.638254;27.6204;1.91387;1.89269;
-19.898;-0.724574;27.8125;1.92079;1.93152;
-19.9511;-0.531223;27.9936;1.81089;1.85614;
-20.0297;-0.78526;28.1797;1.86136;1.97002;
-20.0887;-0.590626;28.3705;1.90793;1.871;
-20.1877;-0.989993;28.5602;1.89681;2.05183;
-20.2609;-0.731784;28.7448;1.84633;1.94815;
-20.3435;-0.825737;28.9474;2.02578;1.95785;
-20.4021;-0.586229;29.1212;1.73781;1.89615;
-20.4882;-0.861548;29.3047;1.83528;2.0097;
-20.5714;-0.831261;29.4838;1.79041;2.00547;
-20.6525;-0.811242;29.6559;1.72135;2.01121;
-20.7451;-0.926285;29.8397;1.83828;2.03755;

-20.8248;-0.796454;-29.983;1.77228;1.99315;
-20.9437;-1.18913;-29.8334;1.4965;2.24224;
-21.0486;-1.04932;-29.6704;1.63038;2.14266;
-21.1671;-1.18482;-29.5092;1.61125;2.20485;
-21.2771;-1.10011;-29.3453;1.63962;2.16176;
-21.4069;-1.29801;-29.1891;1.56118;2.26441;
-21.4904;-0.835084;-29.0228;1.66384;2.03597;
-21.6324;-1.41937;-28.8466;1.76146;2.24906;
-21.743;-1.10607;-28.6743;1.72303;2.14148;
-21.8633;-1.20298;-28.5352;1.39082;2.2839;
-21.9612;-0.979625;-28.3621;1.73166;2.08562;
-22.0749;-1.13697;-28.1965;1.65606;2.17244;
-22.1765;-1.01533;-28.024;1.72461;2.10289;
-22.2695;-0.930533;-27.8713;1.52721;2.11803;
-22.3742;-1.04738;-27.6965;1.74763;2.11071;
-22.468;-0.937695;-27.5156;1.80912;2.04899;
-22.5588;-0.907428;-27.3381;1.77464;2.04347;
-22.6336;-0.748175;-27.1805;1.57593;2.01404;
-22.7333;-0.996908;-27.0042;1.76299;2.08544;
-22.8031;-0.698568;-26.8037;2.00573;1.90594;
-22.8945;-0.914015;-26.6252;1.78525;2.04398;
-22.9457;-0.5118;-26.4269;1.98285;1.8234;
-22.9975;-0.518254;-26.2258;2.01021;1.82311;
-23.0566;-0.590843;-26.0368;1.89036;1.87373;
-23.0862;-0.295353;-25.8497;1.87066;1.72739;
-23.1522;-0.66098;-25.6543;1.95476;1.89687;
-23.2097;-0.574067;-25.4337;2.20535;1.82545;
-23.2317;-0.220098;-25.2333;2.0044;1.68017;
-23.2784;-0.467227;-25.0614;1.71895;1.83619;
-23.3007;-0.222657;-24.8824;1.79025;1.69453;
-23.3526;-0.518975;-24.6803;2.02032;1.82224;
-23.3794;-0.268965;-24.5029;1.77453;1.72122;
-23.416;-0.365706;-24.2878;2.15128;1.73918;
-23.4582;-0.421672;-24.09;1.97756;1.78088;
-23.5117;-0.53549;-23.882;2.07999;1.82277;
-23.5566;-0.449027;-23.6711;2.10879;1.78059;
-23.5956;-0.389785;-23.4752;1.95947;1.76716;
-23.6259;-0.303089;-23.2794;1.95822;1.72436;
-23.6671;-0.411634;-23.0752;2.04174;1.76974;
-23.6986;-0.315308;-22.8748;2.00336;1.72691;
-23.737;-0.384148;-22.6683;2.06597;1.75464;
-23.7473;-0.10299;-22.4648;2.03431;1.62138;
-23.7816;-0.342961;-22.2787;1.86122;1.75302;
-23.7964;-0.147562;-22.0784;2.00336;1.64432;
-23.8182;-0.217814;-21.8845;1.9387;1.68268;
-23.8377;-0.195206;-21.6964;1.88087;1.67421;
-23.8369;0.0076719;-21.4808;2.15611;1.56724;
-23.8581;-0.212251;-21.2902;1.90565;1.68172;
-23.8658;-0.0770017;-21.0957;1.94563;1.61035;
-23.8752;-0.0936105;-20.8896;2.06075;1.61619;
-23.8906;-0.154101;-20.6808;2.08809;1.64446;
-23.8804;0.102575;-20.5063;1.7452;1.51209;
-23.8635;0.168905;-20.3149;1.91393;1.48277;
-23.8511;0.12406;-20.1159;1.98988;1.50853;
-23.8436;0.0750835;-19.9269;1.88966;1.53108;
-23.8253;0.182576;-19.7444;1.82547;1.47111;
-23.7938;0.314536;-19.5661;1.78269;1.39615;
-23.794;-0.00139956;-19.3811;1.85044;1.57155;
-23.7562;0.377804;-19.1891;1.91922;1.37643;
-23.7455;0.107086;-18.9931;1.96065;1.51623;
-23.707;0.38497;-18.7991;1.93984;1.37489;
-23.6812;0.257614;-18.6164;1.82709;1.43072;
-23.6441;0.371741;-18.4175;1.9886;1.38599;
-23.607;0.370721;-18.2272;1.90363;1.37846;
-23.5726;0.343793;-18.0156;2.11544;1.40969;
-23.5031;0.695575;-17.8156;2.00015;1.23612;
-23.4568;0.462805;-17.6107;2.04934;1.34869;
-23.3972;0.59598;-17.4224;1.88248;1.26419;
-23.3493;0.478747;-17.2283;1.9416;1.32904;
-23.3114;0.379377;-17.0276;2.00662;1.38394;
-23.2489;0.624545;-16.8267;2.00863;1.26934;
-23.1851;0.637841;-16.6525;1.74178;1.21976;
-23.1431;0.420658;-16.4343;2.18276;1.38041;
-23.0694;0.736674;-16.2445;1.89734;1.20045;
-22.9997;0.697088;-16.0573;1.87224;1.21437;
-22.931;0.687016;-15.8842;1.73068;1.19291;
-22.8403;0.907259;-15.7022;1.82084;1.10854;
-22.7192;1.21057;-15.5415;1.60641;0.925002;
-22.6193;0.998876;-15.3395;2.01988;1.11154;
-22.4592;1.60148;-15.2059;1.33586;0.695215;
-22.3529;1.06272;-15.0225;1.83464;1.04577;
-22.1551;1.97812;-14.8994;1.23112;0.556705;
-22.0159;1.39135;-14.7378;1.61528;0.859741;
-21.8189;1.97051;-14.6536;0.842644;0.404095;
-21.6322;1.8666;-14.5168;1.36799;0.632451;
-21.4527;1.79507;-14.4289;0.879223;0.455454;
-21.2638;1.88931;-14.3349;0.94002;0.461684;
-21.0647;1.99043;-14.2745;0.603204;0.294255;
-20.8958;1.68953;-14.1952;0.792949;0.438813;
-20.6888;2.06961;-14.1593;0.359527;0.172001;
-20.5086;1.80249;-14.0971;0.621417;0.331995;
-20.3123;1.96276;-14.054;0.431015;0.216166;
-20.1236;1.88744;-13.9948;0.592045;0.303957;
-19.9273;1.96284;-13.9386;0.562492;0.27909;
-19.7343;1.93004;-13.8837;0.548739;0.277005;
-19.5488;1.85432;-13.8084;0.753609;0.386018;
-19.3654;1.83448;-13.7413;0.670388;0.350361;
-19.1931;1.72251;-13.6569;0.844363;0.455772;
-19.0163;1.76891;-13.6113;0.45552;0.252039;
-18.8312;1.851;-13.5002;1.11094;0.540555;
-18.6546;1.76601;-13.4361;0.64095;0.348154;
-18.4843;1.7025;-13.3019;1.34195;0.66752;
-18.2794;2.04878;-13.2166;0.853438;0.394699;
-18.113;1.66397;-13.0931;1.23504;0.638504;
-17.9205;1.92571;-13.0159;0.771886;0.381224;
-17.7335;1.86954;-12.8946;1.21344;0.575714;
-17.5548;1.78707;-12.8151;0.794208;0.418204;
-17.3754;1.79363;-12.7161;0.990379;0.504503;
-17.2011;1.74366;-12.6533;0.628297;0.345849;
-17.0259;1.7519;-12.553;1.00299;0.519964;
-16.8375;1.88382;-12.5454;0.0759223;0.0402806;
-16.6422;1.95249;-12.4104;1.35019;0.605013;
-16.4147;2.27538;-12.3757;0.347081;0.151371;
-16.2383;1.76395;-12.2598;1.15849;0.581109;
-16.0197;2.18609;-12.2205;0.392669;0.177726;
-15.8351;1.84572;-12.0925;1.28052;0.606538;
-15.6282;2.06944;-12.0501;0.424079;0.202126;
-15.4433;1.84897;-11.9088;1.41288;0.652494;
-15.2296;2.13696;-11.8727;0.360636;0.167186;
-15.0203;2.09269;-11.7141;1.58607;0.648545;
-14.8151;2.05259;-11.6556;0.584839;0.277572;
-14.6602;1.54824;-11.4642;1.91469;0.890827;
-14.4675;1.92711;-11.3654;0.987854;0.473684;
-14.3484;1.19183;-11.13;2.35421;1.10216;
-14.1872;1.61126;-10.9976;1.32342;0.687626;
-14.1542;0.330037;-10.7407;2.56889;1.44302;
-14.0111;1.43168;-10.5553;1.85393;0.913214;
-14.0377;-0.266649;-10.2939;2.61488;1.67242;
-13.9972;0.405518;-10.0917;2.02179;1.37285;
-14.0623;-0.651821;-9.86701;2.24666;1.85317;
-14.0432;0.19141;-9.66388;2.03133;1.47684;
-14.1242;-0.809784;-9.46015;2.03722;1.94914;
-14.0884;0.357989;-9.22881;2.31343;1.41727;
-14.1545;-0.661011;-9.01141;2.17399;1.86597;
-14.1137;0.408028;-8.78233;2.29077;1.39453;
-14.1761;-0.624075;-8.55616;2.26169;1.84003;
-14.1581;0.179501;-8.30358;2.52584;1.49985;
-14.2838;-1.25668;-8.10022;2.03364;2.12431;
-14.2917;-0.0791859;-7.8895;2.10714;1.60836;
-14.4502;-1.58489;-7.68588;2.03624;2.23219;
-14.5189;-0.686803;-7.48385;2.02031;1.89849;
-14.6693;-1.50448;-7.33055;1.53295;2.34682;
-14.7288;-0.594675;-7.10846;2.22089;1.83242;
-14.9009;-1.72095;-6.94487;1.63595;2.38151;
-14.9549;-0.539957;-6.71051;2.34357;1.79724;
-15.1065;-1.51623;-6.52305;1.87464;2.25089;
-15.1568;-0.502227;-6.30558;2.1747;1.79776;
-15.3055;-1.48702;-6.1455;1.60077;2.31937;
-15.3446;-0.390965;-5.91491;2.30594;1.73875;
-15.5082;-1.63685;-5.74026;1.74648;2.3238;
-15.562;-0.53726;-5.5186;2.21662;1.80859;
-15.7311;-1.6909;-5.35527;1.63326;2.37353;
-15.7986;-0.675665;-5.14141;2.13857;1.87681;
-15.9821;-1.83445;-4.98555;1.55858;2.43732;
-16.0513;-0.692099;-4.78598;1.99572;1.90461;
-16.277;-2.25705;-4.6484;1.37582;2.59417;
-16.4209;-1.43922;-4.46777;1.80631;2.24357;
-16.6568;-2.35879;-4.41036;0.574131;2.90283;
-16.8415;-1.84693;-4.33245;0.779052;2.74243;
-17.0589;-2.17473;-4.3604;-0.279485;-3.01378;
-17.2739;-2.14934;-4.29204;0.683604;2.83366;
-17.5029;-2.29067;-4.38254;-0.905031;-2.76532;
-17.7028;-1.99817;-4.41865;-0.361135;-2.96279;
-17.8924;-1.89591;-4.56747;-1.48817;-2.4761;
-18.1504;-2.58085;-4.6139;-0.464301;-2.96359;
-18.3218;-1.71342;-4.79102;-1.77121;-2.33961;
-18.5438;-2.21973;-4.87428;-0.832524;-2.78277;
-18.7136;-1.69846;-5.05424;-1.79967;-2.32727;
-18.9132;-1.99647;-5.13584;-0.815928;-2.75362;
-19.0447;-1.31485;-5.32424;-1.88409;-2.18009;
-19.2589;-2.14138;-5.41922;-0.949751;-2.72414;
-19.3902;-1.31378;-5.61577;-1.96555;-2.16;
-19.5977;-2.0747;-5.71142;-0.95648;-2.70961;
-19.7229;-1.25145;-5.91546;-2.04034;-2.12098;
-19.9518;-2.28964;-5.99457;-0.791101;-2.80892;
-20.1147;-1.62878;-6.2103;-2.15735;-2.21748;
-20.3023;-1.87603;-6.31828;-1.07982;-2.61932;
-20.4381;-1.35766;-6.52022;-2.01939;-2.1627;
-20.644;-2.05912;-6.62495;-1.04723;-2.6711;
-20.7583;-1.14319;-6.81976;-1.94814;-2.10146;
-21.0044;-2.46051;-6.95246;-1.32696;-2.647;
-21.1273;-1.22992;-7.14391;-1.9145;-2.14182;
-21.3325;-2.05117;-7.26923;-1.25327;-2.59312;
-21.4446;-1.12174;-7.46817;-1.98938;-2.08422;
-21.6372;-1.92579;-7.58475;-1.16582;-2.59723;
-21.7522;-1.15027;-7.78448;-1.99724;-2.09333;
-21.954;-2.01731;-7.90931;-1.24837;-2.58744;
-22.0619;-1.0796;-8.14705;-2.37733;-1.99707;
-22.2455;-1.83605;-8.28204;-1.34994;-2.5076;
-22.337;-0.914197;-8.4918;-2.09756;-1.98181;
-22.5008;-1.63886;-8.63508;-1.43287;-2.42315;
-22.5791;-0.782435;-8.85516;-2.20072;-1.91239;
-22.7482;-1.69152;-8.97957;-1.24419;-2.5074;
-22.8309;-0.826361;-9.21558;-2.36009;-1.9076;
-22.9718;-1.40873;-9.37848;-1.62896;-2.28382;
-23.0287;-0.569223;-9.59233;-2.13848;-1.83095;
-23.1694;-1.40679;-9.75784;-1.65512;-2.27527;
-23.2027;-0.333163;-9.99329;-2.35448;-1.71136;
-23.3269;-1.24209;-10.1766;-1.8336;-2.1662;
-23.3314;-0.0451846;-10.384;-2.07359;-1.59258;
-23.473;-1.41618;-10.584;-2.00043;-2.18683;
-23.4985;-0.255158;-10.8003;-2.16201;-1.68827;
-23.6408;-1.42229;-10.9848;-1.84567;-2.22735;
-23.6548;-0.140515;-11.2129;-2.28082;-1.63233;
-23.7975;-1.42661;-11.411;-1.98062;-2.19501;
-23.8585;-0.609805;-11.6344;-2.23471;-1.83719;
-23.9881;-1.29679;-11.8367;-2.02239;-2.14097;
-24.0326;-0.445175;-12.0448;-2.0811;-1.78153;
-24.1779;-1.45207;-12.2164;-1.71623;-2.27301;
-24.214;-0.361262;-12.4291;-2.12733;-1.73901;
-24.3574;-1.43384;-12.5965;-1.67328;-2.27928;
-24.4012;-0.437847;-12.81;-2.13491;-1.77308;
-24.5575;-1.56374;-12.9753;-1.6532;-2.32839;
-24.6222;-0.646614;-13.1916;-2.16362;-1.8612;
-24.8045;-1.82267;-13.3506;-1.58993;-2.42429;
-24.8967;-0.922935;-13.5493;-1.98657;-2.00571;
-25.0953;-1.98593;-13.6949;-1.4561;-2.50893;
-25.2123;-1.16945;-13.8919;-1.96963;-2.1066;
-25.4364;-2.24145;-13.9876;-0.957112;-2.73802;
-25.5553;-1.18894;-14.1486;-1.61039;-2.20676;
-25.7706;-2.1525;-14.217;-0.683821;-2.83399;
-25.926;-1.55385;-14.3887;-1.71732;-2.30626;
-26.1428;-2.16826;-14.4451;-0.564073;-2.88708;
-26.3143;-1.71497;-14.5928;-1.47717;-2.43055;
-26.53;-2.15718;-14.6475;-0.5468;-2.89334;
-26.7013;-1.71311;-14.7856;-1.38037;-2.46335;
-26.9425;-2.4119;-14.8125;-0.269521;-3.03031;
-27.1275;-1.84968;-14.9608;-1.48259;-2.46591;
-27.3686;-2.41156;-14.9967;-0.35953;-2.9936;
-27.5444;-1.75794;-15.1492;-1.52458;-2.42717;
-27.7879;-2.43506;-15.1738;-0.245871;-3.04096;
-27.9814;-1.93502;-15.2795;-1.05694;-2.64166;
-28.2037;-2.22231;-15.2837;-0.0421399;-3.12263;
-28.3885;-1.84793;-15.4027;-1.19021;-2.56939;
-28.6393;-2.50812;-15.4259;-0.232382;-3.0492;
-28.831;-1.91704;-15.5589;-1.33;-2.53505;
-29.047;-2.16024;-15.5477;0.112336;3.08964;
-29.2145;-1.67554;-15.6518;-1.04065;-2.58581;
-29.4262;-2.11654;-15.6905;-0.387512;-2.96051;
-29.6197;-1.93511;-15.7392;-0.486596;-2.89524;
-29.7998;-1.80104;-15.7969;-0.576706;-2.8317;
-29.9869;-1.87043;-15.8528;-0.559044;-2.85116;

29.8247;-1.88423;-15.9115;-0.587593;-2.8393;
29.6338;-1.90939;-16.02;-1.08516;-2.62479;
29.4132;-2.20572;-16.0491;-0.290186;-3.01078;
29.2222;-1.9099;-16.1572;-1.08151;-2.62635;
29.0236;-1.98614;-16.1532;0.0402345;3.12134;
28.82;-2.03585;-16.2681;-1.14929;-2.62766;
28.622;-1.98041;-16.3323;-0.641557;-2.82831;
28.4484;-1.73631;-16.455;-1.22753;-2.5262;
28.2318;-2.16595;-16.5075;-0.524414;-2.90405;
28.0604;-1.71342;-16.6357;-1.28237;-2.4991;
27.8298;-2.30634;-16.6726;-0.36941;-2.98277;
27.6483;-1.81447;-16.8188;-1.46148;-2.46353;
27.4294;-2.18909;-16.8722;-0.534229;-2.90223;
27.2447;-1.84686;-16.9882;-1.1599;-2.58081;
27.0048;-2.39948;-17.0133;-0.251463;-3.03717;
26.8101;-1.94711;-17.098;-0.846136;-2.73165;
26.6054;-2.04663;-17.1151;-0.171713;-3.05789;
26.4262;-1.7923;-17.1947;-0.796059;-2.72361;
26.2229;-2.03303;-17.2108;-0.160771;-3.06268;
26.0275;-1.9538;-17.3036;-0.928025;-2.69816;
25.8108;-2.16664;-17.318;-0.143637;-3.07539;
25.596;-2.14836;-17.4296;-1.11618;-2.66243;
25.3555;-2.40505;-17.4633;-0.336894;-3.00242;
25.1448;-2.10714;-17.5363;-0.730468;-2.80789;
24.9272;-2.17559;-17.6038;-0.674696;-2.84088;
24.7335;-1.93763;-17.6706;-0.668166;-2.80952;
24.5247;-2.08789;-17.7652;-0.94608;-2.71614;
24.3516;-1.73061;-17.8035;-0.382539;-2.92405;
24.1948;-1.56819;-17.9324;-1.28894;-2.45362;
23.9769;-2.17865;-17.9767;-0.443524;-2.94076;
23.8239;-1.52987;-18.1453;-1.6858;-2.30774;
23.6088;-2.15187;-18.2207;-0.75402;-2.80456;
23.4732;-1.35555;-18.3763;-1.55623;-2.28738;
23.2766;-1.96572;-18.4666;-0.902865;-2.71103;
23.1329;-1.43681;-18.6505;-1.83871;-2.2341;
22.9407;-1.92239;-18.7698;-1.19332;-2.58606;
22.8209;-1.19833;-18.9529;-1.8309;-2.15033;
22.6538;-1.67029;-19.0922;-1.39246;-2.44666;
22.558;-0.958806;-19.2933;-2.01145;-2.01561;
22.408;-1.49999;-19.432;-1.38685;-2.39537;
22.3313;-0.767058;-19.6311;-1.99072;-1.93858;
22.1682;-1.63033;-19.7753;-1.44238;-2.41729;
22.0949;-0.733549;-20.001;-2.25675;-1.88507;
21.9407;-1.54187;-20.1771;-1.76082;-2.29;
21.8635;-0.771382;-20.3904;-2.13361;-1.91771;
21.7864;-0.771825;-20.5948;-2.04334;-1.93196;
21.7106;-0.758111;-20.7883;-1.9357;-1.94408;
21.6467;-0.638416;-20.9719;-1.83567;-1.90549;
21.5464;-1.00267;-21.1454;-1.73539;-2.09471;
21.4992;-0.472879;-21.3385;-1.93082;-1.81098;
21.3944;-1.04729;-21.5367;-1.98228;-2.05685;
21.3541;-0.403181;-21.7368;-2.0007;-1.76965;
21.2704;-0.837529;-21.9378;-2.01037;-1.96553;
21.1955;-0.748438;-22.1304;-1.92567;-1.94149;
21.1606;-0.349153;-22.327;-1.96554;-1.7466;
21.0664;-0.94206;-22.491;-1.64001;-2.0922;
21.0481;-0.182456;-22.7073;-2.16363;-1.65493;
20.9288;-1.19377;-22.9095;-2.02158;-2.10421;
20.91;-0.18806;-23.1173;-2.07793;-1.66105;
20.8087;-1.01237;-23.3095;-1.92177;-2.05564;
20.7651;-0.436131;-23.4954;-1.85969;-1.80115;
20.6666;-0.985518;-23.6808;-1.85361;-2.05946;
20.6204;-0.462088;-23.8887;-2.0793;-1.78948;
20.5028;-1.17602;-24.0954;-2.0669;-2.08809;
20.4838;-0.189349;-24.3148;-2.19345;-1.65691;
20.3909;-0.929613;-24.5152;-2.00493;-2.00495;
20.3855;-0.053974;-24.7295;-2.14263;-1.59598;
20.2936;-0.918148;-24.9381;-2.08624;-1.98538;
20.2674;-0.262353;-25.1313;-1.93136;-1.70581;
20.1847;-0.826791;-25.3146;-1.83331;-1.99447;
20.1559;-0.288208;-25.5413;-2.26657;-1.69727;
20.066;-0.898921;-25.7337;-1.92447;-2.00778;
20.0305;-0.35563;-25.9398;-2.06135;-1.74164;
19.9298;-1.00657;-26.1249;-1.85017;-2.06905;
19.9156;-0.141696;-26.3351;-2.10191;-1.63811;
19.8374;-0.782723;-26.5405;-2.05409;-1.93487;
19.7594;-0.780008;-26.7288;-1.88313;-1.96349;
19.7009;-0.584168;-26.927;-1.98259;-1.85734;
19.6016;-0.993225;-27.1155;-1.88506;-2.05573;
19.5381;-0.63558;-27.3081;-1.92599;-1.88955;
19.4149;-1.23206;-27.485;-1.76905;-2.17914;
19.3357;-0.791233;-27.6798;-1.94741;-1.95672;
19.2016;-1.34162;-27.8109;-1.31083;-2.3678;
19.1084;-0.93169;-28.0127;-2.01803;-2.00332;
18.9392;-1.69171;-28.1833;-1.70598;-2.35199;
18.8186;-1.20666;-28.3446;-1.61314;-2.21303;
18.6335;-1.85061;-28.4852;-1.406;-2.49188;
18.516;-1.17498;-28.6551;-1.69874;-2.17592;
18.3467;-1.69261;-28.789;-1.33974;-2.47204;
18.2151;-1.31651;-28.9613;-1.72297;-2.22326;
18.0527;-1.62356;-29.0723;-1.10949;-2.54212;
17.9189;-1.33808;-29.2424;-1.70174;-2.23713;
17.7402;-1.78742;-29.373;-1.30568;-2.5107;
17.6108;-1.29359;-29.5438;-1.70781;-2.21905;
17.465;-1.45814;-29.6856;-1.41807;-2.37012;
17.3158;-1.49237;-29.7979;-1.12303;-2.49648;
17.1557;-1.6006;-29.9188;-1.20862;-2.49483;

16.9965;-1.59198;29.9637;-1.17481;-2.50584;
16.8421;-1.54374;29.8173;-1.46462;-2.38249;
16.6767;-1.65402;29.7019;-1.15393;-2.53244;
16.5116;-1.65162;29.586;-1.15879;-2.52979;
16.3428;-1.68747;29.484;-1.02059;-2.59765;
16.1637;-1.79139;29.375;-1.08978;-2.59506;
15.9926;-1.7106;29.2673;-1.07653;-2.57989;
15.8071;-1.85543;29.172;-0.953202;-2.66702;
15.6283;-1.78832;29.072;-0.999622;-2.63189;
15.4402;-1.88098;28.9775;-0.945007;-2.67603;
15.2643;-1.75807;28.885;-0.925447;-2.65705;
15.1048;-1.5959;28.7832;-1.01778;-2.57388;
14.9333;-1.71506;28.7287;-0.544699;-2.83407;
14.7624;-1.70901;28.5969;-1.31804;-2.48464;
14.5566;-2.05778;28.5238;-0.731029;-2.80025;
14.3813;-1.7528;28.4245;-0.993;-2.62615;
14.1961;-1.85178;28.3369;-0.876713;-2.69941;
14.0106;-1.855;28.2639;-0.729851;-2.76675;
13.824;-1.86591;28.1858;-0.780447;-2.74544;
13.6442;-1.79873;28.1145;-0.713236;-2.76409;
13.4552;-1.88951;28.0429;-0.716386;-2.7792;
13.252;-2.03246;27.9999;-0.429893;-2.93315;
13.0859;-1.66011;27.9089;-0.910351;-2.64;
12.876;-2.09923;27.8741;-0.347432;-2.97758;
12.6879;-1.88108;27.7914;-0.826638;-2.72755;
12.4772;-2.10683;27.7657;-0.256983;-3.02022;
12.2856;-1.91655;27.6859;-0.79854;-2.74681;
12.0923;-1.9331;27.6598;-0.260825;-3.00748;
11.894;-1.98224;27.6053;-0.54514;-2.87322;
11.6969;-1.97184;27.5555;-0.497936;-2.89424;
11.5102;-1.86687;27.4987;-0.568292;-2.8461;
11.3117;-1.98432;27.4724;-0.263069;-3.00979;
11.1187;-1.93033;27.3999;-0.724328;-2.78261;
10.9157;-2.03036;27.371;-0.289741;-2.99985;
10.725;-1.90643;27.2945;-0.764703;-2.76012;
10.5327;-1.92361;27.2852;-0.0930039;-3.09328;
10.3487;-1.83964;27.1882;-0.969861;-2.65642;
10.1275;-2.21235;27.1749;-0.133007;-3.08154;
9.9337;-1.93772;27.0889;-0.860095;-2.72385;
9.73474;-1.98958;27.0672;-0.216764;-3.03307;
9.54007;-1.94665;26.9949;-0.722851;-2.78604;
9.33687;-2.03205;26.9674;-0.275171;-3.007;
9.13917;-1.97698;26.8674;-1.00065;-2.67304;
8.89798;-2.41189;26.8712;0.0388895;3.12547;
8.69855;-1.99428;26.7823;-0.888973;-2.72227;
8.47243;-2.26124;26.7832;0.00812925;3.138;
8.28062;-1.91813;26.6941;-0.890877;-2.70679;
8.0469;-2.33715;26.7235;0.29389;3.0165;
7.86231;-1.84595;26.6551;-0.683368;-2.78704;
7.62061;-2.41695;26.6954;0.402963;2.97639;
7.4166;-2.04011;26.6201;-0.753492;-2.78779;
7.18258;-2.34017;26.6598;0.396973;2.97356;
6.96741;-2.15175;26.6074;-0.524083;-2.90268;
6.77377;-1.93643;26.65;0.426056;2.92502;
6.5527;-2.21066;26.5913;-0.586844;-2.88212;
6.33749;-2.15213;26.6394;0.481364;2.92155;
6.12404;-2.1345;26.5787;-0.607153;-2.86446;
5.92991;-1.94123;26.5875;0.0884886;3.09604;
5.73845;-1.91468;26.5504;-0.371494;-2.94995;
5.51162;-2.26829;26.579;0.285767;3.01627;
5.30209;-2.09528;26.5184;-0.605273;-2.86037;
5.08186;-2.20228;26.5571;0.386665;2.96779;
4.8671;-2.14757;26.5064;-0.507136;-2.9097;
4.67735;-1.8975;26.5157;0.0925213;3.09287;
4.48122;-1.96138;26.4446;-0.710915;-2.79386;
4.26633;-2.14886;26.4967;0.521052;2.90371;
4.03719;-2.29142;26.4075;-0.89213;-2.77031;
3.82387;-2.13317;26.4513;0.438033;2.93906;
3.61988;-2.03989;26.3947;-0.565802;-2.87103;
3.41605;-2.03833;26.4156;0.209022;3.0394;
3.23916;-1.76892;26.3417;-0.738829;-2.74595;
3.0013;-2.37859;26.3985;0.56821;2.9071;
2.78271;-2.1859;26.3433;-0.552616;-2.89397;
2.56181;-2.20892;26.4017;0.584299;2.883;
2.33741;-2.24408;26.3481;-0.535878;-2.90719;
2.11208;-2.25327;26.4259;0.778384;2.80898;
1.88165;-2.30426;26.3729;-0.530003;-2.91551;
1.66191;-2.19744;26.4499;0.769869;2.80461;
1.44286;-2.19053;26.4129;-0.370016;-2.97426;
1.22211;-2.20747;26.4608;0.479152;2.92785;
0.995943;-2.26166;26.4122;-0.486365;-2.92977;
0.787613;-2.08331;26.4763;0.641122;2.84305;
0.558675;-2.28937;26.4123;-0.64013;-2.86895;
0.337998;-2.20678;26.4622;0.498699;2.91934;
0.115818;-2.2218;26.3739;-0.882913;-2.76334;
-0.107903;-2.23721;26.3911;0.172564;3.06461;
-0.324159;-2.16256;26.2688;-1.22384;-2.62661;
-0.532882;-2.08723;26.2634;-0.0530699;-3.11617;
-0.73095;-1.98067;26.1052;-1.58194;-2.46765;
-0.959367;-2.28418;26.0604;-0.448734;-2.94761;
-1.13364;-1.74272;25.8753;-1.8512;-2.32602;
-1.35867;-2.25027;25.8045;-0.707691;-2.83689;
-1.51221;-1.53547;25.6268;-1.77661;-2.28352;
-1.72881;-2.16598;25.5401;-0.866895;-2.76089;
-1.86377;-1.34959;25.3398;-2.00307;-2.1637;
-2.08335;-2.19582;25.2528;-0.870349;-2.76422;
-2.21866;-1.35307;25.0386;-2.14194;-2.1342;
-2.43716;-2.18505;24.9295;-1.09119;-2.67843;
-2.54379;-1.0663;24.7175;-2.11949;-2.03692;
-2.75319;-2.09393;24.5981;-1.19416;-2.6233;
-2.86803;-1.14843;24.3996;-1.98474;-2.09535;
-3.06964;-2.01608;24.2775;-1.2211;-2.59701;
-3.18372;-1.14082;24.0713;-2.06229;-2.07608;
-3.38751;-2.0379;23.9618;-1.09463;-2.64868;
-3.50681;-1.19301;23.7569;-2.04938;-2.09798;
-3.72832;-2.21512;23.6615;-0.953527;-2.7351;
-3.85831;-1.2999;23.4676;-1.93935;-2.16129;
-4.05507;-1.96754;23.3481;-1.19509;-2.59575;
-4.20795;-1.52883;23.163;-1.85064;-2.26126;
-4.42551;-2.17558;23.0853;-0.777834;-2.79823;
-4.57194;-1.46431;22.8914;-1.93824;-2.2178;
-4.78609;-2.1415;22.8018;-0.895975;-2.74534;
-4.92508;-1.38988;22.5913;-2.10494;-2.15437;
-5.16632;-2.41241;22.5083;-0.830702;-2.80996;
-5.29239;-1.26077;22.333;-1.75246;-2.19444;
-5.52126;-2.2887;22.2233;-1.0977;-2.69438;
-5.672;-1.50732;22.0597;-1.63577;-2.31535;
-5.84425;-1.72256;21.9783;-0.814138;-2.70008;
-5.98008;-1.35833;21.8175;-1.6075;-2.27238;
-6.17592;-1.95834;21.7418;-0.757123;-2.77268;
-6.30791;-1.3199;21.5443;-1.97468;-2.16001;
-6.52133;-2.13423;21.4535;-0.907883;-2.73939;
-6.66304;-1.41706;21.2772;-1.76332;-2.24775;
-6.8877;-2.2466;21.2098;-0.673652;-2.85027;
-7.0424;-1.54707;21.0306;-1.79266;-2.28279;
-7.26343;-2.21029;20.968;-0.625454;-2.86583;
-7.42819;-1.64755;20.8027;-1.65374;-2.35432;
-7.6541;-2.25908;20.7445;-0.58134;-2.88972;
-7.83209;-1.77992;20.5847;-1.59796;-2.41001;
-8.05744;-2.25355;20.5394;-0.453615;-2.94296;
-8.23661;-1.79167;20.3793;-1.6009;-2.41237;
-8.45538;-2.18767;20.3298;-0.495302;-2.91894;
-8.62059;-1.65213;20.1595;-1.70251;-2.34118;
-8.8618;-2.41215;20.1168;-0.42713;-2.96633;
-9.03108;-1.69279;19.9247;-1.92053;-2.29325;
-9.25114;-2.20053;19.8605;-0.642557;-2.85749;
-9.40383;-1.52689;19.6931;-1.67364;-2.31038;
-9.60219;-1.98368;19.5889;-1.04201;-2.65792;
-9.74696;-1.44769;19.4354;-1.53559;-2.32674;
-9.96366;-2.16691;19.3627;-0.726283;-2.81819;
-10.133;-1.69299;19.1835;-1.79184;-2.32784;
-10.3165;-1.83503;19.1096;-0.739373;-2.75857;
-10.4592;-1.42752;18.9584;-1.51244;-2.32732;
-10.6596;-2.00433;18.8627;-0.956451;-2.69636;
-10.7938;-1.34203;18.7077;-1.55063;-2.28421;
-11.0083;-2.14432;18.6323;-0.753222;-2.80379;
-11.1897;-1.81465;18.4612;-1.71115;-2.38554;
-11.3743;-1.84555;18.3659;-0.952808;-2.66501;
-11.5264;-1.52152;18.2039;-1.62002;-2.32485;
-11.7452;-2.18779;18.1252;-0.787489;-2.79608;
-11.8918;-1.46577;17.9575;-1.67638;-2.28926;
-12.1154;-2.23578;17.9036;-0.53936;-2.90488;
-12.2775;-1.62142;17.724;-1.79593;-2.30517;
-12.4949;-2.17394;17.6573;-0.666876;-2.84395;
-12.6533;-1.58356;17.4841;-1.73238;-2.31135;
-12.9009;-2.47628;17.4393;-0.447994;-2.96261;
-13.0903;-1.89403;17.3615;-0.777837;-2.75192;
-13.3206;-2.30302;17.3703;0.0874892;3.10362;
-13.4937;-1.73111;17.3948;0.245759;3.00057;
-13.6831;-1.89341;17.4678;0.730094;2.77356;
-13.8749;-1.9181;17.5242;0.563594;2.85581;
-14.0465;-1.71619;17.6681;1.43924;2.44374;
-14.2063;-1.59782;17.7883;1.20134;2.4969;
-14.3257;-1.19419;17.9732;1.84955;2.14412;
-14.4701;-1.44419;18.1203;1.47082;2.34706;
-14.5433;-0.732189;18.3144;1.94058;1.93159;
-14.692;-1.48669;18.4777;1.63345;2.30919;
-14.7771;-0.851438;18.7062;2.28514;1.92746;
-14.899;-1.21874;18.8689;1.62713;2.21366;
-14.9625;-0.634883;19.0843;2.15367;1.85747;
-15.0986;-1.36125;19.2756;1.91329;2.18918;
-15.1643;-0.656533;19.4694;1.93806;1.89742;
-15.2989;-1.34619;19.647;1.77597;2.2194;
-15.3478;-0.489463;19.8582;2.11196;1.79853;
-15.4959;-1.48063;20.0315;1.73273;2.2779;
-15.5688;-0.729397;20.2399;2.08424;1.90743;
-15.7149;-1.46019;20.399;1.59054;2.31349;
-15.7873;-0.72423;20.5766;1.77602;1.95799;
-15.915;-1.27711;20.7524;1.75833;2.19897;
-15.9973;-0.822805;20.9445;1.92055;1.97556;
-16.1492;-1.51889;21.1142;1.69748;2.30073;
-16.2175;-0.682895;21.3071;1.92838;1.91114;
-16.3957;-1.78267;21.4746;1.6758;2.38708;
-16.4758;-0.800906;21.6829;2.08274;1.93791;
-16.6421;-1.66292;21.8338;1.50877;2.40476;
-16.7491;-1.06966;22.0403;2.06555;2.04863;
-16.889;-1.39921;22.1928;1.52433;2.31342;
-16.9387;-0.497143;22.4089;2.16102;1.79691;
-17.1481;-2.09432;22.5979;1.89052;2.40729;
-17.2238;-0.756874;22.7951;1.97131;1.93739;
-17.3804;-1.56566;22.9457;1.50628;2.37552;
-17.4582;-0.778457;23.1357;1.90021;1.95961;
-17.6301;-1.71893;23.2889;1.53158;2.41377;
-17.6978;-0.676773;23.4974;2.08494;1.88467;
-17.8607;-1.62846;23.6421;1.44788;2.41483;
-17.9236;-0.629536;23.8508;2.087;1.86376;
-18.0917;-1.68092;24.0006;1.49788;2.41371;
-18.1603;-0.686242;24.2204;2.1975;1.87348;
-18.3313;-1.71014;24.3742;1.53805;2.40913;
-18.4053;-0.73934;24.5911;2.16905;1.8993;
-18.5583;-1.52978;24.7606;1.69473;2.30508;
-18.6304;-0.721813;24.9717;2.11148;1.90019;
-18.7619;-1.31496;25.1326;1.6089;2.256;
-18.8208;-0.588717;25.3438;2.11202;1.84264;
-18.9649;-1.44126;25.5113;1.67467;2.28143;
-19.0155;-0.505951;25.7436;2.32298;1.78525;
-19.1421;-1.26611;25.9085;1.64976;2.22537;
-19.1835;-0.413536;26.1383;2.29708;1.74891;
-19.31;-1.26514;26.3372;1.9896;2.13718;
-19.3689;-0.58879;26.5366;1.99395;1.85792;
-19.4789;-1.10036;26.7213;1.84676;2.10815;
-19.5107;-0.317552;26.9242;2.02952;1.726;
-19.6415;-1.30794;27.1067;1.82467;2.19271;
-19.6688;-0.273399;27.3368;2.30088;1.68907;
-19.808;-1.39164;27.5427;2.059;2.16515;
-19.8564;-0.484617;27.7397;1.96984;1.81202;
-19.9484;-0.919442;27.9317;1.92051;2.0173;
-20.008;-0.595939;28.1286;1.96894;1.8647;
-20.1006;-0.926516;28.3115;1.82895;2.0397;
-20.1757;-0.750359;28.5187;2.07193;1.91826;
-20.2731;-0.974897;28.6951;1.76371;2.07575;
-20.3409;-0.677744;28.9221;2.26975;1.86097;
-20.455;-1.14053;29.1004;1.78302;2.13987;
-20.5119;-0.568775;29.2826;1.82247;1.87331;
-20.5974;-0.855541;29.4769;1.94276;1.98562;
-20.6665;-0.691021;29.6517;1.74839;1.94719;
-20.7635;-0.97008;29.8385;1.86801;2.04977;

-20.8614;-0.978402;-29.9711;1.9042;2.04543;
-20.9931;-1.31743;-29.8141;1.56924;2.26918;
-21.0513;-0.582443;-29.6054;2.08733;1.84291;
-21.2267;-1.75381;-29.4594;1.46044;2.44721;
-21.3086;-0.818632;-29.2416;2.1772;1.93045;
-21.4555;-1.46874;-29.0938;1.47868;2.35282;
-21.5623;-1.06883;-28.9053;1.88506;2.0866;
-21.7013;-1.38978;-28.7508;1.5445;2.30351;
-21.7823;-0.809927;-28.5566;1.9418;1.96596;
-21.9268;-1.44517;-28.4002;1.56392;2.31675;
-22.024;-0.971642;-28.2109;1.89303;2.04501;
-22.1308;-1.06785;-28.0456;1.65334;2.14427;
-22.2211;-0.903043;-27.8632;1.82399;2.03051;
-22.3406;-1.19497;-27.6788;1.84399;2.14579;
-22.4249;-0.843453;-27.4839;1.94868;1.97928;
-22.5344;-1.09494;-27.3144;1.69578;2.14413;
-22.5941;-0.596873;-27.1198;1.94524;1.86851;
-22.726;-1.31912;-26.9544;1.65436;2.24393;
-22.7532;-0.271787;-26.7011;2.53258;1.6777;
-22.8834;-1.30189;-26.505;1.96165;2.15672;
-22.918;-0.345893;-26.2854;2.19558;1.72705;
-23.0109;-0.929657;-26.1066;1.78785;2.0503;
-23.0327;-0.217651;-25.8809;2.25744;1.66691;
-23.1092;-0.765207;-25.6961;1.84755;1.96346;
-23.1116;-0.0233313;-25.4734;2.22781;1.58127;
-23.2085;-0.968999;-25.2927;1.80625;2.06319;
-23.2108;-0.0236358;-25.0897;2.02985;1.58244;
-23.3007;-0.898907;-24.914;1.7574;2.0436;
-23.3063;-0.0555402;-24.6937;2.2029;1.596;
-23.407;-1.00694;-24.4947;1.9902;2.03919;
-23.4035;0.0349135;-24.2805;2.14205;1.5545;
-23.4854;-0.819216;-24.0782;2.02294;1.95557;
-23.4908;-0.0540778;-23.8613;2.16885;1.59572;
-23.5669;-0.761136;-23.6583;2.03024;1.92948;
-23.5677;-0.00828628;-23.4451;2.13176;1.57468;
-23.6431;-0.753237;-23.2454;1.99661;1.93155;
-23.6371;0.0596814;-23.0308;2.14638;1.543;
-23.695;-0.578604;-22.8216;2.0921;1.84062;
-23.7021;-0.071154;-22.6092;2.1236;1.60429;
-23.7504;-0.483703;-22.4143;1.94967;1.81398;
-23.7537;-0.0326445;-22.2005;2.13747;1.58607;
-23.8118;-0.581284;-22.0161;1.8439;1.87618;
-23.7912;0.206415;-21.7967;2.19416;1.477;
-23.8512;-0.59989;-21.6018;1.94915;1.86937;
-23.8565;-0.0534633;-21.3856;2.16203;1.59552;
-23.8651;-0.0861371;-21.1957;1.89892;1.61613;
-23.8561;0.0907726;-20.99;2.05721;1.5267;
-23.8668;-0.107114;-20.7896;2.00377;1.6242;
-23.8405;0.26307;-20.5998;1.89858;1.43311;
-23.8587;-0.181758;-20.3954;2.04376;1.6595;
-23.8235;0.351831;-20.1857;2.09705;1.40457;
-23.8449;-0.214122;-19.9762;2.09425;1.67269;
-23.7919;0.529538;-19.7737;2.02529;1.31506;
-23.8193;-0.273973;-19.556;2.17757;1.69595;
-23.7463;0.730491;-19.3425;2.13423;1.24102;
-23.7692;-0.229425;-19.1355;2.06997;1.68118;
-23.6935;0.75764;-18.9201;2.15494;1.23271;
-23.6944;-0.0090161;-18.6906;2.29412;1.57473;
-23.615;0.793721;-18.4767;2.1393;1.21552;
-23.6034;0.11554;-18.2705;2.06201;1.51482;
-23.5078;0.955924;-18.0527;2.17855;1.1573;
-23.5013;0.0653436;-17.8356;2.17068;1.5407;
-23.4076;0.936857;-17.6522;1.83357;1.09843;
-23.4204;-0.127743;-17.4155;2.36719;1.62471;
-23.3099;1.10524;-17.2099;2.05607;1.07756;
-23.2864;0.235082;-16.9949;2.1499;1.46188;
-23.1699;1.16418;-16.7987;1.96174;1.03521;
-23.1207;0.492779;-16.5962;2.02496;1.33208;
-23.0365;0.841602;-16.3959;2.0039;1.17318;
-22.984;0.524963;-16.1772;2.18642;1.33516;
-22.8594;1.24592;-16.0028;1.74402;0.950473;
-22.8043;0.550744;-15.8126;1.90233;1.28899;
-22.6529;1.51416;-15.648;1.64595;0.827078;
-22.5715;0.813838;-15.4597;1.88246;1.16274;
-22.3948;1.76773;-15.3079;1.51812;0.709578;
-22.2811;1.13645;-15.137;1.70884;0.983918;
-22.1203;1.60806;-15.0194;1.17679;0.631755;
-21.9985;1.21767;-14.9075;1.11865;0.743039;
-21.8298;1.68751;-14.7896;1.1794;0.609985;
-21.6615;1.68285;-14.6659;1.23681;0.633798;
-21.4581;2.03364;-14.5454;1.20482;0.534845;
-21.2905;1.67611;-14.4587;0.866908;0.477325;
-21.1126;1.77922;-14.3507;1.07976;0.545458;
-20.9004;2.12245;-14.2913;0.594702;0.27319;
-20.7229;1.77467;-14.1989;0.923263;0.479711;
-20.5269;1.96027;-14.158;0.408866;0.205628;
-20.358;1.68902;-14.0519;1.0616;0.561135;
-20.1409;2.17118;-14.0149;0.369469;0.168555;
-19.954;1.86874;-13.8938;1.21162;0.575222;
-19.726;2.27977;-13.8495;0.442645;0.191776;
-19.5427;1.83259;-13.7157;1.33779;0.630577;
-19.3206;2.22102;-13.6852;0.30491;0.136431;
-19.1367;1.83915;-13.5615;1.23771;0.59236;
-18.9257;2.11005;-13.5251;0.363614;0.170649;
-18.7517;1.73989;-13.3868;1.38305;0.671627;
-18.5379;2.1383;-13.3445;0.423195;0.195387;
-18.3647;1.73249;-13.2034;1.41109;0.683513;
-18.1504;2.14208;-13.1478;0.55541;0.253699;
-17.9627;1.87793;-13.0176;1.30192;0.606199;
-17.7577;2.04918;-12.9542;0.634843;0.300426;
-17.5629;1.94873;-12.8082;1.45927;0.642751;
-17.3555;2.07369;-12.7675;0.407415;0.193998;
-17.1768;1.78671;-12.6344;1.33059;0.64011;
-16.977;1.99818;-12.5759;0.585238;0.284918;
-16.8003;1.76656;-12.4746;1.01273;0.520541;
-16.5935;2.06893;-12.4318;0.428215;0.204092;
-16.4175;1.75929;-12.2954;1.36419;0.659575;
-16.1871;2.30395;-12.2662;0.291541;0.125871;
-16.0044;1.82687;-12.1207;1.45536;0.67269;
-15.7798;2.2468;-12.0669;0.538176;0.2351;
-15.6083;1.7151;-11.9258;1.41097;0.688417;
-15.3882;2.20061;-11.8766;0.491379;0.219689;
-15.2293;1.58872;-11.7081;1.68584;0.815048;
-15.0223;2.0704;-11.6278;0.802865;0.36993;
-14.882;1.40259;-11.4347;1.93066;0.942518;
-14.6802;2.01824;-11.3516;0.831431;0.390773;
-14.5547;1.25494;-11.1239;2.27638;1.06696;
-14.41;1.44742;-10.9744;1.49511;0.801603;
-14.3626;0.473355;-10.7403;2.34102;1.37129;
-14.2363;1.26306;-10.5717;1.68575;0.927771;
-14.2283;0.0799013;-10.3348;2.36946;1.53709;
-14.1294;0.988946;-10.1344;2.00439;1.11245;
-14.1628;-0.333606;-9.87786;2.56492;1.70014;
-14.0915;0.712626;-9.66246;2.15407;1.2513;
-14.1753;-0.837622;-9.40421;2.58242;1.88444;
-14.12;0.552556;-9.1679;2.36314;1.3411;
-14.2065;-0.864401;-8.93797;2.29933;1.93039;
-14.1733;0.331548;-8.72142;2.16549;1.41887;
-14.2734;-1.00087;-8.47809;2.43322;1.96103;
-14.2719;0.0153664;-8.26924;2.08857;1.56344;
-14.4009;-1.29029;-8.06822;2.01018;2.14144;
-14.4183;-0.173503;-7.83596;2.32257;1.64536;
-14.5391;-1.2088;-7.64541;1.90553;2.1361;
-14.5628;-0.236638;-7.45452;1.90894;1.69413;
-14.7363;-1.73492;-7.27118;1.83333;2.32862;
-14.778;-0.417475;-7.04347;2.27711;1.75212;
-14.9309;-1.52886;-6.8686;1.74867;2.28923;
-14.9764;-0.454253;-6.63984;2.28762;1.76682;
-15.1463;-1.69994;-6.44908;1.90765;2.29868;
-15.2065;-0.601604;-6.21865;2.30426;1.82618;
-15.3661;-1.5958;-6.03392;1.84727;2.28329;
-15.4193;-0.531875;-5.82013;2.13795;1.81462;
-15.6051;-1.85859;-5.66065;1.59476;2.43245;
-15.6811;-0.759322;-5.45032;2.10337;1.91724;
-15.8751;-1.9401;-5.29572;1.54593;2.46879;
-15.9671;-0.920593;-5.10393;1.91794;2.01831;
-16.1888;-2.21665;-4.98951;1.14419;2.66509;
-16.3262;-1.3736;-4.81502;1.74487;2.2377;
-16.5907;-2.64518;-4.76479;0.502374;2.95391;
-16.7884;-1.97769;-4.62049;1.44293;2.51127;
-17.0326;-2.44111;-4.63062;-0.101266;-3.10013;
-17.2166;-1.84047;-4.54996;0.806639;2.72853;
-17.4504;-2.33788;-4.58097;-0.310109;-3.00972;
-17.6447;-1.94338;-4.63876;-0.577909;-2.85255;
-17.8202;-1.75493;-4.69154;-0.527856;-2.84942;
-18.0063;-1.86123;-4.76065;-0.691075;-2.78607;
-18.1875;-1.81119;-4.84393;-0.832755;-2.71063;
-18.3688;-1.81344;-4.91729;-0.733647;-2.75716;
-18.5297;-1.60845;-5.04891;-1.31621;-2.45579;
-18.7312;-2.01553;-5.11631;-0.673996;-2.81888;
-18.8777;-1.46514;-5.27753;-1.61218;-2.30845;
-19.0784;-2.00652;-5.34966;-0.721282;-2.79651;
-19.2244;-1.46065;-5.53336;-1.83699;-2.24256;
-19.4434;-2.18961;-5.62377;-0.904118;-2.75;
-19.5752;-1.3182;-5.79734;-1.73573;-2.22032;
-19.7828;-2.07563;-5.88996;-0.926215;-2.72188;
-19.9258;-1.43049;-6.10312;-2.13158;-2.16186;
-20.1779;-2.52081;-6.18973;-0.866137;-2.81064;
-20.3111;-1.33151;-6.38427;-1.94536;-2.17101;
-20.5119;-2.00819;-6.49187;-1.07598;-2.64972;
-20.6289;-1.16972;-6.69765;-2.05784;-2.08767;
-20.8549;-2.26067;-6.81131;-1.13654;-2.67575;
-20.9781;-1.2317;-7.01586;-2.04554;-2.11279;
-21.1738;-1.95757;-7.11654;-1.00677;-2.66657;
-21.3067;-1.32846;-7.33314;-2.16603;-2.12095;
-21.5024;-1.95685;-7.45169;-1.1855;-2.5969;
-21.6114;-1.09023;-7.66986;-2.18171;-2.03421;
-21.8231;-2.11686;-7.79933;-1.29468;-2.59268;
-21.9254;-1.02275;-8.01494;-2.15606;-2.01372;
-22.1261;-2.0077;-8.1425;-1.27569;-2.57555;
-22.2212;-0.950696;-8.36438;-2.21873;-1.97562;
-22.385;-1.63786;-8.51627;-1.51888;-2.39387;
-22.4693;-0.842661;-8.72468;-2.0841;-1.95503;
-22.6093;-1.40036;-8.87869;-1.54015;-2.30869;
-22.6908;-0.814657;-9.1024;-2.23713;-1.92002;
-22.84;-1.49224;-9.25517;-1.52762;-2.34448;
-22.9038;-0.638671;-9.46939;-2.14227;-1.86053;
-23.0678;-1.63965;-9.6048;-1.35411;-2.45128;
-23.1292;-0.613844;-9.84964;-2.44832;-1.81645;
-23.2348;-1.05631;-10.0366;-1.86947;-2.08511;
-23.2732;-0.383647;-10.2412;-2.0461;-1.75615;
-23.4132;-1.40056;-10.4184;-1.77224;-2.23958;
-23.4323;-0.190022;-10.6698;-2.51365;-1.64625;
-23.5677;-1.35452;-10.882;-2.12192;-2.13893;
-23.6011;-0.333707;-11.0833;-2.01285;-1.73509;
-23.7536;-1.52534;-11.2422;-1.58909;-2.33573;
-23.7963;-0.426973;-11.4917;-2.49528;-1.74027;
-23.9438;-1.47452;-11.6691;-1.77374;-2.26434;
-23.9859;-0.421595;-11.8944;-2.25358;-1.75574;
-24.1465;-1.60573;-12.0581;-1.63651;-2.3467;
-24.1938;-0.473329;-12.2913;-2.33224;-1.77103;
-24.3302;-1.36409;-12.478;-1.86731;-2.20171;
-24.3945;-0.64246;-12.6751;-1.97065;-1.88595;
-24.5602;-1.65686;-12.8396;-1.64491;-2.35981;
-24.6313;-0.711183;-13.0537;-2.14071;-1.89154;
-24.8152;-1.83934;-13.2074;-1.53743;-2.44537;
-24.9015;-0.863165;-13.4233;-2.15878;-1.95116;
-25.0997;-1.9815;-13.5582;-1.34922;-2.54379;
-25.224;-1.24278;-13.7707;-2.12454;-2.10009;
-25.4459;-2.21982;-13.871;-1.00295;-2.71723;
-25.5819;-1.35954;-14.0641;-1.93118;-2.1842;
-25.7789;-1.97012;-14.1439;-0.798612;-2.75647;
-25.9272;-1.48302;-14.312;-1.68074;-2.29378;
-26.1262;-1.98968;-14.3837;-0.71666;-2.79587;
-26.2868;-1.60641;-14.5175;-1.33826;-2.44701;
-26.5135;-2.26723;-14.5609;-0.434051;-2.95244;
-26.688;-1.74491;-14.7159;-1.54985;-2.41533;
-26.9155;-2.27477;-14.7664;-0.505468;-2.92294;
-27.081;-1.65454;-14.8804;-1.13919;-2.53861;
-27.3021;-2.21167;-14.9191;-0.387766;-2.96803;
-27.4689;-1.66786;-15.0601;-1.40924;-2.44004;
-27.7034;-2.34496;-15.0905;-0.304472;-3.01247;
-27.8983;-1.94932;-15.2088;-1.18287;-2.59618;
-28.1216;-2.23213;-15.2251;-0.163525;-3.06846;
-28.3106;-1.89081;-15.3751;-1.49925;-2.47119;
-28.5722;-2.61572;-15.3876;-0.124866;-3.09389;
-28.7636;-1.91384;-15.5233;-1.35771;-2.52458;
-28.9965;-2.32916;-15.5393;-0.159472;-3.07323;
-29.1656;-1.69074;-15.6543;-1.14995;-2.54432;
-29.386;-2.20406;-15.6876;-0.333646;-2.99135;
-29.5608;-1.74853;-15.737;-0.493534;-2.86649;
-29.7571;-1.96255;-15.8061;-0.691196;-2.80297;
-29.9432;-1.86143;-15.8657;-0.59558;-2.83193;

29.8849;-1.71832;-15.8995;-0.338876;-2.94688;
29.691;-1.9392;-15.9895;-0.899324;-2.70736;
29.4827;-2.08303;-16.0137;-0.241899;-3.02598;
29.2963;-1.86447;-16.1439;-1.30238;-2.53186;
29.0853;-2.11005;-16.1606;-0.16657;-3.06281;
28.8588;-2.26459;-16.2821;-1.21563;-2.64894;
28.6767;-1.82133;-16.3237;-0.41535;-2.91738;
28.5068;-1.69898;-16.4809;-1.572;-2.39499;
28.2508;-2.55923;-16.5122;-0.313069;-3.01987;
28.0661;-1.84734;-16.6369;-1.24758;-2.54761;
27.8457;-2.20372;-16.6619;-0.249241;-3.02897;
27.6446;-2.01181;-16.7875;-1.25653;-2.5833;
27.4259;-2.18697;-16.8154;-0.279259;-3.01459;
27.2375;-1.88385;-16.936;-1.20518;-2.57246;
27.01;-2.2744;-16.9595;-0.235797;-3.03829;
26.8242;-1.85818;-17.0871;-1.27618;-2.53979;
26.5907;-2.33493;-17.0986;-0.114882;-3.09243;
26.4099;-1.80829;-17.2481;-1.49448;-2.45092;
26.1627;-2.47219;-17.2914;-0.43269;-2.96832;
25.9669;-1.95731;-17.3525;-0.611794;-2.83865;
25.768;-1.98972;-17.3788;-0.262457;-3.01044;
25.591;-1.76998;-17.4626;-0.837814;-2.69949;
25.394;-1.96951;-17.4821;-0.195301;-3.04275;
25.2026;-1.91447;-17.5975;-1.15448;-2.59895;
24.982;-2.20619;-17.638;-0.404628;-2.9602;
24.7948;-1.87181;-17.7451;-1.07128;-2.62178;
24.5773;-2.17478;-17.7745;-0.293364;-3.00751;
24.3956;-1.817;-17.9099;-1.3547;-2.50093;
24.186;-2.09637;-17.9641;-0.541881;-2.88864;
24.0239;-1.62054;-18.1108;-1.46642;-2.40608;
23.845;-1.78928;-18.1741;-0.633487;-2.80132;
23.6852;-1.59761;-18.3243;-1.50188;-2.38707;
23.4866;-1.9864;-18.4133;-0.889677;-2.7205;
23.3411;-1.45493;-18.5829;-1.69616;-2.27979;
23.1675;-1.73531;-18.6996;-1.1671;-2.54952;
23.0475;-1.20039;-18.8366;-1.37003;-2.29029;
22.8804;-1.67154;-18.9554;-1.18843;-2.52353;
22.7848;-0.955355;-19.1457;-1.90252;-2.03616;
22.6051;-1.7971;-19.2791;-1.33434;-2.50291;
22.5184;-0.867386;-19.4832;-2.04055;-1.97273;
22.3521;-1.66228;-19.6276;-1.4446;-2.42615;
22.2566;-0.955437;-19.8274;-1.99797;-2.01685;
22.1287;-1.27855;-19.9862;-1.58797;-2.24867;
22.0675;-0.612634;-20.1944;-2.0819;-1.85699;
21.9253;-1.4214;-20.3932;-1.98817;-2.19147;
21.8681;-0.572715;-20.5966;-2.03316;-1.84537;
21.7362;-1.3185;-20.7677;-1.71135;-2.22725;
21.6983;-0.379517;-20.9817;-2.14043;-1.74628;
21.5762;-1.22022;-21.1599;-1.78121;-2.17142;
21.5235;-0.527567;-21.3664;-2.06573;-1.82084;
21.396;-1.27443;-21.5637;-1.97307;-2.14429;
21.364;-0.32015;-21.7695;-2.05746;-1.72516;
21.2291;-1.34898;-21.9609;-1.91441;-2.18464;
21.2044;-0.247316;-22.1904;-2.29449;-1.67817;
21.1117;-0.926988;-22.3626;-1.7219;-2.06465;
21.0751;-0.36607;-22.5742;-2.11611;-1.74209;
20.9779;-0.972329;-22.7626;-1.88405;-2.04723;
20.951;-0.268573;-22.996;-2.33467;-1.68533;
20.838;-1.12961;-23.1883;-1.92272;-2.10198;
20.8177;-0.203734;-23.4099;-2.21561;-1.66249;
20.6994;-1.18289;-23.6021;-1.92173;-2.12256;
20.6791;-0.203227;-23.8327;-2.30607;-1.6587;
20.5839;-0.951632;-24.0236;-1.90969;-2.0331;
20.5441;-0.397479;-24.2229;-1.99228;-1.76772;
20.4439;-1.00271;-24.4113;-1.88458;-2.05976;
20.4148;-0.29051;-24.6219;-2.10567;-1.7079;
20.3153;-0.995678;-24.8084;-1.86479;-2.06122;
20.2876;-0.276342;-25.0212;-2.12796;-1.69994;
20.2045;-0.831053;-25.2102;-1.89017;-1.98503;
20.1677;-0.367768;-25.4137;-2.03483;-1.7496;
20.0809;-0.868069;-25.6051;-1.91402;-1.99658;
20.0446;-0.36358;-25.8068;-2.01756;-1.74909;
19.9439;-1.00657;-26.0084;-2.01587;-2.0339;
19.9152;-0.287271;-26.1998;-1.91371;-1.7198;
19.8187;-0.964827;-26.3862;-1.86385;-2.04847;
19.7833;-0.354421;-26.5959;-2.09703;-1.73823;
19.6735;-1.09808;-26.7717;-1.75876;-2.12893;
19.6211;-0.524083;-26.9845;-2.12782;-1.81229;
19.5149;-1.06182;-27.1336;-1.49043;-2.18982;
19.448;-0.668821;-27.3241;-1.90572;-1.90832;
19.34;-1.08006;-27.4951;-1.70999;-2.13414;
19.2391;-1.00864;-27.6185;-1.2338;-2.25612;
19.1644;-0.746861;-27.8006;-1.82072;-1.96007;
19.0091;-1.55376;-27.9495;-1.48962;-2.37727;
18.9117;-0.974035;-28.1365;-1.86983;-2.05104;
18.7325;-1.79178;-28.2549;-1.18396;-2.55768;
18.5875;-1.44991;-28.4429;-1.88008;-2.22773;
18.4509;-1.36563;-28.5712;-1.28297;-2.38739;
18.3383;-1.12656;-28.7332;-1.62002;-2.17843;
18.19;-1.48226;-28.8717;-1.38429;-2.39036;
18.0641;-1.25979;-29.0228;-1.51143;-2.26564;
17.9289;-1.35166;-29.1705;-1.47691;-2.31194;
17.8107;-1.18167;-29.331;-1.60554;-2.20527;
17.6545;-1.56193;-29.4644;-1.33357;-2.4349;
17.5142;-1.40338;-29.6185;-1.54138;-2.30937;
17.3708;-1.4343;-29.7557;-1.37187;-2.37844;
17.2354;-1.35382;-29.9046;-1.48906;-2.30866;

17.0997;-1.35649;29.9349;-1.60493;-2.2725;
16.8855;-2.14263;29.8571;-0.777406;-2.79354;
16.7432;-1.42222;29.7192;-1.37933;-2.3715;
16.5637;-1.7959;29.6571;-0.620921;-2.80871;
16.3996;-1.64076;29.4896;-1.67504;-2.34586;
16.1896;-2.09973;29.4336;-0.559651;-2.88111;
16.0205;-1.6906;29.2894;-1.44218;-2.43533;
15.8157;-2.04829;29.2209;-0.684697;-2.81899;
15.6485;-1.67222;29.0882;-1.32734;-2.47067;
15.4511;-1.97428;29.025;-0.631765;-2.83189;
15.2907;-1.60361;28.9033;-1.2173;-2.49229;
15.0856;-2.05114;28.844;-0.593263;-2.86004;
14.9149;-1.70682;28.7179;-1.26107;-2.50527;
14.7062;-2.08741;28.653;-0.648906;-2.8402;
14.5251;-1.81031;28.5611;-0.918914;-2.67188;
14.3581;-1.67022;28.4624;-0.987087;-2.60782;
14.1764;-1.81765;28.3909;-0.715134;-2.76676;
13.9959;-1.80426;28.2965;-0.943715;-2.65968;
13.8119;-1.83991;28.2267;-0.697754;-2.77912;
13.6136;-1.98294;28.156;-0.707719;-2.79878;
13.4339;-1.79732;28.0681;-0.878945;-2.68676;
13.225;-2.08903;28.0183;-0.497898;-2.90762;
13.0409;-1.84139;27.9291;-0.891768;-2.69059;
12.8455;-1.9533;27.8918;-0.373191;-2.95281;
12.6604;-1.8513;27.8255;-0.663017;-2.79769;
12.4637;-1.96681;27.7792;-0.46312;-2.91034;
12.2535;-2.10248;27.7062;-0.729631;-2.80756;
12.0561;-1.97399;27.6605;-0.456828;-2.91417;
11.8567;-1.99419;27.6141;-0.464505;-2.91274;
11.6663;-1.90382;27.5492;-0.648505;-2.81329;
11.4827;-1.83558;27.5082;-0.410599;-2.92153;
11.3081;-1.74596;27.4557;-0.524301;-2.84987;
11.1263;-1.81789;27.4101;-0.45601;-2.89582;
10.9325;-1.93871;27.3655;-0.446594;-2.91519;
10.7434;-1.89099;27.3153;-0.501517;-2.88235;
10.5538;-1.89601;27.277;-0.383077;-2.94223;
10.3589;-1.94825;27.2139;-0.631178;-2.82829;
10.1696;-1.89362;27.175;-0.388726;-2.93912;
9.95366;-2.15918;27.0868;-0.882311;-2.75367;
9.73069;-2.22968;27.0659;-0.209207;-3.04804;
9.53968;-1.91012;26.9915;-0.743748;-2.77028;
9.30946;-2.30216;26.9896;-0.0187276;-3.13346;
9.10922;-2.00243;26.8906;-0.99006;-2.68241;
8.91293;-1.96286;26.9081;0.175123;3.05261;
8.71852;-1.94415;26.8084;-0.997184;-2.66767;
8.48414;-2.3438;26.8139;0.0545466;3.11832;
8.2878;-1.96335;26.7476;-0.662451;-2.81618;
8.07212;-2.15684;26.7603;0.126764;3.08289;
7.87467;-1.97452;26.6862;-0.741154;-2.78251;
7.66046;-2.1421;26.7039;0.17686;3.05922;
7.45464;-2.05821;26.6537;-0.502055;-2.90234;
7.2424;-2.12238;26.6786;0.249927;3.02437;
7.00989;-2.32504;26.6132;-0.654078;-2.86736;
6.79673;-2.13167;26.631;0.17728;3.05862;
6.61355;-1.83182;26.5864;-0.445236;-2.90316;
6.40298;-2.10564;26.6139;0.274382;3.01201;
6.21061;-1.92374;26.5485;-0.65385;-2.81396;
5.98013;-2.30479;26.5991;0.506114;2.92543;
5.75427;-2.25852;26.534;-0.650593;-2.86112;
5.53345;-2.20829;26.5818;0.477287;2.92873;
5.30476;-2.28684;26.5116;-0.701485;-2.84396;
5.0831;-2.21664;26.5523;0.406804;2.96009;
4.84778;-2.35317;26.4865;-0.657692;-2.86905;
4.62814;-2.19638;26.5197;0.331729;2.99169;
4.41248;-2.15661;26.4426;-0.771403;-2.79808;
4.19166;-2.20817;26.4911;0.485771;2.92505;
3.96855;-2.23111;26.4068;-0.843935;-2.77997;
3.70897;-2.59584;26.4562;0.494602;2.95331;
3.48732;-2.21652;26.3748;-0.81388;-2.78969;
3.24882;-2.38494;26.4058;0.309997;3.01234;
3.03509;-2.1373;26.3596;-0.462301;-2.92857;
2.80918;-2.25914;26.4265;0.668604;2.85385;
2.58948;-2.19696;26.359;-0.674533;-2.8437;
2.39097;-1.9851;26.422;0.629705;2.83442;
2.1495;-2.4147;26.3467;-0.752647;-2.83944;
1.917;-2.32501;26.4187;0.719643;2.84142;
1.69479;-2.2221;26.3682;-0.504979;-2.91813;
1.45498;-2.39813;26.4357;0.675182;2.86715;
1.22531;-2.29666;26.36;-0.756798;-2.82328;
