#1 AntPos X	#2 AntVel X	#3 AntPos Y	#4 AntVel Y	#5 AntAngle	
-4.87576;-1.37033;-0.548978;-1.44917;-2.32824;
-4.98876;-1.13004;-0.685612;-1.36634;-2.26182;
-5.12364;-1.3488;-0.819192;-1.3358;-2.36104;
-5.25009;-1.26444;-0.962137;-1.42946;-2.29502;
-5.40005;-1.49967;-1.12388;-1.61738;-2.31845;
-5.53457;-1.34522;-1.28795;-1.64076;-2.25754;
-5.66039;-1.25819;-1.44711;-1.59157;-2.23974;
-5.79407;-1.33671;-1.60989;-1.62779;-2.25832;
-5.92701;-1.3294;-1.7543;-1.44414;-2.31485;
-6.07407;-1.47063;-1.88489;-1.30589;-2.41546;
-6.23051;-1.56439;-2.01616;-1.31268;-2.44346;
-6.3763;-1.45797;-2.13387;-1.17715;-2.46236;
-6.53228;-1.55978;-2.25994;-1.26069;-2.46184;
-6.67896;-1.46675;-2.37959;-1.19645;-2.45734;
-6.83457;-1.55609;-2.49944;-1.1985;-2.48529;
-6.98987;-1.55305;-2.59624;-0.967987;-2.58423;
-7.17014;-1.80267;-2.7106;-1.14362;-2.57626;
-7.33903;-1.68889;-2.81757;-1.06974;-2.57698;
-7.50132;-1.62296;-2.92766;-1.10084;-2.54558;
-7.66583;-1.64508;-3.0411;-1.13447;-2.53787;
-7.82931;-1.6348;-3.15548;-1.14375;-2.53111;
-8.00231;-1.73002;-3.25608;-1.00601;-2.61489;
-8.1785;-1.76186;-3.35621;-1.00132;-2.62478;
-8.35665;-1.78151;-3.45712;-1.00907;-2.62624;
-8.52652;-1.69872;-3.54606;-0.889439;-2.65925;
-8.70608;-1.79555;-3.63995;-0.938893;-2.65979;
-8.89018;-1.84106;-3.73747;-0.975206;-2.65447;
-9.07481;-1.84632;-3.84376;-1.06291;-2.61924;
-9.23469;-1.59876;-3.96839;-1.24624;-2.47947;
-9.38917;-1.54485;-4.09066;-1.22271;-2.47207;
-9.53315;-1.43974;-4.21879;-1.28136;-2.41433;
-9.70735;-1.74201;-4.32586;-1.07061;-2.59052;
-9.87062;-1.63272;-4.44612;-1.20269;-2.50671;
-10.0309;-1.60237;-4.56514;-1.19019;-2.50273;
-10.1852;-1.54348;-4.68206;-1.16921;-2.4933;
-10.3453;-1.6012;-4.80401;-1.21941;-2.49073;
-10.5047;-1.59349;-4.93137;-1.27368;-2.46728;
-10.6591;-1.54407;-5.0647;-1.33331;-2.42931;
-10.8134;-1.54345;-5.21713;-1.52422;-2.36246;
-10.9597;-1.46236;-5.34607;-1.28942;-2.41896;
-11.1149;-1.55208;-5.46701;-1.2094;-2.47966;
-11.2677;-1.52815;-5.59264;-1.2563;-2.45352;
-11.4226;-1.54932;-5.72428;-1.31643;-2.43728;
-11.5684;-1.45828;-5.85305;-1.2877;-2.41823;
-11.7069;-1.38447;-5.99398;-1.40931;-2.34731;
-11.8419;-1.34965;-6.13737;-1.43386;-2.32595;
-11.9755;-1.33631;-6.28208;-1.44715;-2.31639;
-12.1095;-1.34003;-6.43449;-1.52406;-2.29203;
-12.2424;-1.32866;-6.58529;-1.50799;-2.29306;
-12.3734;-1.31056;-6.71896;-1.3367;-2.34632;
-12.5173;-1.43905;-6.86348;-1.44525;-2.35405;
-12.662;-1.44635;-7.00424;-1.40758;-2.36978;
-12.8036;-1.41654;-7.14964;-1.45399;-2.34315;
-12.9454;-1.41774;-7.29827;-1.4863;-2.33259;
-13.0811;-1.35758;-7.44095;-1.42682;-2.33133;
-13.2008;-1.19708;-7.58986;-1.48913;-2.2479;
-13.3263;-1.25472;-7.74592;-1.56059;-2.24798;
-13.4468;-1.20504;-7.9014;-1.55475;-2.23015;
-13.576;-1.29188;-8.07197;-1.70573;-2.219;
-13.7723;-1.96275;-8.175;-1.03028;-2.65821;
-14.0036;-2.31337;-8.16489;0.101066;3.09793;
-14.2004;-1.9682;-8.05934;1.0555;2.64935;
-14.3612;-1.60796;-7.9388;1.20537;2.49833;
-14.4855;-1.24224;-7.80208;1.36726;2.30832;
-14.6197;-1.34247;-7.66859;1.3349;2.35902;
-14.7077;-0.879566;-7.45746;2.11126;1.96554;
-14.7887;-0.810364;-7.271;1.86461;1.98077;
-14.8527;-0.639521;-7.08414;1.86862;1.90054;
-14.9263;-0.736647;-6.89701;1.87126;1.94583;
-14.9994;-0.730881;-6.71436;1.82651;1.95143;
-15.0749;-0.754826;-6.52869;1.8567;1.95693;
-15.1438;-0.688724;-6.34725;1.81443;1.93358;
-15.2214;-0.776701;-6.1676;1.79651;1.97887;
-15.3193;-0.978547;-5.97232;1.95274;2.03534;
-15.4042;-0.849448;-5.80237;1.69952;2.0343;
-15.4869;-0.826736;-5.60204;2.00331;1.96219;
-15.5565;-0.695713;-5.41885;1.83187;1.93375;
-15.6285;-0.719734;-5.23803;1.80825;1.9496;
-15.7246;-0.961547;-5.05203;1.86001;2.04792;
-15.8164;-0.918373;-4.87438;1.77649;2.04792;
-15.9201;-1.03652;-4.70148;1.729;2.11084;
-16.0249;-1.04816;-4.53655;1.64931;2.13692;
-16.1288;-1.03898;-4.36553;1.71021;2.11672;
-16.2373;-1.08481;-4.19689;1.68634;2.14244;
-16.4263;-1.88979;-4.05881;1.38087;2.51056;
-16.5848;-1.58564;-3.9357;1.23105;2.48143;
-16.8175;-2.3262;-3.89023;0.454753;2.94854;
-17.0263;-2.08831;-3.89802;-0.077964;-3.10428;
-17.2253;-1.98967;-3.93565;-0.376275;-2.95469;
-17.418;-1.9274;-3.99414;-0.584928;-2.84695;
-17.5892;-1.71235;-4.08514;-0.909985;-2.65312;
-17.7623;-1.73091;-4.18625;-1.01111;-2.61291;
-17.9282;-1.65851;-4.29509;-1.08837;-2.56085;
-18.0842;-1.55995;-4.41345;-1.18356;-2.49254;
-18.2419;-1.57726;-4.53307;-1.19625;-2.49271;
-18.4014;-1.59487;-4.65354;-1.20464;-2.49469;
-18.577;-1.75659;-4.77766;-1.24127;-2.52643;
-18.7403;-1.63219;-4.89411;-1.16447;-2.5219;
-18.8844;-1.44185;-5.02794;-1.33835;-2.3934;
-19.0199;-1.35467;-5.16236;-1.34412;-2.3601;
-19.1568;-1.36862;-5.30358;-1.41224;-2.34051;
-19.2699;-1.13159;-5.45452;-1.50943;-2.21409;
-19.3887;-1.18727;-5.61303;-1.58507;-2.21368;
-19.5056;-1.16925;-5.76184;-1.48813;-2.23677;
-19.6135;-1.07942;-5.92888;-1.6704;-2.1445;
-19.7599;-1.46366;-6.0847;-1.55821;-2.32491;
-19.9007;-1.40828;-6.22866;-1.43952;-2.34522;
-20.0628;-1.62096;-6.36484;-1.36189;-2.44283;
-20.2032;-1.4038;-6.49104;-1.26199;-2.40934;
-20.3617;-1.58483;-6.62324;-1.32198;-2.44638;
-20.5326;-1.7095;-6.7528;-1.29558;-2.49308;
-20.6664;-1.33751;-6.86944;-1.16644;-2.42441;
-20.8067;-1.40316;-7.01668;-1.47236;-2.33213;
-20.9461;-1.39374;-7.14709;-1.30406;-2.38942;
-21.0964;-1.50297;-7.28025;-1.33167;-2.41655;
-21.2265;-1.30133;-7.40505;-1.248;-2.37711;
-21.3881;-1.61611;-7.53975;-1.34697;-2.44678;
-21.5185;-1.30444;-7.66506;-1.25306;-2.37628;
-21.6628;-1.44285;-7.80359;-1.3853;-2.37654;
-21.8091;-1.46294;-7.94164;-1.38054;-2.38517;
-21.9633;-1.54128;-8.04758;-1.05941;-2.5394;
-22.1231;-1.59805;-8.16715;-1.19567;-2.49924;
-22.297;-1.73963;-8.28087;-1.13722;-2.56261;
-22.4426;-1.45591;-8.42914;-1.48268;-2.34708;
-22.5801;-1.37534;-8.57511;-1.45972;-2.32644;
-22.7244;-1.4428;-8.74557;-1.70465;-2.27319;
-22.8419;-1.17426;-8.90426;-1.58689;-2.20785;
-22.9462;-1.04302;-9.10128;-1.97014;-2.0577;
-23.0332;-0.870201;-9.28054;-1.79264;-2.02272;
-23.1199;-0.867479;-9.45211;-1.71569;-2.03892;
-23.2301;-1.1015;-9.64845;-1.96342;-2.08206;
-23.3091;-0.790442;-9.82492;-1.76468;-1.99192;
-23.4001;-0.909553;-10.0022;-1.77235;-2.04494;
-23.4878;-0.87734;-10.1842;-1.81995;-2.02;
-23.5613;-0.734605;-10.3796;-1.95489;-1.93025;
-23.6196;-0.583239;-10.5818;-2.02118;-1.85173;
-23.6602;-0.406154;-10.7775;-1.95726;-1.7754;
-23.7008;-0.405945;-10.9732;-1.95735;-1.77529;
-23.7437;-0.428653;-11.1472;-1.73945;-1.81241;
-23.7813;-0.37651;-11.329;-1.81812;-1.775;
-23.8155;-0.341547;-11.5403;-2.11312;-1.73104;
-23.8857;-0.702547;-11.7317;-1.91423;-1.92255;
-23.9525;-0.668006;-11.9078;-1.76108;-1.93334;
-24.0242;-0.717032;-12.0868;-1.79009;-1.95178;
-24.0875;-0.632279;-12.2706;-1.83728;-1.90224;
-24.1634;-0.759376;-12.4559;-1.85296;-1.95974;
-24.2291;-0.657036;-12.6438;-1.87985;-1.90704;
-24.3037;-0.746461;-12.8306;-1.86732;-1.95109;
-24.3795;-0.757179;-13.0233;-1.92749;-1.94511;
-24.4561;-0.765918;-13.2053;-1.8194;-1.96925;
-24.5392;-0.831247;-13.3785;-1.73224;-2.01821;
-24.6451;-1.05922;-13.5536;-1.75076;-2.11489;
-24.7649;-1.19788;-13.7001;-1.46547;-2.25606;
-24.9331;-1.68195;-13.8236;-1.23469;-2.50836;
-25.0945;-1.61425;-13.9407;-1.17127;-2.5139;
-25.2781;-1.83579;-14.0347;-0.9395;-2.66857;
-25.4705;-1.92449;-14.1089;-0.742222;-2.7735;
-25.6692;-1.98622;-14.1995;-0.906696;-2.71335;
-25.8387;-1.69563;-14.2774;-0.778604;-2.71113;
-25.9965;-1.57781;-14.3724;-0.950365;-2.59946;
-26.1691;-1.72552;-14.4778;-1.05323;-2.59357;
-26.3422;-1.73104;-14.5814;-1.03678;-2.60196;
-26.514;-1.71793;-14.6897;-1.08281;-2.57919;
-26.6759;-1.61914;-14.7885;-0.987817;-2.59379;
-26.8502;-1.74322;-14.8876;-0.990491;-2.62489;
-27.0286;-1.78445;-14.9693;-0.817636;-2.71194;
-27.2019;-1.73274;-15.0793;-1.09933;-2.57623;
-27.3839;-1.81944;-15.1799;-1.00658;-2.63627;
-27.5842;-2.00388;-15.2832;-1.03316;-2.66556;
-27.7703;-1.86047;-15.3458;-0.625395;-2.81731;
-27.9732;-2.02916;-15.3951;-0.492954;-2.90327;
-28.1835;-2.10304;-15.4468;-0.517591;-2.90027;
-28.3611;-1.77543;-15.4876;-0.407406;-2.91603;
-28.5407;-1.79619;-15.548;-0.604294;-2.81706;
-28.7258;-1.85162;-15.6288;-0.807701;-2.73026;
-28.9093;-1.83492;-15.6936;-0.648882;-2.80169;
-29.1052;-1.95839;-15.7658;-0.721147;-2.78877;
-29.2949;-1.89696;-15.8168;-0.510415;-2.87875;
-29.4988;-2.03904;-15.8645;-0.477028;-2.91178;
-29.6924;-1.93596;-15.9111;-0.466378;-2.90519;
-29.8911;-1.98781;-15.9533;-0.421842;-2.93248;

29.9172;-1.91631;-15.9872;-0.338897;-2.96655;
29.7135;-2.03717;-16.0202;-0.330195;-2.9809;
29.4955;-2.17984;-16.0678;-0.475283;-2.92692;
29.3225;-1.73017;-16.1088;-0.410229;-2.90879;
29.151;-1.71545;-16.1614;-0.526095;-2.84402;
28.9567;-1.94259;-16.2106;-0.49225;-2.89342;
28.7831;-1.73652;-16.2632;-0.525789;-2.84758;
28.6022;-1.80847;-16.3303;-0.670758;-2.78642;
28.4222;-1.79976;-16.4021;-0.718081;-2.76196;
28.2516;-1.70603;-16.4623;-0.601672;-2.80254;
28.0563;-1.95361;-16.5276;-0.652983;-2.81902;
27.8655;-1.90778;-16.5919;-0.643751;-2.81616;
27.6746;-1.90894;-16.6635;-0.715274;-2.78309;
27.4985;-1.7605;-16.7378;-0.743258;-2.74211;
27.3121;-1.86436;-16.8138;-0.760443;-2.75431;
27.1292;-1.82929;-16.8889;-0.750914;-2.75207;
26.939;-1.90221;-16.9719;-0.829596;-2.73034;
26.7538;-1.85153;-17.0476;-0.756988;-2.75349;
26.5649;-1.8888;-17.12;-0.724008;-2.77555;
26.3798;-1.85169;-17.1734;-0.534376;-2.86064;
26.1873;-1.92474;-17.2469;-0.7345;-2.77704;
25.9953;-1.91967;-17.3196;-0.727414;-2.77938;
25.8146;-1.80744;-17.3953;-0.756584;-2.74516;
25.6428;-1.71744;-17.459;-0.637492;-2.78617;
25.4652;-1.7767;-17.5294;-0.704082;-2.76429;
25.2694;-1.95709;-17.5743;-0.448643;-2.91625;
25.0761;-1.93334;-17.6097;-0.353782;-2.9606;
24.8809;-1.95252;-17.6369;-0.272077;-3.00314;
24.6746;-2.06241;-17.6733;-0.364668;-2.96658;
24.4785;-1.96107;-17.7132;-0.398486;-2.94112;
24.2853;-1.93222;-17.7617;-0.4851;-2.89562;
24.0929;-1.92406;-17.8246;-0.629058;-2.8256;
23.9161;-1.7681;-17.9234;-0.988225;-2.63193;
23.7382;-1.7787;-18.0402;-1.16815;-2.56049;
23.5673;-1.70928;-18.1366;-0.963747;-2.62819;
23.3966;-1.70681;-18.246;-1.09351;-2.5718;
23.2321;-1.64458;-18.3648;-1.18859;-2.51577;
23.0753;-1.568;-18.4931;-1.28289;-2.45587;
22.9262;-1.49107;-18.6302;-1.37053;-2.3983;
22.785;-1.41263;-18.7697;-1.39508;-2.36245;
22.6692;-1.15756;-18.918;-1.48298;-2.23357;
22.5277;-1.41525;-19.0931;-1.75081;-2.2506;
22.4018;-1.25848;-19.2473;-1.54254;-2.25513;
22.2764;-1.25444;-19.4087;-1.61437;-2.23138;
22.1715;-1.04934;-19.5772;-1.68421;-2.12799;
22.0681;-1.03364;-19.749;-1.71833;-2.11235;
21.9686;-0.994999;-19.9277;-1.78672;-2.07891;
21.8715;-0.971397;-20.1011;-1.73412;-2.08141;
21.7947;-0.767132;-20.2725;-1.7142;-1.99158;
21.7344;-0.603805;-20.432;-1.59488;-1.93271;
21.6629;-0.714391;-20.6214;-1.89459;-1.93138;
21.589;-0.739171;-20.8065;-1.8502;-1.95088;
21.512;-0.769883;-20.9892;-1.82692;-1.96962;
21.4325;-0.794761;-21.1669;-1.77763;-1.99123;
21.35;-0.825004;-21.3492;-1.82265;-1.99584;
21.2874;-0.626377;-21.5385;-1.89301;-1.89035;
21.2208;-0.66642;-21.7193;-1.80834;-1.92388;
21.1521;-0.686235;-21.9164;-1.97058;-1.9059;
21.1048;-0.473015;-22.104;-1.87651;-1.81772;
21.0491;-0.556968;-22.2984;-1.94362;-1.84988;
21.0026;-0.465579;-22.4928;-1.9437;-1.8059;
20.9481;-0.545153;-22.6822;-1.89431;-1.85101;
20.8969;-0.511432;-22.8875;-2.05274;-1.81497;
20.8485;-0.484684;-23.0805;-1.93067;-1.81676;
20.7882;-0.602052;-23.2873;-2.0673;-1.85418;
20.7327;-0.555023;-23.4774;-1.90144;-1.8548;
20.6628;-0.699852;-23.6663;-1.88919;-1.92557;
20.5913;-0.714575;-23.8494;-1.83111;-1.94286;
20.5157;-0.756075;-24.0367;-1.87262;-1.95453;
20.4407;-0.749852;-24.2263;-1.89622;-1.94737;
20.366;-0.746851;-24.4333;-2.0702;-1.91703;
20.2799;-0.860839;-24.624;-1.90671;-1.99488;
20.2163;-0.636527;-24.8078;-1.83815;-1.90416;
20.1623;-0.53966;-24.9756;-1.67739;-1.88207;
20.1044;-0.579397;-25.1597;-1.84117;-1.87568;
20.0483;-0.561232;-25.3524;-1.92707;-1.85419;
19.9846;-0.63678;-25.55;-1.97656;-1.88246;
19.9306;-0.540075;-25.7419;-1.91812;-1.84525;
19.8443;-0.863058;-25.9336;-1.91746;-1.99374;
19.7751;-0.691645;-26.1267;-1.931;-1.91474;
19.7032;-0.718722;-26.3413;-2.14626;-1.89393;
19.6522;-0.51044;-26.5388;-1.97504;-1.82371;
19.5942;-0.580084;-26.7367;-1.97858;-1.85599;
19.537;-0.571866;-26.9219;-1.85241;-1.87023;
19.4901;-0.469257;-27.1198;-1.97873;-1.80365;
19.4475;-0.425678;-27.3173;-1.97463;-1.78312;
19.3843;-0.632178;-27.5126;-1.95285;-1.88387;
19.3244;-0.598533;-27.7005;-1.87912;-1.87915;
19.262;-0.623813;-27.8865;-1.86056;-1.8943;
19.1862;-0.758309;-28.0745;-1.87948;-1.95429;
19.0931;-0.931432;-28.2518;-1.77344;-2.05441;
18.9925;-1.00591;-28.4281;-1.76236;-2.08945;
18.8675;-1.25005;-28.6016;-1.73578;-2.19493;
18.6672;-2.00231;-28.6964;-0.947594;-2.69957;
18.5015;-1.65762;-28.7662;-0.698088;-2.743;
18.2955;-2.05939;-28.8038;-0.37609;-2.96096;
18.1164;-1.79102;-28.9305;-1.26737;-2.52577;
17.972;-1.44409;-29.093;-1.62437;-2.29751;
17.8506;-1.21436;-29.2424;-1.49424;-2.25323;
17.7304;-1.20185;-29.3916;-1.49185;-2.24895;
17.6036;-1.26799;-29.5467;-1.55083;-2.25619;
17.4785;-1.25075;-29.6853;-1.38634;-2.30482;
17.3464;-1.32139;-29.8654;-1.8013;-2.2037;

17.2209;-1.2554;29.9771;-1.57473;-2.24384;
17.0517;-1.69133;29.8646;-1.12474;-2.55474;
16.8738;-1.77916;29.7539;-1.10756;-2.58478;
16.6985;-1.75338;29.6509;-1.02995;-2.61048;
16.5392;-1.59267;29.546;-1.0486;-2.55934;
16.3736;-1.65563;29.4224;-1.23577;-2.5004;
16.2198;-1.53846;29.294;-1.28391;-2.44614;
16.0562;-1.63602;29.1783;-1.15749;-2.52585;
15.8679;-1.8825;29.0891;-0.89155;-2.69929;
15.6891;-1.78806;29.0197;-0.693962;-2.77138;
15.5052;-1.83968;28.941;-0.787736;-2.73702;
15.3205;-1.84627;28.8662;-0.747555;-2.75687;
15.1306;-1.89978;28.7878;-0.783933;-2.75023;
14.9527;-1.77828;28.7265;-0.612681;-2.80979;
14.7605;-1.92259;28.6622;-0.643801;-2.81847;
14.5751;-1.85336;28.587;-0.751977;-2.75615;
14.3938;-1.81315;28.4931;-0.938757;-2.66385;
14.2309;-1.6297;28.4108;-0.822793;-2.67405;
14.0415;-1.89401;28.312;-0.988383;-2.66062;
13.86;-1.81457;28.2156;-0.963665;-2.6534;
13.6704;-1.89644;28.1472;-0.684099;-2.79539;
13.4791;-1.91274;28.0816;-0.65623;-2.81109;
13.316;-1.63079;28.0081;-0.735197;-2.71806;
13.1264;-1.89648;27.929;-0.790895;-2.74649;
12.9467;-1.7964;27.859;-0.699879;-2.77008;
12.7332;-2.13528;27.7912;-0.677843;-2.8342;
12.5414;-1.91757;27.7178;-0.734041;-2.776;
12.3725;-1.68894;27.6592;-0.586222;-2.80751;
12.1653;-2.07211;27.587;-0.721503;-2.80652;
11.9768;-1.88503;27.5303;-0.566769;-2.84952;
11.8012;-1.75575;27.484;-0.463323;-2.88359;
11.5913;-2.09961;27.4314;-0.526072;-2.89609;
11.4111;-1.80205;27.3792;-0.522092;-2.85959;
11.2239;-1.87204;27.3242;-0.550016;-2.85583;
10.9988;-2.25113;27.2652;-0.589694;-2.88539;
10.8078;-1.90931;27.2108;-0.544507;-2.86378;
10.6164;-1.91418;27.1616;-0.492078;-2.88997;
10.4215;-1.94877;27.1122;-0.493584;-2.89353;
10.2165;-2.05016;27.0573;-0.549031;-2.87993;
10.0163;-2.0025;27.0068;-0.504856;-2.89463;
9.83334;-1.82934;26.9661;-0.407286;-2.92252;
9.63338;-1.99953;26.9198;-0.462688;-2.9142;
9.43828;-1.95099;26.8964;-0.234252;-3.0221;
9.25523;-1.8305;26.8486;-0.478001;-2.88617;
9.05561;-1.99624;26.8056;-0.430265;-2.9293;
8.85376;-2.01853;26.7629;-0.426621;-2.93331;
8.66186;-1.91896;26.712;-0.509106;-2.88226;
8.45833;-2.03527;26.6572;-0.548032;-2.87856;
8.26993;-1.88405;26.6325;-0.246671;-3.01141;
8.07682;-1.93109;26.6057;-0.268471;-3.00345;
7.88639;-1.90427;26.6039;-0.0178973;-3.13219;
7.67636;-2.10032;26.598;-0.0589693;-3.11352;
7.48346;-1.92898;26.5941;-0.0392875;-3.12123;
7.27893;-2.04538;26.5952;0.0112506;3.13609;
7.07447;-2.04454;26.5986;0.0339175;3.125;
6.87789;-1.96576;26.6068;0.0821937;3.0998;
6.70536;-1.72532;26.6169;0.101449;3.08286;
6.52271;-1.82653;26.6168;-0.00188699;-3.14056;
6.34145;-1.81254;26.6181;0.0139249;3.13391;
6.14179;-1.99668;26.6193;0.0115956;3.13579;
5.94187;-1.99913;26.6113;-0.0798524;-3.10167;
5.73633;-2.05545;26.6145;0.0313457;3.12634;
5.55179;-1.84535;26.6053;-0.0917146;-3.09193;
5.35081;-2.00988;26.5976;-0.0766019;-3.1035;
5.10946;-2.41343;26.5654;-0.322329;-3.00882;
4.91063;-1.98835;26.5345;-0.308928;-2.98746;
4.7205;-1.90124;26.4965;-0.380481;-2.94408;
4.52247;-1.98038;26.426;-0.704022;-2.80003;
4.33597;-1.86499;26.3753;-0.507072;-2.87612;
4.14808;-1.87888;26.3067;-0.686443;-2.79131;
3.958;-1.90082;26.2915;-0.152021;-3.06179;
3.75034;-2.07653;26.2584;-0.330548;-2.98373;
3.55436;-1.95981;26.226;-0.324002;-2.97775;
3.35854;-1.95827;26.208;-0.180532;-3.04966;
3.13791;-2.20624;26.1841;-0.239164;-3.03361;
2.94311;-1.94801;26.1632;-0.208794;-3.03482;
2.73673;-2.06385;26.183;0.197814;3.04604;
2.53339;-2.03341;26.227;0.4399;2.92854;
2.33992;-1.93468;26.2669;0.39912;2.93815;
2.14751;-1.92409;26.2868;0.199312;3.03837;
1.96019;-1.87321;26.3281;0.413227;2.92447;
1.75775;-2.02439;26.3694;0.412845;2.94042;
1.55915;-1.98601;26.411;0.415403;2.9354;
1.36302;-1.96131;26.4458;0.348247;2.96587;
1.16592;-1.97099;26.4803;0.345417;2.9681;
0.968384;-1.97534;26.5079;0.275526;3.003;
0.767896;-2.00489;26.5318;0.238882;3.023;
0.566946;-2.0095;26.5535;0.217252;3.0339;
0.341685;-2.25261;26.5712;0.177643;3.06289;
0.164944;-1.76741;26.5874;0.161142;3.05067;
-0.0515636;-2.16507;26.5769;-0.104286;-3.09346;
-0.260053;-2.08489;26.5684;-0.0855071;-3.1006;
-0.440185;-1.80132;26.5032;-0.652022;-2.7943;
-0.62497;-1.84785;26.4298;-0.7339;-2.76353;
-0.80426;-1.7929;26.3403;-0.894798;-2.67868;
-0.972774;-1.68514;26.2246;-1.15737;-2.53977;
-1.12158;-1.48811;26.0886;-1.35948;-2.40134;
-1.27369;-1.52107;25.953;-1.35609;-2.41347;
-1.41748;-1.43788;25.8183;-1.34707;-2.38879;
-1.56511;-1.47631;25.6944;-1.2392;-2.44329;
-1.73478;-1.69667;25.5735;-1.20886;-2.52253;
-1.89507;-1.60296;25.4585;-1.14983;-2.51934;
-2.05779;-1.62713;25.346;-1.12493;-2.53669;
-2.22221;-1.64425;25.2203;-1.25688;-2.48893;
-2.36639;-1.44181;25.1242;-0.961018;-2.55368;
-2.50989;-1.43498;24.9541;-1.70134;-2.27147;
-2.65596;-1.46066;24.793;-1.61148;-2.30714;
-2.79095;-1.34999;24.6407;-1.52243;-2.29623;
-2.92494;-1.33985;24.4887;-1.52012;-2.29325;
-3.04445;-1.19506;24.3164;-1.7227;-2.17729;
-3.15342;-1.08979;24.1429;-1.73499;-2.13164;
-3.25747;-1.04046;23.9717;-1.71184;-2.11693;
-3.38011;-1.22634;23.7853;-1.86495;-2.15248;
-3.51783;-1.37729;23.6322;-1.53009;-2.30369;
-3.64504;-1.27204;23.5075;-1.24763;-2.36588;
-3.77447;-1.29429;23.3558;-1.51676;-2.27722;
-3.941;-1.66528;23.2305;-1.25338;-2.49639;
-4.11366;-1.7266;23.1021;-1.28349;-2.50235;
-4.27611;-1.62451;22.9927;-1.09426;-2.54881;
-4.42435;-1.48247;22.8737;-1.19005;-2.46518;
-4.59614;-1.71788;22.7456;-1.28068;-2.50098;
-4.78177;-1.85627;22.6029;-1.42674;-2.48629;
-4.94857;-1.66802;22.4853;-1.17621;-2.52742;
-5.11282;-1.64251;22.3715;-1.13809;-2.53565;
-5.29918;-1.86356;22.2519;-1.19601;-2.57101;
-5.46343;-1.64251;22.1482;-1.03754;-2.5782;
-5.63039;-1.66965;22.0512;-0.969477;-2.61552;
-5.81597;-1.85581;21.959;-0.921868;-2.68055;
-6.01646;-2.00489;21.8601;-0.989228;-2.68323;
-6.17735;-1.60888;21.7621;-0.98002;-2.59449;
-6.35394;-1.76587;21.6403;-1.21824;-2.53769;
-6.51654;-1.62596;21.5266;-1.13625;-2.53166;
-6.64384;-1.27301;21.4025;-1.24158;-2.3687;
-6.80272;-1.58881;21.2609;-1.41635;-2.41352;
-6.94347;-1.40756;21.1413;-1.19584;-2.43734;
-7.09644;-1.52969;21.0122;-1.29086;-2.44067;
-7.2484;-1.51961;20.8515;-1.60652;-2.3284;
-7.39434;-1.45939;20.7143;-1.37247;-2.38688;
-7.54714;-1.52793;20.5851;-1.29198;-2.43967;
-7.72671;-1.79571;20.4878;-0.972804;-2.64511;
-7.91168;-1.84972;20.4094;-0.78382;-2.74078;
-8.09501;-1.83331;20.3523;-0.571712;-2.8393;
-8.29831;-2.03297;20.3325;-0.197249;-3.04487;
-8.49973;-2.01419;20.318;-0.145669;-3.0694;
-8.71269;-2.1296;20.2413;-0.767075;-2.79586;
-8.88313;-1.70439;20.1195;-1.21751;-2.52131;
-9.04781;-1.64682;19.9963;-1.23172;-2.49941;
-9.20487;-1.57057;19.8711;-1.25222;-2.4685;
-9.36781;-1.62943;19.7412;-1.29894;-2.46858;
-9.49593;-1.28122;19.5819;-1.59292;-2.24816;
-9.65975;-1.63823;19.4451;-1.36859;-2.44563;
-9.85433;-1.94573;19.3192;-1.25915;-2.56724;
-10.0259;-1.71614;19.2113;-1.07835;-2.58058;
-10.2077;-1.81712;19.1326;-0.786912;-2.73292;
-10.3871;-1.79419;19.0462;-0.864713;-2.69249;
-10.5523;-1.6521;18.9436;-1.02578;-2.58595;
-10.7219;-1.69624;18.8367;-1.06909;-2.57921;
-10.8955;-1.73558;18.7259;-1.1077;-2.57354;
-11.0628;-1.67319;18.6146;-1.11341;-2.55444;
-11.2433;-1.80504;18.5122;-1.0234;-2.62582;
-11.4136;-1.70303;18.3928;-1.19455;-2.52991;
-11.5676;-1.54008;18.2681;-1.24636;-2.46122;
-11.7278;-1.60209;18.1358;-1.32345;-2.45115;
-11.888;-1.60213;17.9932;-1.42588;-2.41434;
-12.0392;-1.5123;17.8706;-1.22582;-2.46044;
-12.1913;-1.52036;17.7459;-1.24726;-2.45455;
-12.349;-1.57666;17.6081;-1.37818;-2.42327;
-12.4855;-1.36567;17.4993;-1.08732;-2.46918;
-12.6603;-1.74804;17.3765;-1.22815;-2.52913;
-12.819;-1.58637;17.2485;-1.28;-2.46267;
-12.9863;-1.67344;17.1322;-1.16301;-2.53424;
-13.1701;-1.83846;17.051;-0.812436;-2.72549;
-13.3718;-2.01685;17.0066;-0.44365;-2.92507;
-13.5569;-1.85055;16.984;-0.225865;-3.02014;
-13.7502;-1.93335;16.9518;-0.321849;-2.97663;
-13.9441;-1.93863;16.9633;0.115107;3.08229;
-14.1241;-1.79975;17.0416;0.783005;2.73123;
-14.2575;-1.3341;17.2567;2.15028;2.1261;
-14.3377;-0.80209;17.4368;1.80087;1.98981;
-14.4254;-0.877468;17.6205;1.83778;2.01625;
-14.489;-0.635233;17.8;1.795;1.91093;
-14.5642;-0.75274;17.9961;1.96092;1.93732;
-14.6254;-0.611315;18.195;1.98851;1.86905;
-14.6973;-0.719433;18.3879;1.92934;1.92772;
-14.7431;-0.458426;18.5538;1.65891;1.84041;
-14.8318;-0.88665;18.7107;1.56919;2.08511;
-14.8723;-0.405019;18.8986;1.87844;1.78316;
-14.9874;-1.15062;19.0833;1.84679;2.12798;
-15.0693;-0.819761;19.2652;1.81912;1.99418;
-15.1382;-0.688308;19.4562;1.91018;1.91665;
-15.2403;-1.021;19.6534;1.97221;2.0485;
-15.3282;-0.879397;19.828;1.74611;2.03734;
-15.4212;-0.929597;20.0074;1.79342;2.04901;
-15.5216;-1.00421;20.1799;1.72503;2.09798;
-15.6276;-1.05953;20.3608;1.80921;2.10058;
-15.7358;-1.08202;20.5409;1.80117;2.11175;
-15.8639;-1.28159;20.6974;1.56537;2.25684;
-15.9539;-0.900356;20.8923;1.94858;2.00363;
-16.0858;-1.31838;21.0611;1.68832;2.23377;
-16.188;-1.02216;21.2604;1.99241;2.04481;
-16.3162;-1.28148;21.4078;1.47424;2.28636;
-16.4098;-0.936674;21.5843;1.76533;2.05862;
-16.5393;-1.29488;21.7471;1.62756;2.24285;
-16.6403;-1.0099;21.9126;1.65526;2.11862;
-16.7611;-1.20814;22.0734;1.60783;2.2152;
-16.8769;-1.15757;22.2506;1.77255;2.14931;
-17.0008;-1.23948;22.402;1.51366;2.25693;
-17.1284;-1.27611;22.5556;1.53585;2.26409;
-17.2367;-1.08283;22.7137;1.58127;2.17124;
-17.3647;-1.28008;22.881;1.6729;2.22395;
-17.4635;-0.987396;23.0478;1.66773;2.10536;
-17.5888;-1.25335;23.2025;1.54714;2.25167;
-17.6949;-1.06136;23.3746;1.72055;2.12353;
-17.8092;-1.14252;23.5719;1.97389;2.09549;
-17.9358;-1.26588;23.7325;1.60542;2.23849;
-18.0266;-0.907974;23.9126;1.80147;2.03765;
-18.1646;-1.38062;24.0914;1.78746;2.22848;
-18.2627;-0.981072;24.2716;1.80227;2.06929;
-18.3862;-1.23506;24.434;1.6242;2.22093;
-18.4563;-0.700988;24.6197;1.85651;1.93183;
-18.5859;-1.29537;24.793;1.73322;2.21262;
-18.6797;-0.938017;24.9718;1.78832;2.05387;
-18.771;-0.91313;25.1584;1.86521;2.02606;
-18.8771;-1.06066;25.3422;1.83876;2.09401;
-18.9758;-0.987719;25.4951;1.52829;2.14456;
-19.0594;-0.835271;25.6745;1.79397;2.00655;
-19.1374;-0.780302;25.856;1.81517;1.97679;
-19.2532;-1.15861;26.0387;1.82686;2.13599;
-19.3111;-0.578634;26.2488;2.10173;1.83945;
-19.375;-0.638846;26.4264;1.7758;1.91613;
-19.4744;-0.99445;26.6178;1.91362;2.05006;
-19.5078;-0.333246;26.8111;1.93331;1.74149;
-19.6047;-0.969814;27.0004;1.89313;2.04422;
-19.6561;-0.513364;27.2046;2.04139;1.81717;
-19.7431;-0.870242;27.3875;1.82949;2.0148;
-19.8013;-0.581547;27.5796;1.92089;1.86477;
-19.8815;-0.801956;27.7661;1.86525;1.97685;
-19.9413;-0.59826;27.9549;1.88748;1.87774;
-20.0283;-0.870305;28.1312;1.76338;2.02927;
-20.0792;-0.509143;28.3128;1.81615;1.84412;
-20.1634;-0.841531;28.4972;1.8434;1.99905;
-20.2317;-0.683667;28.6919;1.94741;1.90842;
-20.315;-0.832434;28.8634;1.71466;2.02276;
-20.3726;-0.576523;29.0608;1.97392;1.85496;
-20.4668;-0.94206;29.2338;1.73073;2.06926;
-20.5612;-0.943704;29.4059;1.72085;2.07241;
-20.6462;-0.849563;29.5883;1.82416;2.00665;
-20.7309;-0.847374;29.7784;1.90118;1.99008;
-20.832;-1.01133;29.9687;1.90281;2.05932;

-20.9344;-1.02309;-29.8545;1.76773;2.09545;
-21.0523;-1.17976;-29.6907;1.63811;2.19495;
-21.161;-1.08687;-29.5182;1.72448;2.13317;
-21.2814;-1.20365;-29.3616;1.5663;2.22601;
-21.3898;-1.08448;-29.187;1.74578;2.12666;
-21.5093;-1.19487;-29.0182;1.68795;2.1868;
-21.6478;-1.38516;-28.8918;1.26405;2.40188;
-21.7447;-0.968492;-28.692;1.99784;2.02218;
-21.8847;-1.39981;-28.5331;1.58958;2.2928;
-21.9756;-0.909398;-28.3445;1.88639;2.02001;
-22.1126;-1.36952;-28.1664;1.78091;2.22635;
-22.2131;-1.00583;-27.9767;1.89662;2.05841;
-22.3203;-1.07115;-27.8066;1.70115;2.13274;
-22.4182;-0.979466;-27.632;1.74595;2.08204;
-22.5007;-0.82454;-27.4395;1.92531;1.97543;
-22.6238;-1.23142;-27.2966;1.42853;2.28223;
-22.6797;-0.559298;-27.0848;2.1178;1.82899;
-22.782;-1.02285;-26.9026;1.82229;2.08227;
-22.8289;-0.468942;-26.7043;1.98245;1.80307;
-22.9214;-0.925323;-26.5051;1.99234;2.00559;
-22.9809;-0.594944;-26.3095;1.95593;1.86608;
-23.0444;-0.634241;-26.0867;2.22789;1.84814;
-23.0941;-0.497596;-25.8924;1.94359;1.82143;
-23.1453;-0.512168;-25.6917;2.0063;1.82074;
-23.1797;-0.343859;-25.4959;1.95823;1.74462;
-23.2249;-0.451435;-25.2885;2.07422;1.7851;
-23.256;-0.311006;-25.0879;2.00577;1.72463;
-23.3009;-0.448989;-24.8974;1.90499;1.80226;
-23.3353;-0.344293;-24.6866;2.10816;1.73268;
-23.3646;-0.292916;-24.5013;1.85355;1.72753;
-23.4161;-0.514953;-24.3058;1.95452;1.82841;
-23.4516;-0.354858;-24.1133;1.92458;1.75313;
-23.5089;-0.573064;-23.9177;1.95603;1.85579;
-23.5376;-0.286858;-23.7216;1.96154;1.71601;
-23.5957;-0.580955;-23.5184;2.03144;1.84934;
-23.5984;-0.0276852;-23.33;1.88467;1.58548;
-23.6688;-0.703789;-23.1472;1.82738;1.93842;
-23.6865;-0.177369;-22.9347;2.12497;1.65407;
-23.725;-0.38514;-22.7403;1.9446;1.76632;
-23.7645;-0.39435;-22.5326;2.07684;1.75844;
-23.7887;-0.241744;-22.3336;1.99;1.69168;
-23.8034;-0.147638;-22.1391;1.94477;1.64657;
-23.8383;-0.349207;-21.9258;2.13339;1.73304;
-23.8466;-0.0826553;-21.7091;2.16683;1.60892;
-23.8896;-0.430041;-21.4817;2.27367;1.75773;
-23.8824;0.0717604;-21.2779;2.03872;1.53561;
-23.8651;0.173142;-21.0808;1.97083;1.48317;
-23.8881;-0.229825;-20.8769;2.0386;1.68306;
-23.8793;0.0884116;-20.6753;2.01596;1.52697;
-23.8771;0.0213625;-20.4678;2.0749;1.5605;
-23.867;0.100883;-20.2688;1.99055;1.52016;
-23.8538;0.13283;-20.0779;1.90854;1.50131;
-23.8718;-0.180258;-19.8973;1.80603;1.67028;
-23.8157;0.56104;-19.6999;1.97409;1.2939;
-23.8153;0.00372302;-19.492;2.07941;1.56901;
-23.7951;0.202136;-19.281;2.10974;1.47528;
-23.7603;0.3482;-19.0835;1.97441;1.39623;
-23.7293;0.310201;-18.8924;1.91196;1.40996;
-23.7025;0.268009;-18.711;1.81346;1.42407;
-23.6716;0.308617;-18.5143;1.96697;1.41517;
-23.6308;0.407678;-18.3171;1.97229;1.36696;
-23.6046;0.262608;-18.1351;1.81998;1.42749;
-23.5408;0.637479;-17.9446;1.90522;1.24791;
-23.5033;0.375345;-17.7452;1.99337;1.38468;
-23.4346;0.686666;-17.5547;1.905;1.22484;
-23.3782;0.564227;-17.3632;1.91564;1.28436;
-23.3185;0.597319;-17.1738;1.89317;1.26517;
-23.2804;0.380572;-16.988;1.85798;1.36876;
-23.224;0.564303;-16.782;2.06091;1.30353;
-23.1677;0.562463;-16.6367;1.45237;1.20131;
-23.1375;0.301987;-16.4425;1.94168;1.4165;
-23.0574;0.800794;-16.2216;2.20929;1.22306;
-22.9966;0.608771;-16.0359;1.85673;1.25397;
-22.8965;1.00074;-15.8507;1.85289;1.07559;
-22.8072;0.89318;-15.656;1.94682;1.14066;
-22.6708;1.36368;-15.4948;1.61205;0.868672;
-22.6069;0.639451;-15.3109;1.83855;1.23608;
-22.4353;1.71545;-15.1534;1.57559;0.742929;
-22.2923;1.43046;-14.9803;1.73089;0.880144;
-22.1205;1.71767;-14.8678;1.12478;0.579761;
-21.9824;1.3813;-14.7174;1.50374;0.827811;
-21.7919;1.90505;-14.6269;0.905244;0.443597;
-21.642;1.49862;-14.5167;1.10169;0.633921;
-21.4486;1.93371;-14.4459;0.707931;0.350946;
-21.2716;1.77007;-14.359;0.869521;0.456611;
-21.0778;1.93874;-14.2966;0.623951;0.311366;
-20.8934;1.84334;-14.2318;0.647415;0.33776;
-20.718;1.75387;-14.1531;0.787304;0.421935;
-20.5248;1.9322;-14.1127;0.403824;0.206031;
-20.3227;2.02143;-14.0409;0.718025;0.341306;
-20.1301;1.9258;-14.0033;0.376387;0.193011;
-19.952;1.78121;-13.9473;0.559676;0.304443;
-19.7487;2.03244;-13.9106;0.366866;0.178582;
-19.5868;1.61938;-13.8114;0.992065;0.549647;
-19.3744;2.12347;-13.7585;0.529478;0.244363;
-19.1981;1.76335;-13.6469;1.11542;0.564015;
-18.9896;2.08482;-13.6116;0.353489;0.167956;
-18.8114;1.78238;-13.4706;1.41004;0.669292;
-18.6115;1.9993;-13.41;0.605596;0.294119;
-18.4769;1.34605;-13.2851;1.24893;0.747988;
-18.2696;2.07302;-13.2029;0.821839;0.377438;
-18.122;1.47577;-13.0785;1.24427;0.700497;
-17.9182;2.03795;-13.0137;0.647726;0.307735;
-17.7368;1.81335;-12.897;1.1675;0.572028;
-17.5488;1.88093;-12.8197;0.773445;0.390127;
-17.3748;1.74;-12.7047;1.14976;0.583918;
-17.1753;1.99431;-12.6422;0.624463;0.303451;
-16.996;1.79355;-12.543;0.992161;0.505285;
-16.7922;2.03795;-12.5038;0.392598;0.190312;
-16.5952;1.96931;-12.3717;1.321;0.590854;
-16.3709;2.24368;-12.3496;0.220434;0.0979324;
-16.1985;1.72397;-12.2198;1.2982;0.645436;
-15.9716;2.26828;-12.1925;0.272945;0.119756;
-15.786;1.85634;-12.0628;1.29723;0.609927;
-15.5743;2.11718;-12.0317;0.311221;0.145953;
-15.3844;1.89889;-11.8947;1.36996;0.62498;
-15.1772;2.07241;-11.8377;0.569354;0.268115;
-15.0078;1.69321;-11.6891;1.48666;0.720531;
-14.8072;2.00689;-11.6285;0.606016;0.293261;
-14.6574;1.49758;-11.4398;1.8867;0.899876;
-14.4342;2.23166;-11.3379;1.01891;0.428306;
-14.3136;1.20616;-11.1029;2.35023;1.09664;
-14.1525;1.61094;-10.9599;1.4294;0.725758;
-14.1071;0.453922;-10.7066;2.53358;1.39352;
-14.013;0.941223;-10.5142;1.92384;1.11579;
-14.0556;-0.425447;-10.2682;2.45953;1.74208;
-14.0013;0.542347;-10.0559;2.12299;1.32068;
-14.0518;-0.504822;-9.83865;2.17278;1.79909;
-14.0511;0.00734464;-9.63139;2.07262;1.56725;
-14.1234;-0.723414;-9.43247;1.98925;1.91959;
-14.0907;0.327414;-9.20035;2.32119;1.43067;
-14.1589;-0.682426;-8.97573;2.2462;1.86575;
-14.1141;0.44808;-8.76324;2.1249;1.36297;
-14.1788;-0.647436;-8.54108;2.22155;1.85438;
-14.1611;0.177579;-8.32757;2.13516;1.48782;
-14.281;-1.1987;-8.11661;2.10961;2.08751;
-14.2933;-0.123313;-7.91301;2.03594;1.63129;
-14.4443;-1.51044;-7.72128;1.9173;2.23805;
-14.4989;-0.545988;-7.52089;2.00396;1.83679;
-14.6533;-1.5442;-7.35743;1.63453;2.32779;
-14.7081;-0.547444;-7.15007;2.07369;1.8289;
-14.849;-1.40937;-6.98533;1.64739;2.27848;
-14.903;-0.540159;-6.76815;2.17174;1.81457;
-15.0599;-1.56889;-6.59803;1.70117;2.31576;
-15.109;-0.490287;-6.37584;2.22199;1.78797;
-15.2771;-1.68133;-6.20176;1.74072;2.33884;
-15.3326;-0.555126;-5.95683;2.44932;1.79368;
-15.4872;-1.54546;-5.77872;1.78108;2.28549;
-15.5329;-0.457334;-5.55894;2.19783;1.77595;
-15.7038;-1.70911;-5.39015;1.6879;2.36244;
-15.7719;-0.680956;-5.17955;2.10597;1.88353;
-15.9605;-1.88643;-5.02942;1.50129;2.46939;
-16.0383;-0.777659;-4.79115;2.38274;1.88627;
-16.2536;-2.15268;-4.65973;1.3142;2.59349;
-16.3708;-1.17248;-4.52314;1.36592;2.28014;
-16.6192;-2.48415;-4.46131;0.618247;2.89767;
-16.7955;-1.76303;-4.34991;1.114;2.57807;
-17.0416;-2.46064;-4.37215;-0.222359;-3.05147;
-17.2393;-1.97695;-4.33396;0.381884;2.95077;
-17.4699;-2.30562;-4.42806;-0.940996;-2.7541;
-17.6975;-2.2769;-4.43318;-0.0511873;-3.11912;
-17.8979;-2.00365;-4.58153;-1.48353;-2.50425;
-18.113;-2.15051;-4.62095;-0.394112;-2.96034;
-18.2936;-1.8065;-4.78963;-1.68686;-2.39043;
-18.5067;-2.13114;-4.84582;-0.561937;-2.88378;
-18.6628;-1.56112;-5.03899;-1.93162;-2.25051;
-18.8789;-2.16029;-5.12236;-0.833719;-2.77328;
-19.0185;-1.39598;-5.31343;-1.91075;-2.20176;
-19.2361;-2.17675;-5.40498;-0.915462;-2.74349;
-19.3701;-1.33966;-5.60349;-1.9851;-2.16445;
-19.586;-2.15902;-5.69207;-0.885833;-2.75224;
-19.7217;-1.35655;-5.88115;-1.89073;-2.19315;
-19.92;-1.98374;-5.98966;-1.08517;-2.64103;
-20.0304;-1.10317;-6.18055;-1.90891;-2.09481;
-20.2458;-2.15407;-6.28744;-1.06883;-2.681;
-20.3787;-1.32889;-6.48142;-1.93985;-2.17141;
-20.5839;-2.05202;-6.57492;-0.93497;-2.71406;
-20.7269;-1.43015;-6.76753;-1.92607;-2.20949;
-20.9232;-1.96361;-6.88123;-1.13702;-2.61672;
-21.0503;-1.271;-7.06407;-1.82843;-2.17825;
-21.2724;-2.22089;-7.16782;-1.03749;-2.70457;
-21.3957;-1.23259;-7.37404;-2.0622;-2.10953;
-21.6098;-2.14095;-7.48552;-1.11479;-2.66152;
-21.728;-1.1825;-7.70218;-2.16657;-2.0704;
-21.906;-1.77933;-7.80819;-1.06018;-2.60425;
-22.0058;-0.99865;-8.02307;-2.14877;-2.00585;
-22.1906;-1.84809;-8.16383;-1.40755;-2.49069;
-22.2782;-0.875248;-8.37935;-2.15523;-1.95655;
-22.4699;-1.91751;-8.53516;-1.55812;-2.45923;
-22.548;-0.780835;-8.76705;-2.31886;-1.8956;
-22.7015;-1.53507;-8.92611;-1.59063;-2.33842;
-22.7679;-0.664181;-9.1429;-2.16793;-1.86808;
-22.9177;-1.49815;-9.3253;-1.82399;-2.25843;
-22.9606;-0.428779;-9.56448;-2.39179;-1.74818;
-23.1184;-1.57824;-9.73967;-1.75187;-2.3041;
-23.1551;-0.366387;-9.99557;-2.55903;-1.713;
-23.2867;-1.31624;-10.1593;-1.63695;-2.24802;
-23.3208;-0.340954;-10.3706;-2.11334;-1.73075;
-23.4647;-1.43949;-10.5581;-1.87542;-2.22544;
-23.4968;-0.320577;-10.7859;-2.27714;-1.71066;
-23.6346;-1.37808;-10.9641;-1.7827;-2.22888;
-23.6674;-0.328418;-11.1936;-2.29496;-1.71294;
-23.7835;-1.16029;-11.378;-1.8439;-2.13245;
-23.8297;-0.462243;-11.5787;-2.00638;-1.79723;
-23.9629;-1.33228;-11.7558;-1.77161;-2.21559;
-23.9893;-0.263547;-11.9786;-2.22748;-1.68857;
-24.1143;-1.25036;-12.1716;-1.93013;-2.14563;
-24.1694;-0.550694;-12.3796;-2.08063;-1.82954;
-24.3156;-1.46167;-12.5443;-1.64714;-2.2966;
-24.3644;-0.488912;-12.7825;-2.38173;-1.77326;
-24.5317;-1.6721;-12.9501;-1.67549;-2.35518;
-24.6005;-0.688744;-13.1618;-2.11753;-1.88526;
-24.7683;-1.67769;-13.3275;-1.65686;-2.36244;
-24.8565;-0.881774;-13.5079;-1.80418;-2.0254;
-25.0492;-1.92673;-13.6333;-1.25346;-2.56482;
-25.1564;-1.07228;-13.8263;-1.93068;-2.07777;
-25.3909;-2.34508;-13.9368;-1.10414;-2.70155;
-25.521;-1.30085;-14.1137;-1.76944;-2.20474;
-25.7372;-2.16214;-14.2031;-0.893745;-2.74962;
-25.8936;-1.56424;-14.3606;-1.57543;-2.35263;
-26.1366;-2.42973;-14.4215;-0.608811;-2.89608;
-26.2801;-1.43475;-14.5666;-1.45144;-2.35041;
-26.502;-2.21978;-14.6442;-0.775189;-2.80561;
-26.6745;-1.72464;-14.7602;-1.16037;-2.54934;
-26.9001;-2.25604;-14.8072;-0.469858;-2.93626;
-27.0591;-1.58977;-14.9345;-1.27316;-2.46634;
-27.2874;-2.28336;-14.9642;-0.29683;-3.01232;
-27.4595;-1.72076;-15.0861;-1.2192;-2.52517;
-27.6885;-2.29014;-15.114;-0.279194;-3.02028;
-27.8943;-2.05758;-15.2408;-1.26742;-2.58951;
-28.1266;-2.32299;-15.263;-0.222738;-3.046;
-28.3145;-1.87949;-15.3923;-1.29229;-2.53925;
-28.5354;-2.20899;-15.4234;-0.311609;-3.00145;
-28.7258;-1.90418;-15.5188;-0.953928;-2.67717;
-28.9428;-2.1696;-15.5325;-0.136794;-3.07863;
-29.1355;-1.92687;-15.64;-1.07461;-2.63286;
-29.335;-1.99492;-15.6834;-0.434446;-2.92716;
-29.5296;-1.94611;-15.7309;-0.474675;-2.90235;
-29.7231;-1.93481;-15.7881;-0.572349;-2.85398;
-29.9219;-1.98791;-15.8648;-0.767007;-2.77336;

29.8904;-1.87701;-15.9373;-0.72502;-2.77298;
29.691;-1.99445;-15.9307;0.065819;3.1086;
29.4817;-2.09268;-16.0572;-1.26455;-2.59804;
29.266;-2.15698;-16.0908;-0.336027;-2.98705;
29.0878;-1.78253;-16.2228;-1.32009;-2.50415;
28.8574;-2.304;-16.2519;-0.291222;-3.01586;
28.6708;-1.86615;-16.3767;-1.24805;-2.55213;
28.4625;-2.08253;-16.4319;-0.551536;-2.8827;
28.2828;-1.7969;-16.5424;-1.1049;-2.59029;
28.075;-2.07793;-16.5959;-0.535264;-2.88948;
27.8961;-1.78944;-16.7122;-1.16328;-2.56516;
27.6922;-2.039;-16.7575;-0.452389;-2.92326;
27.5163;-1.75922;-16.8789;-1.21399;-2.53756;
27.2996;-2.16644;-16.9215;-0.426363;-2.94727;
27.1035;-1.96138;-17.0049;-0.833888;-2.73959;
26.9023;-2.01168;-17.0431;-0.381908;-2.95398;
26.6998;-2.02498;-17.1143;-0.712202;-2.8034;
26.5001;-1.99724;-17.1586;-0.442829;-2.9234;
26.3025;-1.97644;-17.2211;-0.625266;-2.8352;
26.1091;-1.93305;-17.2507;-0.296073;-2.98961;
25.9403;-1.68892;-17.3232;-0.724921;-2.73615;
25.7291;-2.11149;-17.3516;-0.284381;-3.00772;
25.5333;-1.95808;-17.4198;-0.681825;-2.80651;
25.3543;-1.78993;-17.4619;-0.420661;-2.91077;
25.1688;-1.85458;-17.5332;-0.713399;-2.77437;
24.9672;-2.01607;-17.5832;-0.500126;-2.89843;
24.7712;-1.96053;-17.6648;-0.815157;-2.74755;
24.5795;-1.91723;-17.7323;-0.675235;-2.80297;
24.4023;-1.77135;-17.8188;-0.865047;-2.6873;
24.2179;-1.84455;-17.8905;-0.717268;-2.77073;
24.0449;-1.72971;-17.9974;-1.06907;-2.588;
23.8563;-1.88608;-18.0736;-0.762172;-2.75755;
23.69;-1.66307;-18.2153;-1.41664;-2.43604;
23.4749;-2.15091;-18.2823;-0.670334;-2.83948;
23.3369;-1.38006;-18.4607;-1.78322;-2.22943;
23.1442;-1.92691;-18.5537;-0.930252;-2.69183;
23.0193;-1.24921;-18.75;-1.96269;-2.13761;
22.8245;-1.94799;-18.8764;-1.26435;-2.56588;
22.7119;-1.12621;-19.0679;-1.91538;-2.10233;
22.549;-1.62901;-19.2075;-1.39562;-2.43321;
22.4359;-1.13103;-19.4123;-2.04801;-2.07537;
22.3095;-1.2635;-19.5717;-1.59364;-2.24115;
22.2209;-0.886371;-19.7772;-2.05587;-1.97786;
22.0872;-1.33647;-19.9375;-1.60277;-2.26584;
22.0184;-0.688169;-20.1472;-2.09683;-1.88791;
21.8959;-1.22523;-20.3216;-1.74354;-2.18335;
21.8581;-0.378222;-20.5243;-2.02788;-1.75519;
21.6901;-1.67997;-20.7131;-1.88743;-2.2981;
21.653;-0.370579;-20.9557;-2.42652;-1.72235;
21.5461;-1.06869;-21.1801;-2.24406;-2.01525;
21.4754;-0.707228;-21.3578;-1.77697;-1.94957;
21.4044;-0.709909;-21.524;-1.66161;-1.97457;
21.3365;-0.679206;-21.7249;-2.00874;-1.89685;
21.2946;-0.418776;-21.9037;-1.78817;-1.80084;
21.2024;-0.922277;-22.0747;-1.7096;-2.06552;
21.1509;-0.515105;-22.2808;-2.06097;-1.81571;
21.0873;-0.635997;-22.4575;-1.76763;-1.91618;
21.0309;-0.563859;-22.6571;-1.99573;-1.84615;
20.9702;-0.606487;-22.8491;-1.91995;-1.87676;
20.9001;-0.701734;-23.033;-1.83896;-1.93533;
20.8188;-0.812962;-23.2269;-1.93929;-1.96775;
20.7726;-0.46145;-23.4256;-1.98645;-1.79905;
20.685;-0.876624;-23.6136;-1.88087;-2.00694;
20.64;-0.449211;-23.8227;-2.0905;-1.78246;
20.5662;-0.738501;-23.9806;-1.57952;-2.00815;
20.5276;-0.385925;-24.183;-2.02404;-1.75921;
20.467;-0.606281;-24.3757;-1.92626;-1.87572;
20.388;-0.790154;-24.5687;-1.93032;-1.95933;
20.3423;-0.457005;-24.7564;-1.87698;-1.80963;
20.2782;-0.640162;-24.9464;-1.89984;-1.8958;
20.2387;-0.395229;-25.1216;-1.75236;-1.79263;
20.172;-0.667111;-25.3099;-1.88313;-1.91126;
20.1315;-0.404795;-25.5083;-1.98405;-1.77206;
20.0627;-0.688023;-25.7029;-1.9459;-1.91065;
20.0083;-0.544572;-25.9224;-2.19492;-1.81399;
19.9537;-0.545611;-26.1067;-1.84319;-1.85859;
19.9045;-0.492405;-26.3011;-1.94391;-1.81888;
19.8287;-0.757529;-26.475;-1.73882;-1.98166;
19.7896;-0.391053;-26.6815;-2.06532;-1.75792;
19.6738;-1.15787;-26.8642;-1.82664;-2.13576;
19.636;-0.378346;-27.0476;-1.83349;-1.77429;
19.5288;-1.07174;-27.229;-1.81433;-2.10435;
19.4642;-0.64592;-27.4115;-1.82551;-1.91088;
19.3549;-1.09322;-27.5831;-1.71555;-2.13815;
19.2765;-0.784385;-27.7847;-2.01632;-1.9418;
19.124;-1.5248;-27.9109;-1.26181;-2.45029;
19.0336;-0.904252;-28.1241;-2.13154;-1.97201;
18.8492;-1.84331;-28.2635;-1.39436;-2.49398;
18.7485;-1.00742;-28.4565;-1.93018;-2.05183;
18.5648;-1.83654;-28.5868;-1.30287;-2.52457;
18.4401;-1.24756;-28.7586;-1.71751;-2.19901;
18.2884;-1.51719;-28.8701;-1.11519;-2.50773;
18.1583;-1.30033;-29.03;-1.59948;-2.25339;
17.9864;-1.71963;-29.139;-1.09008;-2.57662;
17.8608;-1.25559;-29.3129;-1.73887;-2.19618;
17.7055;-1.553;-29.4589;-1.45932;-2.38728;
17.5606;-1.44877;-29.5925;-1.33697;-2.39631;
17.4007;-1.59957;-29.7322;-1.39609;-2.42402;
17.2584;-1.42232;-29.8829;-1.50763;-2.32709;

17.121;-1.37472;29.9718;-1.45326;-2.32843;
16.8986;-2.22341;29.8645;-1.07252;-2.69214;
16.7577;-1.4088;29.7151;-1.49361;-2.32698;
16.5582;-1.99563;29.6417;-0.734542;-2.78891;
16.4079;-1.50325;29.5079;-1.33747;-2.41449;
16.216;-1.91867;29.414;-0.939478;-2.68626;
16.0449;-1.71116;29.3096;-1.04348;-2.59399;
15.8745;-1.70411;29.2174;-0.92197;-2.64566;
15.6911;-1.83377;29.1078;-1.09623;-2.60279;
15.5079;-1.8315;29.0281;-0.79677;-2.73125;
15.3367;-1.71189;28.9204;-1.077;-2.58003;
15.1518;-1.84902;28.8489;-0.715175;-2.77253;
14.9731;-1.78706;28.7344;-1.14524;-2.57167;
14.7906;-1.82575;28.6552;-0.791948;-2.73232;
14.6109;-1.79627;28.5644;-0.908555;-2.67331;
14.4247;-1.86268;28.4768;-0.875309;-2.7023;
14.2469;-1.77723;28.3877;-0.891569;-2.67662;
14.0797;-1.67237;28.3289;-0.587305;-2.80387;
13.9155;-1.64214;28.2308;-0.981694;-2.60278;
13.7169;-1.98641;28.1773;-0.535112;-2.87845;
13.5427;-1.7416;28.0908;-0.864448;-2.68087;
13.3491;-1.93565;28.0311;-0.597166;-2.84235;
13.1563;-1.92851;27.943;-0.88136;-2.71292;
12.9589;-1.97377;27.8996;-0.433387;-2.92545;
12.7731;-1.85783;27.8417;-0.579216;-2.83937;
12.5832;-1.89922;27.7835;-0.582336;-2.84408;
12.4029;-1.80339;27.7227;-0.607678;-2.81658;
12.2142;-1.88672;27.674;-0.486965;-2.889;
12.0209;-1.93267;27.6309;-0.43112;-2.92212;
11.8274;-1.9354;27.5774;-0.534561;-2.87211;
11.6438;-1.83547;27.5192;-0.582339;-2.83437;
11.4316;-2.12259;27.4928;-0.263652;-3.01801;
11.2272;-2.04369;27.4194;-0.734339;-2.79664;
11.0269;-2.00324;27.3924;-0.270488;-3.00738;
10.8246;-2.02241;27.3232;-0.691455;-2.81215;
10.6255;-1.99105;27.2926;-0.306309;-2.98895;
10.4366;-1.889;27.219;-0.735962;-2.77008;
10.2319;-2.04704;27.1944;-0.246187;-3.0219;
10.0397;-1.92272;27.1163;-0.780234;-2.7561;
9.8422;-1.97454;27.0851;-0.311985;-2.98488;
9.6499;-1.92302;27.0246;-0.605744;-2.83643;
9.45239;-1.97508;26.9856;-0.389972;-2.94665;
9.26333;-1.89065;26.9183;-0.672818;-2.7997;
9.05584;-2.07484;26.8927;-0.256071;-3.0188;
8.87706;-1.78786;26.8326;-0.60067;-2.81747;
8.66834;-2.08715;26.8199;-0.12728;-3.08069;
8.47887;-1.89477;26.7595;-0.603665;-2.83317;
8.25544;-2.23431;26.7526;-0.0691989;-3.11063;
8.04047;-2.14965;26.6972;-0.554249;-2.88926;
7.82376;-2.16713;26.6885;-0.0871436;-3.1014;
7.59156;-2.32201;26.6386;-0.499043;-2.92989;
7.37969;-2.11867;26.6564;0.178577;3.0575;
7.18972;-1.89973;26.6305;-0.258743;-3.00623;
6.99132;-1.98397;26.6399;0.0934264;3.09454;
6.82216;-1.69156;26.5951;-0.447674;-2.88287;
6.59629;-2.2587;26.6407;0.456267;2.94227;
6.36736;-2.28934;26.5942;-0.465092;-2.94116;
6.15039;-2.16965;26.6208;0.265373;3.01989;
5.97696;-1.73438;26.5652;-0.555314;-2.83173;
5.7532;-2.23757;26.6074;0.421877;2.95524;
5.5296;-2.23603;26.536;-0.714204;-2.83243;
5.30573;-2.23866;26.5811;0.450986;2.9428;
5.07373;-2.31998;26.4938;-0.872868;-2.78174;
4.84296;-2.30769;26.5171;0.233205;3.04088;
4.65292;-1.90044;26.4755;-0.416221;-2.92598;
4.44757;-2.05354;26.4868;0.113062;3.08659;
4.25822;-1.89343;26.4338;-0.530599;-2.86837;
4.04449;-2.13728;26.4665;0.327359;2.98961;
3.83947;-2.05027;26.3934;-0.731271;-2.79899;
3.61024;-2.2923;26.4296;0.36216;2.9849;
3.39158;-2.18658;26.3556;-0.739361;-2.81553;
3.16687;-2.2471;26.3953;0.396643;2.96688;
2.95308;-2.13793;26.332;-0.632947;-2.85376;
2.72651;-2.26569;26.3941;0.620376;2.87433;
2.50471;-2.21797;26.3295;-0.645912;-2.85821;
2.27373;-2.30982;26.3986;0.691238;2.85081;
2.0495;-2.24229;26.3482;-0.504226;-2.9204;
1.82613;-2.2337;26.4256;0.77456;2.80781;
1.5972;-2.28926;26.3792;-0.463814;-2.94169;
1.3684;-2.28807;26.4609;0.816268;2.79892;
1.13304;-2.35352;26.408;-0.528604;-2.92066;
0.91248;-2.20564;26.4889;0.809248;2.78994;
0.663624;-2.48856;26.4265;-0.623908;-2.89595;
0.435821;-2.27802;26.4639;0.373354;2.97914;
0.229591;-2.0623;26.3927;-0.711924;-2.80919;
0.0123533;-2.17238;26.4256;0.329117;2.99124;
-0.209393;-2.21746;26.3053;-1.20326;-2.64443;
-0.422084;-2.12691;26.305;-0.00247776;-3.14043;
-0.623037;-2.00953;26.1584;-1.46589;-2.51136;
-0.84474;-2.21703;26.1223;-0.36152;-2.97995;
-1.02897;-1.84235;25.9527;-1.69539;-2.39771;
-1.23848;-2.09509;25.885;-0.677824;-2.82869;
-1.38144;-1.42957;25.6897;-1.95229;-2.20284;
-1.61083;-2.29388;25.6139;-0.758699;-2.82217;
-1.76808;-1.57255;25.4332;-1.80694;-2.28695;
-1.96582;-1.97735;25.3358;-0.973976;-2.68391;
-2.08922;-1.234;25.1427;-1.93056;-2.13954;
-2.30254;-2.13325;25.0347;-1.08057;-2.67273;
-2.42149;-1.18946;24.827;-2.0768;-2.09093;
-2.63166;-2.10171;24.7152;-1.11733;-2.65296;
-2.74796;-1.16303;24.5087;-2.06498;-2.08373;
-2.94108;-1.93115;24.3905;-1.18249;-2.59216;
-3.03808;-0.970056;24.2022;-1.88313;-2.04647;
-3.26081;-2.22722;24.0895;-1.12729;-2.67304;
-3.39174;-1.30932;23.8645;-2.24943;-2.09793;
-3.60322;-2.11486;23.7561;-1.08416;-2.66788;
-3.73017;-1.26948;23.5611;-1.95003;-2.14788;
-3.94193;-2.11756;23.4607;-1.00378;-2.69894;
-4.06896;-1.27029;23.2703;-1.90389;-2.15917;
-4.27836;-2.09401;23.1763;-0.940665;-2.71939;
-4.42577;-1.47408;22.9879;-1.88382;-2.23477;
-4.66096;-2.35196;22.9124;-0.755086;-2.83094;
-4.81024;-1.49278;22.7038;-2.08555;-2.19203;
-5.02522;-2.14983;22.6164;-0.874295;-2.75534;
-5.15216;-1.2694;22.432;-1.84365;-2.17378;
-5.38186;-2.29699;22.3415;-0.905686;-2.76602;
-5.50523;-1.23365;22.1516;-1.89898;-2.14692;
-5.72611;-2.20879;22.0606;-0.909771;-2.75088;
-5.86073;-1.34628;21.8794;-1.81218;-2.20974;
-6.08456;-2.23824;21.7941;-0.85294;-2.77751;
-6.2266;-1.42041;21.6154;-1.7862;-2.24261;
-6.41785;-1.91255;21.5546;-0.608958;-2.83334;
-6.56062;-1.42769;21.3739;-1.80625;-2.23967;
-6.77878;-2.18161;21.2909;-0.830652;-2.77779;
-6.92619;-1.47408;21.1103;-1.80547;-2.25549;
-7.15217;-2.25979;21.0478;-0.625364;-2.87161;
-7.30362;-1.51453;20.8688;-1.78976;-2.27309;
-7.53436;-2.30732;20.8021;-0.667083;-2.86015;
-7.69553;-1.61174;20.6468;-1.55328;-2.37466;
-7.9241;-2.28566;20.6065;-0.402345;-2.96735;
-8.12062;-1.9652;20.4433;-1.63203;-2.44855;
-8.34102;-2.20399;20.3912;-0.52139;-2.9093;
-8.51334;-1.72326;20.2421;-1.49137;-2.4282;
-8.72463;-2.11289;20.1805;-0.615721;-2.85803;
-8.86257;-1.37937;19.9963;-1.84228;-2.21348;
-9.10957;-2.47002;19.9311;-0.651343;-2.88376;
-9.26167;-1.52106;19.7587;-1.72438;-2.29363;
-9.47341;-2.11732;19.6807;-0.780195;-2.78855;
-9.61302;-1.39612;19.5198;-1.60856;-2.28561;
-9.81338;-2.00364;19.4456;-0.742245;-2.78682;
-9.9611;-1.47722;19.2747;-1.70864;-2.28368;
-10.1929;-2.31786;19.1898;-0.849189;-2.79041;
-10.3426;-1.49715;19.021;-1.68829;-2.29626;
-10.5439;-2.01248;18.937;-0.839534;-2.74638;
-10.6866;-1.42716;18.7785;-1.5849;-2.30387;
-10.9051;-2.18538;18.7033;-0.751885;-2.81023;
-11.0705;-1.654;18.5408;-1.62495;-2.36505;
-11.262;-1.9154;18.4792;-0.61661;-2.83015;
-11.4132;-1.51184;18.2953;-1.83908;-2.25884;
-11.6696;-2.5639;18.1981;-0.97152;-2.77939;
-11.8473;-1.77661;18.0314;-1.66689;-2.38805;
-12.039;-1.91764;17.9329;-0.98542;-2.66691;
-12.1857;-1.46605;17.7818;-1.5108;-2.34116;
-12.4013;-2.15633;17.7102;-0.715738;-2.82111;
-12.5569;-1.55603;17.5449;-1.65329;-2.3259;
-12.7922;-2.35351;17.5049;-0.400365;-2.97309;
-12.9735;-1.81275;17.3801;-1.24748;-2.53885;
-13.2359;-2.62393;17.4007;0.205374;3.06348;
-13.444;-2.08081;17.372;-0.286484;-3.00477;
-13.6596;-2.15567;17.4723;1.00244;2.70632;
-13.8603;-2.00794;17.5143;0.42069;2.93507;
-14.035;-1.74602;17.6753;1.60982;2.39676;
-14.1897;-1.5473;17.7812;1.0587;2.54154;
-14.3054;-1.15703;17.9601;1.78958;2.14473;
-14.4728;-1.67461;18.0901;1.29989;2.48151;
-14.5511;-0.782421;18.3037;2.13548;1.922;
-14.6996;-1.48537;18.4499;1.46239;2.36399;
-14.7659;-0.66269;18.6886;2.38687;1.84161;
-14.8996;-1.33716;18.8505;1.61906;2.26112;
-14.9495;-0.499203;19.078;2.27468;1.78683;
-15.1092;-1.597;19.2407;1.62776;2.34666;
-15.1606;-0.513868;19.4822;2.41413;1.78052;
-15.2959;-1.35281;19.6559;1.73703;2.23248;
-15.3494;-0.53461;19.8648;2.08978;1.82125;
-15.5154;-1.66058;20.0328;1.67914;2.35064;
-15.5773;-0.618379;20.2453;2.12584;1.85387;
-15.7297;-1.52441;20.4101;1.64768;2.31735;
-15.8012;-0.715084;20.6196;2.09464;1.89978;
-15.9613;-1.60089;20.7863;1.66711;2.33593;
-16.0339;-0.72625;21.0025;2.16255;1.89479;
-16.186;-1.52058;21.1335;1.30929;2.43072;
-16.2678;-0.818738;21.3391;2.05653;1.94968;
-16.4131;-1.45255;21.5214;1.82328;2.2435;
-16.5247;-1.11622;21.6982;1.76785;2.13398;
-16.5957;-0.709992;21.8667;1.68462;1.96966;
-16.7502;-1.54477;22.0081;1.41417;2.4003;
-16.8443;-0.94063;22.1949;1.86794;2.03729;
-16.9907;-1.46409;22.3448;1.49887;2.34446;
-17.0911;-1.00421;22.5443;1.9947;2.03719;
-17.2332;-1.42131;22.6992;1.54918;2.31317;
-17.3342;-1.00976;22.8933;1.94085;2.05053;
-17.4765;-1.42264;23.0548;1.6154;2.29283;
-17.5758;-0.992884;23.2549;2.00057;2.03148;
-17.732;-1.56271;23.4036;1.48719;2.38095;
-17.8083;-0.762444;23.6135;2.09903;1.91921;
-17.9655;-1.57271;23.7669;1.53402;2.36865;
-18.0454;-0.799028;23.9749;2.08024;1.93752;
-18.1971;-1.51615;24.1391;1.64165;2.31647;
-18.2327;-0.356571;24.3422;2.03129;1.74456;
-18.4023;-1.69539;24.5165;1.74338;2.34224;
-18.4775;-0.752434;24.7149;1.98396;1.93329;
-18.6216;-1.44114;24.857;1.42078;2.36331;
-18.6926;-0.709739;25.0771;2.20122;1.8827;
-18.8494;-1.56825;25.2291;1.51942;2.37201;
-18.905;-0.555883;25.4414;2.12332;1.82685;
-19.0266;-1.21597;25.6177;1.76331;2.17451;
-19.068;-0.4142;25.84;2.22233;1.75506;
-19.2005;-1.32448;26.0391;1.99076;2.15786;
-19.2592;-0.587546;26.2267;1.87646;1.87424;
-19.3671;-1.07876;26.4052;1.78523;2.11435;
-19.4074;-0.403503;26.6147;2.09449;1.76111;
-19.5299;-1.22411;26.7788;1.64119;2.21165;
-19.5527;-0.228441;27.0103;2.31551;1.66914;
-19.6818;-1.29085;27.2021;1.91801;2.16318;
-19.7071;-0.252683;27.4049;2.02741;1.69479;
-19.8324;-1.25315;27.5864;1.81569;2.1749;
-19.8607;-0.2835;27.8114;2.24912;1.69618;
-19.9856;-1.24843;28.0127;2.01374;2.12576;
-20.0026;-0.170035;28.2151;2.02382;1.65462;
-20.142;-1.39401;28.4106;1.95448;2.19035;
-20.1922;-0.502502;28.6237;2.1314;1.80233;
-20.3176;-1.25429;28.797;1.73266;2.19739;
-20.3684;-0.507731;29.0147;2.17731;1.79989;
-20.5092;-1.40749;29.179;1.64301;2.27914;
-20.5573;-0.481465;29.3922;2.13164;1.79293;
-20.6304;-0.731197;29.5801;1.87946;1.94182;
-20.72;-0.895716;29.7623;1.82184;2.02775;
-20.8123;-0.922972;29.9366;1.74275;2.05785;

-20.9165;-1.04149;-29.9048;1.58677;2.15163;
-21.0218;-1.05326;-29.7373;1.6744;2.1323;
-21.1499;-1.28129;-29.587;1.50334;2.27662;
-21.2316;-0.816736;-29.4016;1.85406;1.98573;
-21.3767;-1.45116;-29.2458;1.55798;2.32071;
-21.4617;-0.85046;-29.0434;2.02368;1.96864;
-21.5942;-1.32486;-28.8907;1.52662;2.28555;
-21.6942;-0.999254;-28.7065;1.84279;2.06767;
-21.815;-1.20854;-28.5552;1.51218;2.24505;
-21.8991;-0.841294;-28.3722;1.83076;2.00155;
-22.0199;-1.2075;-28.2207;1.51477;2.2438;
-22.1098;-0.898742;-28.0225;1.98212;1.99649;
-22.2455;-1.3577;-27.8525;1.69999;2.24471;
-22.3233;-0.777216;-27.6599;1.92617;1.95432;
-22.4402;-1.1699;-27.4882;1.71622;2.16912;
-22.5073;-0.670879;-27.2901;1.98113;1.89731;
-22.6308;-1.23511;-27.1224;1.67714;2.20556;
-22.6854;-0.54607;-26.915;2.07382;1.82827;
-22.7908;-1.05312;-26.7381;1.7693;2.10769;
-22.8127;-0.219558;-26.5257;2.12455;1.67377;
-22.9224;-1.09643;-26.3332;1.92442;2.08867;
-22.9613;-0.389481;-26.1249;2.08334;1.75561;
-23.0535;-0.921431;-25.9247;2.00183;2.00218;
-23.072;-0.18547;-25.7274;1.97244;1.66455;
-23.1273;-0.553102;-25.5203;2.07162;1.8317;
-23.1852;-0.578916;-25.3221;1.98207;1.85497;
-23.2285;-0.432945;-25.157;1.65101;1.82725;
-23.2755;-0.470431;-24.9669;1.90117;1.81337;
-23.3144;-0.388303;-24.7677;1.9917;1.76334;
-23.3574;-0.43048;-24.5717;1.95964;1.78704;
-23.3994;-0.419647;-24.3698;2.01888;1.77574;
-23.4384;-0.389885;-24.1962;1.73685;1.79161;
-23.474;-0.356802;-24.0001;1.96102;1.75077;
-23.521;-0.469053;-23.8102;1.89874;1.81298;
-23.5532;-0.322571;-23.6038;2.06364;1.72585;
-23.6205;-0.672563;-23.4066;1.97253;1.8994;
-23.6184;0.0211418;-23.1924;2.14209;1.56093;
-23.6811;-0.627204;-22.9919;2.00441;1.87406;
-23.6775;0.0357796;-22.7789;2.13015;1.554;
-23.738;-0.604793;-22.5774;2.01465;1.86243;
-23.723;0.149802;-22.3856;1.91879;1.49288;
-23.7811;-0.58143;-22.1848;2.0074;1.85272;
-23.7724;0.0872622;-21.9738;2.10982;1.52946;
-23.8228;-0.503722;-21.7676;2.0621;1.81038;
-23.8018;0.210313;-21.5585;2.0913;1.47057;
-23.8607;-0.589487;-21.355;2.03458;1.85281;
-23.8452;0.154571;-21.14;2.15042;1.49904;
-23.8782;-0.329532;-20.9566;1.83395;1.74858;
-23.8489;0.293098;-20.7649;1.91729;1.4191;
-23.8542;-0.0535562;-20.5599;2.04921;1.59693;
-23.8484;0.0580178;-20.3852;1.74766;1.53761;
-23.8305;0.179154;-20.18;2.0515;1.48369;
-23.8316;-0.0104126;-20.0128;1.67201;1.57702;
-23.809;0.225638;-19.8099;2.02958;1.46008;
-23.7717;0.372577;-19.6337;1.76215;1.36243;
-23.7695;0.0225575;-19.4325;2.01181;1.55958;
-23.7502;0.1925;-19.2294;2.03097;1.4763;
-23.7299;0.203728;-19.0162;2.13196;1.47553;
-23.7036;0.263023;-18.8075;2.08648;1.4454;
-23.6395;0.640994;-18.6029;2.04663;1.26728;
-23.6271;0.123406;-18.3979;2.04988;1.51067;
-23.5518;0.753571;-18.2002;1.9764;1.20653;
-23.5399;0.118649;-17.9905;2.0979;1.5143;
-23.4565;0.834332;-17.795;1.95414;1.16727;
-23.443;0.134738;-17.5905;2.04528;1.50501;
-23.3683;0.747442;-17.3923;1.9824;1.21024;
-23.332;0.3627;-17.192;2.00287;1.39165;
-23.2545;0.775231;-17.0031;1.88836;1.18124;
-23.2077;0.467692;-16.8028;2.0039;1.34151;
-23.1218;0.858533;-16.6426;1.60143;1.07868;
-23.0955;0.263755;-16.4216;2.2101;1.45202;
-22.9708;1.24641;-16.2112;2.10377;1.03594;
-22.9098;0.610026;-16.0091;2.02175;1.27775;
-22.7705;1.3929;-15.8212;1.87866;0.932803;
-22.6813;0.89203;-15.6315;1.89729;1.1313;
-22.5504;1.30965;-15.4943;1.37137;0.808416;
-22.4545;0.958976;-15.3081;1.86199;1.0952;
-22.2727;1.81768;-15.1767;1.31439;0.626071;
-22.15;1.22648;-15.0048;1.71858;0.950963;
-21.9558;1.94241;-14.8851;1.19681;0.552208;
-21.8128;1.42963;-14.7471;1.38004;0.76775;
-21.6128;2.00026;-14.627;1.20111;0.54077;
-21.4359;1.76868;-14.5336;0.934625;0.486133;
-21.2636;1.723;-14.4472;0.863445;0.464549;
-21.0788;1.848;-14.3747;0.725638;0.374164;
-20.9012;1.77669;-14.2834;0.912169;0.474317;
-20.7222;1.78935;-14.2098;0.736381;0.390411;
-20.522;2.00222;-14.1452;0.645939;0.312071;
-20.3369;1.85154;-14.0579;0.873233;0.440691;
-20.145;1.9186;-13.9981;0.597457;0.301885;
-19.9515;1.93525;-13.9222;0.759198;0.37385;
-19.7573;1.94152;-13.8602;0.619995;0.309099;
-19.5759;1.81427;-13.778;0.822604;0.425685;
-19.3831;1.92832;-13.7177;0.602106;0.302651;
-19.2034;1.79641;-13.6165;1.01222;0.513126;
-18.9993;2.04147;-13.5635;0.529866;0.253948;
-18.8277;1.71598;-13.4208;1.42714;0.69376;
-18.6017;2.26029;-13.3787;0.421295;0.184275;
-18.4312;1.70415;-13.2389;1.39752;0.686858;
-18.2173;2.13955;-13.1501;0.888249;0.393505;
-18.0506;1.66716;-13.0529;0.972331;0.527994;
-17.8622;1.88411;-12.9698;0.830397;0.415124;
-17.6901;1.72087;-12.8873;0.825851;0.44744;
-17.5165;1.73579;-12.7995;0.87724;0.467945;
-17.3234;1.93084;-12.7306;0.689168;0.342832;
-17.1599;1.63545;-12.6331;0.974907;0.537554;
-16.9471;2.12735;-12.5711;0.62014;0.283648;
-16.7766;1.7052;-12.4649;1.06212;0.557067;
-16.5497;2.26912;-12.4329;0.319719;0.139978;
-16.3748;1.74883;-12.3008;1.3208;0.646851;
-16.144;2.30812;-12.2588;0.420637;0.180264;
-15.9733;1.7069;-12.1218;1.36965;0.676215;
-15.7574;2.15919;-12.0752;0.466301;0.212695;
-15.583;1.74408;-11.9039;1.71341;0.776528;
-15.3624;2.20544;-11.8486;0.552424;0.245433;
-15.1936;1.68819;-11.6696;1.78989;0.814629;
-14.9817;2.11936;-11.5987;0.709101;0.322875;
-14.8368;1.44883;-11.4038;1.94912;0.931579;
-14.6476;1.8916;-11.2981;1.05702;0.509574;
-14.5421;1.05556;-11.0877;2.10381;1.10576;
-14.3887;1.53429;-10.9291;1.58623;0.80204;
-14.3467;0.41983;-10.6913;2.37833;1.39607;
-14.228;1.18698;-10.5271;1.64139;0.944695;
-14.2253;0.0268895;-10.2817;2.4538;1.55984;
-14.1488;0.764812;-10.079;2.02771;1.21011;
-14.1669;-0.181171;-9.84351;2.3546;1.64759;
-14.1056;0.613275;-9.64498;1.98529;1.27119;
-14.1641;-0.585429;-9.42131;2.23673;1.82679;
-14.1082;0.559534;-9.194;2.2731;1.32944;
-14.1966;-0.884336;-8.96448;2.29519;1.93857;
-14.1681;0.285192;-8.74578;2.18697;1.44112;
-14.297;-1.28898;-8.54159;2.0419;2.13389;
-14.2843;0.127087;-8.29448;2.47109;1.51941;
-14.4076;-1.2329;-8.08762;2.06864;2.10827;
-14.4225;-0.149698;-7.86187;2.25747;1.63701;
-14.5607;-1.38124;-7.6707;1.91173;2.19647;
-14.5868;-0.261035;-7.43717;2.33529;1.68211;
-14.7375;-1.50676;-7.25258;1.84592;2.25537;
-14.7751;-0.376056;-7.00575;2.46824;1.72199;
-14.9341;-1.59022;-6.82158;1.84169;2.28305;
-14.9898;-0.557256;-6.60078;2.20806;1.81801;
-15.1506;-1.60821;-6.43601;1.64767;2.34408;
-15.2106;-0.599338;-6.2037;2.32307;1.82328;
-15.375;-1.6449;-6.02686;1.76844;2.32002;
-15.4354;-0.60396;-5.81652;2.10337;1.85041;
-15.611;-1.75571;-5.66246;1.54057;2.42137;
-15.6846;-0.735464;-5.44001;2.22453;1.8901;
-15.8864;-2.01865;-5.28307;1.56944;2.48074;
-16.0047;-1.18284;-5.10195;1.81121;2.14932;
-16.2044;-1.99733;-5.0068;0.951495;2.69702;
-16.3455;-1.41032;-4.82832;1.78475;2.23954;
-16.5711;-2.2566;-4.78392;0.444035;2.9473;
-16.7213;-1.50152;-4.63791;1.46012;2.37017;
-16.9816;-2.60348;-4.62241;0.154961;3.08214;
-17.1972;-2.15545;-4.55481;0.675972;2.8377;
-17.4339;-2.36757;-4.62803;-0.732179;-2.84167;
-17.655;-2.21034;-4.62012;0.0791279;3.10581;
-17.8492;-1.9422;-4.74023;-1.20114;-2.58772;
-18.1;-2.50854;-4.76766;-0.274252;-3.0327;
-18.2899;-1.89835;-4.91645;-1.48794;-2.4768;
-18.5019;-2.12039;-4.9733;-0.568532;-2.87963;
-18.6641;-1.62207;-5.13725;-1.6395;-2.35085;
-18.8883;-2.24216;-5.20379;-0.665391;-2.85311;
-19.0378;-1.49435;-5.40642;-2.02623;-2.20625;
-19.2608;-2.23053;-5.51785;-1.11436;-2.67827;
-19.4033;-1.42514;-5.68023;-1.62381;-2.29113;
-19.6073;-2.03938;-5.76574;-0.855031;-2.74459;
-19.7387;-1.31443;-5.94588;-1.80139;-2.20116;
-19.9245;-1.85773;-6.0269;-0.810254;-2.73031;
-20.0592;-1.34724;-6.21238;-1.85483;-2.19898;
-20.2819;-2.22686;-6.30567;-0.932894;-2.74488;
-20.3945;-1.1258;-6.50715;-2.01479;-2.08035;
-20.6065;-2.12047;-6.61987;-1.12713;-2.65303;
-20.7022;-0.956907;-6.81645;-1.96588;-2.02379;
-20.9391;-2.36864;-6.94196;-1.25505;-2.65434;
-21.0668;-1.27687;-7.13349;-1.91531;-2.1588;
-21.2455;-1.78699;-7.24329;-1.09804;-2.5906;
-21.3749;-1.29395;-7.42942;-1.86128;-2.17829;
-21.5633;-1.88473;-7.54431;-1.14887;-2.59417;
-21.6727;-1.0936;-7.74725;-2.02939;-2.06506;
-21.8607;-1.88042;-7.87705;-1.29804;-2.53741;
-21.9859;-1.25184;-8.0848;-2.07747;-2.11311;
-22.1532;-1.67266;-8.23675;-1.51947;-2.40415;
-22.2423;-0.890865;-8.42741;-1.90661;-2.0079;
-22.4146;-1.72336;-8.57035;-1.42939;-2.44917;
-22.4894;-0.747992;-8.78563;-2.15283;-1.90519;
-22.6635;-1.74091;-8.93917;-1.53544;-2.41883;
-22.729;-0.654671;-9.17185;-2.32674;-1.84507;
-22.8929;-1.6393;-9.33622;-1.64377;-2.35483;
-22.948;-0.551036;-9.56253;-2.263;-1.80965;
-23.1021;-1.54124;-9.72381;-1.61283;-2.3335;
-23.1534;-0.512421;-9.95317;-2.29358;-1.7906;
-23.2896;-1.36218;-10.1154;-1.62191;-2.26938;
-23.3271;-0.374764;-10.3543;-2.38919;-1.72639;
-23.4776;-1.50514;-10.5465;-1.92195;-2.23517;
-23.5077;-0.301557;-10.7808;-2.34344;-1.69877;
-23.634;-1.26233;-10.9847;-2.0385;-2.12525;
-23.6814;-0.474458;-11.1874;-2.02745;-1.80068;
-23.8232;-1.41797;-11.3801;-1.92651;-2.2053;
-23.8386;-0.153965;-11.6083;-2.28196;-1.63816;
-23.9904;-1.51749;-11.7999;-1.91647;-2.24053;
-24.0242;-0.338448;-12.0104;-2.10528;-1.73019;
-24.199;-1.74794;-12.1858;-1.75342;-2.35463;
-24.2557;-0.566769;-12.4062;-2.2038;-1.82252;
-24.4115;-1.55807;-12.5779;-1.71763;-2.30752;
-24.4711;-0.596252;-12.7974;-2.19446;-1.8361;
-24.6415;-1.70367;-12.965;-1.67601;-2.36438;
-24.7195;-0.780033;-13.1713;-2.06385;-1.93215;
-24.887;-1.67509;-13.3023;-1.30916;-2.47821;
-25.0199;-1.32872;-13.513;-2.10757;-2.13331;
-25.2218;-2.01944;-13.6564;-1.43361;-2.52425;
-25.3358;-1.14039;-13.8352;-1.78855;-2.13841;
-25.5372;-2.01382;-13.9432;-1.07994;-2.64936;
-25.6715;-1.34286;-14.1336;-1.90376;-2.18512;
-25.8911;-2.19631;-14.2176;-0.839547;-2.77648;
-26.0457;-1.54555;-14.3733;-1.55705;-2.35249;
-26.273;-2.27271;-14.4475;-0.742683;-2.82575;
-26.4347;-1.61731;-14.5961;-1.48557;-2.39863;
-26.6363;-2.01594;-14.6435;-0.474539;-2.91041;
-26.814;-1.77713;-14.7845;-1.40917;-2.47117;
-27.0293;-2.15295;-14.8285;-0.440619;-2.93972;
-27.2178;-1.88491;-14.9638;-1.35296;-2.51903;
-27.4072;-1.89411;-14.9726;-0.087987;-3.09517;
-27.5975;-1.90248;-15.111;-1.38337;-2.51288;
-27.8208;-2.23372;-15.1329;-0.219392;-3.04369;
-27.9923;-1.71424;-15.2655;-1.32628;-2.48311;
-28.2134;-2.2119;-15.2916;-0.26098;-3.02415;
-28.3988;-1.85377;-15.4013;-1.0971;-2.60721;
-28.6285;-2.29646;-15.4228;-0.214424;-3.04849;
-28.8199;-1.91442;-15.5393;-1.16535;-2.59479;
-29.0329;-2.12988;-15.5495;-0.102299;-3.0936;
-29.2271;-1.94174;-15.6595;-1.09977;-2.62626;
-29.4084;-1.8133;-15.6967;-0.372244;-2.93912;
-29.5931;-1.84681;-15.7538;-0.570511;-2.84198;
-29.7809;-1.87839;-15.8121;-0.58353;-2.84039;
-29.9728;-1.9185;-15.8714;-0.592334;-2.84213;

29.8245;-2.02693;-15.9397;-0.683226;-2.81648;
29.6624;-1.62096;-15.9992;-0.595349;-2.78961;
29.4893;-1.73122;-16.0683;-0.691069;-2.76179;
29.2968;-1.92541;-16.1215;-0.531265;-2.87237;
29.1248;-1.72013;-16.2028;-0.812963;-2.70009;
28.9397;-1.85085;-16.262;-0.592564;-2.83175;
28.756;-1.83725;-16.3435;-0.81499;-2.72408;
28.5691;-1.86831;-16.3959;-0.524005;-2.86815;
28.3839;-1.85196;-16.4982;-1.02293;-2.63695;
28.181;-2.02879;-16.5378;-0.395475;-2.94908;
27.9934;-1.87612;-16.6394;-1.01654;-2.64504;
27.7899;-2.03571;-16.6877;-0.483107;-2.90859;
27.5696;-2.20222;-16.7782;-0.90447;-2.75189;
27.3858;-1.83883;-16.8331;-0.548819;-2.85155;
27.1971;-1.88689;-16.9238;-0.907263;-2.6934;
27.0087;-1.88377;-16.9485;-0.246736;-3.01135;
26.8205;-1.88177;-17.0855;-1.37046;-2.51214;
26.5759;-2.44641;-17.1081;-0.225887;-3.04952;
26.3845;-1.91375;-17.1985;-0.904421;-2.70011;
26.1697;-2.14785;-17.2094;-0.108645;-3.09105;
25.9707;-1.99039;-17.3259;-1.1648;-2.61212;
25.7528;-2.17906;-17.3409;-0.150721;-3.07253;
25.5626;-1.90169;-17.4651;-1.24173;-2.56314;
25.3332;-2.29429;-17.4826;-0.174887;-3.06551;
25.1331;-2.00089;-17.6147;-1.3212;-2.558;
24.8881;-2.45017;-17.6278;-0.130899;-3.08822;
24.6964;-1.91697;-17.7591;-1.31312;-2.541;
24.4883;-2.08062;-17.8172;-0.580981;-2.86929;
24.3206;-1.67677;-17.9416;-1.24381;-2.50337;
24.0996;-2.21001;-17.9914;-0.497621;-2.92012;
23.9284;-1.71226;-18.1493;-1.57969;-2.39645;
23.7368;-1.91619;-18.2497;-1.00357;-2.65914;
23.5922;-1.4455;-18.3897;-1.39992;-2.37221;
23.4096;-1.82606;-18.4798;-0.901291;-2.6831;
23.2731;-1.36534;-18.6477;-1.67901;-2.25352;
23.1038;-1.69257;-18.7722;-1.24466;-2.50752;
22.9648;-1.39002;-18.9281;-1.55894;-2.29898;
22.8015;-1.63344;-19.0642;-1.36161;-2.44671;
22.6896;-1.11927;-19.2376;-1.73336;-2.14416;
22.5445;-1.45051;-19.3847;-1.47162;-2.34897;
22.4443;-1.00235;-19.5552;-1.70478;-2.10232;
22.2867;-1.57582;-19.7208;-1.65542;-2.33156;
22.205;-0.817476;-19.9104;-1.89657;-1.97776;
22.056;-1.49;-20.0689;-1.58507;-2.32529;
21.993;-0.629578;-20.2702;-2.0132;-1.87389;
21.8686;-1.24391;-20.4405;-1.70234;-2.20183;
21.8197;-0.489475;-20.6448;-2.04345;-1.8059;
21.7076;-1.12066;-20.8275;-1.82684;-2.12104;
21.6566;-0.509523;-21.0313;-2.03784;-1.8158;
21.5339;-1.22763;-21.2045;-1.7324;-2.18729;
21.4817;-0.521667;-21.4162;-2.11658;-1.81245;
21.3697;-1.12001;-21.6354;-2.19172;-2.04322;
21.3502;-0.195568;-21.8351;-1.9976;-1.66839;
21.2545;-0.957015;-22.0545;-2.19378;-1.98215;
21.2044;-0.500678;-22.2653;-2.10785;-1.804;
21.0981;-1.06288;-22.4698;-2.04486;-2.05014;
21.0499;-0.48172;-22.6599;-1.90128;-1.81894;
20.9661;-0.83791;-22.839;-1.7906;-2.00848;
20.8993;-0.668023;-23.0413;-2.0232;-1.88971;
20.8322;-0.671408;-23.2212;-1.79927;-1.92795;
20.7632;-0.690152;-23.4186;-1.97427;-1.90709;
20.6985;-0.647031;-23.5801;-1.6148;-1.9519;
20.6491;-0.493823;-23.7745;-1.94396;-1.81956;
20.58;-0.690995;-23.9626;-1.88044;-1.92295;
20.5415;-0.384879;-24.1587;-1.96197;-1.76451;
20.4634;-0.78141;-24.3395;-1.80756;-1.97883;
20.4273;-0.360375;-24.5351;-1.95619;-1.75298;
20.3282;-0.991543;-24.7094;-1.74289;-2.08804;
20.2976;-0.305761;-24.9318;-2.2241;-1.70742;
20.2108;-0.867701;-25.1225;-1.90688;-1.99783;
20.1848;-0.260585;-25.33;-2.07487;-1.69573;
20.0983;-0.864288;-25.5201;-1.9008;-1.99755;
20.0669;-0.314458;-25.7359;-2.15858;-1.71546;
19.984;-0.828802;-25.9174;-1.81428;-1.99931;
19.9333;-0.507242;-26.1109;-1.9356;-1.82709;
19.8435;-0.898071;-26.3011;-1.90175;-2.01199;
19.8013;-0.421737;-26.5276;-2.26499;-1.75489;
19.6794;-1.21866;-26.6818;-1.54178;-2.23967;
19.6314;-0.480793;-26.9091;-2.27343;-1.77921;
19.5151;-1.16217;-27.0887;-1.7962;-2.14507;
19.4407;-0.744203;-27.275;-1.8625;-1.95093;
19.337;-1.03675;-27.4568;-1.81777;-2.08912;
19.2432;-0.93877;-27.6328;-1.76082;-2.06061;
19.128;-1.15122;-27.7982;-1.65371;-2.17893;
19.0208;-1.07232;-27.968;-1.69821;-2.13402;
18.8832;-1.37662;-28.1172;-1.49147;-2.31617;
18.7597;-1.23479;-28.2728;-1.55623;-2.24153;
18.6199;-1.39775;-28.4247;-1.51932;-2.31454;
18.4884;-1.31546;-28.588;-1.63281;-2.24897;
18.3275;-1.6083;-28.7404;-1.52361;-2.38323;
18.217;-1.1048;-28.8817;-1.41288;-2.23443;
18.0698;-1.47266;-29.0224;-1.40731;-2.37888;
17.9353;-1.34434;-29.1684;-1.45977;-2.31505;
17.8028;-1.32514;-29.3332;-1.64813;-2.24799;
17.6523;-1.50501;-29.4744;-1.41201;-2.38806;
17.528;-1.24334;-29.6331;-1.58749;-2.23522;
17.3927;-1.353;-29.7957;-1.62544;-2.26498;
17.2788;-1.13878;-29.9415;-1.45826;-2.23379;

17.1717;-1.07096;29.9082;-1.50275;-2.18997;
16.9234;-2.48351;29.8375;-0.706945;-2.86427;
16.7601;-1.6331;29.7154;-1.2209;-2.49963;
16.5747;-1.85363;29.6477;-0.676953;-2.79144;
16.4053;-1.69373;29.5295;-1.1821;-2.53226;
16.2626;-1.42758;29.4428;-0.867511;-2.59554;
16.0879;-1.74711;29.3447;-0.980673;-2.63011;
15.9087;-1.792;29.2484;-0.96354;-2.64825;
15.7494;-1.59224;29.1338;-1.14589;-2.51779;
15.5451;-2.04362;29.0856;-0.481165;-2.91036;
15.3467;-1.98403;28.9588;-1.26846;-2.57275;
15.1736;-1.73104;28.8559;-1.02927;-2.60515;
14.9868;-1.8677;28.7791;-0.767938;-2.7515;
14.8141;-1.7272;28.68;-0.990852;-2.62075;
14.6346;-1.79438;28.5991;-0.809371;-2.71786;
14.4535;-1.81133;28.5015;-0.975267;-2.64768;
14.2761;-1.77362;28.4034;-0.980998;-2.63637;
14.0883;-1.87885;28.3338;-0.696326;-2.78667;
13.9059;-1.82315;28.2462;-0.875677;-2.69382;
13.7185;-1.87452;28.2082;-0.380732;-2.94121;
13.541;-1.77476;28.1039;-1.04231;-2.61056;
13.3196;-2.21445;28.0731;-0.308327;-3.00325;
13.1289;-1.90689;27.9653;-1.07833;-2.62693;
12.9203;-2.08592;27.9243;-0.409196;-2.94788;
12.7166;-2.03649;27.8234;-1.00928;-2.68147;
12.5132;-2.0342;27.8054;-0.180438;-3.05312;
12.3171;-1.96095;27.7122;-0.931478;-2.69813;
12.1012;-2.15936;27.6834;-0.287751;-3.00912;
11.9151;-1.86106;27.6221;-0.613817;-2.82301;
11.7281;-1.86993;27.6071;-0.149483;-3.06182;
11.5427;-1.85418;27.5136;-0.934879;-2.67459;
11.3371;-2.05614;27.4931;-0.205073;-3.04218;
11.1719;-1.65156;27.4207;-0.723838;-2.72853;
10.9732;-1.98726;27.4264;0.0566096;3.11311;
10.748;-2.25181;27.3287;-0.977088;-2.7322;
10.5394;-2.08608;27.2933;-0.354157;-2.97342;
10.3527;-1.86672;27.2146;-0.787013;-2.7426;
10.1427;-2.10034;27.203;-0.116044;-3.0864;
9.94916;-1.93513;27.1003;-1.02622;-2.65399;
9.71958;-2.29583;27.0928;-0.0751184;-3.10888;
9.52464;-1.94945;26.9986;-0.942581;-2.69122;
9.30898;-2.15654;27.0023;0.0370087;3.12443;
9.0903;-2.18681;26.8987;-1.0354;-2.69939;
8.84957;-2.4073;26.9006;0.0185775;3.13388;
8.64758;-2.01995;26.8027;-0.978893;-2.69033;
8.4209;-2.2668;26.8297;0.27017;3.02297;
8.19695;-2.23951;26.741;-0.887098;-2.76444;
8.00605;-1.90891;26.7943;0.533376;2.86913;
7.77357;-2.32488;26.6816;-1.12796;-2.68988;
7.53721;-2.36355;26.7098;0.282093;3.0228;
7.32915;-2.08066;26.6378;-0.719392;-2.80871;
7.11691;-2.12233;26.6923;0.544394;2.8905;
6.88041;-2.36503;26.6146;-0.776756;-2.82426;
6.66585;-2.14557;26.6524;0.37816;2.96713;
6.44984;-2.16007;26.5766;-0.758035;-2.80409;
6.23442;-2.15421;26.6291;0.524591;2.90272;
6.02322;-2.11202;26.5525;-0.765916;-2.7937;
5.79343;-2.29793;26.6004;0.478846;2.93615;
5.59085;-2.02578;26.5248;-0.755928;-2.78444;
5.3595;-2.31352;26.5902;0.654544;2.86588;
5.1268;-2.32694;26.5119;-0.783295;-2.81689;
4.90415;-2.22655;26.5484;0.365633;2.97883;
4.69258;-2.11571;26.4614;-0.87066;-2.75119;
4.45606;-2.36519;26.5027;0.412711;2.96884;
4.24525;-2.10812;26.4269;-0.757853;-2.79649;
4.01467;-2.3058;26.47;0.430855;2.95687;
