#1 AntVel X	#2 AntVel Y	#3 Speed	#4 Turning Angle Rad		#5 Turning Angle Deg	#6 Detected Phero Left	#7 Detected Phero Right	
-0.611579;-1.86942;1.96691;-0.0522653;-2.99458;0.7;0.7
-0.678799;-1.81341;1.93629;0.0420004;2.40644;0.7;0.7
-0.834508;-1.68448;1.87986;0.101794;5.83234;0.7;0.7
-0.873426;-1.79203;1.99355;-0.00645663;-0.369938;0.7;0.7
-0.967631;-1.71212;1.96664;0.0608985;3.48923;0.7;0.7
-1.07742;-1.47297;1.82495;0.117119;6.71041;0.7;0.7
-1.17006;-1.56111;1.95093;0.0116554;0.667806;0.7;0.7
-1.12805;-1.51824;1.89145;-0.00418055;-0.239528;0.7;0.7
-1.19259;-1.62209;2.01332;-0.00503195;-0.28831;0.7;0.7
-1.26504;-1.5409;1.99367;0.0534273;3.06116;0.7;0.7
-1.24299;-1.54628;1.98393;-0.0103111;-0.59078;0.7;0.7
-1.27057;-1.55166;2.0055;0.00903762;0.517818;0.7;0.7
-1.26206;-1.54982;1.99869;-0.00271149;-0.155357;0.7;0.7
-1.30443;-1.61915;2.07922;-0.00525194;-0.300914;0.7;0.7
-1.25439;-1.57081;2.01021;-0.00429677;-0.246187;0.7;0.7
-1.26973;-1.56362;2.01423;0.00817909;0.468628;0.7;0.7
-1.26391;-1.54909;1.99928;0.00232016;0.132935;0.7;0.7
-1.49183;-1.25628;1.95033;0.186537;10.6878;0.7;0.7
-1.48128;-1.2883;1.96314;-0.0159401;-0.913301;0.7;0.7
-1.51082;-1.35516;2.02953;-0.0153047;-0.876897;0.7;0.7
-1.48611;-1.55954;2.15422;-0.078365;-4.48999;0.7;0.7
-1.57367;-1.68551;2.30594;-0.0101976;-0.584277;0.7;0.7
-1.38879;-1.48989;2.03679;-0.000804099;-0.0460715;0.7;0.7
-1.33844;-1.46649;1.98545;-0.0105109;-0.602232;0.7;0.7
-1.40037;-1.37876;1.9652;0.0533916;3.05912;0.7;0.7
-1.48267;-1.56677;2.1571;-0.0353435;-2.02503;0.7;0.7
-1.34376;-1.44756;1.97513;-0.00959963;-0.550018;0.7;0.7
-1.31515;-1.33804;1.87616;0.0285432;1.6354;0.7;0.7
-1.39655;-1.4317;2.00003;-0.00380398;-0.217952;0.7;0.7
-1.39686;-1.37788;1.96208;0.0192709;1.10414;0.7;0.7
-1.34764;-1.51196;2.02538;-0.0642399;-3.68067;0.7;0.7
-1.33227;-1.53039;2.02905;-0.011697;-0.670192;0.7;0.7
-1.19262;-1.58077;1.98019;-0.0699548;-4.00811;0.7;0.7
-1.07628;-1.64966;1.96971;-0.0682693;-3.91154;0.7;0.7
-1.02151;-1.78503;2.05666;-0.0583007;-3.34038;0.7;0.7
-1.04044;-1.65846;1.9578;0.0405152;2.32135;0.7;0.7
-1.05632;-1.68154;1.9858;0.000592806;0.0339653;0.7;0.7
-0.909448;-1.71983;1.94548;-0.074462;-4.26636;0.7;0.7
-0.675676;-1.86151;1.98035;-0.138239;-7.92052;0.7;0.7
-0.779775;-1.7955;1.95752;0.0615326;3.52556;0.7;0.7
-1.03108;-1.57557;1.88297;0.16976;9.72652;0.7;0.701873
-0.568028;-2.143;2.217;-0.320372;-18.356;0.7;1.66702
0.356628;-2.14367;2.17313;-0.423957;-24.291;0.701108;1.78042
1.00519;-1.85792;2.11241;-0.331079;-18.9695;0.826269;1.68373
1.68615;-1.3859;2.18262;-0.386891;-22.1672;0.7;1.91319
2.1093;-0.686669;2.21826;-0.37325;-21.3856;0.7;1.38359
1.86502;-0.580355;1.95323;-0.0130414;-0.747218;0.7;0.700085
1.9486;-0.623711;2.04599;0.00809577;0.463853;0.7;0.715538
1.89331;-0.148306;1.89911;-0.231605;-13.27;0.7;1.29054
2.03908;-0.118493;2.04252;-0.0201261;-1.15314;0.7;0.707563
1.93391;0.14134;1.93907;-0.131001;-7.50581;0.7;0.761095
2.16418;0.439854;2.20843;-0.127556;-7.30842;0.7;0.706531
1.96352;0.403028;2.00445;-0.0019349;-0.110862;0.7;0.700237
1.89786;0.349581;1.92978;0.0202901;1.16254;0.7;0.700703
2.00067;0.308106;2.02425;0.029355;1.68192;0.7;0.701944
1.86534;0.480961;1.92635;-0.0995431;-5.7034;0.7;0.709878
1.76576;0.6043;1.8663;-0.0773944;-4.43437;0.7;0.700194
1.8516;0.572266;1.93802;0.0299859;1.71807;0.7;0.700002
1.88942;0.535486;1.96384;0.0235817;1.35113;0.7;0.700001
1.92956;0.569452;2.01184;-0.0108025;-0.618935;0.7;0.7
1.73801;0.440137;1.79287;0.0389459;2.23144;0.7;0.7
2.04013;0.540821;2.1106;-0.0111034;-0.636176;0.7;0.7
1.80558;0.609931;1.90582;-0.0666371;-3.81802;0.7;0.7
1.78439;0.505099;1.8545;0.0499189;2.86014;0.7;0.7
1.92419;0.54589;2.00013;-0.000585752;-0.0335611;0.7;0.7
2.12836;0.566542;2.20247;0.01628;0.932775;0.7;0.7
1.93984;0.493225;2.00156;0.0111697;0.639977;0.7;0.7
1.72106;0.382408;1.76303;0.0303434;1.73855;0.7;0.7
2.05767;0.447743;2.10582;0.00438467;0.251223;0.7;0.7
1.94238;0.395091;1.98216;0.0135892;0.778604;0.7;0.7
1.9503;0.366009;1.98434;0.0151575;0.868461;0.700005;0.7
2.09879;0.142843;2.10364;0.117556;6.73544;0.700018;0.7
1.98883;0.117846;1.99232;0.0087703;0.502501;0.7;0.7
1.65734;0.0940235;1.66;0.00251361;0.144019;0.7;0.7
1.94933;0.0505553;1.94998;0.030742;1.76139;0.7;0.7
2.01646;0.0431474;2.01692;0.00453454;0.25981;0.7;0.7
2.02646;-0.00800923;2.02647;0.0253467;1.45226;0.7;0.7
1.97286;-0.181427;1.98118;0.0877516;5.0278;0.7;0.7
1.9772;-0.197503;1.98704;0.00785603;0.450117;0.7;0.7
1.97051;-0.219003;1.98265;0.0111257;0.637456;0.7;0.7
1.98874;-0.286984;2.00934;0.0326291;1.86951;0.7;0.7
1.97954;-0.283443;1.99973;-0.00109527;-0.0627546;0.7;0.7
2.12211;-0.276619;2.14006;-0.0125996;-0.721902;0.7;0.7
1.96542;-0.337339;1.99416;0.0403606;2.31249;0.7;0.7
2.15301;-0.378402;2.18601;0.00399698;0.22901;0.7;0.700003
1.97172;-0.338162;2.0005;-0.00412373;-0.236273;0.7;0.700187
1.83927;-0.0907166;1.84151;-0.120572;-6.90825;0.7;0.704572
1.82069;-0.132384;1.8255;0.0233013;1.33507;0.7;0.700249
1.92304;-0.103628;1.92583;-0.0187477;-1.07416;0.7;0.704059
1.9982;-0.0919159;2.00031;-0.00786866;-0.450841;0.7;0.714553
2.05768;-0.125803;2.06153;0.0150951;0.864885;0.7;0.73833
2.04306;-0.000587899;2.04306;-0.0607743;-3.48211;0.7;0.836071
2.0955;-0.0258292;2.09566;0.0120377;0.689707;0.7;0.76458
2.28567;0.177622;2.29256;-0.0898806;-5.14978;0.7;0.86351
1.97999;0.202333;1.9903;-0.0242807;-1.39118;0.7;0.709886
2.08879;0.212204;2.09954;0.000591659;0.0338996;0.7;0.702513
2.02982;0.275418;2.04842;-0.033618;-1.92617;0.7;0.701482
1.96726;0.261359;1.98455;0.0027813;0.159357;0.7;0.700108
2.19603;0.166161;2.20231;0.0565607;3.24069;0.7;0.700021
1.7868;0.316697;1.81465;-0.0999007;-5.72389;0.7;0.70005
2.12977;0.302389;2.15113;0.0343818;1.96993;0.7;0.7
1.99349;0.287874;2.01417;-0.00237642;-0.136159;0.7;0.7
2.0018;0.234789;2.01552;0.02666;1.5275;0.7;0.7
1.98629;0.232718;1.99988;0.000125172;0.00717182;0.7;0.7
2.23142;0.152943;2.23666;0.048197;2.76148;0.7;0.7
2.18358;0.0218114;2.18368;0.0584451;3.34866;0.7;0.7
2.26067;0.0388999;2.26101;-0.00721701;-0.413504;0.7;0.7
2.05966;0.0302074;2.05988;0.00254037;0.145552;0.7;0.7
2.00552;0.0213713;2.00564;0.00400933;0.229717;0.7;0.7
2.00737;0.111057;2.01044;-0.0446126;-2.55612;0.7;0.7
1.85388;0.0488836;1.85452;0.0289063;1.65621;0.7;0.7
2.21616;-0.0655771;2.21713;0.055944;3.20535;0.7;0.7
2.00763;-0.0845178;2.00941;0.0124916;0.715717;0.7;0.7
1.99617;-0.0740652;1.99754;-0.0049867;-0.285717;0.700003;0.7
1.78047;-0.105646;1.7836;0.0221797;1.2708;0.700043;0.7
1.98793;-0.14474;1.9932;0.0134146;0.768599;0.700196;0.7
1.94889;-0.199391;1.95907;0.0292742;1.67729;0.701105;0.7
2.0836;-0.294855;2.10436;0.0386238;2.21298;0.703316;0.7
1.85103;-0.00514472;1.85103;-0.1378;-7.89534;0.704818;0.7
2.05874;-0.731009;2.18467;0.33841;19.3895;1.5343;0.7
1.89581;-0.75002;2.03878;0.0355347;2.03599;0.700092;0.7
1.95817;-0.62805;2.05642;-0.0663564;-3.80194;0.700012;0.7
2.02111;-0.455357;2.07177;-0.0887675;-5.086;0.700121;0.7
2.00101;-0.471816;2.05588;0.00995966;0.570647;0.703848;0.7
2.01036;-0.576942;2.0915;0.0479144;2.74529;0.704053;0.7
2.07329;-0.611771;2.16167;0.00745506;0.427144;0.700927;0.7
1.95329;-0.582107;2.03818;0.00270406;0.154931;0.700685;0.7
2.04599;-0.649776;2.14669;0.0178776;1.02431;0.700557;0.7
1.92895;-0.651228;2.03591;0.0180818;1.03601;0.700159;0.7
1.8393;-0.446624;1.89274;-0.0873799;-5.0065;0.700036;0.7
1.58066;-0.418194;1.63504;0.0204306;1.17059;0.70078;0.7
1.94481;-0.374282;1.9805;-0.0685167;-3.92572;0.700532;0.7
2.09376;-0.352923;2.1233;-0.0231373;-1.32567;0.714708;0.7
2.07704;-0.254852;2.09262;-0.0449002;-2.57259;0.763065;0.7
2.01872;-0.807514;2.17424;0.258428;14.8069;1.09968;0.7
1.9306;-0.728521;2.06348;-0.019684;-1.12781;0.70015;0.7
1.82062;-0.51833;1.89296;-0.083472;-4.7826;0.700021;0.7
1.93018;-0.507638;1.99582;-0.0201855;-1.15654;0.700047;0.7
1.92167;-0.519965;1.99077;0.0070759;0.405419;0.700019;0.7
2.03694;-0.46763;2.08993;-0.0385876;-2.21091;0.700005;0.7
1.97778;-0.432518;2.02452;-0.0103648;-0.59386;0.700012;0.7
1.92776;-0.587001;2.01515;0.0802801;4.59971;0.700003;0.7
2.02333;-0.365793;2.05613;-0.116724;-6.68779;0.7;0.7
1.8892;-0.439734;1.9397;0.0498349;2.85533;0.7;0.7
1.81869;-0.278621;1.8399;-0.0766735;-4.39307;0.7;0.7
1.96;-0.282034;1.98019;-0.00910315;-0.521572;0.7;0.7
1.93682;-0.278781;1.95678;4.14221e-05;0.00237331;0.7;0.7
1.95245;-0.14511;1.95784;-0.0687697;-3.94021;0.7;0.7
2.05354;-0.0626265;2.0545;-0.0436984;-2.50374;0.7;0.7
2.11091;-0.279302;2.1293;0.101062;5.79044;0.7;0.7
2.16287;-0.272292;2.17994;-0.0063147;-0.361806;0.7;0.7
2.02873;-0.313882;2.05287;0.0282665;1.61955;0.7;0.7
2.10109;-0.428203;2.14428;0.0475453;2.72415;0.7;0.7
1.9648;-0.358462;1.99723;-0.0205895;-1.17969;0.7;0.700021
1.96476;-0.34289;1.99446;-0.00767713;-0.439867;0.7;0.700346
1.92558;-0.310073;1.95039;-0.0131227;-0.751876;0.7;0.70436
1.99364;-0.255234;2.00991;-0.0323258;-1.85213;0.7;0.73462
1.89275;-0.0213478;1.89287;-0.116053;-6.64936;0.7;0.793904
2.13424;-0.206269;2.14418;0.0850701;4.87416;0.7;0.71051
2.04889;0.20864;2.05949;-0.197829;-11.3348;0.7;1.03152
2.09594;0.0973466;2.0982;0.0550689;3.15522;0.7;0.701471
1.8244;0.0223875;1.82453;0.0341415;1.95616;0.7;0.703982
1.99722;0.0241779;1.99736;0.000165308;0.00947148;0.7;0.700002
1.92734;0.0837789;1.92916;-0.031336;-1.79542;0.7;0.7
1.71573;0.927902;1.95057;-0.452328;-25.9165;0.7;1.6908
1.65747;1.06187;1.96844;-0.074009;-4.2404;0.7;0.700001
1.55131;1.10113;1.90238;-0.0474995;-2.72152;0.7;0.7
1.64897;1.45014;2.1959;-0.104051;-5.9617;0.7;0.7
1.62068;1.49381;2.2041;-0.0233576;-1.33829;0.7;0.7
1.45051;1.3687;1.99432;-0.0117006;-0.670397;0.700229;0.7
1.37028;1.29428;1.88489;-0.000493953;-0.0283014;0.760914;0.7
1.93512;0.868905;2.12125;0.334844;19.1851;1.29887;0.7
1.66696;0.832698;1.86337;-0.0412344;-2.36256;0.7001;0.7
2.0439;0.791301;2.19173;0.093889;5.37944;0.705719;0.7
1.88701;0.919875;2.09928;-0.084197;-4.82413;0.700679;0.7
1.87799;0.816831;2.04794;0.043311;2.48154;0.780224;0.7
1.8755;0.660054;1.98826;0.0718716;4.11794;0.797872;0.7
1.89845;0.573735;1.98325;0.0449112;2.57323;0.749268;0.7
1.95215;0.530823;2.02304;0.0279887;1.60363;0.74777;0.7
1.76381;0.669824;1.88671;-0.09744;-5.5829;0.723904;0.7
1.98903;0.487556;2.04792;0.122555;7.02186;0.943775;0.7
2.04816;0.237476;2.06188;0.124952;7.15921;0.706744;0.7
1.99641;0.359433;2.02851;-0.0627002;-3.59246;0.700012;0.7
2.01681;0.297645;2.03866;0.0316068;1.81094;0.700024;0.7
1.96692;0.305916;1.99057;-0.00776995;-0.445185;0.700003;0.7
1.95952;0.0403716;1.95994;0.133694;7.66012;0.700002;0.7
2.13186;-0.103122;2.13436;0.0689339;3.94962;0.7;0.7
1.97976;0.00777069;1.97977;-0.0522591;-2.99423;0.7;0.7
1.98989;-0.131444;1.99423;0.0698851;4.00412;0.7;0.7
2.02167;-0.0756454;2.02309;-0.0285603;-1.63638;0.7;0.7
1.88577;-0.364256;1.92062;0.153411;8.78981;0.7;0.7
1.82104;-0.461509;1.87861;0.0573944;3.28845;0.7;0.700301
2.01452;-0.247202;2.02963;-0.126106;-7.22532;0.7;0.824481
1.70871;-0.448965;1.76671;0.134843;7.72591;0.7;0.728833
2.04146;0.353512;2.07184;-0.428408;-24.546;0.7;1.9726
1.9643;0.370348;1.99891;-0.0148859;-0.852901;0.7;0.700032
1.96929;0.346052;1.99946;0.0124029;0.710632;0.7;0.700025
1.96687;0.37659;2.00259;-0.0152287;-0.872541;0.7;0.700123
1.78808;0.477426;1.85072;-0.0717406;-4.11044;0.7;0.700126
1.84874;0.705079;1.97863;-0.103437;-5.92649;0.7;0.700003
1.87176;0.708401;2.00133;0.00254814;0.145998;0.7;0.7
1.8049;0.88353;2.00955;-0.0934203;-5.35259;0.7;0.7
1.62298;0.980685;1.89626;-0.0883103;-5.05981;0.7;0.7
1.74554;1.08421;2.05486;-0.0122751;-0.70331;0.7;0.7
1.64915;0.923048;1.8899;0.0455449;2.60953;0.700002;0.7
1.81302;1.0261;2.08325;-0.0047491;-0.272103;0.700003;0.7
1.66498;1.07583;1.98231;-0.0586475;-3.36025;0.700047;0.7
1.55408;1.08273;1.89406;-0.0348472;-1.9966;0.709777;0.7
1.71708;0.92577;1.95075;0.114034;6.53364;0.899236;0.7
1.80487;0.848222;1.99425;0.0551482;3.15976;0.748146;0.7
1.94932;0.695509;2.06969;0.0966146;5.53561;0.741778;0.7
1.8585;0.749097;2.00379;-0.0404306;-2.3165;0.709795;0.7
1.86955;0.330244;1.89849;0.208305;11.935;0.865839;0.7
1.97139;0.351279;2.00244;-0.00149779;-0.085817;0.7006;0.7
1.84526;0.465194;1.903;-0.0706178;-4.0461;0.701144;0.7
1.95123;0.443197;2.00093;0.0236081;1.35265;0.732747;0.7
1.90307;0.242241;1.91842;0.0967392;5.54275;0.744729;0.7
1.94283;0.331641;1.97094;-0.0424613;-2.43286;0.703194;0.7
1.89498;0.370532;1.93086;-0.0240271;-1.37665;0.715727;0.7
2.02072;0.672658;2.12973;-0.128246;-7.34795;0.762047;0.7
2.2219;-0.257435;2.23676;0.436692;25.0206;1.94149;0.7
1.97201;-0.140164;1.97699;-0.0443911;-2.54342;0.700014;0.7
2.02833;-0.142455;2.03333;-0.000839805;-0.0481173;0.700007;0.7
1.98713;-0.294135;2.00878;0.0768353;4.40234;0.700001;0.7
1.96418;-0.309525;1.98842;0.00934647;0.535513;0.7;0.7
1.90923;-0.382847;1.94724;0.0415998;2.38349;0.7;0.7
1.83319;-0.344312;1.86525;-0.0122413;-0.701375;0.7;0.7
1.88356;-0.165692;1.89084;-0.0979163;-5.61019;0.7;0.7
1.95183;-0.0103457;1.95185;-0.0824411;-4.72353;0.7;0.7
2.08787;0.00816127;2.08788;-0.00920935;-0.527657;0.7;0.7
1.98126;0.00417243;1.98126;0.00180294;0.103301;0.7;0.7
1.87184;0.0604628;1.87281;-0.0301841;-1.72942;0.7;0.700001
2.07712;0.0726365;2.07839;-0.00266555;-0.152725;0.7;0.700006
1.93358;0.0135249;1.93363;0.027961;1.60205;0.7;0.7001
2.00924;0.0341022;2.00953;-0.00997642;-0.571607;0.7;0.705943
1.99864;0.104459;2.00137;-0.0352466;-2.01948;0.7;0.750686
1.8645;0.316228;1.89113;-0.115788;-6.63417;0.7;0.866185
1.99238;0.32222;2.01827;0.00766836;0.439365;0.7;0.732779
1.96988;0.57759;2.05281;-0.124879;-7.15502;0.7;0.876806
1.80655;0.772168;1.96465;-0.118708;-6.80148;0.700012;0.715154
1.96618;0.776872;2.11409;0.0276334;1.58328;0.701918;0.700201
1.82623;0.651559;1.93898;0.0335908;1.92461;0.736729;0.700288
1.7443;0.423744;1.79503;0.104386;5.98089;0.902421;0.706474
1.79647;0.40566;1.8417;0.0162291;0.929859;1.12043;0.930035
1.92211;0.554271;2.00043;-0.0586647;-3.36124;1.39288;1.54716
1.86136;0.773156;2.01555;-0.112937;-6.47079;1.55227;1.94031
1.66394;1.11076;2.00063;-0.194928;-11.1685;1.30138;1.91756
1.22486;1.701;2.09611;-0.358103;-20.5178;0.796732;1.84426
0.434651;2.17575;2.21874;-0.426904;-24.4598;0.702424;1.90896
1.18976;1.85121;2.20057;0.374046;21.4312;2.23575;1.21897
0.521637;1.81557;1.88902;-0.291443;-16.6985;0.755561;1.70008
0.029028;2.04249;2.0427;-0.265566;-15.2158;1.31294;1.85517
-0.828566;2.07828;2.23736;-0.393578;-22.5503;0.700068;1.62775
-0.882502;1.72909;1.94128;-0.0925534;-5.30292;0.70884;0.91366
-0.931852;1.6832;1.92393;-0.0336988;-1.9308;0.74445;0.787338
-1.07857;1.92194;2.2039;-0.00577604;-0.330943;0.805903;0.741247
-0.805702;1.85446;2.02192;0.101533;5.8174;0.883315;0.719997
-0.909101;1.88063;2.08883;-0.0404207;-2.31593;0.817343;0.72805
-0.588463;2.01489;2.09906;0.166129;9.51846;0.90385;0.713577
-0.596959;1.9401;2.02986;-0.0143477;-0.822063;0.770916;0.75593
-0.55916;1.91869;1.99851;0.0149274;0.855278;0.777084;0.756869
-0.544551;1.926;2.0015;0.0080297;0.460068;0.76064;0.774288
-0.622456;1.88209;1.98235;-0.0438576;-2.51285;0.742298;0.794922
-0.662266;1.91734;2.02849;-0.0131773;-0.755001;0.739439;0.778626
-0.872315;1.87118;2.06452;-0.103653;-5.93886;0.72792;0.783963
-0.693541;1.89586;2.01874;0.0855358;4.90084;0.744901;0.736151
-0.767541;1.94485;2.09082;-0.0251928;-1.44344;0.714186;0.796421
-0.839916;1.81496;1.99989;-0.0575353;-3.29653;0.709962;0.807005
-0.94876;1.69999;1.94683;-0.0756131;-4.33231;0.711609;0.782031
-1.03244;1.71662;2.00317;-0.0324378;-1.85855;0.721299;0.746104
-1.14562;1.59783;1.96608;-0.0805582;-4.61564;0.730238;0.734333
-1.11428;1.6246;1.97001;0.0208486;1.19454;0.781289;0.713925
-1.02015;1.67632;1.96233;0.0544925;3.12219;0.782762;0.713276
-1.07916;1.69393;2.00848;-0.0205443;-1.1771;0.753053;0.720624
-0.931463;1.82214;2.04641;0.094675;5.42448;0.759413;0.718292
-1.006;1.84827;2.10431;-0.0258904;-1.48341;0.719206;0.767924
-0.978695;1.73581;1.99271;-0.0149442;-0.856237;0.715785;0.786551
-1.058;1.55424;1.88017;-0.0842692;-4.82827;0.712734;0.81076
-1.09347;1.5197;1.87221;-0.0260479;-1.49244;0.725498;0.767858
-1.0874;1.66172;1.98588;0.044265;2.5362;0.734278;0.757639
-1.36588;1.60065;2.10422;-0.126975;-7.27513;0.721799;0.787039
-1.32864;1.6056;2.08404;0.0151362;0.86724;0.772591;0.730453
-1.27178;1.66134;2.09225;0.0379304;2.17325;0.775121;0.730197
-1.22797;1.73954;2.1293;0.0386737;2.21584;0.761069;0.738619
-1.0683;1.70905;2.01547;0.0560212;3.20978;0.744389;0.751547
-1.15081;1.63648;2.00061;-0.0542224;-3.10672;0.722941;0.783972
-1.22572;1.61326;2.02607;-0.0368454;-2.11109;0.73211;0.759067
-1.21047;1.62537;2.02659;0.00960905;0.550558;0.744135;0.742183
-1.15573;1.55972;1.94125;0.0024137;0.138295;0.743662;0.740881
-1.18159;1.48076;1.89442;-0.0357895;-2.05059;0.748971;0.736517
-1.1824;1.62764;2.01178;0.0452366;2.59187;0.785068;0.721537
-1.12825;1.61991;1.97409;0.0198945;1.13987;0.771827;0.722674
-1.03793;1.66764;1.96426;0.0516397;2.95874;0.774724;0.720534
-1.00181;1.6142;1.89981;0.00128238;0.0734747;0.755703;0.728407
-0.993614;1.74195;2.00541;0.0370718;2.12406;0.763049;0.728207
-1.05242;1.70352;2.00239;-0.0350269;-2.00689;0.749544;0.743886
-0.980178;1.7397;1.99682;0.0403116;2.30968;0.773363;0.736766
-0.940887;1.66663;1.91387;-0.000855255;-0.0490025;0.760002;0.765103
-1.00045;1.72683;1.9957;-0.0111604;-0.639446;0.770318;0.779905
-0.967842;1.975;2.1994;0.0694495;3.97916;0.792106;0.784997
-0.909512;1.76053;1.98159;-0.0211947;-1.21437;0.764082;0.860068
-0.922259;1.77902;2.00387;-0.00141705;-0.0811908;0.780236;0.849422
-0.956174;1.71513;1.96365;-0.0303146;-1.7369;0.791579;0.838404
-1.07042;1.7729;2.07098;-0.0346046;-1.9827;0.831634;0.791722
-0.844863;1.81591;2.00283;0.107715;6.17164;0.903039;0.747006
-0.807015;1.97643;2.13484;0.0478105;2.73934;0.816089;0.766221
-0.457814;1.7632;1.82166;0.133618;7.65576;0.783775;0.777016
-0.75232;1.62612;1.79172;-0.17928;-10.272;0.724806;0.881858
-1.06828;1.61333;1.93496;-0.151554;-8.6834;0.795858;0.756841
-0.800197;1.87234;2.03617;0.180992;10.3701;1.03514;0.7117
-0.681987;1.80284;1.92752;0.0422352;2.4199;0.832213;0.725781
-0.535431;1.9483;2.02053;0.093449;5.35423;0.797421;0.726866
-0.550462;1.88657;1.96523;-0.0156996;-0.899524;0.738186;0.755558
-0.585236;1.91401;2.00148;-0.0128392;-0.735634;0.732242;0.751489
-0.556571;1.93647;2.01487;0.0168655;0.966324;0.727669;0.748018
-0.588688;1.94334;2.03054;-0.0142677;-0.817477;0.717346;0.761232
-0.633514;1.88837;1.99181;-0.0295433;-1.69271;0.714333;0.758951
-0.574272;1.81233;1.90114;0.016823;0.963886;0.715019;0.746803
-0.67047;1.88585;2.00149;-0.0347293;-1.98984;0.709933;0.761011
-0.957671;1.86081;2.09278;-0.133712;-7.66113;0.71145;0.754063
-1.17863;1.96166;2.2885;-0.0657298;-3.76604;0.747112;0.71554
-0.917526;1.789;2.01057;0.0671401;3.84684;0.807192;0.707257
-0.994236;1.91057;2.15378;-0.00593266;-0.339917;0.761624;0.715363
-0.841836;1.81355;1.99941;0.0452306;2.59152;0.745422;0.713269
-0.941363;1.91064;2.12996;-0.0231933;-1.32888;0.713267;0.711817
-0.830041;1.76701;1.95225;0.0186361;1.06777;0.702297;0.703191
-0.808122;1.92022;2.08334;0.0408016;2.33776;0.700168;0.700538
-0.799238;1.85927;2.02378;-0.00763609;-0.437516;0.700004;0.700031
-0.949541;1.76791;2.00677;-0.0868993;-4.97896;0.704877;0.919763
-1.04495;1.59169;1.90405;-0.088047;-5.04472;0.706305;0.851678
-1.18627;1.75861;2.12131;-0.0125103;-0.716785;0.713115;0.783272
-1.22488;1.69336;2.08992;-0.0327794;-1.87812;0.714127;0.77065
-1.18481;1.57533;1.97115;-0.0186235;-1.06705;0.719955;0.751059
-1.13876;1.64294;1.99901;0.0387506;2.22024;0.726137;0.741676
-1.07911;1.61851;1.94527;0.0180456;1.03394;0.71846;0.759651
-1.29014;1.50276;1.98059;-0.12137;-6.95398;0.715924;0.773499
-1.27366;1.52126;1.98405;0.0123774;0.709172;0.775144;0.721883
-1.24207;1.76096;2.15493;0.0827434;4.74085;0.804924;0.717925
-1.03712;1.64231;1.94237;0.0510386;2.9243;0.775214;0.729493
-0.992617;1.7023;1.97056;0.0353545;2.02567;0.761452;0.737633
-1.06374;1.59992;1.92127;-0.0588555;-3.37217;0.753487;0.741242
-1.57806;1.39193;2.10422;-0.261228;-14.9672;0.809677;0.718284
-1.13443;2.01842;2.31537;0.335948;19.2484;1.43513;0.700656
-0.634239;1.78815;1.8973;0.171192;9.80858;0.891769;0.706264
-0.624601;1.96892;2.06562;0.0336586;1.92849;0.76388;0.732287
-0.57371;1.89106;1.97617;0.0126336;0.723851;0.748959;0.743593
-0.699944;1.92549;2.04876;-0.0541086;-3.1002;0.746287;0.746206
-0.623404;2.07919;2.17064;0.057363;3.28666;0.784366;0.72292
-0.607557;1.75023;1.85268;-0.0428157;-2.45316;0.767169;0.731042
-0.581153;1.96239;2.04664;0.0461993;2.64703;0.817963;0.716364
-0.463058;1.94113;1.9956;0.0537425;3.07922;0.810887;0.719172
-0.302551;1.87106;1.89536;0.0738615;4.23195;0.791863;0.727493
-0.359285;1.95334;1.98611;-0.0215878;-1.23689;0.756681;0.753567
-0.343618;1.85288;1.88447;-0.00146699;-0.0840524;0.770815;0.746986
-0.347969;2.0112;2.04108;0.0120485;0.690327;0.773945;0.747753
-0.286548;1.89079;1.91238;0.0209144;1.19831;0.76625;0.755417
-0.36878;2.14111;2.17264;-0.0201597;-1.15506;0.752204;0.771008
-0.447243;1.9135;1.96507;-0.0590441;-3.38298;0.756463;0.766893
-0.387121;1.83508;1.87547;0.021701;1.24338;0.792564;0.742533
-0.4168;2.05502;2.09686;0.00780176;0.447008;0.782528;0.74997
-0.249579;1.8774;1.89392;0.0679425;3.89282;0.780394;0.7545
-0.745776;2.00379;2.13807;-0.224135;-12.842;0.744011;0.801078
-0.434033;1.99579;2.04244;0.142159;8.14511;0.972645;0.714515
-0.278025;1.93522;1.95509;0.0714497;4.09377;0.823953;0.735596
-0.444467;1.99235;2.04133;-0.0768026;-4.40047;0.769568;0.758027
-0.47462;1.99368;2.0494;-0.0142193;-0.814704;0.821342;0.725844
0.174699;2.10758;2.11481;0.316414;18.1292;0.843971;0.714812
-0.0766836;1.98375;1.98523;-0.121338;-6.95217;0.708172;0.917453
-0.102084;1.99694;1.99955;-0.0124391;-0.712708;0.712753;0.81145
-0.259413;1.9839;2.00079;-0.0789457;-4.52325;0.711536;0.819191
-0.31257;1.97554;2.00011;-0.0268982;-1.54115;0.726921;0.764552
-0.320691;2.01694;2.04228;-0.000758997;-0.0434873;0.746554;0.744693
0.224436;2.117;2.12887;0.2633;15.086;0.768043;0.733597
-0.0127118;1.89631;1.89635;-0.112324;-6.43572;0.707023;0.962975
-0.20679;2.08228;2.09252;-0.0922817;-5.28735;0.720127;0.828128
-0.381805;1.89589;1.93395;-0.0997424;-5.71482;0.763372;0.750045
-0.183801;2.14827;2.15612;0.113378;6.49605;0.896242;0.712791
-0.0313421;1.98937;1.98962;0.0695964;3.98758;0.839997;0.719864
0.0465644;1.85149;1.85208;0.0408978;2.34327;0.811386;0.727476
0.13969;2.03784;2.04262;0.0432968;2.48072;0.796197;0.731545
0.255864;1.92821;1.94512;0.0634828;3.63729;0.7777;0.739445
0.275606;1.75488;1.77639;0.0238544;1.36676;0.750325;0.768582
0.16099;2.06142;2.06769;-0.0778397;-4.45989;0.739597;0.787572
0.471694;2.04689;2.10053;0.148552;8.51139;0.769478;0.740541
0.255838;1.96496;1.98154;-0.0970187;-5.55876;0.720574;0.83233
0.115861;1.91876;1.92226;-0.0691617;-3.96267;0.738873;0.757485
0.217967;1.9944;2.00628;0.0485477;2.78158;0.779474;0.7229
0.274987;1.97537;1.99442;0.0294611;1.688;0.77251;0.723335
0.285064;2.2802;2.29795;-0.0139469;-0.799098;0.779051;0.722289
0.337535;1.85519;1.88564;0.0556007;3.18569;0.836957;0.713569
0.541091;2.0636;2.13336;0.0764614;4.38091;0.823988;0.71835
0.849026;1.97478;2.14956;0.149609;8.57195;0.78789;0.734498
0.879623;1.8539;2.052;0.0369739;2.11845;0.724634;0.823662
0.612679;2.0473;2.13701;-0.152237;-8.72255;0.714334;0.909441
0.497543;1.93902;2.00184;-0.0396034;-2.26911;0.75691;0.819204
0.450182;1.93434;1.98603;-0.0225146;-1.28999;0.787186;0.833834
0.755177;2.04873;2.18348;0.124493;7.13294;0.809691;0.866725
0.401253;2.07471;2.11316;-0.162111;-9.2883;0.744352;1.03479
0.208332;1.94104;1.95219;-0.0841226;-4.81987;0.834575;0.931088
0.35818;1.92829;1.96128;0.0767358;4.39664;1.01133;0.868998
0.548884;1.90639;1.98383;0.0966796;5.53934;1.01357;0.830407
0.857197;1.92958;2.11141;0.137719;7.8907;0.978581;0.789636
0.923637;1.66782;1.90649;0.0877009;5.02489;0.88139;0.772294
1.09644;1.74549;2.06129;0.0551089;3.15751;0.853783;0.760967
1.17544;1.58147;1.97046;0.0783065;4.48663;0.875296;0.743528
1.24908;1.58567;2.01855;0.0280404;1.6066;0.867732;0.739422
1.42357;1.42015;2.01082;0.119389;6.84051;0.933839;0.723972
1.5018;1.39063;2.04677;0.0372149;2.13226;0.875376;0.732485
1.68644;1.25789;2.1039;0.106119;6.08018;0.927945;0.72251
1.71946;0.986799;1.9825;0.119853;6.86709;0.887512;0.727941
1.71463;0.734932;1.8655;0.116072;6.65046;0.821198;0.750029
1.82829;0.825102;2.00585;-0.0189971;-1.08845;0.76666;0.802784
1.992;0.673764;2.10286;0.0977775;5.60224;0.796597;0.767579
1.88931;0.768612;2.03967;-0.060218;-3.45024;0.756723;0.800195
1.91652;0.630212;2.01748;0.0686797;3.93506;0.825003;0.742042
1.96043;0.740896;2.09576;-0.0436387;-2.50031;0.798516;0.744629
1.94371;0.516462;2.01116;0.101624;5.82261;0.89348;0.720605
1.93643;0.38127;1.97361;0.0653015;3.7415;0.804713;0.738784
1.9722;0.505003;2.03583;-0.0562681;-3.22392;0.757749;0.777303
1.94138;0.478747;1.99954;0.00889833;0.509837;0.777343;0.763487
1.86932;0.471391;1.92784;-0.00524571;-0.300557;0.757861;0.790899
1.92867;0.685582;2.04689;-0.094517;-5.41543;0.7443;0.820089
1.8512;0.765158;2.0031;-0.0504068;-2.88809;0.772047;0.773611
1.65819;0.842014;1.85972;-0.0779154;-4.46422;0.7929;0.756308
1.6933;0.950199;1.94168;-0.0415041;-2.37801;0.859194;0.731502
1.78679;0.909177;2.0048;0.0406766;2.33059;0.91316;0.722942
1.78111;0.747839;1.93174;0.0731698;4.19232;0.850653;0.742871
1.88686;0.850118;2.06953;-0.0257891;-1.47761;0.772123;0.828661
1.98393;1.08942;2.26336;-0.0788599;-4.51834;0.760517;0.866061
1.67175;0.94421;1.91997;-0.0119699;-0.685826;0.782417;0.827547
1.43607;1.01279;1.75728;-0.100104;-5.73554;0.785682;0.827725
1.77218;1.02989;2.04971;0.0878054;5.03088;0.889154;0.758662
1.73419;0.894814;1.95144;0.0500848;2.86965;0.834671;0.775146
1.76456;1.07312;2.06525;-0.0700417;-4.01309;0.816236;0.774524
1.84418;0.807328;2.01315;0.133756;7.66364;0.951335;0.726392
1.84543;0.585546;1.9361;0.10539;6.03841;0.834067;0.743324
1.9938;0.650282;2.09717;-0.00802547;-0.459825;0.769593;0.791716
1.901;0.640798;2.0061;-0.00984917;-0.564316;0.770431;0.788446
1.75477;0.853;1.95111;-0.127347;-7.29646;0.774341;0.784317
1.90421;0.683263;2.02308;0.107961;6.18572;0.902003;0.72454
1.70566;0.633681;1.81957;-0.0112056;-0.642036;0.811451;0.756646
1.89304;0.604552;1.98723;0.0465964;2.66978;0.820465;0.754909
1.87179;0.584239;1.96085;0.00657169;0.37653;0.780922;0.797194
1.84468;0.781064;2.00322;-0.0979811;-5.6139;0.761951;0.835088
1.84043;0.742372;1.98452;0.0171209;0.980954;0.794473;0.779214
2.01877;0.728124;2.14607;0.0372519;2.13437;0.767468;0.814276
1.65761;1.00047;1.93613;-0.196878;-11.2803;0.736694;0.921122
1.97425;1.03458;2.2289;0.0603388;3.45716;0.850254;0.775472
1.77877;0.892962;1.99033;0.0174389;0.999173;0.827721;0.887339
1.64272;1.13487;1.99661;-0.139301;-7.98133;0.855605;1.09205
1.62392;1.13184;1.97943;-0.00414072;-0.237246;1.05176;1.06326
1.2806;1.46893;1.94877;-0.245088;-14.0425;1.05505;1.40363
1.18437;1.52491;1.93082;-0.056652;-3.24592;1.15638;1.1445
0.967101;1.72925;1.98131;-0.150437;-8.61939;1.04693;1.38023
0.681901;1.90346;2.02191;-0.165924;-9.50675;0.998421;1.42599
0.215131;1.72776;1.7411;-0.220123;-12.6121;0.929938;1.41032
-0.122141;2.13556;2.13905;-0.181009;-10.371;0.867847;1.13531
-0.369515;2.16012;2.19149;-0.112291;-6.4338;0.816424;0.983124
-0.474969;1.97545;2.03174;-0.066535;-3.81217;0.797139;0.915658
-0.359585;2.17358;2.20312;0.0720077;4.12574;0.806763;0.873281
-0.764484;1.9625;2.10615;-0.207511;-11.8895;0.765225;0.962004
-0.350756;2.06225;2.09187;0.202989;11.6304;1.2254;0.782506
-0.0902809;2.09939;2.10133;0.125495;7.19033;1.03157;0.864891
-0.0880754;1.88381;1.88587;-0.00374285;-0.21445;1.0618;1.02115
0.232004;2.17564;2.18797;0.152956;8.76372;1.41971;1.11958
-0.125746;2.02542;2.02932;-0.16824;-9.63945;1.48293;2.09498
0.0794698;2.06151;2.06304;0.100534;5.7602;2.27836;1.96458
-0.236692;1.99351;2.00751;-0.156708;-8.97872;2.27061;3.48128
-0.779117;1.88856;2.04296;-0.273096;-15.6473;1.91137;3.3312
-1.34128;1.79187;2.23827;-0.25129;-14.3978;1.23157;2.18021
-1.13198;1.71619;2.05589;0.0594788;3.40789;1.51614;1.30193
-1.04223;1.64337;1.946;0.0178951;1.02531;1.36742;1.39642
-1.11682;1.74861;2.07483;-0.0031916;-0.182865;1.36331;1.39445
-1.05795;1.70072;2.00292;0.0118971;0.681655;1.45182;1.31892
-0.912414;1.75886;1.98144;0.0779474;4.46605;1.50041;1.27628
-1.01869;1.72106;1.99994;-0.0559003;-3.20285;1.30323;1.43526
-0.644539;1.86066;1.96914;0.200971;11.5148;1.52971;1.23886
-1.24119;1.69356;2.09969;-0.298993;-17.131;1.01747;1.93556
-0.707;2.01585;2.13623;0.295142;16.9104;1.99262;1.03418
-1.16284;1.70989;2.06783;-0.259905;-14.8914;1.06325;1.82156
-0.621883;2.02947;2.12261;0.29988;17.1818;1.89378;1.0547
-1.11745;1.74729;2.07406;-0.271639;-15.5637;1.01142;1.99591
-0.793529;1.84235;2.00598;0.162279;9.29788;1.70576;1.12114
-1.02562;1.48983;1.80873;-0.196204;-11.2416;1.2066;1.6205
-0.607408;1.83883;1.93656;0.283867;16.2644;1.75005;1.10212
-1.55922;1.43293;2.11766;-0.50854;-29.1372;1.00201;2.79589
-0.92547;2.07212;2.2694;0.407531;23.3498;2.28372;0.9365
-1.8685;1.38286;2.32456;-0.513619;-29.4282;1.05464;4.1559
-1.40306;1.3979;1.98059;0.146425;8.38955;2.34936;1.53184
-1.91387;1.0858;2.20042;-0.267504;-15.3269;1.98011;4.14231
-1.91289;0.649666;2.02021;-0.188649;-10.8088;2.14112;3.31764
-2.38785;0.170199;2.3939;-0.256245;-14.6818;1.67078;3.08267
-2.08324;-0.1437;2.08819;-0.140027;-8.02295;1.67618;2.26529
-1.93506;-0.580529;2.02026;-0.222592;-12.7536;1.58713;2.1501
-1.99824;-0.409027;2.03967;0.0895573;5.13125;1.80127;1.44911
-1.85703;-0.938576;2.08074;-0.266066;-15.2445;1.29895;2.54185
-1.87531;-0.893289;2.0772;0.0234292;1.34239;1.61185;1.45623
-1.58117;-1.11218;1.93314;-0.168453;-9.65166;1.35009;1.82133
-1.71741;-0.861284;1.92128;0.148148;8.48823;1.68526;1.29481
-1.57016;-1.38801;2.0957;-0.259055;-14.8428;1.17258;2.08533
-1.6242;-0.93677;1.87498;0.200749;11.5021;1.80251;1.14054
-1.53175;-1.40579;2.07906;-0.219392;-12.5702;1.13733;1.89132
-1.99322;-1.01723;2.23779;0.270658;15.5076;1.68298;1.14993
-1.47038;-1.7861;2.31347;-0.41016;-23.5004;0.950456;2.57056
-2.05817;-1.15156;2.35842;0.371936;21.3104;2.17208;0.99217
-1.48009;-1.72977;2.27657;-0.352914;-20.2205;0.956415;2.4914
-1.89896;-1.08701;2.18807;0.343127;19.6597;1.8985;1.08837
-1.18457;-1.79453;2.15025;-0.467454;-26.7831;0.923193;2.60676
-1.9816;-1.0831;2.25828;0.487141;27.9111;2.78447;0.937564
-1.23296;-2.02836;2.3737;-0.524404;-30.0461;0.914868;2.67955
-2.09768;-1.08933;2.36367;0.545645;31.2631;3.47742;0.874349
-1.33847;-1.90008;2.32418;-0.478134;-27.395;0.935716;2.7082
-1.94822;-0.911354;2.15084;0.519557;29.7684;2.83292;0.91298
-1.32333;-1.78878;2.22507;-0.496312;-28.4366;0.896302;3.23627
-1.90506;-1.09438;2.19703;0.412431;23.6306;2.4392;0.959253
-1.38492;-1.82167;2.28834;-0.39934;-22.8805;0.958453;2.69246
-1.72288;-1.14167;2.06681;0.33555;19.2256;2.19288;1.00412
-1.23119;-1.61866;2.03369;-0.335313;-19.212;1.0229;2.37552
-1.84134;-1.22568;2.21198;0.333235;19.093;2.04319;1.04991
-1.18457;-1.72846;2.09542;-0.382689;-21.9265;0.973785;2.67129
-1.67638;-1.33064;2.1403;0.299062;17.135;2.10585;1.03216
-0.89503;-1.7686;1.98217;-0.431384;-24.7165;1.05207;2.2498
-1.86204;-1.44038;2.35412;0.443904;25.4338;2.94508;0.877998
-1.04819;-1.68119;1.98119;-0.354887;-20.3335;1.01045;2.66601
-1.53739;-1.39515;2.07605;0.276356;15.834;1.89914;1.07873
-0.610458;-1.98102;2.07294;-0.534943;-30.65;1.01507;2.69223
-1.74923;-1.55733;2.34202;0.544449;31.1947;3.59868;0.821646
-0.802383;-2.07825;2.22776;-0.474915;-27.2106;0.968804;3.44329
-1.36812;-1.50844;2.03646;0.3682;21.0963;2.26294;0.97451
-0.476652;-2.25969;2.30942;-0.528766;-30.2961;0.984426;3.09863
-1.49224;-1.65935;2.23164;0.524537;30.0537;3.15783;0.855313
-0.531136;-2.33908;2.39863;-0.509141;-29.1717;0.925489;3.67405
-1.18711;-1.88487;2.22755;0.338767;19.4099;2.46608;0.952444
-0.424373;-1.89496;1.9419;-0.341738;-19.5801;1.05073;2.36213
-1.13383;-1.67608;2.02356;0.37445;21.4544;2.27975;1.02027
-0.305444;-2.39781;2.41718;-0.468061;-26.8179;0.948611;2.98987
-1.19879;-1.9741;2.30958;0.419038;24.0091;3.16815;0.926354
-0.392005;-2.18887;2.22369;-0.368529;-21.1152;1.0183;2.41089
-1.32762;-1.84914;2.27638;0.445472;25.5237;2.82654;0.973635
-0.308345;-2.31145;2.33193;-0.490067;-28.0788;0.920179;2.95147
-1.46282;-1.81909;2.33429;0.544651;31.2062;3.60127;0.889703
-0.343827;-2.2988;2.32437;-0.528799;-30.298;0.912956;3.33197
-1.50854;-1.81151;2.35738;0.54593;31.2795;3.56284;0.868535
-0.553908;-2.36275;2.42681;-0.464123;-26.5923;0.931593;3.54384
-1.19185;-1.80882;2.16618;0.352342;20.1877;2.62117;0.98759
-0.62337;-2.10525;2.19561;-0.29474;-16.8873;1.06729;2.36891
-1.37709;-1.78679;2.25588;0.368744;21.1275;2.45983;1.09412
-0.424259;-2.15197;2.19339;-0.461968;-26.4688;0.9558;2.66786
-1.92903;-1.69787;2.56981;0.654396;37.4941;4.99269;0.922473
-0.713053;-2.24056;2.35129;-0.540936;-30.9933;0.822728;3.47409
-1.88457;-1.44148;2.37265;0.609725;34.9347;5.14308;0.972084
-0.894008;-2.11429;2.29553;-0.517797;-29.6676;0.880267;2.81553
-2.15164;-1.25475;2.49077;0.642811;36.8304;6.37224;0.912159
-1.14342;-1.72532;2.06981;-0.457582;-26.2175;0.948383;2.50585
-2.23309;-0.871345;2.39707;0.613499;35.1509;5.1409;0.919986
-1.32245;-1.81311;2.24416;-0.568595;-32.5781;0.896461;2.89375
-2.52776;-0.719257;2.62809;0.663406;38.0103;6.23237;0.848427
-1.62;-1.62138;2.292;-0.508604;-29.1409;0.928679;2.86519
-2.28761;-0.33988;2.31272;0.638326;36.5734;4.956;0.869678
-1.7775;-1.53562;2.34897;-0.565025;-32.3736;0.867185;3.66034
-2.40543;-0.300911;2.42418;0.588071;33.694;4.47722;0.886428
-1.83852;-1.43285;2.33093;-0.537573;-30.8007;0.884088;3.50499
-2.23531;-0.117075;2.23837;0.609696;34.933;4.26415;0.907169
-1.93156;-1.42767;2.40191;-0.584181;-33.4711;0.84845;4.05659
-2.46425;-0.141917;2.46833;0.578982;33.1732;4.16338;0.912761
-1.99441;-1.47056;2.47794;-0.577823;-33.1068;0.873233;3.74453
-2.34377;-0.169103;2.34986;0.563324;32.2761;4.48187;0.880142
-1.81696;-1.14255;2.14633;-0.489319;-28.0359;0.954391;3.18629
-2.28152;-0.0566917;2.28223;0.536501;30.7392;3.72115;0.925631
-1.90328;-1.26822;2.2871;-0.562928;-32.2534;0.908609;3.71044
-2.5015;-0.171319;2.50736;0.519391;29.7589;4.04986;0.893258
-1.91438;-1.13419;2.22514;-0.466477;-26.7271;0.967326;3.00511
-2.22457;-0.0649262;2.22552;0.505679;28.9733;2.76991;0.912582
-1.95596;-0.889694;2.1488;-0.397713;-22.7873;0.856062;2.02299
-1.81689;-0.698893;1.94667;0.0596747;3.41911;0.980759;0.855731
-1.92758;-0.743299;2.06592;-0.000826093;-0.0473316;0.77285;0.74897
-1.86114;-0.713931;1.99338;0.00175541;0.100578;0.711833;0.707774
-1.99332;0.00264647;1.99332;0.367615;21.0628;2.24635;1.14923
-2.00285;-1.28737;2.38091;-0.572603;-32.8078;0.943682;4.36953
-2.27137;0.0316968;2.27159;0.58523;33.5312;3.64396;0.902259
-2.0242;-1.36754;2.44286;-0.608114;-34.8424;0.886752;5.18819
-2.24212;-0.229089;2.2538;0.492339;28.2089;3.37937;0.952887
-1.7163;-1.40395;2.21737;-0.583804;-33.4495;0.948048;4.00328
-2.28748;-0.265884;2.30288;0.56991;32.6535;4.18799;0.8768
-1.77421;-1.39324;2.25587;-0.549978;-31.5114;0.953414;4.00905
-2.08818;-0.303843;2.11017;0.521202;29.8627;3.78456;0.957565
-1.81049;-1.46068;2.32626;-0.534372;-30.6172;0.993954;3.86492
-2.1955;-0.464721;2.24414;0.470272;26.9446;4.12814;1.15875
-1.7865;-1.21145;2.15851;-0.387296;-22.1904;1.19196;2.83632
-1.88945;-0.360727;1.92357;0.407241;23.3332;3.76245;1.38774
-1.87586;-0.685674;1.99725;-0.161792;-9.26999;1.29496;2.19122
-2.15304;-0.0599489;2.15387;0.322602;18.4837;1.93461;1.41613
-1.9292;-1.23104;2.2885;-0.540133;-30.9473;0.919523;3.36675
-2.4186;-0.011534;2.41863;0.563201;32.269;3.68492;0.917485
-2.14772;-1.13547;2.4294;-0.481564;-27.5916;0.897464;3.50949
-2.20243;-0.081868;2.20395;0.449178;25.736;2.86374;0.986271
-1.87405;-1.16578;2.20706;-0.519331;-29.7555;0.929824;3.15432
-2.27114;-0.0998655;2.27334;0.512543;29.3665;3.656;0.889599
-2.04313;-1.0306;2.28834;-0.423234;-24.2495;0.975944;2.98904
-2.30837;0.0610106;2.30917;0.493601;28.2813;2.68069;0.985958
-1.9081;-1.34435;2.33412;-0.640196;-36.6805;0.861502;4.34808
-2.28992;-0.146966;2.29464;0.54968;31.4944;3.49443;0.862507
-1.96134;-1.36468;2.38939;-0.543801;-31.1575;0.93963;3.78364
-2.32197;-0.227609;2.33309;0.51018;29.2312;2.9875;0.897034
-1.71418;-1.28546;2.14262;-0.545726;-31.2678;0.921315;4.43181
-2.07084;-0.426685;2.11434;0.440238;25.2238;2.48221;0.992608
-1.9101;-1.64729;2.52231;-0.508454;-29.1323;0.930691;4.37438
-2.16464;-0.764167;2.29557;0.37229;21.3307;2.25083;1.065
-1.43778;-1.85991;2.35085;-0.573348;-32.8504;0.951798;4.07396
-2.07849;-0.807193;2.22973;0.542285;31.0706;2.99662;0.889441
-1.53396;-2.14517;2.63719;-0.579597;-33.2084;0.910938;4.73917
-1.85279;-1.13715;2.17393;0.399557;22.8929;2.55054;0.988287
-0.983094;-2.10973;2.32754;-0.584265;-33.4759;1.00493;3.81191
-2.03112;-1.27008;2.39552;0.575911;32.9973;3.38754;0.844037
-1.00759;-2.24194;2.45795;-0.589599;-33.7815;0.929772;4.86311
-1.85441;-1.49544;2.38226;0.469773;26.916;2.54515;0.990781
-0.730956;-2.14435;2.26551;-0.563626;-32.2934;0.897775;4.7577
-1.35538;-1.64966;2.13505;0.359256;20.5838;2.39448;1.05802
-0.403271;-2.21115;2.24762;-0.507381;-29.0708;1.0086;3.23848
-1.478;-1.73897;2.28222;0.524056;30.0262;3.29243;0.894701
-0.378533;-2.285;2.31614;-0.540285;-30.956;0.942841;3.73488
-1.14651;-1.70529;2.05487;0.42774;24.5077;3.09379;0.933135
-0.281854;-2.02251;2.04206;-0.453443;-25.9803;1.0739;2.78956
-1.41932;-1.74599;2.2501;0.544091;31.1741;3.2272;0.917395
-0.297887;-2.42265;2.4409;-0.560213;-32.0978;0.906889;4.01836
-1.23957;-1.87372;2.24664;0.462109;26.4769;3.0603;0.961981
-0.182296;-2.28775;2.295;-0.504938;-28.9308;0.983387;3.26881
-1.1352;-1.8022;2.12993;0.482599;27.6509;3.32701;0.930251
-0.168742;-2.36326;2.36927;-0.490833;-28.1227;1.01972;3.07457
-1.2922;-1.95005;2.33933;0.513934;29.4462;3.46142;0.912143
-0.289259;-2.27987;2.29815;-0.459015;-26.2996;0.984825;3.29432
-1.06114;-1.85068;2.13332;0.394414;22.5982;2.88425;1.01826
-0.0274789;-2.02034;2.02053;-0.507014;-29.0498;1.07913;2.72907
-1.39955;-1.88754;2.34979;0.624418;35.7765;4.19054;0.865582
-0.203683;-2.03025;2.04044;-0.538029;-30.8268;0.936016;3.69478
-1.2528;-1.83308;2.22029;0.499537;28.6214;3.20539;0.981173
-0.237645;-2.23981;2.25239;-0.493822;-28.2939;0.963941;3.45844
-1.24165;-1.89465;2.26526;0.474421;27.1823;3.031;0.994311
-0.163001;-2.29353;2.29932;-0.509175;-29.1736;0.977264;3.48885
-1.14365;-1.87583;2.19697;0.476556;27.3046;3.1525;0.966035
-0.0381238;-2.31074;2.31106;-0.53101;-30.4246;1.01285;3.36921
-0.941446;-2.17203;2.36728;0.392502;22.4887;3.51516;0.912086
-0.0704744;-2.00457;2.00581;-0.373856;-21.4204;1.31058;2.18226
-1.2765;-1.86953;2.26376;0.563939;32.3114;3.4463;0.916977
-0.0785569;-2.38968;2.39097;-0.56622;-32.442;0.939637;3.92987
-1.16828;-1.96887;2.28939;0.502672;28.801;3.2764;0.976106
-0.105565;-2.1053;2.10795;-0.485434;-27.8133;0.981739;3.44282
-1.11129;-1.95597;2.24962;0.466575;26.7328;3.0034;1.05335
0.398272;-2.17982;2.21591;-0.697391;-39.9576;0.982737;3.32979
-1.03607;-2.50101;2.70712;0.573454;32.8565;5.71535;0.811788
-0.525229;-1.93092;2.00108;-0.127154;-7.28541;1.54303;1.80946
-1.15842;-1.60139;1.97646;0.360664;20.6645;2.19189;1.32547
-0.271421;-2.43935;2.45441;-0.515436;-29.5323;0.950076;3.41056
-1.32648;-1.67245;2.13463;0.559731;32.0702;3.79262;1.04333
-0.621622;-2.22131;2.30665;-0.397678;-22.7853;0.951674;3.2493
-1.21078;-1.82263;2.18814;0.313502;17.9623;3.03528;1.31845
-0.734812;-1.94292;2.07723;-0.224795;-12.8798;1.48303;2.19701
-1.65582;-1.52696;2.2524;0.464291;26.6019;3.83614;1.36117
-0.996228;-1.89143;2.13775;-0.341079;-19.5424;1.44067;3.05393
-1.66838;-1.33356;2.13585;0.411692;23.5882;4.13051;1.66388
-1.31234;-1.5251;2.012;-0.185921;-10.6525;2.09413;3.08287
-1.18515;-1.38699;1.82437;-0.00346642;-0.198611;2.88317;2.19255
-1.32188;-1.49214;1.99345;0.0178786;1.02437;2.85335;1.93414
-1.63244;-1.15959;2.00238;0.228198;13.0748;2.63823;1.68086
-1.36649;-1.52387;2.04682;-0.222167;-12.7292;1.58305;2.47337
-1.54744;-1.23183;1.97787;0.167474;9.59557;2.13568;1.46321
-1.45634;-1.26689;1.93027;-0.0436187;-2.49917;1.37792;2.03263
-1.36722;-1.77967;2.24422;-0.199778;-11.4464;1.36402;1.79095
-1.54528;-1.32171;2.03343;0.208145;11.9258;1.94455;1.05973
-1.1991;-1.38721;1.83363;-0.150426;-8.6188;1.09074;1.12265
-1.41762;-1.43136;2.01456;0.0677782;3.8834;0.988755;0.827072
-1.35096;-1.09943;1.74179;0.107117;6.13737;0.771957;0.738067
-1.58905;-1.25372;2.02408;0.0151216;0.866401;0.715395;0.709115
-1.61288;-0.92311;1.85836;0.148153;8.48855;1.99553;1.39408
-1.32689;-1.47154;1.98143;-0.317213;-18.175;1.37787;2.03105
-2.21544;-0.748;2.33831;0.511432;29.3029;3.57388;1.01703
-1.54528;-1.63886;2.25249;-0.489166;-28.0272;1.00674;3.09708
-2.17647;-0.805383;2.3207;0.460363;26.3768;3.8185;1.02082
-1.63394;-1.26681;2.0675;-0.305087;-17.4802;1.20296;2.38837
-2.07231;-0.631874;2.1665;0.363545;20.8296;2.84907;1.14774
-1.39471;-1.27311;1.88839;-0.44389;-25.433;1.16114;2.56229
-2.09694;-0.567207;2.1723;0.475677;27.2543;3.69763;0.963811
-1.76134;-1.25688;2.16381;-0.355618;-20.3754;1.16856;2.67548
-2.07852;-0.52155;2.14295;0.37394;21.4252;2.71269;1.13396
-1.83453;-1.37022;2.28976;-0.395672;-22.6703;1.09481;2.98838
-2.02035;-0.501812;2.08174;0.398068;22.8076;2.76881;1.1419
-1.89681;-1.35784;2.33273;-0.377835;-21.6483;1.06683;3.04253
-2.0594;-0.539739;2.12896;0.364966;20.911;2.64577;1.21119
-1.7055;-1.38185;2.19505;-0.424627;-24.3293;1.08791;2.83579
-2.06877;-0.385863;2.10445;0.496549;28.4501;3.49309;1.05696
-2.10844;-1.17465;2.41357;-0.323893;-18.5577;1.04209;2.97032
-2.17183;-0.402995;2.2089;0.324823;18.611;2.36953;1.33948
-1.87201;-1.25003;2.251;-0.405281;-23.2209;1.06947;2.7829
-2.23951;-0.24794;2.25319;0.478488;27.4153;3.38741;1.0781
-1.7754;-1.26978;2.18275;-0.510598;-29.2551;1.04362;2.89764
-2.41187;0.135754;2.41569;0.677087;38.7942;4.31121;0.945177
-2.05729;-1.26052;2.41275;-0.605938;-34.7177;0.886488;3.95447
-2.36493;0.0280912;2.36509;0.561589;32.1767;3.82183;0.994644
-2.14426;-1.12418;2.42108;-0.494756;-28.3474;0.985106;3.31952
-2.3338;0.136051;2.33776;0.541109;31.0032;3.36663;1.04209
-2.02768;-1.04896;2.28293;-0.535639;-30.6899;0.944006;3.77325
-2.2016;-0.0634894;2.20252;0.448579;25.7017;3.20685;1.08307
-2.31436;-1.19965;2.60681;-0.449388;-25.7481;1.08548;3.08313
-2.25398;0.136867;2.25813;0.538866;30.8748;3.30345;1.04784
-2.20655;-1.07907;2.45627;-0.515483;-29.535;0.965087;3.95173
-2.17094;-0.0973681;2.17312;0.410014;23.4921;2.91322;1.14975
-1.95795;-1.03243;2.21348;-0.44043;-25.2348;1.09987;3.06338
-2.3357;-0.164294;2.34147;0.415026;23.7792;3.20246;1.08406
-1.96197;-1.01878;2.21071;-0.408716;-23.4177;1.16914;2.8234
-2.3207;0.192176;2.32864;0.561561;32.1751;3.18554;1.07709
-1.9722;-1.08214;2.24957;-0.584462;-33.4872;0.909724;4.35464
-2.39994;-0.222487;2.41023;0.4094;23.4569;3.17374;1.12568
-1.86922;-1.20492;2.22392;-0.480135;-27.5097;1.16432;2.73917
-2.37782;-0.0384068;2.37813;0.556426;31.8808;4.48247;0.951946
-1.95524;-0.977276;2.18587;-0.447357;-25.6316;1.18688;2.70448
-2.38295;0.157299;2.38814;0.529422;30.3336;4.21837;0.997512
-1.99328;-0.557628;2.06981;-0.338695;-19.4058;1.17061;2.74804
-2.02103;0.00942054;2.02106;0.277442;15.8963;2.86613;1.23611
-2.11335;-0.215145;2.12428;-0.106115;-6.07991;1.47812;2.09547
-1.9371;-0.00715227;1.93711;0.0977611;5.6013;1.97637;1.59476
-2.1121;-0.218842;2.12341;-0.0995525;-5.70394;1.5843;1.94702
-1.95113;0.10891;1.95417;0.159006;9.11037;2.12467;1.4916
-1.99211;-0.268273;2.01009;-0.189624;-10.8646;1.44778;2.13815
-2.00367;0.371072;2.03774;0.316984;18.1619;2.3919;1.34632
-2.16557;-0.517624;2.22657;-0.417744;-23.935;1.12071;3.00796
-2.16018;0.410491;2.19884;0.422409;24.2023;3.03892;1.12191
-2.07122;-0.547159;2.14228;-0.446059;-25.5573;1.11718;3.14865
-2.22004;0.38794;2.25368;0.43127;24.7099;3.05164;1.09782
-2.12326;-0.623702;2.21297;-0.458708;-26.282;1.11552;3.24611
-2.18798;0.347293;2.21537;0.443125;25.3892;3.08162;1.09167
-2.25073;-0.553327;2.31775;-0.398477;-22.8311;1.1127;3.31177
-2.12973;0.394837;2.16602;0.424375;24.3149;2.53006;1.27305
-2.18521;-0.800217;2.32712;-0.534342;-30.6156;0.995953;3.95579
-2.20788;0.194345;2.21642;0.438827;25.143;3.13634;1.13351
-2.04743;-0.970674;2.26587;-0.530506;-30.3958;1.12289;3.14622
-2.3432;0.193626;2.35119;0.525155;30.0892;4.22772;0.965818
-2.29897;-0.459795;2.3445;-0.279842;-16.0338;1.21134;2.80005
-2.27552;-0.110626;2.27821;0.148819;8.52668;2.30434;1.43036
-1.81777;-0.370206;1.85509;-0.152334;-8.72811;1.65276;1.90367
-1.99874;0.16165;2.00526;0.281612;16.1352;2.70044;1.29862
-1.98159;-0.274402;2.0005;-0.218301;-12.5077;1.37961;2.30813
-2.43734;0.363715;2.46433;0.285734;16.3713;2.57879;1.36259
-2.23413;-0.432397;2.27558;-0.339312;-19.4411;1.29206;2.51745
-2.13165;0.564404;2.20511;0.450012;25.7838;3.40139;1.13506
-2.13717;-0.308643;2.15934;-0.402259;-23.0477;1.17266;2.87741
-2.1652;0.617547;2.25155;0.421263;24.1366;3.2627;1.14677
-2.09325;-0.230225;2.10587;-0.387382;-22.1953;1.19694;2.8324
-1.98058;0.418326;2.02427;0.317699;18.2028;3.09185;1.16053
-2.05885;-0.0813253;2.06045;-0.247635;-14.1884;1.46146;2.27278
-2.03083;0.514352;2.09495;0.287536;16.4746;2.61092;1.26086
-2.13636;-0.215482;2.1472;-0.34858;-19.9721;1.31854;2.75549
-1.89427;0.494067;1.95764;0.355662;20.3779;2.72501;1.19236
-1.9706;-0.572094;2.05196;-0.537686;-30.8071;1.22304;3.48142
-2.13403;0.455034;2.182;0.492629;28.2256;3.47901;0.97186
-2.22193;-0.604928;2.30281;-0.475892;-27.2666;1.20015;4.27158
-2.10924;0.0469377;2.10976;0.28806;16.5046;2.41081;1.37585
-2.01162;-1.07996;2.28319;-0.514949;-29.5044;1.22907;4.20295
-2.24701;-0.107031;2.24955;0.445103;25.5025;2.66219;1.21192
-1.94245;-1.51373;2.46262;-0.614386;-35.2017;1.04719;5.26185
-1.9896;-0.713485;2.11366;0.31766;18.2006;2.54093;1.27017
-1.4676;-1.55312;2.13683;-0.469379;-26.8934;1.22896;3.26403
-2.00267;-0.858274;2.17883;0.408815;23.4234;3.13574;1.11613
-1.49174;-1.54998;2.15121;-0.399654;-22.8985;1.26921;3.03422
-2.0975;-0.988136;2.31861;0.364278;20.8716;2.77902;1.2276
-1.45471;-1.64923;2.19912;-0.407726;-23.361;1.26229;3.24671
-1.75878;-0.967202;2.00719;0.345201;19.7785;2.57891;1.26407
-1.36889;-1.65301;2.14623;-0.376353;-21.5634;1.28074;3.24443
-1.42165;-1.25822;1.89847;0.15465;8.86081;2.30792;1.3484
-1.35415;-1.28161;1.86447;-0.0333933;-1.91329;1.63031;1.98318
-0.989297;-1.37024;1.69005;-0.187582;-10.7477;1.62137;1.94383
-1.66056;-1.2651;2.08757;0.29442;16.869;2.46138;1.26448
-1.15237;-1.7394;2.0865;-0.334634;-19.1731;1.28598;2.63872
-1.62964;-1.08089;1.95552;0.400033;22.9202;2.65869;1.19518
-1.12206;-1.86302;2.17482;-0.443057;-25.3853;1.12758;3.09046
-1.75182;-1.43391;2.26384;0.342766;19.639;3.08133;1.10548
-1.24222;-1.74431;2.14143;-0.266023;-15.242;1.37513;2.15275
-1.86181;-1.13021;2.17801;0.406375;23.2836;2.87092;1.14257
-1.36122;-1.51405;2.03599;-0.292914;-16.7827;1.13518;2.76329
-1.86476;-1.02888;2.12977;0.334312;19.1547;2.20564;1.38129
-1.25298;-1.78407;2.18011;-0.454333;-26.0313;1.06288;2.9728
-2.0501;-1.0925;2.32303;0.468896;26.8658;3.3284;1.05861
-1.46482;-1.70183;2.24542;-0.370482;-21.2271;1.10558;2.58532
-1.9003;-1.03154;2.16223;0.362783;20.7859;2.76247;1.0832
-1.36954;-1.42996;1.98001;-0.309654;-17.7418;1.19184;2.27662
-1.83436;-0.80801;2.00444;0.392062;22.4635;2.52991;1.10589
-1.47378;-1.69476;2.24594;-0.440113;-25.2166;1.06742;2.88093
-1.97016;-0.863802;2.1512;0.441824;25.3147;2.90456;1.00847
-1.4624;-1.65475;2.20835;-0.433826;-24.8564;1.07645;2.90207
-2.0334;-0.830011;2.19628;0.459482;26.3264;2.79163;1.02067
-1.4869;-1.73155;2.28235;-0.47372;-27.1422;1.02248;3.32165
-2.07612;-0.811754;2.22918;0.488547;27.9917;2.74187;1.04255
-1.3999;-1.82776;2.30227;-0.544472;-31.1959;0.973685;3.7659
-2.01687;-0.969074;2.2376;0.469277;26.8876;3.09362;1.0153
-1.373;-1.75286;2.22658;-0.458412;-26.2651;1.04686;3.08283
-2.03017;-0.705715;2.14933;0.57178;32.7606;3.09513;1.04304
-1.4064;-1.947;2.40182;-0.610685;-34.9897;0.922825;4.23565
-1.97292;-1.03833;2.22947;0.460774;26.4004;3.87502;1.00633
-1.54403;-1.44549;2.11506;-0.267991;-15.3548;1.18296;2.32502
-1.96095;-0.872175;2.14616;0.333951;19.134;2.71261;1.22943
-1.49351;-1.22074;1.92893;-0.266743;-15.2832;1.22855;2.30353
-2.06713;-0.781778;2.21002;0.323671;18.545;2.8791;1.23482
-1.59161;-1.23684;2.01568;-0.29905;-17.1343;1.37808;2.13351
-2.21751;-0.415217;2.25605;0.475518;27.2452;3.35926;1.06321
-1.83217;-1.3548;2.27867;-0.451615;-25.8756;1.17377;3.51498
-2.17384;-0.470187;2.22411;0.423704;24.2764;2.91384;1.06635
-1.74419;-1.35634;2.20949;-0.447941;-25.6652;1.15607;4.26163
-1.89662;-0.833637;2.07174;0.246833;14.1425;2.3212;1.25743
-1.58867;-1.59238;2.24935;-0.372442;-21.3394;1.25356;2.80099
-2.04144;-0.679983;2.15171;0.465032;26.6444;2.92301;1.08743
-1.53;-1.88716;2.42946;-0.568006;-32.5443;0.976313;4.18955
-2.36036;-0.879135;2.51877;0.532997;30.5385;3.91747;0.987131
-1.46586;-1.79953;2.321;-0.530688;-30.4062;0.985524;3.79467
-2.31956;-0.883863;2.48226;0.523167;29.9752;4.00722;0.99854
-1.43074;-1.75385;2.26341;-0.522451;-29.9343;1.01644;3.5506
-2.24357;-0.765;2.3704;0.557901;31.9654;4.23338;0.970399
-1.21613;-1.60005;2.00975;-0.592277;-33.935;0.996556;3.77464
-2.32204;-0.636705;2.40775;0.653266;37.4294;4.87671;0.919764
-1.82032;-2.00651;2.70918;-0.56639;-32.4518;0.928853;4.57777
-2.21787;-0.688161;2.32218;0.533152;30.5474;3.75049;0.999053
-1.67777;-1.81308;2.47026;-0.523279;-29.9816;0.971923;4.2343
-2.2096;-0.74651;2.3323;0.498331;28.5523;3.47177;1.02418
-1.60906;-1.65149;2.30575;-0.472603;-27.0782;0.978796;4.24261
-2.20235;-0.717132;2.31616;0.483618;27.7093;2.87612;1.1554
-1.4739;-1.96158;2.4536;-0.611616;-35.043;0.898445;5.05838
-2.2065;-0.800247;2.34713;0.578486;33.1448;4.39815;1.01771
-1.44872;-1.90787;2.39557;-0.573421;-32.8546;0.921946;4.5332
-2.40294;-0.865742;2.55414;0.575537;32.9758;5.94063;1.18573
-1.50799;-1.7366;2.29996;-0.509931;-29.2169;1.04663;3.66114
-2.55038;-0.478096;2.59481;0.670429;38.4127;9.99047;1.33182
-1.93128;-1.07468;2.21016;-0.32248;-18.4767;1.6366;3.10461
-2.484;0.352222;2.50885;0.648647;37.1648;10.0945;1.45304
-2.13963;0.00808767;2.13965;-0.137077;-7.85396;2.41205;3.30733
-2.00696;1.15121;2.3137;0.517008;29.6224;7.92358;2.21462
-1.79502;0.862101;1.99131;-0.0730449;-4.18517;2.36509;2.68496
-1.39648;1.98959;2.43076;0.511058;29.2814;5.21952;1.74494
-1.82065;1.26694;2.21809;-0.350849;-20.1022;1.23487;2.79496
-0.834971;2.29827;2.44525;0.614367;35.2007;6.0703;1.14166
-1.64427;1.53668;2.25056;-0.470731;-26.9709;1.04272;3.22316
-0.439887;2.50878;2.54706;0.645634;36.9921;5.50313;0.971591
-1.64457;1.68833;2.35692;-0.598692;-34.3025;0.923974;4.43692
-0.40279;2.41097;2.44438;0.60673;34.763;5.14976;0.914911
-1.60442;1.76823;2.38764;-0.571329;-32.7348;0.978467;4.32784
-0.191465;2.36173;2.36948;0.655973;37.5845;4.67928;0.911113
-1.70202;1.83421;2.50224;-0.667138;-38.2242;0.876271;6.12702
-0.451068;2.5491;2.5887;0.572893;32.8243;4.30886;0.944375
-1.66488;1.6947;2.37567;-0.601382;-34.4566;0.916297;5.27253
-0.428471;2.31404;2.35337;0.593433;34.0012;4.11626;0.97382
-1.74741;1.7613;2.48105;-0.598352;-34.283;0.887285;5.73249
-0.825047;2.19595;2.34583;0.422044;24.1813;3.76271;1.04163
-1.61366;1.46864;2.18193;-0.473016;-27.1018;1.12009;3.46622
-0.643682;2.35527;2.44165;0.565632;32.4083;4.46058;0.95297
-1.8242;1.63224;2.44783;-0.574098;-32.8934;0.944483;4.96103
-0.897858;2.51149;2.66715;0.497537;28.5067;4.21678;0.982441
-1.86789;1.59566;2.45666;-0.520495;-29.8222;1.00697;4.17893
-0.683802;2.28032;2.38064;0.572498;32.8017;4.38991;0.970065
-1.85593;1.73865;2.5431;-0.526673;-30.1761;0.928144;5.08901
-0.767119;2.12311;2.25745;0.471289;27.0029;3.4904;1.11458
-1.88903;1.19444;2.23498;-0.660243;-37.8291;0.957906;4.57585
-0.814914;2.3435;2.48115;0.672311;38.5206;6.31204;0.858649
-1.8234;1.48631;2.35243;-0.552245;-31.6413;0.982347;4.43893
-0.650622;2.51913;2.60179;0.634149;36.3341;4.57135;0.969492
-1.99194;1.57123;2.53704;-0.650177;-37.2524;0.8492;5.9368
-0.868962;2.22214;2.386;0.530162;30.376;4.669;0.999573
-1.88141;1.36724;2.32574;-0.569602;-32.6358;1.02147;3.92563
-0.895123;2.41889;2.5792;0.587939;33.6864;5.9428;0.892879
-1.50577;1.54395;2.15665;-0.418455;-23.9757;1.1002;3.65774
-0.623334;2.21895;2.30484;0.499026;28.5921;3.75267;1.1211
-1.92195;1.56461;2.47829;-0.613675;-35.161;0.940344;4.82109
-0.641646;2.36033;2.44599;0.6221;35.6437;5.57875;0.930155
-1.78107;1.67233;2.44313;-0.551443;-31.5954;0.976147;4.5333
-0.513994;2.3425;2.39822;0.600876;34.4277;4.8869;0.994222
-1.87672;1.77429;2.58267;-0.597449;-34.2313;0.924171;4.96348
-0.552796;2.35969;2.42357;0.583331;33.4224;5.2065;0.975766
-1.42604;1.66611;2.19306;-0.477801;-27.376;0.99816;4.2908
-0.549234;2.16442;2.23302;0.459407;26.3221;3.99524;1.13823
-1.55211;1.59066;2.22244;-0.524623;-30.0587;1.06631;3.74727
-0.185283;2.46022;2.46719;0.697964;39.9904;5.61693;0.949346
-1.81765;1.935;2.65481;-0.678967;-38.902;0.871374;5.58821
-0.319081;2.44023;2.461;0.624116;35.7592;5.88919;0.924872
-1.41131;1.92921;2.39033;-0.501568;-28.7377;1.0366;4.19969
-0.134052;2.22075;2.22479;0.571299;32.733;4.5287;1.03205
-1.62752;1.9586;2.54655;-0.633047;-36.2709;0.960644;4.90562
-0.374244;2.28657;2.31699;0.531105;30.4301;5.64874;0.908724
-1.19522;1.98351;2.31579;-0.38008;-21.777;1.28785;3.22919
-0.0708329;2.30397;2.30506;0.511578;29.3113;3.86922;1.09402
-1.35364;1.8572;2.29816;-0.599102;-34.326;0.963522;5.28033
-0.293382;2.6677;2.68379;0.520301;29.811;4.41193;1.0294
-1.62147;2.01681;2.58779;-0.567626;-32.5226;1.01426;4.691
-0.0793694;2.50005;2.50131;0.645425;36.9801;4.81697;0.968763
-1.6816;2.05822;2.65783;-0.653292;-37.4309;0.900601;6.04432
-0.348435;2.36556;2.39108;0.538785;30.8701;4.60392;1.00603
-1.8486;1.70309;2.51353;-0.680101;-38.9669;1.04652;4.2103
-0.508355;2.42311;2.47586;0.619549;35.4975;4.77352;0.811651
-0.845327;1.83543;2.02074;-0.224805;-12.8804;1.11853;1.64774
-0.764911;1.87481;2.02484;0.0442216;2.53371;1.01378;0.920729
-0.857611;1.82326;2.01489;-0.0522863;-2.99578;0.77392;0.761229
-0.901452;1.81936;2.03044;-0.0203574;-1.16639;0.711295;0.708743
-1.53779;1.53885;2.17551;-0.325029;-18.6228;1.36709;3.03023
-0.411814;2.31455;2.3509;0.608971;34.8915;3.60499;1.18924
-1.61031;1.29758;2.06804;-0.71645;-41.0496;0.829684;7.12944
-0.828269;2.06694;2.22672;0.511403;29.3012;4.16667;1.18249
-1.89005;1.39922;2.35162;-0.552398;-31.6501;1.02094;4.46809
-0.732081;2.38723;2.49696;0.635965;36.4381;5.27;1.02282
-1.95416;1.59002;2.51931;-0.590224;-33.8173;0.947273;5.16871
-0.688412;2.29085;2.39205;0.595863;34.1405;4.96022;1.06332
-1.49865;1.54018;2.14897;-0.479811;-27.4911;0.984458;4.75865
-0.709101;2.17129;2.28414;0.45607;26.1309;3.6589;1.31865
-1.79487;1.51906;2.35141;-0.552775;-31.6716;1.0248;4.29555
-0.633403;2.34353;2.42762;0.604466;34.6333;5.55709;1.02478
-1.72579;1.71275;2.43143;-0.525221;-30.093;1.06389;4.12863
-0.366659;2.32604;2.35476;0.632846;36.2594;5.4371;1.0324
-1.56512;1.80731;2.39081;-0.557362;-31.9345;0.990996;4.67982
-0.426513;2.76149;2.79423;0.560468;32.1124;5.21307;1.08099
-1.52599;1.5135;2.14926;-0.636267;-36.4554;1.09556;4.06132
-0.278119;2.50389;2.51929;0.678885;38.8973;7.25136;0.906474
-1.26095;1.64281;2.07095;-0.544024;-31.1703;1.28883;3.40748
-0.0475525;2.45246;2.45292;0.635258;36.3976;6.59823;0.912107
-1.02764;1.98205;2.23262;-0.458929;-26.2947;1.26097;3.6401
0.255646;2.41627;2.42975;0.583726;33.445;4.85465;1.06251
-1.14042;2.21336;2.48988;-0.581179;-33.2991;1.01785;5.03784
0.218535;2.36709;2.37716;0.567831;32.5343;4.76381;1.07995
-0.919629;2.13446;2.32414;-0.498875;-28.5834;1.04868;4.88845
-0.0526662;2.19205;2.19268;0.382792;21.9324;3.66321;1.27989
-1.08012;2.06496;2.33039;-0.457914;-26.2366;1.27738;3.6293
0.331315;2.59498;2.61604;0.608924;34.8888;4.73292;1.05315
-1.0054;2.2688;2.48159;-0.544123;-31.1759;0.962519;5.50826
0.111309;2.1762;2.17904;0.468238;26.8281;3.73453;1.30924
-1.16096;2.12401;2.42058;-0.551323;-31.5885;1.06587;4.47177
0.195113;2.38422;2.39219;0.581872;33.3388;5.19468;1.05815
-1.00537;2.13686;2.36155;-0.521416;-29.875;1.10176;4.30494
0.0723165;2.27969;2.28083;0.471474;27.0135;4.82114;1.09468
-0.830125;1.93321;2.1039;-0.437306;-25.0558;1.35953;3.38665
0.437202;2.33347;2.37407;0.590808;33.8508;4.78764;1.07371
-0.873904;2.15729;2.32758;-0.570103;-32.6645;1.03642;4.95508
0.414933;2.3664;2.4025;0.558468;31.9979;4.6846;1.11922
-0.885063;2.25365;2.42121;-0.547798;-31.3865;1.07218;4.53102
0.377636;2.47028;2.49898;0.525916;30.1327;4.99301;1.08509
-0.5961;2.12603;2.20802;-0.42506;-24.3541;1.2369;3.7813
0.477549;2.20997;2.26097;0.486179;27.856;4.26213;1.21217
-0.699714;2.21176;2.31981;-0.519214;-29.7488;1.17021;4.0838
0.681473;2.36558;2.46178;0.586882;33.6259;5.28087;1.06383
-0.572431;2.20171;2.27491;-0.534847;-30.6445;1.13271;4.31743
0.785315;2.23937;2.37308;0.591647;33.8989;5.15174;1.091
-0.475181;2.31383;2.36212;-0.539834;-30.9302;1.09535;4.52704
0.799238;2.20386;2.3443;0.550452;31.5386;4.92605;1.1227
-0.110476;2.22396;2.2267;-0.397538;-22.7773;1.15599;4.19202
0.661978;2.1437;2.24359;0.349146;20.0046;3.397;1.47386
-0.246237;2.17772;2.1916;-0.412104;-23.6118;1.31269;3.51179
0.834505;2.21332;2.36541;0.473149;27.1094;4.55326;1.19509
-0.182483;2.16705;2.17472;-0.444566;-25.4718;1.29036;3.61479
0.893906;2.0699;2.25467;0.491676;28.171;4.75771;1.14691
-0.0827455;2.23956;2.24109;-0.444597;-25.4735;1.31228;3.5862
1.25386;1.99435;2.35576;0.598193;34.2739;4.71377;1.12762
-0.0836117;2.37838;2.37985;-0.596403;-34.1714;1.02885;5.09413
1.20532;2.2553;2.55718;0.525957;30.1351;4.72331;1.12893
-0.0456872;2.26761;2.26807;-0.510961;-29.2759;1.18874;4.13493
1.11807;2.06184;2.34548;0.517033;29.6238;4.79252;1.12229
0.0427799;2.24321;2.24362;-0.47782;-27.377;1.24692;3.86435
1.01879;2.08759;2.32292;0.434952;24.9209;4.77373;1.1466
0.335261;2.06421;2.09126;-0.29301;-16.7883;1.56225;2.89542
1.22783;1.81259;2.1893;0.434379;24.8881;3.97358;1.33227
0.284203;2.31148;2.32888;-0.473051;-27.1038;1.27476;3.49717
1.61907;1.79831;2.41977;0.610659;34.9882;5.81019;1.09299
0.288645;2.22866;2.24728;-0.6042;-34.6181;1.2348;3.54972
1.70882;1.74335;2.44117;0.646597;37.0473;7.38424;0.948159
1.31071;1.71587;2.1592;-0.123075;-7.05166;1.81607;2.45312
1.85366;1.2695;2.2467;0.317985;18.2192;3.094;1.66815
1.21682;1.81764;2.18734;-0.380378;-21.794;1.36172;3.24098
1.99477;0.9996;2.23121;0.516334;29.5837;5.13111;1.25427
1.48018;1.76349;2.30235;-0.407984;-23.3758;1.37489;3.21924
2.51094;0.525722;2.56539;0.666128;38.1663;5.44134;1.16652
1.6906;1.77903;2.4542;-0.604486;-34.6345;1.01176;4.56256
2.35189;0.513224;2.40724;0.596028;34.1499;5.83019;1.09563
2.03954;1.39377;2.47029;-0.384633;-22.0378;1.34336;3.29928
2.30473;0.166784;2.31076;0.527242;30.2087;4.34612;1.20075
2.05328;1.19685;2.37664;-0.455507;-26.0986;1.14956;4.109
2.16387;0.229139;2.17597;0.422247;24.193;3.7042;1.29446
1.95546;1.20648;2.2977;-0.447313;-25.6292;1.2695;3.76042
2.24761;0.126012;2.25114;0.496807;28.4649;3.91369;1.20209
1.94398;1.33412;2.35774;-0.545454;-31.2522;1.14728;4.59523
2.09688;0.137756;2.1014;0.535859;30.7024;4.04503;1.16542
1.89147;1.35453;2.32645;-0.555864;-31.8487;1.12437;4.98261
2.21054;0.342875;2.23697;0.467583;26.7905;3.74269;1.23421
1.73795;1.48265;2.28445;-0.55241;-31.6507;1.18146;4.55077
2.14252;0.387953;2.17736;0.52716;30.204;4.17898;1.13802
1.76694;1.54834;2.34935;-0.540424;-30.964;1.17016;4.51188
2.06913;0.434844;2.11433;0.512413;29.3591;4.09205;1.16548
1.73303;1.52322;2.30729;-0.51391;-29.4449;1.18222;4.29151
2.16207;0.571464;2.23632;0.462649;26.5078;4.1221;1.1918
1.75713;1.72084;2.45943;-0.516561;-29.5967;1.29853;3.65836
2.37482;0.43571;2.41446;0.593512;34.0057;5.28237;1.02751
1.88668;1.40432;2.35195;-0.458412;-26.2651;1.24064;3.85761
2.44924;0.453329;2.49084;0.456846;26.1754;4.06108;1.22548
1.79903;1.30552;2.22281;-0.444734;-25.4814;1.27076;3.62795
2.02427;0.532646;2.09318;0.370455;21.2255;4.10526;1.21024
1.82598;0.962814;2.06427;-0.22794;-13.06;1.64336;2.71476
2.06156;0.389352;2.09801;0.298574;17.107;2.86413;1.50524
1.68832;1.15077;2.04321;-0.41161;-23.5835;1.3143;3.42554
2.24745;0.362111;2.27644;0.438526;25.1257;3.4726;1.22029
1.80728;1.53252;2.36957;-0.543567;-31.1441;1.16569;4.0123
2.05642;0.530872;2.12384;0.450677;25.8219;4.11265;1.05494
1.71886;1.33723;2.17777;-0.408527;-23.4069;1.37668;3.40542
2.15537;0.658459;2.2537;0.364672;20.8942;3.20061;1.2391
1.5301;1.57137;2.19327;-0.50221;-28.7745;1.2865;4.25269
1.78424;0.828595;1.96726;0.363942;20.8523;3.26005;1.23005
1.35901;1.76956;2.2312;-0.48112;-27.5661;1.38402;4.6395
1.77646;1.12019;2.10015;0.353281;20.2415;2.96026;1.49452
0.840589;2.25592;2.40744;-0.651518;-37.3293;1.30304;6.05058
1.52982;1.50906;2.14887;0.435552;24.9553;3.28948;1.2942
0.495816;2.23612;2.29043;-0.574031;-32.8895;1.28364;6.33736
0.651744;1.71059;1.83054;0.145825;8.35517;2.29637;1.82491
-0.027631;2.38723;2.38739;-0.375599;-21.5203;1.47309;3.64609
0.562109;1.99483;2.07251;0.286236;16.4001;2.53978;1.44974
-0.425383;2.26401;2.30363;-0.460385;-26.3781;1.2405;3.97653
0.438965;2.11732;2.16234;0.390149;22.3539;2.98798;1.24121
-0.533304;2.21383;2.27716;-0.440818;-25.257;1.14861;3.8188
0.250013;2.12175;2.13643;0.353685;20.2647;2.97105;1.27024
-0.677079;2.10718;2.21329;-0.428192;-24.5336;1.22902;3.43613
0.218532;2.52327;2.53271;0.397291;22.7631;3.20916;1.17272
-1.05643;2.07882;2.33185;-0.556567;-31.8889;1.18996;4.08563
0.00953704;2.43694;2.43696;0.474089;27.1633;3.6896;1.02103
-1.20126;2.35453;2.64327;-0.47568;-27.2545;1.19626;4.36898
-0.369759;1.92951;1.96462;0.282428;16.182;2.52834;1.3423
-1.36431;1.67804;2.16267;-0.493302;-28.2641;1.23569;3.34147
-0.572642;2.21628;2.28906;0.42979;24.6252;3.59845;1.00162
-1.33263;1.72136;2.17692;-0.405942;-23.2587;1.23247;3.05261
-0.472481;2.23865;2.28797;0.450788;25.8283;3.19469;1.11975
-1.41415;1.72206;2.2283;-0.479529;-27.475;1.04798;3.72098
-0.509633;2.09108;2.15228;0.448474;25.6957;3.16492;1.14705
-1.52916;1.72316;2.30383;-0.486761;-27.8894;1.04983;3.49136
-0.607017;2.10743;2.19311;0.445374;25.518;3.28929;1.05264
-1.45467;1.66785;2.21309;-0.436785;-25.0259;1.09638;3.02998
-0.598885;2.14539;2.22741;0.44501;25.4972;3.1241;1.02853
-1.57529;1.63883;2.27317;-0.493413;-28.2705;1.05846;3.41335
-0.634539;2.22323;2.31201;0.487612;27.9381;3.1711;0.998175
-1.63566;1.52959;2.23943;-0.540877;-30.99;1.00697;4.27761
-0.876849;1.99091;2.17545;0.404035;23.1495;2.74773;1.10187
-1.94453;1.29577;2.33671;-0.568139;-32.552;1.06968;4.64284
-1.13723;1.81208;2.13938;0.422547;24.2102;2.84639;1.13666
-2.25649;1.00254;2.46918;-0.592244;-33.9331;1.10718;6.53673
-1.9432;1.22566;2.29745;0.144619;8.28607;2.43748;1.55821
-2.02946;0.373832;2.0636;-0.380556;-21.8043;1.50022;4.05668
-1.97036;0.593677;2.05785;0.110493;6.33076;2.24395;1.77414
-2.14098;-0.22762;2.15304;-0.398571;-22.8364;1.47729;3.85208
-2.0354;0.178551;2.04322;0.193417;11.082;2.2906;1.52631
-1.98321;-1.00008;2.2211;-0.554558;-31.7738;1.31996;3.98998
-2.10642;-0.189679;2.11494;0.377253;21.615;3.13251;0.987293
-2.05728;-1.14014;2.35209;-0.416256;-23.8497;1.28691;3.6818
-1.94157;-0.545057;2.01663;0.232377;13.3142;2.30855;1.32114
-1.72485;-1.41603;2.23165;-0.413706;-23.7036;1.25147;3.15386
-1.87411;-0.654123;1.98499;0.35158;20.144;2.66267;1.11956
-1.56023;-1.55442;2.2024;-0.447723;-25.6526;1.15116;3.27445
-2.04769;-0.851497;2.21767;0.389453;22.314;2.8631;1.07639
-1.47625;-1.6684;2.22775;-0.452343;-25.9174;1.10027;3.28303
-1.82831;-0.92041;2.04691;0.380043;21.7749;2.99504;1.07218
-1.51386;-1.79729;2.3499;-0.404408;-23.1709;1.16966;2.92755
-1.71003;-0.975325;1.96862;0.352453;20.1941;3.03472;1.07072
-1.40569;-1.75482;2.24841;-0.377082;-21.6052;1.26296;2.65005
-2.19476;-1.11887;2.4635;0.423969;24.2917;3.17548;1.04213
-1.36173;-1.72214;2.19546;-0.430291;-24.6539;1.08532;3.24098
-2.13723;-1.07492;2.39233;0.435734;24.9657;2.8447;1.08577
-1.32845;-2.20279;2.57237;-0.562113;-32.2067;0.970528;3.47065
-2.07911;-1.27169;2.43719;0.479176;27.4547;3.93149;0.886538
-1.39371;-1.69349;2.19325;-0.333257;-19.0942;1.15161;2.53225
-1.96901;-1.16131;2.28597;0.349321;20.0146;2.53629;1.09311
-1.48751;-1.81296;2.3451;-0.350807;-20.0998;1.05659;2.97442
-1.88453;-1.17666;2.22171;0.325533;18.6517;2.27543;1.19447
-1.13684;-2.01289;2.31174;-0.498523;-28.5633;1.0207;3.21881
-1.94052;-1.1259;2.2435;0.530937;30.4205;3.43847;0.929068
-1.14089;-2.01598;2.31642;-0.530071;-30.3708;0.963819;3.96575
-1.85069;-1.2493;2.23289;0.462029;26.4723;2.98563;0.991262
-1.00859;-2.17154;2.39433;-0.542203;-31.066;0.982202;3.81209
-1.82999;-1.28507;2.23613;0.523765;30.0095;3.29468;0.940106
-0.8936;-2.24967;2.42065;-0.580475;-33.2588;0.948385;4.31736
-1.65967;-1.2513;2.07852;0.54667;31.3219;3.34004;0.936594
-0.701054;-2.37657;2.47781;-0.637922;-36.5503;0.936385;4.65617
-1.77153;-1.55837;2.35941;0.562474;32.2274;3.81394;0.882182
-0.824131;-2.31292;2.45536;-0.507034;-29.0509;0.959156;4.36273
-1.43466;-1.63339;2.17398;0.378424;21.6821;2.60512;1.08613
-0.532953;-2.22084;2.28389;-0.485189;-27.7993;1.01849;3.55986
-1.41784;-1.63023;2.16054;0.480305;27.5194;3.1361;0.987179
-0.325831;-2.26456;2.28788;-0.572927;-32.8263;0.965446;4.0656
-1.54346;-1.88625;2.43725;0.542881;31.1048;3.82723;0.917727
-0.417161;-2.29758;2.33514;-0.506175;-29.0017;0.947184;4.03188
-1.38088;-1.73039;2.21383;0.493923;28.2997;3.08411;1.03871
-0.243549;-2.35748;2.37003;-0.570587;-32.6922;0.911253;4.16318
-1.45632;-1.92265;2.41194;0.54531;31.244;4.06842;0.953201
-0.287975;-2.29964;2.3176;-0.523676;-30.0044;0.946228;3.7072
-1.48093;-1.82485;2.35016;0.557156;31.9227;4.04574;0.968641
-0.240802;-2.35775;2.37002;-0.579955;-33.229;0.923111;3.9561
-1.57183;-1.71699;2.32781;0.639511;36.6413;4.79405;0.917018
-0.301412;-2.22012;2.24049;-0.606352;-34.7414;0.886543;4.43648
-1.79421;-1.74591;2.50348;0.664103;38.0503;4.63902;0.945209
-0.449536;-2.20657;2.25189;-0.598065;-34.2666;0.828717;5.12735
-1.52474;-1.73741;2.31159;0.519321;29.7549;3.98523;1.06751
-0.477186;-2.22328;2.27391;-0.508873;-29.1563;0.935144;3.49773
-1.78634;-1.67414;2.44821;0.606386;34.7434;5.44769;0.981658
-0.912887;-2.06798;2.26051;-0.402099;-23.0385;0.94068;3.41866
-1.81805;-1.38775;2.28717;0.503113;28.8262;3.76418;1.17014
-0.870974;-2.15247;2.32201;-0.534325;-30.6145;0.922403;3.58215
-1.99708;-1.08685;2.27367;0.687903;39.4139;6.43728;0.96859
-1.04834;-2.00106;2.25904;-0.589826;-33.7945;0.903346;3.86853
-2.30198;-0.867521;2.46002;0.727821;41.7011;6.73878;0.933848
-1.37893;-1.89216;2.34131;-0.58063;-33.2677;0.874794;4.30568
-2.29309;-0.909853;2.467;0.563301;32.2748;5.58619;0.97144
-1.51979;-1.47364;2.11693;-0.392256;-22.4746;1.07103;3.03132
-2.25964;-0.560339;2.32808;0.526909;30.1897;4.07323;1.06255
-1.56767;-1.50798;2.17522;-0.522921;-29.9611;0.937799;3.95764
-2.35842;-0.403128;2.39263;0.5967;34.1884;4.7726;0.994664
-1.75143;-1.65498;2.40966;-0.587796;-33.6782;0.907527;4.40797
-2.40022;-0.303096;2.41928;0.631477;36.181;5.59146;0.924841
-1.72125;-1.57702;2.33445;-0.616084;-35.299;0.938122;4.18254
-2.55202;-0.0926128;2.5537;0.705424;40.4178;6.31246;0.87708
-1.88435;-1.29801;2.28814;-0.56692;-32.4821;0.886913;4.98826
-2.28553;-0.0543475;2.28617;0.579419;33.1983;4.04316;1.03618
-1.7637;-1.63302;2.40362;-0.723171;-41.4347;0.867094;5.28595
-2.47197;-0.0899106;2.47361;0.71059;40.7138;6.99547;0.847857
-1.96587;-1.31823;2.36694;-0.554336;-31.7611;0.955951;4.50369
-2.2936;0.197036;2.30205;0.676388;38.7542;4.65846;0.96209
-2.2671;-1.42502;2.67777;-0.646855;-37.0621;0.832412;6.76679
-2.34892;-0.204708;2.35782;0.474229;27.1713;3.50755;1.04524
-1.92995;-1.16903;2.2564;-0.457691;-26.2237;0.951099;2.8084
-1.96412;-0.58432;2.0492;0.255462;14.6369;1.55466;0.904545
-1.98827;-0.504529;2.05129;0.0406514;2.32916;0.860194;0.845833
-1.88097;-0.590577;1.97151;-0.0557204;-3.19255;0.729402;0.731637
-1.68855;-0.728112;1.83885;-0.102887;-5.89499;1.66939;1.96202
-1.89019;-0.569023;1.97398;0.114703;6.57202;2.3624;1.45775
-1.81494;-0.821933;1.99238;-0.132828;-7.61049;1.68141;2.04359
-2.02852;-0.219825;2.0404;0.317294;18.1796;2.51942;1.38497
-1.86166;-1.40352;2.33144;-0.538051;-30.8281;1.03967;4.18575
-2.52977;-0.298625;2.54733;0.528496;30.2806;4.80097;0.939329
-1.89756;-1.48354;2.40865;-0.546053;-31.2865;1.037;4.29028
-2.42565;-0.109763;2.42813;0.618333;35.4279;4.96601;0.943485
-1.98274;-1.46934;2.46784;-0.592539;-33.95;0.907732;5.57935
-2.32241;-0.18153;2.3295;0.559753;32.0715;4.34981;1.05912
-1.90291;-1.52092;2.43603;-0.596285;-34.1646;0.912935;5.11043
-2.4837;-0.20044;2.49178;0.593763;34.0201;5.33319;0.998743
-1.88346;-1.4867;2.39952;-0.587684;-33.6718;0.965908;4.60859
-2.75894;-0.18502;2.76514;0.60125;34.4491;5.94775;0.948184
-1.99878;-1.37968;2.4287;-0.537198;-30.7792;1.04164;4.18321
-2.55041;-0.107912;2.55269;0.561873;32.193;5.48059;0.957145
-1.73124;-1.2474;2.13382;-0.582082;-33.3508;1.08622;4.07183
-2.47091;0.0830687;2.4723;0.657975;37.6992;5.9823;0.894975
-1.98978;-1.19958;2.32341;-0.576135;-33.0101;0.984821;5.12507
-2.51306;0.0508117;2.51357;0.562745;32.2429;4.51177;1.00846
-2.03913;-1.35144;2.44631;-0.605503;-34.6927;0.953064;5.50034
-2.40467;0.00437754;2.40468;0.587107;33.6387;4.60656;0.994177
-1.9524;-1.46169;2.43894;-0.644465;-36.9251;0.947248;5.93817
-2.25224;-0.293955;2.27134;0.512861;29.3848;4.68103;0.971282
-1.82141;-1.48663;2.35109;-0.554756;-31.7852;1.1375;4.58698
-2.13758;-0.331873;2.16319;0.530512;30.3961;4.75108;0.940109
-1.77372;-1.55867;2.36126;-0.566928;-32.4826;1.14295;5.01401
-2.33307;-0.345558;2.35852;0.573911;32.8827;4.41334;0.969237
-1.78796;-1.61776;2.41121;-0.588422;-33.7141;0.994457;6.52198
-2.08578;-0.673151;2.19172;0.423285;24.2525;3.26457;1.2315
-1.46076;-1.94545;2.43281;-0.614565;-35.212;1.04352;5.683
-2.21846;-0.880059;2.38664;0.549088;31.4604;4.38812;0.987418
-1.21445;-1.94784;2.29542;-0.635632;-36.419;1.02046;6.08372
-2.10634;-1.04196;2.34997;0.553907;31.7366;4.24869;1.0205
-1.14454;-2.19514;2.4756;-0.630794;-36.1419;0.989004;6.36409
-1.93724;-1.37734;2.37696;0.47212;27.0505;3.91306;1.08566
-0.791179;-2.28194;2.41521;-0.618997;-35.4659;1.06186;5.40247
-1.89459;-1.43648;2.37759;0.588322;33.7084;4.708;0.955513
-0.710307;-2.40314;2.50591;-0.634673;-36.3641;1.00527;6.01405
-1.79157;-1.66105;2.44311;0.53579;30.6985;4.3812;1.02093
-0.327094;-2.34376;2.36647;-0.684518;-39.22;1.02127;5.74719
-1.84967;-1.76996;2.56009;0.668755;38.3168;5.65917;0.904267
-0.53193;-2.23932;2.30163;-0.5742;-32.8992;0.966089;6.33353
-1.2784;-1.74522;2.16335;0.398998;22.8609;3.50655;1.30005
-0.179068;-2.34137;2.3482;-0.555885;-31.8498;1.13045;4.49873
-1.58265;-2.26471;2.76291;0.533608;30.5735;5.30449;0.97687
-0.285142;-2.32735;2.34475;-0.488029;-27.962;1.16657;4.32707
-1.4944;-1.80756;2.34532;0.56893;32.5973;4.48474;1.09782
-0.370275;-2.45046;2.47827;-0.540871;-30.9896;0.967464;5.84786
-1.24834;-1.8326;2.21738;0.448014;25.6693;3.62778;1.32715
-0.085888;-2.48702;2.48851;-0.563464;-32.2841;1.03405;4.97711
-1.34845;-1.94335;2.36536;0.572088;32.7782;5.04847;1.06067
-0.270781;-2.33353;2.34919;-0.491086;-28.1371;1.04507;4.94899
-1.27646;-1.9427;2.32453;0.465798;26.6882;3.94037;1.26237
-0.179233;-2.11709;2.12466;-0.496861;-28.468;1.06558;4.77156
-1.175;-1.9691;2.29303;0.453544;25.9862;4.15726;1.22061
-0.0776137;-2.28448;2.28579;-0.504042;-28.8795;1.15691;4.30517
-1.14373;-1.87388;2.19535;0.514034;29.452;4.91146;1.0737
-0.285543;-2.29408;2.31178;-0.424163;-24.3028;1.19125;4.27673
-1.22518;-1.77221;2.15448;0.481051;27.5622;3.75336;1.29568
0.0650997;-2.37198;2.37287;-0.632322;-36.2294;1.01724;5.4021
-1.32157;-1.9249;2.33491;0.629091;36.0442;5.50913;1.00673
-0.00270876;-2.31088;2.31088;-0.60048;-34.405;1.03338;5.4083
-1.35092;-2.00713;2.41941;0.591244;33.8758;4.99675;1.07683
0.124834;-2.53027;2.53335;-0.641712;-36.7674;1.01569;5.51379
-1.35015;-2.00982;2.42121;0.640829;36.7168;5.75727;0.998637
0.0261678;-2.38111;2.38126;-0.602522;-34.522;1.0485;5.306
-1.28338;-2.33748;2.66662;0.513101;29.3985;5.35277;1.06802
-0.185879;-2.32434;2.33176;-0.42231;-24.1966;1.28804;3.95517
-1.44803;-1.96609;2.44179;0.555006;31.7995;4.65607;1.21124
0.000876187;-2.44602;2.44602;-0.635165;-36.3923;1.01648;5.32511
-1.3756;-1.998;2.42575;0.603318;34.5676;6.42154;1.03207
-0.434767;-2.30608;2.3467;-0.416616;-23.8704;1.28891;3.89739
-1.23268;-1.50563;1.94588;0.499702;28.6308;5.0014;1.2313
-0.401083;-2.27292;2.30803;-0.511382;-29.3;1.28191;3.88166
-1.79904;-1.77091;2.52442;0.618615;35.444;6.48089;1.03185
-0.696632;-2.1183;2.22991;-0.475557;-27.2474;1.26793;3.88852
-1.95649;-1.4332;2.42527;0.620845;35.5718;5.73897;1.11558
-0.921519;-2.15032;2.33946;-0.533693;-30.5784;1.13213;4.74338
-2.08759;-1.28874;2.45335;0.612855;35.114;5.80501;1.17609
-0.979838;-1.93172;2.16601;-0.548308;-31.4157;1.41256;5.34701
-2.09429;-1.11493;2.37258;0.612174;35.075;5.22855;1.29018
-1.42023;-2.45951;2.84012;-0.557925;-31.9667;1.25086;6.29983
-1.89879;-1.11005;2.19946;0.518101;29.685;4.49387;1.39915
-1.06068;-2.1689;2.41437;-0.586929;-33.6285;1.08786;5.46857
-2.0335;-1.22751;2.37527;0.572859;32.8224;5.22726;1.14871
-1.16604;-1.93961;2.26312;-0.48642;-27.8698;1.13936;3.85698
-1.69108;-1.31105;2.13977;0.370035;21.2015;2.51819;1.12437
-1.55632;-1.36803;2.07211;-0.061619;-3.53051;1.04824;1.28549
-1.48981;-1.26268;1.95292;0.0180343;1.03329;0.816744;0.861279
-1.58917;-1.2601;2.02814;0.0326501;1.87071;0.722952;0.73256
-1.74111;-1.06481;2.0409;0.121533;6.96334;2.54145;2.10009
-1.50293;-1.44659;2.086;-0.217417;-12.4571;1.86813;2.90388
-2.08303;-0.805584;2.23338;0.39728;22.7624;3.96286;1.51052
-1.41968;-1.53386;2.09003;-0.455017;-26.0705;1.32302;4.27823
-2.2654;-0.657862;2.35898;0.541414;31.0208;5.18193;1.25701
-1.36748;-1.56983;2.08191;-0.571557;-32.7478;1.19681;4.83436
-2.46186;-0.511481;2.51443;0.649332;37.204;6.09625;1.12189
-1.7165;-1.66305;2.39;-0.564736;-32.357;1.09413;5.49985
-2.17799;-0.505224;2.23582;0.541646;31.0341;5.17298;1.24786
-1.72216;-1.63887;2.37734;-0.532685;-30.5206;1.21101;4.89417
-2.10816;-0.519497;2.17122;0.519014;29.7373;5.38715;1.18691
-1.77697;-1.40026;2.26237;-0.425774;-24.3951;1.36154;4.33159
-2.11709;-0.36381;2.14812;0.497201;28.4875;4.45571;1.36046
-1.68554;-1.74465;2.42587;-0.632447;-36.2366;1.17856;5.10951
-2.37812;-0.178477;2.38481;0.72772;41.6953;6.78198;1.01917
-1.88356;-1.52206;2.42166;-0.604737;-34.6489;1.08429;5.74073
-2.34886;-0.287802;2.36643;0.557726;31.9553;5.41995;1.21039
-1.83995;-1.42069;2.3246;-0.535599;-30.6876;1.23177;4.77313
-2.30971;-0.279656;2.32657;0.537028;30.7694;5.68251;1.17696
-1.71069;-1.26083;2.12512;-0.514655;-29.4875;1.38913;4.20727
-2.39092;0.0836221;2.39238;0.670107;38.3943;6.01452;1.11932
-2.04911;-1.28537;2.41889;-0.5952;-34.1024;1.08428;5.80364
-2.45123;-0.370374;2.47906;0.410277;23.5071;5.1384;1.26194
-1.83959;-0.801285;2.00653;-0.260833;-14.9446;1.76337;3.2128
-2.3696;0.148916;2.37427;0.473557;27.1328;3.73724;1.56754
-2.0076;-1.36606;2.42829;-0.660242;-37.8291;1.06624;5.85879
-2.48224;-0.0450111;2.48265;0.579349;33.1943;5.96811;1.12192
-2.19333;-0.947779;2.38935;-0.389754;-22.3312;1.33855;4.46967
-2.16742;-0.0241655;2.16755;0.396736;22.7313;3.69733;1.58395
-1.99259;-1.17684;2.31417;-0.522335;-29.9276;1.27729;4.77232
-2.33207;0.188042;2.33964;0.613943;35.1764;5.19785;1.22088
-2.09242;-1.21342;2.4188;-0.605976;-34.7199;1.09299;6.02345
-2.25635;0.33905;2.28168;0.674665;38.6555;4.89405;1.28556
-2.3219;-1.1679;2.59908;-0.61519;-35.2478;0.956811;7.0755
-2.23273;-0.144854;2.23742;0.401254;22.9902;3.82295;1.59799
-1.88494;-1.20907;2.23939;-0.505543;-28.9655;1.30727;4.385
-2.37;-0.0593228;2.37074;0.545305;31.2437;5.53385;1.21029
-1.97311;-1.08882;2.25359;-0.479223;-27.4575;1.3473;4.26108
-2.36787;0.103471;2.37013;0.547919;31.3934;5.22559;1.24746
-1.80977;-0.998242;2.06682;-0.54773;-31.3826;1.25602;4.56035
-2.52852;0.116839;2.53122;0.550236;31.5262;5.6782;1.19639
-2.023;-0.84748;2.19335;-0.442887;-25.3755;1.35807;4.13976
-2.27541;0.243397;2.28839;0.503275;28.8355;4.89252;1.3354
-2.2497;-0.562433;2.31894;-0.351545;-20.1421;1.29794;4.37383
-1.93501;-0.128525;1.93928;0.178659;10.2364;3.36361;1.77614
-1.96678;-0.38386;2.00389;-0.126425;-7.24363;2.18169;2.54534
-2.13072;0.248221;2.14513;0.308723;17.6885;3.32136;1.75236
-2.11986;-0.75504;2.25031;-0.458139;-26.2494;1.44529;3.93155
-2.29359;0.509411;2.34948;0.560719;32.1268;5.20289;1.22215
-2.27733;-0.581731;2.35046;-0.46865;-26.8516;1.2495;4.83223
-2.14537;0.411565;2.18449;0.439631;25.189;4.02585;1.45918
-2.19588;-0.811528;2.34104;-0.543535;-31.1423;1.29325;4.58232
-2.33841;0.512695;2.39395;0.569834;32.6491;5.29717;1.16589
-2.30589;-1.00122;2.51388;-0.625474;-35.837;1.26427;4.86363
-2.43043;0.557134;2.49347;0.634979;36.3816;6.1148;1.02873
-2.16701;-0.561;2.23844;-0.47866;-27.4252;1.29487;4.92208
-2.12443;0.463594;2.17442;0.468174;26.8244;3.88337;1.46226
-2.1548;-0.738293;2.27777;-0.544945;-31.223;1.19221;5.26814
-2.33245;0.259153;2.3468;0.440746;25.2529;4.42164;1.34639
-2.35606;-0.747647;2.47184;-0.417932;-23.9458;1.40454;3.98605
-2.27448;0.389753;2.30763;0.47699;27.3295;4.20337;1.31633
-2.09954;-0.823179;2.25515;-0.543367;-31.1327;1.22897;4.37658
-2.25401;0.21429;2.26418;0.468442;26.8397;5.1453;1.13957
-2.04737;-0.477063;2.10222;-0.323713;-18.5474;1.58469;3.15193
-2.22347;0.46044;2.27064;0.433123;24.8161;3.90933;1.36188
-2.09084;-0.58766;2.17185;-0.478192;-27.3984;1.26776;4.09213
-2.37553;0.670421;2.46832;0.549062;31.4589;4.58907;1.24168
-2.31352;-0.561323;2.38064;-0.513093;-29.3981;1.12787;4.70964
-2.27617;0.55427;2.34268;0.476889;27.3237;4.31788;1.30241
-1.94397;-0.651252;2.05016;-0.562121;-32.2072;1.26947;4.05607
-2.07899;0.698705;2.19326;0.647479;37.0978;5.61392;1.06547
-2.14167;-0.564332;2.21477;-0.581863;-33.3383;1.17032;4.5539
-2.17856;0.773832;2.31191;0.598948;34.3172;4.85575;1.07547
-2.26095;-0.419976;2.29963;-0.524962;-30.0781;1.12632;4.78572
-2.14484;0.608387;2.22945;0.460051;26.359;3.67898;1.25336
-2.16631;-0.651505;2.26216;-0.568531;-32.5744;1.17114;4.71446
-2.22129;0.550734;2.28855;0.535172;30.6631;4.2094;1.10191
-2.20853;-0.848716;2.36599;-0.609923;-34.946;1.15966;5.28467
-2.225;0.399171;2.26052;0.544405;31.1921;4.00758;1.1043
-1.99893;-1.16742;2.31487;-0.706103;-40.4567;1.13374;5.92746
-2.20463;0.272857;2.22145;0.651728;37.3412;4.46458;1.0093
-2.16407;-0.936839;2.35815;-0.531687;-30.4634;1.07432;6.7092
-1.90375;-0.712601;2.03275;0.0503781;2.88645;2.1978;2.06071
-1.80427;-0.967327;2.04722;-0.133965;-7.67561;1.7639;2.70264
-1.67249;-0.733369;1.82622;0.0788944;4.52032;2.1227;2.02275
-1.68087;-1.39017;2.18126;-0.277783;-15.9158;1.59199;2.8218
-2.01506;-0.690869;2.1302;0.360729;20.6682;2.92736;1.36109
-1.30003;-1.85791;2.26758;-0.629959;-36.094;1.17956;4.27453
-2.26932;-0.852749;2.42425;0.600805;34.4236;5.02403;0.919802
-1.36363;-1.64087;2.13353;-0.517966;-29.6773;1.17678;4.40614
-2.0242;-0.886781;2.20992;0.464509;26.6144;3.45663;1.17327
-1.41713;-1.95668;2.41596;-0.531072;-30.4282;1.09437;4.54306
-2.001;-1.14892;2.30738;0.422764;24.2226;3.39611;1.15128
-1.24709;-1.95073;2.31529;-0.48077;-27.5461;1.13412;3.77124
-1.77862;-1.01076;2.04575;0.485213;27.8006;3.67909;1.08566
-1.04886;-1.88656;2.15853;-0.546614;-31.3187;1.09847;3.85372
-2.01325;-1.21648;2.35224;0.519854;29.7854;4.3177;0.995064
-1.13983;-1.93833;2.24863;-0.49568;-28.4004;1.14853;3.42064
-2.0502;-1.09373;2.3237;0.549144;31.4636;4.27538;0.999618
-1.23722;-1.91215;2.2775;-0.506443;-29.017;1.07239;3.7459
-2.06806;-1.0417;2.31561;0.529898;30.3609;4.0025;1.05162
-1.43749;-2.02479;2.48317;-0.486816;-27.8925;1.04773;3.81737
-2.0948;-1.05859;2.34708;0.485515;27.8179;3.81118;1.09301
-1.30686;-1.83198;2.25034;-0.48325;-27.6882;1.08788;3.54581
-2.12136;-0.933863;2.31781;0.536471;30.7375;4.02663;1.05666
-1.3567;-1.85134;2.29523;-0.523691;-30.0053;1.03327;3.88736
-2.12489;-0.908821;2.31109;0.534224;30.6088;4.08017;1.0439
-1.43339;-1.8435;2.33519;-0.505747;-28.9771;1.05331;3.89894
-2.31211;-0.946241;2.49824;0.521445;29.8766;3.84006;1.06547
-1.29337;-2.13763;2.49845;-0.638212;-36.5669;1.02602;4.10825
-2.27585;-0.992268;2.48276;0.615521;35.2667;5.68237;0.884642
-1.42545;-1.69381;2.2138;-0.460071;-26.3601;1.18337;3.46343
-2.26377;-0.78889;2.39729;0.535897;30.7046;3.88471;1.05786
-1.46486;-1.84206;2.35351;-0.563646;-32.2945;1.00568;4.52596
-2.18627;-0.747557;2.31054;0.569499;32.6299;3.95821;1.06779
-1.44647;-1.88213;2.37375;-0.586071;-33.5794;0.958481;4.63698
-2.17085;-0.852204;2.33213;0.541459;31.0233;4.06995;1.03848
-1.65567;-1.82458;2.4638;-0.459811;-26.3452;0.996423;3.77697
-1.80616;-0.697693;1.93623;0.465266;26.6578;3.46695;1.11517
-1.44599;-1.66767;2.20726;-0.487847;-27.9516;1.04686;3.42022
-2.2196;-0.655298;2.31432;0.569398;32.6241;4.29625;0.998518
-1.56827;-1.7244;2.33089;-0.545702;-31.2664;0.976622;3.89224
-2.2481;-0.652838;2.34097;0.550156;31.5216;4.51324;0.976241
-1.34257;-1.46189;1.98485;-0.545296;-31.2431;1.05074;3.52381
-2.31891;-0.530957;2.37892;0.602831;34.5396;4.75453;0.939396
-1.72967;-1.58464;2.34582;-0.516581;-29.5979;0.997584;4.12433
-2.26294;-0.481375;2.31357;0.532072;30.4855;3.58048;1.04454
-1.84382;-1.56077;2.41572;-0.492852;-28.2383;0.94444;4.76408
-1.93621;-0.542022;2.01065;0.429497;24.6084;2.68609;1.24544
-1.67907;-1.85242;2.50015;-0.561492;-32.1711;0.946903;4.60367
-2.16179;-0.743096;2.28594;0.503357;28.8402;3.82413;1.01757
-1.55538;-1.77837;2.36258;-0.521102;-29.8569;1.0136;4.00918
-2.34948;-0.747863;2.46563;0.544019;31.17;4.08732;1.0033
-1.52712;-1.8536;2.40165;-0.5735;-32.8591;0.964844;4.48092
-2.20495;-0.786074;2.34088;0.539212;30.8946;4.4603;0.983376
-1.61693;-1.73914;2.37468;-0.479338;-27.4641;1.03116;3.95976
-2.23362;-0.574738;2.30638;0.569947;32.6556;3.72684;1.07705
-1.59197;-1.8954;2.47526;-0.620337;-35.5427;0.883599;5.63474
-2.10879;-0.731782;2.23215;0.538173;30.8351;4.13409;1.03235
-1.3089;-1.55108;2.02955;-0.535861;-30.7026;0.983598;4.29669
-2.28752;-0.680433;2.38657;0.580753;33.2747;4.13111;1.03043
-1.38408;-1.91251;2.3608;-0.655222;-37.5414;0.903744;5.21136
-2.17244;-0.653358;2.26856;0.652198;37.3682;5.47515;0.931731
-1.55066;-1.84378;2.40916;-0.579395;-33.1969;0.932044;4.8309
-2.13761;-0.761345;2.26915;0.529382;30.3313;4.61414;1.01213
-1.37028;-1.79384;2.25733;-0.576313;-33.0203;1.01622;3.77043
-2.44723;-0.632314;2.5276;0.66562;38.1372;7.26222;0.91161
-1.60708;-1.61549;2.27871;-0.535159;-30.6623;0.965106;3.85516
-2.47893;-0.274009;2.49402;0.67792;38.8419;7.55069;1.02897
-1.91998;-1.67501;2.54794;-0.607272;-34.7941;0.938016;4.00088
-2.63598;-0.0417398;2.63631;0.701527;40.1945;12.0994;0.996521
-2.05443;-0.358897;2.08554;-0.157116;-9.00208;1.96599;2.49405
-2.30661;0.794474;2.4396;0.504657;28.9147;6.46726;1.50356
-2.11045;-0.119129;2.11381;-0.388095;-22.2362;1.58858;2.98934
-2.02779;1.46045;2.49897;0.680552;38.9927;10.7561;1.21803
-1.88287;0.766729;2.033;-0.237455;-13.6052;1.65869;2.62249
-1.54525;2.0139;2.53842;0.529611;30.3445;6.04995;1.31827
-1.82345;1.18789;2.17625;-0.338923;-19.4188;1.25428;2.96953
-0.897771;2.14318;2.32362;0.59671;34.189;5.59473;1.17376
-1.87087;1.16779;2.20542;-0.616084;-35.299;0.971966;4.08787
-1.1552;2.35064;2.61916;0.555995;31.8562;8.18816;0.92458
-1.11935;1.7324;2.06256;-0.116868;-6.69602;1.63205;2.19769
-0.65429;1.99638;2.10087;0.256939;14.7215;2.45338;1.52229
-1.53757;1.60305;2.22124;-0.447846;-25.6597;1.16138;3.52219
-0.237767;2.40344;2.41517;0.665945;38.1558;4.7254;1.00157
-1.78222;1.82848;2.55336;-0.673979;-38.6162;0.845488;7.61193
-0.561875;2.28531;2.35337;0.531504;30.453;4.2186;1.07581
-1.82193;1.50035;2.36018;-0.640811;-36.7158;0.958679;5.35426
-0.609233;2.2795;2.35951;0.620731;35.5653;5.9999;0.910864
-1.85165;1.37377;2.30561;-0.671327;-38.4642;1.03037;4.87311
-0.619489;2.32133;2.40257;0.671699;38.4855;7.25578;0.838611
-1.74368;1.61206;2.37469;-0.56381;-32.3039;1.08646;4.68784
-0.424496;2.32376;2.36222;0.643916;36.8937;5.19893;0.940597
-1.87888;1.76876;2.58045;-0.634892;-36.3766;0.917266;6.67294
-0.676308;2.32583;2.42216;0.532598;30.5156;4.45237;1.04909
-1.92277;1.49596;2.43617;-0.626624;-35.9029;0.966944;5.4755
-0.732819;2.32212;2.435;0.603911;34.6016;5.76558;0.938097
-1.8583;1.82019;2.60123;-0.490065;-28.0787;1.00379;5.16971
-0.519391;2.10727;2.17034;0.554097;31.7474;3.77056;1.16912
-1.99699;1.63632;2.58176;-0.642681;-36.8229;0.877263;6.72654
-0.706195;2.30275;2.40861;0.586771;33.6195;4.8276;1.05211
-1.53029;1.06504;1.86443;-0.665211;-38.1138;0.91813;5.87725
-0.742428;2.58223;2.68684;0.682817;39.1226;6.00485;0.988425
-2.22679;1.55584;2.71648;-0.680988;-39.0177;0.868725;6.41665
-0.923556;2.50182;2.66685;0.607316;34.7966;6.43008;0.951493
-1.87548;1.4996;2.4013;-0.542677;-31.0931;1.05622;4.48282
-0.79662;2.39619;2.52514;0.575354;32.9653;5.85911;0.962622
-1.72375;1.63669;2.37698;-0.490342;-28.0945;1.06855;4.4706
-0.534217;2.49051;2.54716;0.600001;34.3775;4.79472;1.06242
-1.99611;1.7289;2.64075;-0.64571;-36.9964;0.887418;6.24228
-0.71654;2.63079;2.72662;0.591092;33.8671;5.6898;1.00244
-1.84122;1.58355;2.42853;-0.594577;-34.0668;0.981077;4.98907
-0.535869;2.45629;2.51406;0.645698;36.9957;6.4206;0.958741
-1.75737;1.67182;2.42556;-0.595545;-34.1222;0.975923;5.13781
-0.482272;2.50198;2.54804;0.619921;35.5189;6.18325;0.980533
-1.65037;1.8339;2.46716;-0.542352;-31.0745;0.994355;5.05913
-0.263903;2.34671;2.36151;0.620786;35.5684;5.30304;1.05829
-1.54403;1.55274;2.18975;-0.670601;-38.4226;0.913713;6.06334
-0.470244;2.38074;2.42673;0.587576;33.6656;6.37453;0.982105
-1.46966;1.77869;2.3073;-0.495538;-28.3923;1.13236;4.23539
-0.203596;2.47082;2.47919;0.608334;34.855;5.56577;1.0152
-1.58073;1.6586;2.29122;-0.679148;-38.9123;0.966871;5.61439
-0.295285;2.54626;2.56332;0.64591;37.0079;6.95825;0.907022
-1.72128;1.76534;2.46561;-0.65731;-37.6611;1.09412;4.75848
-0.172966;2.62832;2.63401;0.707048;40.5109;7.74056;0.836654
-1.54211;1.84481;2.40446;-0.63055;-36.1278;1.09301;5.14893
-0.0316039;2.45695;2.45715;0.683401;39.156;6.47735;0.892679
-1.65979;1.92425;2.54119;-0.698883;-40.043;0.987179;6.26532
-0.14723;2.54125;2.54551;0.653874;37.4642;6.39058;0.902809
-1.39941;2.04921;2.48146;-0.541288;-31.0135;1.02115;5.93246
-0.28928;2.51039;2.527;0.484433;27.756;4.19706;1.20424
-1.76299;1.75897;2.4904;-0.671812;-38.492;1.00905;5.65698
-0.22819;2.52754;2.53782;0.696501;39.9066;6.25124;0.897488
-1.38317;1.89942;2.34967;-0.539371;-30.9037;0.977582;3.75144
-0.844421;1.81998;2.00633;0.194995;11.1724;1.81631;0.971338
-0.732185;1.81677;1.95876;0.0513108;2.93989;0.98347;0.860882
-0.647044;1.80298;1.91557;0.0385438;2.2084;0.756819;0.736856
-1.73334;1.5777;2.34384;-0.487809;-27.9494;1.1827;4.30672
-0.501175;2.2492;2.30436;0.613126;35.1295;5.19184;1.03203
-1.82432;1.68465;2.48318;-0.60594;-34.7178;0.95823;6.55221
-1.02473;2.52023;2.72059;0.438997;25.1527;4.64718;1.173
-1.93035;1.59911;2.50667;-0.492789;-28.2348;1.22146;4.26996
-0.816587;2.55442;2.68177;0.569565;32.6337;5.91413;1.02007
-1.94589;1.49718;2.45521;-0.605584;-34.6974;1.11532;4.93456
-0.645821;2.43345;2.51769;0.65558;37.5619;7.01395;0.937999
-1.87514;1.62067;2.47845;-0.598649;-34.3001;1.10733;5.01449
-0.535846;2.44709;2.50507;0.642492;36.8121;6.73507;0.964278
-1.70799;1.68245;2.39747;-0.577359;-33.0802;1.08643;5.13717
-0.362771;2.47565;2.50209;0.647429;37.095;6.21091;1.03915
-1.64276;1.86247;2.48343;-0.577298;-33.0768;0.98269;5.84415
-0.358725;2.3369;2.36427;0.570482;32.6862;5.49122;1.17584
-1.53561;1.76071;2.33628;-0.564902;-32.3665;1.04215;5.17003
-0.30183;2.44609;2.46464;0.594446;34.0592;6.13546;1.1039
-1.53891;1.57607;2.20278;-0.650696;-37.2821;1.09897;4.85103
-0.1127;2.48612;2.48867;0.728167;41.7209;8.05071;0.928295
-1.22903;1.87185;2.23927;-0.535692;-30.6929;1.12366;5.01752
-0.0802601;2.4517;2.45302;0.548268;31.4134;5.73003;1.11724
-1.59724;2.12046;2.65472;-0.612854;-35.114;1.18261;4.79891
0.242467;2.47542;2.48727;0.743217;42.5832;7.75767;0.903193
-1.09976;1.9892;2.27296;-0.602678;-34.5309;1.08759;5.7264
0.25247;2.41513;2.42829;0.609198;34.9045;5.702;1.0873
-1.21907;2.1757;2.49395;-0.614884;-35.2302;1.04757;5.89386
0.347453;2.43918;2.4638;0.65222;37.3695;5.86314;1.07798
-1.31706;2.33646;2.68211;-0.654795;-37.517;0.978868;6.46543
0.462058;2.40046;2.44452;0.703461;40.3054;5.94136;1.07879
-1.12124;2.20726;2.47572;-0.66017;-37.825;0.908161;7.15444
-0.0712157;2.50711;2.50812;0.441611;25.3024;5.11984;1.24211
-0.955973;1.94192;2.16447;-0.429056;-24.5831;1.4189;3.81479
0.351921;2.275;2.30205;0.610928;35.0036;5.6527;1.13726
-1.0982;2.19578;2.4551;-0.617236;-35.365;1.04077;5.87568
0.618542;2.27224;2.35492;0.729539;41.7995;6.07569;1.0916
-1.28602;2.53286;2.84064;-0.735594;-42.1464;0.900382;7.40597
0.383026;2.47886;2.50828;0.623121;35.7022;6.4964;1.06135
-0.874059;2.31704;2.47642;-0.514029;-29.4517;1.15114;5.05256
0.643291;2.3815;2.46685;0.624548;35.784;5.41226;1.19103
-0.687588;2.27164;2.37342;-0.55774;-31.9561;0.966168;6.36987
0.591997;2.46288;2.53303;0.529808;30.3558;4.52338;1.42576
-0.857284;2.30392;2.45825;-0.592116;-33.9258;0.995899;5.85692
0.49139;2.25438;2.30731;0.570839;32.7066;5.96362;1.18894
-0.710906;2.1243;2.24009;-0.537554;-30.7996;1.21933;4.6938
0.730172;2.35056;2.46136;0.624126;35.7598;6.44714;1.09621
-0.818916;2.13929;2.29067;-0.666777;-38.2035;1.1593;5.08492
0.794229;2.357;2.48721;0.690607;39.5689;8.02111;0.93921
-0.480281;2.04878;2.10432;-0.555282;-31.8153;1.33233;4.39443
0.947713;2.26369;2.45407;0.626752;35.9103;6.79925;1.02053
-0.386814;2.27481;2.30746;-0.564918;-32.3674;1.22941;4.85035
1.15971;2.1474;2.44054;0.663606;38.0218;6.32268;1.07046
-0.164379;2.58483;2.59005;-0.558683;-32.0102;1.04982;5.92639
1.2107;2.06255;2.39164;0.594309;34.0514;4.85708;1.30172
-0.295624;2.65546;2.67187;-0.641671;-36.7651;0.96648;6.38927
1.16193;2.15275;2.4463;0.605803;34.7099;5.79658;1.16902
-0.210654;2.39789;2.40713;-0.582557;-33.3781;1.10102;5.33294
1.30093;1.91537;2.3154;0.684258;39.2051;6.00486;1.13102
-0.138276;2.48317;2.48701;-0.652261;-37.3718;0.992685;6.20171
1.24535;2.06556;2.41194;0.598184;34.2734;5.99776;1.14252
-0.0425798;2.31322;2.31362;-0.560962;-32.1407;1.179;4.76158
1.16054;1.7146;2.07044;0.613428;35.1468;6.34557;1.09782
0.247471;2.28209;2.29547;-0.487005;-27.9033;1.24415;4.46946
1.47852;1.82446;2.34833;0.573024;32.8318;5.55437;1.21115
0.37851;2.23759;2.26938;-0.513469;-29.4196;1.15915;4.76009
1.46911;1.65471;2.21277;0.55848;31.9985;5.86578;1.24232
0.613597;2.0501;2.13996;-0.435237;-24.9373;1.29258;4.18101
1.6276;1.47987;2.19979;0.542086;31.0592;5.6751;1.32941
0.794758;2.23681;2.3738;-0.491505;-28.1612;1.29407;4.15524
