#1 AntVel X	#2 AntVel Y	#3 Speed	#4 Turning Angle Rad		#5 Turning Angle Deg	#6 Detected Phero Left	#7 Detected Phero Right	
-0.811023;1.70961;1.89222;-0.0646814;-3.70597;0.7;0.7
-0.723153;1.85354;1.98961;0.0709679;4.06616;0.7;0.7
-0.802968;2.00197;2.15699;-0.00946121;-0.542087;0.7;0.7
-0.708299;1.73886;1.87759;-0.0053678;-0.307552;0.7;0.7
-0.706791;1.91887;2.0449;0.0338963;1.94211;0.7;0.7
-0.713578;1.84925;1.98215;-0.0153531;-0.879668;0.7;0.7
-0.453597;1.94625;1.99841;0.139296;7.98107;0.7;0.7
-0.564274;1.97316;2.05226;-0.0495659;-2.83992;0.7;0.7
-0.519822;1.88065;1.95117;0.00886742;0.508066;0.7;0.7
-0.467469;1.93465;1.99033;0.0325873;1.86711;0.7;0.7
-0.479625;1.93556;1.9941;-0.00581868;-0.333386;0.7;0.7
-0.479329;1.8116;1.87394;-0.0157577;-0.902847;0.7;0.7
-0.368423;1.92422;1.95918;0.0694854;3.98122;0.7;0.7
-0.381161;1.94108;1.97815;-0.0047214;-0.270516;0.7;0.7
-0.332688;1.9841;2.0118;0.0277663;1.59089;0.7;0.7
-0.373717;2.10057;2.13355;-0.00993874;-0.569448;0.7;0.7
-0.340475;1.96374;1.99304;0.00439647;0.251899;0.7;0.7
-0.541008;1.76541;1.84645;-0.125689;-7.20143;0.7;0.7
-0.747846;1.82309;1.97051;-0.0919132;-5.26624;0.7;0.7
-0.828567;2.04096;2.20274;0.00363467;0.208251;0.7;0.7
-0.904082;1.86793;2.07522;-0.0651271;-3.73151;0.7;0.7
-0.695513;1.96806;2.08734;0.111067;6.36365;0.7;0.7
-0.681282;1.83643;1.95873;-0.0155419;-0.890483;0.7;0.7
-0.762689;1.84238;1.99401;-0.0372471;-2.1341;0.7;0.7
-0.78686;1.81909;1.98198;-0.0157633;-0.903168;0.7;0.7
-0.778456;1.79672;1.95811;-0.000597815;-0.0342523;0.7;0.7
-0.887678;1.64115;1.86584;-0.0869689;-4.98295;0.7;0.7
-0.81377;1.51151;1.71665;0.00193971;0.111137;0.7;0.7
-0.947339;1.42356;1.70996;-0.0932944;-5.34538;0.7;0.7
-0.955572;1.55948;1.82896;0.037432;2.1447;0.7;0.7
-0.986939;1.85283;2.09929;0.0603055;3.45525;0.7;0.7
-0.981065;1.839;2.08433;-0.000631347;-0.0361735;0.7;0.7
-0.949892;1.82029;2.05323;0.00910588;0.521728;0.7;0.7
-0.822915;1.95219;2.11855;0.0820314;4.70005;0.7;0.7
-0.929259;1.86881;2.0871;-0.0625099;-3.58155;0.7;0.7
-0.963474;1.91516;2.14386;-0.00466478;-0.267272;0.7;0.7
-0.901111;1.78713;2.00146;-0.000914264;-0.0523835;0.7;0.7
-0.911532;1.79798;2.01584;-0.0021917;-0.125575;0.7;0.7
-0.869745;1.83775;2.03317;0.0271791;1.55725;0.7;0.7
-0.939074;1.649;1.89765;-0.0756433;-4.33404;0.7;0.7
-1.09861;1.73156;2.05067;-0.0477006;-2.73304;0.7;0.7
-1.05152;1.53591;1.86138;-0.0349553;-2.00279;0.7;0.702415
-1.37721;1.37611;1.94689;-0.185465;-10.6263;0.700007;1.17731
-1.44375;1.06587;1.79457;-0.149054;-8.54019;1.72117;1.75178
-2.04539;0.615522;2.136;-0.343634;-19.6888;0.750513;1.5956
-2.23526;-0.0611101;2.2361;-0.319644;-18.3142;0.7;1.69031
-1.99816;-0.462212;2.05093;-0.199988;-11.4585;0.7;1.19649
-1.8984;-0.642509;2.00418;-0.0990265;-5.6738;0.7;0.902948
-1.75975;-0.934176;1.99234;-0.16168;-9.26359;0.7;0.901258
-1.87246;-1.03522;2.13957;-0.0170145;-0.974861;0.7;0.742492
-1.67642;-1.11646;2.01417;-0.0824864;-4.72612;0.7;0.797422
-1.74709;-1.18761;2.11252;-0.00948943;-0.543704;0.7;0.744306
-1.95031;-1.32554;2.35813;7.70771e-05;0.00441619;0.7;0.741683
-1.6422;-1.17884;2.02151;-0.0256592;-1.47016;0.7;0.733284
-1.57056;-1.16437;1.9551;-0.0153587;-0.879987;0.7;0.711967
-1.48161;-1.19835;1.90557;-0.0421388;-2.41438;0.7;0.70093
-1.65234;-1.38051;2.15315;-0.0159138;-0.911796;0.7;0.700006
-1.57566;-1.28064;2.03045;0.013535;0.775501;0.7;0.7
-1.53039;-1.21795;1.95589;0.0102758;0.588759;0.7;0.7
-1.52887;-1.1895;1.9371;0.0110021;0.630375;0.7;0.7
-1.5228;-1.30457;2.0052;-0.0471675;-2.7025;0.7;0.7
-1.44984;-1.37131;1.99563;-0.0492015;-2.81904;0.7;0.7
-1.40995;-1.48198;2.04554;-0.0527326;-3.02135;0.7;0.7
-1.37375;-1.42538;1.97962;0.00645584;0.369893;0.7;0.7
-1.43431;-1.41866;2.01738;0.0239318;1.37119;0.7;0.7
-1.37501;-1.38805;1.9538;-0.010207;-0.584817;0.7;0.7
-1.40992;-1.41191;1.99534;0.00401383;0.229975;0.7;0.7
-1.65242;-1.39491;2.16246;0.08501;4.87072;0.7;0.7
-1.51265;-1.27923;1.98104;-0.000889594;-0.05097;0.7;0.7
-1.40839;-1.42152;2.00107;-0.0880517;-5.04499;0.7;0.7
-1.44622;-1.49735;2.08173;-0.0127307;-0.729417;0.7;0.7
-1.67712;-1.64504;2.34923;0.027024;1.54836;0.7;0.7
-1.15535;-1.37544;1.79629;-0.0964017;-5.52341;0.7;0.7
-1.30942;-1.54185;2.02284;0.00540751;0.309827;0.7;0.7
-1.33247;-1.50096;2.00707;0.0219425;1.25721;0.7;0.7
-1.42892;-1.57332;2.12536;0.0113369;0.649559;0.7;0.7
-0.997684;-1.51232;1.81176;-0.154171;-8.83337;0.7;0.7
-1.10183;-1.7118;2.03575;-0.0112543;-0.644826;0.7;0.7
-1.05237;-1.62557;1.93649;0.00262145;0.150198;0.7;0.7
-0.958262;-1.68383;1.93741;-0.0571474;-3.2743;0.7;0.7
-1.07418;-1.52803;1.86782;0.0953379;5.46246;0.7;0.7
-1.13606;-1.62838;1.98551;-0.00357039;-0.204568;0.7;0.7
-1.17572;-1.97551;2.2989;-0.072308;-4.14294;0.7;0.7
-1.0174;-1.72844;2.00564;-0.00483511;-0.277031;0.7;0.7
-0.911537;-1.63681;1.87351;-0.0238866;-1.3686;0.7;0.7
-0.864651;-1.67571;1.88563;-0.0317662;-1.82007;0.7;0.7
-0.783496;-1.86678;2.02453;-0.0789815;-4.5253;0.7;0.7
-0.718644;-1.96319;2.09059;-0.0464688;-2.66246;0.7;0.7
-0.61121;-1.78748;1.88909;-0.0214318;-1.22795;0.7;0.7
-0.93509;-2.06321;2.26522;0.0960533;5.50345;0.7;0.7
-0.894399;-1.87691;2.07912;0.0191634;1.09798;0.7;0.7
-0.992776;-1.92267;2.16385;0.0319507;1.83064;0.7;0.7
-0.968736;-1.7603;2.00925;0.0264483;1.51538;0.7;0.7
-0.999645;-1.85253;2.10504;-0.00826174;-0.473363;0.7;0.7
-0.90689;-1.66426;1.89531;0.00410488;0.235192;0.7;0.7
-0.980599;-1.69988;1.96244;0.024299;1.39223;0.7;0.7
-1.2182;-1.68742;2.0812;0.102058;5.84746;0.7;0.7
-1.13304;-1.55619;1.92497;0.00403758;0.231336;0.7;0.7
-1.32273;-1.74936;2.19314;0.0180791;1.03585;0.7;0.700001
-1.19919;-1.51985;1.93598;0.0205984;1.1802;0.7;0.700028
-1.23738;-1.58162;2.00815;-0.00412301;-0.236231;0.7;0.700371
-1.01993;-1.35518;1.69611;-0.0187108;-1.07205;0.7;0.704073
-1.2284;-1.55954;1.98523;0.0220006;1.26054;0.7;0.725613
-1.11457;-1.69373;2.02756;-0.0851563;-4.8791;0.7;0.799592
-0.809451;-1.96902;2.12891;-0.191985;-11;0.7;1.10149
-0.377757;-2.08373;2.1177;-0.210691;-12.0717;0.7;1.29525
-0.163382;-2.02462;2.03121;-0.0988178;-5.66184;0.700075;0.879484
-0.271654;-2.00337;2.02171;0.0542537;3.10851;0.777738;0.709587
-0.475574;-2.00465;2.06029;0.098153;5.62375;1.07062;0.700057
-1.05015;-1.85983;2.13583;0.281091;16.1053;1.27268;0.7
-1.07215;-1.45699;1.80896;0.120373;6.89686;0.947561;0.7
-1.39623;-1.45836;2.01898;0.129245;7.4052;0.900273;0.7
-1.55794;-1.42579;2.11188;0.0660196;3.78264;0.819609;0.7
-1.46529;-1.18973;1.88747;0.0591589;3.38956;0.823671;0.7
-1.80294;-1.28843;2.216;0.061504;3.52392;0.825942;0.7
-1.70809;-1.02094;1.98995;0.0817442;4.6836;0.833678;0.7
-1.72869;-0.858647;1.9302;0.0777251;4.45332;0.792129;0.7
-1.81504;-0.832303;1.99677;0.0310574;1.77946;0.750104;0.7
-1.85082;-0.660065;1.965;0.0873771;5.00634;0.736419;0.7
-1.84617;-0.737376;1.98798;-0.0374239;-2.14423;0.707591;0.7
-2.03105;-0.771986;2.17281;0.0167673;0.960694;0.708893;0.7
-1.85504;-0.686174;1.97788;0.00893911;0.512173;0.70662;0.7
-1.89312;-0.747312;2.03528;-0.0216841;-1.24241;0.706801;0.7
-1.78947;-0.519465;1.86334;0.0934482;5.35418;0.711671;0.7
-1.97394;-0.400108;2.01408;0.0825399;4.72919;0.702297;0.7
-1.98222;-0.391528;2.02052;0.00497588;0.285097;0.700294;0.7
-1.89253;-0.577171;1.97859;-0.101003;-5.78706;0.700106;0.700002
-1.82989;-0.584647;1.92102;-0.0132353;-0.758325;0.700337;0.7
-2.01692;-0.690481;2.13184;-0.0205907;-1.17976;0.700255;0.7
-1.90221;-0.450601;1.95486;0.0972435;5.57164;0.700221;0.7
-2.06322;-0.491496;2.12095;-0.00126421;-0.0724336;0.70001;0.700026
-2.00104;-0.329648;2.02801;0.0705879;4.04439;0.700002;0.700133
-2.04642;-0.341651;2.07475;-0.00215321;-0.12337;0.7;0.703921
-1.95858;-0.350183;1.98964;-0.0115001;-0.658908;0.7;0.713356
-1.91639;-0.366726;1.95116;-0.0121523;-0.696274;0.7;0.717819
-1.91309;-0.423651;1.95944;-0.028854;-1.65321;0.7;0.706618
-1.92447;-0.48724;1.98519;-0.0300396;-1.72114;0.7;0.700312
-1.99905;-0.254742;2.01521;0.121222;6.9455;0.7;0.700002
-1.90184;-0.591429;1.99168;-0.174748;-10.0123;0.7;1.03356
-1.89079;-0.668637;2.00553;-0.0384072;-2.20057;0.7;0.792508
-1.63663;-0.820776;1.83091;-0.124945;-7.15882;0.7;0.765402
-1.77576;-0.918421;1.9992;-0.0124628;-0.714068;0.7;0.710124
-1.7915;-0.916458;2.01231;0.00446083;0.255587;0.7;0.703954
-1.73796;-0.839109;1.92993;0.0230491;1.32061;0.7;0.701761
-1.60837;-1.16519;1.98608;-0.177146;-10.1497;0.7;0.701154
-1.57673;-1.18281;1.97107;-0.0166584;-0.954458;0.700265;0.70001
-1.52836;-1.42063;2.08664;-0.105276;-6.03186;0.704811;0.7
-1.66872;-1.17259;2.03951;0.136353;7.81246;0.913391;0.7
-1.58901;-0.979833;1.86682;0.0599698;3.43602;0.858003;0.7
-1.92777;-0.87033;2.11513;0.128484;7.3616;0.870312;0.7
-1.94154;-0.670642;2.05411;0.0914891;5.24194;0.7633;0.7
-1.90091;-0.619569;1.99933;0.0175103;1.00326;0.721863;0.7
-1.9229;-0.532956;1.99539;0.0447003;2.56114;0.716865;0.7
-1.91197;-0.513806;1.9798;0.00784617;0.449552;0.706813;0.7
-1.94155;-0.517212;2.00926;0.00218428;0.12515;0.704436;0.7
-2.19221;-0.627952;2.28037;-0.0186325;-1.06756;0.703272;0.7
-1.95071;-0.500303;2.01385;0.0279165;1.5995;0.703372;0.7
-1.72957;-0.313833;1.75782;0.0715628;4.10025;0.701601;0.7
-2.00602;-0.279879;2.02545;0.0408733;2.34187;0.700256;0.7
-2.07888;-0.164087;2.08535;0.0598577;3.42959;0.700039;0.700006
-2.00771;-0.259069;2.02436;-0.0495607;-2.83962;0.700002;0.700175
-1.96861;-0.269198;1.98693;-0.00757457;-0.433991;0.700001;0.700246
-2.11139;-0.167819;2.11805;0.0565865;3.24217;0.7;0.701041
-1.98925;-0.215311;2.00087;-0.0285013;-1.63301;0.7;0.721632
-2.06242;-0.401745;2.10118;-0.0845669;-4.84533;0.7;0.757969
-2.04318;-0.478679;2.0985;-0.0377471;-2.16275;0.7;0.757561
-1.95409;-0.608665;2.04669;-0.0718261;-4.11533;0.7;0.79822
-1.84693;-0.893965;2.05191;-0.14883;-8.52734;0.7;0.792294
-1.71307;-0.824197;1.90103;0.00235428;0.13489;0.7;0.720042
-1.70481;-0.681544;1.83599;0.0681179;3.90287;0.7;0.733649
-1.8217;-0.912885;2.03763;-0.084226;-4.8258;0.7;0.864229
-1.67801;-1.00446;1.95568;-0.0748503;-4.28861;0.7;0.837154
-1.53341;-0.89446;1.77522;0.0113302;0.649175;0.7;0.808987
-1.62528;-1.28618;2.07263;-0.141389;-8.10099;0.7;0.89595
-1.71384;-1.34219;2.17686;0.00506989;0.290483;0.7;0.763258
-1.48378;-1.34274;2.00114;-0.07116;-4.07717;0.7;0.811699
-1.40325;-1.40016;1.98231;-0.0487559;-2.79351;0.7;0.78563
-1.2207;-1.50439;1.93734;-0.104828;-6.00622;0.7;0.787175
-1.25513;-1.58999;2.0257;-0.0134301;-0.769489;0.7;0.735587
-1.43897;-1.68759;2.21779;0.0378042;2.16602;0.7;0.750193
-1.19713;-1.63802;2.02885;-0.0749197;-4.29258;0.7;0.857829
-0.999452;-1.69976;1.97182;-0.0995793;-5.70547;0.7;0.81352
-0.989639;-1.9164;2.15685;-0.0548623;-3.14338;0.7;0.745806
-0.656652;-1.86434;1.9766;-0.138036;-7.9089;0.7;0.722143
-0.691099;-1.85981;1.98406;0.0171363;0.981839;0.7;0.701567
-0.690367;-1.88001;2.00276;-0.00385747;-0.221017;0.7;0.700693
-0.637414;-1.83565;1.94317;-0.0177112;-1.01478;0.700001;0.700198
-0.692379;-2.00917;2.12513;-0.00235144;-0.134728;0.700003;0.700055
-0.631554;-2.19442;2.28349;-0.0516376;-2.95862;0.700005;0.70003
-0.56405;-2.00765;2.08538;-0.00633733;-0.363102;0.700037;0.700005
-0.578603;-1.92799;2.01294;0.0176655;1.01216;0.700081;0.700002
-0.719656;-2.02964;2.15345;0.0491883;2.81828;0.700066;0.700002
-0.615155;-1.8773;1.97552;-0.0240891;-1.3802;0.700015;0.700013
-0.589048;-1.88653;1.97635;-0.0140064;-0.802509;0.700017;0.700009
-0.575614;-1.90483;1.9899;-0.00918637;-0.52634;0.700017;0.700008
-0.557726;-1.78499;1.87009;0.00938107;0.537496;0.700017;0.700007
-0.473397;-1.86922;1.92824;-0.0547987;-3.13974;0.700013;0.700011
-0.54085;-1.91164;1.98668;0.027675;1.58566;0.700067;0.700002
-0.910403;-1.97371;2.17356;0.156463;8.96468;0.700053;0.700003
-0.850194;-1.78475;1.97691;0.0123808;0.709369;0.700001;0.70025
-0.864664;-1.79727;1.99444;0.00385068;0.220627;0.7;0.700737
-0.833806;-1.95043;2.12118;-0.0444284;-2.54556;0.7;0.70181
-0.783251;-1.83689;1.99691;-0.000928146;-0.0531789;0.7;0.701345
-0.784136;-1.84502;2.00474;-0.00118582;-0.0679425;0.7;0.701931
-0.817962;-1.83118;2.00556;0.0182233;1.04412;0.7;0.702889
-0.727654;-1.54345;1.70637;0.0204509;1.17175;0.7;0.706426
-0.750033;-1.83087;1.97854;-0.0517397;-2.96447;0.7;0.715051
-0.784206;-1.84833;2.00781;0.0124543;0.713581;0.7;0.712567
-0.673155;-1.69588;1.82459;-0.0233971;-1.34055;0.7;0.730084
-0.762187;-1.91534;2.06142;0.000865653;0.0495983;0.7;0.732687
-0.674041;-1.90262;2.01849;-0.038254;-2.19179;0.7;0.74755
-0.614896;-1.89662;1.9938;-0.0269605;-1.54472;0.7;0.734539
-0.370628;-2.13987;2.17173;-0.142014;-8.13683;0.7;0.720899
-0.285294;-1.86245;1.88417;-0.0194988;-1.1172;0.7;0.701066
-0.271259;-2.03847;2.05643;-0.0197078;-1.12917;0.700001;0.700225
-0.233768;-1.69852;1.71453;0.0044781;0.256576;0.700017;0.70003
-0.127481;-1.91378;1.91802;-0.0702572;-4.02544;0.700064;0.700007
-0.194539;-1.86607;1.87618;0.0373616;2.14066;0.701806;0.7
-0.262754;-2.06891;2.08553;0.0224497;1.28627;0.703333;0.7
-0.333211;-1.93909;1.96751;0.0438514;2.5125;0.71035;0.7
-0.513272;-1.97235;2.03805;0.0844098;4.83632;0.719531;0.7
-0.401666;-2.0027;2.04258;-0.05665;-3.24581;0.714579;0.7
-0.497628;-1.94085;2.00363;0.0530534;3.03974;0.806034;0.7
-0.822451;-1.90441;2.07442;0.156682;8.97723;0.838317;0.7
-0.811858;-1.92708;2.09111;-0.0089488;-0.512728;0.7373;0.7
-0.540827;-1.80021;1.8797;-0.106877;-6.1236;0.782891;0.7
-1.04674;-1.93761;2.20227;0.203461;11.6575;1.13034;0.7
-1.25414;-1.60999;2.04082;0.166479;9.53854;0.869245;0.7
-1.24086;-1.561;1.9941;0.0098463;0.564151;0.737342;0.7
-1.38827;-1.66114;2.16488;0.0245194;1.40486;0.747685;0.7
-1.15062;-1.52597;1.91116;-0.0500807;-2.86941;0.752992;0.7
-1.38299;-1.42252;1.98399;0.125237;7.17556;0.866965;0.7
-1.38606;-1.21743;1.8448;0.0787726;4.51334;0.765907;0.7
-1.526;-1.19904;1.94071;0.0547298;3.13578;0.729722;0.7
-1.38976;-1.0988;1.77167;-0.00302321;-0.173217;0.714715;0.7
-1.57909;-1.45279;2.14572;-0.0747585;-4.28335;0.715324;0.7
-1.42915;-1.26915;1.91134;0.0175985;1.00832;0.749884;0.7
-1.64714;-1.46844;2.20667;-0.00193683;-0.110972;0.749672;0.7
-1.40855;-1.22719;1.86816;0.0114074;0.653597;0.777522;0.7
-1.82869;-1.1479;2.15912;0.156149;8.94669;0.803864;0.7
-1.70937;-1.06423;2.01358;0.00368804;0.211309;0.714993;0.7
-2.02713;-1.05294;2.28428;0.077797;4.45744;0.707324;0.7
-1.76183;-0.934245;1.99421;-0.008505;-0.487301;0.700257;0.7
-1.59761;-0.895586;1.83151;-0.0233593;-1.33839;0.701361;0.700085
-1.80907;-1.04187;2.08764;-0.0115933;-0.664249;0.701221;0.702752
-1.82376;-1.19655;2.18125;-0.0581247;-3.3303;0.700484;0.747807
-1.60726;-1.36172;2.10655;-0.122236;-7.00363;0.702811;0.908526
-1.50899;-1.36001;2.03142;-0.0306332;-1.75515;0.801005;0.996584
-1.46125;-1.18311;1.88016;0.0529147;3.03179;0.993766;0.880865
-1.61271;-1.07908;1.94043;0.0909111;5.20882;0.969501;0.728239
-1.51752;-0.947381;1.78897;0.0315977;1.81042;0.855186;0.700862
-1.75857;-0.927643;1.98824;0.0726895;4.1648;0.74937;0.700022
-1.81634;-0.851947;2.00622;0.0468238;2.6828;0.709621;0.700002
-1.67431;-1.02282;1.96201;-0.109809;-6.29157;0.700999;0.700004
-1.77928;-1.134;2.10993;-0.0190335;-1.09054;0.701356;0.7
-1.67164;-1.08324;1.99193;-0.00755262;-0.432733;0.707073;0.7
-1.68865;-1.05549;1.99138;0.0163408;0.936257;0.72583;0.7
-1.74519;-1.04337;2.0333;0.0197933;1.13407;0.750098;0.7
-1.667;-1.20399;2.05633;-0.0866643;-4.9655;0.792289;0.7
-1.79433;-0.759796;1.94856;0.224953;12.8888;1.11001;0.7
-1.89823;-0.642908;2.00415;0.0739899;4.23931;0.80182;0.7
-1.915;-0.481059;1.9745;0.0804489;4.60938;0.759745;0.7
-1.818;-0.580645;1.90848;-0.063033;-3.61152;0.722328;0.7
-2.0542;-0.645618;2.15327;0.0046295;0.265251;0.750175;0.7
-1.90676;-0.636337;2.01013;-0.0175892;-1.00779;0.743157;0.7
-1.93725;-0.686585;2.05532;-0.018494;-1.05963;0.757617;0.7
-2.03231;-0.291448;2.0531;0.198163;11.3539;0.791652;0.7
-1.97306;-0.31061;1.99736;-0.0137077;-0.785391;0.705196;0.7
-1.93347;-0.241643;1.94851;0.0318095;1.82255;0.702828;0.7
-2.04674;-0.243206;2.06114;0.00606294;0.347381;0.700659;0.7
-2.34754;-0.328969;2.37048;-0.0209553;-1.20065;0.700172;0.700003
-2.05422;-0.571748;2.1323;-0.132231;-7.57631;0.70005;0.700012
-1.92774;-0.479097;1.98638;0.0278655;1.59658;0.70022;0.700001
-1.90536;-0.463817;1.961;0.00480966;0.275573;0.700069;0.700004
-1.91321;-0.646111;2.01936;-0.0869017;-4.9791;0.700038;0.700006
-2.02787;-0.713236;2.14964;-0.0125184;-0.717254;0.700281;0.700001
-1.89599;-0.409183;1.93964;0.125648;7.1991;0.700652;0.7
-1.95527;-0.422114;2.00031;-6.74437e-05;-0.00386424;0.70005;0.700004
-2.21825;-0.602923;2.29873;-0.0527672;-3.02334;0.700056;0.700003
-1.89558;-0.55435;1.97498;-0.0191198;-1.09549;0.700279;0.7
-1.85069;-0.458705;1.90669;0.0415502;2.38065;0.700592;0.7
-2.11928;-0.455464;2.16767;0.0312653;1.79137;0.70026;0.7
-1.94707;-0.513273;2.01359;-0.0460552;-2.63877;0.700103;0.700001
-1.89018;-0.637623;1.99483;-0.0675976;-3.87306;0.700368;0.7
-1.99197;-0.614054;2.08447;0.0263251;1.50832;0.703407;0.7
-1.80075;-0.459718;1.8585;0.049068;2.81139;0.704285;0.7
-1.93939;-0.277305;1.95912;0.107931;6.18399;0.70281;0.7
-1.90977;-0.390442;1.94928;-0.0596424;-3.41726;0.700445;0.7
-1.97125;-0.383305;2.00817;0.00961361;0.550819;0.702993;0.7
-1.96117;-0.279375;1.98097;0.0505509;2.89635;0.705536;0.7
-1.9935;-0.300234;2.01598;-0.00798216;-0.457344;0.704268;0.7
-2.11455;-0.407991;2.15355;-0.041119;-2.35595;0.7107;0.7
-2.00902;-0.329605;2.03588;0.027988;1.60359;0.74111;0.7
-2.08436;-0.151437;2.08986;0.0900874;5.16163;0.739803;0.7
-1.89677;-0.102111;1.89952;0.0187443;1.07397;0.710851;0.7
-1.99431;-0.100646;1.99685;0.00335863;0.192436;0.706397;0.7
-2.10335;-0.0655861;2.10437;0.019252;1.10306;0.70457;0.7
-2.00824;-0.060324;2.00914;0.00114241;0.065455;0.702466;0.7
-2.00024;-0.0173078;2.00032;0.0213766;1.22479;0.701875;0.7
-1.94004;0.0709098;1.94134;0.045187;2.58902;0.700823;0.7
-1.97311;0.138304;1.97795;0.0334453;1.91628;0.700165;0.700002
-2.14412;0.0132993;2.14416;-0.0637771;-3.65416;0.700028;0.700016
-2.00113;0.0122888;2.00117;-6.17109e-05;-0.00353578;0.700031;0.70001
-2.11761;0.000632966;2.11761;-0.00584196;-0.33472;0.70001;0.70003
-2.07271;0.0334618;2.07298;0.0158437;0.907779;0.700003;0.700084
-2.21816;-0.0439744;2.2186;-0.0359647;-2.06063;0.700001;0.70042
-1.94584;0.0999273;1.9484;0.0711313;4.07552;0.7;0.700524
-2.03118;0.0161521;2.03124;-0.0433573;-2.48419;0.7;0.706042
-2.01995;-0.0760486;2.02138;-0.045583;-2.61171;0.7;0.706482
-2.04511;-0.161972;2.05151;-0.0414036;-2.37225;0.7;0.705071
-1.97675;-0.237628;1.99098;-0.0406025;-2.32635;0.7;0.703402
-1.99065;-0.510086;2.05497;-0.131206;-7.51757;0.7;0.701602
-1.99455;-0.460274;2.04697;0.0240476;1.37783;0.700017;0.700055
-1.90862;-0.38877;1.94781;0.0258534;1.48129;0.700076;0.700015
-1.93728;-0.407174;1.9796;-0.00622097;-0.356435;0.700311;0.700003
-2.00431;-0.624481;2.09934;-0.094873;-5.43582;0.703088;0.7
-2.14508;-0.467246;2.19538;0.0875645;5.01707;0.804604;0.7
-2.49804;-0.462093;2.54042;0.0315572;1.8081;0.807412;0.7
-1.97205;-0.242202;1.98687;0.0607091;3.47837;0.901601;0.7
-1.90664;0.0122587;1.90668;0.128635;7.37024;0.912135;0.7
-2.07858;0.107596;2.08137;0.0452887;2.59485;0.785348;0.7
-1.94467;0.31239;1.9696;0.107561;6.16278;0.852501;0.7
-2.21005;0.204781;2.21952;-0.0668838;-3.83216;0.7144;0.7
-1.97213;0.496362;2.03364;0.154172;8.8334;0.925072;0.7
-2.08319;0.273394;2.10105;-0.116074;-6.65058;0.70103;0.7
-1.8805;0.23714;1.89539;-0.00504945;-0.289312;0.714824;0.7
-2.0468;0.166168;2.05353;-0.044436;-2.54599;0.709373;0.7
-1.87829;0.256609;1.89574;0.0547704;3.13811;0.709612;0.7
-2.00195;0.116541;2.00534;-0.0776294;-4.44783;0.700439;0.700006
-1.99043;0.117862;1.99392;0.000997068;0.0571278;0.700261;0.700014
-1.88948;0.0830677;1.8913;-0.01521;-0.871471;0.700019;0.700231
-1.88938;0.0805086;1.89109;-0.00134963;-0.077328;0.700001;0.701316
-1.98639;0.0675825;1.98754;-0.00857565;-0.491349;0.7;0.713465
-2.06043;-0.546919;2.13179;-0.293465;-16.8143;0.7;1.16477
-1.86614;-0.810807;2.03467;-0.150421;-8.61849;0.700001;0.778547
-1.99901;-1.09997;2.28166;-0.0931632;-5.33786;0.700153;0.924784
-1.45786;-1.49271;2.08651;-0.29417;-16.8547;0.704711;1.35006
-1.67539;-1.10846;2.00888;0.212713;12.1876;1.20812;0.732452
-1.43807;-1.39342;2.00242;-0.185132;-10.6073;0.934442;1.54818
-1.70251;-1.10381;2.02902;0.19442;11.1394;1.31293;0.897629
-1.63958;-1.07165;1.95874;-0.00370089;-0.212045;1.3115;1.38052
-1.63341;-1.12319;1.98232;-0.0234702;-1.34474;1.31948;1.34283
-1.6102;-1.1789;1.99563;-0.0295929;-1.69555;1.22036;1.30322
-1.51975;-1.32012;2.01305;-0.083246;-4.76965;1.0198;1.21432
-1.44448;-1.4385;2.03858;-0.0681036;-3.90205;0.755904;0.954772
-1.32356;-1.47902;1.98477;-0.0574871;-3.29377;0.703709;0.791118
-1.377;-1.52706;2.05622;0.00378413;0.216815;0.700112;0.721402
-1.53496;-1.5248;2.16359;0.0549465;3.1482;0.70001;0.708249
-1.52101;-1.62862;2.22842;-0.0374711;-2.14693;0.700006;0.708758
-1.36681;-1.34248;1.91583;0.0431323;2.4713;0.7;0.701772
-1.43549;-1.37528;1.98797;0.0124383;0.712664;0.7;0.701428
-1.50744;-1.37308;2.03905;0.0251911;1.44334;0.7;0.70076
-1.47966;-1.35389;2.00559;-0.00225297;-0.129086;0.7;0.700545
-1.38541;-1.39281;1.9645;-0.0470206;-2.69408;0.7;0.70026
-1.46178;-1.4223;2.03954;0.0163535;0.936988;0.700003;0.700051
-1.68199;-1.33537;2.14763;0.100683;5.76873;0.700004;0.700054
-2.03104;-1.35471;2.44139;0.0827893;4.74348;0.7;0.700781
-1.60748;-1.11037;1.95369;-0.0162561;-0.931408;0.7;0.708486
-1.77781;-1.10745;2.09453;0.0473814;2.71476;0.7;0.709643
-1.66274;-1.00861;1.94474;0.0118576;0.67939;0.700001;0.725335
-1.59691;-1.10763;1.94344;-0.0611694;-3.50475;0.700003;0.732628
-1.60843;-1.1688;1.98825;-0.0219809;-1.25941;0.700002;0.713915
-1.26729;-1.38168;1.87484;-0.200151;-11.4678;0.700003;0.708755
-1.35754;-1.48256;2.0102;-0.00083382;-0.0477744;0.700084;0.700233
-1.35215;-1.52025;2.03457;-0.0144639;-0.828721;0.700357;0.700057
-1.28003;-1.55656;2.01528;-0.0387254;-2.2188;0.701584;0.700011
-1.28226;-1.53486;2;0.00775032;0.44406;0.708961;0.700001
-1.26969;-1.49473;1.96121;0.00819991;0.46982;0.718822;0.7
-1.28889;-1.51802;1.99138;-0.000221675;-0.012701;0.734903;0.7
-1.37582;-1.42346;1.97968;0.0644312;3.69164;0.77299;0.7
-1.36202;-1.44514;1.98583;-0.0125824;-0.720917;0.769337;0.7
-1.40878;-1.47195;2.03747;0.00767466;0.439725;0.82903;0.7
-1.54125;-1.28767;2.00837;0.111328;6.37865;0.887278;0.7
-1.6296;-1.1681;2.005;0.0740822;4.2446;0.815376;0.7
-1.65552;-1.08457;1.97915;0.0419463;2.40334;0.771599;0.7
-1.67433;-0.932673;1.91658;0.0717349;4.11011;0.74858;0.7
-1.76631;-0.945415;2.00342;0.0167874;0.961848;0.722089;0.700002
-2.07703;-0.778716;2.21821;0.132748;7.6059;0.715577;0.700007
-2.12951;-0.774088;2.26584;0.010043;0.575419;0.703557;0.700344
-1.83483;-0.590983;1.92766;0.0370566;2.12318;0.711025;0.701373
-1.9502;-0.409319;1.99269;0.104716;5.99976;0.778579;0.705914
-2.02843;-0.168901;2.03545;0.123808;7.09366;1.08293;0.75063
-2.00307;-0.0483127;2.00365;0.0589609;3.37821;1.21972;1.00833
-1.81797;-0.587864;1.91065;-0.288636;-16.5376;0.871127;1.72962
-1.72195;-1.14412;2.0674;-0.273704;-15.6821;0.70268;1.22829
-1.63064;-1.18886;2.01802;-0.04352;-2.49351;0.700021;0.780071
-1.66736;-1.24357;2.08004;-0.0108518;-0.62176;0.700031;0.76573
-1.58057;-1.21758;1.99517;-0.0155678;-0.891971;0.70009;0.766105
-1.57659;-0.983271;1.85808;0.098753;5.65813;0.700275;0.745212
-1.65494;-1.14264;2.01108;-0.0466418;-2.67238;0.700088;0.813838
-1.75203;-1.15124;2.09641;0.0229393;1.31432;0.700248;0.754386
-1.73572;-1.08166;2.04517;0.0240591;1.37848;0.700198;0.748456
-1.63733;-0.943286;1.88962;0.0346154;1.98331;0.700123;0.749457
-1.50069;-0.941752;1.77171;-0.0377596;-2.16347;0.700058;0.774175
-1.49731;-1.27874;1.96904;-0.146399;-8.38805;0.700086;0.752631
-1.80384;-1.26932;2.20568;0.0936358;5.36494;0.701001;0.706999
-1.90206;-1.20836;2.25343;0.0472276;2.70594;0.700352;0.716425
-1.64681;-1.13582;2.00051;-0.0378202;-2.16694;0.700177;0.726795
-1.70719;-1.21505;2.09543;-0.0147674;-0.846111;0.700314;0.716612
-1.66076;-1.20885;2.05412;-0.0106483;-0.6101;0.700428;0.713311
-1.69551;-1.19375;2.07359;0.0157498;0.902396;0.700492;0.712625
-1.63799;-1.16014;2.00722;-0.00280747;-0.160856;0.700336;0.719701
-1.74459;-1.22041;2.12909;0.00584208;0.334726;0.700257;0.726661
-1.63352;-1.19145;2.02187;-0.019755;-1.13188;0.700156;0.738461
-1.51819;-1.28023;1.98592;-0.0703974;-4.03347;0.70014;0.73804
-1.45988;-1.34077;1.98215;-0.0423265;-2.42513;0.700326;0.720445
-1.43176;-1.34355;1.96343;-0.0107292;-0.614738;0.700684;0.713425
-1.49246;-1.25594;1.9506;0.0540729;3.09815;0.701068;0.711912
-1.52964;-1.31476;2.01703;-0.0104445;-0.598424;0.701058;0.721
-1.47244;-1.0509;1.80899;0.0901258;5.16383;0.704739;0.721826
-1.70762;-1.1997;2.08692;0.00742755;0.425567;0.717364;0.754229
-1.73028;-0.923845;1.96146;0.122021;6.99127;0.86901;0.782314
-1.9477;-0.674448;2.06116;0.157064;8.99912;1.36643;0.956987
-2.06328;-0.328343;2.08924;0.175544;10.0579;2.40832;1.68927
-2.03857;-0.504321;2.10002;-0.0847073;-4.85337;3.63074;3.86938
-1.93127;-0.45523;1.9842;0.0110306;0.632008;5.01476;4.41114
-1.75593;-0.286869;1.77921;0.0695486;3.98484;2.89515;3.57602
-1.86084;-0.416563;1.90689;-0.0582859;-3.33954;1.6365;1.80451
-1.78791;-1.02882;2.06279;-0.301933;-17.2995;0.82779;1.23742
-1.01703;-2.26836;2.48592;-0.627153;-35.9332;0.702933;2.11647
0.669705;-2.12325;2.22637;-0.727022;-41.6553;0.706035;4.16578
0.136806;-2.13638;2.14075;0.241589;13.842;3.2902;1.87006
-0.754487;-1.62919;1.79542;0.497648;28.5131;3.31063;1.57069
-1.17719;-1.54798;1.94474;0.216469;12.4027;2.05973;1.34916
-1.78861;-1.21353;2.16143;0.324497;18.5923;1.69705;0.926368
-1.74923;-1.02987;2.02989;0.064021;3.66813;0.948902;0.769121
-1.86442;-0.739766;2.00582;0.154384;8.84558;0.970615;0.737054
-1.83065;-0.72646;1.96952;-4.47806e-05;-0.00256574;0.819592;0.777561
-1.8857;-0.382625;1.92413;0.177581;10.1746;0.871939;0.75285
-1.81108;-0.567578;1.89793;-0.103507;-5.93054;0.743402;0.890464
-1.905;-0.451402;1.95775;0.0710331;4.0699;0.836159;0.76795
-1.96058;-0.445212;2.0105;0.00937082;0.536908;0.796562;0.792223
-2.24163;-0.39996;2.27703;0.0467288;2.67736;0.816211;0.781139
-1.91463;-0.347706;1.94594;-0.00308172;-0.17657;0.798976;0.803765
-2.01383;-0.296588;2.03556;0.0334231;1.915;0.827559;0.786237
-2.00085;-0.186612;2.00953;0.0532266;3.04966;0.821186;0.791097
-1.90755;-0.107265;1.91056;0.0368248;2.10991;0.793195;0.81897
-1.99519;-0.212569;2.00648;-0.0499679;-2.86295;0.78041;0.849428
-2.0098;-0.164806;2.01655;0.0243225;1.39358;0.865574;0.789781
-2.06759;-0.122258;2.0712;0.0227562;1.30384;0.887917;0.791774
-1.99218;-0.00471195;1.99218;0.0566967;3.24848;0.908881;0.792954
-2.03442;0.152257;2.04011;0.0770663;4.41557;0.86193;0.831199
-2.01099;-0.0639017;2.01201;-0.106467;-6.10009;0.787992;0.939047
-2.00097;0.012916;2.00101;0.0382203;2.18986;0.883098;0.81537
-1.69864;-0.0157295;1.69871;-0.0157146;-0.90038;0.835574;0.852888
-1.72896;-0.252099;1.74724;-0.135529;-7.76527;0.840872;0.849017
-1.93071;0.0295339;1.93094;0.160085;9.1722;1.04325;0.755866
-1.96211;0.154379;1.96818;0.0632228;3.6224;0.813956;0.90663
-2.05147;-0.35813;2.08249;-0.251349;-14.4013;0.74816;1.15522
-2.05297;-0.326424;2.07876;0.01515;0.868029;0.901305;0.811706
-1.97767;-0.307285;2.0014;0.00353661;0.202633;0.860407;0.855266
-1.65258;-0.345142;1.68824;-0.0517464;-2.96485;0.82681;0.91577
-1.90968;-0.517839;1.97865;-0.0589067;-3.37511;0.84626;0.890233
-2.0033;-0.541095;2.07509;0.000991154;0.0567889;0.882713;0.851688
-1.92505;-0.606337;2.01828;-0.041329;-2.36798;0.859775;0.887519
-1.76452;-0.680471;1.89118;-0.0629318;-3.60572;0.878889;0.867422
-2.07801;-0.588412;2.15971;0.0921295;5.27863;0.936629;0.816928
-1.83692;-0.635381;1.9437;-0.0570752;-3.27017;0.818887;0.979707
-1.81346;-0.764724;1.96811;-0.0660529;-3.78455;0.83074;0.936883
-1.94228;-0.685569;2.05972;0.0597455;3.42316;0.868615;0.870055
-1.84141;-0.810758;2.01199;-0.0754321;-4.32194;0.803208;0.978603
-1.62342;-0.807049;1.81296;-0.0465962;-2.66976;0.868941;0.875607
-1.89256;-0.731087;2.02886;0.092712;5.312;0.977996;0.811747
-1.72058;-0.77308;1.88628;-0.0536471;-3.07375;0.901124;0.86598
-1.71581;-0.685938;1.84784;0.0419714;2.40478;1.07231;0.793625
-1.99029;-0.461893;2.04318;0.152275;8.72473;1.09822;0.787347
-1.8936;-0.397513;1.93488;0.0211173;1.20993;0.903722;0.876946
-1.9417;-0.287571;1.96288;0.0598859;3.43121;0.906402;0.875729
-1.95323;-0.374543;1.98882;-0.0424217;-2.43059;0.857409;0.919848
-2.12353;-0.156701;2.12931;0.115796;6.63465;0.942489;0.85117
-1.91425;-0.312285;1.93955;-0.0880539;-5.04512;0.829764;0.956546
-2.32809;-0.264635;2.34308;0.0485284;2.78048;0.971835;0.846206
-1.91038;-0.105511;1.91329;0.0580101;3.32373;0.960906;0.855575
-2.25434;-0.128225;2.25799;-0.00164349;-0.0941653;0.913058;0.886363
-2.01186;0.121129;2.01551;0.116953;6.70089;0.941433;0.864079
-2.00055;-0.102055;2.00315;-0.111104;-6.36579;0.813657;1.01869
-2.13302;-0.146247;2.13803;-0.017487;-1.00193;0.902376;0.892158
-2.05905;-0.102776;2.06161;0.0185834;1.06475;0.910061;0.886767
-1.89526;-0.316909;1.92157;-0.115806;-6.63519;0.865263;0.943425
-1.85403;-0.307778;1.87941;0.00117452;0.0672948;0.976993;0.84149
-2.14632;-0.114066;2.14935;0.111409;6.38329;0.957627;0.858818
-1.81111;-0.515613;1.88308;-0.224262;-12.8493;0.811062;1.07924
-1.88914;-0.419022;1.93505;0.0590844;3.38529;1.01697;0.829914
-2.01156;-0.386106;2.04828;0.0286352;1.64068;0.930142;0.894619
-1.94381;-0.467119;1.99915;-0.0462022;-2.64719;0.876949;0.964083
-1.8756;-0.62991;1.97855;-0.08817;-5.05177;0.901428;0.941999
-2.01095;-0.436008;2.05768;0.110497;6.33103;1.00505;0.864169
-1.90005;-0.597715;1.99184;-0.0912659;-5.22915;0.864249;1.02851
-1.92837;-0.528659;1.99953;0.0372041;2.13164;0.930682;0.941349
-1.93094;-0.916142;2.13725;-0.175429;-10.0514;0.867308;1.02861
-1.91846;-0.608518;2.01266;0.135851;7.78366;1.04437;0.841778
-1.82324;-0.822569;2.0002;-0.116665;-6.6844;0.867886;1.01608
-1.81412;-0.674152;1.93533;0.068018;3.89714;0.952913;0.897518
-1.81259;-0.705397;1.94501;-0.0153316;-0.878435;0.864882;1.0189
-1.79334;-0.861727;1.98963;-0.0768084;-4.40079;0.848107;1.04649
-1.92102;-0.915324;2.12794;0.00328497;0.188215;0.888986;0.964002
-1.76999;-0.857093;1.96659;-0.00630384;-0.361183;0.872975;0.981575
-1.74142;-0.987258;2.00181;-0.0647872;-3.71204;0.868051;0.976838
-1.7111;-0.863151;1.91648;0.0485512;2.78178;0.915587;0.885438
-2.01477;-0.994252;2.24674;0.00877509;0.502776;0.85034;0.884547
-1.82139;-0.742611;1.96696;0.0712778;4.08392;0.79068;0.819194
-1.89685;-0.792406;2.05571;-0.00857167;-0.491121;0.733871;0.771317
-2.11617;-0.847142;2.27944;0.0149325;0.855568;0.709894;0.721705
-2.03651;-0.616604;2.12781;0.0867793;4.97209;0.701391;0.703223
-2.20553;-0.056067;2.20624;0.268585;15.3888;1.51232;0.731921
-2.02027;0.222338;2.03247;0.135028;7.73654;1.10148;0.814414
-1.9976;0.110105;2.00064;-0.0545497;-3.12547;0.920969;0.961309
-1.89933;0.0225807;1.89947;-0.0431746;-2.47372;0.936734;0.931211
-1.98098;-0.118182;1.9845;-0.0714762;-4.09528;0.958283;0.900971
-2.05022;0.011767;2.05025;0.0653273;3.74298;1.04211;0.836936
-2.02844;-0.0210045;2.02855;-0.0160939;-0.922114;0.955884;0.891385
-1.98424;0.297767;2.00646;0.159309;9.12774;0.96444;0.882194
-1.82498;-0.0273587;1.82518;-0.163945;-9.39333;0.808696;1.12906
-1.9585;-0.0778624;1.96005;-0.0247451;-1.41779;0.913523;0.934435
-2.0753;-0.0133685;2.07534;0.0332936;1.90758;0.950079;0.906905
-1.98322;0.131605;1.98758;0.0727036;4.16561;0.930922;0.935612
-1.96859;-0.17699;1.97653;-0.155928;-8.93402;0.870346;1.02694
-2.01209;0.0390599;2.01247;0.109076;6.24961;1.07993;0.862647
-2.02346;0.0651176;2.02451;0.01276;0.731096;0.984296;0.931229
-1.97742;0.0892348;1.97944;0.0129259;0.740602;1.00194;0.924132
-1.9948;0.201351;2.00493;0.055501;3.17997;1.02082;0.909711
-1.89844;0.300872;1.92213;0.0565796;3.24177;0.982852;0.930778
-2.11675;0.16433;2.12312;-0.0796991;-4.56642;0.936566;0.964495
-2.03982;0.486891;2.09712;0.156831;8.98577;1.05929;0.868147
-2.1863;0.327458;2.21069;-0.0856373;-4.90666;0.903366;0.989853
-1.87339;0.525084;1.94559;0.124601;7.13914;1.01138;0.890975
-2.14914;0.528353;2.21314;-0.0322102;-1.84551;0.896549;0.996036
-1.97719;0.407782;2.0188;-0.0376713;-2.15841;0.942153;0.951134
-1.939;0.57566;2.02265;0.0852044;4.88185;1.03309;0.894525
-1.9535;0.572027;2.03553;-0.00373812;-0.214179;0.992924;0.946754
-1.88264;0.687808;2.00435;0.0654182;3.74819;1.06306;0.929908
-2.0323;0.753554;2.1675;0.00479797;0.274903;1.04653;0.98656
-1.81122;0.689012;1.93785;0.00843361;0.48321;1.04187;0.997886
-2.12777;0.71491;2.24466;-0.0393674;-2.25558;0.979546;1.01436
-1.87836;0.560821;1.9603;-0.033997;-1.94788;0.899541;0.981134
-1.85676;0.370757;1.89342;-0.0930559;-5.33171;0.857416;0.94655
-1.8803;0.394885;1.92132;0.00991616;0.568154;0.895252;0.866207
-1.86961;0.469162;1.92758;0.0388606;2.22655;0.898137;0.84922
-1.82548;0.518798;1.89777;0.0310337;1.7781;0.881334;0.854189
-1.90767;0.562272;1.9888;0.00972909;0.557436;0.866672;0.863423
-1.94172;0.556023;2.01976;-0.00773431;-0.443143;0.863983;0.864851
-1.77628;0.485938;1.84155;-0.0118561;-0.679303;0.873376;0.856627
-1.92078;0.358878;1.95402;-0.0823265;-4.71696;0.887449;0.845866
-1.7393;0.543237;1.82216;0.11802;6.76205;0.970659;0.796886
-1.89398;0.634966;1.99758;0.0207495;1.18886;0.885766;0.849039
-1.8887;0.632193;1.99169;-0.000477515;-0.0273596;0.862552;0.871137
-1.73695;0.556914;1.82404;-0.0127295;-0.729345;0.847057;0.886085
-1.69504;0.622505;1.80574;0.0416866;2.38847;0.837644;0.89387
-2.0695;0.347659;2.0985;-0.185522;-10.6296;0.801101;0.951774
-2.08174;0.291103;2.102;-0.0275022;-1.57576;0.892224;0.834269
-1.97987;0.645873;2.08256;0.176399;10.1069;0.92118;0.815603
-1.95602;0.461569;2.00974;-0.0836007;-4.78996;0.806844;0.946926
-1.9478;0.409391;1.99036;-0.0245688;-1.40769;0.828293;0.908002
-1.98674;0.300467;2.00933;-0.0570669;-3.26969;0.826778;0.909909
-2.04093;0.294157;2.06202;-0.00695566;-0.39853;0.843373;0.885405
-1.97506;0.107429;1.97798;-0.0888036;-5.08807;0.834201;0.895946
-1.96856;0.044285;1.96906;-0.031847;-1.8247;0.872395;0.849142
-2.01236;0.175931;2.02004;0.0647112;3.70768;0.885673;0.834767
-2.10151;0.186544;2.10977;0.00133097;0.0762589;0.838361;0.885735
-1.98935;0.0474186;1.98991;-0.0647028;-3.7072;0.819011;0.913479
-1.92778;-0.0943982;1.93009;-0.0727599;-4.16884;0.833232;0.890359
-1.99967;-0.0874006;2.00158;0.00524849;0.300716;0.865275;0.855096
-1.99421;-0.467269;2.04822;-0.186481;-10.6846;0.861364;0.862558
-2.0177;-0.25276;2.03347;0.105539;6.04693;1.0075;0.773813
-2.00953;0.214024;2.0209;0.230727;13.2197;0.949992;0.797854
-2.07295;0.433844;2.11787;0.100205;5.74135;0.815656;0.940586
-2.10364;-0.0461365;2.10414;-0.228238;-13.0771;0.761805;1.07152
-2.07318;-0.0455013;2.07368;-1.58316e-05;-0.000907082;0.812902;0.924466
-2.17988;-0.323692;2.20379;-0.125469;-7.18886;0.801432;0.922969
-1.79153;-0.219483;1.80493;0.0255096;1.46159;0.8349;0.836175
-1.8515;-0.241941;1.86724;-0.00803329;-0.460273;0.807258;0.819428
-1.97623;-0.254162;1.9925;0.00202964;0.11629;0.805345;0.796881
-1.73947;-0.402708;1.78548;-0.0995964;-5.70645;0.81431;0.783263
-2.03055;-0.184553;2.03892;0.136864;7.84176;0.882225;0.750563
-1.96012;0.281931;1.98029;0.233493;13.3782;0.839397;0.765868
-1.99219;0.188051;2.00105;-0.0487389;-2.79253;0.761794;0.845044
-1.77942;0.106398;1.7826;-0.0343923;-1.97053;0.766454;0.836266
-1.88464;0.34724;1.91636;0.122482;7.01768;0.771816;0.82772
-1.95208;0.188279;1.96114;-0.0860512;-4.93037;0.739912;0.890022
-2.24275;-0.0603929;2.24356;-0.123075;-7.05165;0.748676;0.859567
-2.00759;-0.173753;2.0151;-0.0594113;-3.40402;0.779494;0.806597
-2.07869;-0.0959738;2.0809;0.0401953;2.30302;0.803743;0.773053
-1.91532;0.0480379;1.91592;0.0712133;4.08022;0.788408;0.755204
-1.9924;-0.00306738;1.99241;-0.0266152;-1.52494;0.763458;0.742544
-1.9079;0.0268696;1.90808;0.015622;0.895075;0.76541;0.72747
-2.05702;-0.183101;2.06515;-0.102861;-5.89353;0.762402;0.726534
-2.0012;-0.10433;2.00392;0.0366925;2.10233;0.789317;0.715887
-2.0057;0.0340959;2.00599;0.0690843;3.95824;0.784646;0.717816
-1.98482;0.127565;1.98892;0.0471843;2.70346;0.768822;0.725635
-1.8584;0.388336;1.89854;0.141816;8.12547;0.755249;0.735492
-2.03524;0.40141;2.07445;-0.0112678;-0.645598;0.728794;0.771573
-2.01034;0.327314;2.03681;-0.0333313;-1.90974;0.719524;0.771763
-1.99631;0.276419;2.01536;-0.023809;-1.36416;0.711259;0.755126
-1.91542;0.278257;1.93553;0.00667251;0.382306;0.704914;0.742088
-1.94441;0.256223;1.96121;-0.0132431;-0.758776;0.702026;0.741145
-1.83316;0.305051;1.85837;0.0338768;1.941;0.701099;0.744103
-1.99901;0.25996;2.01585;-0.0355781;-2.03848;0.700541;0.750929
-2.19439;0.264682;2.21029;-0.00928044;-0.53173;0.700335;0.753389
-1.98759;0.212893;1.99896;-0.0133335;-0.763956;0.700172;0.755295
-1.97519;0.148085;1.98073;-0.0318717;-1.82612;0.700093;0.754403
-2.02502;0.117295;2.02841;-0.0169742;-0.972548;0.700055;0.752122
-1.86548;0.0466525;1.86606;-0.0328551;-1.88246;0.700029;0.747955
-1.8497;0.00639167;1.84971;-0.0215477;-1.23459;0.700017;0.744389
-1.97573;-0.0274171;1.97592;-0.0173315;-0.993024;0.70001;0.737928
-2.02945;-0.0750264;2.03083;-0.023076;-1.32216;0.700005;0.724265
-2.04973;-0.130226;2.05387;-0.0264957;-1.51809;0.700002;0.708282
-1.94171;-0.199331;1.95192;-0.038851;-2.226;0.7;0.701073
-2.03807;-0.325587;2.06391;-0.0561151;-3.21516;0.7;0.700052
-2.02316;-0.315109;2.04756;0.00390475;0.223726;0.7;0.700001
-1.91545;-0.339492;1.9453;-0.0209081;-1.19795;0.7;0.7
-2.00677;-0.320403;2.03219;0.0170926;0.979332;0.7;0.7
-1.8308;-0.367135;1.86725;-0.0395826;-2.26791;0.7;0.7
-1.96829;-0.40429;2.00938;-0.00467679;-0.26796;0.700008;0.700004
-1.92164;-0.309581;1.94642;0.0428545;2.45538;0.700095;0.700055
-2.14996;-0.36679;2.18102;-0.00924682;-0.529804;0.700622;0.700643
-2.19788;-0.358553;2.22694;0.00726505;0.416257;0.704293;0.704118
-1.79886;-0.630168;1.90604;-0.175245;-10.0408;0.717265;0.717374
-1.85447;-0.597667;1.9484;0.025182;1.44282;0.747168;0.723561
-2.05576;-0.645132;2.15461;0.00768933;0.440566;0.759915;0.746124
-2.00554;-0.613197;2.09719;0.00735995;0.421694;0.751633;0.758215
-1.89958;-0.615547;1.99682;-0.0166426;-0.953552;0.728609;0.747144
-1.8862;-0.709435;2.01521;-0.0463832;-2.65756;0.709975;0.727755
-1.88084;-0.724227;2.01546;-0.00780598;-0.44725;0.701925;0.713534
-1.98707;-0.739504;2.12022;0.0112801;0.646304;0.70027;0.704269
-1.94684;-0.685467;2.06399;0.0177395;1.0164;0.700024;0.700768
-1.89043;-0.658751;2.00192;0.00322957;0.185041;0.700002;0.700089
-1.91103;-0.68351;2.02959;-0.00817956;-0.468654;0.7;0.700008
-1.83393;-0.662744;1.95001;-0.00328845;-0.188414;0.7;0.700001
-1.87795;-0.681717;1.99786;-0.00144373;-0.0827195;0.7;0.7
-1.83209;-0.643411;1.94179;0.0104853;0.600766;0.7;0.7
-1.88174;-0.676889;1.99978;-0.00756975;-0.433715;0.7;0.7
-1.74191;-0.737594;1.89164;-0.0552454;-3.16533;0.7;0.7
-1.86616;-0.669217;1.98252;0.056227;3.22157;0.7;0.7
-1.91223;-0.699075;2.036;-0.0061665;-0.353314;0.7;0.7
-1.88606;-0.689798;2.00824;-0.000134929;-0.00773083;0.7;0.7
-1.65119;-0.622215;1.76453;-0.00974957;-0.558609;0.7;0.7
-1.7208;-0.759613;1.881;-0.0553314;-3.17026;0.7;0.7
-1.80756;-0.804964;1.9787;-0.00325976;-0.186771;0.7;0.7
-1.8624;-0.777519;2.01818;0.0234782;1.3452;0.7;0.7
-1.81262;-0.839321;1.99751;-0.0381615;-2.18649;0.7;0.7
-1.86583;-0.715547;1.99833;0.0674451;3.86432;0.7;0.7
-2.07718;-0.826088;2.23542;-0.0123163;-0.705674;0.7;0.7
-2.17325;-0.592924;2.25268;0.112172;6.427;0.7;0.7
-1.91211;-0.51536;1.98035;0.00307837;0.176377;0.7;0.7
-1.9846;-0.486668;2.0434;0.0227907;1.30581;0.7;0.7
-2.07043;-0.537969;2.13918;-0.013736;-0.787016;0.7;0.7
-1.92418;-0.494809;1.98679;0.00251381;0.144031;0.7;0.7
-2.03232;-0.515803;2.09676;0.00314764;0.180347;0.7;0.7
-2.22068;-0.619479;2.30547;-0.0234912;-1.34595;0.7;0.7
-1.90011;-0.515243;1.96873;0.00724619;0.415176;0.7;0.7
-1.83747;-0.563882;1.92204;-0.0329599;-1.88846;0.7;0.7
-1.88038;-0.574779;1.96626;0.00110393;0.0632503;0.7;0.7
-1.95768;-0.62962;2.05643;-0.0145151;-0.831652;0.7;0.7
-1.80372;-0.657556;1.91984;-0.0384147;-2.201;0.7;0.7
-1.91679;-0.698368;2.04005;0.000187713;0.0107552;0.7;0.7
-2.01132;-0.679074;2.12286;0.0237852;1.36279;0.7;0.7
-1.93818;-0.611717;2.03242;0.0198899;1.13961;0.7;0.7
-1.91965;-0.686456;2.0387;-0.0377045;-2.16031;0.7;0.7
-1.80371;-0.611431;1.90452;0.0165954;0.950845;0.7;0.7
-1.8038;-0.722584;1.94314;-0.054187;-3.10468;0.7;0.7
-1.9963;-0.499526;2.05785;0.135825;7.78218;0.7;0.7
-1.8855;-0.459028;1.94057;0.00638443;0.365801;0.7;0.7
-2.0572;-0.593831;2.14119;-0.0422144;-2.41871;0.7;0.7
-2.08908;-0.533443;2.15611;0.0310145;1.777;0.7;0.7
-1.8525;-0.507119;1.92066;-0.0171962;-0.985268;0.7;0.7
-1.74604;-0.315083;1.77424;0.0886678;5.08029;0.7;0.7
-1.71238;-0.427904;1.76504;-0.0663387;-3.80093;0.7;0.7
-1.97463;-0.442135;2.02353;0.0245994;1.40944;0.7;0.7
-1.98526;-0.404936;2.02613;0.0190625;1.0922;0.7;0.7
-2.06645;-0.483805;2.12233;-0.0287705;-1.64843;0.7;0.7
-1.9237;-0.407843;1.96646;0.0210655;1.20696;0.7;0.7
-2.01116;-0.253634;2.02709;0.083466;4.78225;0.7;0.7
-1.77557;-0.437802;1.82874;-0.116298;-6.66337;0.7;0.7
-1.93775;-0.437085;1.98644;0.0198981;1.14007;0.7;0.7
-1.96017;-0.502625;2.02358;-0.0291607;-1.67079;0.7;0.7
-1.93764;-0.492085;1.99915;0.00230746;0.132208;0.7;0.7
-1.96702;-0.511797;2.03251;-0.00584166;-0.334703;0.7;0.7
-1.86095;-0.290014;1.88341;0.0999463;5.7265;0.7;0.7
-1.99738;-0.264991;2.01488;0.0226995;1.30059;0.7;0.7
-1.96;-0.170858;1.96743;0.0449464;2.57524;0.7;0.7
-2.05745;-0.117059;2.06078;0.0301194;1.72571;0.7;0.7
-1.97519;-0.0634478;1.97621;0.0247222;1.41648;0.7;0.7
-2.18509;0.0421768;2.1855;0.051411;2.94563;0.7;0.7
-1.9567;0.0346687;1.95701;-0.0015836;-0.0907335;0.7;0.7
-2.03876;-0.145679;2.04396;-0.0890497;-5.10217;0.7;0.7
-1.76861;-0.165615;1.77635;-0.0220353;-1.26253;0.7;0.7
-1.96748;-0.138224;1.97233;0.02323;1.33098;0.7;0.7
-2.02841;-0.13435;2.03285;0.00400143;0.229265;0.7;0.7
-1.83242;-0.174543;1.84071;-0.0288291;-1.65178;0.7;0.7
-2.04843;-0.427041;2.09247;-0.110562;-6.33475;0.7;0.7
-2.02306;-0.316219;2.04763;0.0504759;2.89206;0.7;0.7
-1.99723;-0.307887;2.02082;0.00209981;0.12031;0.7;0.7
-2.01098;-0.310226;2.03476;-0.000106883;-0.00612397;0.7;0.7
-2.15958;-0.131111;2.16355;0.092423;5.29545;0.7;0.7
-2.02746;-0.111663;2.03054;0.00561707;0.321834;0.7;0.7
-1.88493;0.179908;1.8935;0.150177;8.6045;0.7;0.7
-1.83579;0.301062;1.86031;0.0673921;3.86128;0.7;0.700006
-1.98236;0.300987;2.00508;-0.0118671;-0.679934;0.7;0.700083
-1.98923;0.275482;2.00822;-0.0130707;-0.748894;0.7;0.700951
-2.26401;0.299453;2.28373;-0.00610808;-0.349967;0.7;0.707251
-1.95164;0.177887;1.95973;-0.0406072;-2.32662;0.700001;0.741479
-2.1249;0.00919756;2.12492;-0.0865677;-4.95996;0.700071;0.809323
-1.94375;-0.212208;1.95529;-0.113072;-6.47857;0.704579;0.873854
-2.00173;-0.349659;2.03204;-0.06419;-3.67781;0.767751;0.85964
-2.10571;-0.307238;2.12801;0.0280492;1.6071;0.877754;0.782723
-2.02314;-0.062262;2.0241;0.114119;6.53857;0.862463;0.717457
-1.98284;0.0627539;1.98383;0.0624031;3.57543;0.817512;0.702925
-1.95919;0.0797711;1.96082;0.00905587;0.518863;0.757682;0.702441
-2.03237;0.187634;2.04101;0.0513679;2.94317;0.713389;0.705566
-2.20096;0.339113;2.22693;0.0608108;3.4842;0.70282;0.713054
-2.04812;0.164157;2.05469;-0.0728934;-4.17649;0.700542;0.727569
-1.93084;0.000371395;1.93084;-0.0797868;-4.57145;0.700387;0.748319
-2.03007;-0.118277;2.03351;-0.0583891;-3.34545;0.702997;0.765435
-2.01423;-0.203746;2.02451;-0.0426135;-2.44157;0.715048;0.769323
-1.98948;-0.218232;2.00141;-0.00844613;-0.483927;0.739899;0.754564
-1.99993;-0.375381;2.03486;-0.0762815;-4.37061;0.759574;0.730693
-1.92143;-0.157063;1.92784;0.103976;5.95741;0.755095;0.712774
-1.85821;0.0155199;1.85828;0.0899133;5.15165;0.742984;0.703079
-2.02709;-0.0170412;2.02716;-0.0167584;-0.960187;0.730349;0.700605
-1.86033;-0.00227404;1.86034;0.00718416;0.411622;0.711226;0.700089
-2.07966;0.0549241;2.08039;0.0276263;1.58287;0.703526;0.700011
-1.99213;-0.187668;2.00095;-0.120331;-6.89448;0.700806;0.700001
-1.98445;-0.175232;1.99217;0.00585333;0.335371;0.700037;0.7
-1.90581;-0.140224;1.91097;0.0146297;0.838221;0.700004;0.7
-1.98079;-0.160046;1.98724;-0.00717992;-0.411379;0.700001;0.7
-2.00509;-0.0887702;2.00705;0.0363807;2.08446;0.700001;0.7
-1.83616;-0.0317347;1.83644;0.0269621;1.54482;0.700004;0.7
-1.99998;-0.0410069;2.0004;-0.00321932;-0.184453;0.700013;0.7
-2.33182;-0.187781;2.33937;-0.0598557;-3.42948;0.700036;0.7
-1.99859;-0.246632;2.01375;-0.0424258;-2.43082;0.700091;0.7
-1.8262;-0.23348;1.84106;-0.00437812;-0.250848;0.700198;0.7
-2.24798;-0.231037;2.25982;0.0247442;1.41774;0.700441;0.7
-1.98335;-0.202913;1.9937;0.000462933;0.0265241;0.701262;0.7
-1.98334;-0.172754;1.99085;0.0150698;0.863439;0.702821;0.7
-2.09651;0.0784074;2.09797;0.124265;7.11986;0.706084;0.7
-2.03446;0.0694177;2.03564;-0.00327394;-0.187583;0.714764;0.700006
-1.99114;0.108878;1.99411;0.0205192;1.17566;0.726535;0.700038
-1.88815;0.0925215;1.89041;-0.00566484;-0.324571;0.740633;0.700252
-2.07384;0.0803904;2.07539;-0.0102174;-0.585412;0.751498;0.700954
-1.93856;0.12512;1.94259;0.0257087;1.473;0.755188;0.703071
-1.90776;0.154973;1.91405;0.0166015;0.951197;0.74834;0.707848
-1.97582;0.117266;1.9793;-0.0217739;-1.24755;0.734316;0.710768
-1.92678;0.135293;1.93153;0.010821;0.619997;0.718193;0.706052
-2.02424;0.180299;2.03225;0.0187337;1.07336;0.706586;0.701476
-1.87821;0.260116;1.89614;0.0487801;2.79489;0.701254;0.70012
-2.18398;0.15019;2.18914;-0.0689549;-3.95082;0.700143;0.700004
-1.87884;0.112882;1.88223;-0.00865239;-0.495746;0.700003;0.7
-1.99786;0.120273;2.00147;0.000119977;0.00687416;0.7;0.7
-1.92634;0.446628;1.97743;0.1677;9.60849;0.7;0.7
-1.91002;0.44492;1.96115;0.00103122;0.0590846;0.7;0.7
-1.94145;0.438258;1.9903;-0.00684363;-0.392111;0.7;0.7
-1.93236;0.429474;1.97951;-0.00331713;-0.190058;0.7;0.7
-1.92341;0.397089;1.96397;-0.015108;-0.865623;0.7;0.7
-2.10601;0.541472;2.1745;0.0480671;2.75404;0.7;0.7
-1.97816;0.492749;2.03861;-0.00753183;-0.431542;0.7;0.7
-1.80717;0.381294;1.84696;-0.0361863;-2.07332;0.7;0.7
-1.90369;0.355074;1.93652;-0.0235394;-1.34871;0.7;0.7
-1.95617;0.263218;1.9738;-0.0506457;-2.90179;0.7;0.7
-1.89902;0.292197;1.92136;0.0189158;1.08379;0.7;0.7
-1.87434;0.317666;1.90107;0.0152159;0.871807;0.7;0.7
-1.99137;0.424552;2.03613;0.0421645;2.41585;0.7;0.7
-1.83399;0.506111;1.90254;0.0592095;3.39246;0.7;0.7
-1.97502;0.335674;2.00334;-0.100909;-5.78165;0.7;0.7
-1.83041;0.256274;1.84827;-0.0292471;-1.67573;0.7;0.7
-2.07593;0.191258;2.08472;-0.0472325;-2.70622;0.7;0.7
-2.07209;0.156179;2.07797;-0.0166416;-0.953492;0.7;0.7
-1.97446;0.0967683;1.97683;-0.0262594;-1.50455;0.7;0.7
-2.01335;-0.104013;2.01604;-0.100587;-5.76318;0.7;0.7
-1.99742;-0.102232;2.00004;0.000478391;0.0274098;0.7;0.7
-2.02842;0.00972683;2.02845;0.0559325;3.20469;0.7;0.7
-1.95008;-0.0092027;1.9501;-0.00951434;-0.545132;0.7;0.7
-2.00405;-0.00409634;2.00406;0.00267509;0.153271;0.7;0.7
-1.93934;-0.0664571;1.94047;-0.0322105;-1.84553;0.7;0.7
-1.87604;-0.158985;1.88276;-0.0502885;-2.88132;0.7;0.7
-2.04394;-0.231656;2.05703;-0.0283133;-1.62223;0.7;0.7
-2.08101;-0.249701;2.09594;-0.00656262;-0.37601;0.7;0.7
-2.0082;-0.170573;2.01543;0.0346842;1.98726;0.7;0.7
-2.00248;-0.132489;2.00686;0.0186686;1.06963;0.7;0.7
-2.06509;-0.299611;2.08671;-0.0780127;-4.4698;0.7;0.7
-1.93064;-0.138387;1.93559;0.0725216;4.15518;0.7;0.7
-1.98836;-0.175881;1.99613;-0.0166685;-0.955036;0.7;0.7
-1.92863;-0.294176;1.95094;-0.0631389;-3.61759;0.7;0.7
-1.91556;-0.318803;1.94191;-0.0135517;-0.776453;0.7;0.7
-2.04629;-0.398128;2.08466;-0.0272444;-1.56099;0.7;0.7
-1.93846;-0.42889;1.98534;-0.0255841;-1.46586;0.7;0.7
-1.96396;-0.418297;2.00801;0.00789407;0.452297;0.7;0.7
-1.79498;-0.314856;1.82238;0.036208;2.07456;0.7;0.7
-1.97009;-0.342831;1.99969;0.00134959;0.0773258;0.7;0.7
-2.03249;-0.0756614;2.0339;0.135084;7.73977;0.7;0.7
-2.01535;-0.066142;2.01644;0.00440146;0.252185;0.7;0.7
-1.83886;-0.281895;1.86034;-0.119307;-6.83581;0.7;0.7
-1.94369;-0.325193;1.97071;-0.0136565;-0.782462;0.7;0.7
-1.92642;-0.405042;1.96854;-0.0414661;-2.37583;0.7;0.7
-1.94263;-0.417661;1.98702;-0.00453693;-0.259947;0.7;0.7
-2.02172;-0.531486;2.09041;-0.045297;-2.59532;0.7;0.7
-1.89615;-0.467732;1.95299;0.0152254;0.872351;0.7;0.7
-1.96882;-0.471618;2.02452;0.00673259;0.385749;0.7;0.7
-2.13437;-0.25828;2.14994;0.114689;6.57119;0.7;0.7
-1.97982;-0.239774;1.99429;-9.76163e-05;-0.005593;0.7;0.7
-2.17122;-0.110377;2.17402;0.0697292;3.99519;0.7;0.7
-2.12065;-0.0894673;2.12254;0.00862915;0.494414;0.7;0.7
-1.86617;-0.181597;1.87499;-0.054841;-3.14216;0.7;0.7
-2.0544;-0.358915;2.08552;-0.0759554;-4.35192;0.7;0.7
-1.93176;-0.357945;1.96464;-0.0102567;-0.587668;0.7;0.7
-1.8363;-0.418046;1.88329;-0.0406251;-2.32765;0.7;0.7
-1.91697;-0.422738;1.96303;0.0067913;0.389113;0.7;0.7
-2.01092;-0.463438;2.06363;-0.00945597;-0.541787;0.7;0.7
-1.96652;-0.591081;2.05343;-0.0654744;-3.75141;0.7;0.7
-2.00813;-0.298264;2.03015;0.14453;8.28097;0.7;0.7
-1.92684;-0.373959;1.96279;-0.0442455;-2.53508;0.7;0.7
-1.90765;-0.328653;1.93575;0.0210895;1.20834;0.7;0.7
-2.12443;-0.369794;2.15637;-0.00173403;-0.0993524;0.7;0.7
-2.10201;-0.573769;2.17891;-0.0941299;-5.39325;0.7;0.7
-1.93521;-0.488781;1.99599;0.0190724;1.09277;0.7;0.7
-1.92583;-0.476262;1.98385;0.00496065;0.284225;0.7;0.7
-1.58275;-0.688437;1.72599;-0.167842;-9.61664;0.7;0.7
-2.02674;-0.960906;2.24299;-0.032445;-1.85896;0.7;0.7
-1.71378;-0.752029;1.87152;0.0292133;1.6738;0.7;0.7
-1.7152;-0.710284;1.85645;0.0208998;1.19747;0.7;0.7
-1.7734;-0.705446;1.90856;0.0140097;0.802697;0.7;0.7
-1.85705;-0.716397;1.99044;0.010421;0.597081;0.7;0.7
-1.82262;-0.717072;1.95861;-0.00664739;-0.380868;0.7;0.7
-1.71123;-0.76309;1.87367;-0.0446361;-2.55746;0.7;0.7
-1.7563;-0.999353;2.02072;-0.0978562;-5.60675;0.7;0.7
-1.51083;-1.06073;1.84601;-0.0948037;-5.43185;0.7;0.7
-1.69438;-1.18148;2.06562;0.00321647;0.18429;0.7;0.7
-1.61351;-1.21791;2.02157;-0.037671;-2.15839;0.7;0.7
-1.59783;-1.21948;2.01002;-0.00532198;-0.304927;0.7;0.7
-1.23414;-1.25405;1.75947;-0.141503;-8.10751;0.7;0.7
-1.39648;-1.67659;2.182;-0.0828952;-4.74954;0.7;0.7
-1.26779;-1.56762;2.01612;-0.0144528;-0.828087;0.7;0.7
-1.32918;-1.42805;1.95091;0.0695097;3.98261;0.7;0.7
-1.24809;-1.4447;1.90915;-0.0370418;-2.12234;0.7;0.7
-1.33229;-1.51822;2.0199;0.00775056;0.444075;0.7;0.7
-1.29296;-1.48663;1.97023;-0.00442695;-0.253646;0.7;0.7
-1.34664;-1.55949;2.06045;-0.0035497;-0.203383;0.7;0.7
-1.26016;-1.37091;1.8621;0.0310436;1.77867;0.7;0.7
-1.38776;-1.56056;2.08835;-0.0164764;-0.944027;0.7;0.7
-1.3324;-1.50131;2.00729;-0.00099286;-0.0568867;0.7;0.7
-1.32892;-1.41073;1.93809;0.0296849;1.70082;0.7;0.7
-1.51365;-1.53803;2.15793;0.0218657;1.25281;0.7;0.7
-1.47279;-1.56043;2.14571;-0.0208981;-1.19737;0.7;0.7
-1.41723;-1.39557;1.98901;0.0365862;2.09624;0.7;0.7
-1.4261;-1.40552;2.00231;-0.000431724;-0.024736;0.7;0.7
-1.41264;-1.40296;1.99094;-0.0038308;-0.219488;0.7;0.7
-1.42196;-1.45098;2.03158;-0.0135413;-0.775859;0.7;0.7
-1.34654;-1.56769;2.0666;-0.0656387;-3.76082;0.7;0.7
-1.30938;-1.55091;2.02972;-0.00850142;-0.487095;0.7;0.7
-1.38326;-1.56748;2.09055;0.0218893;1.25416;0.7;0.7
-1.29521;-1.53093;2.00532;-0.0208595;-1.19516;0.7;0.7
-1.29983;-1.51579;1.9968;0.00666109;0.381652;0.7;0.7
-1.24319;-1.48201;1.93439;-0.0108598;-0.62222;0.7;0.7
-1.37165;-1.34181;1.91883;0.0984077;5.63835;0.7;0.7
-1.42439;-1.39544;1.99403;-0.000727403;-0.0416771;0.7;0.7
-1.51429;-1.46524;2.10713;0.00618991;0.354656;0.7;0.7
-1.45304;-1.35104;1.9841;0.0198984;1.14009;0.7;0.7
-1.62175;-1.47315;2.19095;0.011623;0.665946;0.7;0.7
-1.50667;-1.33111;2.01045;0.0138036;0.790889;0.7;0.7
-1.6415;-1.39257;2.15262;0.0200746;1.15019;0.7;0.7
-1.49979;-1.28646;1.97594;-0.00544178;-0.311791;0.7;0.7
-1.55428;-1.49085;2.1537;-0.0555907;-3.18511;0.7;0.7
-1.45796;-1.41146;2.02925;-0.00462117;-0.264773;0.7;0.7
-1.35024;-1.49457;2.01417;-0.0668927;-3.83267;0.7;0.7
-1.38016;-1.33475;1.92;0.0674141;3.86254;0.7;0.7
-1.41384;-1.62722;2.15565;-0.0867774;-4.97198;0.7;0.7
-1.18492;-1.5523;1.95286;-0.0633664;-3.63063;0.7;0.7
-1.21579;-1.52733;1.95214;0.0203298;1.16481;0.7;0.7
-1.17334;-1.6202;2.00044;-0.0455298;-2.60867;0.7;0.7
-1.19491;-1.59359;1.99182;0.0166097;0.951666;0.7;0.7
-1.17704;-1.59484;1.98215;-0.00759543;-0.435186;0.7;0.7
-1.23616;-1.62953;2.04535;0.0131854;0.755467;0.7;0.7
-1.08473;-1.52394;1.87057;-0.0303845;-1.74091;0.7;0.7
-1.15903;-1.65922;2.02395;-0.00885067;-0.507106;0.7;0.7
-1.12379;-1.64013;1.9882;-0.00903237;-0.517517;0.7;0.7
-1.07857;-1.66541;1.98416;-0.0260062;-1.49005;0.7;0.7
-1.06601;-1.70861;2.01388;-0.0168953;-0.96803;0.7;0.7
-1.07234;-1.70338;2.01281;0.00404294;0.231643;0.7;0.7
-0.875115;-1.75747;1.96329;-0.0998549;-5.72126;0.7;0.7
-0.845705;-1.57884;1.79107;0.0297606;1.70516;0.7;0.7
-0.778758;-1.81554;1.97551;-0.0865569;-4.95934;0.7;0.7
-1.00145;-1.72404;1.9938;0.121034;6.93475;0.7;0.7
-1.00449;-1.74009;2.00921;-0.00270563;-0.155021;0.7;0.7
-0.925275;-1.47323;1.7397;0.037264;2.13507;0.7;0.7
-1.08747;-1.68684;2.00699;0.0118311;0.677875;0.7;0.7
-0.984001;-1.63263;1.90623;-0.0302166;-1.73128;0.7;0.7
-1.44894;-1.74127;2.26528;0.15161;8.68662;0.7;0.7
-1.25698;-1.5637;2.00628;-0.016936;-0.970363;0.7;0.7
-1.3479;-1.69933;2.169;-0.00650417;-0.372661;0.7;0.7
-1.23919;-1.57658;2.00529;-0.00443533;-0.254126;0.7;0.7
-1.05895;-1.5758;1.89856;-0.0744532;-4.26585;0.7;0.7
-1.06024;-1.62096;1.93691;-0.012452;-0.713444;0.7;0.7
-1.03334;-1.70187;1.99102;-0.0335586;-1.92276;0.7;0.7
-1.19154;-1.67523;2.05577;0.0725681;4.15785;0.7;0.7
-1.48974;-1.72113;2.27631;0.0952087;5.45505;0.7;0.7
-1.05092;-1.69996;1.99857;-0.159764;-9.15378;0.7;0.7
-0.945093;-1.63914;1.89209;-0.0306757;-1.75759;0.7;0.7
-0.776119;-1.66816;1.83987;-0.0875504;-5.01627;0.7;0.7
-1.02086;-2.00338;2.24849;0.0358042;2.05143;0.7;0.7
-0.703825;-1.85157;1.98083;-0.108017;-6.18893;0.7;0.7
-0.709776;-1.86882;1.99906;-0.000283208;-0.0162266;0.7;0.7
-0.462759;-1.50872;1.57809;-0.0653588;-3.74478;0.7;0.7
-0.57391;-1.96162;2.04385;-0.0129868;-0.74409;0.7;0.7
-0.51128;-1.92596;1.99267;-0.0251443;-1.44066;0.7;0.7
-0.636225;-1.94496;2.04637;0.0566618;3.24648;0.7;0.7
-0.606421;-1.94986;2.04198;-0.0146189;-0.837599;0.7;0.7
-0.318678;-1.91253;1.9389;-0.136415;-7.81603;0.7;0.7
-0.24493;-2.0723;2.08672;-0.0474626;-2.7194;0.7;0.7
-0.412336;-2.06125;2.10209;0.0797885;4.57154;0.7;0.7
-0.316709;-1.97905;2.00423;-0.0387505;-2.22024;0.7;0.7
-0.284518;-1.89556;1.91679;-0.00969948;-0.555739;0.7;0.7
-0.319506;-1.92986;1.95613;0.0150856;0.864342;0.7;0.7
-0.177149;-1.67405;1.6834;-0.0586426;-3.35997;0.7;0.7
-0.241678;-1.90639;1.92165;0.0206712;1.18437;0.7;0.7
-0.274524;-2.05019;2.06849;0.00701038;0.401665;0.7;0.7
-0.258935;-1.9568;1.97385;-0.00154814;-0.0887017;0.7;0.7
-0.268138;-1.99436;2.0123;0.00208535;0.119482;0.7;0.7
-0.214699;-2.16816;2.17876;-0.0349452;-2.00221;0.7;0.7
-0.155306;-1.94872;1.9549;-0.0191737;-1.09857;0.7;0.7
-0.0427092;-1.89736;1.89784;-0.0570222;-3.26713;0.7;0.7
0.168254;-1.97281;1.97997;-0.107587;-6.16426;0.7;0.7
0.0777382;-1.96767;1.9692;0.0455932;2.6123;0.7;0.7
0.0874723;-2.01759;2.01948;-0.00384045;-0.220042;0.7;0.7
0.238541;-1.99916;2.01334;-0.0754316;-4.32191;0.7;0.7
0.327346;-2.03617;2.06231;-0.0406423;-2.32863;0.7;0.7
0.0487662;-2.02449;2.02508;0.135318;7.75316;0.7;0.7
0.0386726;-2.03328;2.03365;0.00506595;0.290258;0.7;0.7
-0.0641193;-2.08323;2.08421;0.0497866;2.85256;0.7;0.7
-0.0656486;-2.00967;2.01075;0.00188556;0.108034;0.7;0.7
-0.0655647;-1.97118;1.97227;0.000594723;0.0340751;0.7;0.7
-0.146437;-1.99356;1.99893;0.0400738;2.29606;0.7;0.7
-0.150314;-2.15067;2.15592;-0.0035448;-0.203102;0.7;0.7
-0.326162;-1.88374;1.91176;0.101668;5.82516;0.7;0.7
-0.257781;-2.08943;2.10527;-0.0486931;-2.78991;0.7;0.7
-0.397007;-2.15477;2.19103;0.0594492;3.40619;0.7;0.7
-0.3097;-2.0154;2.03906;-0.029729;-1.70335;0.7;0.7
-0.310321;-2.00687;2.03072;0.000940757;0.0539014;0.7;0.7
-0.257432;-1.98595;2.00256;-0.0245064;-1.40411;0.7;0.7
-0.00719757;-2.26977;2.26978;-0.125737;-7.20421;0.7;0.7
-0.108965;-2.05669;2.05958;0.04976;2.85104;0.7;0.7
-0.24678;-2.07697;2.09158;0.0653319;3.74324;0.7;0.7
-0.0602091;-2.1217;2.12255;-0.0898928;-5.15048;0.7;0.7
-0.0278294;-2.01863;2.01882;-0.0145848;-0.835646;0.7;0.7
-0.0318534;-1.99384;1.9941;0.00218909;0.125426;0.7;0.7
-0.0705344;-2.11358;2.11476;0.0173851;0.996094;0.7;0.7
-0.227769;-2.11555;2.12777;0.0738917;4.23368;0.7;0.7
-0.321104;-1.88808;1.91519;0.0612056;3.50683;0.7;0.7
-0.241631;-2.01955;2.03396;-0.0493774;-2.82911;0.7;0.7
-0.180614;-2.00204;2.01017;-0.0291081;-1.66777;0.7;0.7
-0.31729;-1.80395;1.83164;0.0841339;4.82052;0.7;0.7
-0.317848;-1.96928;1.99476;-0.0140817;-0.806824;0.7;0.7
-0.178805;-1.99094;1.99896;-0.0704548;-4.03676;0.7;0.7
-0.175644;-1.95573;1.9636;1.29672e-06;7.42965e-05;0.7;0.7
-0.186525;-1.91968;1.92872;0.00729029;0.417703;0.7;0.7
-0.0445061;-1.92859;1.9291;-0.0737875;-4.22771;0.7;0.7
-0.0647045;-1.82391;1.82506;0.0123879;0.709776;0.7;0.7
0.0373352;-2.12059;2.12092;-0.053065;-3.0404;0.7;0.7
0.158385;-1.85569;1.86243;-0.0675404;-3.86978;0.7;0.7
0.317341;-2.20856;2.23125;-0.0575652;-3.29824;0.7;0.7
0.196864;-1.92565;1.93569;0.0408316;2.33948;0.7;0.7
0.24866;-1.98112;1.99666;-0.022984;-1.31688;0.7;0.7
0.361018;-2.15719;2.18719;-0.0409567;-2.34665;0.7;0.7
0.375815;-1.99044;2.02561;-0.0207944;-1.19143;0.7;0.7
0.41879;-1.99941;2.0428;-0.0198583;-1.1378;0.7;0.7
0.428762;-1.97459;2.0206;-0.00734926;-0.421082;0.7;0.7
0.331752;-1.73713;1.76853;0.0251164;1.43907;0.7;0.7
0.426683;-1.9525;1.99858;-0.0264446;-1.51516;0.7;0.7
0.607148;-1.82276;1.92122;-0.106384;-6.09538;0.7;0.7
0.611442;-1.93475;2.02907;0.0154352;0.884373;0.7;0.7
0.614647;-1.97788;2.07118;0.00479879;0.27495;0.7;0.7
0.399547;-2.10597;2.14354;0.113807;6.52063;0.7;0.7
0.378781;-1.96011;1.99637;-0.00339883;-0.194739;0.7;0.7
0.161258;-1.92386;1.93061;0.107267;6.14596;0.7;0.7
0.166554;-2.00936;2.01625;0.000924171;0.0529511;0.7;0.7
0.159124;-2.24019;2.24584;0.0117879;0.675395;0.7;0.7
0.172764;-2.03096;2.03829;-0.0139488;-0.799208;0.7;0.7
0.0953665;-1.94836;1.95069;0.0359529;2.05995;0.7;0.7
0.118786;-2.02365;2.02714;-0.00972352;-0.557117;0.7;0.7
0.320933;-1.92929;1.9558;-0.106207;-6.08522;0.7;0.7
0.345993;-1.96859;1.99877;-0.00914069;-0.523723;0.7;0.7
0.339943;-2.04622;2.07427;0.00935103;0.535775;0.7;0.7
0.338619;-1.9795;2.00826;-0.00479439;-0.274698;0.7;0.7
0.458445;-2.05987;2.11027;-0.0495683;-2.84005;0.7;0.7
0.33083;-1.96818;1.9958;0.0524589;3.00568;0.7;0.7
0.353812;-1.94504;1.97696;-0.0134053;-0.768065;0.7;0.7
0.395498;-1.68951;1.73518;-0.0500126;-2.86551;0.7;0.7
0.432707;-1.92235;1.97045;0.00854743;0.489732;0.7;0.7
0.451256;-1.94539;1.99704;-0.00652866;-0.374064;0.7;0.7
0.550925;-1.89047;1.96911;-0.0556373;-3.18778;0.7;0.7
0.55679;-2.03627;2.11102;0.0166569;0.954371;0.7;0.7
0.536674;-1.91622;1.98996;-0.00616072;-0.352983;0.7;0.7
0.614379;-1.9218;2.01761;-0.0363492;-2.08266;0.7;0.7
0.606814;-1.9019;1.99636;0.000574559;0.0329198;0.7;0.7
0.666084;-1.72273;1.84701;-0.0600941;-3.44314;0.7;0.7
0.686154;-1.95907;2.07575;0.0320477;1.8362;0.7;0.7
0.577808;-1.86862;1.95592;0.0370028;2.12011;0.7;0.7
0.382461;-2.01295;2.04897;0.112129;6.4245;0.7;0.7
0.096385;-1.91106;1.91349;0.137369;7.87069;0.7;0.7
0.188056;-1.96726;1.97623;-0.0449105;-2.57318;0.7;0.7
0.0179093;-2.07607;2.07615;0.0866768;4.96621;0.7;0.7
0.0179892;-1.98475;1.98483;-0.000437165;-0.0250477;0.7;0.7
0.112827;-1.97509;1.97831;-0.0479995;-2.75017;0.7;0.7
-0.0940774;-2.01562;2.01782;0.103703;5.94176;0.7;0.7
-0.031547;-2.12992;2.13015;-0.03183;-1.82372;0.7;0.7
-0.156151;-1.96944;1.97562;0.0643116;3.68478;0.7;0.7
-0.22351;-1.85175;1.86519;0.0409989;2.34907;0.7;0.7
-0.26311;-2.06133;2.07806;0.00683319;0.391513;0.7;0.7
-0.279691;-1.97986;1.99952;0.0133855;0.766931;0.7;0.7
-0.255904;-1.96578;1.98237;-0.0108884;-0.623858;0.7;0.7
-0.297667;-2.02294;2.04473;0.0166458;0.953734;0.7;0.7
-0.256314;-1.94496;1.96178;-0.015068;-0.863335;0.7;0.7
-0.324837;-2.0379;2.06363;0.0270392;1.54923;0.7;0.7
-0.435303;-1.98516;2.03232;0.0577944;3.31138;0.7;0.7
-0.410995;-1.92213;1.96558;-0.00521144;-0.298593;0.7;0.7
-0.285923;-1.99693;2.0173;-0.0684365;-3.92112;0.7;0.700001
-0.282606;-1.96445;1.98467;0.000665679;0.0381406;0.7;0.700003
-0.28617;-1.97573;1.99634;0.0009625;0.0551472;0.7;0.700008
-0.297273;-1.98573;2.00786;0.00475816;0.272622;0.7;0.700026
-0.366133;-2.0077;2.04081;0.0317814;1.82094;0.7;0.700095
-0.37839;-1.93971;1.97627;0.0122739;0.703242;0.7;0.700359
-0.525117;-1.98304;2.05139;0.0662065;3.79335;0.7;0.701522
-0.567009;-1.93249;2.01396;0.0265357;1.52038;0.7;0.705169
-0.440331;-1.96441;2.01315;-0.0648886;-3.71785;0.7;0.718079
-0.310401;-2.00072;2.02466;-0.0665924;-3.81546;0.7;0.790838
0.201704;-2.08454;2.09428;-0.250379;-14.3457;0.700001;1.13988
1.43867;-2.0608;2.51329;-0.512996;-29.3925;0.700251;2.84855
2.01403;-1.11731;2.30319;-0.454848;-26.0608;1.73985;5.41819
1.19012;-1.83524;2.18735;0.488996;28.0174;13.756;4.60221
1.16052;-1.7154;2.07109;-0.0194909;-1.11675;12.4459;11.4996
0.317409;-2.11202;2.13573;0.445629;25.5327;15.2454;5.48104
-1.30227;-2.30844;2.65044;0.6628;37.9756;17.6433;1.14981
-1.57826;-1.18461;1.97338;0.413294;23.68;2.1154;1.219
-0.603523;-2.34435;2.42078;-0.674957;-38.6722;0.767178;4.42626
-2.12815;-1.44041;2.56979;0.723819;41.4718;6.73378;0.764258
-0.907054;-1.83547;2.04737;-0.516805;-29.6107;0.784998;1.74578
-1.20032;-1.57116;1.9772;0.193405;11.0813;1.10314;0.741359
-1.26224;-1.55138;2.00001;0.0306108;1.75387;0.755138;0.712953
-2.55903;-0.684116;2.6489;0.626575;35.9001;5.96148;0.7475
-1.57096;-1.93414;2.49174;-0.62742;-35.9485;0.787197;4.9859
-2.35237;-0.507578;2.40651;0.67613;38.7394;6.25736;0.776093
-1.64998;-1.95312;2.55678;-0.656819;-37.633;0.773087;5.65725
-2.48107;-0.50971;2.53288;0.666714;38.1999;6.40797;0.785722
-1.65691;-1.93166;2.54493;-0.659191;-37.7689;0.778727;5.32993
-2.74164;-0.406914;2.77167;0.714467;40.936;7.00747;0.775601
-1.98853;-1.90581;2.75433;-0.616815;-35.3409;0.763713;6.13468
-2.4119;-0.362374;2.43897;0.615031;35.2387;4.83698;0.826624
-1.88171;-1.70373;2.53841;-0.586671;-33.6138;0.769442;5.89354
-2.52997;-0.136627;2.53366;0.681848;39.067;4.24675;0.853911
-1.98073;-1.88434;2.73387;-0.706513;-40.4802;0.730523;8.72407
-2.33614;-0.409088;2.37168;0.587109;33.6389;4.52933;0.868175
-1.93701;-1.77864;2.62975;-0.569444;-32.6268;0.771195;5.18185
-2.38636;-0.329536;2.409;0.605576;34.6969;5.2349;0.839599
-1.78514;-1.69007;2.45826;-0.620825;-35.5707;0.784126;4.73775
-2.634;-0.263275;2.64713;0.658428;37.7251;7.0909;0.790939
-1.84911;-1.51857;2.39275;-0.587939;-33.6864;0.810967;4.30617
-2.591;0.107853;2.59325;0.729162;41.7779;6.6413;0.79427
-2.02316;-1.51725;2.52887;-0.685066;-39.2514;0.756536;6.54156
-2.55771;0.0497178;2.55819;0.6629;37.9814;6.13767;0.808393
-2.09197;-1.37461;2.50318;-0.600779;-34.4221;0.782729;5.32907
-2.71256;0.0961743;2.71427;0.616783;35.3391;5.35933;0.825093
-1.9629;-1.37785;2.39822;-0.647469;-37.0972;0.786633;5.26452
-2.37479;0.103336;2.37704;0.655515;37.5582;6.31392;0.792635
-2.04893;-1.29015;2.42128;-0.605437;-34.689;0.814679;4.96341
-2.41063;0.186428;2.41782;0.639133;36.6196;5.57506;0.800622
-2.12213;-1.35392;2.51725;-0.645076;-36.9601;0.802241;5.55949
-2.59543;0.145035;2.59947;0.623717;35.7364;5.83232;0.79579
-2.10465;-1.52825;2.60098;-0.683872;-39.183;0.819286;5.17431
-2.70386;0.137031;2.70733;0.678686;38.8858;7.47458;0.760272
-2.07082;-1.26104;2.42456;-0.597616;-34.2409;0.850587;4.68366
-2.35573;0.359088;2.38295;0.698247;40.0066;5.49883;0.799735
-2.37329;-1.28424;2.69847;-0.647269;-37.0858;0.773419;7.11447
-2.31092;0.210165;2.32046;0.586697;33.6152;4.18208;0.881611
-2.14094;-1.29235;2.50076;-0.633784;-36.3132;0.784544;5.75407
-2.68939;0.379108;2.71598;0.683131;39.1405;5.44095;0.844745
-2.13063;-1.3499;2.52226;-0.704778;-40.3808;0.758048;6.3231
-2.59673;0.351045;2.62035;0.69911;40.056;6.69132;0.830389
-1.86236;-1.18792;2.20897;-0.702164;-40.2311;0.787706;5.20074
-2.60329;0.266169;2.61686;0.669681;38.3699;7.91388;0.801356
-1.96702;-0.911802;2.16808;-0.535949;-30.7076;0.899118;3.57751
-2.45178;0.512645;2.50481;0.640181;36.6797;6.21731;0.827259
-2.20619;-1.00596;2.42472;-0.633929;-36.3215;0.838176;4.61313
-2.66659;0.569816;2.72679;0.63833;36.5736;6.76242;0.796026
-2.23619;-0.77963;2.3682;-0.545986;-31.2827;0.888635;4.09388
-2.41562;0.741213;2.52678;0.633186;36.2789;5.15739;0.830672
-2.4508;-0.921154;2.6182;-0.657244;-37.6573;0.814264;5.80853
-2.39281;0.738602;2.50421;0.65892;37.7533;5.3303;0.815856
-2.29865;-0.701494;2.40331;-0.595595;-34.1251;0.813186;6.14242
-2.31093;0.670682;2.40628;0.57866;33.1548;3.66383;0.922599
-2.37246;-0.795576;2.5023;-0.606016;-34.7222;0.790808;6.69109
-2.46283;0.585438;2.53146;0.556932;31.9098;3.50058;0.96078
-2.28336;-1.24794;2.60213;-0.733557;-42.0297;0.788125;6.38312
-2.55679;0.314016;2.576;0.622383;35.6599;6.88881;0.798729
-2.2348;-0.852413;2.39185;-0.486598;-27.88;0.947429;3.56279
-2.31028;0.616144;2.39103;0.625024;35.8112;4.70258;0.868274
-2.36318;-0.89625;2.52743;-0.623126;-35.7025;0.806033;5.84626
-2.28077;0.547553;2.34558;0.59811;34.2692;4.58569;0.901965
-2.32068;-0.969105;2.5149;-0.631197;-36.1649;0.816029;5.10344
-2.44244;0.592918;2.51338;0.633732;36.3102;5.80144;0.853473
-2.10901;-0.840302;2.27025;-0.617306;-35.369;0.844693;4.48267
-2.53492;0.909083;2.693;0.723493;41.4531;6.27769;0.839543
-2.39001;-0.765099;2.50949;-0.654152;-37.4801;0.785597;5.9175
-2.50468;0.609738;2.57783;0.548609;31.433;5.25223;0.888224
-2.00022;-0.646821;2.1022;-0.551556;-31.6018;0.938376;3.5045
-2.38881;0.802707;2.52007;0.636935;36.4937;6.13263;0.834185
-2.28442;-0.642321;2.37301;-0.598272;-34.2784;0.893465;4.36095
-2.17988;0.694374;2.2878;0.582473;33.3733;5.59157;0.829739
-2.46103;-0.389784;2.49171;-0.465453;-26.6685;0.969306;3.97503
-2.1718;0.774385;2.30573;0.499588;28.6243;3.39216;0.951188
-2.58849;-0.898648;2.74004;-0.676662;-38.7699;0.878608;5.97817
-2.36478;0.698514;2.46579;0.621367;35.6017;4.88916;0.807397
-2.24836;-0.828608;2.39619;-0.640309;-36.687;0.907033;6.8339
-2.47177;0.311054;2.49126;0.478279;27.4033;3.38728;0.906449
-2.24657;-1.58544;2.74967;-0.739738;-42.3838;0.932741;6.75148
-2.35448;0.0252384;2.35462;0.625272;35.8254;5.13496;0.773602
-2.04168;-1.45838;2.50905;-0.630979;-36.1524;0.98549;6.6355
-2.28352;-0.0963179;2.28555;0.578105;33.123;3.38224;0.90601
-2.08395;-1.8602;2.79342;-0.686574;-39.3378;0.862648;8.60293
-2.1306;-0.611982;2.21675;0.449024;25.7272;3.0503;0.996655
-1.3991;-1.88219;2.34524;-0.65187;-37.3494;0.927289;5.40464
-2.25643;-0.723335;2.36953;0.621359;35.6013;4.93722;0.831879
-1.52618;-2.16783;2.65118;-0.647166;-37.0799;0.903741;5.93868
-2.42477;-0.887248;2.582;0.606604;34.7559;4.38541;0.862539
-1.35432;-2.12345;2.51857;-0.652272;-37.3725;0.865072;6.56604
-2.27586;-0.874274;2.43801;0.636281;36.4562;3.95899;0.917963
-1.14097;-2.27593;2.54591;-0.739323;-42.3601;0.810858;7.54345
-2.16473;-1.14456;2.44869;0.619724;35.5076;4.91704;0.884524
-1.09647;-2.21034;2.46736;-0.623935;-35.7488;0.867583;5.14652
-2.10089;-1.17434;2.40683;0.600598;34.4117;5.07632;0.884528
-1.02924;-2.16816;2.40005;-0.617885;-35.4022;0.900077;4.33151
-2.05003;-1.18976;2.37026;0.601734;34.4768;6.15615;0.846586
-1.07185;-2.07572;2.33612;-0.56828;-32.5601;0.998158;3.37434
-2.27143;-1.05568;2.50477;0.659072;37.7621;6.62009;0.825591
-1.23354;-1.82203;2.20032;-0.5406;-30.9741;0.938293;3.98191
-2.25084;-0.929817;2.43533;0.583917;33.456;4.63582;0.912945
-1.3333;-2.20138;2.57366;-0.634476;-36.3528;0.886421;4.55306
-2.34114;-0.955352;2.52857;0.638778;36.5993;6.1632;0.839681
-1.35675;-1.95904;2.38299;-0.577637;-33.0962;0.946233;3.97302
-2.33864;-0.837639;2.48412;0.621144;35.5889;5.40075;0.855009
-1.50163;-1.95153;2.46239;-0.571017;-32.7168;0.91713;4.43455
-2.34956;-0.879035;2.50861;0.556949;31.9108;4.4811;0.89356
-1.56393;-2.33445;2.8099;-0.622531;-35.6684;0.924189;4.32419
-2.40187;-0.817942;2.53732;0.65231;37.3746;6.00419;0.814155
-1.41133;-1.86169;2.33618;-0.593912;-34.0286;0.932493;4.56587
-2.31555;-0.735883;2.42967;0.614431;35.2043;4.71028;0.877146
-1.50343;-1.95798;2.4686;-0.608262;-34.8509;0.881552;5.29393
-2.20165;-0.71302;2.31423;0.60277;34.5362;4.28443;0.925112
-1.31961;-2.07244;2.4569;-0.690599;-39.5684;0.863854;5.22457
-2.43416;-1.11469;2.67725;0.574362;32.9085;6.44963;0.846126
-1.43386;-1.79764;2.29944;-0.468064;-26.8181;1.08405;2.78981
-2.32097;-0.654916;2.4116;0.622478;35.6653;5.5968;0.881185
-1.65488;-1.77057;2.42354;-0.544138;-31.1768;0.914705;4.04497
-2.26184;-0.512539;2.31918;0.596321;34.1667;4.76931;0.941261
-1.70197;-1.68562;2.39542;-0.557731;-31.9557;0.890761;4.39791
-2.26917;-0.471497;2.31764;0.575702;32.9853;4.52982;0.954554
-1.6867;-1.70337;2.39717;-0.585448;-33.5437;0.912014;4.46676
-2.63381;-0.246286;2.6453;0.697078;39.9396;4.71613;0.906948
-1.8428;-1.78932;2.56857;-0.677436;-38.8142;0.813832;7.54368
-2.19563;-0.664643;2.29402;0.476731;27.3147;3.27182;1.01681
-1.70505;-1.79211;2.47363;-0.516344;-29.5844;0.941278;4.42667
-2.46047;-0.583401;2.52869;0.577478;33.087;3.41728;0.978162
-1.60092;-2.06778;2.61508;-0.679163;-38.9132;0.836622;6.44602
-2.27664;-0.743351;2.39492;0.596374;34.1697;4.50995;0.914182
-1.40915;-1.91505;2.37763;-0.620826;-35.5707;0.893164;4.71762
-2.387;-0.549174;2.44936;0.710291;40.6967;5.1705;0.886752
-1.57559;-1.96176;2.51615;-0.668002;-38.2737;0.82439;6.49548
-2.21418;-0.460513;2.26156;0.689076;39.4811;4.19732;0.956662
-1.71133;-2.01909;2.64677;-0.66265;-37.9671;0.803214;7.02214
-1.81961;-0.720437;1.95704;0.490718;28.1161;3.66362;1.01236
-1.43025;-1.79123;2.29219;-0.519992;-29.7934;0.965895;3.57159
-2.28093;-0.649007;2.37147;0.619776;35.5105;4.56473;0.912504
-1.53617;-1.89259;2.43756;-0.611765;-35.0516;0.878985;5.04903
-2.26814;-0.737892;2.38516;0.574446;32.9133;4.30605;0.921534
-1.45595;-1.86119;2.36301;-0.592434;-33.944;0.917139;4.45458
-2.36507;-0.786124;2.4923;0.586062;33.5789;4.72833;0.901487
-1.43572;-1.85381;2.34476;-0.590918;-33.8571;0.928961;4.12125
-2.39463;-0.83325;2.53546;0.576958;33.0573;5.50074;0.894293
-1.48348;-1.78528;2.3212;-0.542606;-31.089;1.00088;3.21085
-2.39076;-0.499162;2.44231;0.671636;38.4819;7.74894;0.891703
-1.7001;-1.4712;2.24828;-0.507516;-29.0785;1.01708;3.13853
-2.6699;-0.127387;2.67293;0.665671;38.1401;9.87106;0.992905
-1.95073;-0.76858;2.09668;-0.327643;-18.7726;1.3919;2.53686
-2.37345;0.669498;2.46606;0.650255;37.2568;9.91004;1.19067
-2.13316;0.0669483;2.13421;-0.243561;-13.955;1.38967;2.55186
-2.04328;1.36065;2.45486;0.556107;31.8626;7.60705;1.39153
-1.98187;0.670221;2.09213;-0.261378;-14.9759;1.34219;2.32648
-1.60079;2.0813;2.62571;0.589062;33.7508;6.84811;1.23745
-1.49726;0.888424;1.741;-0.379638;-21.7517;1.04561;2.42335
-0.859736;2.22291;2.38337;0.666227;38.172;5.6661;1.08651
-1.85107;1.34182;2.28625;-0.574518;-32.9175;0.826602;3.77638
-0.772474;2.38337;2.50543;0.630134;36.104;5.86236;0.943274
-1.66396;1.54432;2.27017;-0.509247;-29.1777;0.91218;3.16623
-0.732573;2.23869;2.3555;0.506424;29.0159;4.66733;0.892414
-1.49354;1.5238;2.13369;-0.459117;-26.3055;1.01576;2.4382
-0.724758;2.06673;2.19012;0.438089;25.1006;4.41755;0.83042
-1.19273;1.73746;2.10745;-0.264313;-15.144;1.1432;1.9497
-0.447839;2.10134;2.14853;0.391613;22.4378;2.32276;0.984949
-1.62289;1.71135;2.3585;-0.548894;-31.4493;0.885518;3.83746
-0.482654;2.29009;2.3404;0.551155;31.5789;3.56089;0.850776
-1.683;1.61094;2.32973;-0.599553;-34.3519;0.853031;4.40099
-0.562328;2.28428;2.35248;0.565898;32.4236;3.77036;0.841822
-1.83724;1.67055;2.48318;-0.591508;-33.8909;0.855559;4.32452
-0.484934;2.26209;2.31349;0.621703;35.621;3.86239;0.838766
-1.828;1.67033;2.4762;-0.619262;-35.4811;0.81649;5.25374
-0.589971;2.30048;2.37493;0.579395;33.1969;3.36131;0.879104
-1.9526;1.49226;2.45753;-0.667197;-38.2276;0.806528;5.07227
-0.609697;2.2017;2.28456;0.64809;37.1328;4.37442;0.823821
-1.99446;1.86797;2.73262;-0.547983;-31.3971;0.800646;4.60094
-0.780234;2.11769;2.25685;0.465131;26.65;2.74755;0.887789
-1.81894;1.4434;2.32205;-0.547005;-31.3411;0.831429;3.39253
-0.77212;2.25552;2.38402;0.570188;32.6694;3.87439;0.818332
-1.86541;1.45774;2.36744;-0.577644;-33.0966;0.823668;3.68963
-0.802631;2.60765;2.72838;0.608869;34.8856;4.081;0.809416
-1.95507;1.43917;2.42766;-0.637638;-36.534;0.791217;4.21219
-0.721836;2.1806;2.29697;0.616562;35.3264;4.54567;0.788454
-1.69955;1.49904;2.26618;-0.52833;-30.2711;0.797734;3.29394
-0.870138;2.15104;2.32037;0.463605;26.5626;3.33401;0.808321
-1.4515;1.44636;2.0491;-0.402774;-23.0772;0.858415;2.3005
-0.65602;2.19236;2.2884;0.49642;28.4428;2.75945;0.833852
-1.71447;1.57151;2.32574;-0.538124;-30.8323;0.788851;3.38202
-0.510312;2.12265;2.18313;0.59294;33.9729;3.38775;0.804784
-2.06606;1.49578;2.55068;-0.708224;-40.5782;0.769556;3.97915
-0.663747;2.50656;2.59296;0.685297;39.2646;6.42874;0.744046
-1.56025;1.63919;2.26304;-0.501867;-28.7549;0.815367;2.86132
-0.289274;2.16624;2.18547;0.627977;35.9804;3.43663;0.797735
-1.7507;1.81798;2.52389;-0.633796;-36.3139;0.75555;4.65571
-0.463449;2.37496;2.41976;0.573831;32.8781;3.74463;0.7973
-1.58512;1.63758;2.2791;-0.576404;-33.0255;0.784798;3.293
-0.449601;2.54691;2.58629;0.594394;34.0563;4.37725;0.782089
-1.54069;1.84572;2.40425;-0.520837;-29.8418;0.794451;3.08035
-0.320355;2.3553;2.37699;0.56038;32.1074;3.64483;0.798724
-1.54635;1.89556;2.44629;-0.549101;-31.4612;0.788352;3.22253
-0.334779;2.12322;2.14945;0.527898;30.2464;3.89802;0.787968
-1.29766;1.84226;2.25341;-0.457275;-26.1999;0.836475;2.50616
-0.167516;2.25259;2.25881;0.539432;30.9072;3.16244;0.805213
-1.38862;1.79063;2.26597;-0.585389;-33.5403;0.787078;3.61082
-0.295999;2.18619;2.20614;0.525042;30.0827;3.77059;0.78147
-1.41181;1.73459;2.23651;-0.548591;-31.432;0.836477;2.71261
-0.184937;2.47881;2.4857;0.608699;34.8759;4.32794;0.758006
-1.34766;1.97167;2.38824;-0.525105;-30.0863;0.786369;3.61453
-0.114013;2.17602;2.179;0.547227;31.3538;2.5505;0.794272
-1.57456;2.07583;2.60543;-0.596586;-34.1818;0.746773;4.80082
-0.279214;2.46307;2.47884;0.536055;30.7137;2.90611;0.780832
-1.55757;1.86735;2.43167;-0.582319;-33.3644;0.756506;4.00602
-0.334945;2.32901;2.35297;0.552362;31.648;3.22552;0.766968
-1.37995;2.11539;2.5257;-0.435181;-24.9341;0.761501;2.61779
-0.699038;1.82955;1.95855;0.213052;12.207;1.03944;0.773476
-0.898073;1.93534;2.13356;-0.0695015;-3.98214;0.74271;0.753865
-0.962133;1.72567;1.97577;-0.0741473;-4.24833;0.707482;0.706923
-1.22943;1.59583;2.01449;-0.147817;-8.46928;0.976807;1.35404
-0.877176;1.8489;2.04643;0.213446;12.2296;1.45931;0.939948
-1.55003;1.51479;2.1673;-0.353912;-20.2777;0.863154;1.8764
-0.718165;2.05585;2.17768;0.46082;26.4031;2.59475;0.795008
-1.78964;1.49998;2.33512;-0.53715;-30.7764;0.780865;3.01256
-0.736834;2.27853;2.39471;0.560459;32.1119;4.04915;0.757317
-1.79292;1.55089;2.37061;-0.544888;-31.2198;0.773438;3.18211
-0.693138;2.41355;2.51111;0.577994;33.1166;4.09678;0.758933
-1.82125;1.58079;2.41161;-0.576304;-33.0198;0.762027;3.46616
-0.518652;2.33071;2.38772;0.637002;36.4975;4.60372;0.75655
-1.65216;1.5713;2.28005;-0.591514;-33.8913;0.746598;4.13562
-0.513899;2.36141;2.41668;0.596193;34.1593;4.03995;0.774673
-1.59395;1.66528;2.30517;-0.549235;-31.4688;0.745393;3.84134
-0.320094;2.29644;2.31865;0.625024;35.8112;3.84779;0.79296
-1.75763;1.82587;2.53437;-0.627864;-35.974;0.731374;4.68679
-0.322105;2.48003;2.50086;0.637202;36.509;5.13642;0.773881
-1.51616;1.70013;2.27797;-0.599104;-34.3261;0.74553;3.66371
-0.167163;2.54303;2.54851;0.662621;37.9654;5.78555;0.764961
-1.45956;1.90206;2.39753;-0.588877;-33.7402;0.745854;3.75394
0.00359284;2.48452;2.48453;0.655963;37.5839;5.56255;0.76277
-1.37835;1.99806;2.42736;-0.605324;-34.6825;0.746846;4.12984
-0.109302;2.27832;2.28094;0.555939;31.853;5.43648;0.757918
-1.34255;1.7476;2.20375;-0.607127;-34.7858;0.81929;2.43664
0.159797;2.55462;2.55961;0.717536;41.1118;9.23281;0.724395
-1.03629;2.06678;2.31203;-0.527241;-30.2087;0.793016;3.28715
0.351368;2.36004;2.38605;0.612566;35.0975;4.09929;0.760878
-1.42168;2.39807;2.78782;-0.682936;-39.1293;0.746893;5.57414
0.0703204;2.62973;2.63067;0.561873;32.193;5.718;0.739893
-0.975528;1.96213;2.19125;-0.488123;-27.9674;0.816473;2.66568
0.352966;2.34774;2.37413;0.610613;34.9856;4.36583;0.757401
-1.13715;2.15091;2.43301;-0.635555;-36.4146;0.749732;4.95663
0.242775;2.42986;2.44196;0.585913;33.5703;5.22717;0.75469
-1.13349;2.08107;2.36974;-0.598321;-34.2813;0.774106;3.53615
0.650285;2.72704;2.80351;0.732825;41.9878;6.55146;0.742908
-1.21017;2.44732;2.73018;-0.693314;-39.724;0.729882;6.82077
0.472809;2.45681;2.50189;0.649352;37.2051;5.36377;0.762911
-0.97751;1.99655;2.22301;-0.645415;-36.9796;0.742888;4.90002
0.750541;2.52235;2.63165;0.744505;42.657;5.84085;0.761378
-0.950314;2.30212;2.49055;-0.680705;-39.0015;0.721705;7.49062
0.583091;2.37749;2.44795;0.631999;36.2109;4.51255;0.793273
-1.00291;2.20284;2.4204;-0.667744;-38.2589;0.733643;5.23187
0.677022;2.63826;2.72374;0.678433;38.8714;7.03837;0.758524
-0.580106;2.37527;2.44509;-0.490734;-28.117;0.751292;4.21294
0.807756;2.25644;2.39666;0.583303;33.4208;3.3927;0.834854
-0.786508;2.23277;2.36725;-0.682448;-39.1014;0.731179;5.87834
0.642796;2.4927;2.57425;0.591056;33.865;6.53338;0.767255
-0.283002;2.19753;2.21568;-0.38045;-21.7982;0.808861;2.78673
0.798563;2.03353;2.1847;0.502273;28.7781;2.96133;0.851393
-0.577482;2.26776;2.34013;-0.623545;-35.7265;0.752589;4.44998
1.29201;2.14871;2.50724;0.790721;45.305;6.62636;0.759155
-0.424946;2.55798;2.59303;-0.705994;-40.4505;0.721821;8.05209
1.16014;2.23341;2.51675;0.643708;36.8817;4.80177;0.795871
-0.364357;2.4512;2.47813;-0.626649;-35.9044;0.737766;5.53739
0.913397;2.28382;2.4597;0.528021;30.2534;5.33241;0.786516
-0.197458;2.22763;2.23637;-0.468866;-26.864;0.839991;2.63779
1.16724;2.05325;2.36184;0.605331;34.6829;5.4265;0.771139
-0.112818;2.3044;2.30716;-0.56584;-32.4202;0.776073;4.05307
1.30104;2.07972;2.45315;0.607937;34.8322;5.28587;0.776777
-0.111005;2.43368;2.43621;-0.604599;-34.641;0.766746;4.24862
1.79395;2.10404;2.765;0.751592;43.0631;6.30886;0.765503
0.0680501;2.57673;2.57763;-0.679609;-38.9387;0.724948;6.96161
1.54519;1.95857;2.49472;0.641555;36.7584;5.45284;0.813526
0.111168;2.23812;2.24088;-0.618329;-35.4276;0.743895;4.50187
1.69664;1.74595;2.43453;0.721445;41.3358;7.45586;0.800121
0.42221;2.70435;2.73711;-0.616202;-35.3058;0.740909;4.50592
1.90152;1.7093;2.55685;0.683708;39.1736;8.93324;0.790564
0.709073;2.21268;2.32352;-0.528461;-30.2786;0.802706;3.00536
2.00854;1.41799;2.45864;0.645949;37.0102;8.81618;0.791236
1.02713;2.01156;2.25862;-0.483968;-27.7293;0.854979;2.5285
2.29761;1.11874;2.5555;0.645572;36.9886;8.39857;0.785091
1.34882;1.87047;2.30608;-0.492916;-28.242;0.837382;2.69932
2.4505;0.443988;2.4904;0.766801;43.9345;7.9384;0.784539
1.7127;1.81338;2.49433;-0.634704;-36.3658;0.736092;5.55171
2.51826;0.36233;2.54419;0.671041;38.4478;5.94943;0.820485
1.78896;1.64165;2.42805;-0.599585;-34.3537;0.748314;5.00785
2.56529;0.182415;2.57177;0.671496;38.4739;5.35792;0.818692
1.89106;1.65837;2.51521;-0.648947;-37.1819;0.744194;5.76638
2.34068;0.254046;2.35442;0.611824;35.055;5.37661;0.796706
1.86457;1.54761;2.42316;-0.584664;-33.4988;0.798784;4.27971
2.6947;0.105476;2.69676;0.653653;37.4516;5.31142;0.774717
1.93526;1.61273;2.51915;-0.655619;-37.5642;0.768434;6.22217
2.43932;0.239686;2.45107;0.596797;34.1939;4.62962;0.787824
1.75616;1.37359;2.22954;-0.56582;-32.4191;0.792315;5.29793
2.43262;0.23205;2.44366;0.568662;32.5819;3.49415;0.84311
1.7399;1.6687;2.41077;-0.669409;-38.3543;0.763602;6.54634
2.43733;0.400843;2.47007;0.601512;34.4641;4.6428;0.801755
1.77868;1.85241;2.5681;-0.642698;-36.8239;0.788714;5.09096
2.63572;0.294296;2.65209;0.694503;39.7921;5.80508;0.773809
1.81815;1.72673;2.50744;-0.648421;-37.1518;0.763708;6.01458
2.40966;0.271437;2.4249;0.647445;37.0958;4.74759;0.811431
1.92479;1.73169;2.58913;-0.620465;-35.55;0.762061;5.73282
2.25414;0.238407;2.26672;0.627265;35.9397;4.55184;0.82646
1.73419;2.01744;2.66036;-0.755384;-43.2803;0.770513;5.46288
2.62358;0.729097;2.72301;0.589695;33.787;8.66404;0.741264
1.806;0.956633;2.04372;-0.21606;-12.3793;1.15075;1.96077
2.10068;0.288735;2.12043;0.350528;20.0838;2.196;1.03108
1.75105;1.58213;2.35993;-0.598171;-34.2727;0.849828;4.18192
2.47581;0.255012;2.48891;0.632125;36.2181;5.14258;0.77565
1.9739;1.67579;2.58932;-0.60126;-34.4496;0.817053;5.64898
2.36368;0.364427;2.39161;0.550926;31.5657;3.63692;0.82907
1.64899;1.86012;2.4858;-0.692516;-39.6782;0.818135;6.88101
2.35993;0.54911;2.42297;0.616877;35.3444;4.1943;0.784671
1.63855;2.12058;2.67986;-0.684319;-39.2086;0.827983;8.56196
2.17772;0.934743;2.36986;0.507484;29.0767;3.105;0.854657
1.27212;2.53243;2.83398;-0.699838;-40.0978;0.860377;9.18152
1.79921;1.25677;2.19468;0.495558;28.3934;2.97563;0.878885
0.712311;2.59802;2.6939;-0.69347;-39.7329;0.895414;9.60814
1.27652;1.72581;2.14661;0.369253;21.1566;2.72965;0.923736
0.0645398;2.51303;2.51386;-0.611175;-35.0178;1.00224;5.83256
1.11193;1.92338;2.22166;0.498494;28.5616;3.48261;0.822824
-0.290634;2.3844;2.40204;-0.645461;-36.9822;0.923841;6.65089
0.737121;2.01642;2.14693;0.47176;27.0299;3.42004;0.835854
-0.598528;2.51338;2.58366;-0.584252;-33.4752;0.931828;5.04165
0.831914;2.11927;2.2767;0.607849;34.8272;3.63402;0.826063
-0.802099;2.4649;2.59212;-0.688667;-39.4577;0.808144;8.32534
0.282136;2.09237;2.1113;0.448633;25.7048;3.01535;0.888887
-1.11035;2.17036;2.4379;-0.606914;-34.7736;0.898937;4.95196
0.190336;2.35043;2.35813;0.553685;31.7238;4.07525;0.801066
-1.33244;2.16835;2.54502;-0.631814;-36.2002;0.88546;5.65591
0.315321;2.27551;2.29725;0.688706;39.4599;3.9509;0.815626
-1.20866;2.12294;2.4429;-0.655258;-37.5435;0.784636;10.0122
-0.487531;2.0204;2.07839;0.280785;16.0878;2.09136;1.1373
-1.51106;1.68909;2.26635;-0.493045;-28.2494;0.964365;3.23758
-0.277328;2.36461;2.38082;0.613073;35.1265;4.30907;0.831516
-1.6853;1.75446;2.43277;-0.648545;-37.1589;0.82039;5.88323
-0.320271;2.31637;2.33841;0.627902;35.9761;4.30256;0.840915
-1.78199;1.77074;2.51217;-0.65117;-37.3093;0.809228;6.0665
-0.540966;2.34063;2.40233;0.561432;32.1677;4.26835;0.847594
-1.55974;1.53948;2.19153;-0.564803;-32.3609;0.865167;4.77497
-0.58395;2.27588;2.3496;0.540771;30.9839;3.63526;0.87789
-1.87427;1.38981;2.33333;-0.681581;-39.0517;0.852993;5.73955
-0.78569;2.37908;2.50546;0.613772;35.1666;4.70653;0.799226
-2.05236;1.45724;2.51709;-0.634397;-36.3483;0.885927;6.58981
-0.931778;2.0907;2.28893;0.534115;30.6026;3.26495;0.875084
-2.25;0.987109;2.45701;-0.738112;-42.2907;0.890245;10.2809
-1.34889;1.90526;2.33442;0.541306;31.0146;3.45926;0.858549
-2.53754;0.618782;2.61189;-0.715553;-40.9981;0.937683;12.253
-1.70083;1.44229;2.23003;0.464146;26.5936;2.767;1.02701
-2.52008;0.158789;2.52507;-0.640403;-36.6924;0.959747;13.9706
-1.82898;0.279702;1.85025;0.0888251;5.08931;1.96621;1.48864
-2.10781;-0.480579;2.1619;-0.375919;-21.5386;1.3716;3.20086
-2.13926;0.618119;2.22677;0.505447;28.96;2.54193;1.04197
-2.514;-1.00523;2.70752;-0.661659;-37.9103;0.888139;11.7074
-1.95903;-0.491999;2.01987;0.134325;7.69626;1.82483;1.38558
-1.66568;-1.15795;2.02863;-0.361429;-20.7083;1.17779;2.91493
-2.26984;-0.445606;2.31317;0.413632;23.6994;2.57339;1.00321
-1.67276;-1.84176;2.48801;-0.639595;-36.6461;0.911065;5.61825
-2.1357;-0.636995;2.22867;0.543586;31.1452;4.06521;0.835806
-1.36028;-1.99888;2.41783;-0.683404;-39.1561;0.943038;4.63213
-2.41102;-0.998345;2.60954;0.580682;33.2707;6.23802;0.772688
-1.42875;-1.58199;2.13167;-0.443671;-25.4205;1.05044;3.21179
-2.19238;-0.96492;2.39533;0.421642;24.1583;3.19159;0.925901
-1.41063;-1.94028;2.39887;-0.527554;-30.2266;0.966481;3.57919
-2.30694;-0.777347;2.43439;0.617154;35.3603;4.12934;0.852018
-1.25465;-2.16067;2.49853;-0.719696;-41.2355;0.833849;6.12538
-2.19295;-0.899827;2.37038;0.655329;37.5476;5.24914;0.815057
-1.57454;-2.15475;2.66873;-0.550364;-31.5335;0.870855;4.97682
-2.08948;-0.947024;2.29408;0.514202;29.4616;3.25302;0.941653
-1.04222;-2.2688;2.49673;-0.714636;-40.9456;0.864842;4.98046
-2.27534;-1.10627;2.53002;0.687629;39.3982;6.70806;0.785223
-1.22051;-2.06569;2.39931;-0.584586;-33.4943;0.917459;4.38358
-2.1076;-0.794823;2.25249;0.676503;38.7607;4.22789;0.856133
-1.28865;-2.22302;2.56953;-0.684817;-39.2371;0.819107;7.53711
-2.00617;-1.12541;2.30027;0.534219;30.6085;3.40368;0.92892
-0.929555;-2.27941;2.46166;-0.672349;-38.5228;0.87682;5.28087
-2.05544;-1.31402;2.43957;0.614772;35.2238;5.0397;0.82658
-0.863243;-1.90836;2.09452;-0.577183;-33.0701;0.915848;4.65551
-2.32409;-1.86115;2.97746;0.470756;26.9724;3.51375;0.900621
-0.767579;-2.28311;2.40869;-0.571236;-32.7294;0.927572;4.23228
-1.87605;-1.467;2.38152;0.582825;33.3934;4.0535;0.860771
-0.866848;-2.32889;2.48499;-0.550825;-31.5599;0.886425;5.22224
-1.73612;-1.6084;2.36666;0.467241;26.771;2.8463;0.983651
-0.684339;-2.40799;2.50334;-0.546673;-31.3221;0.888569;4.9827
-1.643;-1.98437;2.57627;0.41467;23.7589;3.06716;0.96805
-0.443282;-2.37293;2.41398;-0.506886;-29.0424;0.978804;3.57779
-1.51415;-1.66781;2.25261;0.552465;31.6539;3.89537;0.894363
-0.343075;-2.35218;2.37707;-0.592312;-33.937;0.911945;4.63383
-1.61815;-1.82214;2.43693;0.581339;33.3082;4.11379;0.887517
-0.212427;-2.44377;2.45299;-0.639463;-36.6385;0.882853;4.8608
-1.59511;-1.96196;2.52857;0.595922;34.1438;4.93159;0.857036
-0.105497;-2.40579;2.4081;-0.638806;-36.6009;0.914356;3.94962
-1.61504;-1.89445;2.48944;0.662128;37.9371;6.20325;0.81738
-0.240461;-2.33513;2.34748;-0.603337;-34.5687;0.920733;3.9099
-1.63392;-1.8556;2.47243;0.619341;35.4856;5.48398;0.84528
-0.467895;-2.46529;2.5093;-0.534392;-30.6184;0.920442;3.7923
-1.6551;-1.72231;2.38866;0.577938;33.1134;4.38627;0.913082
-0.516499;-2.33296;2.38945;-0.547622;-31.3764;0.887902;4.07996
-1.70349;-1.70751;2.41194;0.56634;32.4489;4.38348;0.945311
-0.437645;-2.25844;2.30045;-0.592809;-33.9655;0.892592;3.75327
-1.76919;-1.70524;2.45721;0.612393;35.0875;6.13837;0.883188
-0.593977;-1.97966;2.06685;-0.512309;-29.3532;0.97057;2.9238
-1.86883;-1.65769;2.49809;0.553707;31.7251;5.97821;0.900059
-0.796829;-2.0119;2.16395;-0.468096;-26.8199;1.05976;2.41907
-2.30738;-1.27516;2.63629;0.688822;39.4666;6.80203;0.879977
-1.17416;-1.96223;2.2867;-0.526698;-30.1776;0.875888;3.69869
-2.15964;-1.02072;2.38871;0.590054;33.8076;4.79316;0.978625
-1.33236;-1.95866;2.36887;-0.53194;-30.4779;0.888337;3.57219
-2.42284;-1.06559;2.64681;0.559104;32.0343;5.40483;0.943186
-1.41718;-1.59452;2.13328;-0.429866;-24.6295;0.988933;2.79551
-2.15833;-0.420574;2.19892;0.651766;37.3435;4.38719;0.975712
-1.62155;-1.98187;2.56071;-0.692611;-39.6837;0.820469;5.07911
-2.29738;-0.68286;2.39671;0.596142;34.1564;6.78031;0.872866
-1.62406;-1.40872;2.1499;-0.425595;-24.3848;1.07173;2.46477
-2.4368;-0.473726;2.48242;0.522503;29.9372;4.54281;0.915411
-1.78679;-1.32874;2.22669;-0.447414;-25.6349;0.982297;2.77918
-2.19332;-0.359767;2.22263;0.476843;27.3211;3.76761;0.909984
-1.72236;-1.33662;2.18015;-0.497379;-28.4977;0.973052;2.63938
-2.29681;-0.168878;2.30301;0.586564;33.6077;4.70768;0.84091
-1.91916;-1.30031;2.31819;-0.522098;-29.914;0.906188;3.37586
-2.11527;-0.267458;2.13211;0.469719;26.9129;3.76941;0.87905
-1.77237;-1.20321;2.1422;-0.47063;-26.9651;1.00088;2.61808
-2.39975;-0.375716;2.42899;0.441101;25.2732;4.1587;0.855743
-1.5621;-0.879966;1.7929;-0.35771;-20.4953;1.10138;2.20316
-2.34549;-0.0336745;2.34573;0.498657;28.571;3.01887;0.927821
-1.88399;-1.20321;2.23542;-0.553997;-31.7417;0.867721;3.98008
-2.17994;-0.342145;2.20663;0.412672;23.6444;2.49547;0.869414
-1.92194;-0.665986;2.03405;-0.177889;-10.1923;0.888151;1.28845
-1.73858;-0.709303;1.8777;-0.0537951;-3.08223;0.818862;0.815077
-1.79668;-0.708819;1.93145;0.0115955;0.664375;0.733912;0.725319
-1.88297;-0.710772;2.01266;0.0148326;0.849844;0.705908;0.7043
-2.00954;-0.44273;2.05773;0.144087;8.25557;1.65457;1.15229
-1.82208;-0.91047;2.0369;-0.246546;-14.1261;1.11736;1.8046
-2.06897;-0.348132;2.09805;0.296694;16.9993;2.11507;0.981139
-1.75716;-1.14197;2.09565;-0.4096;-23.4683;0.982918;2.34164
-2.26766;-0.123485;2.27102;0.521901;29.9027;2.99155;0.862522
-2.00413;-1.45932;2.47914;-0.574973;-32.9435;0.839553;4.09583
-2.26284;-0.218232;2.27333;0.53323;30.5518;3.42242;0.844873
-1.69017;-1.32407;2.14705;-0.56839;-32.5663;0.85656;3.40129
-2.36267;-0.245907;2.37543;0.560828;32.1331;3.93973;0.827183
-1.95834;-1.24768;2.32203;-0.463553;-26.5596;0.847131;3.08953
-2.27459;-0.277211;2.29142;0.445985;25.553;2.60627;0.878065
-1.7461;-1.34264;2.20262;-0.534237;-30.6095;0.832356;2.71042
-2.36135;-0.0807847;2.36274;0.621314;35.5987;4.22752;0.793489
-1.93636;-1.30597;2.3356;-0.559169;-32.038;0.794916;3.48938
-2.23742;-0.179793;2.24463;0.513182;29.4032;3.42962;0.81649
-1.94474;-1.20661;2.28865;-0.475133;-27.2231;0.838957;2.61172
-2.26422;-0.296238;2.28352;0.425222;24.3634;3.04626;0.807484
-1.78233;-0.974312;2.03125;-0.370174;-21.2094;0.883046;1.8625
-2.31602;-0.0377236;2.31633;0.483982;27.7301;2.48573;0.805642
-1.92615;-1.26412;2.30392;-0.564501;-32.3435;0.782696;3.31904
-2.28053;-0.0555624;2.28121;0.556429;31.881;3.13783;0.77411
-2.05618;-1.56152;2.58191;-0.625148;-35.8184;0.781683;3.63972
-2.54718;-0.0680624;2.54808;0.622793;35.6834;3.82746;0.75077
-1.96235;-1.48977;2.46379;-0.622634;-35.6743;0.775262;4.55263
-2.39596;-0.526433;2.45311;0.433068;24.813;2.85513;0.772618
-1.65852;-1.26098;2.08345;-0.433783;-24.854;0.869135;2.44738
-2.35133;-0.399156;2.38497;0.481909;27.6114;2.25697;0.800974
-1.687;-1.9151;2.55217;-0.680483;-38.9888;0.785708;4.88463
-2.28041;-0.615229;2.36194;0.585122;33.525;3.5831;0.746059
-1.75906;-2.01498;2.67478;-0.58959;-33.781;0.807205;4.33452
-1.88812;-0.67232;2.00424;0.511024;29.2795;2.61777;0.773725
-1.20741;-2.00457;2.34012;-0.686586;-39.3385;0.812473;4.31556
-2.26556;-0.972525;2.46547;0.623189;35.7061;4.04383;0.735278
