#1 AntVel X	#2 AntVel Y	#3 Speed	#4 Turning Angle Rad		#5 Turning Angle Deg	#6 Detected Phero Left	#7 Detected Phero Right	
-0.84942;-1.78393;1.97584;0.0520279;2.98098;0.7;0.7
-0.846671;-1.68273;1.88373;0.0217805;1.24793;0.7;0.7
-0.919567;-1.78659;2.00936;0.00917523;0.525702;0.7;0.7
-0.91387;-1.81465;2.03178;-0.00881367;-0.504986;0.7;0.7
-0.898651;-1.79629;2.00854;-0.00265639;-0.1522;0.7;0.7
-0.894548;-1.78954;2.00067;-0.000324237;-0.0185774;0.7;0.7
-0.987186;-1.89819;2.13955;0.0160235;0.918079;0.7;0.7
-0.889854;-1.87204;2.07277;-0.0358472;-2.05389;0.7;0.7
-0.776739;-1.8087;1.96843;-0.0380943;-2.18265;0.7;0.7
-0.923671;-1.56645;1.8185;0.127151;7.28522;0.7;0.7
-1.05013;-1.76789;2.05626;0.00321617;0.184273;0.7;0.7
-1.06089;-1.80673;2.09518;-0.00505289;-0.289509;0.7;0.7
-1.0422;-1.71069;2.00316;0.0162329;0.930075;0.7;0.7
-1.04847;-1.65181;1.95647;0.0183982;1.05414;0.7;0.7
-1.07178;-1.72198;2.02828;-0.00883763;-0.506359;0.7;0.7
-1.06101;-1.69445;1.99923;0.0026994;0.154664;0.7;0.7
-1.03177;-1.69629;1.98543;-0.0129702;-0.743135;0.7;0.7
-0.966505;-1.71053;1.9647;-0.0321567;-1.84244;0.7;0.7
-0.984133;-1.71756;1.97953;0.00600671;0.344159;0.7;0.7
-0.997379;-1.73476;2.00104;0.00146935;0.0841875;0.7;0.7
-1.07845;-1.68981;2.00462;0.0462537;2.65014;0.7;0.7
-1.00822;-1.6215;1.90938;-0.0117582;-0.673695;0.7;0.7
-0.913074;-1.73036;1.95649;-0.0707361;-4.05288;0.7;0.7
-0.911297;-1.53583;1.78584;0.0499749;2.86335;0.7;0.7
-1.00341;-1.68167;1.95827;0.00244946;0.140344;0.7;0.7
-1.01534;-1.68212;1.96479;0.0050967;0.292019;0.7;0.7
-1.24488;-1.62003;2.04309;0.112125;6.42428;0.7;0.7
-1.22495;-1.59361;2.00999;0.00014656;0.00839725;0.7;0.7
-1.21203;-1.56159;1.97676;0.00469223;0.268845;0.7;0.7
-1.21186;-1.61409;2.01839;-0.0160193;-0.917841;0.7;0.7
-1.19185;-1.5991;1.9944;-0.00350764;-0.200973;0.7;0.7
-1.16434;-1.78476;2.13097;-0.0624559;-3.57846;0.7;0.7
-0.959753;-1.67213;1.92799;-0.0569877;-3.26515;0.7;0.7
-0.889249;-1.71835;1.93481;-0.0435107;-2.49298;0.7;0.7
-0.908384;-1.81952;2.03367;-0.0145066;-0.831165;0.7;0.7
-0.919602;-1.62984;1.87138;0.050658;2.90249;0.7;0.7
-0.99777;-1.82647;2.08124;-0.0137158;-0.785857;0.7;0.7
-0.825626;-1.88934;2.06186;-0.0880021;-5.04215;0.7;0.7
-0.7042;-1.85865;1.98758;-0.0498179;-2.85435;0.7;0.7
-0.67327;-1.89343;2.00957;-0.0205261;-1.17606;0.7;0.7
-0.510235;-1.93116;1.99743;-0.0833301;-4.77446;0.7;0.7
-0.79702;-1.83462;2.00026;0.151526;8.68179;0.7;0.7
-0.556702;-1.77076;1.85621;-0.105233;-6.0294;0.7;0.7
-0.410161;-2.10964;2.14914;-0.112575;-6.45005;0.7;0.7
-0.239085;-1.90487;1.91982;-0.0671674;-3.84841;0.7;0.7
-0.241536;-1.96542;1.98021;-0.00258021;-0.147835;0.7;0.7
-0.0885211;-1.90636;1.90842;-0.0758781;-4.3475;0.7;0.7
-0.110758;-2.00219;2.00525;0.00886069;0.50768;0.7;0.7
-0.112405;-2.03479;2.03789;-7.63074e-05;-0.00437209;0.7;0.7
-0.134422;-2.04707;2.05148;0.0103857;0.595059;0.7;0.7
-0.110361;-2.0458;2.04878;-0.0116787;-0.669138;0.7;0.7
-0.29047;-2.13566;2.15532;0.0812872;4.65742;0.7;0.7
-0.315808;-1.90772;1.93368;0.0288741;1.65436;0.700009;0.727436
0.427663;-2.10055;2.14365;-0.364904;-20.9075;0.711142;1.57455
0.679324;-1.90675;2.02414;-0.141403;-8.10179;1.07832;1.53952
1.41408;-1.40284;1.99188;-0.447136;-25.619;0.700177;1.53247
1.66741;-1.19017;2.0486;-0.161489;-9.25265;0.7;1.07045
1.87263;-0.783905;2.03009;-0.223472;-12.804;0.7;1.04438
1.86151;-0.709901;1.99228;-0.0321146;-1.84003;0.7;0.752477
1.9061;-0.32339;1.93334;-0.196271;-11.2455;0.7;0.931155
2.00581;0.719321;2.13089;-0.512392;-29.3579;0.7;1.80149
1.72984;1.26927;2.14555;-0.288689;-16.5407;0.700002;1.61509
1.88131;0.792433;2.04139;0.234361;13.4279;1.42123;0.86708
1.84864;0.772194;2.00344;0.00298123;0.170812;0.766721;0.770105
2.22274;-0.193182;2.23111;0.482372;27.6379;2.30462;0.700204
1.89902;-0.264709;1.91738;0.0518064;2.96829;0.7;0.7
1.76473;-0.33477;1.7962;0.0489728;2.80594;0.7;0.700001
1.96685;-0.345012;1.99688;-0.0138258;-0.792158;0.7;0.700174
1.99653;-0.484861;2.05456;0.0645923;3.70086;0.7;0.702533
1.9507;-0.420901;1.99559;-0.0257282;-1.47412;0.7;0.848188
2.06405;0.0971261;2.06634;-0.259533;-14.8701;0.7;1.17795
1.9243;0.139007;1.92932;-0.025091;-1.43761;0.7;0.729912
2.03846;0.311364;2.0621;-0.079461;-4.55278;0.7;0.764338
2.05436;0.491401;2.11232;-0.0832139;-4.76781;0.7;0.727789
2.07789;0.475191;2.13153;0.00996372;0.570879;0.7;0.705489
1.99505;0.43954;2.04289;0.00797249;0.45679;0.7;0.706035
2.08626;0.443047;2.13278;0.00759571;0.435202;0.7;0.705504
1.94312;0.460202;1.99688;-0.0232959;-1.33476;0.7;0.705609
1.70463;0.621404;1.81436;-0.117017;-6.7046;0.7;0.701898
1.92614;0.700924;2.04971;0.000563875;0.0323076;0.7;0.700027
1.97725;0.85468;2.15406;-0.0589973;-3.3803;0.7;0.700002
1.92196;0.359426;1.95528;0.223128;12.7843;0.700002;0.7
1.92984;0.392811;1.96941;-0.0159289;-0.912656;0.7;0.7
1.96186;0.399375;2.0021;-2.28067e-05;-0.00130672;0.7;0.7
1.76061;0.418794;1.80973;-0.0327027;-1.87372;0.7;0.7
1.78297;0.544979;1.8644;-0.0631111;-3.616;0.700002;0.7
1.94413;0.601007;2.03491;-0.00318077;-0.182244;0.700062;0.7
1.94102;0.499517;2.00426;0.0479377;2.74663;0.700331;0.7
1.86873;0.485483;1.93076;-0.00229179;-0.13131;0.700596;0.7
1.98852;0.397456;2.02785;0.056899;3.26007;0.704753;0.7
2.01634;0.456875;2.06745;-0.0255486;-1.46383;0.704533;0.7
2.05026;0.390582;2.08713;0.0345757;1.98104;0.725999;0.7
1.98657;0.109697;1.98959;0.133085;7.62519;0.734384;0.7
1.90398;0.117107;1.90758;-0.00626528;-0.358974;0.702923;0.7
1.93772;0.168722;1.94505;-0.0254244;-1.45671;0.703107;0.7
1.98659;0.152591;1.99244;0.0101931;0.584021;0.7067;0.7
1.97398;0.237483;1.98821;-0.0430713;-2.46781;0.704729;0.7
2.10216;0.181504;2.10998;0.0336035;1.92534;0.714519;0.7
2.00214;0.162558;2.00873;0.00511362;0.292989;0.711001;0.7
1.84629;0.307981;1.8718;-0.0842746;-4.82858;0.723241;0.7
2.09533;-0.490443;2.15196;0.395215;22.6441;1.68567;0.7
2.14592;-0.415572;2.18579;-0.0386369;-2.21373;0.700007;0.7
2.14574;-0.13846;2.1502;-0.126851;-7.268;0.700003;0.7
2.01426;-0.13223;2.01859;0.00111428;0.0638437;0.700385;0.7
2.05602;-0.135085;2.06046;5.51396e-05;0.00315927;0.700257;0.7
2.06593;-0.122925;2.06959;-0.00617712;-0.353923;0.700166;0.7
1.9659;-0.102786;1.96858;-0.00719371;-0.412169;0.700147;0.7
1.92176;-0.0138977;1.92181;-0.0450055;-2.57862;0.700184;0.7
1.90019;0.102242;1.90294;-0.0609861;-3.49425;0.701415;0.7
2.16516;0.117697;2.16835;-0.000551793;-0.0316154;0.723465;0.7
1.99089;0.0734083;1.99224;0.0174508;0.999857;0.718234;0.7
1.90371;0.0814364;1.90545;-0.00589614;-0.337824;0.709553;0.7
2.08282;0.123888;2.0865;-0.0166592;-0.9545;0.705353;0.7
1.97483;0.183197;1.98331;-0.0330904;-1.89594;0.704765;0.7
2.01904;0.0834901;2.02077;0.0511734;2.93202;0.70882;0.7
1.95923;-0.0721233;1.96056;0.0781233;4.47614;0.700536;0.7
1.8599;0.197117;1.87032;-0.142384;-8.15799;0.700007;0.7
2.21986;0.436032;2.26228;-0.0883656;-5.06298;0.700446;0.7
1.84727;0.285784;1.86924;0.0404643;2.31843;0.726521;0.7
2.17662;0.584377;2.2537;-0.108804;-6.23402;0.709377;0.7
2.16967;-0.159595;2.17553;0.335718;19.2353;1.40981;0.7
2.29498;-0.150056;2.29988;-0.00813351;-0.466016;0.700003;0.7
2.02486;-0.0119767;2.0249;-0.0593765;-3.40202;0.7;0.7
1.91249;0.100166;1.91511;-0.0582419;-3.33701;0.700005;0.7
2.41986;0.387478;2.45069;-0.106449;-6.0991;0.700214;0.7
2.01016;0.224663;2.02268;0.0474749;2.72011;0.805508;0.7
1.87179;0.133484;1.87654;0.0401085;2.29805;0.805859;0.7
1.90438;-0.0857336;1.90631;0.116182;6.65672;0.844269;0.7
2.01402;-0.389157;2.05127;0.145883;8.35848;0.731718;0.7
2.03658;-0.383214;2.07232;-0.00488106;-0.279664;0.701422;0.7
1.96478;-0.37317;1.99991;0.00170301;0.0975753;0.7023;0.7
1.93664;-0.370828;1.97183;0.00149622;0.085727;0.703414;0.7
1.96394;-0.396436;2.00356;0.00999038;0.572407;0.704787;0.7
1.97195;-0.525476;2.04076;0.0612434;3.50899;0.704512;0.7
1.98039;-0.544489;2.05388;0.00788663;0.451871;0.700774;0.7
1.86329;-0.238098;1.87844;-0.141215;-8.09105;0.70049;0.7
1.98461;-0.318306;2.00998;0.0319376;1.82989;0.730929;0.7
2.08534;-0.42541;2.12829;0.0422061;2.41823;0.738477;0.7
1.73804;-0.447185;1.79465;0.0505914;2.89867;0.732155;0.7
2.01915;-0.486401;2.07691;-0.0154395;-0.884617;0.718503;0.7
1.76384;-0.391624;1.80679;-0.0179052;-1.02589;0.746159;0.7
1.92435;-0.541304;1.99903;0.0557216;3.19261;0.791939;0.7
2.14348;-0.796496;2.28668;0.0815708;4.67366;0.74237;0.7
1.6863;-0.49053;1.7562;-0.072699;-4.16535;0.704865;0.7
1.87968;-0.504498;1.94621;-0.0208628;-1.19535;0.715995;0.7
1.9049;-0.553955;1.98381;0.0207843;1.19085;0.731465;0.7
2.23703;-0.405648;2.27351;-0.103616;-5.93676;0.721132;0.7
2.05;-0.207458;2.06047;-0.0785283;-4.49934;0.884443;0.7
1.88724;-0.979205;2.12615;0.377761;21.6441;1.31157;0.7
1.99909;-0.84717;2.17119;-0.0777829;-4.45663;0.700887;0.7
1.72132;-0.679394;1.85054;-0.0249101;-1.42724;0.70089;0.7
1.83991;-0.886642;2.0424;0.0731344;4.19029;0.700695;0.7
1.81094;-0.886071;2.01609;0.00598285;0.342792;0.700029;0.7
2.02807;-0.966218;2.24647;-0.0104333;-0.597785;0.700003;0.700001
1.82522;-0.836182;2.00765;-0.0150177;-0.86045;0.7;0.70001
1.69321;-0.592972;1.79404;-0.0927326;-5.31319;0.7;0.700073
1.79137;-0.813073;1.96725;0.0892213;5.11201;0.7;0.700002
1.81935;-0.821605;1.99626;-0.00190089;-0.108913;0.7;0.703572
1.7418;-0.632239;1.853;-0.0759877;-4.35377;0.7;0.727692
1.84702;-0.570234;1.93304;-0.0487431;-2.79277;0.7;0.70504
1.89192;-0.717369;2.02336;0.0629783;3.60839;0.7;0.703406
2.18448;-0.642321;2.27696;-0.0764475;-4.38012;0.7;0.837875
2.0115;-0.409353;2.05273;-0.0852135;-4.88238;0.7;0.752158
1.94192;-0.551771;2.01879;0.0760761;4.35884;0.7;0.706598
1.99226;-0.310476;2.01631;-0.122243;-7.00402;0.7;0.951075
1.8658;-0.354613;1.8992;0.0332219;1.90347;0.7;0.719875
2.00183;-0.124834;2.00572;-0.12554;-7.19293;0.7;0.891955
2.11858;0.0335413;2.11885;-0.0781099;-4.47537;0.7;0.703156
2.04394;0.108211;2.04681;-0.0370623;-2.12351;0.7;0.700101
1.96966;0.207575;1.98057;-0.0521055;-2.98542;0.7;0.700023
2.04938;0.259408;2.06573;-0.0209106;-1.19809;0.7;0.700005
2.01964;0.361197;2.05168;-0.0510624;-2.92566;0.7;0.700003
1.97449;0.359647;2.00698;-0.00319997;-0.183345;0.7;0.7
2.00912;0.443621;2.05752;-0.037145;-2.12825;0.7;0.7
1.95415;0.38105;1.99096;0.0247381;1.41739;0.700007;0.7
1.90445;0.341932;1.9349;0.0149275;0.85528;0.700054;0.7
1.90728;0.302184;1.93107;0.0205198;1.1757;0.701192;0.7
1.93449;0.308024;1.95886;-0.000770717;-0.0441589;0.701276;0.7
1.78154;0.532431;1.8594;-0.132509;-7.59222;0.704361;0.7
2.37372;-0.152802;2.37863;0.354695;20.3225;1.71668;0.7
1.97072;-0.161707;1.97735;0.0175877;1.0077;0.700004;0.700006
1.8092;-0.221924;1.82276;0.0401832;2.30233;0.7;0.700018
1.92114;-0.358037;1.95422;0.0621985;3.56371;0.7;0.700002
1.82043;-0.450596;1.87536;0.0583919;3.34561;0.7;0.7
2.17925;0.454934;2.22623;-0.448446;-25.6941;0.7;2.20021
1.93426;0.358003;1.96711;0.022787;1.3056;0.7;0.701913
2.12283;0.64758;2.2194;-0.113074;-6.47867;0.7;0.713853
1.80644;0.636244;1.91521;-0.0425519;-2.43805;0.7;0.704622
1.98185;0.566024;2.06109;0.0604426;3.4631;0.7;0.708117
1.89469;0.861997;2.08156;-0.148768;-8.52376;0.7;0.913467
1.89848;0.865985;2.08666;-0.00098836;-0.0566288;0.7;0.702807
1.81024;0.809141;1.98285;0.00761458;0.436283;0.7;0.701193
1.80631;0.657038;1.9221;0.0714714;4.09501;0.7;0.702188
1.82779;0.661195;1.94371;0.00176814;0.101307;0.7;0.743918
1.86997;0.742698;2.01206;-0.0309651;-1.77417;0.7;0.744014
1.89754;0.731097;2.03351;0.0103059;0.590482;0.7;0.707481
1.87878;0.842165;2.05889;-0.0536401;-3.07335;0.7;0.703176
1.62291;0.842017;1.82834;-0.0571991;-3.27727;0.700002;0.700165
1.78617;0.953496;2.02474;-0.0117394;-0.672616;0.700128;0.700001
1.81868;1.10588;2.12852;-0.0559911;-3.20806;0.700983;0.7
1.5196;1.03941;1.84108;-0.0535813;-3.06998;0.718222;0.7
1.80298;0.935406;2.03119;0.121327;6.95152;0.874719;0.7
1.95452;0.658957;2.06261;0.153405;8.78947;0.771259;0.7
1.83134;0.686485;1.95578;-0.0334643;-1.91736;0.706526;0.7
1.89031;0.656438;2.00104;0.0244056;1.39834;0.733551;0.7
1.91495;0.606401;2.00867;0.0275603;1.57909;0.74809;0.7
1.87471;0.599252;1.96815;-0.00270997;-0.15527;0.762717;0.7
2.04572;0.29871;2.06742;0.164394;9.41909;0.964781;0.7
2.06763;0.30328;2.08975;-0.000649197;-0.0371963;0.715738;0.7
1.92858;0.243652;1.94391;0.0199698;1.14418;0.827941;0.7
2.03465;-0.240481;2.04881;0.243318;13.9411;1.28444;0.7
1.99332;-0.250565;2.00901;0.00739949;0.42396;0.700554;0.7
2.18416;-0.134891;2.18832;-0.0633659;-3.6306;0.700018;0.7
2.09629;-0.130018;2.10032;0.000263227;0.0150818;0.700002;0.7
2.08783;-0.164232;2.09428;0.0165563;0.948608;0.7;0.700001
2.14429;-0.0196149;2.14438;-0.0693526;-3.97361;0.7;0.700069
2.03736;-0.220741;2.04929;0.0987784;5.65958;0.7;0.700093
1.93657;-0.145399;1.94202;-0.0329856;-1.88994;0.7;0.718545
1.94912;-0.135342;1.95381;-0.0056138;-0.321647;0.7;0.73253
2.01299;0.21858;2.02483;-0.177487;-10.1693;0.7;0.811751
1.98576;0.208813;1.99671;0.00339051;0.194262;0.7;0.703831
2.02863;0.21575;2.04007;-0.00118397;-0.0678364;0.7;0.745941
1.9072;0.902484;2.10995;-0.336024;-19.2527;0.7;1.44134
1.98282;0.872567;2.16632;0.0274171;1.57088;0.7;0.700011
1.81125;0.756057;1.96272;0.0191262;1.09585;0.7;0.700426
1.73058;0.955602;1.97689;-0.109086;-6.25014;0.7;0.70386
1.87335;0.897033;2.07705;0.057945;3.32001;0.7;0.700018
1.86459;0.897835;2.06949;-0.00217926;-0.124862;0.7;0.700062
1.57035;0.930627;1.8254;-0.0862234;-4.94023;0.7;0.700015
1.63758;0.80301;1.82387;0.0790689;4.53032;0.700051;0.7
1.75102;0.907298;1.97213;-0.0221551;-1.2694;0.700039;0.7
1.82707;0.882017;2.02883;0.028312;1.62216;0.701405;0.7
1.77204;0.888106;1.98213;-0.0148378;-0.850142;0.707401;0.7
1.96042;0.79793;2.11659;0.0780467;4.47175;0.777358;0.7
1.70261;0.767878;1.86775;-0.0371431;-2.12814;0.778605;0.7
1.97479;0.438017;2.02279;0.205416;11.7694;1.07446;0.7
1.94786;0.504173;2.01205;-0.035005;-2.00564;0.731397;0.7
2.17727;0.294953;2.19716;0.118626;6.7968;0.812428;0.7
1.94556;0.183556;1.9542;0.0405815;2.32515;0.720398;0.7
1.94451;0.221473;1.95708;-0.0193406;-1.10813;0.711166;0.7
2.25331;0.430856;2.29413;-0.0755222;-4.3271;0.719761;0.7
2.02109;0.413961;2.06305;-0.0130959;-0.75034;0.850708;0.7
2.0885;0.118056;2.09184;0.14556;8.33996;0.968862;0.7
1.98504;-0.042485;1.98549;0.0778656;4.46137;0.727022;0.7
2.00853;-0.126075;2.01248;0.0412882;2.36564;0.702842;0.7
2.09562;-0.228978;2.10809;0.0461455;2.64394;0.700279;0.7
1.86113;-0.360251;1.89568;0.0823679;4.71933;0.700009;0.7
2.15562;-0.14719;2.16064;-0.123025;-7.0488;0.7;0.7
2.04059;-0.048108;2.04115;-0.0446049;-2.55567;0.7;0.7
2.08797;0.0537459;2.08867;-0.0493062;-2.82504;0.7;0.7
1.87921;0.146331;1.8849;-0.0519767;-2.97804;0.7;0.700001
1.82637;-0.0632483;1.82746;0.112328;6.43595;0.7;0.700001
1.95209;0.144614;1.95744;-0.108563;-6.22022;0.7;0.700431
2.10516;0.179193;2.11277;-0.0109695;-0.628505;0.7;0.700096
2.01855;0.188204;2.02731;-0.00805249;-0.461374;0.7;0.700671
1.99722;0.230662;2.0105;-0.0220133;-1.26127;0.7;0.70436
1.98925;0.272066;2.00777;-0.0209428;-1.19993;0.7;0.714804
2.11586;0.307633;2.13811;-0.00845773;-0.484592;0.700001;0.734104
2.25766;0.593285;2.33431;-0.112595;-6.45124;0.700145;0.759627
1.89939;0.473736;1.95758;0.0125504;0.719083;0.718512;0.711663
2.13515;0.294896;2.15541;0.10718;6.14099;0.834143;0.750824
1.96628;0.524589;2.03505;-0.123473;-7.07451;1.05531;1.45734
1.88212;0.637824;1.98725;-0.0660202;-3.78268;1.43405;1.63684
1.81523;0.901529;2.02678;-0.134221;-7.69029;1.49827;1.97907
1.58248;1.25692;2.02091;-0.210278;-12.0481;1.13044;1.96995
0.967236;1.94046;2.16816;-0.437145;-25.0465;0.748602;1.8316
0.217886;2.05702;2.06853;-0.356882;-20.4479;0.783633;1.60919
0.442328;1.9727;2.02168;0.115047;6.59168;1.07099;1.00912
-0.076072;1.98338;1.98483;-0.258912;-14.8346;0.932939;1.4371
-0.364258;2.10883;2.14005;-0.132706;-7.60352;0.704596;1.03293
-0.525779;1.82148;1.89585;-0.109974;-6.30104;0.712598;0.886177
-0.386405;1.82119;1.86173;0.0719454;4.12217;0.737153;0.793495
-0.473695;2.03183;2.08632;-0.019975;-1.14448;0.720933;0.858292
-0.615348;1.90539;2.00229;-0.0833322;-4.77458;0.722842;0.85865
-0.572939;2.14438;2.2196;0.0512953;2.939;0.744939;0.795016
-0.808006;2.03736;2.19173;-0.116485;-6.67411;0.727718;0.840164
-0.70952;1.86744;1.99769;0.0144719;0.82918;0.77893;0.763608
-0.678179;1.82055;1.94276;0.00650716;0.372833;0.781235;0.766853
-0.500015;1.82302;1.89035;0.0888932;5.0932;0.780141;0.768573
-0.682665;1.94559;2.06188;-0.0697612;-3.99702;0.736773;0.841348
-0.718601;1.87337;2.00646;-0.0288212;-1.65133;0.743772;0.798868
-0.671724;1.74807;1.87269;-0.000591341;-0.0338813;0.740067;0.786478
-0.704909;1.789;1.92287;-0.00847394;-0.485521;0.72898;0.79585
-0.836276;1.69122;1.88669;-0.0838783;-4.80587;0.720787;0.806428
-0.995277;1.88228;2.12922;-0.0271687;-1.55665;0.731801;0.761178
-1.00516;1.74543;2.01417;-0.036105;-2.06866;0.735069;0.751107
-1.0261;1.53032;1.84249;-0.0681626;-3.90543;0.745915;0.737358
-1.0248;1.66964;1.95906;0.0401664;2.30137;0.789416;0.718399
-1.12621;1.67285;2.01663;-0.0420391;-2.40866;0.771693;0.723814
-0.964088;1.83901;2.0764;0.109678;6.28409;0.814624;0.714366
-1.01942;1.9219;2.17552;-0.0048376;-0.277174;0.745938;0.739505
-0.950783;1.75273;1.994;-0.00934487;-0.535421;0.738089;0.748298
-0.724373;1.60935;1.76486;0.0740963;4.24541;0.731143;0.761367
-0.975669;1.73115;1.98716;-0.0902837;-5.17287;0.711193;0.863856
-1.22904;1.73855;2.12911;-0.102142;-5.85228;0.715801;0.823308
-1.34558;1.59769;2.08882;-0.0845853;-4.84638;0.735027;0.769308
-1.27197;1.67809;2.10568;0.0513569;2.94253;0.785046;0.733891
-1.17598;1.6156;1.99827;0.0193908;1.11101;0.764965;0.745822
-1.23275;1.69945;2.09948;0.00164249;0.0941077;0.756823;0.752501
-1.17457;1.62255;2.00307;0.00097;0.0555769;0.754841;0.755095
-1.15533;1.51132;1.90233;-0.0260932;-1.49503;0.754053;0.757796
-1.13802;1.64443;1.99981;0.0473137;2.71087;0.769799;0.746899
-1.13167;1.63002;1.98435;-0.00150128;-0.0860168;0.747734;0.764743
-1.26094;1.42623;1.90371;-0.117097;-6.70914;0.744697;0.764841
-1.23745;1.66802;2.07692;0.0856888;4.90961;0.820995;0.724239
-1.23926;1.56564;1.99675;-0.0312777;-1.79208;0.768785;0.73893
-1.06011;1.74028;2.03775;0.122427;7.01455;0.80054;0.726506
-0.94485;1.6976;1.94283;0.0392471;2.24869;0.73747;0.763356
-0.9584;1.50145;1.78126;-0.0602381;-3.45139;0.723258;0.788668
-1.23887;1.76111;2.1532;-0.0449247;-2.574;0.739274;0.756484
-1.0714;1.77877;2.07652;0.0709181;4.06331;0.771197;0.733665
-0.844478;1.63575;1.84087;0.0655513;3.75581;0.74541;0.754694
-1.27894;1.74175;2.16087;-0.156791;-8.98344;0.725784;0.802233
-1.09035;1.65566;1.98244;0.0509938;2.92173;0.811046;0.7296
-1.17836;1.7557;2.11448;-0.00873858;-0.500684;0.794966;0.744559
-1.10365;1.77063;2.08643;0.033729;1.93253;0.826673;0.743607
-0.956474;1.69995;1.95056;0.0448785;2.57135;0.827272;0.760649
-0.996476;1.6771;1.9508;-0.0236166;-1.35313;0.81311;0.790366
-0.97651;1.73995;1.99524;0.0246958;1.41497;0.848356;0.77767
-1.07245;1.76229;2.06296;-0.035263;-2.02042;0.85483;0.783895
-0.761027;1.85312;2.0033;0.157013;8.99617;0.931423;0.751826
-0.812936;1.76077;1.93938;-0.0428617;-2.45579;0.806653;0.807939
-0.779112;2.05529;2.19801;0.0701956;4.02191;0.838417;0.770418
-0.814848;1.81652;1.99091;-0.0593299;-3.39935;0.78591;0.795197
-0.745412;1.85412;1.99835;0.039415;2.25831;0.826823;0.757777
-0.927353;1.83531;2.0563;-0.0856108;-4.90514;0.801891;0.764618
-0.622665;2.026;2.11952;0.169691;9.72257;0.896351;0.727463
-0.590363;1.90087;1.99044;-0.00295526;-0.169324;0.764278;0.774455
-0.70712;1.83193;1.96367;-0.0672468;-3.85296;0.75422;0.771091
-0.682457;1.80955;1.93397;0.00772945;0.442865;0.780807;0.737859
-0.550684;1.86668;1.94621;0.0737765;4.22708;0.774447;0.733708
-0.865538;2.06684;2.24075;-0.109714;-6.28618;0.73577;0.761718
-0.988696;1.91062;2.15128;-0.0809429;-4.63769;0.781788;0.720339
-0.766411;1.76561;1.92478;0.0679944;3.89579;0.877653;0.706013
-0.651789;1.90629;2.01464;0.0800789;4.58818;0.821305;0.708125
-0.606801;2.02274;2.1118;0.0380077;2.17768;0.761445;0.718
-0.672324;2.02617;2.13481;-0.0289405;-1.65817;0.735153;0.736671
-0.442212;2.05326;2.10034;0.108258;6.20272;0.733006;0.743876
-0.640834;1.90408;2.00902;-0.112521;-6.44698;0.707179;0.892422
-0.784382;1.80224;1.96553;-0.0858493;-4.9188;0.710771;0.81751
-0.759662;1.92392;2.06847;0.0344399;1.97326;0.713771;0.763357
-0.654828;1.83709;1.9503;0.0336512;1.92807;0.704062;0.747905
-0.681525;1.86657;1.9871;-0.00767315;-0.439639;0.70068;0.719033
-0.841717;1.84956;2.03208;-0.0769975;-4.41163;0.700064;0.70323
-1.19271;1.68341;2.06311;-0.189336;-10.8481;0.702654;1.04121
-1.30201;1.40048;1.91222;-0.132564;-7.59537;0.713656;0.832185
-1.37558;1.46688;2.01096;-0.00430644;-0.246741;0.761965;0.745749
-1.14828;1.38442;1.79866;0.0608538;3.48667;0.792809;0.728389
-1.23468;1.48696;1.93274;-0.000537124;-0.0307749;0.771098;0.729953
-1.21026;1.60192;2.0077;0.0459515;2.63283;0.787306;0.721434
-1.08227;1.63245;1.95862;0.0615747;3.52797;0.76792;0.726045
-1.05073;1.67814;1.97994;0.0260337;1.49162;0.740038;0.746336
-1.03005;1.57462;1.8816;-0.0198835;-1.13924;0.72934;0.765954
-1.17511;1.65348;2.02852;-0.0385704;-2.20992;0.734728;0.76116
-1.29125;1.67208;2.11262;-0.0397193;-2.27575;0.757475;0.743958
-1.17115;1.67262;2.04187;0.0467307;2.67747;0.810236;0.726546
-0.937644;1.66687;1.91249;0.098448;5.64066;0.804232;0.730499
-0.840956;1.71756;1.91238;0.0570924;3.27115;0.756333;0.755842
-0.991344;1.79685;2.05218;-0.0488447;-2.79859;0.735971;0.781421
-0.960985;1.64309;1.90348;-0.0250605;-1.43586;0.757866;0.751903
-0.977899;1.73712;1.99346;0.0164916;0.9449;0.784722;0.735566
-0.980276;1.87078;2.11205;0.0300683;1.72278;0.79777;0.731427
-0.954931;1.75735;2.00004;-0.0151001;-0.865171;0.809091;0.728015
-0.70156;1.90868;2.03353;0.145523;8.33783;0.874159;0.714854
-0.656761;1.83727;1.95112;0.00892332;0.511269;0.786117;0.733274
-0.554488;1.95076;2.02804;0.0663734;3.80291;0.80057;0.727805
-0.57363;1.77364;1.8641;-0.0358635;-2.05483;0.775474;0.740347
-0.648576;1.94643;2.05164;-0.0088416;-0.506586;0.819488;0.724636
-0.476145;1.95575;2.01288;0.0828302;4.74582;0.869845;0.716788
-0.267747;1.97365;1.99173;0.103975;5.95735;0.823594;0.728157
-0.344279;2.01791;2.04707;-0.0341476;-1.95651;0.763004;0.76769
-0.319193;1.97605;2.00166;0.00883731;0.50634;0.780106;0.756689
-0.211322;1.89037;1.90215;0.0488213;2.79725;0.773419;0.764976
-0.318076;2.08855;2.11263;-0.0398077;-2.28081;0.745725;0.804342
-0.336364;1.96498;1.99356;-0.0184018;-1.05435;0.753279;0.790069
-0.257311;2.0135;2.02988;0.0424319;2.43117;0.756888;0.786293
-0.360418;1.96963;2.00234;-0.0538814;-3.08718;0.73615;0.829061
-0.598289;2.00542;2.09276;-0.108944;-6.24206;0.750727;0.801199
-0.630053;1.95724;2.05615;-0.0215039;-1.23209;0.832378;0.744807
-0.415723;1.95849;2.00213;0.102271;5.85971;0.890805;0.730384
-0.224905;2.1417;2.15348;0.104534;5.98934;0.808903;0.754987
-0.240771;1.97624;1.99086;-0.0166064;-0.951477;0.745148;0.814458
-0.571124;1.95579;2.03747;-0.162882;-9.33244;0.741866;0.806193
-0.247274;1.99132;2.00661;0.160574;9.20019;0.845632;0.726587
-0.272771;1.98447;2.00313;-0.0130537;-0.74792;0.745227;0.765174
-0.19369;2.13478;2.14355;0.0461144;2.64216;0.74468;0.752914
-0.180841;1.9085;1.91705;-0.00399075;-0.228653;0.728543;0.775908
-0.251393;1.98751;2.00334;-0.0313453;-1.79596;0.730023;0.77759
-0.28451;1.97149;1.99191;-0.0175041;-1.00291;0.746006;0.75892
-0.283823;1.89661;1.91773;-0.00522238;-0.29922;0.769224;0.743714
-0.227299;2.03199;2.04467;0.0371481;2.12843;0.798507;0.731807
-0.143263;2.04361;2.04862;0.0414083;2.37252;0.804862;0.73042
-0.0895782;1.94767;1.94973;0.0240288;1.37675;0.804348;0.731476
-0.00872321;2.11395;2.11397;0.0418335;2.39689;0.812084;0.730673
-0.131493;1.83966;1.84435;-0.0672289;-3.85193;0.804293;0.737674
0.0431046;1.97903;1.9795;0.0931326;5.3361;0.883746;0.716821
0.192475;1.69281;1.70372;0.0914376;5.23899;0.82608;0.729233
0.29875;1.9513;1.97404;0.0387089;2.21785;0.775018;0.75869
0.256901;2.04046;2.05657;-0.0266792;-1.5286;0.753799;0.785749
0.08047;1.97946;1.9811;-0.0846145;-4.84805;0.759498;0.773638
0.0838322;2.02032;2.02206;0.000840564;0.0481608;0.809895;0.73226
0.194173;1.98043;1.98993;0.0562628;3.22362;0.827469;0.723371
0.264453;1.98666;2.00418;0.0346031;1.98261;0.800584;0.727743
0.419563;1.85781;1.9046;0.0897748;5.14372;0.78596;0.729314
0.424764;1.9097;1.95637;-0.00324994;-0.186208;0.745318;0.757013
0.514258;1.90479;1.97299;0.0448327;2.56873;0.746427;0.75451
0.662317;2.07329;2.17651;0.0455114;2.60761;0.734074;0.778456
0.430465;1.81716;1.86745;-0.0766046;-4.38912;0.723448;0.818315
0.229753;2.23173;2.24352;-0.130014;-7.44926;0.751439;0.770257
0.62466;2.13498;2.22448;0.182053;10.4309;0.91172;0.723971
0.553931;1.92481;2.00293;-0.00442614;-0.253599;0.778393;0.773931
0.594169;2.04337;2.128;0.00276321;0.15832;0.795593;0.786516
0.591839;1.87581;1.96696;0.0226498;1.29774;0.805288;0.817816
0.574381;1.87517;1.96117;-0.00839223;-0.480839;0.791107;0.875498
0.520596;1.91282;1.9824;-0.0315087;-1.80532;0.790482;0.924888
0.3884;1.93038;1.96906;-0.0671725;-3.8487;0.805811;0.947202
0.317241;2.10269;2.12648;-0.0488083;-2.79651;0.874009;0.915038
0.541715;1.87313;1.94989;0.131777;7.55028;1.02158;0.856471
0.649594;1.8959;2.0041;0.0485727;2.78301;0.920245;0.843603
0.856461;1.79894;1.99241;0.114244;6.5457;0.946029;0.797045
0.891649;1.69061;1.91133;0.0409983;2.34903;0.882148;0.784513
1.35175;1.99802;2.41232;0.109473;6.27233;0.919778;0.756354
1.24657;1.56592;2.00151;0.0775264;4.44193;0.888627;0.752346
1.38868;1.55415;2.08418;0.0568942;3.2598;0.881023;0.749552
1.31397;1.30137;1.84935;0.060985;3.49418;0.903738;0.741161
1.59642;1.27568;2.04351;0.106397;6.0961;0.916028;0.737035
1.55386;1.14774;1.93178;0.0379922;2.1768;0.874036;0.746462
1.46165;0.867271;1.69958;0.100674;5.76822;0.910261;0.73744
1.7289;0.889075;1.94411;0.0605403;3.4687;0.854835;0.754963
1.85856;0.896009;2.06327;0.025752;1.47548;0.84288;0.762168
1.85242;0.712197;1.98461;0.082179;4.70851;0.869138;0.750021
2.106;0.677697;2.21236;0.0557174;3.19237;0.828008;0.760135
1.86225;0.467091;1.91994;0.0655781;3.75735;0.809986;0.761145
1.8013;0.536972;1.87963;-0.0439653;-2.51903;0.777045;0.778107
2.08453;0.381697;2.11919;0.108613;6.22304;0.823302;0.747642
1.70484;0.373687;1.74531;-0.0346765;-1.98682;0.753318;0.809546
1.95477;0.562811;2.03418;-0.0645551;-3.69873;0.762377;0.799876
1.91186;0.49152;1.97403;0.0286946;1.64408;0.79282;0.773323
2.02598;0.615356;2.11737;-0.043238;-2.47735;0.763773;0.812931
1.92586;0.542787;2.00089;0.0201624;1.15522;0.769144;0.8071
1.88906;0.598834;1.98171;-0.0322639;-1.84858;0.744999;0.861521
1.99656;0.983598;2.22569;-0.150768;-8.63836;0.741515;0.872664
1.90759;0.956781;2.13409;-0.00715132;-0.40974;0.810299;0.76875
1.8264;0.913243;2.042;0.00123283;0.070636;0.807868;0.778119
1.726;0.81491;1.90871;0.0225562;1.29237;0.792332;0.806481
1.72063;0.988801;1.98452;-0.0804783;-4.61107;0.764259;0.873884
1.71389;0.90129;1.93642;0.0374556;2.14605;0.792277;0.830152
1.78599;1.03108;2.06225;-0.0394422;-2.25987;0.765156;0.89325
1.56247;1.18854;1.96315;-0.126726;-7.26085;0.78152;0.863367
1.71042;1.1549;2.06381;0.0564038;3.2317;0.927236;0.763595
1.66636;0.822853;1.85845;0.135219;7.7475;0.925739;0.756605
1.9341;0.757225;2.07705;0.0855087;4.89929;0.820934;0.790198
1.58371;0.640337;1.70827;-0.0110623;-0.633824;0.776942;0.827311
1.84664;0.767152;1.99965;-0.0095069;-0.544705;0.788802;0.803711
1.95805;0.774532;2.10567;0.0170623;0.977597;0.806256;0.780521
1.83709;0.672634;1.95636;0.0256944;1.47218;0.806069;0.778156
1.83675;0.633419;1.9429;0.0188933;1.08251;0.795953;0.78876
1.8539;0.627634;1.95726;0.0056519;0.32383;0.787174;0.801886
1.85607;0.543277;1.93394;0.041687;2.38849;0.783126;0.811471
1.97877;0.690346;2.09574;-0.0509242;-2.91774;0.757306;0.873151
1.64855;0.848695;1.85419;-0.139755;-8.00734;0.768835;0.847067
1.9107;0.758022;2.05557;0.0977478;5.60053;0.862449;0.756187
1.93531;0.750871;2.07587;0.007574;0.433958;0.780397;0.826367
1.93508;0.78266;2.08737;-0.0142378;-0.815765;0.758749;0.873445
1.77791;0.936494;2.00947;-0.100465;-5.75621;0.749974;0.920597
1.56558;1.17816;1.95936;-0.160314;-9.18529;0.800918;0.862713
2.0037;1.25401;2.36376;0.0859151;4.92257;1.04762;0.781094
1.67537;1.16592;2.04114;-0.048772;-2.79443;1.01003;0.96545
1.76727;1.16218;2.11516;0.0262708;1.50521;1.11413;1.11183
1.47021;1.71102;2.25591;-0.279243;-15.9994;1.04875;1.66554
1.16305;1.63687;2.00799;-0.0920847;-5.27607;1.09526;1.3381
0.856758;1.8902;2.07531;-0.192197;-11.0121;1.00039;1.58656
0.471778;2.00476;2.05953;-0.19444;-11.1406;0.959722;1.504
0.0227371;2.05247;2.0526;-0.220046;-12.6077;0.880452;1.36398
-0.337057;1.94274;1.97176;-0.182863;-10.4773;0.819419;1.10524
-0.535897;1.98215;2.05331;-0.092263;-5.28628;0.826434;0.925363
-0.706391;1.96546;2.08855;-0.0809772;-4.63965;0.853143;0.861587
-0.439487;1.97753;2.02578;0.12634;7.23875;0.989602;0.801648
-0.196842;2.00566;2.0153;0.120856;6.92457;0.888899;0.863785
-0.455531;2.29138;2.33622;-0.098414;-5.63871;0.842593;0.974964
-0.0914106;1.93113;1.9333;0.148944;8.53385;1.30265;0.865323
0.139399;2.04822;2.05296;0.115253;6.60353;1.28185;1.06987
-0.0377386;1.9949;1.99526;-0.0868689;-4.97722;1.38497;1.65102
0.0864963;2.03492;2.03676;0.0613957;3.51771;2.01596;1.83056
-0.228887;2.01309;2.02606;-0.155693;-8.92058;2.1681;2.94894
-0.373023;1.85192;1.88911;-0.0855526;-4.9018;2.1235;2.83689
-0.924275;1.87058;2.08647;-0.26016;-14.9061;1.59202;2.94535
-1.33265;1.64294;2.11547;-0.22257;-12.7523;1.20653;1.9223
-0.831098;1.62455;1.82479;0.208622;11.9531;1.71529;1.2226
-1.35167;1.63764;2.12341;-0.217148;-12.4417;1.13123;1.78419
-0.860841;1.87313;2.06147;0.259235;14.8531;1.92976;1.12411
-1.26612;1.65832;2.08641;-0.221292;-12.6791;1.13729;1.75474
-0.756028;1.98609;2.12512;0.288354;16.5215;1.95511;1.0997
-1.18165;1.69044;2.0625;-0.24634;-14.1142;1.08122;1.86398
-0.765344;1.95827;2.10252;0.237492;13.6073;1.86264;1.1171
-1.02276;1.71905;2.00029;-0.164128;-9.40382;1.14191;1.73332
-0.73321;1.87965;2.01759;0.164777;9.44105;1.61333;1.22783
-1.08854;1.72568;2.04031;-0.190828;-10.9336;1.15079;1.71613
-0.747408;1.91176;2.05267;0.190068;10.8901;1.74687;1.15042
-1.14429;1.70752;2.05549;-0.217727;-12.4748;1.17908;1.68841
-0.646269;1.99151;2.09374;0.276619;15.8491;1.8579;1.08412
-1.1933;1.71506;2.08935;-0.294095;-16.8504;1.05878;2.23258
-0.856944;1.80833;2.0011;0.165347;9.47367;1.67684;1.22417
-1.53318;1.43306;2.09864;-0.376597;-21.5774;1.17392;2.38514
-1.21542;1.76198;2.14052;0.215287;12.335;2.08882;1.13225
-1.6273;1.10881;1.96915;-0.368829;-21.1323;1.36113;3.26298
-1.40776;1.4876;2.04811;0.214849;12.3099;2.63863;1.70645
-2.08685;0.575079;2.16464;-0.544068;-31.1728;1.99434;7.50384
-1.89438;0.720678;2.02683;0.094624;5.42155;2.17225;1.79361
-2.30101;-0.153184;2.30611;-0.429996;-24.637;1.51303;4.15916
-2.06752;0.0493479;2.06811;0.0903379;5.17598;1.80245;1.5707
-1.81078;-0.845539;1.99846;-0.460723;-26.3975;1.27247;3.2112
-2.15719;-0.203957;2.16681;0.342591;19.629;2.04126;1.04101
-2.02808;-1.48039;2.51091;-0.536276;-30.7264;1.04787;3.9799
-1.95453;-0.68522;2.07116;0.293352;16.8078;1.97113;1.03434
-1.53691;-1.66648;2.26699;-0.488633;-27.9966;1.0619;2.66859
-1.9256;-0.68297;2.04313;0.484987;27.7877;2.64562;0.883203
-1.34166;-1.62536;2.10757;-0.539886;-30.9332;0.973881;3.07459
-2.05518;-0.931057;2.25624;0.455354;26.0898;2.7108;0.898057
-1.50734;-1.65972;2.24204;-0.408105;-23.3827;0.989718;2.69857
-1.87903;-1.01497;2.13563;0.338223;19.3787;2.13823;1.03504
-1.20792;-1.50958;1.93337;-0.400697;-22.9583;1.01391;2.45294
-1.85014;-1.09443;2.1496;0.361776;20.7282;2.34533;1.0028
-1.39393;-1.63968;2.15211;-0.332057;-19.0255;1.03141;2.33791
-1.65432;-1.06193;1.96582;0.295563;16.9345;2.06871;1.09088
-1.41422;-1.56398;2.10857;-0.264973;-15.1818;1.06264;2.16121
-1.64442;-1.29129;2.09082;0.169955;9.73771;1.89904;1.17203
-1.4092;-1.38376;1.97501;-0.110603;-6.33706;1.28435;1.65451
-1.57571;-1.38785;2.09976;0.0541979;3.10531;1.68668;1.28351
-1.5236;-1.14994;1.90885;0.075558;4.32915;1.51055;1.41265
-1.45223;-1.65985;2.20546;-0.205482;-11.7732;1.24958;1.75198
-1.77808;-1.0266;2.05317;0.328407;18.8163;2.10426;1.08642
-1.2398;-1.77054;2.16146;-0.436303;-24.9983;1.00857;2.63487
-2.14742;-0.863162;2.3144;0.577722;33.1011;2.76909;0.945981
-1.27892;-2.14598;2.49817;-0.651162;-37.3088;0.841238;5.07772
-1.91416;-1.18006;2.24868;0.480894;27.5532;3.01047;0.928387
-0.912722;-2.16538;2.34988;-0.619431;-35.4908;0.975643;3.01744
-2.16183;-1.36542;2.55693;0.608553;34.8675;4.87792;0.80513
-1.16809;-1.8723;2.2068;-0.44967;-25.7642;1.03149;2.86123
-2.11671;-1.15279;2.41027;0.514308;29.4677;2.6249;0.950742
-0.966192;-2.17744;2.38218;-0.654473;-37.4985;0.876241;4.97616
-1.84538;-1.3868;2.30838;0.50871;29.1469;3.08213;0.894204
-0.801096;-2.18908;2.33106;-0.575523;-32.9751;0.950692;3.78957
-1.84254;-1.31409;2.26314;0.600456;34.4036;3.18554;0.88128
-0.776858;-2.35455;2.4794;-0.632577;-36.244;0.875841;5.52168
-1.50405;-1.6697;2.24723;0.41456;23.7525;2.60437;0.964906
-0.514323;-2.22081;2.27959;-0.505673;-28.9729;0.983962;3.37978
-1.66548;-1.76093;2.42377;0.529969;30.365;2.89338;0.92622
-0.375704;-2.42801;2.45691;-0.604029;-34.6083;0.87808;4.60364
-1.33817;-1.81465;2.2547;0.481884;27.6099;2.98737;0.937278
-0.260203;-1.95484;1.97208;-0.503075;-28.8241;0.935687;3.48918
-1.28301;-1.92289;2.31163;0.456065;26.1306;2.94132;0.976218
-0.127523;-2.33739;2.34086;-0.53389;-30.5897;0.94401;3.27158
-1.57683;-1.64545;2.27901;0.709603;40.6572;4.07791;0.898636
-0.350913;-2.51323;2.53761;-0.625377;-35.8315;0.806074;5.60749
-1.10389;-1.91659;2.21176;0.383833;21.992;2.89235;1.04964
-0.32714;-2.12819;2.15319;-0.370038;-21.2016;1.05477;2.40123
-1.49806;-1.73024;2.28865;0.56108;32.1475;3.26129;0.967203
-0.261607;-2.40464;2.41883;-0.605237;-34.6775;0.868326;4.23476
-1.63465;-2.06096;2.63052;0.562183;32.2107;3.92008;0.889333
-0.369592;-2.35235;2.38121;-0.514708;-29.4906;0.948813;3.58907
-1.5697;-1.7996;2.388;0.561429;32.1675;3.47704;0.936972
-0.515335;-2.4098;2.46429;-0.506595;-29.0257;0.895366;3.95782
-1.5615;-1.79652;2.38029;0.504851;28.9258;3.34023;1.04698
-0.64266;-1.94551;2.0489;-0.396481;-22.7167;0.89581;3.29797
-1.39334;-1.59742;2.11971;0.398223;22.8165;2.97292;1.21137
-0.600727;-1.95437;2.04461;-0.419059;-24.0103;1.00146;2.5535
-1.84814;-1.45089;2.34962;0.607025;34.78;5.33557;1.0059
-0.762967;-2.15257;2.28379;-0.564606;-32.3495;0.933836;2.80462
-2.29419;-1.26048;2.61765;0.727769;41.6981;7.71086;0.88616
-1.32105;-1.76047;2.20101;-0.424645;-24.3304;0.970747;2.69249
-2.24723;-0.945324;2.43797;0.528853;30.3011;4.3993;0.987368
-1.53449;-1.59201;2.21114;-0.405605;-23.2395;0.987006;2.70049
-2.35206;-0.54009;2.41327;0.578085;33.1218;3.95285;0.997981
-1.54281;-1.50407;2.15464;-0.546972;-31.3392;0.858168;3.81059
-2.5527;-0.249199;2.56484;0.67537;38.6959;4.21213;0.978104
-1.85363;-1.70312;2.51725;-0.645793;-37.0012;0.789337;5.24273
-2.36321;-0.311019;2.38359;0.61225;35.0793;4.26121;0.979919
-1.88033;-1.61081;2.47596;-0.577494;-33.088;0.852398;4.07165
-2.42314;-0.136549;2.42699;0.652058;37.3602;4.56954;0.944858
-1.77637;-1.52029;2.33811;-0.651586;-37.3331;0.838903;4.46238
-2.16015;-0.402865;2.19739;0.523497;29.9942;4.96067;0.909479
-1.82277;-1.07647;2.1169;-0.349073;-20.0004;1.14916;2.43324
-2.08383;0.17909;2.09152;0.619186;35.4767;3.3375;1.0114
-2.19898;-1.23308;2.52111;-0.59679;-34.1936;0.815392;5.56743
-1.93733;-0.184541;1.9461;0.41609;23.8402;2.85908;1.11997
-2.09808;-1.33058;2.48443;-0.47021;-26.941;0.983493;3.28459
-2.49789;-0.071588;2.49892;0.536527;30.7407;3.667;0.967764
-1.81355;-1.2635;2.21029;-0.579857;-33.2234;0.91288;3.70461
-2.32419;-0.209546;2.33362;0.518593;29.7132;3.18808;0.90103
-1.78698;-0.56697;1.87477;-0.217316;-12.4513;0.917511;1.76011
-2.16668;-0.918469;2.35331;-0.0937128;-5.36935;0.910484;0.983155
-1.85127;-0.771396;2.00556;0.00613819;0.351693;0.759656;0.749361
-1.87541;-0.763705;2.02495;0.00809113;0.463588;0.71004;0.707997
-2.13951;-0.0730027;2.14075;0.352607;20.2029;2.43238;1.1717
-1.7678;-1.05096;2.05661;-0.502257;-28.7772;1.01227;4.00204
-2.20576;-0.200635;2.21487;0.445655;25.5342;3.19249;1.02007
-1.91953;-1.26248;2.29749;-0.49106;-28.1357;1.02514;3.80627
-2.22368;-0.088848;2.22545;0.541836;31.0449;3.37249;1.00076
-1.94632;-1.41851;2.40839;-0.589872;-33.7972;0.909371;4.87345
-2.11656;-0.224525;2.12843;0.524121;30.0299;3.42819;1.0079
-1.8624;-1.45032;2.3605;-0.555954;-31.8538;0.943847;4.35297
-2.1447;-0.104416;2.14724;0.612992;35.1219;3.62046;1.03905
-1.94332;-1.50181;2.456;-0.609289;-34.9097;0.874102;5.34983
-2.14625;-0.50045;2.20382;0.428855;24.5716;3.50241;1.3407
-1.85303;-1.17461;2.19395;-0.335882;-19.2446;1.17031;3.03937
-2.0122;-0.31617;2.03689;0.409111;23.4404;3.1163;1.54311
-1.79913;-1.07476;2.0957;-0.382639;-21.9236;1.11839;2.76276
-2.14249;-0.226274;2.1544;0.433268;24.8244;3.2463;1.2245
-1.72724;-1.35472;2.19513;-0.559888;-32.0792;1.08557;2.61874
-2.52065;-0.0899316;2.52226;0.629448;36.0647;5.15248;0.855491
-1.92485;-0.955556;2.14899;-0.425125;-24.3579;1.06139;2.81796
-2.40221;0.0231186;2.40232;0.470412;26.9526;3.04121;0.978373
-2.03965;-1.11192;2.32304;-0.508736;-29.1485;0.94566;3.44011
-2.3574;0.020461;2.35749;0.507792;29.0943;3.20338;0.962395
-2.006;-1.1746;2.32459;-0.538401;-30.8481;0.928998;3.6553
-2.40551;-0.10287;2.4077;0.486983;27.9021;3.19083;0.94597
-1.74818;-0.789216;1.91807;-0.381321;-21.8481;0.969953;3.51398
-1.85905;-0.359463;1.89348;0.233058;13.3532;1.95866;1.29033
-1.85279;-1.21352;2.21483;-0.38886;-22.28;1.11708;2.70663
-2.26081;-0.253455;2.27497;0.468219;26.827;2.7426;0.990138
-1.85734;-1.51914;2.39948;-0.573927;-32.8836;0.947343;4.27034
-2.33872;-0.711181;2.44446;0.390364;22.3662;2.89134;0.950333
-1.64449;-1.51205;2.23398;-0.44826;-25.6834;1.10284;3.23259
-2.01156;-0.784187;2.15901;0.371748;21.2996;2.67011;0.990379
-1.68681;-1.78018;2.45242;-0.440607;-25.2449;1.10413;3.33316
-1.9759;-0.813325;2.13674;0.421837;24.1695;2.50926;1.03832
-1.40088;-1.86507;2.33259;-0.536097;-30.7161;0.987896;4.26089
-1.8348;-1.288;2.24174;0.314527;18.0211;2.5356;1.04821
-1.12148;-1.91162;2.2163;-0.428183;-24.5331;1.1703;3.01366
-1.93295;-1.26443;2.30977;0.460955;26.4108;2.74868;0.988051
-1.02878;-2.1545;2.38752;-0.546024;-31.2849;0.979904;4.47363
-1.55836;-1.46641;2.13983;0.3703;21.2167;2.46992;1.07484
-0.430915;-2.13885;2.18183;-0.61698;-35.3503;1.04559;3.58389
-1.83764;-1.60881;2.44238;0.652889;37.4078;3.9532;0.828231
-0.648314;-2.23782;2.32984;-0.569709;-32.6419;0.926912;4.62808
-1.27556;-1.91733;2.30287;0.305054;17.4783;2.52037;1.09298
-0.57153;-2.23376;2.30572;-0.336556;-19.2832;1.16467;2.62264
-1.31162;-1.78292;2.2134;0.383774;21.9886;2.51081;1.10364
0.0372174;-2.08802;2.08835;-0.652082;-37.3616;1.00684;3.34243
-1.27547;-2.18012;2.52581;0.547174;31.3508;4.74401;0.815147
-0.491426;-2.07194;2.12942;-0.296473;-16.9867;1.27109;2.34098
-1.18798;-1.65136;2.03428;0.390743;22.388;2.50198;1.12026
-0.112697;-2.25435;2.25717;-0.573673;-32.869;1.00543;3.46761
-1.48439;-2.07693;2.55285;0.570579;32.6918;3.7673;0.897273
-0.173708;-2.3529;2.35931;-0.546835;-31.3313;0.970538;3.64857
-1.25389;-1.83087;2.21908;0.526799;30.1834;3.34599;0.964362
-0.0927904;-2.24617;2.24808;-0.559206;-32.0401;0.978691;3.5157
-1.32937;-1.7759;2.21834;0.601294;34.4516;3.65705;0.935141
-0.169281;-2.33176;2.3379;-0.57011;-32.6649;0.927851;3.90828
-1.30194;-1.99354;2.38102;0.506067;28.9955;3.38753;0.991607
-0.302226;-2.22655;2.24697;-0.443625;-25.4178;1.00314;3.29807
-1.18241;-2.01579;2.33699;0.395577;22.6649;2.83757;1.09663
-0.209917;-2.17244;2.18256;-0.434161;-24.8756;1.08291;2.93274
-1.00342;-1.69567;1.97032;0.438005;25.0959;3.10324;1.01601
-0.107798;-2.04135;2.0442;-0.481575;-27.5922;1.11352;2.95523
-1.12387;-2.08018;2.36436;0.442586;25.3583;3.43099;0.945635
-0.271871;-2.13979;2.157;-0.368967;-21.1403;1.18481;2.7549
-1.11952;-1.92172;2.22404;0.40112;22.9825;2.67426;1.10268
-0.113393;-2.24537;2.24823;-0.47704;-27.3324;1.04476;3.30245
-0.861334;-2.02278;2.19853;0.352104;20.1741;3.01768;1.03854
-0.00898067;-2.17401;2.17402;-0.398432;-22.8284;1.2882;2.32054
-1.23524;-1.98713;2.33977;0.552035;31.6293;3.66254;0.935069
-0.091197;-2.29644;2.29825;-0.516475;-29.5918;1.01845;3.45541
-1.135;-2.12251;2.40692;0.451362;25.8611;3.25565;1.02147
-0.102442;-2.13083;2.13329;-0.443014;-25.3828;1.10368;2.91542
-1.3489;-2.05782;2.46053;0.532193;30.4924;3.30089;1.04869
0.0960123;-2.61307;2.61483;-0.616958;-35.3491;0.952172;3.54868
-1.10565;-2.11752;2.3888;0.517931;29.6753;4.61345;0.925293
-0.579002;-1.94889;2.03308;-0.192416;-11.0246;1.35822;2.15416
-1.09536;-1.75654;2.07008;0.268798;15.401;2.41227;1.37668
-0.241104;-2.04532;2.05949;-0.440247;-25.2243;1.26394;2.36738
-1.47258;-1.78592;2.31474;0.572191;32.7841;5.10816;1.03182
-0.871952;-1.76476;1.96842;-0.23062;-13.2136;1.38813;2.41006
-1.27614;-1.44285;1.92623;0.265254;15.198;3.19773;1.5267
-1.10081;-1.61163;1.9517;-0.12491;-7.15682;2.00962;2.33121
-1.68329;-1.30531;2.13009;0.31195;17.8734;3.30428;1.87547
-1.36205;-1.54432;2.05915;-0.188439;-10.7968;2.06627;3.09044
-1.61938;-1.48031;2.19401;0.10747;6.15759;2.84794;2.206
-1.47058;-1.36522;2.0066;-0.0077016;-0.441269;2.28274;2.33287
-1.27687;-1.58555;2.03577;-0.14456;-8.28268;2.01121;2.13508
-1.63595;-1.20325;2.0308;0.258661;14.8202;2.5127;1.48412
-1.15649;-1.38216;1.80218;-0.239896;-13.745;1.37282;2.36779
-1.69951;-1.51397;2.27605;0.146333;8.38429;2.16004;1.36653
-1.7017;-1.33599;2.16349;0.0621395;3.56033;1.45409;1.64433
-1.34267;-1.41931;1.95377;-0.147554;-8.45422;1.10878;1.61344
-1.39504;-1.42617;1.99501;0.0167066;0.957219;1.10735;1.05766
-1.34125;-1.39315;1.93386;-0.00794325;-0.455114;0.861853;0.845242
-1.40912;-1.47656;2.04104;-0.00439071;-0.251569;0.743525;0.737572
-2.13688;-0.80903;2.2849;0.44684;25.602;2.72586;1.13005
-1.56323;-1.78304;2.37127;-0.489066;-28.0214;0.959011;3.3799
-2.07624;-1.02068;2.31356;0.394089;22.5796;3.2394;1.11973
-1.48326;-1.43324;2.06258;-0.311347;-17.8389;1.23883;2.37553
-2.0542;-0.68656;2.1659;0.445699;25.5367;3.11142;1.16492
-1.51523;-1.67907;2.26168;-0.514095;-29.4555;1.06678;2.85103
-2.27948;-0.906627;2.45316;0.458094;26.2469;4.31564;0.95971
-1.421;-0.904071;1.68422;-0.188076;-10.776;1.50882;1.9286
-1.91225;-0.587481;2.00046;0.268561;15.3874;2.42292;1.24958
-1.78495;-1.16415;2.13103;-0.279856;-16.0346;1.27368;2.42426
-2.02269;-0.542149;2.09408;0.316044;18.108;2.41754;1.25581
-1.8988;-1.2731;2.28609;-0.328755;-18.8363;1.14182;2.86093
-1.9769;-0.598012;2.06537;0.296884;17.0102;2.3409;1.31248
-1.78507;-1.2144;2.159;-0.30364;-17.3973;1.1579;2.72508
-2.00122;-0.626698;2.09705;0.293905;16.8395;2.36037;1.33179
-1.76669;-1.38277;2.24349;-0.36061;-20.6614;1.17413;2.59476
-2.0988;-0.581453;2.17786;0.393833;22.565;3.16144;1.12437
-1.7315;-1.19488;2.10377;-0.333779;-19.1241;1.22966;2.41637
-2.2052;-0.344734;2.23198;0.448968;25.724;3.12759;1.12715
-2.13128;-1.22263;2.45707;-0.365755;-20.9562;1.07203;2.85728
-2.10049;-0.162886;2.10679;0.443436;25.407;2.77021;1.20324
-1.84071;-1.14311;2.16677;-0.478337;-27.4067;0.990629;3.17149
-2.23883;-0.192301;2.24707;0.470046;26.9317;3.31834;1.09163
-1.85328;-1.1947;2.20498;-0.486916;-27.8982;1.07991;2.79018
-2.38342;-0.0374038;2.38371;0.556907;31.9084;3.94516;0.974292
-2.16449;-0.878484;2.33597;-0.369857;-21.1913;1.06709;2.93246
-2.11568;-0.163662;2.122;0.308346;17.6669;2.5179;1.23885
-1.90412;-1.06822;2.18329;-0.434047;-24.8691;1.20736;2.49596
-2.44369;0.0956055;2.44556;0.550354;31.533;3.67143;0.973785
-1.99071;-0.982904;2.22014;-0.497735;-28.5181;1.03333;3.35591
-2.22289;-0.0826482;2.22442;0.421468;24.1484;3.04856;1.08665
-1.88831;-0.926273;2.10326;-0.418879;-24;1.14453;2.87076
-2.28919;-0.0569064;2.2899;0.431189;24.7053;2.95062;1.10631
-1.97751;-0.93057;2.18552;-0.414979;-23.7765;1.09262;3.04721
-2.09072;-0.088293;2.09258;0.397627;22.7823;2.74325;1.17051
-1.96871;-1.00157;2.20884;-0.428413;-24.5462;1.10386;2.95721
-2.1264;-0.0499632;2.12699;0.447126;25.6184;2.94926;1.1113
-2.07086;-1.04176;2.31813;-0.442597;-25.3589;1.06881;3.11361
-2.16213;-0.117017;2.16529;0.412021;23.607;2.89759;1.12759
-2.03685;-1.14305;2.33566;-0.457323;-26.2027;1.11172;2.86458
-2.4644;-0.0768529;2.4656;0.480217;27.5144;3.51793;1.02503
-1.77041;-0.937529;2.00333;-0.455835;-26.1174;1.12886;2.74713
-2.21518;0.0199788;2.21527;0.496029;28.4203;3.7282;1.03398
-1.95167;-0.494639;2.01337;-0.257236;-14.7386;1.16538;2.6062
-1.8263;0.0810165;1.8281;0.292549;16.7618;2.24371;1.43681
-1.99584;-0.693965;2.11305;-0.378961;-21.7129;1.141;2.63971
-2.35038;0.142499;2.3547;0.395184;22.6423;3.21888;1.13339
-1.97718;-0.413756;2.02001;-0.266843;-15.289;1.26421;2.36721
-1.86731;0.121121;1.87124;0.271062;15.5307;2.55818;1.27167
-1.74479;-0.683944;1.87405;-0.438357;-25.116;1.36624;2.1738
-2.33492;0.476853;2.38311;0.575041;32.9474;4.31623;0.921707
-2.18578;-0.271541;2.20258;-0.325054;-18.6242;1.17238;2.73572
-2.05615;0.366353;2.08853;0.299921;17.1842;2.35611;1.29435
-2.0796;-0.762442;2.21496;-0.527735;-30.237;1.16501;2.75726
-2.31997;0.642247;2.40723;0.621481;35.6083;4.03999;0.905653
-2.28054;-0.34199;2.30604;-0.418921;-24.0024;1.03881;3.57622
-1.90597;0.230378;1.91984;0.269139;15.4205;2.17185;1.35808
-2.16822;-0.53133;2.23237;-0.360606;-20.6612;1.18333;2.78284
-2.06335;-0.0510434;2.06399;0.215585;12.3521;2.5561;1.19682
-2.13593;-0.238994;2.14926;-0.0866958;-4.9673;1.57078;1.92212
-2.10254;-0.124741;2.10624;0.0521697;2.9891;1.83958;1.61315
-1.94736;-0.257805;1.96435;-0.0723629;-4.14609;1.59571;1.89149
-2.01764;-0.0610949;2.01857;0.101351;5.80698;1.84282;1.62167
-1.98191;-0.453132;2.03305;-0.194499;-11.144;1.42425;2.1395
-2.08531;-0.0180208;2.08539;0.216129;12.3833;2.27683;1.35622
-2.01993;-0.49714;2.08021;-0.23268;-13.3316;1.36839;2.20316
-2.06763;0.17008;2.07462;0.323395;18.5292;2.51387;1.27483
-2.0918;-0.549216;2.1627;-0.338835;-19.4138;1.18417;2.57085
-2.15094;0.216916;2.16185;0.357268;20.47;2.93391;1.18874
-2.20048;-0.608383;2.28304;-0.370246;-21.2135;1.27256;2.3642
-2.34595;0.552453;2.41012;0.501017;28.7062;3.65963;1.04348
-2.14748;-0.389506;2.18252;-0.410706;-23.5317;1.14361;2.76188
-2.16164;0.451649;2.20832;0.385402;22.0819;3.21112;1.11408
-2.33276;-0.106914;2.33521;-0.251774;-14.4256;1.31767;2.30006
-2.13894;0.425105;2.18077;0.241989;13.8649;2.50437;1.27321
-2.13554;0.119488;2.13888;-0.140295;-8.03833;1.42551;2.114
-2.15005;0.459379;2.19858;0.154601;8.85796;1.95006;1.53923
-2.1436;-0.0129763;2.14364;-0.216548;-12.4073;1.33335;2.35657
-2.02249;0.425933;2.06686;0.213618;12.2394;2.10891;1.4229
-2.37869;-0.287718;2.39603;-0.327937;-18.7894;1.2761;2.63285
-2.17882;0.47302;2.22958;0.334153;19.1456;2.47928;1.21096
-2.14096;-0.555171;2.21177;-0.467503;-26.786;1.16756;3.50912
-2.08113;0.292033;2.10152;0.393135;22.525;2.61136;1.15626
-2.21681;-0.952369;2.41273;-0.545184;-31.2368;1.13701;4.20863
-2.14481;-0.248284;2.15914;0.290523;16.6458;2.57478;1.17381
-1.90583;-1.07858;2.18987;-0.399751;-22.904;1.31331;3.32241
-2.06046;-0.472249;2.11388;0.289693;16.5982;2.26437;1.33586
-1.75886;-1.67011;2.42545;-0.534217;-30.6084;1.15762;3.59711
-1.99721;-0.69679;2.11527;0.423844;24.2844;2.9672;1.06615
-1.57227;-1.66916;2.29306;-0.479602;-27.4792;1.14113;3.17517
-1.89757;-0.963811;2.12831;0.345318;19.7853;2.99571;1.10648
-1.55336;-1.39755;2.08952;-0.262686;-15.0508;1.32382;2.45195
-1.85053;-0.874707;2.04685;0.291095;16.6785;2.19118;1.39633
-1.51836;-1.63426;2.23074;-0.380593;-21.8064;1.11008;3.2752
-1.8191;-1.12174;2.13716;0.269578;15.4457;2.1884;1.38904
-1.1332;-1.85407;2.17295;-0.469617;-26.9071;1.14763;3.00121
-2.0858;-1.04986;2.33512;0.555874;31.8493;3.21436;1.0569
-1.03465;-2.04549;2.29228;-0.63619;-36.451;0.951593;4.20701
-1.90211;-1.27782;2.29147;0.510958;29.2758;3.61939;1.01876
-1.1865;-2.078;2.39288;-0.460446;-26.3816;1.08497;2.98965
-1.76514;-1.00723;2.0323;0.53345;30.5644;3.20979;1.02386
-1.03172;-2.24112;2.4672;-0.620823;-35.5705;0.966563;3.31804
-1.97673;-1.3543;2.39616;0.538693;30.8648;4.64101;0.873773
-1.34493;-1.68135;2.15309;-0.295439;-16.9274;1.19923;2.24757
-1.76568;-1.08952;2.07478;0.343245;19.6665;2.56022;1.13742
-1.32253;-1.65574;2.1191;-0.343952;-19.707;1.13563;2.37801
-1.86479;-0.894541;2.06825;0.44954;25.7567;2.84769;1.09177
-1.37546;-1.74085;2.21866;-0.454841;-26.0605;1.00722;2.92635
-2.00121;-0.970956;2.22432;0.450391;25.8055;3.14286;1.04848
-1.41064;-1.44745;2.02114;-0.346551;-19.8559;1.07353;2.6645
-1.82879;-1.10515;2.13677;0.254697;14.593;2.41654;1.19395
-1.42523;-1.45129;2.03409;-0.250876;-14.3741;1.31464;2.01514
-2.01412;-1.04225;2.26781;0.31693;18.1588;2.56631;1.12295
-1.47748;-1.61055;2.18559;-0.350939;-20.1073;1.18308;2.37239
-2.0342;-0.83082;2.19733;0.440716;25.2512;2.84133;1.04226
-1.44442;-1.72698;2.2514;-0.486511;-27.8751;1.0141;3.16074
-1.99315;-0.760883;2.13345;0.509586;29.1971;3.1004;0.998802
-1.4878;-1.81755;2.34883;-0.520157;-29.8028;0.964849;3.57786
-2.0251;-0.817711;2.18396;0.501064;28.7089;3.05786;1.0226
-1.47151;-1.81734;2.33839;-0.506398;-29.0145;0.956691;3.59773
-1.98016;-0.948946;2.1958;0.443274;25.3977;3.01764;1.06724
-1.19351;-1.73465;2.10558;-0.521249;-29.8654;1.01337;3.06307
-2.21504;-0.847479;2.37163;0.602722;34.5334;4.18467;0.96373
-1.18746;-1.89813;2.23896;-0.646351;-37.0332;0.911367;3.60233
-2.23667;-0.883206;2.40473;0.635688;36.4223;5.93853;0.908122
-1.52642;-1.61653;2.22331;-0.437981;-25.0945;1.00339;2.8049
-2.25478;-0.730692;2.37022;0.500677;28.6867;4.01906;1.05898
-1.57835;-1.4577;2.14851;-0.432295;-24.7687;1.03709;2.68375
-2.33358;-0.43088;2.37303;0.563093;32.2628;4.13149;1.03263
-1.87563;-1.44705;2.36896;-0.474532;-27.1887;0.968789;3.38893
-2.04982;-0.357504;2.08077;0.484448;27.7569;3.20578;1.01804
-1.855;-1.60051;2.45003;-0.539211;-30.8945;1.01695;3.92863
-2.31025;-0.392208;2.3433;0.543716;31.1526;3.23193;0.947509
-1.502;-1.73939;2.29815;-0.69034;-39.5536;0.944208;5.40898
-2.32744;-0.736348;2.44115;0.552093;31.6326;3.85659;0.892084
-1.59499;-1.62565;2.27744;-0.488504;-27.9892;0.984606;4.01975
-2.01256;-0.799354;2.1655;0.416841;23.8833;2.78858;1.0887
-1.44309;-1.86956;2.36173;-0.535362;-30.674;0.999739;3.48244
-2.32856;-0.834759;2.47367;0.569221;32.614;4.24527;0.920751
-1.71734;-1.67637;2.39989;-0.42911;-24.5862;0.975566;3.71227
-1.99246;-0.807348;2.14981;0.388343;22.2504;2.66757;1.15781
-1.29888;-1.7877;2.20974;-0.557482;-31.9413;1.01453;3.29225
-2.48075;-0.641023;2.56223;0.689596;39.5109;4.99399;0.883343
-1.51864;-1.79033;2.34767;-0.614453;-35.2056;0.88496;4.83072
-2.16847;-0.752917;2.29546;0.533132;30.5462;3.84608;0.97285
-1.50955;-1.78411;2.33705;-0.534375;-30.6174;0.981454;3.70006
-2.30593;-0.771696;2.43163;0.545621;31.2618;3.99182;0.938281
-1.70517;-1.76442;2.45373;-0.479531;-27.4751;0.975194;3.98157
-2.08097;-0.755132;2.21375;0.454376;26.0338;3.03453;1.0604
-1.53167;-1.86355;2.41222;-0.534742;-30.6384;0.970102;4.01244
-2.20461;-0.806186;2.34739;0.532263;30.4964;3.90585;0.975044
-1.3457;-1.83282;2.2738;-0.586891;-33.6264;0.951777;4.13848
-2.29743;-0.794634;2.43098;0.604469;34.6335;5.42224;0.991149
-1.49325;-1.89239;2.41059;-0.569752;-32.6444;0.950198;4.03507
-2.40319;-0.65139;2.4899;0.638058;36.558;8.25398;1.22746
-1.89224;-1.30433;2.29822;-0.33882;-19.4129;1.24405;3.19014
-2.35121;-0.0468515;2.35168;0.583588;33.4372;8.47053;1.42756
-1.89017;-0.490802;1.95285;-0.234127;-13.4145;1.86071;3.29992
-2.41898;0.631169;2.49996;0.509284;29.1798;9.15677;1.90289
-1.89491;0.54717;1.97233;0.0258777;1.48268;3.08423;2.93496
-1.60362;1.423;2.14396;0.44468;25.4783;5.03293;2.23189
-1.87805;0.802776;2.04243;-0.321845;-18.4404;1.58747;2.76757
-1.40811;2.063;2.49775;0.567931;32.54;7.51665;1.30923
-1.10098;1.49854;1.85951;-0.0347184;-1.98922;1.67981;2.04736
-0.901517;1.79993;2.01308;0.1693;9.7002;2.28057;1.60125
-1.3349;1.51131;2.01644;-0.259157;-14.8486;1.51291;2.12207
-0.478921;2.26763;2.31766;0.515355;29.5276;4.1662;1.03874
-1.6793;1.6397;2.34705;-0.58919;-33.7581;0.999636;3.82056
-0.251107;2.3047;2.31833;0.688803;39.4655;5.71895;0.859696
-1.55318;1.8348;2.40393;-0.593938;-34.0302;0.938099;4.95377
-0.184951;2.32086;2.32822;0.622942;35.692;4.1879;0.951859
-1.65118;1.86427;2.49036;-0.645333;-36.9748;0.870206;6.09531
-0.296448;2.37047;2.38893;0.600443;34.4028;3.86488;1.00621
-1.58611;1.54119;2.21156;-0.675346;-38.6945;0.853035;6.21841
-0.618852;2.38865;2.46751;0.546252;31.2979;4.11635;1.001
-1.71176;1.647;2.37545;-0.551169;-31.5796;0.939761;4.7798
-0.624266;2.29988;2.3831;0.539627;30.9184;4.01362;1.02709
-1.86103;1.58725;2.44598;-0.599582;-34.3535;0.935902;4.96929
-0.66625;2.30729;2.40156;0.583518;33.4331;4.65486;0.959449
-1.90194;1.44703;2.38983;-0.639295;-36.6289;0.952864;4.85661
-0.736708;2.4518;2.56009;0.628513;36.0112;5.35895;0.894462
-2.03461;1.437;2.4909;-0.663975;-38.0429;0.968362;4.79055
-0.77174;2.37489;2.49714;0.641675;36.7653;5.94081;0.855907
-1.82663;1.46515;2.34163;-0.580578;-33.2647;1.04246;4.36038
-0.630476;2.24566;2.33248;0.621064;35.5844;4.99725;0.92211
-1.90314;1.67729;2.53677;-0.574688;-32.9272;0.959929;5.11598
-0.54852;2.31307;2.37722;0.615557;35.2688;4.1106;1.03897
-2.01079;1.46972;2.49066;-0.706782;-40.4956;0.858992;6.16711
-0.844521;2.26073;2.41332;0.582112;33.3526;5.04046;0.96792
-1.76174;1.44031;2.27557;-0.527935;-30.2484;1.0141;4.23768
-0.752988;2.24554;2.36843;0.5619;32.1945;4.61367;1.02062
-1.849;1.46382;2.3583;-0.577605;-33.0943;0.986857;4.50869
-0.883817;2.27145;2.43734;0.530074;30.371;5.1606;0.974392
-1.68131;1.51976;2.26638;-0.464752;-26.6283;1.16711;3.58477
-0.69855;2.35404;2.4555;0.547357;31.3612;4.71563;1.01895
-1.65363;1.68374;2.35997;-0.487907;-27.955;1.03093;4.42721
-0.5336;2.29593;2.35713;0.548018;31.3991;3.96309;1.15284
-1.84917;1.61285;2.45372;-0.625195;-35.821;0.916609;5.31055
-0.655372;2.34986;2.43954;0.581565;33.3212;5.10505;1.02732
-1.63848;1.56324;2.26458;-0.536908;-30.7625;1.0254;4.33237
-0.44351;2.37699;2.41801;0.62443;35.7772;4.91757;1.0521
-1.83026;1.72385;2.51426;-0.630864;-36.1459;0.926294;5.16168
-0.454905;2.40762;2.45021;0.628586;36.0153;5.4761;1.00351
-1.61822;2.03068;2.59659;-0.486097;-27.8513;0.999876;4.4966
-0.378828;2.26279;2.29428;0.506962;29.0468;4.11272;1.17618
-1.50577;1.98693;2.49304;-0.482622;-27.6522;1.02292;4.36507
-0.293344;2.25601;2.275;0.519198;29.7478;4.21987;1.15872
-1.52744;1.84705;2.3968;-0.561665;-32.1811;1.02716;4.48152
-0.339528;2.6861;2.70747;0.565233;32.3854;5.15321;1.01549
-1.43452;1.81928;2.31681;-0.541958;-31.0519;1.09177;4.17528
-0.161224;2.38775;2.39319;0.600274;34.3932;5.05727;1.00419
-1.52293;1.77673;2.3401;-0.641215;-36.7389;1.02891;4.78839
-0.169223;2.43378;2.43966;0.639215;36.6243;5.71684;0.931215
-1.43182;2.06124;2.50975;-0.5377;-30.8079;1.06855;4.72437
-0.190876;2.31642;2.32427;0.524903;30.0747;4.21216;1.0965
-1.45145;1.88782;2.3813;-0.573239;-32.8442;1.04924;4.87542
-0.272439;2.41775;2.43305;0.543246;31.1257;4.49967;1.05241
-1.52223;1.80817;2.36361;-0.58754;-33.6636;1.06842;4.73926
-0.207595;2.21244;2.22216;0.606193;34.7323;4.91534;0.99746
-1.44549;1.74355;2.26482;-0.598648;-34.3;1.04427;4.63031
-0.309496;2.23874;2.26003;0.55483;31.7894;3.5821;1.00792
-1.09198;2.02289;2.29881;-0.357614;-20.4898;0.987193;2.36591
-0.872106;1.80517;2.0048;0.0449402;2.57488;1.04237;1.01379
-0.724098;1.74303;1.88745;0.0563166;3.22671;0.791686;0.796862
-0.861045;1.84654;2.03743;-0.0425949;-2.44051;0.717236;0.718965
-1.76866;1.50587;2.32289;-0.429152;-24.5886;1.24238;3.57678
-0.691673;2.22422;2.32928;0.563985;32.314;4.39072;1.10185
-1.90766;1.42175;2.37919;-0.628823;-36.0289;1.01433;5.11667
-0.791495;2.27158;2.40552;0.595038;34.0932;5.25572;1.01657
-1.81881;1.45196;2.32729;-0.561813;-32.1895;1.10527;4.48906
-0.68546;2.2795;2.38033;0.604988;34.6632;5.12475;1.04366
-1.85435;1.62685;2.46683;-0.558552;-32.0027;1.05409;4.81954
-0.568866;2.30832;2.37738;0.60903;34.8949;4.70828;1.11664
-1.67511;1.78908;2.45088;-0.510882;-29.2714;0.975107;5.22582
-0.837367;1.96448;2.13551;0.349578;20.0293;3.57979;1.40084
-1.35312;1.42642;1.96612;-0.356102;-20.4032;1.37871;3.21199
-0.57604;2.31124;2.38194;0.514776;29.4945;4.14732;1.26211
-1.65852;1.72125;2.39027;-0.522582;-29.9418;1.04077;4.49528
-0.525173;2.28713;2.34666;0.541132;31.0046;4.80184;1.17934
-1.47598;1.56962;2.15458;-0.528953;-30.3068;1.13396;4.05904
-0.396026;2.37217;2.405;0.58924;33.7609;5.5248;1.0906
-1.36246;1.78415;2.24488;-0.486758;-27.8892;1.18508;3.94798
-0.210399;2.35193;2.36132;0.562959;32.2552;5.13304;1.13468
-1.36356;1.82139;2.27525;-0.553408;-31.708;1.17475;4.00265
-0.0976888;2.46441;2.46635;0.60301;34.5499;5.94102;1.01946
-1.16083;2.02623;2.3352;-0.480637;-27.5385;1.26972;3.7575
0.135387;2.39607;2.3999;0.5767;33.0425;5.12959;1.08083
-1.07243;1.95068;2.22604;-0.559114;-32.0349;1.14969;4.43381
0.304617;2.44118;2.46011;0.626811;35.9136;5.05123;1.08323
-0.923282;1.99554;2.19878;-0.557484;-31.9415;1.02951;5.28984
0.125088;2.31173;2.31511;0.487401;27.926;3.88778;1.30374
-1.13192;2.05523;2.34632;-0.557476;-31.941;1.09182;4.70678
0.127925;2.31641;2.31994;0.558588;32.0048;4.65096;1.13687
-1.08844;2.14026;2.40113;-0.525639;-30.1169;1.11735;4.58977
0.0816169;2.46326;2.46461;0.503591;28.8536;4.46688;1.18334
-1.02681;2.03804;2.2821;-0.499822;-28.6377;1.19774;4.12435
0.157884;2.29857;2.30399;0.53528;30.6693;4.74364;1.14842
-1.02746;2.06186;2.30368;-0.530881;-30.4173;1.19292;4.13188
0.345872;2.40593;2.43067;0.605081;34.6686;5.09604;1.08679
-0.978046;2.13309;2.34662;-0.57269;-32.8127;1.09316;4.75221
0.097452;2.44901;2.45095;0.469681;26.9108;4.81319;1.1297
-0.786172;1.79916;1.96343;-0.451733;-25.8824;1.45621;3.33027
0.302017;2.40163;2.42055;0.53706;30.7713;5.08467;1.07998
-0.834692;2.21983;2.37157;-0.484759;-27.7747;1.30585;3.79318
0.548309;2.39523;2.45719;0.584701;33.5009;4.97533;1.09107
-0.68546;2.12613;2.23389;-0.536916;-30.763;1.14039;4.52334
0.421196;2.13693;2.17805;0.506486;29.0195;4.65006;1.1794
-0.584531;2.08089;2.16143;-0.468456;-26.8406;1.29259;3.85709
0.452195;2.42965;2.47137;0.457857;26.2333;4.71774;1.17696
-0.399082;2.10863;2.14606;-0.371059;-21.2601;1.46821;3.33842
0.845521;2.13932;2.30035;0.563435;32.2825;4.26828;1.26958
-0.5054;2.35117;2.40488;-0.588121;-33.6969;1.03576;5.14743
0.881351;2.15041;2.32401;0.600707;34.418;4.72356;1.21524
-0.494862;2.42702;2.47696;-0.590112;-33.8109;1.04802;4.96122
0.878107;2.16374;2.33514;0.58666;33.6131;5.01655;1.16821
-0.267467;2.43629;2.45092;-0.494867;-28.3538;1.14631;4.41709
0.991424;2.18051;2.39531;0.536083;30.7153;4.39906;1.27258
-0.279784;2.24716;2.26451;-0.550604;-31.5473;1.11712;4.5302
0.951367;2.38378;2.56661;0.503599;28.8541;4.91085;1.18911
-0.0647289;2.15254;2.15352;-0.409793;-23.4794;1.36782;3.55985
1.13353;2.11248;2.39738;0.52255;29.9399;4.3539;1.26165
0.117771;2.21367;2.2168;-0.439337;-25.1721;1.15659;4.4243
0.968111;1.93427;2.16302;0.410899;23.5428;3.51668;1.48273
-0.175711;2.2541;2.26094;-0.541845;-31.0454;1.23046;4.08298
1.24665;2.08811;2.43194;0.616021;35.2954;5.27418;1.09619
-0.205601;2.27358;2.28286;-0.628412;-36.0054;1.16164;4.45817
1.24609;2.17601;2.50754;0.610251;34.9648;5.92623;1.02512
-0.037471;2.05196;2.0523;-0.538324;-30.8437;1.35597;3.60145
1.397;1.97243;2.41704;0.634511;36.3548;5.93865;1.0446
0.320618;2.27605;2.29852;-0.476306;-27.2903;1.2867;3.70101
1.60527;1.81864;2.42577;0.583217;33.4158;5.26429;1.17592
0.393033;1.90516;1.94528;-0.519717;-29.7776;1.24828;3.69622
1.71293;1.72639;2.43199;0.578039;33.1192;5.82973;1.16813
0.897473;1.92598;2.12482;-0.345418;-19.791;1.47083;3.11648
1.86746;1.33833;2.29751;0.512912;29.3877;4.79872;1.33866
0.892056;1.80861;2.01664;-0.490763;-28.1186;1.34937;3.40985
2.12343;1.17154;2.42517;0.608417;34.8597;6.42265;1.15511
1.42178;1.70928;2.22331;-0.3728;-21.3598;1.48136;3.15263
2.1529;0.648957;2.24858;0.584191;33.4717;5.047;1.26573
1.69789;1.51391;2.27481;-0.435407;-24.947;1.20139;3.86905
2.45535;0.502298;2.50621;0.526391;30.16;4.38174;1.3592
1.72791;1.49804;2.28688;-0.512473;-29.3626;1.18088;3.94682
2.25387;0.301608;2.27396;0.581234;33.3023;5.08011;1.18559
1.85431;1.25427;2.23867;-0.46169;-26.4529;1.26065;3.73678
1.97936;0.223411;1.99192;0.482323;27.6351;4.31057;1.22791
1.77915;1.08572;2.08427;-0.435525;-24.9538;1.36534;3.5614
2.27483;0.13918;2.27909;0.486814;27.8924;3.97995;1.23915
1.90809;1.21385;2.26147;-0.505477;-28.9617;1.23219;4.26218
2.32611;-0.0142336;2.32615;0.572703;32.8135;3.88398;1.24792
1.86214;1.22089;2.22668;-0.586448;-33.601;1.03584;5.63714
2.07481;0.461374;2.12549;0.36152;20.7136;3.30466;1.45206
1.6608;1.4194;2.18471;-0.488377;-27.9819;1.3612;3.78721
2.41058;0.454035;2.45297;0.521016;29.852;4.30733;1.15367
1.77176;1.51739;2.33273;-0.522045;-29.911;1.24074;4.33577
2.15673;0.570791;2.23099;0.449491;25.7539;3.99872;1.21971
2.04138;1.22838;2.38247;-0.282977;-16.2134;1.36248;3.68361
1.85024;0.849605;2.03598;0.111234;6.37322;2.40554;1.86946
1.70475;1.12049;2.04002;-0.151009;-8.65217;1.8046;2.40864
1.98968;0.505993;2.05301;0.332445;19.0477;2.73912;1.60015
1.68418;1.54143;2.28308;-0.492142;-28.1977;1.20992;3.63183
2.41953;0.483047;2.46728;0.544118;31.1757;4.43271;1.13165
1.79508;1.25497;2.19027;-0.41308;-23.6678;1.19376;3.6229
2.18241;0.375029;2.2144;0.439955;25.2075;3.39059;1.34096
1.96376;1.4649;2.44996;-0.470735;-26.9711;1.16461;3.71737
2.18394;0.214571;2.19446;0.54298;31.1104;3.88841;1.19309
1.87627;1.45014;2.37135;-0.560052;-32.0886;1.08625;4.33644
2.27474;0.387434;2.3075;0.489285;28.034;3.95693;1.15405
1.84648;1.61693;2.45437;-0.550516;-31.5423;1.23472;3.75512
1.85333;0.304584;1.87819;0.55633;31.8753;4.45048;1.01722
2.1019;1.37265;2.51041;-0.415629;-23.8138;1.28983;3.71175
2.07827;0.547489;2.14918;0.320934;18.3882;2.73955;1.36711
1.55615;1.43333;2.11567;-0.486755;-27.889;1.23935;3.81258
2.0841;0.737835;2.21086;0.404076;23.1519;3.04462;1.19318
1.51094;1.7284;2.29571;-0.512169;-29.3451;1.19331;4.69361
2.04089;1.15156;2.34336;0.338717;19.4071;2.67694;1.43547
0.994238;2.13885;2.35865;-0.621953;-35.6353;1.19095;5.64645
1.56598;1.50631;2.17284;0.369688;21.1816;2.987;1.31528
0.636042;2.2645;2.35213;-0.530999;-30.424;1.31057;5.58283
0.976161;1.64416;1.91211;0.261964;15.0094;2.4299;1.70756
0.0875001;2.19146;2.19321;-0.495878;-28.4117;1.31679;4.79214
0.495336;1.79498;1.86207;0.229349;13.1407;2.46815;1.50073
-0.149637;2.28442;2.28932;-0.334665;-19.1749;1.40341;3.36704
0.258833;1.98611;2.00291;0.195001;11.1727;2.27214;1.50181
-0.445529;2.05879;2.10644;-0.342709;-19.6358;1.34818;2.74782
0.376846;2.12126;2.15447;0.388935;22.2843;2.79528;1.19128
-0.653223;2.17172;2.26783;-0.467995;-26.8142;1.11104;3.43363
0.313196;2.16003;2.18262;0.436171;24.9907;3.00934;1.11727
-0.560621;2.2446;2.31355;-0.38875;-22.2737;1.09657;3.75511
-0.0886609;1.92496;1.927;0.198731;11.3864;2.12325;1.51455
-1.04685;2.08037;2.32891;-0.420181;-24.0746;1.27774;3.00731
-0.0621224;2.21228;2.21316;0.438134;25.1032;2.80135;1.0812
-1.22948;2.01627;2.36156;-0.519507;-29.7656;1.0354;4.05049
-0.421299;1.94839;1.99342;0.33463;19.1729;2.45035;1.16972
-1.37682;1.8475;2.30411;-0.427493;-24.4935;1.10916;3.05575
-0.644908;2.47969;2.56218;0.386004;22.1164;2.73741;1.09301
-1.515;1.67621;2.25941;-0.480485;-27.5298;1.05026;3.05849
-0.57163;2.22574;2.29798;0.483532;27.7043;3.33487;0.996467
-1.39541;1.61779;2.13645;-0.460336;-26.3753;1.04487;3.06432
-0.495005;2.15063;2.20686;0.485502;27.8172;3.053;1.04294
-1.47897;1.66732;2.22875;-0.49938;-28.6124;0.986856;3.34942
-0.492397;2.18847;2.24318;0.504297;28.8941;3.03222;1.03656
-1.54616;1.84479;2.40704;-0.476247;-27.287;0.958608;3.64212
-0.71942;2.1232;2.24178;0.370862;21.2488;2.56389;1.14846
-1.59119;1.56057;2.22874;-0.468416;-26.8383;1.06231;3.25681
-0.870843;2.03454;2.21308;0.390677;22.3841;2.82529;1.04802
-1.74888;1.4785;2.2901;-0.464546;-26.6165;1.129;3.47876
-0.997799;1.89143;2.13849;0.383548;21.9757;2.61797;1.1311
-2.0945;1.35139;2.49263;-0.512363;-29.3562;1.10291;5.09041
-1.46657;1.36133;2.00101;0.1752;10.0382;2.25653;1.5568
-2.24156;0.361079;2.27046;-0.588489;-33.7179;1.39435;4.11492
-1.71662;1.44761;2.24552;0.540875;30.9898;3.32494;0.974978
-2.39453;-0.0600906;2.39528;-0.725676;-41.5782;1.15592;10.0228
-1.81902;0.389967;1.86035;0.236276;13.5376;2.4972;1.31067
-2.20196;-0.473115;2.25222;-0.422829;-24.2263;1.40323;3.7538
-2.0551;-0.0300131;2.05532;0.19704;11.2896;2.2332;1.41715
-2.08543;-0.868761;2.25915;-0.380119;-21.7792;1.29487;3.53811
-1.91665;-0.420048;1.96214;0.178977;10.2546;2.04398;1.46122
-1.70389;-1.30991;2.14921;-0.439661;-25.1907;1.24871;3.07512
-2.18568;-0.507995;2.24394;0.427041;24.4677;2.71998;1.05111
-1.67872;-1.59768;2.31748;-0.532303;-30.4987;1.02683;3.96541
-2.04196;-0.69624;2.15739;0.432064;24.7554;2.59299;1.04579
-1.58688;-1.56941;2.23187;-0.45126;-25.8553;0.963759;3.56997
-1.97438;-0.961242;2.19594;0.326786;18.7235;2.21216;1.1577
-1.43512;-1.75929;2.27039;-0.433455;-24.8351;1.00713;2.94029
-2.12812;-1.04589;2.37124;0.429738;24.6222;2.77057;1.01943
-1.32445;-1.8502;2.27539;-0.492725;-28.231;0.976897;3.20504
-1.94475;-1.03121;2.20124;0.461963;26.4686;3.11593;0.9683
-1.31822;-1.90119;2.31349;-0.476982;-27.329;1.01202;3.04616
-2.04093;-1.01907;2.28121;0.501437;28.7302;3.26772;0.950606
-1.36485;-1.81305;2.26936;-0.462409;-26.4941;0.970036;3.30749
-1.57283;-0.929877;1.82715;0.391577;22.4357;2.75267;1.03531
-1.27675;-1.67392;2.10525;-0.385265;-22.074;1.07195;2.66529
-1.87807;-0.878874;2.07354;0.481504;27.5881;2.69088;1.03173
-1.14911;-1.95063;2.26394;-0.60074;-34.4199;0.904603;3.87548
-2.02346;-1.08466;2.29584;0.546372;31.3048;3.62528;0.901616
-1.14413;-1.94419;2.25586;-0.546822;-31.3306;0.958891;3.47218
-2.07669;-1.04796;2.32612;0.57154;32.7469;3.4814;0.907678
-1.27634;-2.10348;2.46042;-0.558065;-31.9748;0.90728;4.36487
-1.84586;-1.18497;2.19348;0.454705;26.0527;2.91364;0.981452
-1.09219;-1.97444;2.25639;-0.494821;-28.3512;0.981226;3.59249
-1.77683;-1.27403;2.18638;0.443465;25.4087;2.87769;0.986689
-1.00451;-2.10138;2.32913;-0.502821;-28.8095;0.989074;3.57157
-1.79257;-1.36426;2.25267;0.474336;27.1774;3.00422;0.966266
-0.779457;-2.27015;2.40024;-0.589511;-33.7765;0.959349;3.95337
-1.68546;-1.60562;2.32783;0.478913;27.4397;3.75636;0.878206
-0.886067;-2.17745;2.35083;-0.423187;-24.2468;1.08569;3.11521
-1.72244;-1.56523;2.32739;0.446718;25.595;2.72804;1.01778
-0.694014;-2.24726;2.35198;-0.533647;-30.5757;0.934049;4.41115
-1.70899;-1.60144;2.34206;0.51834;29.6987;2.76931;1.02793
-0.395187;-2.38313;2.41568;-0.653544;-37.4453;0.857017;5.4621
-1.56344;-1.57053;2.21605;0.618805;35.4549;3.49154;0.944445
-0.354866;-2.38718;2.41341;-0.635562;-36.415;0.842534;5.67804
-1.30555;-1.78708;2.21316;0.483362;27.6946;3.25607;1.00166
-0.296738;-2.33336;2.35216;-0.504443;-28.9025;0.947055;3.64013
-1.48708;-1.70282;2.26075;0.591377;33.8834;3.53763;0.975174
-0.19587;-2.39581;2.4038;-0.636296;-36.4571;0.847343;4.85503
-1.2995;-1.90474;2.3058;0.517139;29.6299;4.23301;0.9419
-0.23861;-2.03476;2.0487;-0.481979;-27.6153;1.01554;3.07193
-1.47342;-1.83083;2.35008;0.560917;32.1382;4.1712;0.944061
-0.318548;-2.32668;2.34838;-0.541586;-31.0306;0.931152;3.77755
-1.3467;-2.04977;2.45258;0.445216;25.509;4.2984;0.943261
-0.488249;-2.04752;2.10493;-0.347194;-19.8927;1.18958;2.44642
-1.28446;-1.3584;1.86952;0.523341;29.9852;3.64002;1.01198
-0.481952;-2.29666;2.34668;-0.550581;-31.5459;0.928945;3.83628
-1.74271;-1.92994;2.60032;0.527615;30.2301;4.77797;0.944276
-0.66277;-2.05897;2.16301;-0.423042;-24.2385;1.02222;3.00956
-1.82586;-1.40472;2.30369;0.603609;34.5842;4.33787;1.02207
-1.08259;-2.32745;2.56691;-0.479654;-27.4822;0.852137;4.24755
-1.95773;-1.64714;2.55847;0.435972;24.9793;3.75971;1.14741
-0.893674;-1.83558;2.04157;-0.418264;-23.9648;1.07995;2.80077
-2.11057;-1.2245;2.44006;0.591998;33.919;5.3631;1.00616
-1.18198;-1.94796;2.27852;-0.499692;-28.6302;0.975068;3.32493
-2.25998;-0.97232;2.46027;0.619114;35.4726;5.73237;0.957904
-1.34737;-1.72794;2.19116;-0.502225;-28.7754;0.979135;3.38345
-2.29533;-0.657113;2.38754;0.629695;36.0788;5.28764;0.956871
-1.74124;-1.79581;2.50137;-0.521999;-29.9083;0.920194;3.98558
-2.39309;-0.571528;2.46039;0.566391;32.4518;4.7542;0.977477
-1.6758;-1.7965;2.45677;-0.585714;-33.5589;0.963921;3.73409
-2.32069;-0.450162;2.36395;0.628549;36.0132;6.28;0.863753
-1.66911;-1.37875;2.16492;-0.49882;-28.5803;1.0691;3.28644
-2.42178;-0.197852;2.42985;0.608901;34.8875;5.042;0.911476
-2.07145;-1.59604;2.615;-0.574972;-32.9435;0.93925;4.24604
-2.41916;-0.0459619;2.41959;0.637491;36.5256;5.03867;0.910248
-1.99715;-1.09616;2.2782;-0.482972;-27.6723;0.896762;4.83561
-2.21576;-0.278835;2.23323;0.376785;21.5882;2.85507;1.23637
-1.75153;-1.31134;2.18803;-0.517476;-29.6492;1.00374;3.69313
-2.28669;-0.0472399;2.28718;0.622004;35.6382;4.9084;0.943128
-2.08692;-1.2223;2.41852;-0.509182;-29.174;0.913053;4.83969
-2.2584;-0.00370131;2.25841;0.528198;30.2635;3.43827;1.12615
-2.01088;-1.39898;2.44965;-0.606199;-34.7326;0.873799;5.14127
-2.13938;-0.23793;2.15257;0.497078;28.4805;3.43942;0.98216
-1.81491;-0.851979;2.00493;-0.328138;-18.8009;0.96077;2.13189
-1.73487;-0.638728;1.84872;0.0861277;4.93475;1.11595;0.956654
-1.99094;-0.731629;2.12112;0.000609146;0.0349015;0.81734;0.803718
-1.82469;-0.687543;1.94993;-0.00818722;-0.469093;0.719291;0.717196
-1.89371;-0.563182;1.97568;0.0712818;4.08415;2.18566;1.5313
-1.75379;-0.517094;1.82844;0.00234686;0.134465;1.76288;1.94691
-1.8679;-0.764732;2.01838;-0.101871;-5.83677;1.67508;2.06217
-2.05708;-0.383728;2.09257;0.204169;11.698;2.21274;1.55303
-1.77319;-1.34643;2.22646;-0.465024;-26.6439;1.19998;3.21993
-2.49801;-0.142233;2.50205;0.592567;33.9516;4.75839;0.927969
-1.93925;-1.48074;2.43994;-0.595248;-34.1052;0.946993;5.0325
-2.26605;-0.181263;2.27329;0.572304;32.7906;4.47537;0.990142
-1.84798;-1.64698;2.47539;-0.648131;-37.1351;0.943948;4.8723
-2.49969;-0.204807;2.50807;0.646201;37.0246;5.77876;0.900459
-2.03166;-1.51333;2.53334;-0.558462;-31.9975;0.974829;4.51067
-2.34106;-0.133615;2.34487;0.5832;33.4149;5.01719;0.988635
-1.94974;-1.1729;2.27534;-0.484556;-27.763;0.992115;4.42232
-2.17192;-0.230885;2.18416;0.435663;24.9616;3.93266;1.15515
-1.85816;-1.06644;2.14244;-0.415117;-23.7845;1.13846;3.58234
-2.23779;-0.163178;2.24373;0.448233;25.6819;3.96891;1.13135
-1.90566;-1.18904;2.24619;-0.485053;-27.7915;1.11849;3.73835
-2.39233;0.0526795;2.39291;0.57986;33.2235;4.62843;1.00288
-1.93636;-1.46518;2.42822;-0.669769;-38.3749;0.968976;4.93649
-2.30841;0.109947;2.31103;0.695345;39.8403;5.84872;0.875626
-2.07059;-1.28255;2.43562;-0.602165;-34.5015;0.97606;5.24733
-2.3445;0.00834059;2.34451;0.55813;31.9785;4.31292;1.00456
-2.02083;-1.39302;2.45444;-0.607086;-34.7835;0.986123;5.35382
-2.29635;-0.179411;2.30334;0.525558;30.1123;4.26049;1.00331
-1.78584;-1.44369;2.2964;-0.601879;-34.4851;1.0571;4.99722
-2.40425;-0.212653;2.41363;0.59163;33.8979;4.52405;0.958323
-1.77979;-1.61748;2.40497;-0.649437;-37.21;0.986937;5.93864
-2.2864;-0.230556;2.298;0.637158;36.5065;4.22167;0.999234
-1.8615;-1.79107;2.58324;-0.665619;-38.1371;0.905615;7.23487
-2.07502;-0.742409;2.20383;0.422524;24.2089;3.35636;1.19419
-1.50689;-1.95157;2.46563;-0.569682;-32.6404;1.08237;4.90706
-2.19048;-0.914227;2.37361;0.51789;29.6729;4.13457;1.00824
-1.27677;-2.10362;2.46076;-0.629906;-36.0909;1.05997;5.3288
-2.1441;-1.02446;2.37628;0.579559;33.2063;4.44856;0.960212
-1.19202;-2.14396;2.45306;-0.617634;-35.3878;1.01302;5.9489
-1.78471;-1.12228;2.10825;0.502019;28.7636;3.66442;1.10969
-0.704173;-2.15324;2.26546;-0.693383;-39.7279;1.02046;5.64247
-1.90171;-1.42308;2.37522;0.612307;35.0826;4.86775;0.915821
-0.860025;-2.35632;2.50836;-0.57841;-33.1405;1.03036;5.5112
-1.71694;-1.51937;2.29267;0.496407;28.442;3.62647;1.13892
-0.592223;-2.64857;2.71398;-0.626387;-35.8893;0.998073;5.60697
-1.66984;-1.70033;2.38317;0.556366;31.8774;4.3821;1.02466
-0.453477;-2.45714;2.49863;-0.593847;-34.0249;1.01667;5.43633
-1.70451;-1.67537;2.39003;0.611519;35.0374;4.19061;1.08897
-0.330052;-2.51543;2.53699;-0.663554;-38.0189;0.902192;6.42742
-1.32706;-1.81047;2.24475;0.502062;28.7661;4.07882;1.14521
-0.168016;-2.33829;2.34432;-0.560797;-32.1313;1.0647;4.58345
-1.38895;-2.05167;2.4776;0.523381;29.9875;4.70832;1.04035
-0.0284023;-2.42738;2.42754;-0.583411;-33.427;1.13786;4.24012
-1.44847;-1.93839;2.41979;0.630041;36.0987;5.5689;0.933115
-0.228749;-2.37338;2.38438;-0.545657;-31.2638;1.08337;4.70397
-1.37414;-1.85538;2.30883;0.541389;31.0193;4.32183;1.10026
-0.200304;-2.21424;2.22328;-0.547257;-31.3555;1.03137;4.87358
-1.12938;-2.01694;2.31161;0.420231;24.0774;4.14252;1.16018
-0.333462;-2.1083;2.13451;-0.35358;-20.2586;1.31274;3.46811
-1.18612;-1.85768;2.20405;0.411378;23.5702;3.46904;1.3109
-0.0380881;-2.3585;2.35881;-0.552097;-31.6328;1.13326;4.25899
-1.30228;-1.95007;2.34493;0.572646;32.8102;5.03542;1.00152
-0.169454;-2.36528;2.37134;-0.517274;-29.6376;1.12698;4.4227
-1.25116;-1.81114;2.20127;0.533013;30.5394;4.28256;1.11438
0.0871738;-2.4016;2.40319;-0.640816;-36.716;1.06512;4.83765
-1.36168;-2.0511;2.46194;0.622352;35.6582;5.53611;0.947408
-0.0613887;-2.35849;2.35929;-0.560047;-32.0883;1.11558;4.63311
-1.27666;-2.10032;2.45789;0.520141;29.8019;4.64471;1.06132
-0.0275962;-2.33042;2.33059;-0.534323;-30.6145;1.1648;4.32829
-1.33725;-1.98294;2.39171;0.581482;33.3165;4.76868;1.05941
-0.0397048;-2.32188;2.32222;-0.576225;-33.0152;1.05642;4.92792
-1.32176;-1.78693;2.22265;0.619768;35.5101;4.63214;1.11724
-0.0665749;-2.44725;2.44816;-0.609669;-34.9315;0.971503;5.44457
-1.37607;-1.97214;2.40477;0.582019;33.3473;4.69226;1.15815
-0.273016;-2.11346;2.13102;-0.480748;-27.5449;1.02033;4.85889
-1.14993;-1.89435;2.21606;0.417104;23.8983;3.77729;1.43583
-0.0694723;-2.20067;2.20177;-0.514014;-29.4508;1.22564;3.73485
-1.58698;-1.98576;2.542;0.642682;36.823;6.03768;1.04878
-0.405735;-2.2387;2.27517;-0.49495;-28.3586;1.16243;3.94943
-1.72523;-1.75643;2.46201;0.597145;34.2139;5.35252;1.12907
-0.728591;-2.28251;2.39598;-0.467452;-26.7831;1.13316;3.98191
-1.64595;-1.50478;2.23014;0.521191;29.862;4.89098;1.1906
-0.826144;-2.04672;2.20716;-0.446531;-25.5843;1.30289;3.55911
-1.94103;-1.36912;2.37531;0.57284;32.8213;5.3539;1.13925
-1.12284;-2.06259;2.34841;-0.457961;-26.2392;1.44549;4.22731
-1.78745;-1.26159;2.18783;0.457665;26.2223;4.67029;1.27943
-1.113;-1.82838;2.1405;-0.409372;-23.4553;1.60982;3.95338
-1.80746;-1.21842;2.17978;0.430844;24.6855;4.19877;1.33385
-1.11698;-1.87508;2.18256;-0.44041;-25.2336;1.33286;4.06591
-1.95199;-1.10197;2.24156;0.519611;29.7715;4.32408;1.25674
-1.28305;-1.89905;2.29186;-0.462683;-26.5098;1.10602;4.51154
-1.7637;-1.21019;2.13897;0.375238;21.4995;2.81996;1.36221
-1.28252;-1.6557;2.09433;-0.310349;-17.7817;1.09392;2.16992
-1.31839;-1.48528;1.986;0.0668781;3.83183;1.18724;1.03979
-1.54892;-1.32802;2.04029;0.136087;7.7972;0.846053;0.813713
-1.5404;-1.28239;2.00433;0.0145149;0.831642;0.724917;0.722502
-1.99791;-0.844196;2.16894;0.294465;16.8716;2.9559;1.64048
-1.48934;-1.52937;2.13474;-0.398875;-22.8539;1.32224;3.83406
-2.08032;-0.712267;2.19887;0.468786;26.8595;4.17335;1.32184
-1.46337;-1.67497;2.22418;-0.522849;-29.957;1.21779;4.27875
-2.38318;-0.648303;2.46979;0.587117;33.6394;5.33351;1.12096
-1.71052;-1.55859;2.31411;-0.473353;-27.1212;1.16991;4.51247
-2.37959;-0.50422;2.43243;0.530154;30.3756;4.27068;1.31396
-1.46836;-1.49752;2.09729;-0.586422;-33.5995;1.06124;5.0891
-2.15677;-0.733207;2.27799;0.467528;26.7874;4.94326;1.2059
-1.70311;-1.3764;2.18977;-0.352003;-20.1683;1.47947;3.45498
-2.48168;-0.505043;2.53255;0.478936;27.441;4.04867;1.3448
-1.62603;-1.59805;2.27985;-0.575956;-32.9998;1.12783;4.78917
-2.23603;-0.540657;2.30046;0.539482;30.9101;5.28128;1.1333
-1.64484;-1.59917;2.29409;-0.534081;-30.6006;1.33655;3.91484
-2.40259;-0.3672;2.43049;0.61966;35.5039;5.91462;1.02692
-1.86473;-1.42389;2.34621;-0.500481;-28.6754;1.26405;4.21765
-2.39023;-0.305135;2.40963;0.52517;30.09;4.908;1.16319
-2.03507;-1.43783;2.49176;-0.48812;-27.9672;1.27308;4.15102
-2.39714;-0.151849;2.40195;0.551831;31.6176;4.95545;1.1589
-2.01073;-1.2937;2.39096;-0.508457;-29.1324;1.20952;4.4379
-2.37616;-0.0309635;2.37636;0.558688;32.0105;4.76884;1.20245
-1.94155;-1.2269;2.29671;-0.55053;-31.543;1.14581;4.7109
-2.45396;-0.236085;2.46529;0.46765;26.7944;4.85007;1.19074
-1.92377;-1.00494;2.17043;-0.385481;-22.0864;1.47096;3.48361
-2.21003;0.0176067;2.2101;0.489358;28.0381;4.24833;1.27369
-1.99598;-1.26008;2.36046;-0.571088;-32.721;1.22201;4.41222
-2.21946;0.10283;2.22184;0.60942;34.9172;5.35436;1.06495
-1.95499;-1.16954;2.27812;-0.585418;-33.542;1.21229;4.61346
-2.41695;0.118077;2.41983;0.587935;33.6862;5.15474;1.08107
-2.12898;-0.998412;2.35146;-0.487327;-27.9218;1.19965;4.76668
-2.20464;0.0217124;2.20474;0.44836;25.6891;3.83711;1.37626
-2.00309;-1.10724;2.28874;-0.514811;-29.4965;1.2209;4.54854
-2.42091;0.030238;2.4211;0.517453;29.6479;4.40681;1.23423
-2.01718;-1.14147;2.31775;-0.527436;-30.2199;1.19135;4.55281
-2.33875;0.0763587;2.34;0.547584;31.3743;4.50468;1.21523
-1.97665;-1.30119;2.36648;-0.614812;-35.2261;1.14223;4.71396
-2.39677;0.0175424;2.39683;0.589493;33.7755;5.52504;1.06256
-2.2111;-0.96269;2.41158;-0.417957;-23.9471;1.2955;3.9565
-2.23882;0.100474;2.24108;0.455485;26.0974;3.93132;1.35266
-1.90743;-1.01314;2.1598;-0.533106;-30.5447;1.22467;4.09943
-2.48242;0.22541;2.49264;0.578812;33.1635;5.18209;1.13628
-2.09138;-0.912727;2.28187;-0.502061;-28.766;1.20882;4.17027
-2.44042;0.377029;2.46937;0.564789;32.36;4.77392;1.21345
-2.13167;-0.981472;2.34676;-0.58477;-33.5049;1.13848;4.49232
-2.38824;0.47343;2.43471;0.627185;35.9351;5.39709;1.11378
-2.12078;-0.854978;2.28664;-0.57891;-33.1691;1.1526;4.5432
-2.30275;0.548515;2.36717;0.617055;35.3547;5.10532;1.13538
-2.10877;-0.642576;2.2045;-0.52962;-30.345;1.12911;4.74222
-2.28887;0.319733;2.31109;0.43457;24.899;4.05288;1.31045
-2.18495;-0.695743;2.29305;-0.447066;-25.615;1.33396;3.62708
-2.20822;0.351906;2.23608;0.466307;26.7174;4.21355;1.1717
-2.0051;-0.538391;2.07612;-0.420357;-24.0847;1.30765;3.57521
-2.16522;0.545288;2.23283;0.509033;29.1654;3.68179;1.24849
-2.45387;-0.687771;2.54843;-0.519978;-29.7925;1.0588;4.76603
-2.18785;0.489192;2.24187;0.493246;28.2609;3.48522;1.31361
-2.19284;-0.923254;2.37928;-0.61848;-35.4363;1.04089;4.81345
-2.69452;0.281312;2.70916;0.502528;28.7928;4.65567;1.08678
-1.95945;-0.684713;2.07564;-0.440202;-25.2217;1.3092;3.53011
-2.25687;0.3609;2.28554;0.494746;28.3469;4.04379;1.18351
-2.14425;-0.764567;2.27648;-0.501081;-28.7098;1.18229;3.96573
-2.30896;0.363255;2.33736;0.498557;28.5652;4.11745;1.14696
-2.20355;-0.622063;2.28967;-0.431186;-24.7051;1.1785;3.63712
-2.24689;0.559828;2.31558;0.519326;29.7552;3.52576;1.223
-2.24748;-0.915608;2.42683;-0.631049;-36.1564;0.986818;4.41397
-2.44551;0.536238;2.50362;0.602721;34.5334;4.92425;1.00292
-2.2032;-0.504283;2.26017;-0.440869;-25.2599;1.12262;3.67888
-2.16798;0.496218;2.22404;0.45002;25.7843;3.56064;1.22538
-2.10142;-0.420628;2.14311;-0.422562;-24.211;1.14882;3.54705
-2.25501;0.469162;2.30329;0.40268;23.0719;3.45032;1.24086
-2.03991;-0.469193;2.09317;-0.431202;-24.7061;1.24516;3.22965
-2.35913;0.377992;2.38922;0.38495;22.056;3.94563;1.11411
-2.06267;-0.212155;2.07355;-0.261369;-14.9753;1.51896;2.59705
-2.01565;0.617472;2.10811;0.399755;22.9043;2.95098;1.3188
-2.51601;-0.588612;2.58394;-0.527075;-30.1992;1.10714;4.04656
-2.2129;0.698504;2.32052;0.535567;30.6857;3.59053;1.06351
-2.36743;-0.502086;2.42009;-0.514737;-29.4923;1.00777;4.79026
-2.04902;0.0375825;2.04937;0.227324;13.0247;2.54509;1.34224
-1.97293;-0.496001;2.03433;-0.264638;-15.1626;1.39121;2.88434
-2.03749;-0.122087;2.04114;0.186449;10.6828;2.24933;1.52375
-1.89468;-0.83215;2.06937;-0.35399;-20.2822;1.33637;3.14941
-2.00689;-0.246536;2.02197;0.291607;16.7079;2.57642;1.28
-1.77222;-1.11267;2.09256;-0.438409;-25.119;1.21858;3.45712
-2.25649;-0.436302;2.29829;0.369644;21.179;2.75165;1.12982
-2.16575;-1.437;2.59913;-0.394818;-22.6214;1.08239;3.81419
-1.86482;-0.764512;2.01545;0.196748;11.2729;2.11347;1.44117
-1.40641;-1.4442;2.01586;-0.409587;-23.4676;1.23281;2.84762
-2.04945;-0.648605;2.14964;0.49215;28.1981;3.12314;1.02502
-1.51102;-1.7787;2.33388;-0.560083;-32.0904;0.985674;4.17454
-2.00429;-0.886896;2.19175;0.449989;25.7825;3.10233;1.03966
-1.37259;-1.79447;2.25923;-0.501228;-28.7182;1.03481;3.72094
-1.92754;-1.08273;2.21082;0.406032;23.2639;3.05685;1.0603
-1.17149;-1.86235;2.20016;-0.497503;-28.5048;1.10188;3.27748
-2.16451;-1.02828;2.39634;0.565798;32.4178;3.62337;0.96359
-1.25649;-1.95016;2.31989;-0.554938;-31.7956;0.9389;4.29304
-1.84133;-1.04399;2.1167;0.482653;27.654;3.16407;1.08092
-1.21135;-1.88609;2.24159;-0.484102;-27.737;0.982681;3.66638
-1.89452;-1.15065;2.21657;0.454076;26.0166;3.15089;1.09832
-1.07264;-2.16443;2.41564;-0.564882;-32.3653;1.01874;3.29005
-2.13935;-1.15946;2.43334;0.614035;35.1816;4.756;0.88622
-1.20632;-1.96374;2.30466;-0.523273;-29.9813;1.04252;3.25679
-2.16104;-1.01465;2.38738;0.580963;33.2867;4.19804;0.932772
-1.54038;-2.00477;2.52821;-0.476681;-27.3118;0.992968;3.5413
-2.10729;-1.15369;2.40243;0.414745;23.7632;3.32393;1.05913
-1.32658;-1.67259;2.1348;-0.399353;-22.8812;1.13665;2.8162
-2.05307;-1.00262;2.28481;0.445968;25.5521;3.35266;1.04262
-1.51318;-1.71082;2.28399;-0.392337;-22.4792;1.06767;3.01809
-2.06499;-0.95993;2.2772;0.411483;23.5763;2.84375;1.08454
-1.50644;-1.78606;2.33653;-0.43498;-24.9225;1.00226;3.16267
-2.15822;-0.567155;2.2315;0.613144;35.1306;3.03888;1.02594
-1.46253;-2.09318;2.5535;-0.703958;-40.3338;0.804499;5.51555
-2.12245;-0.958896;2.32901;0.536597;30.7448;3.852;0.945196
-1.35729;-2.00933;2.4248;-0.55237;-31.6485;0.977373;3.34952
-2.26449;-0.901096;2.43719;0.597993;34.2625;4.51144;0.875031
-1.44092;-1.80701;2.31117;-0.518924;-29.7322;0.969448;3.54747
-2.22056;-0.845078;2.37593;0.533994;30.5956;3.6748;0.954509
-1.48455;-1.83957;2.36387;-0.528152;-30.2609;0.941283;3.65565
-2.10125;-0.808575;2.25145;0.524456;30.0491;3.83159;0.957885
-1.51222;-1.73062;2.29823;-0.485304;-27.8059;0.98514;3.30265
-2.1991;-0.838014;2.35336;0.488562;27.9925;3.84719;0.960358
-1.53345;-1.60192;2.21757;-0.443148;-25.3905;1.05123;2.96114
-2.29109;-0.507353;2.34659;0.589301;33.7645;3.81913;0.959999
-1.7647;-1.5931;2.37742;-0.516408;-29.588;0.878985;4.34629
-1.99208;-0.787749;2.14218;0.357767;20.4986;3.08443;1.0867
-1.59253;-1.42827;2.13918;-0.354505;-20.3117;1.18968;2.52544
-2.22826;-0.571467;2.30038;0.480023;27.5033;3.34096;1.00412
-1.45954;-1.5456;2.12582;-0.562978;-32.2562;0.96962;3.79963
-2.58032;-0.558414;2.64005;0.600904;34.4293;4.04463;0.910203
-1.6705;-1.76839;2.43264;-0.600731;-34.4194;0.878356;4.99899
-2.09442;-0.608911;2.18114;0.530926;30.4198;3.50622;0.981089
-1.55062;-1.8565;2.41889;-0.592006;-33.9194;0.915701;4.40789
-2.25608;-0.710069;2.36518;0.570016;32.6595;4.24696;0.919519
-1.51618;-1.73464;2.30386;-0.547577;-31.3738;0.938873;4.21733
-2.2827;-0.445332;2.32574;0.659828;37.8054;3.89606;0.971462
-1.62678;-1.8872;2.49157;-0.666704;-38.1993;0.81011;6.58027
-2.21434;-0.737198;2.33383;0.537995;30.8249;3.59858;1.04598
-1.46328;-1.91893;2.41319;-0.597931;-34.2589;0.88627;4.60294
-2.06936;-0.854702;2.23892;0.527624;30.2306;4.57804;0.941445
-1.43588;-1.84334;2.33659;-0.517332;-29.6409;1.05374;3.30843
-2.34137;-0.737931;2.45491;0.603702;34.5896;5.01663;0.880858
-1.53236;-1.7094;2.29568;-0.534641;-30.6327;0.958278;4.22357
-2.47184;-0.502946;2.52249;0.639227;36.625;3.9706;0.973444
-1.65734;-1.80388;2.44965;-0.62698;-35.9233;0.80951;6.57765
-2.12337;-0.802963;2.27012;0.466175;26.7099;3.32029;1.13074
-1.5878;-1.69976;2.326;-0.457907;-26.2362;0.922812;3.96036
-2.23387;-0.731572;2.35061;0.502958;28.8174;3.80428;1.12143
-1.62094;-1.77383;2.4029;-0.51392;-29.4455;0.902332;3.851
-2.49788;-0.499045;2.54725;0.633212;36.2804;6.40475;1.02421
-1.72607;-1.47162;2.26826;-0.5088;-29.1521;0.922227;3.72615
-2.49936;-0.212353;2.50837;0.621232;35.594;9.3615;1.08323
-2.188;-0.822629;2.33753;-0.274865;-15.7486;1.4578;2.83676
-2.41385;0.739498;2.52458;0.656902;37.6377;8.1968;1.29847
-1.94104;-0.36864;1.97573;-0.484962;-27.7863;1.20565;3.53007
-2.36763;1.32663;2.71397;0.698416;40.0163;12.2307;1.21563
-1.96244;0.640614;2.06435;-0.1952;-11.1842;1.75912;2.61535
-1.36299;1.82603;2.27863;0.614058;35.183;5.81915;1.37299
-2.27997;0.518197;2.33812;-0.706105;-40.4568;0.959445;3.96795
-1.4909;2.03758;2.52478;0.715623;41.0022;12.8163;0.900774
-1.07281;1.70724;2.01633;0.0706554;4.04826;2.03177;1.78999
-1.16276;1.74424;2.09628;-0.0269433;-1.54374;1.77162;1.98133
-0.823266;1.71296;1.90052;0.13996;8.0191;2.12304;1.69168
-1.31851;1.53411;2.02286;-0.261947;-15.0085;1.43221;2.45895
-0.44285;2.26735;2.3102;0.517076;29.6263;3.67327;1.14186
-1.80094;1.69911;2.47596;-0.621597;-35.6149;0.89189;5.49793
-0.53379;2.45191;2.50934;0.600125;34.3846;5.07222;0.956705
-1.62478;1.71334;2.36124;-0.544515;-31.1984;0.940875;5.20746
-0.521531;2.2313;2.29144;0.529262;30.3245;4.03818;1.06447
-1.82962;1.62169;2.44487;-0.615961;-35.292;0.93923;5.30482
-0.896692;2.36164;2.52614;0.482698;27.6565;5.21525;0.93426
-1.58532;1.57762;2.23655;-0.424957;-24.3482;1.25416;3.31297
-0.507797;2.3244;2.37922;0.572749;32.8161;4.53277;0.984496
-1.73937;1.64258;2.39238;-0.598927;-34.316;0.935023;5.73761
-0.51482;2.50875;2.56103;0.611611;35.0427;4.35038;1.02913
-1.86186;1.5832;2.44399;-0.663709;-38.0277;0.851007;6.75038
-0.666205;2.25176;2.34825;0.578456;33.1431;4.52554;1.05419
-1.95749;1.49472;2.46292;-0.631;-36.1536;0.905534;5.68542
-0.586028;2.21043;2.28679;0.659496;37.7863;5.26877;0.973255
-2.04367;1.3218;2.43387;-0.73753;-42.2574;0.885365;6.15609
-0.87252;2.37143;2.52685;0.64413;36.9059;6.66691;0.872558
-1.83887;1.45536;2.3451;-0.548736;-31.4403;1.06642;4.33953
-0.656391;2.2796;2.37222;0.620937;35.5771;5.46129;0.938221
-1.89393;1.52253;2.43004;-0.613324;-35.1409;0.958786;5.36068
-0.648631;2.38456;2.4712;0.628094;35.9871;5.41347;0.962466
-1.9623;1.56091;2.5074;-0.633246;-36.2823;0.925731;5.62964
-0.705876;2.46104;2.56027;0.619512;35.4954;5.53058;0.966188
-2.18894;1.76064;2.80915;-0.614096;-35.1851;0.951633;5.3015
-0.701107;2.15864;2.26964;0.579375;33.1957;5.82262;0.932933
-1.70848;1.55226;2.30833;-0.519228;-29.7496;1.12022;4.14198
-0.496694;2.26901;2.32273;0.617766;35.3954;5.30527;0.969098
-1.95447;1.75402;2.62612;-0.623893;-35.7465;0.957441;5.36912
-0.517841;2.41143;2.4664;0.627866;35.974;5.70937;0.949351
-1.7019;1.67317;2.38662;-0.582378;-33.3678;0.973068;5.15302
-0.535081;2.26001;2.32249;0.56143;32.1676;5.25744;1.0215
-1.64138;1.59772;2.2906;-0.566397;-32.4521;1.04059;4.55625
-0.465158;2.52736;2.56981;0.616864;35.3437;5.82679;0.976345
-1.66937;1.61974;2.32601;-0.618473;-35.4359;0.993702;4.96311
-0.36476;2.43885;2.46598;0.652023;37.3582;6.22881;0.946401
-1.54075;1.69928;2.29379;-0.588047;-33.6926;1.00402;5.03822
-0.305563;2.39176;2.4112;0.60944;34.9184;5.64389;0.997057
-1.60613;1.83448;2.43823;-0.592057;-33.9224;1.0123;4.9985
-0.26219;2.43605;2.45012;0.611909;35.0598;5.80399;0.971472
-1.50576;1.84857;2.38422;-0.576337;-33.0217;1.04093;4.8844
-0.191681;2.43032;2.43786;0.604846;34.6551;5.51828;0.984361
-1.49283;1.88275;2.40277;-0.591688;-33.9012;1.02026;5.1959
-0.21384;2.41765;2.42709;0.582175;33.3562;5.35862;0.997844
-1.5317;1.90812;2.44684;-0.58818;-33.7003;1.04883;5.0741
-0.120119;2.53543;2.53827;0.62906;36.0425;5.45172;0.983195
-1.38049;2.14021;2.54681;-0.52553;-30.1107;0.967211;5.87794
-0.267172;2.20087;2.21702;0.452068;25.9016;3.58943;1.33641
-1.65904;1.80864;2.45431;-0.621481;-35.6082;1.00519;5.38227
-0.285633;2.33016;2.3476;0.620311;35.5412;5.85406;0.976754
-1.61124;1.86385;2.46374;-0.59086;-33.8538;1.06122;5.16386
-0.290846;2.25736;2.27602;0.584695;33.5006;5.1698;0.992516
-1.35224;1.83548;2.27981;-0.50681;-29.0381;1.07592;3.67487
-0.678844;1.97845;2.09167;0.304416;17.4418;2.26486;1.00499
-0.569889;1.93321;2.01546;0.0438618;2.5131;1.03291;1.04105
-0.700545;2.0129;2.13132;-0.0482474;-2.76437;0.774558;0.79776
-0.72216;1.86766;2.00241;-0.0340417;-1.95044;0.709085;0.711764
-1.96971;1.12406;2.26788;-0.683263;-39.1481;0.997835;5.12017
-1.11733;2.15735;2.42953;0.574344;32.9075;7.28566;0.901759
-1.5152;1.62234;2.21987;-0.273384;-15.6638;1.6581;2.96153
-0.39351;2.18726;2.22238;0.573257;32.8452;3.88072;1.30908
-1.68563;1.46503;2.23331;-0.677295;-38.8062;0.88545;7.12074
-0.885565;2.15314;2.32814;0.4651;26.6482;4.7307;1.22325
-1.68951;1.39452;2.19069;-0.490556;-28.1068;1.25059;4.06861
-0.782809;2.31116;2.44013;0.554176;31.7519;5.72791;1.06781
-1.70444;1.48149;2.2583;-0.528684;-30.2913;1.21536;4.25456
-0.612866;2.41626;2.49277;0.60686;34.7705;6.03434;1.02806
-1.90561;1.69682;2.55158;-0.594887;-34.0845;1.12334;4.7321
-0.414223;2.39573;2.43128;0.672083;38.5075;6.70624;0.970001
-1.67689;1.6323;2.34016;-0.627664;-35.9625;1.08727;5.05558
-0.375799;2.68318;2.70937;0.65972;37.7992;6.69128;0.989701
-1.53071;1.89397;2.4352;-0.54057;-30.9724;1.0909;4.90803
-0.207813;2.39006;2.39908;0.592991;33.9759;5.48746;1.13627
-1.50243;1.97497;2.48149;-0.563606;-32.2922;1.06021;5.07371
-0.307041;2.38163;2.40134;0.522124;29.9155;5.74133;1.1075
-1.06768;1.72195;2.0261;-0.426812;-24.4545;1.35866;3.87977
0.197297;2.21494;2.22371;0.643866;36.8908;5.06349;1.19737
-1.1393;2.14716;2.4307;-0.576672;-33.0409;0.934059;6.51207
0.0759515;2.21047;2.21177;0.522178;29.9186;4.199;1.4343
-1.43912;2.08923;2.53692;-0.637536;-36.5281;1.00639;5.60378
0.0411405;2.45726;2.4576;0.619931;35.5194;6.30986;1.05391
-1.14315;2.14719;2.43254;-0.505968;-28.9898;1.19909;4.64188
0.188337;2.36433;2.37182;0.568716;32.585;5.20604;1.1547
-1.09742;2.12348;2.3903;-0.556489;-31.8845;1.10394;5.26225
0.178475;2.35847;2.36522;0.55253;31.6576;5.09002;1.18361
-1.12893;2.08148;2.36792;-0.572498;-32.8017;1.1182;5.10609
0.434664;2.44502;2.48336;0.672905;38.5546;5.59416;1.1161
-1.10677;2.23039;2.48989;-0.636558;-36.4721;0.953722;6.36968
0.344316;2.35414;2.37919;0.605851;34.7127;5.1315;1.22949
-1.13762;2.1834;2.46199;-0.62556;-35.842;1.00603;5.83136
0.354835;2.35329;2.37989;0.629986;36.0955;5.72551;1.1444
-0.939463;2.22709;2.41713;-0.548841;-31.4463;1.06456;5.50029
0.228986;2.27256;2.28406;0.499608;28.6254;4.92557;1.28177
-0.917838;2.10245;2.29407;-0.51204;-29.3377;1.24865;4.44652
0.366863;2.3315;2.36018;0.567689;32.5262;5.71526;1.13674
-0.71069;2.19728;2.30935;-0.468893;-26.8656;1.24091;4.54731
0.416527;1.99286;2.03593;0.518864;29.7287;4.89456;1.27424
-0.744748;2.16965;2.29391;-0.536698;-30.7506;1.21242;4.69913
0.657772;2.26218;2.35587;0.613622;35.158;5.68691;1.1368
-0.658387;2.30764;2.39972;-0.56089;-32.1367;1.12469;5.25074
0.668773;2.25477;2.35186;0.566262;32.4444;5.40912;1.18942
-0.345661;2.51671;2.54034;-0.424831;-24.341;1.19209;4.86508
0.685301;2.06529;2.17602;0.456879;26.1772;4.02188;1.51787
-0.656746;2.47042;2.55623;-0.58022;-33.2442;1.1487;4.9552
