#1 AntVel X	#2 AntVel Y	#3 Speed	#4 Turning Angle Rad		#5 Turning Angle Deg	#6 Detected Phero Left	#7 Detected Phero Right	
-0.807397;1.79334;1.96671;-0.107383;-6.15259;0.7;0.7
-0.71597;1.96939;2.09549;0.0743431;4.25955;0.7;0.7
-0.688655;1.87728;1.9996;-0.00290053;-0.166188;0.7;0.7
-0.617499;1.94667;2.04226;0.0444266;2.54546;0.7;0.7
-0.507798;1.88401;1.95125;0.0438948;2.51499;0.7;0.7
-0.475832;1.87386;1.93333;0.0145983;0.83642;0.7;0.7
-0.44535;2.05271;2.10046;0.0350292;2.00702;0.7;0.7
-0.395386;1.9093;1.94981;0.00944828;0.541347;0.7;0.7
-0.370909;1.88434;1.92049;0.00984455;0.564051;0.7;0.7
-0.347679;2.06235;2.09145;0.0273402;1.56648;0.7;0.7
-0.625067;1.92569;2.02459;-0.146852;-8.41399;0.7;0.7
-0.625586;1.82523;1.92946;-0.0163309;-0.935694;0.7;0.7
-0.603657;1.96288;2.05361;0.0318395;1.82427;0.7;0.7
-0.53956;2.04259;2.11265;0.0401006;2.2976;0.7;0.7
-0.43562;1.98116;2.02849;0.0418189;2.39605;0.7;0.7
-0.418543;2.0043;2.04754;0.0105733;0.605808;0.7;0.7
-0.231915;1.96982;1.98343;0.0886691;5.08036;0.7;0.7
-0.234031;1.98633;2.00007;-8.55692e-05;-0.00490276;0.7;0.7
-0.331884;1.97848;2.00613;-0.048919;-2.80285;0.7;0.77465
-1.44547;1.79874;2.30756;-0.510733;-29.2628;0.7;2.47156
-2.09923;0.911619;2.28862;-0.484173;-27.7411;0.7;1.75774
-2.34323;-0.0670371;2.34419;-0.438293;-25.1123;0.7;2.25237
-1.96716;-0.0943137;1.96942;-0.0193065;-1.10618;0.7;0.808994
-1.91282;-1.06125;2.18749;-0.458618;-26.2769;0.7;2.09029
-1.7428;-0.941012;1.98062;0.0114381;0.655352;0.7;0.700006
-1.75548;-1.16043;2.10436;-0.0890072;-5.09973;0.7;0.701929
-1.66006;-1.16102;2.02577;-0.0262172;-1.50213;0.7;0.700261
-1.64221;-0.979855;1.91232;0.0723448;4.14505;0.7;0.700288
-1.75838;-0.997764;2.02174;0.0218387;1.25127;0.7;0.73631
-1.46801;-0.912095;1.72829;-0.0398148;-2.28122;0.7;0.964618
-1.50066;-1.25611;1.95699;-0.140976;-8.07732;0.7;0.929199
-1.55395;-1.30967;2.03224;-0.00337905;-0.193605;0.7;0.702677
-1.3812;-1.17427;1.81291;-0.00430162;-0.246465;0.7;0.701109
-1.53296;-1.32852;2.02853;-0.00947178;-0.542693;0.7;0.700134
-1.55983;-1.29128;2.02497;0.0225877;1.29418;0.7;0.700009
-1.51107;-1.24779;1.95967;0.00122486;0.0701791;0.7;0.700003
-1.57473;-1.36887;2.08652;-0.0253201;-1.45073;0.7;0.7
-1.39222;-1.1188;1.78606;0.0386422;2.21404;0.7;0.7
-1.6168;-1.39369;2.13458;-0.0344855;-1.97587;0.7;0.7
-1.79021;-1.30753;2.21686;0.0805986;4.61796;0.7;0.7
-1.55588;-1.22787;1.98202;-0.037284;-2.13622;0.7;0.7
-1.83378;-1.10653;2.14176;0.125181;7.17235;0.7;0.7
-1.508;-1.05196;1.83867;-0.0661757;-3.79159;0.7;0.7
-1.69398;-1.16321;2.0549;0.00737529;0.422573;0.7;0.7
-1.67317;-0.976629;1.93734;0.0733791;4.20431;0.7;0.7
-1.53665;-1.18234;1.93887;-0.12747;-7.30347;0.7;0.7
-1.60759;-1.14164;1.97172;0.038306;2.19477;0.7;0.7
-1.50702;-1.09875;1.86504;-0.0124724;-0.714618;0.7;0.7
-1.74068;-1.1359;2.07852;0.0518087;2.96842;0.7;0.7
-1.63661;-0.895042;1.86536;0.0777241;4.45326;0.7;0.7
-1.8087;-0.978356;2.05635;0.00460846;0.264046;0.7;0.7
-1.67775;-0.982479;1.94425;-0.0339153;-1.9432;0.7;0.700001
-1.64833;-0.973646;1.91441;-0.00378538;-0.216886;0.7;0.700001
-1.82064;-1.04063;2.09705;0.0142865;0.818555;0.7;0.700005
-1.76485;-0.989832;2.02348;0.00811552;0.464985;0.7;0.700222
-1.73761;-1.17855;2.09959;-0.0848424;-4.86111;0.7;0.707958
-1.54998;-1.12637;1.91602;-0.0324361;-1.85845;0.7;0.702172
-1.6214;-1.1919;2.01235;-0.00547861;-0.313902;0.7;0.701638
-1.79735;-1.29079;2.21282;0.0110856;0.635156;0.7;0.702065
-1.62295;-1.15977;1.99476;0.0023523;0.134777;0.7;0.706901
-1.62221;-1.17585;2.00354;-0.00674511;-0.386467;0.7;0.723696
-1.57703;-1.42144;2.12309;-0.106352;-6.0935;0.7;0.769187
-1.40508;-1.3091;1.92041;-0.0164927;-0.944964;0.7;0.704511
-1.62539;-1.22749;2.03682;0.103229;5.91458;0.7;0.705771
-1.43889;-1.44154;2.03677;-0.139499;-7.99268;0.7;1.16195
-1.18925;-1.59851;1.99237;-0.144844;-8.29893;0.7;0.728609
-1.18867;-1.75891;2.1229;-0.0453333;-2.59741;0.7;0.700065
-1.08145;-1.6273;1.95388;-0.0077506;-0.444077;0.7;0.700001
-1.05293;-1.89294;2.16608;-0.0789267;-4.52217;0.7;0.7
-0.882594;-1.78868;1.99458;-0.0492417;-2.82134;0.7;0.7
-1.04671;-1.80613;2.08751;0.0668521;3.83034;0.7;0.7
-0.994077;-1.63144;1.91044;0.022016;1.26142;0.7;0.7
-1.0807;-1.87579;2.16484;-0.0245644;-1.40743;0.7;0.7
-0.994941;-1.73291;1.99822;-0.00149319;-0.0855532;0.7;0.7
-0.958614;-1.82394;2.06051;-0.0372949;-2.13684;0.7;0.7
-0.96589;-1.70044;1.95562;0.0326782;1.87232;0.7;0.7
-1.01758;-1.73142;2.00831;0.0147597;0.845668;0.700788;0.7
-1.8088;-1.37827;2.27407;0.388336;22.25;1.97546;0.7
-2.29689;-0.593793;2.3724;0.398144;22.812;1.66731;0.7
-1.97218;-0.310635;1.99649;0.096757;5.54377;1.2981;1.06412
-2.14542;0.454655;2.19307;0.365054;20.9161;3.8961;1.74165
-1.57247;1.53107;2.19473;0.563232;32.2708;2.32786;0.750359
-1.3342;1.41678;1.94611;0.0433446;2.48346;0.700277;0.700094
-1.45598;1.70971;2.24565;0.0499712;2.86314;0.703554;0.700006
-1.24362;1.5135;1.9589;0.0175934;1.00803;0.718293;0.7
-1.37143;1.42975;1.98116;-0.0767591;-4.39797;0.759236;0.7
-0.828202;1.77799;1.96142;0.328663;18.831;1.26683;0.7
-0.854011;2.02317;2.19603;0.0364964;2.09109;0.701436;0.700003
-0.869372;1.78863;1.98872;-0.0530033;-3.03686;0.700261;0.700032
-0.92574;1.74971;1.97951;-0.034213;-1.96026;0.700548;0.700012
-0.871631;1.74963;1.95472;0.0244499;1.40088;0.701126;0.700005
-0.700258;2.05228;2.16846;0.13337;7.64154;0.700238;0.700011
-0.583342;1.82259;1.91366;0.0190615;1.09214;0.7;0.700629
-0.628009;1.93183;2.03135;-0.00454873;-0.260623;0.7;0.702237
-0.66626;1.87262;1.98761;-0.0275155;-1.57652;0.7;0.705504
-0.639482;1.67877;1.79645;-0.0221285;-1.26787;0.7;0.707617
-0.682882;2.05534;2.16581;0.0431798;2.47402;0.7;0.70938
-0.527871;1.81482;1.89003;0.0377164;2.16099;0.7;0.757935
-0.95398;2.00706;2.22224;-0.160646;-9.20435;0.7;1.02724
-0.771703;1.87188;2.02471;0.0526719;3.01788;0.7;0.748925
-1.06315;1.762;2.05789;-0.151869;-8.70144;0.7;1.05882
-1.3156;1.7687;2.20433;-0.0966358;-5.53682;0.7;0.806422
-1.43343;1.39974;2.00349;-0.157755;-9.03867;0.700001;0.815202
-1.58492;1.33507;2.07229;-0.0734661;-4.2093;0.708467;0.817298
-1.52427;1.15982;1.91535;-0.0495986;-2.84179;1.00022;1.62365
-2.23027;0.326712;2.25407;-0.504986;-28.9336;1.10453;4.03412
-2.00406;0.0106668;2.00409;-0.140133;-8.02901;0.702879;0.850326
-2.07761;-0.345515;2.10614;-0.170119;-9.74708;0.700049;0.875851
-1.88858;-0.621514;1.98822;-0.153132;-8.77382;0.700003;0.828398
-1.71428;-0.311566;1.74237;0.138144;7.91505;0.700003;0.777831
-1.97913;-0.934936;2.18885;-0.261538;-14.985;0.7;1.1301
-1.6622;-1.14207;2.01674;-0.160681;-9.20634;0.7;0.848336
-1.56865;-1.22871;1.99259;-0.0624668;-3.57908;0.700009;0.753717
-1.52012;-1.26596;1.97824;-0.0299555;-1.71633;0.700072;0.732267
-1.09495;-1.15364;1.59053;-0.117066;-6.70739;0.700241;0.719709
-1.15038;-1.50058;1.8908;-0.105249;-6.0303;0.705808;0.703652
-1.41431;-1.47634;2.04447;0.109886;6.29598;0.788543;0.700337
-1.38825;-1.47834;2.02799;-0.00996248;-0.570808;0.729785;0.70017
-1.57716;-1.18931;1.97532;0.170709;9.78088;0.762248;0.700012
-1.6567;-1.12398;2.002;0.0499992;2.86474;0.703963;0.700002
-1.55998;-1.10465;1.91149;-0.0200426;-1.14836;0.700952;0.700016
-1.75648;-1.19483;2.12435;0.0188136;1.07794;0.700685;0.700034
-1.62323;-1.24713;2.047;-0.0577736;-3.31018;0.700142;0.70052
-1.56179;-1.19782;1.96824;0.000846756;0.0485155;0.70013;0.700666
-1.54057;-1.21255;1.96051;-0.0125456;-0.718812;0.700043;0.705143
-1.55659;-1.25076;1.99684;-0.0100741;-0.577206;0.700021;0.717572
-1.6611;-1.34255;2.13582;-0.00285381;-0.163511;0.70001;0.709116
-1.55268;-1.23766;1.9856;0.00676107;0.387381;0.700005;0.701379
-1.46889;-1.32971;1.98135;-0.0627306;-3.5942;0.700003;0.700163
-1.5258;-1.30942;2.01064;0.0264823;1.51733;0.700013;0.700002
-1.32728;-1.36252;1.90214;-0.0892724;-5.11493;0.700004;0.700003
-1.33464;-1.1829;1.7834;0.0733024;4.19992;0.700046;0.7
-1.48633;-1.32879;1.99371;-0.00429607;-0.246147;0.700009;0.700002
-1.43035;-1.41359;2.01101;-0.0500113;-2.86543;0.700034;0.700005
-1.31584;-1.37458;1.90287;-0.0277238;-1.58846;0.700354;0.700002
-1.34345;-1.47408;1.99444;-0.0245026;-1.4039;0.700419;0.700002
-1.25325;-1.55615;1.99806;-0.0610688;-3.49899;0.700451;0.700002
-1.25749;-1.56566;2.00812;-0.00132712;-0.0760386;0.702796;0.700001
-1.22958;-1.42606;1.88295;0.0348755;1.99822;0.704664;0.700001
-1.348;-1.50913;2.0235;0.0175163;1.00361;0.70215;0.700015
-1.33364;-1.49031;1.99991;0.000914769;0.0524124;0.701298;0.70009
-1.36337;-1.59495;2.09825;-0.0226984;-1.30052;0.700816;0.700226
-1.43298;-1.52125;2.08989;0.0482518;2.76462;0.700476;0.700349
-1.14259;-1.34222;1.76269;-0.0502975;-2.88184;0.700023;0.705309
-1.20223;-1.49384;1.91753;-0.0275762;-1.58;0.700027;0.705788
-1.24348;-1.58144;2.01177;-0.011326;-0.64893;0.700005;0.709774
-1.2364;-1.5091;1.95092;0.020068;1.14981;0.7;0.725259
-1.13504;-1.61801;1.97643;-0.0746658;-4.27804;0.7;0.819134
-0.953698;-1.72332;1.96961;-0.106277;-6.0892;0.7;0.818751
-0.917422;-1.84008;2.0561;-0.0429465;-2.46065;0.7;0.746236
-0.934995;-1.86703;2.08806;0.00177316;0.101595;0.7;0.731901
-0.874829;-1.84522;2.0421;-0.021565;-1.23558;0.7;0.74232
-0.94751;-1.97642;2.19181;0.00431951;0.24749;0.7;0.73737
-0.923079;-2.13841;2.32914;-0.0395345;-2.26516;0.7;0.762509
-0.761391;-1.83924;1.9906;-0.0150101;-0.860016;0.7;0.749687
-0.619887;-2.00096;2.09478;-0.0920746;-5.27548;0.7;0.759481
-0.655176;-2.02508;2.12843;0.0124844;0.715303;0.7;0.709513
-0.600561;-1.90707;1.99939;-0.00782049;-0.448081;0.700002;0.705672
-0.649433;-2.12757;2.22449;-0.00881936;-0.505312;0.700046;0.700316
-0.659504;-2.10049;2.20159;0.00796732;0.456494;0.70122;0.700012
-0.614886;-1.97368;2.06725;-0.00221795;-0.127079;0.711968;0.700222
-0.678049;-1.87984;1.99838;0.0441596;2.53016;0.769279;0.705219
-0.74894;-1.85264;1.9983;0.0379978;2.17711;0.804054;0.744392
-0.758865;-1.93353;2.07711;-0.010165;-0.582413;0.817585;0.858939
-0.622301;-2.03932;2.13215;-0.0778285;-4.45924;0.850187;0.997093
-0.524317;-1.94701;2.01637;-0.0331223;-1.89777;0.942891;0.988933
-0.628796;-1.91392;2.01457;0.0543748;3.11545;0.945347;0.83786
-1.01354;-1.60854;1.90122;0.244829;14.0277;0.823021;0.734043
-1.06352;-1.71258;2.01594;-0.00653723;-0.374556;0.703391;0.715705
-1.12473;-1.74066;2.07242;0.0179454;1.0282;0.708802;0.702794
-1.10613;-1.70054;2.02863;0.00303055;0.173637;0.729406;0.70036
-1.19595;-1.61409;2.00888;0.0609817;3.49399;0.792041;0.700032
-1.14977;-1.4412;1.84365;0.0357128;2.0462;0.828111;0.700005
-1.25206;-1.37427;1.85911;0.0655082;3.75334;0.883736;0.700001
-1.58408;-1.36248;2.08942;0.121564;6.96508;0.899079;0.7
-1.6686;-1.20009;2.05534;0.0868247;4.97469;0.831507;0.700001
-1.68218;-1.01996;1.96724;0.0784463;4.49464;0.798125;0.700002
-1.76023;-0.98188;2.01556;0.0362395;2.07637;0.771709;0.700004
-1.86577;-0.767488;2.01746;0.11857;6.79355;0.770722;0.700004
-1.8659;-0.707069;1.99538;0.0280318;1.60611;0.729437;0.700046
-1.84872;-0.704762;1.9785;-0.00198652;-0.113819;0.720937;0.70009
-1.65246;-0.853524;1.85987;-0.112566;-6.44954;0.717108;0.7001
-1.53899;-0.490097;1.61514;0.168474;9.65286;0.744282;0.700006
-1.92758;-0.577607;2.01226;0.0171606;0.98323;0.709117;0.700266
-1.81257;-0.631049;1.91928;-0.0438874;-2.51456;0.706042;0.700521
-1.86809;-0.618316;1.96776;0.0153882;0.881677;0.709299;0.700197
-1.85213;-0.390131;1.89278;0.112034;6.4191;0.70778;0.700273
-1.95045;-0.542706;2.02455;-0.063778;-3.65421;0.701693;0.706641
-1.98782;-0.461818;2.04077;0.0431082;2.46992;0.702582;0.702312
-1.86867;-0.578769;1.95625;-0.072079;-4.12982;0.701019;0.709816
-1.89396;-0.551942;1.97274;0.0167835;0.961624;0.70162;0.702581
-1.77129;-0.464363;1.83115;0.0271779;1.55718;0.700895;0.704775
-1.99767;-0.285988;2.01803;0.114196;6.54295;0.700377;0.711804
-1.92666;-0.590244;2.01505;-0.155082;-8.88556;0.700028;0.964522
-1.82089;-0.570492;1.90817;-0.00633963;-0.363234;0.700086;0.719084
-1.60708;-0.775474;1.78439;-0.145962;-8.36303;0.70006;0.719541
-1.80918;-0.825064;1.98844;0.0217125;1.24403;0.701647;0.703175
-1.9745;-0.855414;2.15183;0.0190452;1.09121;0.701417;0.702893
-1.91287;-0.899376;2.11375;-0.0306793;-1.75779;0.700272;0.701345
-1.7332;-0.696265;1.86782;0.0575107;3.29512;0.70002;0.700153
-1.76995;-0.758501;1.92563;-0.0228784;-1.31084;0.700001;0.700011
-1.84932;-0.829391;2.02679;-0.0167234;-0.958178;0.732083;0.70272
-1.83788;-0.84113;2.02121;-0.00761696;-0.43642;0.738907;0.701587
-1.83896;-0.808524;2.00885;0.014985;0.858575;0.741898;0.700988
-1.78566;-0.600719;1.884;0.0897045;5.13969;0.724823;0.700844
-1.47851;-0.561935;1.58169;-0.0386875;-2.21663;0.702404;0.702306
-1.75491;-0.552789;1.83991;0.0580507;3.32606;0.702923;0.701333
-1.95303;-0.698175;2.07407;-0.0381691;-2.18693;0.700681;0.702963
-1.91214;-0.518855;1.98129;0.0783587;4.48962;0.70132;0.70189
-1.99934;-0.571148;2.07932;-0.0132898;-0.761448;0.700457;0.710386
-1.95076;-0.63045;2.05011;-0.0343291;-1.96691;0.700731;0.712098
-1.75192;-0.674926;1.87743;-0.0551411;-3.15935;0.701755;0.707402
-1.89752;-0.673918;2.01364;0.0264658;1.51638;0.705147;0.702216
-1.86316;-0.61105;1.96081;0.0243512;1.39522;0.704372;0.702367
-1.90537;-0.594004;1.99582;0.0147068;0.842637;0.703304;0.702702
-2.04651;-0.469108;2.09959;0.076873;4.4045;0.702562;0.702804
-1.8467;-0.423168;1.89457;7.14802e-05;0.00409552;0.700706;0.712943
-1.77345;-0.439197;1.82702;-0.0175082;-1.00314;0.70047;0.717731
-1.72296;-0.421992;1.77389;0.00257259;0.147399;0.700428;0.71382
-1.87868;-0.606325;1.9741;-0.0719925;-4.12487;0.700308;0.711698
-1.93939;-0.636757;2.04125;-0.00505198;-0.289457;0.70074;0.702611
-1.86172;-0.750571;2.00733;-0.0659889;-3.78089;0.700841;0.701682
-1.81258;-0.723173;1.95152;0.00360549;0.206579;0.702906;0.700471
-1.82228;-0.563994;1.90756;0.0794739;4.55352;0.704469;0.700351
-1.93026;-0.555895;2.00871;0.0197464;1.13139;0.701698;0.701036
-1.85956;-0.537056;1.93556;-0.000754961;-0.0432561;0.70125;0.70185
-2.00096;-0.714611;2.12474;-0.0618584;-3.54422;0.701121;0.70293
-1.94387;-0.671216;2.0565;0.0105356;0.603647;0.703149;0.70201
-2.10663;-0.58585;2.18657;0.0612349;3.5085;0.701911;0.703895
-2.15824;-0.774709;2.29307;-0.0733846;-4.20463;0.700249;0.717787
-1.74623;-0.81647;1.92768;-0.092733;-5.31321;0.700349;0.715629
-1.80461;-0.855296;1.99703;-0.00522983;-0.299647;0.701318;0.708406
-1.75129;-0.927145;1.98157;-0.0443034;-2.5384;0.700937;0.712689
-1.65751;-1.05356;1.96401;-0.0793083;-4.54403;0.701211;0.712891
-1.6938;-0.86953;1.90395;0.0919238;5.26685;0.702572;0.70812
-1.90639;-0.97057;2.13923;0.00336756;0.192947;0.700166;0.739941
-1.66579;-1.09474;1.99332;-0.1105;-6.33117;0.700026;0.780557
-1.66454;-1.10738;1.99925;-0.00562446;-0.322258;0.70004;0.75478
-1.60795;-1.20974;2.0122;-0.0579639;-3.32109;0.700008;0.793742
-1.50944;-1.25844;1.96522;-0.0499609;-2.86255;0.700004;0.807587
-1.59121;-1.33093;2.07445;-0.00160059;-0.0917069;0.700002;0.828178
-1.2719;-1.41019;1.89905;-0.140353;-8.04162;0.7;0.915026
-1.19766;-1.52709;1.94072;-0.0688015;-3.94204;0.700001;0.838035
-1.07434;-1.6406;1.96106;-0.0853067;-4.88771;0.700001;0.822534
-1.09545;-1.73698;2.05356;-0.0171127;-0.980487;0.700002;0.785527
-0.967306;-1.76186;2.00993;-0.0605645;-3.47009;0.700001;0.791996
-0.796037;-1.74309;1.91626;-0.0737005;-4.22273;0.700003;0.763689
-0.682036;-1.87896;1.99891;-0.0801979;-4.595;0.700015;0.730998
-0.660884;-1.76261;1.88243;0.0105271;0.603157;0.700142;0.709997
-0.764929;-1.79418;1.95044;0.0442797;2.53704;0.7002;0.706941
-0.732376;-1.81339;1.9557;-0.0191646;-1.09805;0.70011;0.709601
-0.606654;-1.75327;1.85526;-0.0507217;-2.90614;0.700139;0.707845
-0.681807;-1.92385;2.0411;0.00746818;0.427895;0.700334;0.703951
-0.666654;-1.89302;2.00698;-0.00198435;-0.113695;0.700337;0.704278
-0.503014;-1.84774;1.91499;-0.0728112;-4.17178;0.700341;0.704651
-0.666128;-2.04426;2.15006;0.0492121;2.81964;0.701113;0.701702
-0.880066;-1.90262;2.0963;0.118243;6.77482;0.70049;0.703545
-0.809381;-1.8484;2.01784;-0.0205152;-1.17543;0.700043;0.728565
-0.639165;-1.92231;2.02578;-0.0917312;-5.25581;0.700027;0.735
-0.612658;-1.78993;1.89188;0.00878162;0.50315;0.700097;0.712937
-0.749556;-1.89719;2.0399;0.0464833;2.6633;0.700078;0.714699
-0.615819;-2.03471;2.12586;-0.0823713;-4.71953;0.700024;0.727161
-0.628841;-1.90136;2.00265;0.0255151;1.46191;0.700139;0.710897
-0.541488;-1.7948;1.8747;-0.0263933;-1.51223;0.700099;0.713723
-0.564612;-1.91854;1.99989;-0.00680164;-0.389705;0.700224;0.709792
-0.488971;-1.86357;1.92665;-0.0296129;-1.69669;0.700324;0.708133
-0.528237;-1.88371;1.95637;0.0168016;0.962661;0.701165;0.704809
-0.51043;-1.9239;1.99046;-0.0140663;-0.80594;0.701254;0.704522
-0.491529;-1.97281;2.03312;-0.015155;-0.868319;0.703219;0.703025
-0.500983;-1.9307;1.99464;0.00970272;0.555925;0.707857;0.701922
-0.232239;-1.72416;1.73973;-0.119992;-6.87503;0.708849;0.701839
-0.513445;-2.03926;2.1029;0.112763;6.46083;0.84104;0.700301
-0.480534;-1.92737;1.98637;-0.00231492;-0.132635;0.728117;0.701005
-0.436581;-1.97862;2.02621;-0.0271692;-1.55668;0.728147;0.700835
-0.514361;-1.97093;2.03695;0.0381094;2.18351;0.747919;0.700421
-0.596487;-2.13032;2.21225;0.0177279;1.01573;0.721653;0.700456
-0.52986;-1.88993;1.9628;0.000335475;0.0192213;0.712174;0.700355
-0.568518;-2.20523;2.27734;-0.0210326;-1.20508;0.710938;0.70023
-0.522869;-2.0933;2.15762;-0.00753654;-0.431812;0.718473;0.700093
-0.44598;-2.06548;2.11308;-0.0321181;-1.84023;0.728145;0.700045
-0.52268;-1.92459;1.9943;0.0525286;3.00967;0.773272;0.700014
-0.519439;-1.73792;1.81388;0.0252505;1.44675;0.74264;0.70002
-0.559255;-1.74206;1.82962;0.0202036;1.15758;0.737945;0.700022
-0.887772;-1.89719;2.09462;0.127036;7.2786;0.738403;0.700021
-0.918772;-1.78288;2.00569;0.0381639;2.18663;0.712098;0.700213
-0.919769;-1.66297;1.90038;0.0293732;1.68296;0.709045;0.700739
-0.978226;-1.74048;1.99655;0.00683147;0.391415;0.707221;0.702167
-1.01437;-1.63978;1.92816;0.0419412;2.40305;0.707699;0.702761
-1.05254;-1.68017;1.98262;0.00565682;0.324112;0.705568;0.704953
-1.06925;-1.85573;2.14173;-0.0369129;-2.11495;0.707081;0.703009
-1.05218;-1.37915;1.73469;0.128993;7.39078;0.720609;0.700511
-1.18348;-1.5444;1.94571;0.00213608;0.122389;0.707184;0.704197
-1.17504;-1.64543;2.02191;-0.0337145;-1.9317;0.730067;0.702149
-0.432547;-2.28055;2.32121;-0.432701;-24.792;2.45352;8.00229
-1.63871;-1.75176;2.39876;0.564627;32.3507;3.00756;0.73953
-1.83322;-1.00121;2.08881;0.318845;18.2685;1.48014;0.700004
-1.9871;-0.727647;2.11614;0.148863;8.5292;0.823776;0.709141
-1.71558;-1.12817;2.05329;-0.230682;-13.2171;0.703648;1.11773
-1.55008;-1.13555;1.92151;-0.0505517;-2.8964;0.701407;0.729922
-1.56;-1.11628;1.91825;0.0111564;0.639216;0.702035;0.713411
-1.44143;-1.16312;1.85218;-0.0578472;-3.3144;0.701625;0.712981
-1.51155;-1.29522;1.99057;-0.0295324;-1.69208;0.703954;0.702849
-1.50209;-1.24018;1.9479;0.0183009;1.04856;0.70719;0.700531
-1.42518;-1.36908;1.97624;-0.0751478;-4.30565;0.705063;0.700131
-1.43804;-1.40726;2.01205;-0.00925677;-0.530374;0.703584;0.700007
-1.28723;-1.17295;1.74148;0.0355989;2.03967;0.700468;0.700001
-1.58877;-1.24637;2.01931;0.0737713;4.22678;0.752857;0.700214
-1.54143;-1.18341;1.94332;0.0104542;0.598983;0.730448;0.70751
-1.4176;-1.28629;1.91419;-0.0821155;-4.70487;0.729162;0.7551
-1.37473;-1.31198;1.90031;-0.0251717;-1.44223;0.807477;0.832272
-1.62922;-1.29063;2.07848;0.0920932;5.27655;0.970204;0.897219
-1.67094;-1.10078;2.00094;0.0874283;5.00927;0.990495;0.815957
-2.01734;-0.830148;2.18147;0.192136;11.0086;0.952686;0.722852
-1.75498;-0.247008;1.77228;0.250558;14.3559;0.876267;0.706268
-1.99189;-0.396989;2.03106;-0.0568966;-3.25994;0.868289;1.03622
-2.03662;-0.69378;2.15155;-0.131598;-7.54001;0.791265;1.13354
-1.83385;-0.90082;2.04315;-0.128274;-7.34958;0.708503;0.885526
-1.73864;-0.939796;1.97638;-0.0389499;-2.23167;0.700456;0.74566
-1.55421;-0.900709;1.79634;-0.0296828;-1.7007;0.700464;0.728815
-1.85663;-1.06955;2.14266;0.00259421;0.148637;0.701357;0.71848
-1.70681;-1.02793;1.99245;-0.0194357;-1.11358;0.703048;0.712306
-1.75655;-0.832102;1.94367;0.0996739;5.7109;0.709208;0.703301
-1.79863;-0.870441;1.99818;-0.00832497;-0.476986;0.705138;0.705345
-1.74882;-0.751049;1.90327;0.0450799;2.58289;0.710803;0.701769
-1.83933;-0.789911;2.00177;4.58968e-06;0.000262969;0.710556;0.701815
-1.85721;-0.771322;2.01101;0.0120025;0.687693;0.715745;0.701004
-1.84677;-0.780842;2.00506;-0.00638235;-0.365681;0.717986;0.700658
-1.88605;-0.73161;2.02298;0.0299816;1.71782;0.724309;0.700195
-1.66941;-0.892794;1.89315;-0.121058;-6.93612;0.724097;0.700089
-1.88191;-0.816776;2.05151;0.0816134;4.6761;0.808248;0.700002
-1.84703;-0.682086;1.96895;0.0557278;3.19297;0.782073;0.700002
-2.26019;-0.584986;2.33466;0.100489;5.75761;0.764158;0.700003
-2.00962;-0.378966;2.04504;0.0668772;3.83178;0.724638;0.700023
-1.83437;-0.297366;1.85831;0.0256771;1.47119;0.709343;0.700151
-1.83042;-0.728243;1.96997;-0.217946;-12.4874;0.704281;0.70054
-1.96267;-0.630261;2.06138;0.0679336;3.89231;0.743421;0.700014
-2.04922;-0.530994;2.1169;0.0571789;3.27611;0.721392;0.700047
-2.1815;-0.633761;2.2717;-0.0291889;-1.6724;0.709868;0.70014
-1.9317;-0.842189;2.10731;-0.128404;-7.35699;0.716806;0.700083
-1.99051;-0.386233;2.02763;0.219481;12.5753;1.12135;0.700006
-1.92402;-0.302655;1.94768;0.0356311;2.04151;0.710788;0.700142
-1.99412;-0.30987;2.01805;0.00186606;0.106917;0.705086;0.700307
-1.96591;-0.369462;2.00033;-0.0316087;-1.81105;0.703903;0.700431
-1.92165;-0.326941;1.94927;0.0172457;0.988105;0.705025;0.700344
-1.95661;-0.355678;1.98868;-0.0112971;-0.647279;0.702789;0.700686
-1.92599;-0.438845;1.97535;-0.0442111;-2.53311;0.702282;0.700853
-1.84466;-0.538069;1.92154;-0.0597851;-3.42543;0.703812;0.700442
-1.78865;-0.448179;1.84394;0.0383008;2.19447;0.710521;0.700118
-1.95533;-0.410778;1.99801;0.0384442;2.20269;0.708847;0.700198
-1.91242;-0.385899;1.95096;0.00795766;0.45594;0.706881;0.7004
-2.09089;-0.477724;2.14477;-0.025511;-1.46167;0.708076;0.700342
-2.03382;-0.61948;2.12607;-0.0710391;-4.07024;0.717617;0.700092
-1.87985;-0.405776;1.92314;0.0830688;4.75949;0.767565;0.700007
-1.80063;-0.373307;1.83892;0.00816976;0.468093;0.752619;0.700009
-1.95474;-0.319596;1.9807;0.0423603;2.42706;0.774563;0.700004
-1.99307;-0.223569;2.00557;0.0503575;2.88527;0.774048;0.700003
-1.91998;-0.134926;1.92471;0.0415469;2.38046;0.757754;0.700005
-2.17694;0.0711437;2.1781;0.102828;5.89163;0.740311;0.70001
-1.96752;0.0868878;1.96944;0.0114635;0.656809;0.711992;0.700167
-2.18145;0.178854;2.18877;0.0376734;2.15853;0.706796;0.700398
-1.97548;0.232964;1.98917;0.03558;2.03859;0.70246;0.701719
-2.08174;0.130072;2.0858;-0.0549849;-3.1504;0.700802;0.706791
-2.11514;0.118155;2.11844;-0.00659747;-0.378007;0.700744;0.704618
-2.16153;0.381231;2.1949;0.118772;6.80511;0.700391;0.707302
-2.0597;0.0722993;2.06096;-0.139488;-7.99205;0.700023;0.950652
-2.04555;0.0135283;2.04559;-0.0284741;-1.63145;0.700052;0.760964
-2.21304;-0.00948985;2.21306;-0.0109016;-0.624613;0.700036;0.794619
-1.91629;-0.265685;1.93462;-0.133479;-7.64779;0.700018;0.861631
-2.12885;-0.266457;2.14546;0.0132501;0.759175;0.700195;0.720437
-1.9104;-0.36448;1.94486;-0.0640041;-3.66716;0.700139;0.723525
-2.16119;-0.608789;2.2453;-0.0860554;-4.93061;0.700671;0.708248
-1.82058;-0.482998;1.88356;0.0152515;0.873848;0.709518;0.701534
-1.93926;-0.495805;2.00163;0.00901963;0.516787;0.713355;0.701089
-2.02424;-0.55104;2.0979;-0.0154751;-0.886657;0.7209;0.700685
-2.02817;-0.425109;2.07224;0.0591691;3.39014;0.742515;0.700264
-1.95546;-0.487029;2.01519;-0.0374842;-2.14768;0.725107;0.700247
-2.21759;-0.353678;2.24562;0.0859404;4.92402;0.857799;0.700053
-1.89024;-0.166506;1.89756;0.0702945;4.02758;0.83146;0.700043
-2.03155;-0.289389;2.05206;-0.0536348;-3.07305;0.80415;0.700052
-1.84166;0.490169;1.90578;0.401621;23.0112;1.20394;0.700008
-1.94978;0.471909;2.00607;-0.0226594;-1.29829;0.70214;0.735725
-1.72419;0.416827;1.77386;-0.000265188;-0.0151942;0.702035;0.753295
-1.82702;0.383434;1.86682;-0.0303342;-1.73802;0.701387;0.784156
-1.98406;0.363553;2.01709;-0.0256399;-1.46906;0.701396;0.778149
-1.95392;0.220952;1.96637;-0.0686239;-3.93186;0.701609;0.770135
-1.80559;-0.0111434;1.80562;-0.118774;-6.80527;0.705915;0.724317
-2.00811;0.0517305;2.00878;0.0319266;1.82926;0.759793;0.702407
-1.9953;0.280461;2.01491;0.113891;6.52548;0.754622;0.702513
-2.13377;0.138039;2.13823;-0.0750439;-4.2997;0.710117;0.719006
-1.97445;0.154405;1.98048;0.0134403;0.770074;0.722868;0.705791
-1.942;0.178456;1.95019;0.0135926;0.778797;0.711613;0.708582
-1.96695;0.171314;1.9744;-0.00475838;-0.272635;0.704228;0.718282
-2.0528;0.184936;2.06112;0.00296993;0.170165;0.70132;0.737829
-1.89947;-0.0211274;1.89958;-0.100969;-5.7851;0.700235;0.811362
-2.09607;-0.312231;2.1192;-0.136751;-7.83523;0.700151;0.788785
-1.77874;-0.368711;1.81655;-0.0565207;-3.2384;0.700177;0.746619
-1.89453;-0.398818;1.93605;-0.00308724;-0.176886;0.70012;0.77043
-1.8795;-0.830497;2.05481;-0.208592;-11.9515;0.700052;1.00619
-1.88332;-0.887614;2.08201;-0.0243535;-1.39535;0.701574;0.820302
-1.60144;-1.23577;2.02281;-0.216794;-12.4214;0.704111;1.04466
-1.70786;-1.11771;2.04109;0.0777241;4.45326;0.792138;0.866273
-1.52881;-1.33027;2.02655;-0.136571;-7.82494;0.791082;1.09701
-1.45022;-1.31703;1.95901;-0.0212364;-1.21675;0.986365;1.00451
-1.51409;-1.31131;2.003;0.0235547;1.34959;1.04859;0.974421
-1.68337;-1.14257;2.0345;0.117432;6.72839;1.03382;0.953666
-1.52931;-1.01616;1.83613;0.00984466;0.564058;1.0352;1.03771
-1.62218;-1.20493;2.02072;-0.0523974;-3.00215;1.01235;1.05448
-1.48978;-1.29101;1.97133;-0.0751716;-4.30702;0.922791;1.01514
-1.71192;-1.47286;2.25832;0.00356548;0.204287;0.793572;0.932066
-1.37906;-1.44192;1.99523;-0.0972026;-5.5693;0.749389;0.922637
-1.35943;-1.63123;2.12343;-0.0683541;-3.9164;0.707432;0.80795
-1.23556;-1.56721;1.99569;-0.02715;-1.55558;0.700957;0.740635
-1.34364;-1.57513;2.07037;0.0386379;2.21379;0.700584;0.716047
-1.11529;-1.43693;1.81897;-0.0462158;-2.64797;0.700555;0.710005
-1.17731;-1.49195;1.90052;0.00802688;0.459906;0.702987;0.702781
-1.37608;-1.66386;2.15917;0.02295;1.31494;0.70709;0.701006
-1.21276;-1.56865;1.98279;-0.0328774;-1.88373;0.713362;0.700362
-1.27629;-1.53925;1.99956;0.0341354;1.95582;0.761169;0.700068
-1.32203;-1.38432;1.91418;0.0701115;4.01709;0.802017;0.70003
-1.40988;-1.30097;1.9184;0.0631694;3.61934;0.78533;0.700041
-1.55139;-1.34043;2.05026;0.0326677;1.87172;0.762241;0.700099
-1.46962;-1.55433;2.13909;-0.100826;-5.77689;0.766606;0.700185
-1.62756;-1.12579;1.97898;0.208264;11.9326;1.0859;0.700031
-1.52678;-1.08399;1.87246;-0.012259;-0.70239;0.741974;0.700596
-1.66367;-1.11337;2.00184;0.0276267;1.58289;0.741112;0.700528
-1.64366;-1.00263;1.92533;0.0420305;2.40817;0.716887;0.70072
-1.70421;-0.996591;1.97422;0.0185859;1.06489;0.705168;0.70131
-1.93363;-1.03589;2.19363;0.0373407;2.13947;0.702538;0.702106
-1.75357;-1.05769;2.04786;-0.050927;-2.9179;0.701215;0.706795
-1.79972;-1.06808;2.0928;0.00713763;0.408956;0.701503;0.707164
-1.70569;-1.04968;2.0028;-0.0160638;-0.920386;0.701227;0.72373
-1.80652;-1.15058;2.14181;-0.0154458;-0.884978;0.701166;0.749102
-1.64779;-1.22414;2.05274;-0.0718297;-4.11554;0.701086;0.793763
-1.75898;-1.10081;2.07504;0.0797517;4.56944;0.701641;0.759339
-1.52271;-1.10695;1.88255;-0.069404;-3.97656;0.701412;0.934396
-1.51784;-1.31049;2.0053;-0.0836235;-4.79127;0.702209;0.824442
-1.51785;-1.3074;2.00329;0.00117363;0.0672443;0.705044;0.733137
-1.54396;-1.36037;2.05777;-0.0112269;-0.643253;0.707412;0.717826
-1.27601;-1.26643;1.79779;-0.0593589;-3.40102;0.711686;0.706018
-1.34636;-1.25757;1.84232;0.0303154;1.73694;0.725631;0.700912
-1.48832;-1.29588;1.97342;0.0349236;2.00097;0.731917;0.700423
-1.5879;-1.48596;2.17475;-0.0358557;-2.05438;0.74298;0.700286
-1.79002;-1.0096;2.05511;0.238707;13.6769;0.882372;0.700092
-1.83649;-1.14116;2.16216;-0.0424535;-2.4324;0.771751;0.701454
-1.87174;-0.762304;2.02102;0.169234;9.69641;0.981078;0.700974
-1.97355;-0.456566;2.02568;0.159416;9.13387;0.987576;0.707839
-1.94229;-0.292801;1.96424;0.0777189;4.45297;1.02578;0.765584
-1.95661;-0.510932;2.02222;-0.105804;-6.06212;0.929614;1.02172
-2.00599;-0.674147;2.11624;-0.0687814;-3.94088;0.751105;1.08186
-1.98288;-0.98563;2.21434;-0.137091;-7.85473;0.702841;1.20841
-1.62569;-1.3046;2.08443;-0.214959;-12.3162;0.700205;1.04189
-1.51943;-1.26557;1.97746;-0.0182352;-1.0448;0.702331;0.785438
-1.56554;-1.19706;1.97075;0.0416943;2.38891;0.705432;0.760018
-1.63672;-1.23954;2.05312;0.00462157;0.264796;0.705413;0.761343
-1.52158;-1.28231;1.98985;-0.0520906;-2.98457;0.707932;0.746523
-1.54788;-1.25721;1.99412;0.018126;1.03854;0.722105;0.71864
-1.512;-1.37022;2.0405;-0.0541031;-3.09988;0.722987;0.712146
-1.43304;-1.44788;2.03714;-0.054302;-3.11128;0.768024;0.703715
-1.60194;-1.20946;2.00724;0.143856;8.24236;0.938895;0.700977
-1.5771;-1.09302;1.91884;0.0406409;2.32855;0.771159;0.702864
-1.76971;-1.24182;2.16194;-0.00582101;-0.333519;0.749305;0.703831
-1.69755;-1.26462;2.11683;-0.0284009;-1.62725;0.754413;0.703142
-1.56529;-1.20707;1.97665;-0.0166284;-0.952738;0.783415;0.701958
-1.45768;-1.01114;1.77404;0.0504415;2.89009;0.814827;0.701421
-1.85309;-0.977831;2.09525;0.120916;6.928;0.77021;0.702674
-1.76503;-0.935555;1.99764;-0.0018557;-0.106324;0.714672;0.71739
-1.88278;-1.05463;2.15803;-0.023199;-1.3292;0.707998;0.730946
-1.7712;-1.0117;2.03978;-0.00836901;-0.479509;0.704817;0.741811
-1.84616;-0.965482;2.08337;0.0371134;2.12644;0.702728;0.757685
-1.76351;-1.21772;2.14308;-0.122476;-7.01737;0.700952;0.818315
-1.48746;-1.13042;1.86826;-0.0455206;-2.60814;0.702137;0.760259
-1.57962;-1.27185;2.02801;-0.0280309;-1.60606;0.703389;0.7496
-1.97456;-1.66995;2.58605;-0.0241286;-1.38246;0.707241;0.744573
-1.56886;-1.24837;2.00493;0.0298846;1.71226;0.754552;0.739278
-1.56826;-1.26103;2.01237;-0.00510612;-0.292559;0.976738;0.751795
-2.23225;-0.43539;2.27431;0.484604;27.7658;2.21863;0.763815
-1.85158;-0.80855;2.02042;-0.219096;-12.5533;1.31515;1.81633
-2.26768;0.294122;2.28667;0.540705;30.9801;6.7791;1.86041
-1.75115;-0.0137795;1.7512;-0.13685;-7.84094;2.57578;3.64662
-1.99027;0.914237;2.19021;0.438474;25.1227;9.94481;3.41606
-1.2328;1.83613;2.2116;0.54891;31.4502;4.03475;1.15554
-1.19904;1.6072;2.00519;-0.049682;-2.84657;1.02134;1.14719
-0.937769;2.1397;2.33618;0.227906;13.0581;1.42464;0.917424
-1.01315;2.06065;2.29625;-0.0439009;-2.51533;0.954951;1.11431
-0.737374;1.89197;2.03058;0.0853284;4.88896;1.12728;0.958653
-0.79104;1.74939;1.91993;-0.0530351;-3.03869;0.995225;1.04892
-0.602608;1.94852;2.03957;0.12473;7.1465;1.13877;0.93403
-0.804065;1.91232;2.07449;-0.0980887;-5.62007;0.910239;1.17136
-0.754637;1.80647;1.95776;0.00231738;0.132776;1.0422;0.983035
-0.703558;1.91942;2.0443;0.0443671;2.54205;1.02681;0.992645
-0.823607;1.77168;1.95376;-0.0838144;-4.80221;0.925168;1.13454
-0.823653;1.7626;1.94555;-0.00198983;-0.114009;1.02199;1.00256
-0.700603;1.79289;1.92491;0.0646202;3.70246;0.994452;1.0385
-0.913024;1.58067;1.82541;-0.151278;-8.66756;0.864402;1.30754
-1.07022;1.78141;2.07818;-0.0171869;-0.984735;1.03694;0.983556
-0.948674;1.78065;2.0176;0.0514695;2.94899;1.06284;0.953958
-1.02352;1.72352;2.00452;-0.046373;-2.65698;0.956347;1.05532
-1.05734;1.70675;2.00772;-0.0187469;-1.07412;1.02522;0.973916
-0.939693;1.76315;1.99793;0.0649696;3.72249;1.06656;0.940886
-0.894448;1.71319;1.93263;0.00850084;0.487062;0.93521;1.09525
-1.28338;1.48635;1.96375;-0.231081;-13.24;0.887578;1.19987
-0.859789;1.90808;2.09285;0.288893;16.5523;1.37109;0.817267
-1.60174;1.34948;2.09444;-0.447315;-25.6293;0.820336;1.47909
-0.938863;2.25975;2.44702;0.476897;27.3242;2.08495;0.746871
-1.38883;1.60622;2.12339;-0.319168;-18.287;0.801388;1.62671
-1.14751;1.76896;2.10856;0.137486;7.87735;1.27033;0.858137
-1.1491;1.82109;2.15332;0.0125563;0.719424;0.975118;1.04456
-0.963278;1.61701;1.88218;0.0256345;1.46875;0.938352;1.09554
-1.25101;1.58642;2.02034;-0.13047;-7.47535;0.882072;1.20425
-1.20893;1.72154;2.10362;0.0555086;3.18041;1.08474;0.950764
-1.40074;1.4904;2.04533;-0.14217;-8.14572;0.972594;1.04825
-1.05606;1.95095;2.21844;0.258252;14.7967;1.35863;0.837515
-1.35447;1.53071;2.04394;-0.228246;-13.0776;0.83919;1.33465
-1.25576;1.86778;2.25068;0.132478;7.59045;1.25425;0.869504
-1.21934;2.03891;2.3757;0.0529387;3.03316;0.982798;1.02534
-1.12386;1.64903;1.99558;-0.0592479;-3.39466;0.896255;1.15121
-1.30717;1.70275;2.14664;-0.0564995;-3.23718;0.991781;1.01935
-1.02625;1.68207;1.97042;0.106897;6.12475;1.1757;0.898186
-1.10191;1.67176;2.00225;-0.0349449;-2.00219;0.972819;1.04099
-1.18935;1.81979;2.17398;0.00389333;0.223071;1.04666;0.970381
-1.01705;1.69083;1.97315;0.0373445;2.13968;1.06548;0.957792
-1.05331;1.70027;2.0001;-0.0131013;-0.75065;1.01197;1.00833
-1.0097;1.68957;1.96829;0.0159728;0.915175;1.05662;0.978066
-1.01786;1.78092;2.05127;0.0194306;1.11329;1.04584;0.995779
-0.989804;1.73055;1.99362;-0.000317762;-0.0182064;1.02613;1.02258
-0.945314;1.56503;1.82837;-0.0238274;-1.36521;1.05283;1.00775
-0.791812;1.81137;1.97687;0.13127;7.5212;1.1588;0.944836
-1.07516;1.57556;1.90745;-0.186712;-10.6978;0.93967;1.15154
-0.630392;1.94707;2.04657;0.285701;16.3694;1.49621;0.847433
-0.960467;1.66292;1.92037;-0.210655;-12.0696;0.882364;1.27904
-0.816906;1.82562;2.00005;0.103022;5.90275;1.32817;0.876406
-0.690672;1.92211;2.04243;0.0757844;4.34213;1.11451;0.949493
-0.786864;1.80789;1.97171;-0.0655478;-3.75561;0.976987;1.05831
-0.604161;1.82078;1.9184;0.0901282;5.16397;1.12518;0.935042
-0.705786;1.82447;1.95623;-0.0487324;-2.79216;0.963307;1.07142
-0.455924;1.79624;1.8532;0.120543;6.90659;1.05528;0.976891
-0.856871;1.84739;2.03644;-0.185722;-10.6411;0.864262;1.26508
-0.665404;1.78738;1.90722;0.0779098;4.4639;1.19472;0.896197
-0.688976;1.72765;1.85997;-0.0230814;-1.32246;1.04113;0.990852
-0.603414;2.1502;2.23327;0.105871;6.06597;1.09882;0.949308
-0.74791;1.86937;2.01343;-0.106988;-6.12993;0.894875;1.20138
-0.641443;1.83025;1.9394;0.0434907;2.49184;1.03458;0.975032
-0.73732;1.76658;1.91428;-0.0583002;-3.34036;0.948835;1.05719
-0.769691;1.66461;1.83394;-0.0377148;-2.1609;1.03869;0.951095
-0.811795;1.91543;2.08036;0.032237;1.84704;1.13218;0.889428
-0.620452;1.85549;1.95648;0.0781702;4.47882;1.06225;0.933226
-0.849845;1.88889;2.07126;-0.100088;-5.7346;0.902197;1.1228
-0.701791;1.90659;2.03165;0.0700906;4.01589;0.995618;0.938341
-0.742464;1.78807;1.93609;-0.0408718;-2.34178;0.841074;1.00512
-0.998859;1.76812;2.03076;-0.120663;-6.91346;0.791459;0.866642
-0.844283;1.66792;1.86943;0.0456448;2.61526;0.752881;0.742264
-0.625523;1.7413;1.85024;0.123713;7.08825;0.711205;0.713095
-0.715025;1.93026;2.05844;-0.00988572;-0.56641;0.701657;0.702772
-1.57792;1.73021;2.34167;-0.384638;-22.0381;0.749259;2.00877
-1.11116;1.58979;1.93962;0.129384;7.41318;1.21676;0.883721
-1.46086;1.48107;2.0803;-0.168517;-9.6553;0.960189;1.05151
-0.981861;1.84196;2.08731;0.288789;16.5464;1.4891;0.807899
-1.33446;1.52382;2.02554;-0.229509;-13.1499;0.852629;1.28321
-0.953665;1.71056;1.95844;0.210653;12.0695;1.2915;0.846223
-1.25734;1.62553;2.05506;-0.149775;-8.58148;0.875668;1.21509
-1.10897;1.59427;1.94203;0.0506056;2.89949;1.13828;0.91658
-1.02508;1.59729;1.89793;0.0372014;2.13148;1.06179;0.966634
-1.05311;1.56958;1.89014;-0.0203975;-1.16869;1.00507;1.01511
-1.04366;1.64524;1.94834;0.0256669;1.4706;1.0667;0.964416
-0.990491;1.75356;2.01397;0.0511249;2.92924;1.04078;0.982475
-0.998814;1.59808;1.88454;-0.0444365;-2.54602;0.963056;1.05963
-0.791424;1.67841;1.85564;0.11799;6.76031;1.08144;0.960907
-0.912693;1.7982;2.01656;-0.0290626;-1.66516;0.898257;1.16342
-1.27649;1.82053;2.22346;-0.14183;-8.12629;0.957088;1.07912
-0.693046;1.99446;2.11145;0.277076;15.8753;1.53757;0.830084
-0.706849;1.81961;1.95208;-0.036089;-2.06775;0.891834;1.17415
-0.825091;1.80892;1.9882;-0.0574146;-3.28961;0.962796;1.06895
-0.613937;1.9138;2.00986;0.117511;6.73289;1.17075;0.92291
-0.87024;1.83405;2.03004;-0.132609;-7.59792;0.980067;1.04873
-0.593841;1.74155;1.84001;0.114413;6.55538;1.50654;0.827704
-0.201144;1.99138;2.00152;0.227954;13.0608;1.26131;0.873619
-0.397729;2.12212;2.15907;-0.0846051;-4.84752;0.850423;1.28549
-0.227301;2.05744;2.06996;0.0752396;4.31091;0.946396;1.08867
-0.714334;1.7871;1.92458;-0.27023;-15.483;0.849453;1.29333
-0.221514;2.06683;2.07867;0.273493;15.67;1.54524;0.822765
-0.460382;1.9896;2.04217;-0.120624;-6.91123;0.893908;1.19617
-0.318542;1.82492;1.85251;0.0545821;3.12733;1.08297;0.962977
-0.256119;1.83699;1.85476;0.0342795;1.96407;0.978355;1.06155
-0.537631;1.96246;2.03477;-0.128866;-7.3835;0.906097;1.18422
-0.263973;1.97533;1.99289;0.134549;7.70909;1.1103;0.94214
-0.609274;1.93919;2.03265;-0.171576;-9.83056;0.88132;1.25861
-0.188607;2.16825;2.17644;0.217656;12.4708;1.18517;0.909785
-0.735703;2.02752;2.15687;-0.261316;-14.9723;0.839068;1.40245
0.05519;1.84219;1.84302;0.378034;21.6597;1.39785;0.851049
-0.716969;2.01732;2.14094;-0.371434;-21.2816;0.781723;1.7566
-0.0900644;2.09797;2.0999;0.298581;17.1074;1.44881;0.841829
-0.57966;1.97454;2.05787;-0.242641;-13.9023;0.839754;1.34001
-0.170635;2.12883;2.13565;0.205561;11.7778;1.33658;0.853435
-0.425911;1.95504;2.0009;-0.134518;-7.70729;0.903538;1.14395
-0.184023;2.13471;2.14263;0.128509;7.363;1.19466;0.892513
-0.0761267;1.86483;1.86638;0.0451926;2.58935;0.95318;1.0664
-0.638333;1.89934;2.00374;-0.283422;-16.2389;0.890649;1.17015
0.168327;2.12369;2.13035;0.403318;23.1084;1.94851;0.777307
-0.401752;2.08487;2.12322;-0.269462;-15.439;0.83902;1.3256
0.213051;2.28021;2.29014;0.28353;16.2451;1.48634;0.826652
0.0581003;2.22509;2.22585;-0.0670589;-3.84219;0.859213;1.27086
-0.212356;2.07449;2.08533;-0.128116;-7.34048;0.932051;1.11607
0.176737;2.02352;2.03122;0.18913;10.8364;1.29487;0.872791
0.0334013;1.9506;1.95089;-0.0699984;-4.01062;0.925266;1.12615
-0.00768016;2.10899;2.109;-0.0207636;-1.18966;1.07068;0.967755
0.141658;2.10128;2.10605;0.0709548;4.06541;1.20185;0.89448
0.375967;1.97754;2.01296;0.120563;6.90774;1.08862;0.947174
0.0849179;2.01999;2.02177;-0.145862;-8.35727;0.889423;1.18628
0.158147;1.95498;1.96137;0.0387042;2.21759;1.18616;0.902143
0.394872;1.96727;2.00651;0.11737;6.72482;1.15335;0.908931
0.0972136;1.9685;1.97089;-0.148744;-8.5224;0.932715;1.07891
0.529704;2.11015;2.17561;0.196601;11.2644;1.33896;0.841243
0.448295;1.89963;1.95181;-0.0141947;-0.813298;0.915717;1.10111
0.4492;2.01553;2.06498;-0.0124649;-0.714188;0.938537;1.07443
0.400062;1.93159;1.97258;-0.0150572;-0.862713;0.987514;1.0272
0.608199;1.96956;2.06133;0.095282;5.45926;1.07216;0.965133
0.336904;2.17165;2.19763;-0.1456;-8.34227;0.928417;1.12748
0.917699;1.8882;2.0994;0.298489;17.1022;1.33132;0.857553
0.505888;2.03534;2.09727;-0.208784;-11.9625;0.809381;1.67797
0.459845;1.94509;1.99871;-0.0114641;-0.656845;1.01507;1.03679
0.532778;1.98361;2.05391;0.0302468;1.73301;1.03972;1.01099
0.47794;1.95316;2.01078;-0.0224121;-1.28412;0.98637;1.07907
0.416193;1.93041;1.97476;-0.0276377;-1.58352;1.0375;1.01967
0.657541;1.89485;2.0057;0.121664;6.97084;1.18535;0.929908
0.75335;1.67956;1.84078;0.0876271;5.02066;0.99064;1.08209
0.485706;1.89927;1.96039;-0.171272;-9.81315;0.894038;1.23846
1.13958;1.77093;2.10591;0.321417;18.4158;1.7243;0.864477
0.707792;1.95941;2.08333;-0.225143;-12.8997;0.85149;1.31141
1.50186;1.55869;2.16451;0.420188;24.075;2.18722;0.842783
0.95197;1.85843;2.08806;-0.293434;-16.8125;0.794619;1.48492
1.8531;1.34573;2.29019;0.469304;26.8891;2.50767;0.840867
1.2077;1.72035;2.10194;-0.330628;-18.9436;0.773815;1.58576
2.1295;1.13179;2.41158;0.470211;26.9411;2.62789;0.836544
1.67458;1.4334;2.20428;-0.219438;-12.5729;0.784191;1.52978
1.60505;0.700568;1.75128;0.296401;16.9825;1.58663;0.912041
1.62498;1.302;2.08225;-0.263944;-15.1229;0.833196;1.3569
2.13479;0.519634;2.19712;0.436728;25.0227;2.32944;0.824278
1.81887;1.07067;2.1106;-0.293261;-16.8026;0.793841;1.55878
2.1636;0.191751;2.17208;0.443635;25.4184;1.83928;0.835939
1.94923;1.12601;2.25109;-0.435441;-24.9489;0.753908;2.13303
2.14376;0.213467;2.15436;0.424587;24.327;2.06422;0.79086
1.8813;0.928706;2.09804;-0.359308;-20.5868;0.79525;1.81068
2.02108;0.388722;2.05812;0.268542;15.3863;1.68868;0.798448
2.09443;0.907636;2.28264;-0.218914;-12.5428;0.897859;1.35828
2.15259;0.315592;2.1756;0.263355;15.0891;1.37146;0.849838
1.85506;1.16314;2.18955;-0.414469;-23.7473;0.813088;2.0592
2.13983;0.347656;2.16789;0.39898;22.8599;1.86643;0.779848
1.83627;1.34734;2.27755;-0.471952;-27.0409;0.79299;2.40475
2.13954;0.672574;2.24276;0.32844;18.8182;2.07395;0.772934
1.74488;1.14182;2.08527;-0.274877;-15.7493;0.874742;1.58352
1.97516;0.666295;2.08451;0.254101;14.5589;1.49084;0.862109
2.02427;1.10033;2.304;-0.172542;-9.88594;0.829949;1.79088
1.66865;1.10256;2;-0.0860029;-4.9276;0.987286;1.17698
1.87877;0.969735;2.11427;0.107407;6.15395;1.27208;0.974439
1.56089;1.1141;1.9177;-0.143413;-8.21693;0.997653;1.177
1.98405;0.635907;2.08347;0.309736;17.7466;1.74185;0.878089
1.76093;1.2779;2.17575;-0.3176;-18.1972;0.819886;1.67
2.07695;0.395346;2.11425;0.439667;25.191;2.21136;0.827752
1.70283;1.33637;2.1646;-0.477303;-27.3475;0.771252;2.20892
2.43164;0.145486;2.43599;0.605643;34.7008;3.07946;0.776524
1.92307;1.45024;2.40861;-0.586378;-33.597;0.737279;3.39825
2.09358;0.345562;2.12191;0.482555;27.6483;2.94849;0.77333
1.9238;1.17178;2.25257;-0.383499;-21.9729;0.810563;2.05804
2.04076;0.31669;2.06518;0.393128;22.5246;2.03561;0.80521
1.78619;1.3992;2.26898;-0.510547;-29.2522;0.804331;2.39854
2.32589;0.316066;2.34727;0.529439;30.3346;2.85803;0.747569
1.74241;1.39341;2.23105;-0.539496;-30.9109;0.789523;3.17985
2.30753;0.458416;2.35263;0.478452;27.4133;2.41529;0.760528
1.83301;1.65947;2.4726;-0.539644;-30.9193;0.793531;3.69345
2.08396;0.481968;2.13897;0.508472;29.1333;2.23987;0.768601
1.63553;1.944;2.54049;-0.644081;-36.9031;0.78356;7.27861
1.98381;0.945917;2.19778;0.426428;24.4325;2.1182;0.796642
1.08591;2.35619;2.59439;-0.694006;-39.7636;0.844005;9.04246
1.77585;1.25479;2.17443;0.523803;30.0117;2.2383;0.822679
0.917075;2.6969;2.84856;-0.627881;-35.9749;0.838977;13.0783
0.0821225;2.08868;2.0903;-0.288484;-16.5289;1.14002;2.09292
0.537378;2.08843;2.15646;0.212551;12.1783;1.56913;1.018
-0.599563;2.15584;2.23766;-0.523105;-29.9717;0.889979;3.40601
0.494455;2.29961;2.35217;0.483049;27.6767;2.14951;0.805217
-0.888779;2.34346;2.50634;-0.574291;-32.9045;0.762439;4.14735
0.439727;2.31441;2.35581;0.550256;31.5274;2.51993;0.829836
-0.816972;2.19152;2.33885;-0.544586;-31.2025;0.734135;3.64091
0.344282;2.4562;2.48021;0.496091;28.4239;2.86096;0.836421
-0.782525;2.12646;2.26587;-0.491876;-28.1824;0.776711;2.77166
0.43243;2.2246;2.26624;0.544605;31.2036;2.75692;0.798419
-1.13007;2.26974;2.5355;-0.653947;-37.4684;0.765032;5.88046
0.0119223;2.19127;2.1913;0.467397;26.7799;2.35791;0.818358
-1.4754;1.95889;2.45236;-0.650975;-37.2981;0.796502;5.54771
-0.578573;2.25415;2.32721;0.394287;22.591;2.29682;0.80931
-1.52217;1.68656;2.27189;-0.482966;-27.6719;0.816726;2.85257
-0.51735;2.23093;2.29013;0.506342;29.0112;2.52194;0.803618
-1.75179;1.66938;2.41984;-0.581609;-33.3238;0.762845;3.32625
-0.707247;2.18629;2.29784;0.496613;28.4538;3.40506;0.770249
-1.30011;1.69096;2.13298;-0.342596;-19.6293;0.851407;2.13536
-0.490749;1.96983;2.03004;0.411302;23.5659;2.11128;0.858945
-1.49924;1.54722;2.15444;-0.525488;-30.1083;0.797874;2.72422
-0.466766;2.18285;2.2322;0.558989;32.0277;3.31089;0.769321
-1.44264;1.82677;2.32773;-0.457782;-26.229;0.794279;3.00876
-0.446452;2.23536;2.2795;0.471314;27.0043;2.28759;0.842806
-1.83407;1.63934;2.45993;-0.644273;-36.9142;0.772776;3.81669
-0.626083;2.2867;2.37086;0.574158;32.8968;3.49854;0.749867
-1.77096;1.59366;2.38245;-0.570802;-32.7045;0.819833;3.76663
-0.915827;2.17719;2.36197;0.439869;25.2026;2.57956;0.788436
-1.7539;1.71496;2.45301;-0.398447;-22.8293;0.860719;4.84455
-1.53038;1.28054;1.99546;-0.0774234;-4.43604;1.41425;1.78417
-1.67643;0.881382;1.89401;-0.212715;-12.1877;1.52064;2.26363
-1.73241;1.09029;2.04694;0.0776881;4.4512;1.99459;1.64586
-2.18172;-0.097608;2.18391;-0.60643;-34.7459;1.41265;4.47367
-1.81235;0.943785;2.04337;0.52482;30.07;3.03301;0.818507
-2.49289;-0.547514;2.55231;-0.696309;-39.8956;1.03285;9.89106
-2.0858;0.167814;2.09254;0.296481;16.9871;2.04499;1.08058
-2.1382;-1.10147;2.40523;-0.555969;-31.8547;0.948986;5.02872
-1.95858;-0.351984;1.98996;0.297871;17.0667;2.02068;0.999155
-1.88669;-1.35587;2.32335;-0.445317;-25.5148;0.933106;3.56203
-2.04906;-0.588738;2.13196;0.343348;19.6724;1.95169;1.00539
-1.50292;-1.77987;2.32953;-0.589776;-33.7917;0.850066;3.73421
-2.14358;-0.827181;2.29764;0.501279;28.7212;3.19171;0.804201
-1.4726;-1.71657;2.26167;-0.493468;-28.2736;0.87037;3.23793
-2.34456;-0.924305;2.52018;0.486223;27.8585;2.70508;0.863592
-1.3046;-2.02821;2.41156;-0.623671;-35.7337;0.813243;3.82883
-2.33761;-0.974657;2.53266;0.604168;34.6163;3.68067;0.796126
-1.39902;-2.17328;2.58465;-0.603807;-34.5956;0.811005;3.90925
-2.16781;-1.01577;2.39399;0.560646;32.1227;3.50993;0.814921
-1.19082;-1.48712;1.90514;-0.457406;-26.2074;0.840323;3.43734
-1.87211;-1.06803;2.15533;0.377155;21.6094;2.30766;0.993515
-1.1006;-1.75542;2.07191;-0.492342;-28.2091;0.885693;2.85588
-1.97014;-1.11798;2.26525;0.49463;28.3402;3.38051;0.845459
-1.31989;-1.83783;2.26268;-0.431821;-24.7415;0.9155;2.72403
-2.04087;-0.825444;2.20147;0.563631;32.2937;2.83727;0.888507
-1.3568;-2.03689;2.44741;-0.598833;-34.3106;0.789983;4.38191
-2.30978;-1.01379;2.52247;0.569584;32.6347;2.79775;0.899531
-1.42899;-2.0579;2.50539;-0.550252;-31.5271;0.774049;4.67375
-1.58585;-1.26508;2.02863;0.290488;16.6438;2.183;1.04031
-1.06128;-1.90398;2.17978;-0.388931;-22.2841;1.02295;2.20375
-1.97976;-1.20156;2.31585;0.516795;29.6102;3.15616;0.854549
-1.07424;-1.95035;2.22662;-0.52185;-29.8998;0.866478;3.36123
-1.85275;-1.19027;2.20214;0.496306;28.4362;2.86738;0.876824
-0.94611;-1.97205;2.18726;-0.552434;-31.6521;0.86249;3.56967
-1.82011;-1.30172;2.2377;0.502624;28.7982;2.88464;0.867072
-0.808267;-2.3593;2.49391;-0.619893;-35.5172;0.866023;3.68605
-2.02624;-1.57517;2.56648;0.579943;33.2283;3.55026;0.799013
-0.807902;-2.09482;2.24521;-0.541909;-31.0491;0.864423;3.93635
-1.49918;-1.48502;2.11018;0.422053;24.1819;2.44434;0.941482
-0.584627;-2.24963;2.32435;-0.53589;-30.7042;0.894988;3.41762
-1.53792;-1.80342;2.37013;0.451851;25.8892;2.89207;0.875738
-0.587125;-2.2686;2.34335;-0.452856;-25.9467;0.923231;3.11545
-1.48156;-1.8343;2.3579;0.42617;24.4177;2.48934;0.961905
-0.442124;-2.15693;2.20178;-0.47724;-27.3439;0.87536;3.39582
-1.1624;-1.73216;2.08604;0.388867;22.2804;2.42433;0.996655
-0.1597;-2.23141;2.23712;-0.519597;-29.7707;0.928836;2.84682
-1.47369;-1.8801;2.38883;0.59336;33.997;3.68625;0.844386
-0.148095;-2.44021;2.4447;-0.604192;-34.6177;0.860994;3.50248
-1.42175;-1.87237;2.35099;0.588832;33.7376;3.93801;0.834724
-0.234173;-2.3221;2.33388;-0.548942;-31.4521;0.902199;3.05486
-1.68642;-2.04398;2.64988;0.589334;33.7664;3.66964;0.844793
-0.625841;-2.46783;2.54595;-0.441476;-25.2947;0.858405;3.32369
-1.19727;-1.73963;2.11182;0.354422;20.3069;2.28386;1.06065
-0.39168;-2.15705;2.19232;-0.423162;-24.2454;0.953086;2.5722
-1.78464;-1.79618;2.53204;0.602552;34.5237;3.02489;0.930804
-0.636276;-2.14247;2.23496;-0.49349;-28.2749;0.784144;4.17131
-1.14121;-1.52962;1.90843;0.3523;20.1853;2.08606;1.21186
-0.419918;-2.1347;2.17561;-0.446755;-25.5972;0.913908;2.64412
-1.63264;-1.802;2.43161;0.541898;31.0485;3.71597;0.938993
-0.5778;-2.1868;2.26185;-0.47781;-27.3765;0.946426;2.50002
-1.89591;-1.43507;2.3778;0.664557;38.0763;4.6651;0.876264
-0.967955;-2.04684;2.26417;-0.48114;-27.5673;0.88435;2.7773
-1.80865;-1.26835;2.20906;0.517486;29.6497;3.96248;0.925659
-1.14351;-1.78131;2.11676;-0.388527;-22.261;1.05029;2.1338
-2.02719;-0.986506;2.25449;0.547203;31.3524;3.93003;0.902974
-1.3598;-1.50078;2.02519;-0.381743;-21.8722;0.980693;2.35146
-2.08163;-0.786681;2.22532;0.473318;27.1191;3.12199;0.972161
-1.54312;-1.49205;2.14649;-0.407252;-23.3338;0.962325;2.45447
-2.49266;-0.59746;2.56326;0.533327;30.5574;3.20294;0.954424
-1.74784;-1.55741;2.34105;-0.492598;-28.2238;0.877319;2.97449
-2.05891;-0.303473;2.08116;0.581506;33.3179;3.32462;0.942315
-1.80348;-1.44702;2.31224;-0.52983;-30.357;0.857901;3.28056
-2.19248;-0.487476;2.24602;0.45739;26.2065;3.21228;0.947216
-1.99648;-1.09212;2.27567;-0.281772;-16.1443;1.03133;2.37459
-1.84235;-0.350663;1.87542;0.312468;17.9031;2.12778;1.1557
-1.65631;-1.24856;2.07419;-0.457858;-26.2334;1.01918;2.42769
-2.31564;-0.261277;2.33034;0.533587;30.5723;3.54425;0.883704
-1.87558;-1.1509;2.20054;-0.43802;-25.0967;0.973238;2.66426
-2.13909;-0.102458;2.14154;0.502514;28.7919;2.8131;0.94894
-1.92217;-1.18679;2.25903;-0.505268;-28.9497;0.903535;3.08629
-2.18131;-0.206409;2.19105;0.458784;26.2864;2.87962;0.939039
-1.83268;-1.14445;2.16067;-0.463872;-26.5779;0.977011;2.63391
-2.24468;-0.0788002;2.24607;0.523127;29.973;2.97214;0.908602
-2.06795;-1.10415;2.34427;-0.455335;-26.0888;0.906663;2.74413
-1.94;-0.315078;1.96542;0.329421;18.8744;1.75752;0.945604
-1.93614;-0.657208;2.04464;-0.166234;-9.5245;0.902408;1.22287
-2.08307;-0.557668;2.15643;0.0656588;3.76197;0.822386;0.833049
-1.8837;-0.574637;1.9694;-0.03451;-1.97728;0.723246;0.73118
-1.84772;-0.784373;2.00731;-0.105364;-6.03693;1.32632;1.62609
-1.87867;-0.372387;1.91523;0.205773;11.7899;1.77693;1.27005
-2.0408;-1.11879;2.32735;-0.305788;-17.5204;1.0996;2.22566
-2.14894;-0.343076;2.17616;0.343157;19.6614;2.28985;1.0676
-2.00011;-1.41736;2.4514;-0.458187;-26.2522;1.02514;2.55002
-2.33333;-0.141681;2.33762;0.555853;31.8481;3.05766;0.90453
-2.00183;-1.1336;2.30052;-0.454611;-26.0473;0.898265;3.56832
-1.9182;-0.627006;2.01808;0.199333;11.4209;1.96488;1.20443
-1.68004;-1.03851;1.9751;-0.237734;-13.6212;1.21996;1.98949
-2.00676;-0.513177;2.07134;0.3033;17.3778;2.22742;1.19677
-1.73926;-1.2318;2.13128;-0.365872;-20.9629;1.08538;2.40627
-2.0749;-0.540612;2.14417;0.361349;20.7038;2.87675;1.19217
-1.96717;-0.906151;2.16584;-0.176782;-10.1289;1.18768;2.06756
-1.80987;-0.411499;1.85606;0.2081;11.9233;1.87;1.43075
-1.75969;-0.79398;1.93052;-0.200292;-11.4759;1.14726;1.84829
-2.10204;-0.391816;2.13824;0.239572;13.7265;1.91265;1.20629
-1.90159;-0.756232;2.04644;-0.194225;-11.1283;1.09566;1.6996
-1.94888;-0.277229;1.9685;0.237206;13.5909;1.74978;1.08765
-1.78775;-0.977689;2.03763;-0.359145;-20.5775;1.02822;1.7942
-2.15995;-0.0702693;2.1611;0.467925;26.8102;2.57195;0.871096
-1.94987;-0.857657;2.13016;-0.381862;-21.8791;0.907447;2.37064
-2.07323;-0.1271;2.07712;0.353155;20.2343;1.94877;0.980449
-1.73642;-1.14642;2.08073;-0.522297;-29.9254;0.908826;2.39047
-2.29598;-0.166294;2.302;0.511224;29.291;2.94674;0.81978
-1.92911;-1.03125;2.18745;-0.418619;-23.9851;0.927396;2.39918
-2.21521;0.000917993;2.21521;0.491336;28.1515;2.06599;0.924024
-1.65358;-1.13904;2.00792;-0.603606;-34.5841;0.811397;3.78494
-2.11767;-0.424094;2.15972;0.405541;23.2358;2.20049;0.903253
-1.8537;-1.3982;2.32189;-0.448581;-25.7018;0.913982;2.50037
-2.11214;-0.547876;2.18204;0.392431;22.4847;2.15573;0.902444
-1.68884;-1.54269;2.28737;-0.486404;-27.8689;0.925197;2.61981
-2.06817;-0.742484;2.19741;0.395529;22.6622;2.26208;0.876518
-1.52192;-1.44502;2.09865;-0.41481;-23.7669;0.952501;2.5086
-1.87859;-0.924409;2.09371;0.302197;17.3146;1.86176;0.967438
-1.48177;-1.58894;2.17264;-0.362996;-20.7982;0.96102;2.38242
-1.64573;-1.16084;2.01395;0.205966;11.801;1.69028;1.03462
-1.28406;-1.56197;2.02202;-0.268419;-15.3792;1.04512;1.94894
-1.61531;-1.3463;2.10279;0.187921;10.7671;1.60812;1.0876
-0.805624;-1.70893;1.8893;-0.435458;-24.9499;1.02852;2.04542
-1.67331;-1.48022;2.23406;0.406026;23.2636;2.45276;0.844926
-0.886301;-1.85656;2.05726;-0.401154;-22.9844;0.992566;2.28675
-1.58363;-1.74055;2.35316;0.292832;16.778;1.96044;0.940271
-0.888627;-1.83288;2.03694;-0.286794;-16.4321;0.999069;2.14076
-1.12728;-1.84541;2.16248;0.0969312;5.55375;1.52858;1.12719
-0.931955;-1.90329;2.11921;-0.0930287;-5.33015;1.18111;1.51711
-0.90544;-1.76049;1.97968;0.0196955;1.12847;1.32944;1.29578
-0.764821;-1.86975;2.02013;-0.0867494;-4.97037;1.21247;1.43782
-0.910788;-1.805;2.02177;0.0790317;4.52818;1.3959;1.21729
-0.673195;-1.90005;2.01578;-0.126811;-7.26573;1.14016;1.54002
-0.849977;-1.79112;1.98257;0.102577;5.87726;1.43854;1.18349
-0.362119;-1.74978;1.78686;-0.239011;-13.6943;1.12948;1.56301
-1.03812;-1.7945;2.07315;0.320389;18.3569;1.95438;0.960289
-0.247427;-2.31145;2.32465;-0.417821;-23.9394;0.976233;2.031
-1.19893;-1.89968;2.24638;0.45635;26.1469;2.54304;0.858211
-0.123095;-1.95641;1.96028;-0.500152;-28.6566;0.933218;2.26648
-1.05086;-2.03274;2.28831;0.414292;23.7372;2.79404;0.839772
-0.398341;-2.06658;2.10462;-0.286709;-16.4272;1.06131;1.71921
-1.1028;-1.80924;2.11885;0.356986;20.4538;1.97361;0.936132
-0.343849;-2.20174;2.22842;-0.392484;-22.4877;0.911858;2.02364
-1.16659;-1.88053;2.21298;0.400328;22.9371;2.02849;0.880588
-0.374585;-2.1527;2.18505;-0.382967;-21.9424;0.873214;2.08151
-1.08724;-1.94846;2.23127;0.336683;19.2905;1.83889;0.912373
-0.300202;-2.02305;2.0452;-0.361649;-20.721;0.90156;1.91106
-0.92925;-1.99478;2.2006;0.288634;16.5375;1.87434;0.898293
-0.141048;-2.08286;2.08763;-0.368334;-21.104;0.988885;1.5919
-0.977905;-1.75699;2.0108;0.440265;25.2254;2.37005;0.81431
-0.297299;-2.07661;2.09779;-0.365682;-20.952;0.913089;1.83739
-0.983952;-1.89767;2.1376;0.336143;19.2595;1.77583;0.85838
-0.405368;-2.03951;2.0794;-0.28214;-16.1655;0.873757;1.7321
-0.704318;-2.1128;2.2271;0.125572;7.19475;1.36959;0.940116
-0.47009;-1.93361;1.98993;-0.0832842;-4.77184;1.04466;1.18871
-0.688499;-1.90861;2.029;0.107716;6.17166;1.23095;1.01002
-0.439086;-1.95107;1.99986;-0.124843;-7.153;0.982236;1.29249
-0.820769;-1.96549;2.12998;0.174216;9.98183;1.24367;0.999177
-0.290626;-2.03616;2.0568;-0.253802;-14.5418;0.893664;1.48766
-0.820313;-1.90215;2.0715;0.265382;15.2052;1.56044;0.889956
-0.214125;-1.94835;1.96008;-0.297695;-17.0567;0.910739;1.43336
-0.950198;-1.99262;2.20758;0.335501;19.2228;1.95631;0.831551
-0.5324;-1.98316;2.05338;-0.182687;-10.4672;0.932995;1.39406
-0.945948;-1.84808;2.07611;0.210809;12.0785;1.46305;0.944408
-0.611341;-1.90563;2.00129;-0.16265;-9.31915;0.965111;1.33011
-1.02196;-1.8413;2.10589;0.196255;11.2446;1.60312;0.936228
-0.841972;-1.77312;1.96287;-0.0633617;-3.63036;1.09705;1.19092
-1.22472;-1.60132;2.01598;0.209591;12.0087;1.50425;0.988133
-0.783856;-1.90509;2.06005;-0.262579;-15.0447;0.999914;1.33136
-1.75924;-1.24437;2.15485;0.564823;32.362;2.57286;0.829082
-1.0643;-1.93411;2.2076;-0.452104;-25.9037;0.782564;2.24824
-1.74972;-1.29269;2.17545;0.431444;24.7199;2.12519;0.868987
-1.14389;-1.80466;2.13666;-0.369562;-21.1744;0.838984;1.90146
-1.53212;-1.44702;2.10743;0.249016;14.2676;1.94675;0.874455
-1.43084;-1.58839;2.13782;-0.0806921;-4.62332;1.09695;1.2129
-1.44517;-1.43279;2.03504;0.0564378;3.23365;1.33737;1.00497
-1.55062;-1.24665;1.98961;0.103934;5.95501;1.19556;1.07575
-1.37892;-1.43753;1.99197;-0.129046;-7.39377;0.954714;1.37098
-1.56244;-1.37521;2.08144;0.0844551;4.83892;1.15167;1.02689
-1.33161;-1.37055;1.91091;-0.0780587;-4.47243;0.927717;1.09115
-1.4223;-1.66046;2.18633;-0.0626916;-3.59196;0.903922;0.870754
-1.29699;-1.47752;1.96602;0.0121266;0.694802;0.799755;0.746169
-1.34563;-1.61548;2.10249;-0.0259051;-1.48425;0.724838;0.711381
-1.99761;-0.768897;2.14048;0.508849;29.1549;2.63559;0.751882
-1.44501;-1.45649;2.05169;-0.421926;-24.1746;0.837627;1.82179
-2.04447;-0.685359;2.15629;0.465902;26.6942;2.03648;0.804789
-1.58473;-1.45802;2.15342;-0.420327;-24.083;0.793254;1.95828
-1.9197;-0.909608;2.12429;0.301288;17.2625;1.78055;0.813002
-1.78944;-1.20616;2.15799;-0.150598;-8.62863;0.906779;1.23855
-2.03375;-0.831608;2.19721;0.204932;11.7417;1.28481;0.903111
-1.67608;-1.02228;1.96323;-0.159525;-9.14008;0.863298;1.34314
-1.92164;-0.879089;2.11317;0.118636;6.79736;1.14882;0.948903
-1.69632;-1.00869;1.97356;-0.107418;-6.15462;0.924377;1.16729
-1.95516;-0.824841;2.12203;0.13724;7.86328;1.1687;0.933411
-1.72355;-1.00784;1.99659;-0.129906;-7.44307;0.900574;1.22692
-1.67125;-0.814722;1.85926;0.0755388;4.32805;1.14907;0.940347
-1.90291;-0.836417;2.07862;0.0394661;2.26124;0.993836;1.0614
-1.79918;-1.08923;2.10321;-0.130259;-7.46327;0.91737;1.17008
-1.8668;-0.750888;2.01216;0.161956;9.27939;1.25245;0.894726
-1.75112;-1.01133;2.02218;-0.141308;-8.09636;0.917664;1.16405
-2.06936;-0.741218;2.1981;0.179787;10.301;1.33143;0.87465
-1.67014;-0.852673;1.87521;-0.128093;-7.33918;0.929128;1.15203
-1.93699;-0.60433;2.02907;0.169619;9.71843;1.30879;0.88628
-1.84986;-0.780229;2.00767;-0.0967126;-5.54122;0.935112;1.15263
-2.03409;-0.535152;2.10331;0.141875;8.12884;1.20742;0.926657
-1.72554;-0.74543;1.87967;-0.150521;-8.62422;0.91902;1.18522
-1.63131;-0.384587;1.67603;0.176257;10.0988;1.3595;0.873949
-1.90949;-0.622128;2.00828;-0.0834375;-4.78062;0.94097;1.14821
-2.00852;-0.5497;2.08238;0.0478206;2.73992;1.14265;0.952071
-1.98416;-0.432413;2.03073;0.0525644;3.01172;1.06547;1.00437
-1.77447;-0.615251;1.87811;-0.119174;-6.82817;0.966877;1.11804
-2.05054;-0.313214;2.07432;0.182177;10.438;1.31444;0.880193
-1.83138;-0.539716;1.90926;-0.135016;-7.73584;0.895966;1.28911
-1.9986;-0.337622;2.02692;0.119242;6.83207;1.15558;0.957488
-1.80117;-0.539809;1.88033;-0.123831;-7.09499;0.907069;1.28158
-1.91933;-0.460259;1.97374;0.0558218;3.19835;1.14815;0.976097
-1.79006;-0.601261;1.88834;-0.088691;-5.08162;1.01873;1.09418
-1.93385;-0.352606;1.96573;0.143697;8.23321;1.28748;0.912501
-1.95332;-0.658874;2.06145;-0.144973;-8.30634;0.931863;1.24862
-2.05125;-0.280614;2.07036;0.189368;10.85;1.3061;0.912778
-1.91061;-0.785722;2.06586;-0.254203;-14.5648;0.86698;1.45259
-2.05046;-0.170647;2.05755;0.307128;17.5971;1.60732;0.841863
-1.91533;-0.893465;2.11347;-0.353442;-20.2507;0.81696;1.75972
-2.29083;-0.0839551;2.29237;0.399843;22.9093;1.93;0.807438
-2.01269;-1.00336;2.24893;-0.425829;-24.3982;0.781209;2.12206
-2.21077;-0.0812722;2.21227;0.425716;24.3917;2.2936;0.795108
-1.72458;-0.895559;1.94325;-0.442215;-25.3371;0.796117;1.93239
-2.13549;0.10592;2.13812;0.52852;30.282;2.88292;0.776087
-2.08462;-0.939024;2.28635;-0.47279;-27.0889;0.769483;2.29801
-2.40621;0.397218;2.43877;0.586835;33.6232;2.86391;0.778624
-2.01708;-0.876656;2.19935;-0.573591;-32.8644;0.739024;3.23704
-2.31739;0.274693;2.33361;0.527972;30.2505;3.00572;0.780736
-1.8831;-0.584489;1.97172;-0.418944;-24.0037;0.774257;2.32639
-2.11775;0.400886;2.15536;0.488043;27.9628;2.17952;0.823007
-2.11931;-0.55011;2.18954;-0.44105;-25.2703;0.753328;2.8442
-2.13913;0.234538;2.15195;0.363171;20.8082;1.92666;0.846343
-2.13017;-0.73208;2.25246;-0.440232;-25.2234;0.811341;2.00096
-2.12619;0.328951;2.15148;0.484524;27.7612;3.08982;0.762048
-1.88958;-0.646091;1.99698;-0.482959;-27.6715;0.828193;2.04122
-2.3036;0.499383;2.35711;0.542943;31.1083;3.31337;0.749218
-2.29883;-0.6589;2.39139;-0.492622;-28.2252;0.792903;2.66129
-2.22406;0.49913;2.27938;0.499906;28.6425;2.6308;0.773879
-2.31929;-0.724042;2.42968;-0.52336;-29.9863;0.775721;3.06412
-2.23473;0.613535;2.31742;0.570539;32.6895;2.60225;0.780727
-2.20417;-0.89089;2.3774;-0.652053;-37.3599;0.742671;4.42838
-2.3824;0.371268;2.41115;0.538703;30.8654;3.10778;0.768265
-2.02126;-0.871072;2.20097;-0.561498;-32.1714;0.774331;2.92153
-2.33932;0.404223;2.37399;0.578009;33.1175;3.51747;0.761169
-2.05442;-0.889999;2.23891;-0.579912;-33.2265;0.772014;3.02619
-2.22465;0.522103;2.2851;0.639324;36.6306;3.79174;0.759907
-2.07134;-0.953021;2.28006;-0.661739;-37.9149;0.75398;3.5437
-2.31737;0.356971;2.3447;0.584061;33.4643;4.60973;0.750684
-2.21658;-0.494811;2.27114;-0.37247;-21.341;0.82507;2.20161
-2.19727;0.552467;2.26566;0.465958;26.6974;2.36548;0.834516
-2.22333;-0.857876;2.3831;-0.614578;-35.2127;0.769301;2.91577
-2.44123;0.58002;2.50919;0.601519;34.4645;5.07962;0.742039
-2.09741;-0.517692;2.16036;-0.475255;-27.2301;0.839279;2.16288
-2.27799;0.856265;2.4336;0.601534;34.4654;3.74865;0.756358
-2.29497;-0.475108;2.34363;-0.563685;-32.2968;0.773867;3.29526
-2.31614;0.88125;2.47812;0.567707;32.5272;3.31588;0.769178
-2.4123;-0.431349;2.45057;-0.540511;-30.969;0.776624;3.53302
-2.12221;0.684283;2.2298;0.488856;28.0094;2.74582;0.794073
-2.30389;-0.489115;2.35524;-0.521107;-29.8572;0.803238;3.24834
-2.53368;0.687458;2.62529;0.474142;27.1664;2.70517;0.791637
-2.26644;-0.61445;2.34826;-0.529692;-30.3491;0.799986;3.75177
-2.15461;0.378515;2.18761;0.438646;25.1325;2.27041;0.826088
-2.15944;-0.992421;2.37657;-0.604689;-34.6461;0.805546;4.20034
-2.38442;0.261703;2.39874;0.540105;30.9457;2.66588;0.784429
-2.21423;-1.27004;2.55261;-0.630085;-36.1012;0.778218;5.99084
-2.18963;-0.310533;2.21154;0.379887;21.7659;2.04937;0.877059
-1.58084;-1.58629;2.23951;-0.646238;-37.0267;0.82127;3.97361
-2.26814;-0.515612;2.32601;0.563588;32.2912;3.45184;0.753614
-1.66061;-1.71736;2.38892;-0.578666;-33.1551;0.818768;3.90603
-1.94961;-0.878796;2.13852;0.378713;21.6987;2.82595;0.794825
-1.50498;-1.55455;2.1637;-0.378115;-21.6644;0.964162;2.25682
-2.0455;-0.866668;2.22152;0.400832;22.966;2.43578;0.838946
-1.46944;-1.83404;2.3501;-0.494556;-28.336;0.857682;3.19331
-1.96614;-1.00346;2.20741;0.423411;24.2597;2.65403;0.826747
-1.07045;-1.95664;2.23031;-0.598283;-34.2791;0.86734;3.05036
-2.04539;-1.18662;2.36468;0.544501;31.1976;4.07103;0.750336
-1.24927;-1.91756;2.28861;-0.467682;-26.7962;0.904886;2.67716
-2.05457;-1.16752;2.36313;0.476624;27.3086;2.969;0.806403
-1.11505;-2.02982;2.31592;-0.551715;-31.6109;0.843705;3.03392
-1.95437;-1.179;2.28246;0.52565;30.1175;3.57293;0.779691
-1.17635;-1.83288;2.1779;-0.457388;-26.2064;0.867234;2.67087
-2.15979;-0.978952;2.3713;0.574641;32.9245;2.97916;0.828304
-1.3795;-2.06177;2.48071;-0.555559;-31.8312;0.766037;4.01033
-1.82782;-1.06832;2.11713;0.452195;25.9088;2.75487;0.878468
-1.15104;-2.0141;2.3198;-0.522674;-29.947;0.846826;2.60523
-2.3614;-0.957557;2.54816;0.66636;38.1796;4.29966;0.77964
-1.17711;-2.03185;2.34819;-0.660473;-37.8423;0.779779;3.614
-2.04324;-1.06885;2.30593;0.563747;32.3003;4.64447;0.769458
-1.29416;-1.7359;2.16523;-0.448196;-25.6797;0.952431;2.1538
-2.15847;-0.806016;2.30405;0.57278;32.8179;3.66591;0.783968
-1.35178;-1.74102;2.20419;-0.553208;-31.6965;0.838727;3.07886
-2.13286;-0.619852;2.2211;0.627763;35.9682;3.39994;0.797979
-1.40697;-1.81972;2.3002;-0.629796;-36.0847;0.782847;4.0524
-2.15429;-0.855036;2.31777;0.534796;30.6415;3.18916;0.816963
-1.46494;-1.87336;2.37814;-0.529307;-30.3271;0.830865;3.1179
-2.03191;-0.844903;2.20057;0.51307;29.3967;3.14382;0.820888
-1.65158;-1.69269;2.36493;-0.403622;-23.1258;0.853661;2.9689
-1.80607;-1.03017;2.07921;0.279323;16.004;2.11022;0.979688
-1.35136;-1.60526;2.09834;-0.352696;-20.208;1.00296;2.0562
-2.03971;-0.770704;2.18046;0.509795;29.2091;2.79622;0.865676
-1.46398;-2.06172;2.52862;-0.59207;-33.9231;0.819069;3.31985
-2.17782;-0.676955;2.28061;0.651966;37.3549;4.03848;0.795205
-1.52697;-1.78005;2.34526;-0.560404;-32.1088;0.802639;3.48911
-2.26143;-0.731906;2.37693;0.548769;31.4421;3.34581;0.856013
-1.55628;-1.59314;2.22713;-0.484094;-27.7366;0.831672;2.98926
-2.07083;-0.694635;2.18423;0.473458;27.1272;3.16886;0.888223
-1.33547;-1.48242;1.99525;-0.513858;-29.4419;0.916743;2.45026
-2.35783;-0.570674;2.4259;0.600034;34.3794;4.29288;0.801317
-1.61078;-1.33707;2.09341;-0.455343;-26.0892;0.894756;2.80184
-2.1839;-0.510748;2.24283;0.463069;26.5319;2.75893;0.892413
-1.68002;-1.55319;2.28798;-0.516448;-29.5903;0.874901;3.18057
-2.19927;-0.562069;2.26996;0.495973;28.4172;2.81677;0.865476
-1.64123;-1.65496;2.33078;-0.53935;-30.9025;0.855955;3.41039
-2.14513;-0.707116;2.25867;0.471144;26.9946;2.72391;0.876859
-1.57036;-1.70685;2.31934;-0.508603;-29.1408;0.869212;3.10641
-2.148;-0.757505;2.27766;0.487985;27.9595;2.7761;0.877611
-1.74834;-1.92482;2.60032;-0.494367;-28.3251;0.858609;3.11317
-2.02576;-0.642089;2.12508;0.52646;30.164;2.814;0.886738
-1.75017;-1.75004;2.47503;-0.478415;-27.4112;0.830303;3.38742
-1.89546;-0.660158;2.00713;0.450216;25.7954;2.34389;0.978538
-1.40594;-1.63788;2.15855;-0.526309;-30.1553;0.839974;3.13097
-2.21247;-0.919524;2.39595;0.467565;26.7895;2.92052;0.883326
-1.55616;-1.40407;2.09596;-0.340177;-19.4907;0.910917;2.5272
-2.02123;-0.84202;2.18961;0.339343;19.4429;1.986;1.05829
-1.74984;-1.60777;2.37631;-0.348386;-19.961;0.893816;2.61585
-1.93367;-0.846091;2.11068;0.330651;18.9449;2.00142;1.06169
-1.43048;-1.66816;2.19751;-0.449497;-25.7543;0.912676;2.57177
-2.07418;-0.928618;2.27256;0.441012;25.2681;2.87242;0.886619
-1.50732;-1.41145;2.065;-0.331623;-19.0006;0.955101;2.42707
-1.96011;-0.950308;2.17833;0.301132;17.2536;2.07451;1.05946
-1.49094;-1.60293;2.18913;-0.370146;-21.2078;0.993048;2.24338
-1.93081;-0.806442;2.09246;0.425934;24.4042;2.96931;0.930921
-1.45767;-1.46718;2.06819;-0.393002;-22.5173;1.02643;2.22439
-2.22645;-0.606936;2.3077;0.522511;29.9377;4.26112;0.913535
-1.87804;-1.06021;2.15664;-0.247795;-14.1976;1.12267;2.22805
-2.07571;0.186846;2.0841;0.603705;34.5897;4.30199;1.16883
-2.19983;-0.940674;2.39252;-0.493854;-28.2958;0.897367;3.26419
-2.2961;0.732128;2.41;0.712746;40.8374;11.617;1.12783
-2.07641;0.380762;2.11103;-0.127305;-7.29407;1.40126;2.46793
-1.86044;1.20815;2.2183;0.394584;22.608;3.95172;1.5738
-1.68925;0.849217;1.8907;-0.110125;-6.30967;1.58801;1.97343
-1.38011;1.71509;2.20142;0.427387;24.4875;3.46389;1.29937
-1.54976;1.32032;2.03592;-0.187581;-10.7476;1.18713;1.91139
-1.0095;1.95044;2.1962;0.387562;22.2057;2.78066;1.13304
-1.55281;1.47468;2.14147;-0.333588;-19.1132;1.06956;1.9576
-0.823008;2.1865;2.33626;0.451196;25.8516;3.35216;0.931007
-1.19439;1.7958;2.15673;-0.226916;-13.0014;1.07139;1.94516
-0.557983;2.11831;2.19057;0.329359;18.8709;1.96289;1.11145
-1.4386;1.70702;2.23237;-0.442715;-25.3657;0.918218;2.57318
-0.522103;2.1394;2.20219;0.460912;26.4083;2.68636;0.928948
-1.4377;1.78108;2.28894;-0.439758;-25.1963;0.917624;2.76189
-0.59891;2.09123;2.1753;0.400195;22.9295;2.3985;0.966944
-1.30667;1.66666;2.11782;-0.385987;-22.1154;0.948472;2.6129
-0.640839;1.94657;2.04935;0.346874;19.8744;2.10947;1.03503
-1.44235;1.79874;2.30561;-0.357839;-20.5026;0.95605;2.52571
-1.03574;1.8482;2.11864;0.16508;9.45839;2.05102;1.06343
-0.941424;1.71224;1.95398;0.00809221;0.46365;1.37125;1.50741
-1.11421;1.6777;2.01399;-0.0835392;-4.78644;1.28723;1.6269
-0.958987;1.76592;2.00951;0.08875;5.085;1.51506;1.3591
-1.22931;1.56555;1.99052;-0.168171;-9.63549;1.20285;1.76966
-0.95823;1.90435;2.13184;0.199477;11.4292;1.75956;1.1871
-1.38589;1.59811;2.11534;-0.248211;-14.2214;1.09599;2.00165
-0.986471;1.82198;2.07189;0.218159;12.4996;1.92386;1.10729
-1.39721;1.56398;2.0972;-0.232901;-13.3442;1.15005;1.85486
-0.909199;1.86888;2.07831;0.276356;15.834;1.9988;1.07692
-1.36702;1.58436;2.09259;-0.259108;-14.8458;1.05656;2.11989
-1.00136;1.95159;2.19349;0.23782;13.6261;1.85823;1.15093
-1.46638;1.46145;2.0703;-0.313009;-17.9341;1.06549;2.0798
-0.865405;2.00027;2.17945;0.378753;21.7009;2.27955;1.01701
-1.84981;1.65957;2.48516;-0.431227;-24.7075;0.963356;2.47434
-0.859736;2.19285;2.35537;0.465909;26.6946;2.72764;0.927071
-1.59112;1.52539;2.2042;-0.432837;-24.7998;0.941076;2.56178
-0.82343;1.98975;2.1534;0.414106;23.7265;2.54136;0.965811
-1.52447;1.54398;2.16976;-0.386663;-22.1541;0.987118;2.32497
-0.724406;2.00869;2.13532;0.432921;24.8045;2.49711;0.978348
-1.52606;1.57643;2.19408;-0.423044;-24.2386;0.946997;2.5553
-0.618911;2.02917;2.12146;0.473119;27.1077;2.50328;0.985951
-1.53781;1.48265;2.13614;-0.507615;-29.0842;0.897416;2.89507
-0.74195;2.07285;2.20164;0.459931;26.3521;2.80252;0.946577
-1.2523;1.40075;1.87892;-0.385775;-22.1033;0.981419;2.39157
-0.90284;1.97654;2.17298;0.301027;17.2476;2.39345;1.02327
-1.12896;1.74602;2.07922;-0.1455;-8.33652;1.19333;1.78279
-0.837457;1.84221;2.02363;0.147307;8.44009;1.70843;1.25943
-0.971929;1.69176;1.95108;-0.0947948;-5.43134;1.23531;1.70245
-0.838539;1.86843;2.04797;0.0996126;5.70738;1.56905;1.3468
-1.05663;1.48853;1.82543;-0.195456;-11.1988;1.27895;1.6274
-0.497677;1.96809;2.03004;0.369625;21.178;2.25902;1.05383
-1.21691;1.66813;2.06483;-0.382574;-21.9199;0.995906;2.29439
-0.469068;2.0317;2.08514;0.403356;23.1106;2.49119;0.996811
-1.18463;1.79197;2.14815;-0.357224;-20.4674;1.01431;2.24975
-0.517378;2.04749;2.11185;0.336616;19.2867;2.37085;1.01757
-0.924671;2.06583;2.26333;-0.173351;-9.9323;1.1083;1.98006
-0.612544;1.90172;1.99794;0.109253;6.25971;1.59413;1.32012
-0.814401;1.8276;2.00084;-0.107593;-6.16462;1.25522;1.6678
-0.628374;1.93613;2.03554;0.105373;6.0374;1.61245;1.29814
-0.766242;2.10267;2.23794;-0.0356307;-2.04149;1.27598;1.64666
-0.796117;2.16288;2.30475;-0.00323407;-0.185298;1.33825;1.56509
-0.947701;1.7603;1.9992;-0.141182;-8.08913;1.31303;1.59861
-0.428663;1.93887;1.98569;0.276284;15.8299;1.85707;1.15955
-1.12471;1.76271;2.09096;-0.350346;-20.0733;1.02856;2.28463
-0.48778;2.06485;2.12168;0.335957;19.2489;2.18714;1.05245
-1.21295;1.79721;2.16823;-0.361709;-20.7244;1.04069;2.26486
-0.598119;2.00701;2.09424;0.304052;17.4209;2.27442;1.01128
-1.08945;1.83574;2.13467;-0.245968;-14.093;1.1134;1.75369
-0.557378;1.85593;1.93782;0.243849;13.9715;1.63806;1.00185
-0.671652;1.91618;2.03049;-0.0453802;-2.6001;0.958021;1.23996
-0.938601;1.80428;2.03382;-0.142548;-8.1674;0.832378;0.948034
-0.9173;1.7751;1.99811;0.00271785;0.155721;0.756115;0.761336
-1.00744;1.6997;1.97583;-0.0580821;-3.32786;0.711712;0.713208
-0.967116;1.71661;1.9703;0.0219836;1.25957;1.23812;1.48968
-1.21953;1.52577;1.95326;-0.161245;-9.23868;1.15318;1.66527
-1.26281;1.6139;2.04924;0.010355;0.593301;1.64027;1.1713
-0.923423;1.95126;2.15873;0.221938;12.7161;1.68047;1.14152
-1.3616;1.46872;2.00277;-0.305554;-17.507;1.03492;1.95333
-0.925423;1.93159;2.14184;0.300782;17.2336;2.00612;1.01315
-1.31014;1.67311;2.12503;-0.217538;-12.464;1.03277;1.82151
-1.0144;1.99589;2.23888;0.194104;11.1214;1.56287;1.10546
-1.43707;1.61788;2.16396;-0.256061;-14.6712;1.02664;1.63802
-0.695536;1.78978;1.92018;0.355628;20.376;1.92322;0.952554
-1.38317;1.59388;2.11036;-0.344081;-19.7144;0.92669;1.92609
-0.726653;2.0264;2.15274;0.370425;21.2238;1.98735;0.937187
-1.3313;1.66593;2.13252;-0.329902;-18.902;0.922674;1.94746
-0.804819;1.94596;2.10583;0.282051;16.1603;1.94901;0.960131
-1.10992;1.73845;2.06256;-0.176055;-10.0872;1.06586;1.53375
-0.633409;1.9106;2.01286;0.248095;14.2148;1.70213;1.03734
-1.07289;1.70426;2.01385;-0.241734;-13.8504;1.01697;1.64296
-0.590265;2.092;2.17368;0.286852;16.4354;1.92387;0.987226
-0.942961;1.82496;2.05418;-0.201915;-11.5689;1.0366;1.58487
-0.532324;1.9953;2.06508;0.216202;12.3875;1.74884;1.02324
-0.981004;2.03126;2.25574;-0.189201;-10.8404;1.09951;1.38479
-0.221436;2.08727;2.09898;0.344224;19.7226;1.89528;0.917554
-0.726161;1.77396;1.91683;-0.282842;-16.2057;0.916015;1.66824
-0.209555;1.8156;1.82766;0.273626;15.6776;1.68998;0.93487
-0.553033;2.12061;2.19153;-0.140197;-8.03272;0.965302;1.51562
-0.435202;1.9816;2.02883;0.0389185;2.22986;1.25115;1.11465
-0.47094;1.87951;1.93761;-0.029322;-1.68003;1.17234;1.17694
-0.353901;1.99782;2.02893;0.0701867;4.0214;1.25146;1.08762
-0.36324;2.1114;2.14241;0.00495445;0.283869;1.06063;1.21856
-0.486018;1.8056;1.86986;-0.0925709;-5.30392;1.00166;1.22332
-0.27796;1.74241;1.76445;0.104748;6.00163;1.19314;1.00299
-0.575022;1.94678;2.02993;-0.129012;-7.39184;0.980361;1.21343
-0.178681;1.96534;1.97345;0.196538;11.2608;1.30791;0.940924
-0.504032;2.01571;2.07777;-0.15436;-8.84419;0.90662;1.37752
-0.161768;1.85099;1.85805;0.157853;9.04432;1.2078;0.998283
-0.440883;2.13383;2.1789;-0.116575;-6.67924;0.913324;1.36586
-0.504572;1.81858;1.88728;-0.0668973;-3.83294;1.12629;1.06421
-0.152373;2.14984;2.15523;0.199888;11.4527;1.40271;0.918347
-0.427759;1.95338;1.99967;-0.144823;-8.29775;0.945913;1.31148
-0.0255678;2.12067;2.12083;0.203526;11.6612;1.26707;0.973378
-0.528983;2.04078;2.10823;-0.241569;-13.8409;0.877346;1.46505
-0.0725577;1.90475;1.90613;0.21555;12.3501;1.47221;0.904338
-0.260875;2.023;2.03975;-0.0901723;-5.16649;0.961518;1.24524
-0.1074;1.9785;1.98141;0.0740164;4.24083;1.16281;1.02645
-0.214282;1.85317;1.86552;-0.0608882;-3.48864;1.03009;1.13685
-0.0291472;2.01325;2.01346;0.100642;5.76636;1.2168;0.991429
-0.148534;2.04487;2.05026;-0.0580332;-3.32506;1.02662;1.14961
0.110343;2.04765;2.05062;0.126345;7.23905;1.22237;1.00325
-0.174311;1.75559;1.76422;-0.1528;-8.75479;0.977076;1.23873
0.116362;2.06956;2.07283;0.155131;8.88833;1.44451;0.923312
0.0883529;1.94344;1.94545;-0.0107352;-0.615083;1.07038;1.12777
0.0018217;1.80178;1.80178;-0.0444197;-2.54506;1.12196;1.08195
0.217793;2.12242;2.13356;0.101246;5.80099;1.30267;0.970157
0.0801423;1.91672;1.91839;-0.0604694;-3.46464;1.08104;1.11317
0.268879;2.05305;2.07059;0.0884364;5.06703;1.27797;0.972328
0.263806;2.11888;2.13524;-0.0063588;-0.364332;1.08657;1.08529
0.449483;1.92439;1.97619;0.105592;6.04998;1.10914;1.02686
-0.0166327;2.07267;2.07274;-0.237482;-13.6067;0.903003;1.23081
0.649842;1.98872;2.0922;0.323851;18.5553;1.63205;0.810215
0.158916;2.04025;2.04643;-0.238092;-13.6417;0.844001;1.34636
0.747745;1.83005;1.97692;0.310158;17.7708;1.38438;0.851848
0.251322;1.97037;1.98633;-0.261026;-14.9557;0.800891;1.57533
0.567792;1.89374;1.97703;0.16443;9.42116;1.21888;0.904093
0.430204;1.95273;1.99956;-0.0744511;-4.26573;0.901486;1.19004
0.470723;2.02933;2.08321;0.0110842;0.635076;1.03557;1.01599
0.539851;1.96639;2.03915;0.0400085;2.29232;1.05241;1.00535
0.499314;1.87441;1.93977;-0.00759838;-0.435355;1.00044;1.05467
0.622267;1.92117;2.01944;0.0528968;3.03076;1.05142;1.01511
0.522024;2.12986;2.1929;-0.0728765;-4.17551;0.98034;1.08912
0.802728;1.86293;2.02851;0.166495;9.53945;1.28632;0.916022
0.585827;1.92337;2.01061;-0.111199;-6.37121;0.932509;1.15934
0.957545;1.81326;2.05056;0.190202;10.8978;1.35828;0.914118
0.699265;1.74134;1.8765;-0.104002;-5.95886;0.935449;1.17469
1.11167;1.70946;2.03913;0.194735;11.1575;1.40698;0.927004
1.00809;1.61093;1.90035;-0.0174298;-0.998654;0.962361;1.16393
1.13471;1.63864;1.99316;0.0464933;2.66387;1.1356;1.04146
1.39729;1.75715;2.245;0.0661543;3.79036;1.19802;1.01165
1.27677;1.49103;1.96298;0.0363325;2.0817;1.22867;0.996196
1.2757;1.24485;1.78243;0.0894962;5.12776;1.36749;0.947825
1.47806;1.07768;1.82922;0.143154;8.20213;1.25074;0.979642
1.46892;1.36508;2.00528;-0.118769;-6.80496;0.978823;1.15415
1.9389;0.861888;2.12183;0.330482;18.9352;1.69478;0.876323
1.60344;1.32043;2.07715;-0.270616;-15.5052;0.826238;1.50096
2.0251;0.78143;2.17064;0.320639;18.3713;1.91999;0.848268
1.72386;1.08522;2.037;-0.193582;-11.0914;0.884008;1.32004
1.91291;0.610392;2.00794;0.252973;14.4943;1.58974;0.870341
1.74115;0.825369;1.92687;-0.133784;-7.66528;0.899327;1.28595
1.85777;0.593976;1.95041;0.133207;7.6322;1.24687;0.94061
1.76924;0.836088;1.95685;-0.132009;-7.56354;0.954024;1.18928
2.2013;0.277808;2.21876;0.315925;18.1012;1.36303;0.89397
1.93772;1.4052;2.3936;-0.501891;-28.7563;0.775538;2.38842
2.01659;0.103817;2.01926;0.575993;33.002;2.51872;0.762689
1.79547;1.44275;2.30331;-0.625468;-35.8367;0.757402;3.45747
2.09907;0.24177;2.11295;0.56223;32.2134;2.88002;0.75075
1.52117;1.26401;1.9778;-0.578654;-33.1545;0.777696;2.86472
2.27647;-0.0528965;2.27708;0.716561;41.0559;2.8373;0.755692
2.03839;1.58671;2.58316;-0.684671;-39.2288;0.7265;7.25755
1.88734;0.804091;2.05149;0.258684;14.8215;1.88018;0.825405
1.61183;1.08921;1.94535;-0.191518;-10.9732;0.95182;1.30476
1.99242;0.678487;2.10477;0.266057;15.2439;1.58876;0.865444
1.70074;1.24269;2.10638;-0.302801;-17.3492;0.853678;1.63531
2.16382;0.547472;2.232;0.383207;21.9561;1.8956;0.829499
1.82985;1.14553;2.15884;-0.311526;-17.8491;0.791547;2.15001
2.02919;0.586017;2.11212;0.278193;15.9393;1.46202;0.926363
1.66014;1.38175;2.15992;-0.41299;-23.6626;0.813672;1.91491
2.10062;0.380601;2.13483;0.514894;29.5013;2.81243;0.783133
1.84656;1.49462;2.37563;-0.501211;-28.7173;0.782522;2.49733
2.36015;0.251667;2.37353;0.57422;32.9004;2.99902;0.767137
1.8206;1.50371;2.3613;-0.58413;-33.4682;0.760903;3.361
1.95134;0.475631;2.00847;0.451276;25.8562;2.9882;0.762184
1.77826;1.19094;2.14022;-0.351032;-20.1127;0.873387;1.89312
2.05593;0.139919;2.06068;0.522165;29.9178;2.0528;0.808777
1.8692;1.63627;2.4842;-0.651097;-37.3051;0.752518;5.11276
2.23316;0.520314;2.29298;0.490138;28.0829;2.57625;0.768719
1.96388;1.57853;2.51964;-0.44813;-25.6759;0.805271;3.65725
1.91903;0.764166;2.06558;0.298083;17.0789;1.61206;0.900889
1.50875;1.84012;2.37957;-0.505069;-28.9383;0.842409;3.58024
2.18633;1.06914;2.43374;0.42921;24.5919;2.08579;0.809246
1.13447;2.20544;2.48012;-0.640884;-36.7199;0.811807;6.82903
1.70848;1.36005;2.18372;0.423367;24.2572;2.09899;0.823511
0.628887;2.45581;2.53505;-0.64777;-37.1145;0.834464;6.55991
1.33875;1.69363;2.15885;0.418203;23.9613;2.13669;0.820876
0.194043;2.65389;2.66098;-0.595911;-34.1432;0.838625;5.41697
0.931456;1.89102;2.10797;0.384699;22.0416;1.97168;0.851815
-0.312426;2.40771;2.4279;-0.586725;-33.6169;0.822001;4.28633
0.58498;2.09889;2.17888;0.400851;22.9671;2.40755;0.796355
-0.389389;2.395;2.42645;-0.432985;-24.8082;0.855168;2.93392
0.500873;1.93427;1.99806;0.414555;23.7523;1.95275;0.858404
-0.801342;2.25625;2.39433;-0.59465;-34.071;0.79654;3.89689
0.398274;2.27332;2.30795;0.514703;29.4903;2.74349;0.775133
-1.00308;2.20305;2.42066;-0.600702;-34.4177;0.799021;4.10115
0.178202;2.36183;2.36854;0.502575;28.7954;2.69403;0.779415
-1.03536;2.07145;2.31579;-0.538813;-30.8717;0.803764;4.17442
0.00165471;2.22693;2.22693;0.464248;26.5995;2.0625;0.86076
-1.47546;1.96911;2.46057;-0.643799;-36.887;0.774311;4.89065
-0.330114;2.27876;2.30255;0.499192;28.6016;2.79508;0.793998
-1.47541;1.81532;2.33928;-0.538606;-30.8598;0.805383;3.3935
-0.255359;2.07748;2.09311;0.560166;32.0952;2.74417;0.804151
-1.55003;1.96211;2.5005;-0.546299;-31.3006;0.771404;4.18209
-0.56864;2.10703;2.18242;0.405006;23.2051;2.2752;0.866296
-1.82592;1.76993;2.54296;-0.537371;-30.7891;0.827866;2.7717
-0.574362;2.35157;2.42069;0.561412;32.1665;3.72351;0.76312
-1.55511;1.6098;2.23827;-0.528562;-30.2844;0.829705;3.01954
-0.247721;2.10407;2.1186;0.650924;37.2952;3.01227;0.788993
-1.78691;1.66933;2.44535;-0.70221;-40.2337;0.754017;6.10141
-0.644601;2.17446;2.26799;0.531216;30.4364;2.72111;0.81209
-1.80845;1.40677;2.29117;-0.621496;-35.6091;0.797275;4.88083
-1.07449;2.17952;2.42999;0.451661;25.8783;2.57777;0.819378
-2.10376;1.10122;2.37455;-0.630538;-36.1272;0.857287;4.86252
-1.15442;1.84355;2.17517;0.529105;30.3155;2.77793;0.797331
-2.48543;0.811915;2.61468;-0.695597;-39.8548;0.860836;7.84928
-1.46596;1.61043;2.17773;0.516583;29.598;2.42023;0.896465
-2.57588;0.593;2.64326;-0.606055;-34.7244;0.84212;10.7776
-2.02717;0.123584;2.03093;-0.165382;-9.47568;1.34622;1.88417
-2.06786;0.18888;2.07647;0.0301997;1.73032;1.56166;1.45794
-2.10559;-0.552574;2.17689;-0.347733;-19.9236;1.18875;2.4685
-2.20262;0.0196852;2.20271;0.265582;15.2167;2.00791;1.00197
-1.99931;-1.13596;2.29949;-0.525628;-30.1163;0.977382;3.65651
-2.02124;-0.0255136;2.0214;0.504069;28.881;2.40863;0.857844
-2.37898;-1.5369;2.83225;-0.560959;-32.1406;0.833707;5.45592
-1.97672;-0.557771;2.05391;0.298562;17.1063;1.72284;1.0745
-1.58317;-1.81896;2.41144;-0.579573;-33.2071;0.859688;3.39605
-2.20793;-0.708667;2.31887;0.544015;31.1698;3.19692;0.790602
-1.24348;-1.90953;2.27872;-0.683003;-39.1332;0.844916;3.57804
-2.27255;-0.907149;2.44692;0.613783;35.1672;4.29427;0.74952
-1.45182;-1.7765;2.29428;-0.505836;-28.9823;0.891241;2.96267
-2.0787;-0.977017;2.29686;0.446261;25.5689;2.80044;0.829059
-1.43738;-1.67635;2.20821;-0.422624;-24.2146;0.900195;2.706
-2.08298;-0.918419;2.27647;0.446722;25.5953;2.32098;0.907151
-1.26242;-1.94081;2.31526;-0.578826;-33.1643;0.820586;3.40197
-2.0455;-1.02501;2.28795;0.529567;30.3419;3.16796;0.822542
-1.29887;-1.9092;2.30914;-0.508866;-29.1559;0.851524;2.99935
-1.99376;-0.840962;2.16386;0.574245;32.9018;2.8723;0.847587
-1.33746;-1.87587;2.30384;-0.552255;-31.6419;0.793934;3.94635
-2.01405;-1.2134;2.35133;0.409176;23.444;2.3797;0.92735
-1.3825;-1.86367;2.32047;-0.390318;-22.3636;0.871289;2.79271
-1.76556;-1.19931;2.13437;0.335867;19.2438;2.10776;0.997869
-1.06635;-1.92594;2.20144;-0.468449;-26.8402;0.915105;2.59193
-1.55186;-1.16014;1.93757;0.423183;24.2466;3.05339;0.842743
-1.14001;-1.94275;2.25253;-0.398189;-22.8145;1.02025;2.22364
-1.85712;-1.2985;2.26605;0.429949;24.6343;2.74864;0.858291
-1.07356;-1.95916;2.23402;-0.459324;-26.3173;0.92988;2.75046
-1.79676;-1.19236;2.1564;0.483627;27.7098;2.54484;0.881951
-0.959496;-2.02908;2.2445;-0.543198;-31.123;0.847124;3.62696
-1.77446;-1.38992;2.25402;0.464617;26.6206;2.44123;0.903367
-0.813937;-2.2216;2.36601;-0.555142;-31.8073;0.846522;3.54956
-1.57283;-1.58356;2.23191;0.430812;24.6837;2.66391;0.87571
-0.52575;-2.14687;2.21031;-0.541834;-31.0448;0.928748;2.78947
-1.73867;-1.65574;2.40092;0.569661;32.6392;3.34539;0.807219
-0.677986;-2.28304;2.38158;-0.521155;-29.86;0.863826;3.45528
-1.41546;-1.91818;2.38389;0.34705;19.8845;2.46509;0.921487
-0.594225;-1.99049;2.07729;-0.345612;-19.8021;1.00385;2.34376
-1.46112;-1.92507;2.41677;0.359123;20.5763;2.18176;0.996612
-0.252174;-2.23726;2.25143;-0.536991;-30.7673;0.904043;2.83554
-1.35581;-1.80561;2.25798;0.531827;30.4714;3.34602;0.82927
-0.359861;-2.18568;2.2151;-0.480888;-27.5528;0.91697;2.71669
-1.41691;-1.80569;2.29524;0.502154;28.7713;2.86044;0.87349
-0.324025;-2.36533;2.38742;-0.529193;-30.3205;0.875436;2.94017
-1.40798;-1.82299;2.30341;0.52151;29.8803;3.14789;0.849485
-0.337107;-2.19754;2.22324;-0.505436;-28.9593;0.902209;2.72695
-1.46507;-1.83408;2.3474;0.521793;29.8965;3.22246;0.853405
-0.487941;-2.20208;2.25549;-0.455949;-26.124;0.906492;2.72112
-1.39062;-1.75454;2.2388;0.452142;25.9058;2.83964;0.914677
-0.597163;-2.0801;2.16412;-0.390635;-22.3817;0.941051;2.49184
-1.43762;-1.84781;2.34118;0.381623;21.8654;2.64634;0.973602
-0.531512;-1.92669;1.99866;-0.392016;-22.4609;1.01894;2.13406
-1.64195;-1.61506;2.30313;0.52448;30.0505;3.3507;0.904124
-0.895379;-2.03789;2.22592;-0.379678;-21.7539;0.916951;2.49599
-1.73035;-1.41281;2.23387;0.472107;27.0497;2.66559;1.01317
-0.942503;-2.21053;2.40307;-0.483051;-27.6768;0.877117;2.67613
-1.89124;-1.23538;2.25897;0.589135;33.755;3.83755;0.906576
-1.31072;-1.84266;2.26128;-0.373883;-21.4219;0.891264;2.60934
-1.91429;-1.11402;2.21485;0.42547;24.3776;2.58147;1.06409
-1.24696;-1.80541;2.19418;-0.439308;-25.1705;0.931419;2.40909
-2.12472;-0.882809;2.30082;0.572559;32.8052;3.58759;0.921475
-1.60635;-1.75866;2.38186;-0.436837;-25.0289;0.892898;2.61945
-2.07826;-0.903589;2.26619;0.420502;24.093;3.04963;0.951668
-1.55983;-1.3576;2.06788;-0.306063;-17.5361;1.08062;1.95927
-1.95156;-0.502187;2.01514;0.464328;26.6041;2.73288;0.973257
-1.72258;-1.39406;2.21601;-0.428517;-24.5522;0.925127;2.5518
-2.1599;-0.427082;2.20172;0.485164;27.7979;2.82841;0.956907
-1.75256;-1.45509;2.27788;-0.497711;-28.5168;0.911793;2.62245
-2.31408;-0.164043;2.31988;0.622154;35.6468;3.38079;0.886623
-1.92938;-1.39531;2.38104;-0.55535;-31.8192;0.837168;3.34836
-2.24728;-0.322426;2.27029;0.483619;27.7093;2.90714;0.930104
-1.84054;-1.12708;2.15822;-0.406957;-23.3169;0.939576;2.55267
-2.39123;-0.406724;2.42557;0.380981;21.8286;2.46009;0.998413
-1.81366;-1.11773;2.13042;-0.38383;-21.9919;0.998437;2.3162
-2.17424;-0.26988;2.19092;0.428813;24.5692;2.6104;0.969571
-1.88165;-1.17985;2.22096;-0.436562;-25.0131;0.971189;2.54629
-2.0943;-0.386346;2.12964;0.377633;21.6368;2.8021;0.940844
-1.97696;-0.71596;2.10261;-0.165035;-9.45582;1.1261;1.93309
-1.83514;-0.576689;1.92362;0.0429832;2.46275;1.43507;1.26068
-1.75484;-0.858376;1.95353;-0.150451;-8.62021;1.16088;1.17547
-1.77294;-0.787787;1.94009;0.0367908;2.10796;1.12365;0.842401
-1.58236;-0.671187;1.71882;0.01697;0.972307;0.847577;0.751602
-1.90247;-0.844354;2.08143;-0.0165355;-0.947412;0.740182;0.714296
-2.17661;-0.00181405;2.17661;0.416868;23.8848;2.44628;0.956261
-1.89804;-0.941482;2.11871;-0.459633;-26.335;0.961352;3.04514
-2.17785;-0.287546;2.19675;0.329193;18.8614;2.21468;1.03629
-1.77157;-1.02806;2.04826;-0.394545;-22.6058;1.03422;2.38939
-2.16499;-0.231889;2.17738;0.419117;24.0136;2.36354;0.987015
-1.93297;-1.13926;2.24372;-0.425875;-24.4009;0.946247;2.83114
-2.02319;-0.608352;2.11267;0.240487;13.7789;2.18172;1.04403
-1.82099;-0.879609;2.0223;-0.157898;-9.04688;1.25224;1.72395
-1.98595;-0.497043;2.04721;0.204746;11.7311;1.78561;1.20176
-1.77406;-1.11868;2.09732;-0.317358;-18.1833;1.12081;1.99552
-2.18124;-0.345083;2.20837;0.405695;23.2446;2.46414;0.988364
-1.89936;-0.973962;2.13452;-0.316917;-18.158;0.995697;2.40152
-1.99095;-0.516341;2.05681;0.220068;12.609;1.94664;1.15289
-1.78871;-0.978416;2.03881;-0.246781;-14.1395;1.19639;1.79706
-2.05272;-0.224727;2.06499;0.391491;22.4308;2.30401;1.03385
-1.90047;-1.04661;2.1696;-0.394344;-22.5943;0.98446;2.45379
-2.22564;-0.133664;2.22965;0.443403;25.4051;2.39896;1.00727
-1.85268;-1.039;2.12414;-0.45112;-25.8473;0.931257;2.73842
-2.1039;-0.142936;2.10875;0.44327;25.3975;2.42308;0.998782
-2.01695;-1.27859;2.38807;-0.497155;-28.4849;0.946824;2.67178
-2.30651;-0.232243;2.31817;0.464638;26.6218;2.91795;0.908689
-1.79257;-0.973248;2.03973;-0.397051;-22.7494;1.02904;2.39694
-2.19118;-0.240373;2.20433;0.38814;22.2388;2.35125;1.00134
-1.95055;-1.0214;2.2018;-0.373122;-21.3783;1.00606;2.58122
-2.0248;-0.431439;2.07026;0.272448;15.6101;2.00753;1.10509
-1.80741;-1.0696;2.10019;-0.324422;-18.588;1.09202;2.20412
-2.17971;-0.489961;2.2341;0.313251;17.948;2.06159;1.08519
-1.69783;-1.0749;2.00949;-0.343299;-19.6696;1.02697;2.57719
-1.8553;-0.808488;2.02381;0.153448;8.79193;1.83524;1.19482
-1.68837;-1.13987;2.03713;-0.18288;-10.4782;1.26835;1.821
-1.86639;-0.864303;2.0568;0.160154;9.17615;1.73024;1.25304
-1.32314;-1.24417;1.81622;-0.320963;-18.3898;1.17063;2.0928
-2.00478;-0.933975;2.21166;0.31867;18.2584;2.12678;1.0507
-1.32139;-1.86414;2.28498;-0.51818;-29.6895;1.05699;2.59245
-1.93364;-0.966851;2.16189;0.490496;28.1033;2.98359;0.870358
-1.44802;-1.66028;2.20302;-0.389919;-22.3407;1.04828;2.85161
-1.87382;-1.28663;2.27302;0.251879;14.4316;1.86108;1.18739
-1.1608;-1.94201;2.26249;-0.430345;-24.6569;1.04718;2.72336
-1.78845;-1.30397;2.21335;0.402051;23.0358;2.16712;1.03635
-1.00208;-2.00931;2.24533;-0.478181;-27.3977;0.959115;3.19723
-1.60346;-1.71845;2.35035;0.288174;16.5112;1.98144;1.07036
-0.927793;-2.0722;2.27042;-0.329826;-18.8977;1.03163;2.26077
-1.18452;-1.48673;1.9009;0.251774;14.4256;1.76617;1.09349
-0.717606;-1.89513;2.02644;-0.310767;-17.8057;1.03763;2.112
-1.18989;-1.71462;2.08705;0.24469;14.0197;1.80616;1.07917
-0.687849;-2.03543;2.14851;-0.280775;-16.0872;1.06229;2.00587
-1.13262;-2.07024;2.35982;0.174723;10.0109;1.7644;1.0943
-0.693978;-1.89244;2.01567;-0.149128;-8.54441;1.17959;1.64535
-0.747728;-1.84911;1.99457;0.0327849;1.87843;1.53585;1.21069
-1.00001;-1.9578;2.19841;0.0879682;5.04021;1.4221;1.2987
-0.844471;-1.96109;2.13518;-0.0656209;-3.7598;1.13957;1.69551
-0.772961;-1.95472;2.102;-0.0300528;-1.7219;1.19977;1.52812
-0.589875;-1.89794;1.98749;-0.0752297;-4.31034;1.20392;1.44599
-0.621597;-1.83172;1.93431;0.0258243;1.47962;1.37784;1.20772
-0.713762;-1.83177;1.96592;0.0444002;2.54395;1.30887;1.24874
-0.536046;-1.88694;1.9616;-0.0947679;-5.4298;1.17972;1.39231
-0.891266;-1.82496;2.03097;0.177514;10.1708;1.43972;1.13961
-0.369226;-2.05834;2.09119;-0.276811;-15.8601;1.00263;1.75785
-1.09793;-1.71834;2.03915;0.391076;22.407;1.80273;0.984671
-0.252534;-2.20241;2.21684;-0.454405;-26.0355;0.864457;2.47321
-1.0251;-1.80977;2.07993;0.4012;22.9871;2.03529;0.9326
-0.251904;-2.13177;2.1466;-0.397742;-22.789;0.911811;2.16402
-1.07642;-2.09133;2.35209;0.357721;20.4959;2.00779;0.93544
-0.292192;-1.99937;2.02061;-0.330227;-18.9206;0.957087;1.95823
-0.948393;-1.8484;2.07751;0.328948;18.8473;1.81658;0.97994
-0.286488;-2.10031;2.11976;-0.338497;-19.3944;0.942989;1.96799
-1.08726;-2.0155;2.29006;0.359142;20.5773;1.75767;0.956654
0.208828;-2.07782;2.08828;-0.594875;-34.0838;0.870276;2.0736
-0.987906;-2.17209;2.38619;0.527021;30.1961;3.46548;0.77021
-0.350446;-2.11858;2.14737;-0.262923;-15.0644;1.00222;1.50543
-1.12333;-1.79265;2.11553;0.395838;22.6798;1.72318;0.907404
-0.271901;-2.19584;2.21261;-0.436571;-25.0137;0.837799;2.18967
-1.05327;-2.00659;2.26623;0.360175;20.6365;1.77789;0.887097
-0.22354;-1.94048;1.95332;-0.368681;-21.1239;0.86382;1.67969
-0.673379;-1.82071;1.94124;0.23955;13.7252;1.81183;0.84502
-0.826302;-1.9593;2.12641;0.0448585;2.5702;1.09089;1.10075
-0.578763;-1.8201;1.90991;-0.0912278;-5.22697;1.01176;1.19494
-0.89958;-1.8269;2.03637;0.149683;8.57621;1.28469;0.984368
-0.79592;-1.88273;2.04406;-0.057595;-3.29995;0.994216;1.2266
-1.00462;-1.78143;2.04518;0.113519;6.50417;1.18622;1.05327
-0.978496;-1.84046;2.08441;-0.0248283;-1.42256;1.00358;1.23132
-0.860826;-1.85097;2.04135;-0.0533396;-3.05613;1.13126;1.11593
-1.22733;-1.6089;2.02359;0.216355;12.3962;1.49616;0.948333
-1.08723;-1.69732;2.01568;-0.0819578;-4.69583;1.02835;1.26128
-1.35401;-1.61938;2.11086;0.126675;7.25793;1.36284;1.02929
-1.13504;-1.46162;1.85058;-0.0361004;-2.0684;1.17311;1.2185
-1.47923;-1.23302;1.92574;0.21564;12.3553;1.35801;1.10237
-1.17076;-1.73192;2.09051;-0.281494;-16.1284;1.0059;1.83352
-1.47269;-1.50962;2.10897;0.178587;10.2323;1.60549;1.00077
-1.39325;-1.56345;2.09416;-0.0451183;-2.58509;1.15009;1.3487
-1.3215;-1.41195;1.9339;0.0244225;1.39931;1.21835;1.21451
-1.3094;-1.5155;2.00281;-0.0397497;-2.27749;1.15968;1.25284
-1.37283;-1.56668;2.08306;0.00697531;0.399656;1.27167;1.12472
-1.46374;-1.4183;2.03816;0.0816166;4.67629;1.25552;1.06812
-1.38077;-1.4834;2.02658;-0.0515817;-2.95542;1.01118;1.10422
-1.51448;-1.33685;2.0201;0.098032;5.61682;0.942887;0.894966
-1.47643;-1.30725;1.97199;-0.00151381;-0.0867349;0.769223;0.803936
-1.50276;-1.30736;1.99186;0.00871989;0.499613;0.717259;0.726411
-1.52449;-1.18668;1.93191;0.0545396;3.12489;0.702244;0.703323
-1.78437;-1.16415;2.13055;0.0833687;4.77668;1.19468;1.02715
-1.64302;-1.15771;2.00993;-0.0357512;-2.04839;1.039;1.16928
-1.75742;-1.21349;2.13567;0.00949958;0.544286;1.15914;1.06394
-1.78829;-1.08658;2.09252;0.0583246;3.34175;1.20983;1.03059
-1.57066;-0.902966;1.81172;0.024239;1.38879;1.11471;1.09422
-1.79522;-0.910373;2.01285;0.0524365;3.00439;1.08823;1.11656
-1.69076;-1.09006;2.01169;-0.103333;-5.92055;0.994896;1.23226
-1.45468;-0.850558;1.6851;0.0435573;2.49565;1.28035;0.989873
-1.60255;-0.703097;1.75;0.115648;6.62614;1.21185;1.02399
-1.66932;-1.10733;2.00319;-0.172249;-9.86913;0.972814;1.29136
-1.88671;-0.700532;2.01256;0.230175;13.1881;1.45317;0.921189
-1.72;-1.14427;2.06586;-0.231514;-13.2648;0.914057;1.46061
-1.8253;-0.602912;1.9223;0.26801;15.3558;1.50705;0.910407
-1.58401;-0.898237;1.82096;-0.196826;-11.2773;0.885183;1.5409
-2.1811;-0.715191;2.29537;0.198996;11.4016;1.26337;1.00687
-1.75547;-1.1643;2.10648;-0.268773;-15.3996;0.873672;1.5545
-2.10197;-0.863369;2.27237;0.195895;11.224;1.66687;0.892752
-2.05565;-0.854806;2.2263;-0.0043467;-0.249048;1.08422;1.1419
-1.95821;-0.568101;2.03895;0.111719;6.40102;1.13398;1.10212
-1.92305;-1.19746;2.2654;-0.274575;-15.732;0.926188;1.40724
-2.15233;-0.234139;2.16503;0.448578;25.7016;2.13301;0.834651
-2.0211;-1.0864;2.29458;-0.384857;-22.0507;0.809345;2.08499
-2.17427;-0.224896;2.18587;0.390147;22.3538;1.84252;0.868081
-1.80043;-1.1564;2.13981;-0.467867;-26.8068;0.817405;2.02072
-2.27782;-0.132609;2.28168;0.512784;29.3803;2.76822;0.794637
-1.95064;-1.06846;2.2241;-0.442961;-25.3798;0.81595;2.12327
-2.30267;-0.127586;2.30621;0.445762;25.5403;2.33133;0.813722
-1.87736;-1.02951;2.14112;-0.446248;-25.5681;0.831301;2.02629
-2.29877;-0.0260624;2.29892;0.490262;28.0899;2.55167;0.800328
-2.0745;-1.05145;2.32574;-0.457771;-26.2283;0.814056;2.32783
-2.25273;0.0348828;2.253;0.484591;27.765;2.3319;0.816727
-1.83693;-1.00379;2.0933;-0.5156;-29.5417;0.799677;2.65842
-2.24037;-0.0320811;2.2406;0.485798;27.8342;2.54385;0.81095
-2.0416;-0.851319;2.21198;-0.380746;-21.8151;0.815866;2.42446
-1.99611;-0.307891;2.01972;0.242025;13.867;1.68241;0.915115
-2.12763;-0.630955;2.21921;-0.135252;-7.74937;0.95153;1.51705
-2.05007;-0.454951;2.09994;0.0699104;4.00557;1.24973;1.09075
-1.95627;-0.531236;2.02712;-0.0467796;-2.68027;1.07902;1.26594
-1.9634;-0.463743;2.01742;0.0332171;1.9032;1.22617;1.12087
-1.98357;-0.403926;2.02427;0.0310537;1.77925;1.16789;1.17537
-1.96265;-0.526311;2.03199;-0.0611099;-3.50134;1.1092;1.24713
-1.93254;-0.284309;1.95334;0.115931;6.64235;1.36788;1.05473
-2.08221;-0.5857;2.16302;-0.128134;-7.34152;1.0628;1.33318
