#1 AntVel X	#2 AntVel Y	#3 Speed	#4 Turning Angle Rad		#5 Turning Angle Deg	#6 Detected Phero Left	#7 Detected Phero Right	
-0.725336;-1.76712;1.91019;-0.0665191;-3.81126;0.7;0.7
-0.775493;-1.85233;2.00811;0.00699416;0.400736;0.7;0.7
-0.749085;-1.8572;2.00258;-0.0131039;-0.750796;0.7;0.7
-0.796067;-1.62128;1.80617;0.0730496;4.18543;0.7;0.7
-0.896432;-1.7324;1.95059;0.021078;1.20768;0.7;0.7
-0.613438;-1.70979;1.8165;-0.133035;-7.62235;0.7;0.7
-0.710368;-1.83516;1.96785;0.02485;1.4238;0.7;0.7
-0.8591;-1.97285;2.15179;0.041372;2.37044;0.7;0.7
-0.715644;-1.7103;1.85399;-0.0144032;-0.825243;0.7;0.7
-0.929153;-1.87611;2.09359;0.0635513;3.64122;0.7;0.7
-0.706803;-1.55739;1.71028;-0.0338048;-1.93687;0.7;0.7
-0.66126;-1.98978;2.09678;-0.105194;-6.02719;0.7;0.7
-0.99552;-1.89181;2.13776;0.163561;9.37138;0.7;0.7
-0.945573;-1.80841;2.0407;-0.00262673;-0.150501;0.7;0.7
-0.875215;-1.66224;1.87857;0.00286344;0.164063;0.7;0.7
-0.78887;-1.71881;1.8912;-0.0543629;-3.11476;0.7;0.7
-0.864877;-1.83306;2.02685;0.0105716;0.60571;0.7;0.7
-0.84597;-1.89048;2.07113;-0.0200895;-1.15105;0.7;0.7
-0.835726;-1.82522;2.00745;0.00862189;0.493998;0.7;0.7
-1.08664;-1.91724;2.20377;0.0862451;4.94148;0.7;0.7
-1.02318;-1.7102;1.99291;0.0235228;1.34776;0.7;0.7
-1.05855;-1.81427;2.1005;-0.010987;-0.629508;0.7;0.7
-1.00906;-1.77157;2.03879;-0.0104089;-0.596387;0.7;0.7
-0.866804;-1.85291;2.04563;-0.0801936;-4.59476;0.7;0.7
-0.828876;-1.78791;1.9707;-0.00345699;-0.198071;0.7;0.7
-0.69989;-1.60928;1.75489;-0.0238744;-1.3679;0.7;0.7
-0.885083;-1.54792;1.7831;0.109185;6.25585;0.7;0.7
-0.981988;-1.76153;2.01675;-0.0108629;-0.622399;0.7;0.7
-1.04469;-1.68616;1.98356;0.0461302;2.64306;0.7;0.7
-1.05975;-1.66115;1.9704;0.0131809;0.755209;0.7;0.7
-1.08319;-1.83417;2.13014;-0.0344145;-1.97181;0.7;0.7
-1.02047;-1.71299;1.99391;0.00382013;0.218877;0.7;0.7
-1.08429;-1.82575;2.12345;-0.00135665;-0.0777302;0.7;0.7
-0.981514;-1.73853;1.99646;-0.0219563;-1.25801;0.7;0.7
-1.10345;-1.69555;2.02299;0.0629726;3.60807;0.7;0.7
-1.16297;-1.54639;1.93489;0.0678861;3.88959;0.7;0.7
-0.811884;-1.33763;1.56474;-0.0992978;-5.68935;0.7;0.7
-0.758371;-1.47089;1.65489;-0.0694811;-3.98097;0.7;0.7
-0.969108;-1.71943;1.97373;0.037204;2.13163;0.7;0.7
-1.09006;-1.78172;2.08872;0.0358106;2.0518;0.7;0.7
-1.02939;-1.78804;2.06319;-0.0266887;-1.52915;0.7;0.700027
-0.916674;-1.80981;2.02872;-0.0535265;-3.06685;0.7;0.816437
-0.062576;-2.23065;2.23152;-0.440792;-25.2555;0.7;1.85517
0.221209;-2.00967;2.02181;-0.137677;-7.88829;1.3881;1.79286
1.00436;-1.82933;2.08691;-0.39247;-22.4869;0.70008;1.35007
1.66882;-1.31907;2.12718;-0.399825;-22.9083;0.7;1.59459
1.43049;-1.24388;1.89566;0.0468651;2.68517;0.7;0.725915
1.90064;-1.04657;2.16974;-0.212399;-12.1696;0.7;1.15247
1.78671;-0.864803;1.985;-0.0525543;-3.01114;0.7;0.780995
2.04176;-0.834205;2.2056;-0.062908;-3.60436;0.7;0.779741
1.76484;-0.899887;1.98102;0.0836609;4.79342;0.7;0.746263
1.96172;-0.679296;2.076;-0.138181;-7.91719;0.7;0.928289
1.90275;-0.638477;2.00702;-0.00960535;-0.550346;0.7;0.724459
1.89917;-0.62159;1.99831;-0.0074415;-0.426366;0.7;0.703289
1.87181;-0.620521;1.97199;0.00380038;0.217746;0.7;0.700077
1.93677;-0.561139;2.01643;-0.0380999;-2.18297;0.7;0.7
1.92103;-0.422539;1.96695;-0.0654999;-3.75287;0.7;0.7
2.06826;-0.280184;2.08715;-0.0818584;-4.69014;0.7;0.7
1.98636;-0.23216;1.99988;-0.0182993;-1.04848;0.7;0.7
1.99997;-0.275188;2.01882;0.0203876;1.16812;0.7;0.7
2.15591;-0.328993;2.18087;0.014695;0.841961;0.7;0.7
2.05398;-0.358432;2.08502;0.0213342;1.22236;0.7;0.7
1.94308;-0.250674;1.95918;-0.0444662;-2.54773;0.7;0.7
1.97688;-0.319341;2.0025;0.0318544;1.82512;0.7;0.7
1.81544;-0.338803;1.84678;0.0243463;1.39494;0.7;0.7
2.04718;-0.297851;2.06874;-0.0400211;-2.29304;0.7;0.700014
2.23807;-0.262645;2.25343;-0.0276606;-1.58484;0.7;0.705168
1.83607;0.0494683;1.83674;-0.143755;-8.23655;0.7;0.880934
2.06966;0.280468;2.08858;-0.107757;-6.17405;0.7;0.927037
2.04328;0.500461;2.10368;-0.105508;-6.04518;0.7;0.84067
1.87881;0.612281;1.97606;-0.0748332;-4.28763;0.7;0.731106
1.94876;0.61238;2.04271;0.010564;0.60527;0.7;0.704291
1.89829;0.652358;2.00725;-0.0265417;-1.52073;0.7;0.701226
2.03584;0.772883;2.17762;-0.031818;-1.82303;0.700001;0.700157
1.88046;0.703716;2.00782;0.00473952;0.271555;0.700033;0.700009
1.93445;0.518218;2.00266;0.0963483;5.52035;0.700162;0.700001
1.82873;0.364895;1.86478;0.0647952;3.71249;0.700041;0.700002
1.96553;0.553508;2.04198;-0.0775515;-4.44337;0.700015;0.70005
1.96241;0.666951;2.07265;-0.0531167;-3.04336;0.700558;0.802611
1.65991;1.48751;2.22889;-0.403063;-23.0938;0.714787;1.9822
1.71596;0.622814;1.82549;0.382511;21.9163;1.62936;0.777317
2.28415;-0.359378;2.31225;0.504224;28.8899;2.85012;0.704924
1.89736;-0.522878;1.96809;0.112851;6.46589;0.700554;0.7
1.91503;-0.540265;1.98978;0.00606419;0.347453;0.700012;0.700049
1.92803;-0.54413;2.00334;9.50514e-05;0.00544605;0.700001;0.702986
1.84787;-0.285598;1.86981;-0.121724;-6.9743;0.7;0.944834
2.21855;0.406691;2.25552;-0.334643;-19.1736;0.7;1.5263
2.00358;0.949589;2.21722;-0.261288;-14.9707;0.700282;1.45611
1.72414;1.16441;2.08051;-0.151407;-8.67497;1.15639;1.51162
2.26227;0.342394;2.28803;0.443786;25.427;4.48501;1.55011
2.01483;-0.139542;2.01965;0.219357;12.5682;1.09586;0.700002
2.04311;-0.233001;2.05635;0.0444046;2.5442;0.713761;0.7
1.9752;-0.182928;1.98365;-0.0212027;-1.21482;0.703865;0.700003
1.82127;-0.255316;1.83908;0.0469291;2.68884;0.703207;0.700015
2.10924;-0.175694;2.11655;-0.0561729;-3.21847;0.700299;0.700486
2.20267;-0.143778;2.20736;-0.0179237;-1.02695;0.700076;0.701047
2.02416;-0.140556;2.02903;0.00414618;0.237559;0.700007;0.706512
2.13895;-0.0512986;2.13957;-0.0453496;-2.59834;0.7;0.739722
2.00086;0.0554045;2.00162;-0.0516618;-2.96;0.7;0.767764
2.06086;0.0359436;2.06118;0.0102441;0.586941;0.7;0.776682
1.8266;0.339855;1.85795;-0.166516;-9.54068;0.7;0.863947
1.98049;0.465562;2.03447;-0.0469268;-2.68871;0.7;0.725595
1.93314;0.478711;1.99153;-0.0118683;-0.680004;0.7;0.711305
1.94587;0.459973;1.9995;0.0106279;0.608936;0.7;0.706908
1.85337;0.477815;1.91397;-0.0201918;-1.1569;0.7;0.704562
1.99238;0.311236;2.01654;0.0973534;5.57794;0.7;0.701436
1.9473;0.294688;1.96947;0.00476878;0.273231;0.7;0.703825
1.90314;0.553485;1.98199;-0.132828;-7.61047;0.7;0.702508
1.94056;0.752772;2.08146;-0.0870243;-4.98612;0.700004;0.700062
1.89496;0.731685;2.03132;0.00155957;0.089357;0.700483;0.700001
1.70788;0.435902;1.76263;0.11859;6.79468;0.702805;0.7
1.86832;0.455867;1.92314;0.0105734;0.605809;0.700491;0.7
1.9318;0.360105;1.96508;0.0550277;3.15286;0.700707;0.7
1.94784;0.306562;1.97182;0.0281891;1.61512;0.70039;0.7
2.07784;0.502649;2.13777;-0.0812449;-4.65499;0.700518;0.7
1.93276;0.473027;1.9898;-0.00267436;-0.15323;0.711021;0.7
2.02355;0.313337;2.04767;0.0863992;4.95031;0.731164;0.7
1.95718;0.144181;1.96249;0.0800905;4.58885;0.713855;0.7
1.96804;0.189398;1.97714;-0.0224068;-1.28381;0.704849;0.7
1.82201;-0.0111617;1.82205;0.102067;5.84803;0.709412;0.7
2.00287;-0.0163585;2.00294;0.0020414;0.116963;0.701299;0.7
1.73129;0.0466493;1.73192;-0.0351057;-2.01141;0.700814;0.7
1.93052;-0.0244684;1.93067;0.0396122;2.26961;0.701098;0.7
2.02976;0.0158407;2.02982;-0.0204779;-1.1733;0.700317;0.700001
1.88259;-0.0133419;1.88264;0.014891;0.853189;0.70043;0.7
2.08225;0.00079888;2.08225;-0.00747055;-0.428031;0.700369;0.7
2.08387;-0.0602953;2.08474;0.0293099;1.67933;0.700906;0.7
1.99817;0.0334264;1.99845;-0.0456532;-2.61574;0.700887;0.700001
2.03951;0.0394742;2.03989;-0.00262536;-0.150422;0.708826;0.7
2.15961;0.12115;2.163;-0.0366873;-2.10203;0.719888;0.7
2.03188;0.00891253;2.0319;0.0516533;2.95952;0.772542;0.7
2.01482;0.00333936;2.01482;0.00272893;0.156356;0.736718;0.7
1.93684;-0.0282667;1.93704;0.0162506;0.931092;0.742319;0.700001
2.00024;-0.0678778;2.00139;0.0193285;1.10744;0.737194;0.700005
1.99863;-0.103246;2.0013;0.0176908;1.01361;0.7244;0.700029
2.03843;-0.131857;2.04269;0.0129833;0.74389;0.712654;0.700124
2.00396;-0.255065;2.02012;0.0620039;3.55256;0.70453;0.700417
1.95367;-0.24582;1.96907;-0.00143279;-0.0820928;0.700333;0.705234
1.9319;-0.342447;1.96202;0.05027;2.88026;0.700051;0.714012
2.22274;-0.259827;2.23788;-0.0590701;-3.38447;0.700001;0.792545
2.07906;0.045034;2.07955;-0.138024;-7.9082;0.7;0.797774
2.1347;0.148601;2.13987;-0.0478426;-2.74118;0.700002;0.712518
2.13182;-0.123349;2.13538;0.127297;7.29355;0.700005;0.704897
1.99822;0.145936;2.00355;-0.1307;-7.48856;0.7;0.904258
2.13386;0.182749;2.14167;-0.0125305;-0.717944;0.7;0.708504
1.88311;0.0576405;1.88399;0.0548343;3.14177;0.7;0.702765
1.91399;0.12489;1.91806;-0.0345595;-1.98011;0.7;0.707671
2.01418;0.100318;2.01667;0.0153943;0.882029;0.7;0.703212
1.90907;0.223239;1.92207;-0.0666425;-3.81833;0.7;0.704999
1.80067;0.212203;1.81313;-0.00089826;-0.0514665;0.700001;0.700639
1.9969;0.243337;2.01167;-0.00395405;-0.22655;0.700007;0.700267
2.06133;0.184513;2.06958;0.0319862;1.83267;0.70005;0.700052
2.149;0.22101;2.16033;-0.0132099;-0.756874;0.700108;0.700012
1.87932;0.119192;1.8831;0.0391455;2.24287;0.701189;0.7
2.07917;0.209146;2.08967;-0.0369157;-2.11512;0.702239;0.7
2.07975;0.339228;2.10723;-0.0614328;-3.51984;0.726783;0.7
1.89564;-0.115783;1.89917;0.22269;12.7592;0.961281;0.7
1.88848;-0.218632;1.90109;0.0542554;3.1086;0.726452;0.7
1.98713;-0.270171;2.00541;0.0198736;1.13867;0.719535;0.7
1.817;-0.426464;1.86638;0.0954023;5.46615;0.721558;0.7
1.97752;-0.59521;2.06515;0.0618289;3.54253;0.704892;0.7
2.03309;-0.631301;2.12885;0.00870979;0.499034;0.701298;0.700022
1.98677;-0.466823;2.04087;-0.0702933;-4.02751;0.700895;0.700073
1.94992;-0.422787;1.99523;-0.017262;-0.989037;0.704358;0.700004
1.91955;-0.376614;1.95615;-0.0197796;-1.13329;0.709282;0.700001
1.77577;-0.512861;1.84834;0.0874225;5.00894;0.723518;0.7
1.90678;-0.637338;2.01048;0.0414126;2.37277;0.707895;0.700002
1.78865;-0.651945;1.90376;0.0269515;1.54421;0.703893;0.700018
1.82761;-0.655703;1.94168;-0.00505363;-0.289552;0.701848;0.700078
2.02905;-0.710809;2.14995;-0.00751438;-0.430542;0.701262;0.700122
1.93954;-0.753614;2.08081;0.033642;1.92754;0.700852;0.700174
1.85296;-0.697274;1.97981;-0.0106866;-0.612298;0.700276;0.70145
1.81365;-0.751611;1.96322;0.0329628;1.88863;0.700204;0.701335
1.85236;-0.794007;2.01536;0.0120798;0.69212;0.700048;0.708388
1.83454;-0.87393;2.03207;0.039615;2.26977;0.700013;0.729236
1.71908;-0.624608;1.82904;-0.0960617;-5.50393;0.700001;0.882343
1.92178;-0.668878;2.03486;-0.0135707;-0.777544;0.700004;0.785049
1.94253;-0.503124;2.00663;-0.0815017;-4.6697;0.700003;0.824487
2.16472;-0.456239;2.21227;-0.0457142;-2.61923;0.700025;0.727467
2.08499;-0.284153;2.10426;-0.0722709;-4.14082;0.700109;0.705105
2.02331;-0.438397;2.07026;0.0779242;4.46473;0.701075;0.70033
2.06765;-0.41018;2.10794;-0.0175373;-1.00481;0.700227;0.701003
2.09541;-0.319238;2.11959;-0.0446491;-2.55821;0.700244;0.700384
1.96073;-0.240102;1.97538;-0.0293397;-1.68104;0.700543;0.700059
1.90727;-0.199406;1.91767;-0.0176767;-1.0128;0.701643;0.700011
1.98479;-0.152212;1.99062;-0.0276326;-1.58323;0.70516;0.700002
1.95069;-0.175086;1.95853;0.0129767;0.743509;0.721282;0.7
1.97371;-0.231755;1.98727;0.0273694;1.56815;0.736827;0.7
1.9401;-0.29299;1.96209;0.0330001;1.89077;0.727478;0.7
1.98592;-0.314177;2.01062;0.00701617;0.401997;0.713461;0.7
2.03098;-0.233519;2.04436;-0.0424259;-2.43083;0.705487;0.7
1.96583;-0.209715;1.97698;-0.00819775;-0.469697;0.704835;0.7
1.89524;-0.303441;1.91938;0.0524811;3.00695;0.701778;0.7
1.92801;-0.288061;1.94941;-0.0104477;-0.59861;0.700124;0.700003
2.02297;-0.0632014;2.02396;-0.11708;-6.70818;0.700039;0.700007
2.18537;-0.244494;2.199;0.0801827;4.59413;0.700146;0.7
1.99055;-0.0944439;1.99279;-0.0640038;-3.66715;0.700005;0.700034
1.97484;-0.204562;1.98541;0.0558052;3.1974;0.700007;0.700026
1.97112;-0.162894;1.97784;-0.0207628;-1.18962;0.700001;0.700602
2.08228;-0.245428;2.0967;0.0348707;1.99794;0.700002;0.701516
1.99304;-0.284854;2.0133;0.0246392;1.41172;0.7;0.71065
2.02161;-0.184311;2.03;-0.0510438;-2.92459;0.7;0.752742
1.99846;-0.120804;2.00211;-0.0305438;-1.75003;0.7;0.747745
2.02163;-0.0802224;2.02322;-0.0207138;-1.18681;0.7;0.75844
1.96032;-0.013457;1.96036;-0.0327967;-1.87911;0.7;0.773521
1.86666;-0.0101205;1.86669;-0.00144296;-0.0826757;0.7;0.764148
2.16305;-0.0804359;2.16454;0.0317476;1.819;0.7;0.765799
1.93556;-0.163545;1.94246;0.0471255;2.70009;0.7;0.722798
1.9503;-0.430069;1.99715;0.132746;7.60581;0.7;0.700545
1.84526;-0.411928;1.89068;0.00259369;0.148607;0.7;0.7
2.21468;1.00024;2.43008;-0.643853;-36.8901;0.7;3.71713
1.67978;0.909678;1.91028;-0.0721119;-4.13171;0.7;0.810693
1.70173;0.97164;1.95958;-0.0224713;-1.28751;0.7;0.73317
1.69004;1.03038;1.97937;-0.028703;-1.64456;0.7;0.726626
1.83277;1.09433;2.13462;0.00922666;0.528649;0.7;0.71982
1.70254;1.03888;1.99447;-0.00960154;-0.550128;0.7;0.71443
1.66162;1.05884;1.97031;-0.0194695;-1.11552;0.700004;0.705733
1.50783;1.08138;1.85551;-0.0548133;-3.14057;0.700073;0.701033
1.67205;1.21113;2.06461;-0.00471363;-0.270071;0.703223;0.700062
1.68191;1.29056;2.11999;-0.0276153;-1.58224;0.731841;0.700008
2.13588;0.962458;2.34272;0.231127;13.2426;1.00601;0.7
1.50977;0.897141;1.75621;-0.112797;-6.4628;0.712665;0.700013
1.62122;0.540116;1.70882;0.214571;12.294;0.869167;0.7
2.06396;0.649083;2.16361;0.0168979;0.968181;0.714682;0.700022
1.89883;0.625948;1.99934;-0.0137394;-0.787209;0.721083;0.70002
1.9273;0.576826;2.01177;0.0276247;1.58278;0.732797;0.700003
2.0196;0.588511;2.1036;0.00725892;0.415905;0.720497;0.700001
1.92076;0.389663;1.95988;0.0833946;4.77816;0.71375;0.7
1.95668;0.384644;1.99413;0.00604859;0.346559;0.702375;0.700002
1.85027;0.540969;1.92773;-0.0903395;-5.17607;0.70154;0.700001
1.92761;0.536183;2.00079;0.0131429;0.753035;0.710017;0.7
1.98354;0.486604;2.04235;0.0307312;1.76077;0.71298;0.7
1.97157;0.43437;2.01885;0.0237178;1.35893;0.71308;0.7
1.91676;0.240551;1.93179;0.092006;5.27156;0.720493;0.7
1.90112;0.197675;1.91137;0.0212403;1.21698;0.707929;0.7
2.08991;0.199351;2.0994;0.0085065;0.487386;0.716384;0.7
1.9969;0.108073;1.99983;0.0410318;2.35095;0.761079;0.7
1.94397;-0.0626133;1.94498;0.0862656;4.94265;0.746061;0.7
2.01367;-0.0636174;2.01467;-0.000615596;-0.0352711;0.704261;0.700024
1.98154;-0.0872635;1.98346;0.0124275;0.712043;0.700889;0.700097
2.04564;-0.138264;2.0503;0.0234774;1.34516;0.700105;0.700501
1.91351;-0.190368;1.92296;0.0316727;1.81471;0.700005;0.704552
2.00431;-0.00486116;2.00432;-0.0967346;-5.54249;0.7;0.739048
2.02427;-0.00610429;2.02428;0.000590188;0.0338153;0.7;0.724072
2.1427;0.00465345;2.14271;-0.0051873;-0.29721;0.7;0.7567
2.01943;0.221946;2.03159;-0.107294;-6.14749;0.7;0.856807
2.10945;0.106624;2.11214;0.0589625;3.3783;0.7;0.782808
1.99776;0.726888;2.1259;-0.298457;-17.1003;0.7;1.42339
1.89168;0.716551;2.02284;-0.0131306;-0.75233;0.7;0.711333
1.83649;0.603373;1.93307;0.0446549;2.55854;0.7;0.725483
1.61486;0.835994;1.81843;-0.16026;-9.18225;0.7;0.885473
1.76826;0.941572;2.00332;-0.0116003;-0.664648;0.700003;0.714834
1.74364;0.95056;1.98592;-0.0098203;-0.562661;0.700014;0.710226
1.75615;0.966382;2.00448;-0.00394527;-0.226048;0.700068;0.704485
1.72404;0.761354;1.88467;0.0872072;4.9966;0.700303;0.701461
1.8037;0.728723;1.94534;0.0318911;1.82723;0.700107;0.704112
1.90017;0.665754;2.01343;0.0469639;2.69083;0.700165;0.701897
1.81522;0.682622;1.93933;-0.0226947;-1.30031;0.700183;0.701512
1.89814;0.83519;2.07376;-0.0548167;-3.14076;0.701211;0.700318
1.88933;0.680551;2.00816;0.0687723;3.94036;0.717216;0.700012
1.91776;0.686324;2.03687;0.00206282;0.118191;0.716255;0.700008
1.93257;0.755455;2.07498;-0.0289666;-1.65966;0.742867;0.700001
2.08316;0.400245;2.12126;0.182822;10.475;0.849347;0.7
2.04343;0.288568;2.0637;0.0495307;2.8379;0.722388;0.700006
1.97853;0.299202;2.00103;-0.00979715;-0.561335;0.714256;0.700002
1.91934;0.205889;1.93035;0.043225;2.47661;0.723754;0.7
2.21387;-0.12032;2.21714;0.161157;9.23359;0.71472;0.7
1.97806;-0.0807775;1.97971;-0.0134807;-0.772386;0.700585;0.700007
1.87164;0.116827;1.87528;-0.103153;-5.91021;0.700359;0.700003
1.54164;-0.0683888;1.54316;0.106671;6.11177;0.70159;0.7
1.96464;-0.122778;1.96848;0.0180806;1.03594;0.700123;0.700002
1.97995;-0.0306352;1.98018;-0.046941;-2.68952;0.700025;0.700008
1.98936;0.0931555;1.99154;-0.0622641;-3.56747;0.70002;0.700007
2.00006;0.0963619;2.00238;-0.00134981;-0.0773386;0.700044;0.700003
1.99527;0.117861;1.99875;-0.0108591;-0.62218;0.700027;0.700009
1.99851;0.119249;2.00206;-0.000596834;-0.0341961;0.70002;0.700027
2.01524;0.128513;2.01933;-0.00408608;-0.234115;0.700014;0.700125
1.95705;0.140075;1.96205;-0.00776815;-0.445082;0.700014;0.700412
1.95126;0.241913;1.9662;-0.0518955;-2.97339;0.700018;0.701058
1.94917;0.239564;1.96383;0.00105573;0.0604891;0.700062;0.70093
1.97544;0.237263;1.98964;0.00275863;0.158058;0.700033;0.702811
2.05505;0.248559;2.07003;-0.00083171;-0.0476535;0.700009;0.709644
1.84618;0.17462;1.85442;0.0260612;1.4932;0.700001;0.730186
1.96024;0.396664;1.99997;-0.105354;-6.03636;0.7;0.805193
1.8308;0.309859;1.85683;0.0319992;1.83342;0.70005;0.744884
1.90676;0.438907;1.95663;-0.0585841;-3.35662;0.701099;0.790743
1.97204;0.595716;2.06005;-0.0671213;-3.84577;0.72517;0.770706
1.88969;0.630209;1.99201;-0.0285349;-1.63493;0.895981;0.785956
2.13734;0.416776;2.17759;0.129318;7.4094;1.20174;0.973574
1.76816;0.978872;2.02103;-0.31303;-17.9353;1.36739;2.46403
1.67308;1.13227;2.0202;-0.0893463;-5.11917;1.3736;1.63487
1.25427;1.79824;2.19246;-0.366792;-21.0156;0.985641;2.20648
0.722336;1.96861;2.09695;-0.257372;-14.7464;0.834641;1.49214
0.885781;1.79311;1.99996;0.107156;6.13957;1.49825;1.22326
0.441257;2.01881;2.06647;-0.243641;-13.9596;1.41026;2.21703
-0.20269;2.08172;2.09156;-0.31225;-17.8906;0.778624;1.52999
-0.771609;2.01546;2.15811;-0.26857;-15.3879;0.708515;0.999645
-0.744497;1.96622;2.10245;0.00366849;0.210189;0.787922;0.762409
-0.74959;1.96285;2.10111;-0.00283409;-0.162382;0.814453;0.749724
-0.668867;1.88723;2.00226;0.0241921;1.38611;0.843662;0.739966
-0.614045;1.92697;2.02244;0.0321181;1.84023;0.839208;0.741342
-0.506057;2.01215;2.07481;0.0620961;3.55784;0.819046;0.749887
-0.502479;1.92306;1.98762;-0.00918796;-0.526431;0.776358;0.786987
-0.344936;1.77459;1.8078;0.0635962;3.64379;0.772993;0.797761
-0.667635;1.98259;2.09198;-0.13284;-7.61115;0.740722;0.87942
-0.548582;1.79739;1.87924;0.0285918;1.63819;0.775655;0.792236
-0.733214;1.90726;2.04334;-0.0707855;-4.05571;0.752024;0.823915
-0.779136;1.72883;1.89629;-0.0563974;-3.23133;0.762761;0.785549
-0.66715;1.88284;1.99754;0.0828841;4.74891;0.7759;0.758386
-0.830318;2.04783;2.20976;-0.0446789;-2.55991;0.732717;0.822107
-0.714952;1.73403;1.87564;-0.00586354;-0.335956;0.729537;0.813574
-0.770565;1.70841;1.87415;-0.0326502;-1.87072;0.722225;0.833823
-0.910861;1.73611;1.96055;-0.0594555;-3.40655;0.72148;0.827678
-1.00554;1.65386;1.93555;-0.0631011;-3.61543;0.729282;0.793939
-1.05061;1.72747;2.02187;-0.000135509;-0.00776411;0.748995;0.759908
-0.986269;1.36476;1.68383;-0.0793665;-4.54736;0.752147;0.757159
-1.13205;1.90928;2.21966;0.0905824;5.18999;0.806323;0.728323
-1.23771;1.78573;2.17274;-0.0708903;-4.06171;0.755633;0.753401
-1.1309;1.83047;2.15164;0.0526673;3.01762;0.790331;0.731603
-1.16513;1.4745;1.87928;-0.115309;-6.60671;0.756173;0.757251
-1.11484;1.62473;1.97044;0.0673439;3.85852;0.822872;0.724992
-1.14195;1.46859;1.86032;-0.0595357;-3.41115;0.779786;0.747319
-0.886701;1.73429;1.94782;0.188294;10.7884;0.825121;0.730921
-1.08593;1.57052;1.9094;-0.132335;-7.58223;0.730149;0.839412
-1.08485;1.62048;1.95009;0.0150229;0.860751;0.766206;0.766279
-1.07401;1.60778;1.9335;0.00100753;0.0577273;0.755069;0.778997
-0.934164;1.47572;1.74654;0.0245824;1.40847;0.749545;0.787682
-0.853134;1.59566;1.80941;0.0733591;4.20317;0.737233;0.813109
-1.14359;1.65585;2.01237;-0.113425;-6.4988;0.716855;0.900888
-1.30242;1.48516;1.97534;-0.115521;-6.61888;0.734344;0.816311
-1.15578;1.60215;1.97553;0.0949947;5.4428;0.78984;0.75192
-1.39993;1.60588;2.13042;-0.0920463;-5.27387;0.746457;0.784229
-1.09862;1.65528;1.98669;0.131038;7.50792;0.806964;0.74004
-1.15965;1.70153;2.05912;-0.0122762;-0.703373;0.743407;0.784918
-1.09153;1.63942;1.96955;0.0108206;0.619974;0.749546;0.775329
-1.15767;1.63555;2.0038;-0.028546;-1.63557;0.74885;0.774119
-1.15932;1.65843;2.02347;0.00586716;0.336164;0.77116;0.753028
-1.14052;1.69994;2.04709;0.0191444;1.09689;0.783433;0.746252
-1.07347;1.68293;1.99614;0.0231472;1.32624;0.787334;0.746867
-0.86644;1.64019;1.85497;0.081796;4.68656;0.784613;0.753784
-1.04398;1.81212;2.09133;-0.0366724;-2.10118;0.74865;0.808015
-0.973899;1.70208;1.96101;0.0029562;0.169378;0.765017;0.800438
-1.13668;1.73937;2.07784;-0.0591192;-3.38728;0.77054;0.81666
-0.887017;1.9049;2.10129;0.14304;8.19556;0.820825;0.7845
-1.07987;1.65595;1.97694;-0.142067;-8.13982;0.757167;0.903658
-1.14914;1.64188;2.00407;-0.0327965;-1.8791;0.847481;0.796278
-0.831818;1.55155;1.76046;0.11853;6.79127;0.928062;0.76354
-0.885959;1.7411;1.95355;0.0214222;1.2274;0.85529;0.794691
-0.852387;1.50526;1.72985;-0.0445468;-2.55234;0.857857;0.78401
-0.841311;1.71539;1.91059;0.0592729;3.39609;0.923597;0.750002
-0.710429;1.83573;1.9684;0.086727;4.96909;0.886156;0.752072
-0.656796;1.92919;2.03793;0.041107;2.35526;0.81994;0.775644
-0.614324;1.78127;1.88422;-0.00396312;-0.22707;0.788233;0.793469
-0.61352;1.90459;2.00097;0.020476;1.17319;0.783464;0.789657
-0.64707;1.93787;2.04305;-0.0106365;-0.609425;0.766277;0.798832
-0.649221;1.85928;1.96937;-0.0136749;-0.783516;0.762944;0.790029
-0.704654;1.84722;1.97706;-0.0284869;-1.63218;0.762497;0.778389
-0.65684;1.82016;1.93505;0.0181045;1.03731;0.773189;0.758856
-0.624037;1.81678;1.92096;0.0154649;0.886071;0.761986;0.761539
-0.753571;2.03504;2.17008;-0.0237822;-1.36262;0.75076;0.76636
-0.77594;1.78884;1.94988;-0.0546315;-3.13015;0.755654;0.751951
-0.743092;1.57627;1.74265;-0.031253;-1.79067;0.784823;0.728883
-0.844834;1.86787;2.05004;0.0157624;0.903118;0.814523;0.718009
-0.637275;1.78303;1.89349;0.0815021;4.66973;0.811376;0.71717
-0.62847;1.80542;1.91168;0.00827848;0.474322;0.75911;0.740289
-0.804091;1.94662;2.10615;-0.0567405;-3.25099;0.745938;0.759495
-0.734387;1.78715;1.93215;0.00183324;0.105037;0.75628;0.749152
-0.815476;1.84129;2.01379;-0.0270297;-1.54869;0.741991;0.755344
-0.751525;1.70191;1.86046;0.00109323;0.0626375;0.728855;0.73834
-0.947004;1.76599;2.00388;-0.0763952;-4.37712;0.711469;0.722048
-1.02008;1.74774;2.02365;-0.036091;-2.06786;0.703187;0.705317
-1.09743;1.82654;2.13086;-0.0127122;-0.728356;0.700359;0.700848
-0.917015;1.96778;2.17097;0.104935;6.01231;0.762966;0.763549
-1.13933;1.58842;1.95478;-0.186135;-10.6647;0.720191;0.870792
-1.11286;1.64649;1.9873;0.0278603;1.59628;0.769507;0.753465
-1.11509;1.64806;1.98985;-0.000485896;-0.0278398;0.756515;0.758967
-1.20929;1.7466;2.12438;-0.0107324;-0.61492;0.755415;0.755954
-1.07275;1.67207;1.98661;0.0351569;2.01434;0.759036;0.751733
-1.12668;1.65326;2.00067;-0.0277676;-1.59097;0.74228;0.774025
-1.29278;1.69626;2.13274;-0.0530285;-3.03831;0.750772;0.765746
-1.19483;1.48779;1.90817;-0.0253991;-1.45526;0.785752;0.742118
-1.20911;1.72196;2.10406;0.0644387;3.69207;0.827839;0.7297
-1.10136;1.66773;1.99858;0.0285365;1.63502;0.803344;0.741619
-0.785698;1.62707;1.80684;0.133779;7.66499;0.802704;0.745206
-0.928992;1.75936;1.98956;-0.0359512;-2.05985;0.741133;0.810063
-1.10527;1.78249;2.09736;-0.0692279;-3.96647;0.753388;0.786478
-0.824808;1.78497;1.96632;0.122188;7.00088;0.801111;0.745521
-0.879716;1.81648;2.01829;-0.018148;-1.0398;0.74675;0.796946
-1.00739;1.61343;1.90211;-0.107145;-6.13893;0.758136;0.782156
-0.953228;1.78013;2.01929;0.0665228;3.81148;0.859904;0.730149
-0.797466;1.81266;1.98033;0.0771695;4.42149;0.851583;0.730054
-0.561887;1.96412;2.04291;0.135824;7.78216;0.826045;0.734971
-0.570096;1.91445;1.99753;-0.0107911;-0.618284;0.760827;0.776657
-0.612249;2.23538;2.31771;0.0220907;1.26571;0.774499;0.763938
-0.563577;1.81186;1.89749;-0.0342274;-1.96109;0.776927;0.764
-0.503823;1.7986;1.86783;0.0284421;1.62961;0.819637;0.742199
-0.461312;2.19348;2.24147;0.0658304;3.7718;0.824514;0.742583
-0.456086;1.90915;1.96287;-0.0272105;-1.55905;0.796385;0.7607
-0.324844;2.02777;2.05363;0.0756522;4.33455;0.828362;0.746921
-0.285372;1.99849;2.01876;0.0170124;0.974741;0.782342;0.778819
-0.164407;1.81777;1.82519;0.051636;2.95852;0.768543;0.795843
-0.274064;1.95999;1.97906;-0.0487291;-2.79197;0.741718;0.849088
-0.454943;1.98554;2.037;-0.0863117;-4.9453;0.749337;0.828121
-0.337735;1.82107;1.85212;0.0418636;2.39861;0.788188;0.778537
-0.411765;1.97044;2.013;-0.0226307;-1.29664;0.767921;0.802816
-0.761435;1.77877;1.93489;-0.19846;-11.3709;0.780892;0.792606
-0.483387;1.9692;2.02766;0.163753;9.38236;1.01968;0.720951
-0.63868;1.83741;1.94524;-0.09382;-5.37549;0.859632;0.747863
-0.22712;1.95126;1.96443;0.218659;12.5282;1.0021;0.719469
-0.201853;2.1449;2.15438;0.0220433;1.26299;0.794193;0.77416
-0.11346;1.88104;1.88446;0.0335875;1.92442;0.767526;0.788449
-0.357849;2.14032;2.17003;-0.105417;-6.03998;0.742567;0.815246
-0.343176;1.88903;1.91995;-0.0140455;-0.80475;0.775225;0.753133
-0.293704;1.98518;2.00679;0.0328245;1.8807;0.786213;0.740318
-0.371037;2.20133;2.23238;-0.0200991;-1.15159;0.776208;0.745541
-0.231189;1.93894;1.95267;0.0483073;2.7678;0.808594;0.733776
-0.16801;1.97792;1.98505;0.0339356;1.94437;0.795805;0.743121
-0.0556341;1.92879;1.92959;0.0559032;3.20302;0.79116;0.74936
-0.0519997;1.9992;1.99988;0.0028317;0.162244;0.772098;0.767433
-0.101721;2.24299;2.2453;-0.0193151;-1.10667;0.781268;0.762389
-0.00947478;1.99602;1.99605;0.0405727;2.32464;0.812374;0.745658
0.0678955;1.99908;2.00023;0.0386972;2.21719;0.803785;0.754135
0.086927;1.99475;1.99664;0.00960002;0.550041;0.791696;0.76725
0.028994;2.19975;2.19994;-0.0303706;-1.7401;0.792121;0.767022
0.21889;2.31812;2.32843;0.0809668;4.63905;0.819853;0.745207
0.376358;2.06193;2.09599;0.0863934;4.94998;0.780581;0.771832
0.129688;1.994;1.99821;-0.115592;-6.62295;0.744642;0.835667
0.390453;1.75999;1.80278;0.153366;8.7872;0.791274;0.759682
0.207126;2.04903;2.05948;-0.117571;-6.73632;0.733468;0.855697
-0.0237371;1.84868;1.84883;-0.113582;-6.50775;0.769277;0.768006
0.415998;2.06418;2.10568;0.211707;12.1299;0.876385;0.721774
0.287975;1.92404;1.94548;-0.0502986;-2.8819;0.75267;0.774437
0.348802;1.97005;2.00069;0.0266672;1.52792;0.786707;0.745866
0.361876;2.03312;2.06507;0.000909849;0.0521305;0.7915;0.74672
0.302145;2.09646;2.11812;-0.0330104;-1.89136;0.818781;0.740178
0.484527;1.89503;1.95599;0.107185;6.14123;0.902241;0.727429
0.68589;1.93277;2.05086;0.0906906;5.19619;0.830636;0.753041
0.692084;1.88006;2.0034;0.0117123;0.671068;0.779414;0.801972
0.586654;1.91722;2.00497;-0.0557782;-3.19586;0.774645;0.836755
0.626504;2.04757;2.14128;-1.65651e-05;-0.000949111;0.809712;0.840392
0.434152;2.18049;2.22329;-0.100391;-5.75197;0.808485;0.887543
0.393959;2.14276;2.17867;-0.0147121;-0.84294;0.888232;0.876151
0.327548;2.25931;2.28293;-0.0378519;-2.16876;0.927997;0.887147
0.485449;1.92282;1.98315;0.103326;5.92017;1.064;0.853708
0.607483;1.95536;2.04755;0.0539222;3.08951;1.00114;0.842493
0.932302;1.83111;2.05478;0.169716;9.72403;1.02104;0.805403
1.01191;1.75275;2.02388;0.0526431;3.01623;0.865054;0.826067
1.09785;1.51215;1.86866;0.104394;5.98133;0.862392;0.807453
1.10713;1.68985;2.02023;-0.0479779;-2.74893;0.812799;0.833383
1.07365;1.75477;2.05717;-0.0309152;-1.77131;0.934606;0.763538
1.63319;1.40646;2.15533;0.31077;17.8058;1.18043;0.724594
1.52257;1.2935;1.99784;0.00671206;0.384573;0.819947;0.805619
1.67603;1.16366;2.04039;0.0973453;5.57748;0.862336;0.778875
1.67955;1.12437;2.02116;0.0169605;0.971766;0.827649;0.80172
1.73555;1.02252;2.01437;0.0575151;3.29537;0.868563;0.780222
1.88629;1.11033;2.18882;0.000392826;0.0225073;0.872443;0.780284
2.00136;0.800003;2.15533;0.151746;8.69439;0.967855;0.749299
1.96837;0.5388;2.04078;0.113089;6.4795;0.844101;0.783142
1.76727;0.500719;1.83683;-0.00890963;-0.510484;0.778572;0.831316
2.01499;0.645057;2.11572;-0.0337273;-1.93243;0.793397;0.80436
1.93871;0.548793;2.01489;0.033967;1.94617;0.843339;0.765158
1.99598;0.46458;2.04933;0.047168;2.70253;0.830973;0.769361
1.80244;0.18283;1.81169;0.127597;7.31075;0.795399;0.799698
2.06365;0.511959;2.12621;-0.142085;-8.1409;0.731142;0.993541
1.89625;0.600593;1.98909;-0.0635557;-3.64147;0.760173;0.866445
1.89238;0.416716;1.93772;0.0899827;5.15563;0.777525;0.83562
1.68349;1.0177;1.96719;-0.326987;-18.7349;0.731051;1.01723
1.83786;0.889336;2.04173;0.0930513;5.33145;0.959433;0.739899
1.77059;0.866469;1.97123;-0.00442225;-0.253376;0.86042;0.768117
1.75145;0.662841;1.87268;0.0933118;5.34637;0.857773;0.774183
1.817;0.821198;1.99396;-0.0626824;-3.59144;0.774252;0.893792
1.75536;0.947775;1.99489;-0.0706046;-4.04534;0.781336;0.882643
1.71011;1.00417;1.98314;-0.0358745;-2.05546;0.801875;0.8513
1.73754;1.13276;2.07417;-0.0467751;-2.68001;0.813812;0.842201
1.65724;1.08192;1.97914;-0.000641039;-0.0367288;0.852508;0.811247
1.72116;1.01673;1.99903;0.0448024;2.56699;0.874357;0.800026
1.79251;0.978511;2.0422;0.0338879;1.94163;0.859844;0.806262
1.81015;0.896852;2.02015;0.0396749;2.27321;0.85829;0.799384
1.69756;0.802235;1.87758;0.0185332;1.06187;0.851611;0.793838
1.8453;0.766156;1.99803;0.0479367;2.74657;0.862191;0.780283
1.86819;0.785169;2.02648;-0.00433277;-0.24825;0.840755;0.787619
1.93922;0.728376;2.0715;0.0385691;2.20985;0.862248;0.77118
2.06394;0.771716;2.2035;0.00149017;0.0853806;0.840477;0.783566
1.9699;0.584924;2.0549;0.0691702;3.96316;0.847276;0.779722
1.84774;0.58913;1.93939;-0.0200094;-1.14645;0.795437;0.836637
1.8341;0.525926;1.90801;0.0293926;1.68407;0.798099;0.836534
1.7246;0.929161;1.95898;-0.214923;-12.3142;0.771182;0.898295
1.859;0.732246;1.99802;0.118949;6.81528;0.934138;0.749849
1.79939;0.673728;1.92139;0.0169684;0.972215;0.817198;0.819617
1.86679;0.793588;2.02847;-0.0437002;-2.50384;0.786956;0.868069
1.71499;1.14703;2.06322;-0.187536;-10.745;0.792027;0.86923
1.9378;0.929638;2.14925;0.142189;8.14684;0.997122;0.761678
2.00306;0.916263;2.20268;0.0182914;1.04802;0.85855;0.93076
1.67802;1.11554;2.01499;-0.157691;-9.03503;0.869409;1.1989
1.58393;1.21363;1.99543;-0.0670883;-3.84388;1.06597;1.13094
1.47331;1.32154;1.97916;-0.0773519;-4.43194;1.12596;1.3272
1.1383;1.81648;2.14367;-0.279861;-16.0349;1.08869;1.69906
1.19034;1.71272;2.08575;0.0475747;2.72583;1.15937;1.23226
0.36471;2.02451;2.0571;-0.429127;-24.5872;0.959728;3.0458
0.244167;1.80078;1.81726;-0.0434674;-2.4905;1.02152;1.08745
-0.0125867;2.05507;2.0551;-0.140893;-8.07255;0.893509;1.21872
-0.334062;2.10573;2.13207;-0.151208;-8.6636;0.821951;1.12448
-0.580972;1.83914;1.92872;-0.14864;-8.51645;0.815281;0.981507
-0.508794;1.92927;1.99523;0.0481205;2.7571;0.923106;0.849325
-0.414912;1.90011;1.94488;0.0428653;2.456;0.908938;0.874317
-0.551616;1.9483;2.02488;-0.0609187;-3.49038;0.947412;0.891579
-0.333646;2.01059;2.03809;0.11146;6.38621;1.35361;0.822961
0.141081;2.03931;2.04418;0.233516;13.3795;1.42895;0.880926
-0.0989589;1.94514;1.94766;-0.119902;-6.86986;1.18486;1.38168
0.124309;1.75515;1.75955;0.121538;6.96362;1.86041;1.34409
0.0577449;1.92201;1.92288;-0.040672;-2.33034;1.86509;2.27599
-0.310975;2.04163;2.06518;-0.18119;-10.3814;2.15323;2.91114
-0.522613;1.9485;2.01737;-0.110891;-6.35359;2.03891;2.58183
-0.879331;1.84002;2.03934;-0.183758;-10.5286;1.51233;2.50638
-1.25344;1.66932;2.08752;-0.198253;-11.359;1.25587;1.90531
-0.998784;1.73214;1.99947;0.121008;6.93322;1.66759;1.29776
-0.939003;1.5764;1.83487;-0.014176;-0.812223;1.33124;1.57241
-1.31816;1.77722;2.21271;-0.10094;-5.78342;1.38977;1.50517
-0.630478;2.04522;2.1402;0.33914;19.4313;1.88508;1.17625
-1.37163;1.74265;2.2177;-0.367797;-21.0732;0.981505;2.30506
-0.957534;2.09427;2.30279;0.237983;13.6354;2.07614;1.10531
-1.04046;1.85551;2.12731;-0.0822138;-4.71051;1.29738;1.58446
-0.911779;1.79452;2.01287;0.0409533;2.34645;1.56058;1.32688
-0.765548;1.78978;1.94663;0.0659153;3.77667;1.47029;1.39679
-1.30774;2.0438;2.42637;-0.165026;-9.45532;1.28385;1.609
-0.671871;1.96682;2.07841;0.240036;13.753;1.87715;1.13324
-1.26653;1.77042;2.1768;-0.2918;-16.7189;1.15761;1.93277
-0.70096;1.88151;2.00784;0.264353;15.1463;2.00026;1.068
-1.22384;1.71409;2.10615;-0.26343;-15.0934;1.18706;2.21702
-0.946127;1.81466;2.0465;0.139448;7.98976;1.71815;1.32723
-1.62097;1.34069;2.10356;-0.399149;-22.8696;1.25375;2.79734
-1.18793;1.8074;2.16284;0.298293;17.0909;2.21532;1.22332
-2.26694;0.903221;2.44025;-0.610182;-34.9608;1.28361;7.6314
-1.69278;1.24455;2.10105;0.254814;14.5997;2.76296;1.34878
-2.36102;0.0313378;2.36123;-0.620695;-35.5632;1.80485;7.85843
-2.00627;0.658889;2.1117;0.304044;17.4205;2.32144;1.22535
-2.299;-0.654243;2.39028;-0.594565;-34.0661;1.28159;6.99033
-2.25677;0.0312878;2.25698;0.291112;16.6795;2.04498;1.22631
-1.91554;-1.45013;2.40253;-0.66185;-37.9212;1.12055;5.38863
-2.14138;-0.378424;2.17456;0.473073;27.1051;2.62987;0.903768
-1.7956;-1.60016;2.40514;-0.552996;-31.6843;1.04175;4.20765
-1.93508;-0.808136;2.09705;0.332302;19.0395;2.29335;1.00788
-1.49171;-1.54354;2.14656;-0.406865;-23.3116;1.11155;2.57463
-2.05739;-0.993743;2.28482;0.352508;20.1972;2.39539;1.00657
-1.397;-1.64606;2.15896;-0.417099;-23.898;1.07998;2.55036
-1.94081;-1.15676;2.25939;0.329576;18.8833;2.61767;0.9882
-1.42329;-1.5169;2.08008;-0.27974;-16.0279;1.18955;2.09941
-1.86916;-1.08303;2.16026;0.292076;16.7347;2.14766;1.12044
-1.08163;-1.69247;2.00858;-0.476986;-27.3293;1.09527;2.41459
-2.05615;-0.895359;2.24263;0.591444;33.8872;3.71895;0.900639
-1.43626;-2.11161;2.55377;-0.56281;-32.2466;0.935676;3.63961
-2.0072;-1.02969;2.2559;0.499511;28.6199;3.32766;0.948531
-1.34111;-1.94011;2.35852;-0.491971;-28.1878;1.0023;2.95169
-2.0961;-0.896661;2.27983;0.561743;32.1855;3.3662;0.949997
-1.39372;-2.02934;2.46184;-0.564776;-32.3593;0.922484;3.89346
-2.02779;-1.06063;2.28842;0.487077;27.9075;3.21753;0.962155
-1.37041;-1.65328;2.1474;-0.396761;-22.7327;1.00517;3.13054
-1.78478;-1.16207;2.12975;0.301531;17.2764;2.25052;1.13793
-1.24792;-1.86903;2.24735;-0.404942;-23.2015;1.10707;2.55016
-1.90505;-1.12319;2.21151;0.449363;25.7466;3.02462;0.971283
-1.19263;-1.85667;2.20671;-0.467092;-26.7624;1.0408;3.08504
-1.90129;-1.20413;2.25052;0.435256;24.9383;2.98711;0.978825
-1.12727;-1.88737;2.19838;-0.467823;-26.8043;1.0541;3.04473
-1.90376;-1.23103;2.2671;0.458384;26.2635;3.01949;0.968142
-1.08124;-1.88589;2.17386;-0.476214;-27.2851;1.0215;3.42168
-1.78166;-1.39036;2.25996;0.387557;22.2054;2.69705;1.0113
-1.00497;-2.10368;2.3314;-0.46247;-26.4976;1.0694;3.14512
-1.79235;-1.44681;2.30342;0.446005;25.5542;2.88676;0.972524
-0.82734;-2.15298;2.30648;-0.524795;-30.0686;1.01512;3.84867
-1.6978;-1.52956;2.28519;0.4706;26.9634;2.89166;0.977096
-0.58058;-2.30304;2.37509;-0.59053;-33.8349;0.981642;4.26448
-1.53466;-1.76121;2.33603;0.46982;26.9187;3.28954;0.926841
-0.521567;-2.16427;2.22623;-0.480287;-27.5184;1.04416;3.45928
-1.42542;-1.7531;2.25947;0.44619;25.5648;2.84312;1.0042
-0.356463;-2.29037;2.31794;-0.528274;-30.2679;0.984997;3.74314
-1.48729;-1.6863;2.24848;0.568375;32.5655;3.20137;0.975392
-0.236281;-2.49168;2.50286;-0.628228;-35.9948;0.885431;4.96504
-1.43741;-1.91024;2.39065;0.550539;31.5436;3.59187;0.978316
-0.24615;-2.50604;2.5181;-0.547175;-31.3508;0.917901;4.06201
-1.38556;-1.90651;2.35681;0.530545;30.398;3.64492;1.00521
-0.0769965;-2.29783;2.29912;-0.594957;-34.0885;0.941425;3.58111
-1.35958;-1.95785;2.38362;0.573477;32.8578;4.9973;0.898897
-0.395221;-2.16764;2.20338;-0.426626;-24.4438;1.08239;2.83232
-1.5296;-1.82594;2.38196;0.516967;29.62;3.46935;0.973976
-0.436612;-2.36109;2.40112;-0.514459;-29.4763;0.980293;3.80484
-1.51176;-1.72993;2.29741;0.535342;30.6728;3.39628;0.988533
-0.297769;-2.07608;2.09732;-0.575739;-32.9874;0.951918;4.09951
-1.50147;-1.79074;2.33691;0.555303;31.8165;3.97911;0.985872
-0.230557;-2.26933;2.28101;-0.596511;-34.1775;0.959645;3.54885
-1.74651;-1.71645;2.44877;0.692829;39.6962;6.30106;0.916056
-0.578422;-2.20654;2.2811;-0.537708;-30.8084;0.927741;3.47541
-1.78436;-1.60411;2.3994;0.582173;33.3561;5.39084;1.01108
-0.595238;-2.13306;2.21455;-0.566413;-32.4531;1.03738;2.76195
-2.028;-1.37045;2.44764;0.704391;40.3587;8.52219;0.895109
-1.47879;-1.63893;2.20746;-0.242443;-13.891;1.14057;2.47411
-2.08318;-0.964015;2.29542;0.403302;23.1075;2.74106;1.30082
-1.37769;-1.86507;2.31873;-0.501166;-28.7147;0.958261;3.17831
-2.47501;-0.899406;2.63336;0.586023;33.5766;5.15324;0.989291
-1.54378;-1.60281;2.22537;-0.455599;-26.1039;1.02483;2.97852
-2.3194;-0.600233;2.39581;0.550925;31.5657;4.53727;0.999094
-1.6659;-1.48861;2.2341;-0.476024;-27.2742;1.01911;3.17209
-2.1316;-0.141006;2.13626;0.663202;37.9987;4.37196;0.989873
-2.21775;-1.25298;2.54723;-0.448215;-25.6809;0.858059;4.84738
-1.98104;-0.643341;2.08289;0.200265;11.4743;2.22121;1.46332
-1.86101;-1.06027;2.14185;-0.20386;-11.6803;1.32223;2.28208
-1.83397;-0.488884;1.89801;0.257351;14.7451;2.62458;1.30261
-1.75755;-0.980928;2.01276;-0.248543;-14.2405;1.32283;2.30904
-1.8594;-0.199617;1.87008;0.402111;23.0393;2.86897;1.20853
-1.81135;-1.3538;2.26136;-0.534888;-30.6468;1.03388;3.34179
-2.35702;-0.12433;2.36029;0.589134;33.7549;4.69909;0.935433
-1.87978;-1.37462;2.32877;-0.578701;-33.1571;1.02723;3.56106
-2.23259;-0.135466;2.23669;0.570798;32.7043;4.90432;0.9032
-1.94603;-1.04209;2.20748;-0.431037;-24.6966;1.12842;3.15535
-2.51862;-0.289743;2.53523;0.377103;21.6064;3.26523;1.05538
-1.85305;-1.1372;2.17417;-0.43589;-24.9747;1.17562;2.50458
-2.20501;-0.153492;2.21034;0.480929;27.5552;2.6945;0.912315
-1.81297;-0.642822;1.92356;-0.271241;-15.541;0.9544;1.44917
-1.91703;-0.63973;2.02096;0.018651;1.06862;0.906327;0.858519
-1.99728;-0.582687;2.08054;0.0382264;2.19021;0.750044;0.739039
-1.67959;-0.644532;1.79901;-0.0825526;-4.72991;0.707459;0.705727
-2.03257;-0.235722;2.0462;0.250958;14.3788;2.2376;1.42308
-1.69879;-1.13218;2.0415;-0.472406;-27.0669;1.17796;3.3045
-2.12412;-0.211219;2.1346;0.48875;28.0033;3.81394;0.993098
-2.12405;-1.31428;2.49778;-0.454987;-26.0688;1.13427;3.63039
-2.30747;-0.231989;2.3191;0.453898;26.0064;3.31466;1.0807
-1.91986;-1.27575;2.30509;-0.486301;-27.863;1.06229;3.9821
-2.35176;-0.06355;2.35262;0.559486;32.0562;3.19955;1.12446
-1.86211;-1.91462;2.67081;-0.772286;-44.2487;0.891087;5.61598
-2.33373;-0.507679;2.38831;0.585099;33.5237;5.45295;0.915522
-1.66924;-1.13314;2.01752;-0.38218;-21.8973;1.28979;3.13381
-1.85405;-0.331846;1.88351;0.419274;24.0226;3.46762;1.43438
-1.88829;-1.15131;2.21159;-0.370423;-21.2237;1.25751;3.07984
-2.20964;-0.375092;2.24125;0.379382;21.737;3.36677;1.50566
-1.95818;-0.843778;2.13224;-0.238707;-13.6769;1.32161;2.45403
-2.07675;-0.133666;2.08104;0.342582;19.6285;2.42177;1.36835
-1.75059;-1.2533;2.15298;-0.557063;-31.9174;1.06937;3.01444
-2.41879;-0.108428;2.42121;0.57654;33.0333;4.50766;0.915037
-1.97742;-1.00537;2.21832;-0.425566;-24.3831;1.1003;2.92274
-2.26137;0.0965869;2.26343;0.513049;29.3956;3.09648;1.0384
-2.04321;-1.14254;2.34096;-0.552558;-31.6592;0.94011;3.87903
-2.29727;-0.0855246;2.29886;0.47266;27.0814;3.23445;1.02103
-1.97148;-1.0143;2.2171;-0.437957;-25.0931;1.03531;3.26495
-2.02234;-0.0739254;2.02369;0.438631;25.1317;2.72403;1.10398
-1.82876;-1.2032;2.18908;-0.545393;-31.2487;1.00416;3.63355
-2.37728;-0.352529;2.40328;0.434713;24.9072;3.24649;0.970278
-1.84767;-1.17759;2.19103;-0.420206;-24.076;1.15205;3.01476
-2.12375;-0.29867;2.14465;0.427707;24.5058;2.75346;1.05362
-1.59033;-1.33068;2.07361;-0.557022;-31.915;1.0542;3.8808
-2.21354;-0.494925;2.26819;0.476767;27.3167;3.07333;0.973926
-1.69778;-1.57883;2.31844;-0.52914;-30.3175;1.05508;4.04306
-2.21099;-0.480249;2.26254;0.535225;30.6661;2.72335;1.05446
-1.52497;-1.83361;2.38489;-0.663149;-37.9956;0.918277;5.75608
-1.92238;-0.979227;2.15742;0.405912;23.257;2.69546;1.07483
-1.31304;-1.80156;2.22928;-0.469853;-26.9206;1.08691;3.64107
-1.82577;-1.1403;2.15261;0.382698;21.927;2.60683;1.11277
-1.1204;-1.95336;2.25187;-0.491755;-28.1755;1.10203;3.67478
-1.71364;-1.32947;2.16888;0.390213;22.3576;2.74994;1.06899
-1.03969;-1.83424;2.10841;-0.395308;-22.6495;1.13742;3.53707
-1.40036;-1.40715;1.98521;0.267314;15.316;2.1739;1.3255
-0.717691;-2.11159;2.23023;-0.455348;-26.0895;1.1651;3.19274
-1.63451;-1.7966;2.42887;0.410559;23.5233;2.88758;1.03538
-0.428072;-2.14944;2.19165;-0.541608;-31.0319;1.10428;3.41545
-1.30516;-1.9704;2.36345;0.388447;22.2564;3.43218;0.942905
-0.659321;-1.97608;2.08317;-0.262993;-15.0684;1.36491;2.37406
-1.4423;-1.93427;2.4128;0.318676;18.2588;2.32002;1.2604
-0.385222;-2.22392;2.25704;-0.469198;-26.883;1.07442;3.3175
-1.27661;-1.76886;2.18141;0.453634;25.9913;2.9281;1.07349
-0.336299;-2.16564;2.19159;-0.471092;-26.9916;1.04264;3.46291
-1.11157;-1.93913;2.23513;0.366446;20.9958;2.82489;1.12067
-0.253128;-2.16319;2.17795;-0.404018;-23.1485;1.18341;2.77506
-1.14244;-1.88828;2.20698;0.427614;24.5005;3.05704;1.06586
-0.144544;-2.01838;2.02355;-0.472609;-27.0785;1.13057;3.00446
-1.23885;-1.90326;2.27094;0.505524;28.9644;3.36051;1.01447
-0.209615;-2.36176;2.37105;-0.488494;-27.9887;1.05951;3.32985
-1.19496;-1.91347;2.25595;0.469719;26.9129;3.23038;1.04802
-0.220431;-2.11125;2.12273;-0.454209;-26.0243;1.09311;3.12744
-1.21855;-1.92356;2.27704;0.460647;26.3932;3.14406;1.08608
-0.203527;-2.12932;2.13903;-0.469385;-26.8938;1.07983;3.18003
-1.12133;-1.92566;2.22835;0.432015;24.7526;3.24501;1.07106
-0.352932;-2.34389;2.37032;-0.377856;-21.6496;1.18606;2.80737
-0.942383;-2.0645;2.26941;0.27877;15.9723;2.85308;1.12962
-0.74449;-1.9633;2.09972;-0.0657711;-3.76841;1.48814;2.12671
-0.484087;-1.94555;2.00487;-0.118586;-6.79448;1.60456;1.93444
-0.826553;-1.78701;1.9689;0.189364;10.8498;2.08177;1.46627
-0.285165;-2.20182;2.22021;-0.304432;-17.4427;1.31907;2.50705
-0.811718;-1.91836;2.08302;0.27149;15.5553;2.59862;1.2082
-0.300445;-2.17123;2.19192;-0.262785;-15.0565;1.38064;2.32753
-0.949402;-1.89447;2.11905;0.32706;18.7391;2.52087;1.24597
-0.182183;-2.33383;2.34093;-0.386658;-22.1539;1.1871;2.83817
-1.06869;-1.86539;2.14983;0.442356;25.3452;2.89874;1.14735
0.0239163;-2.28;2.28013;-0.530749;-30.4097;1.07765;3.31098
-1.01553;-2.04269;2.2812;0.471859;27.0355;3.63047;1.01541
-0.145541;-2.13906;2.144;-0.393434;-22.5421;1.24843;2.64871
-1.03475;-1.96613;2.2218;0.41652;23.8648;3.26665;1.1025
-0.538499;-2.03136;2.10152;-0.225323;-12.91;1.25494;2.57588
-0.847149;-1.97016;2.14457;0.146957;8.42004;2.10528;1.55286
-0.809625;-1.8359;2.0065;0.00925034;0.530005;1.53555;2.05282
-0.546829;-1.96717;2.04176;-0.144208;-8.26248;1.5593;2.06654
-1.08424;-2.03832;2.30875;0.217731;12.4751;2.70791;1.45825
-0.943999;-1.82786;2.05723;-0.012142;-0.695688;1.82996;1.98124
-1.08115;-1.61249;1.94139;0.11392;6.52715;2.34046;1.81696
-1.17089;-1.65289;2.02559;0.0256933;1.47212;2.17504;2.09305
-1.11256;-1.3523;1.75114;0.0721027;4.13118;2.57262;2.11442
-1.34569;-1.41082;1.94969;0.0733377;4.20194;2.60584;2.31809
-1.38512;-1.44973;2.00506;0.000834776;0.0478292;2.56211;2.52845
-1.70692;-1.31278;2.15336;0.152577;8.74201;2.65711;2.3972
-1.32879;-1.4325;1.9539;-0.167327;-9.58715;2.03635;2.93571
-1.46879;-1.35379;1.99752;0.0782563;4.48375;2.22412;2.07673
-1.35299;-1.56837;2.07132;-0.11431;-6.54949;1.76548;2.19453
-1.76474;-1.3364;2.21365;0.210848;12.0807;2.11608;1.62386
-1.22864;-1.6551;2.06128;-0.284077;-16.2764;1.27228;2.40369
-1.6188;-1.28785;2.06859;0.260192;14.9079;2.17377;1.26304
-1.40671;-1.53326;2.0808;-0.156388;-8.96035;1.17495;1.6349
-1.11289;-1.45731;1.83366;-0.090196;-5.16785;1.16493;1.05748
-1.29562;-1.50931;1.98913;0.0571753;3.2759;0.972689;0.824709
-1.57019;-1.56267;2.21527;0.0784349;4.49399;0.773088;0.735184
-2.0905;-0.927699;2.2871;0.365341;20.9325;2.90908;1.11599
-1.54738;-1.44967;2.12036;-0.335148;-19.2026;1.24335;2.58489
-2.07394;-0.699984;2.18889;0.427299;24.4824;2.78394;1.24683
-1.59389;-1.6512;2.29499;-0.47755;-27.3616;1.05452;3.21694
-2.10903;-0.748557;2.23793;0.461999;26.4706;3.43529;1.15174
-1.61703;-1.41032;2.14564;-0.376163;-21.5526;1.18399;2.70108
-2.10258;-0.559058;2.17563;0.457344;26.2039;3.13896;1.18055
-1.7357;-1.17155;2.09409;-0.333852;-19.1283;1.1189;2.9653
-1.76371;-0.779445;1.92827;0.177604;10.176;2.32481;1.4035
-1.86426;-1.02912;2.12945;-0.0882724;-5.05764;1.57434;1.99229
-1.99805;-0.933947;2.20556;0.0671469;3.84724;1.93073;1.63438
-1.83395;-1.21616;2.20055;-0.148303;-8.49715;1.64845;1.92403
-2.04141;-0.266224;2.0587;0.455876;26.1198;2.42609;1.34788
-1.97759;-1.41976;2.43445;-0.492976;-28.2455;0.946699;4.14492
-2.05627;-0.762302;2.19302;0.267642;15.3348;2.43166;1.40136
-1.47372;-1.3022;1.96661;-0.368675;-21.1235;1.32667;2.3907
-2.23157;-0.431868;2.27297;0.532525;30.5114;3.66033;1.09498
-1.62841;-1.35046;2.11553;-0.501197;-28.7165;1.08817;3.02213
-2.22596;-0.630666;2.31358;0.416273;23.8507;3.85568;1.06783
-1.5698;-0.954887;1.83741;-0.270403;-15.4929;1.50667;2.06418
-2.36355;-0.387257;2.39507;0.384088;22.0066;3.14485;1.14951
-1.97508;-0.882182;2.16314;-0.257667;-14.7632;1.29432;2.41768
-1.95355;-0.159833;1.96008;0.338435;19.3909;2.47406;1.34444
-1.88699;-0.703952;2.01402;-0.27543;-15.781;1.15084;2.77634
-1.91514;-0.334176;1.94408;0.184313;10.5603;2.13819;1.51381
-1.86385;-0.924218;2.08041;-0.287582;-16.4772;1.41756;2.17617
-2.30664;-0.185071;2.31405;0.380272;21.788;3.06626;1.14822
-1.92601;-0.785801;2.08015;-0.307316;-17.6079;1.29138;2.46719
-2.12499;-0.0758205;2.12634;0.351713;20.1517;2.63515;1.255
-1.85847;-0.764637;2.00962;-0.354659;-20.3205;1.19321;2.82264
-2.05759;-0.212179;2.0685;0.287567;16.4764;2.5478;1.30094
-1.95686;-0.753031;2.09675;-0.264591;-15.16;1.33012;2.4792
-2.00772;-0.156175;2.01378;0.289718;16.5996;2.3594;1.37714
-1.89885;-1.08314;2.18605;-0.440754;-25.2534;1.23542;2.72338
-2.20092;-0.0327546;2.20117;0.503504;28.8487;3.44184;1.05473
-2.03424;-0.935564;2.23907;-0.416182;-23.8455;1.15239;3.04373
-2.15589;-0.419842;2.19639;0.238729;13.6781;2.7688;1.21471
-1.82051;-0.520472;1.89345;-0.0861313;-4.93496;1.63673;1.93583
-1.96772;-0.40483;2.00893;0.0755614;4.32935;1.94116;1.61695
-1.83537;-0.495794;1.90116;-0.0609314;-3.49111;1.61505;1.94809
-1.87441;-0.547482;1.95273;-0.0203418;-1.1655;1.82908;1.72006
-1.96528;-0.291415;1.98677;0.136968;7.84771;1.97778;1.61231
-1.84666;-0.570369;1.93274;-0.152361;-8.72964;1.45014;2.18594
-1.7624;-0.181811;1.77175;0.196772;11.2742;2.16133;1.54131
-1.99282;-0.669932;2.10241;-0.221507;-12.6914;1.41188;2.24603
-2.12482;-0.147859;2.12995;0.254829;14.6006;2.67784;1.34546
-2.00129;-0.391043;2.03913;-0.12349;-7.07545;1.54558;2.05065
-2.03422;0.013319;2.03427;0.199512;11.4312;2.2263;1.50711
-2.01644;-0.409893;2.05768;-0.207091;-11.8654;1.4364;2.20394
-1.96497;0.0174742;1.96504;0.209436;11.9998;2.50147;1.36599
-2.08951;-0.370316;2.12207;-0.184298;-10.5595;1.59856;1.97692
-2.32237;0.500328;2.37565;0.387601;22.2079;2.63327;1.28294
-2.15973;-0.791125;2.30006;-0.563324;-32.2761;1.10329;3.10545
-2.36911;0.448383;2.41117;0.538178;30.8353;4.0752;0.976423
-2.12087;-0.288743;2.14043;-0.322362;-18.47;1.25086;2.72619
-2.09426;0.229464;2.10679;0.244445;14.0056;2.37392;1.34296
-2.01389;-0.331827;2.04104;-0.272435;-15.6094;1.36316;2.43832
-1.98296;0.305478;2.00635;0.316152;18.1142;2.37351;1.33563
-2.10637;-0.534693;2.17317;-0.401445;-23.0011;1.1971;2.95435
-2.16383;0.216698;2.17466;0.348408;19.9623;2.68981;1.21524
-2.10282;-0.489633;2.15908;-0.328582;-18.8264;1.26127;2.74988
-2.04543;0.0100261;2.04546;0.233671;13.3884;2.42228;1.33163
-2.03768;-0.410866;2.07869;-0.203868;-11.6808;1.45368;2.27453
-1.96288;-0.158937;1.9693;0.118172;6.77074;2.22488;1.45157
-1.92627;-0.168279;1.9336;-0.00634391;-0.363479;1.7251;1.86211
-1.88586;-0.0320794;1.88613;0.0701301;4.01816;1.70735;1.87711
-2.11773;-0.445308;2.16404;-0.190248;-10.9004;1.41839;2.28087
-2.05557;-0.0391946;2.05594;0.188191;10.7826;2.23732;1.47614
-1.96086;-0.316696;1.98627;-0.141061;-8.0822;1.48438;2.13416
-2.04358;0.0347832;2.04387;0.177145;10.1497;2.17161;1.53343
-1.99468;-0.277869;2.01394;-0.155433;-8.90566;1.49537;2.12508
-2.10241;0.331334;2.12836;0.294726;16.8865;2.34741;1.47076
-2.36209;-0.619654;2.44202;-0.412863;-23.6553;1.22122;2.65801
-2.19119;0.57069;2.26429;0.511339;29.2976;3.66939;1.09518
-2.13877;-0.273542;2.15619;-0.381993;-21.8866;1.19326;2.7837
-2.10733;0.585572;2.18718;0.398242;22.8176;2.90913;1.22986
-2.23826;-0.191313;2.24642;-0.356302;-20.4146;1.21229;2.73644
-2.10073;0.414162;2.14116;0.279922;16.0383;2.73662;1.25723
-2.03507;0.0723487;2.03636;-0.159119;-9.11687;1.48424;2.20729
-1.99626;0.431419;2.04234;0.177305;10.1588;2.04935;1.56632
-2.11477;-0.418421;2.15577;-0.408174;-23.3867;1.36171;2.5458
-2.33478;0.610834;2.41336;0.451222;25.8531;3.26249;1.04206
-2.07165;-0.31779;2.09588;-0.408101;-23.3825;1.24871;3.35192
-2.10589;0.258444;2.12169;0.274327;15.7178;2.43541;1.32103
-2.13102;-0.541692;2.19879;-0.371036;-21.2588;1.32995;3.36425
-2.12569;0.173571;2.13277;0.330395;18.9302;2.24754;1.47799
-2.33611;-1.05892;2.5649;-0.507055;-29.0521;1.13219;5.32716
-1.93695;-0.533615;2.00911;0.156758;8.98158;2.05998;1.52651
-1.85963;-1.0595;2.14028;-0.249047;-14.2693;1.3529;2.74402
-1.64112;-1.12579;1.99014;-0.0833908;-4.77794;1.75933;1.62521
-1.816;-0.916653;2.03423;0.133808;7.66664;1.96874;1.39855
-1.55761;-1.27745;2.01445;-0.219446;-12.5733;1.39042;2.13897
-1.74768;-0.994762;2.01095;0.169442;9.70832;2.09483;1.3202
-1.50386;-1.34145;2.01521;-0.210923;-12.085;1.3982;2.11408
-1.78424;-1.29115;2.2024;0.101962;5.84198;2.0965;1.32843
-1.50485;-1.30003;1.98863;-0.0860879;-4.93247;1.61205;1.79876
-1.61194;-0.873487;1.83339;0.215913;12.3709;1.81045;1.56102
-1.2474;-1.82047;2.20684;-0.473473;-27.128;1.11482;3.22378
-1.98962;-1.06857;2.25841;0.477204;27.3418;2.79953;1.06346
-1.09754;-2.13618;2.40164;-0.603321;-34.5677;1.00518;3.87781
-1.86057;-1.27532;2.2557;0.495293;28.3782;3.65715;0.960059
-1.18124;-1.80498;2.15715;-0.39042;-22.3694;1.15227;2.82688
-1.87589;-1.31166;2.28898;0.381107;21.8358;2.72628;1.15124
-1.20633;-1.78214;2.15204;-0.365539;-20.9439;1.1187;2.79021
-1.86993;-1.12934;2.1845;0.432425;24.7761;2.64245;1.21402
-1.14885;-1.92931;2.24546;-0.490395;-28.0976;0.992772;3.27158
-2.05086;-1.26838;2.41139;0.479825;27.4919;3.39092;1.10045
-1.22842;-1.7973;2.177;-0.417357;-23.9128;1.06856;2.82699
-1.94957;-1.04945;2.21408;0.477427;27.3546;3.30493;1.12161
-1.30725;-1.64629;2.10218;-0.40587;-23.2547;1.06572;2.9264
-1.87475;-0.996478;2.12312;0.411138;23.5565;3.00589;1.17368
-1.3775;-1.72032;2.20386;-0.407066;-23.3231;1.13914;2.69224
-1.98885;-0.972213;2.21376;0.44094;25.264;3.35968;1.08408
-1.48234;-1.5944;2.17702;-0.367131;-21.035;1.16307;2.70477
-2.07855;-0.837215;2.24082;0.438897;25.1469;2.85176;1.14826
-1.43094;-1.94041;2.41097;-0.552473;-31.6544;1.0325;3.44138
-2.01998;-0.664156;2.12636;0.617722;35.3928;4.09608;0.961766
-1.19594;-1.84436;2.19817;-0.677866;-38.8388;0.980807;4.12753
-2.22887;-0.852937;2.3865;0.630041;36.0987;5.0651;0.89758
-1.5117;-1.93427;2.45492;-0.541931;-31.0504;1.04831;3.61231
-2.0842;-0.860462;2.25484;0.51588;29.5577;3.7676;0.990766
-1.62916;-1.73217;2.37794;-0.424498;-24.3219;1.07038;3.44712
-1.74872;-0.909711;1.97119;0.336344;19.2711;2.69324;1.22457
-1.34529;-1.58435;2.07845;-0.387129;-22.1808;1.17336;2.79355
-2.03996;-0.809861;2.19484;0.488902;28.012;3.26845;1.14298
-1.42674;-1.81822;2.31117;-0.527545;-30.2261;0.97659;3.67783
-2.33149;-0.737683;2.44541;0.599027;34.3217;4.18434;1.08819
-1.37767;-1.68143;2.17374;-0.577939;-33.1134;0.895639;4.04245
-2.02987;-0.81907;2.18889;0.500844;28.6963;4.6888;1.1119
-1.58543;-1.51713;2.19437;-0.379862;-21.7645;1.19356;2.56766
-2.25176;-0.508471;2.30845;0.541304;31.0144;4.40044;1.09285
-1.5423;-1.49035;2.14472;-0.546185;-31.2941;1.06978;3.24897
-2.3989;-0.39051;2.43048;0.606899;34.7728;4.9137;0.94976
-1.80491;-1.48309;2.33608;-0.526459;-30.1639;1.07514;4.10506
-2.21857;-0.39513;2.25348;0.511577;29.3112;3.31263;1.02519
-1.57127;-1.703;2.31713;-0.649357;-37.2054;1.02373;5.21952
-2.17121;-0.617119;2.2572;0.548684;31.4373;3.87378;0.951093
-1.53641;-1.83747;2.39517;-0.597469;-34.2325;1.03987;4.42039
-2.36753;-0.541882;2.42875;0.649389;37.2073;4.13064;0.960363
-1.81042;-1.90997;2.63165;-0.587144;-33.6409;0.900719;5.85742
-1.98413;-0.87791;2.16968;0.395579;22.665;2.97978;1.19754
-1.32959;-1.64089;2.11195;-0.473245;-27.1149;1.10101;3.31622
-2.18767;-0.801724;2.32995;0.53854;30.8561;4.0635;1.03134
-1.44808;-1.58287;2.14532;-0.478563;-27.4196;1.02929;3.82408
-2.0591;-0.914357;2.25298;0.411937;23.6023;3.43337;1.11794
-1.49578;-1.6249;2.20854;-0.408849;-23.4253;1.17898;2.99917
-2.06171;-0.773232;2.20194;0.467941;26.811;3.68071;1.06282
-1.61151;-1.63053;2.29251;-0.432455;-24.7779;1.11354;3.43003
-2.21836;-0.923041;2.40274;0.396964;22.7443;3.33947;1.10392
-1.57103;-1.61424;2.25253;-0.40466;-23.1853;1.17909;3.1912
-2.08842;-0.586331;2.16916;0.525253;30.0948;3.33556;1.10024
-1.56534;-1.79428;2.38112;-0.579729;-33.216;0.954019;5.12336
-2.16982;-0.95255;2.3697;0.439769;25.1969;3.59903;1.09474
-1.31951;-1.73142;2.1769;-0.505931;-28.9877;1.11378;3.53963
-2.14227;-0.599816;2.22466;0.646599;37.0474;5.00798;1.03255
-1.49072;-1.8797;2.39907;-0.6273;-35.9416;0.922632;5.09322
-2.31013;-0.777555;2.43748;0.575626;32.9809;6.54808;1.26102
-1.58937;-1.55029;2.22025;-0.448278;-25.6845;1.21919;3.48029
-2.22228;-0.573208;2.29501;0.520518;29.8235;10.1006;1.39958
-1.96259;-0.260678;1.97982;0.120384;6.89752;2.86169;2.47168
-1.99048;-0.041346;1.99091;0.111282;6.37597;3.33309;2.71075
-1.99276;0.405488;2.0336;0.221509;12.6915;4.28195;2.77122
-2.12139;0.370515;2.1535;-0.0278275;-1.5944;3.57323;3.00921
-1.78116;1.3873;2.25768;0.488816;28.0071;7.88673;2.11742
-1.61488;1.17089;1.9947;-0.0343794;-1.9698;2.29084;2.42358
-1.14529;1.82621;2.15563;0.383308;21.962;3.85596;1.67993
-1.53219;1.49727;2.14229;-0.236785;-13.5668;1.41074;2.63359
-0.67931;2.14958;2.25437;0.490836;28.1228;3.96522;1.31171
-1.49397;2.02082;2.5131;-0.330523;-18.9376;1.05408;3.59935
-0.412954;2.20007;2.23849;0.451069;25.8443;2.92405;1.38744
-1.40123;1.74199;2.23562;-0.491865;-28.1818;0.935337;4.69462
-0.539016;1.91186;1.98639;0.402607;23.0677;3.27561;1.24982
-1.28683;1.46701;1.95142;-0.445266;-25.5119;1.13611;3.50611
-0.244942;2.255;2.26827;0.611868;35.0575;3.9051;1.09185
-1.66065;1.83237;2.47292;-0.628079;-35.9863;0.882622;6.07593
-0.509895;2.14448;2.20427;0.50284;28.8106;3.68748;1.13044
-1.55399;1.62061;2.24528;-0.53098;-30.4229;1.00328;4.55269
-0.60314;2.19487;2.27623;0.496239;28.4324;3.77315;1.10706
-1.75559;1.57027;2.35538;-0.572886;-32.8239;1.03343;4.39078
-0.516166;2.35253;2.40849;0.625075;35.8142;4.69181;0.984467
-1.6182;1.72013;2.36165;-0.538886;-30.8759;0.954087;5.42168
-0.65177;1.97565;2.08039;0.436214;24.9932;3.22371;1.26186
-1.90392;1.39393;2.35965;-0.620167;-35.5329;1.03809;4.39482
-0.673181;2.1138;2.21841;0.630512;36.1257;5.51043;0.919837
-1.62695;1.60063;2.28232;-0.485236;-27.802;1.087;4.2497
-0.615038;2.15509;2.24114;0.515552;29.539;3.56606;1.15423
-1.87596;1.55517;2.43676;-0.600622;-34.4131;0.970003;5.12736
-0.771628;2.20374;2.33492;0.541817;31.0438;4.25405;1.05695
-1.83394;1.47591;2.35407;-0.556348;-31.8764;1.03408;4.46327
-0.777794;2.28785;2.41645;0.565443;32.3975;4.39165;1.04413
-1.84745;1.62071;2.45759;-0.522973;-29.9642;1.00307;4.58993
-0.606496;2.27317;2.35269;0.58995;33.8016;3.78175;1.15427
-1.68086;1.55872;2.29236;-0.562351;-32.2203;0.883573;5.78701
-0.885631;1.83692;2.03927;0.373835;21.4192;3.20412;1.35385
-1.59923;1.47761;2.17735;-0.375655;-21.5234;1.18267;3.3951
-0.760417;2.19244;2.32056;0.491049;28.135;3.59934;1.24782
-1.8165;1.40664;2.29746;-0.578025;-33.1184;0.995037;4.46914
-0.746017;2.24272;2.36354;0.590752;33.8476;4.93888;1.04664
-1.74176;1.56554;2.34193;-0.517504;-29.6508;1.05195;4.2423
-0.561828;2.35308;2.41922;0.604255;34.6213;4.35266;1.11224
-1.81005;1.61185;2.4237;-0.608882;-34.8864;0.934084;5.16894
-0.621163;2.29016;2.37291;0.578398;33.1397;4.48697;1.11346
-1.75252;1.59688;2.37094;-0.566974;-32.4852;0.998784;4.52248
-0.700368;2.57994;2.67332;0.566754;32.4726;4.73928;1.08573
-1.61549;1.59958;2.27342;-0.525269;-30.0957;1.04944;4.1802
-0.827859;2.37863;2.51858;0.45542;26.0936;4.60798;1.11305
-1.38341;1.49438;2.03642;-0.411931;-23.6019;1.37465;2.983
-0.424443;2.32756;2.36594;0.566485;32.4572;4.77795;1.06334
-1.47356;1.77957;2.31047;-0.511234;-29.2916;1.09615;4.0019
-0.393393;2.28895;2.32251;0.521404;29.8743;4.53667;1.0948
-1.37919;1.72527;2.20879;-0.504175;-28.8871;1.16317;3.78129
-0.230596;2.33696;2.34831;0.576024;33.0037;4.70501;1.06134
-1.51274;2.01143;2.51679;-0.546473;-31.3106;1.08148;4.30812
-0.174064;2.37635;2.38271;0.571711;32.7566;4.58109;1.06012
-1.40807;1.9173;2.37881;-0.560327;-32.1043;1.07391;4.42073
-0.17907;2.13078;2.13829;0.549602;31.4899;4.47013;1.07129
-1.27707;1.89402;2.28435;-0.509399;-29.1864;1.12353;4.27818
-0.0494372;2.37221;2.37272;0.572405;32.7964;3.9578;1.16112
-1.46159;2.00613;2.4821;-0.608804;-34.8819;0.963012;5.46985
-0.315379;2.25525;2.2772;0.4907;28.1151;3.87746;1.18881
-1.54591;1.60152;2.22592;-0.628791;-36.0271;1.11675;4.26552
-0.391442;2.45122;2.48228;0.609376;34.9147;5.55341;0.941369
-1.09739;2.05133;2.32641;-0.332872;-19.0721;1.23594;3.88161
-0.56342;1.82842;1.91326;0.192314;11.0188;2.51771;1.63508
-1.07685;1.70661;2.01795;-0.263978;-15.1248;1.47406;2.52578
-0.709136;1.93811;2.06377;0.212131;12.1542;2.20253;1.24539
-0.77806;1.85742;2.0138;-0.0459273;-2.63144;1.19909;1.34695
-0.832228;1.7405;1.92924;-0.0493315;-2.82649;0.917605;0.947328
-0.950197;1.87114;2.09858;-0.0238621;-1.3672;0.760488;0.761909
-1.50254;1.3971;2.05171;-0.351862;-20.1602;1.53506;2.71584
-0.587087;2.13274;2.21207;0.553123;31.6916;4.16476;1.10145
-1.82699;1.54247;2.39105;-0.601017;-34.4357;1.06788;4.89156
-0.754974;2.20664;2.33222;0.539985;30.9388;4.49711;1.09524
-1.59919;1.59086;2.25571;-0.458355;-26.2618;1.1617;4.22849
-0.81609;2.05002;2.20648;0.40915;23.4426;3.58353;1.33289
-1.73408;1.48769;2.28479;-0.482867;-27.6662;1.24917;3.78442
-0.640017;2.1611;2.25388;0.5738;32.8763;4.59801;1.13016
-1.72279;1.5792;2.33707;-0.540932;-30.9931;1.10368;4.43878
-0.71228;2.17969;2.29312;0.513015;29.3936;4.38003;1.18022
-1.75684;1.66014;2.41713;-0.49785;-28.5247;1.19769;3.86831
-0.739149;2.23641;2.35539;0.494486;28.332;4.69026;1.13039
-1.39862;1.59924;2.12455;-0.399374;-22.8825;1.34653;3.3582
-0.632056;2.16049;2.25104;0.433969;24.8646;4.0911;1.24729
-1.1926;1.72449;2.0967;-0.320432;-18.3594;1.36424;3.2867
-0.560039;2.10806;2.18119;0.345375;19.7885;3.39963;1.46594
-1.18331;1.75995;2.12076;-0.332263;-19.0373;1.41323;3.19139
-0.489817;2.1766;2.23104;0.37058;21.2327;3.81497;1.36917
-1.12749;1.84486;2.16212;-0.327229;-18.7488;1.52029;2.9789
-0.184262;2.33554;2.34279;0.469847;26.9203;4.09858;1.28389
-1.11977;1.93076;2.23198;-0.446824;-25.6011;1.25968;3.66616
-0.0248569;2.30445;2.30458;0.51477;29.4942;4.39572;1.22151
-0.695002;2.09198;2.20441;-0.309964;-17.7596;1.22322;3.88408
-0.37244;1.91117;1.94713;0.128287;7.3503;2.62453;1.83739
-0.607996;1.80037;1.90026;-0.133218;-7.63283;1.94954;2.38848
-0.146249;2.06509;2.07026;0.254979;14.6092;2.89044;1.65614
-0.63411;2.19272;2.28257;-0.210808;-12.0784;1.50283;3.14132
-0.258906;2.05594;2.07218;0.156238;8.95178;2.48869;1.86028
-0.678313;1.89209;2.01;-0.218955;-12.5452;1.6578;2.77855
-0.0680888;1.85732;1.85857;0.307583;17.6232;2.97294;1.58579
-0.890048;1.99132;2.18118;-0.383684;-21.9835;1.38744;3.4159
0.0957193;2.36088;2.36282;0.460849;26.4047;3.80565;1.31372
-1.1462;2.35284;2.61718;-0.493842;-28.2951;1.21213;4.00289
0.2367;2.27814;2.2904;0.55685;31.9051;4.48071;1.17284
-1.02826;2.10644;2.34402;-0.557654;-31.9512;1.16336;4.27028
0.234331;2.36534;2.37692;0.552871;31.6772;4.75719;1.12823
-0.842467;2.08542;2.24916;-0.482678;-27.6554;1.24135;3.97688
0.180444;2.14191;2.14949;0.467978;26.8132;4.14891;1.23606
-1.02937;2.24761;2.47212;-0.51352;-29.4226;1.34142;3.61153
0.41267;2.37406;2.40966;0.601579;34.4679;5.28528;1.04206
-0.668225;2.15482;2.25605;-0.472808;-27.0899;1.25896;3.94069
0.405239;2.20164;2.23862;0.482728;27.6583;4.06512;1.25656
-0.635356;2.17046;2.26154;-0.466798;-26.7456;1.26293;3.86647
0.547854;2.2301;2.29641;0.525666;30.1184;4.2024;1.25313
-0.730299;2.52192;2.62553;-0.522763;-29.9521;1.18317;4.1986
0.55314;2.2666;2.33312;0.521232;29.8644;4.71557;1.17443
-0.450147;2.18124;2.22721;-0.442876;-25.3749;1.34504;3.64904
0.659936;2.0241;2.12897;0.518686;29.7185;4.31706;1.25006
-0.392879;2.20689;2.24159;-0.491349;-28.1522;1.24684;4.01787
0.83802;2.14151;2.29964;0.549181;31.4657;4.34111;1.25129
-0.351011;2.27306;2.3;-0.526215;-30.1499;1.15995;4.3434
0.692857;2.19848;2.30508;0.458511;26.2708;4.33231;1.26791
-0.412653;2.14797;2.18725;-0.4951;-28.3671;1.43242;3.35221
0.693478;2.53779;2.63084;0.456549;26.1583;5.43931;1.07361
0.360258;2.07371;2.10477;-0.0947392;-5.42816;1.91868;2.48411
0.429357;2.00735;2.05276;0.0387075;2.21778;2.4303;1.96351
0.432429;2.10835;2.15224;-0.00841919;-0.482384;2.28064;2.08036
0.536115;1.93442;2.00734;0.0680616;3.89964;2.41667;1.96666
0.308703;1.72535;1.75275;-0.0933104;-5.34629;2.07486;2.27545
0.703019;2.00249;2.12231;0.160582;9.20064;2.68394;1.78017
0.235553;1.98805;2.00196;-0.219696;-12.5877;1.81505;2.61193
0.951556;1.87346;2.10126;0.352025;20.1696;3.23219;1.50891
0.123284;2.19104;2.19451;-0.413751;-23.7062;1.3823;3.53945
1.09966;1.97117;2.25716;0.45266;25.9355;3.90125;1.32587
0.164617;2.1798;2.18601;-0.433492;-24.8372;1.32522;3.62019
1.16954;1.91962;2.24783;0.47182;27.0333;4.10437;1.32148
0.232231;2.18372;2.19604;-0.441248;-25.2816;1.34527;3.43397
1.71738;1.65052;2.38193;0.699299;40.0669;4.71333;1.25142
0.350819;2.438;2.46311;-0.662332;-37.9488;0.952774;5.05725
1.5536;1.77984;2.36252;0.574716;32.9288;5.74279;1.23631
0.77712;2.23684;2.36799;-0.383258;-21.9591;1.48916;3.01757
1.6987;1.62901;2.35357;0.471964;27.0415;5.46986;1.23373
1.31078;1.58927;2.06008;-0.116675;-6.68497;1.93727;2.42946
1.7102;1.19973;2.08905;0.269393;15.4351;3.16305;1.7132
1.45988;1.4706;2.07218;-0.177315;-10.1594;1.75586;2.66439
1.86839;0.990703;2.1148;0.301508;17.2751;3.35404;1.65801
1.53125;1.33201;2.02952;-0.228376;-13.085;1.71245;2.68641
2.02156;0.459067;2.07303;0.492626;28.2254;3.61462;1.50952
1.54373;1.26414;1.99529;-0.462854;-26.5196;1.13562;3.81395
2.00587;0.521443;2.07254;0.431823;24.7416;3.8009;1.38065
1.77492;1.17772;2.13011;-0.331501;-18.9936;1.39724;2.88939
2.17694;0.156176;2.18254;0.514212;29.4622;3.53003;1.31657
1.87452;1.39296;2.33542;-0.567454;-32.5127;1.0872;3.94395
2.3449;0.199421;2.35336;0.554232;31.7551;4.2599;1.11612
2.00629;1.34742;2.41676;-0.506569;-29.0243;1.20575;3.65407
2.24212;0.254883;2.25656;0.478216;27.3997;3.85251;1.13239
1.93234;1.02081;2.1854;-0.372819;-21.3609;1.30043;3.50431
2.30504;0.419047;2.34282;0.30618;17.5428;2.73631;1.48747
1.61515;1.59947;2.27311;-0.600688;-34.4169;1.30025;3.49993
2.31289;0.513651;2.36924;0.561985;32.1993;5.0419;0.937367
1.82465;1.07226;2.11638;-0.312756;-17.9196;1.46706;3.06475
1.9797;0.658366;2.0863;0.210238;12.0458;2.56721;1.47927
1.73233;1.11406;2.05964;-0.250456;-14.3501;1.51112;2.56346
1.98448;0.560358;2.06208;0.296304;16.977;2.54054;1.42817
1.66841;1.56121;2.28494;-0.477015;-27.3309;1.26457;3.06732
2.33511;0.653912;2.42494;0.479179;27.4549;3.98591;1.04028
1.73892;1.26103;2.14803;-0.354383;-20.3047;1.32794;2.86137
2.22265;0.348389;2.24979;0.471944;27.0404;3.10796;1.2578
1.82184;1.47582;2.3446;-0.525372;-30.1016;1.06227;3.7182
2.25744;0.426125;2.29731;0.494283;28.3203;3.63791;1.14596
1.77366;1.40563;2.26312;-0.483584;-27.7073;1.17117;3.18137
2.3994;0.319525;2.42058;0.537763;30.8115;3.83254;1.08462
1.84836;1.27871;2.24756;-0.472818;-27.0905;1.12458;3.49546
2.1958;0.492477;2.25035;0.384578;22.0347;3.1908;1.19407
1.86373;1.26845;2.25443;-0.376955;-21.598;1.30513;2.79524
2.12211;0.455001;2.17034;0.386374;22.1376;2.95666;1.15655
1.75738;1.26907;2.1677;-0.414218;-23.7329;1.21696;2.93216
2.3866;0.455984;2.42977;0.436644;25.0179;2.81928;1.13991
1.73472;1.44959;2.26066;-0.507308;-29.0666;1.05265;3.95972
1.82322;0.777201;1.98196;0.293139;16.7956;2.54985;1.21903
1.09124;1.67336;1.99774;-0.589972;-33.8029;1.30692;2.99562
2.05272;1.07371;2.31658;0.510997;29.278;3.94774;0.855045
1.40125;1.65604;2.16933;-0.386615;-22.1514;1.36672;3.56256
1.48705;1.43055;2.06344;0.10251;5.8734;2.10992;1.61015
0.771989;1.82894;1.9852;-0.405354;-23.2251;1.4658;3.16175
1.29734;1.60576;2.06435;0.280148;16.0513;2.42547;1.29422
0.368568;2.18605;2.2169;-0.512527;-29.3656;1.27989;4.20617
0.910415;1.85945;2.07037;0.288276;16.517;2.30024;1.27839
-0.482134;2.23912;2.29043;-0.66739;-38.2387;1.19406;3.76292
0.812396;2.34029;2.47728;0.546205;31.2953;3.63099;0.84733
-0.239677;2.29839;2.31085;-0.438025;-25.097;1.12297;3.4695
0.225398;2.12025;2.1322;0.209814;12.0215;2.15616;1.27654
-0.410489;2.03962;2.08052;-0.304514;-17.4474;1.28456;2.31746
0.269935;2.12028;2.13739;0.325234;18.6346;2.37815;1.16925
-0.647559;2.07283;2.17162;-0.429426;-24.6043;1.12848;2.90085
0.172301;2.14899;2.15589;0.382803;21.933;2.57428;1.09087
-0.959195;2.18411;2.38545;-0.493818;-28.2937;1.10157;3.3083
-0.0223826;2.16498;2.16509;0.403473;23.1173;2.6388;1.05749
-1.12275;1.67745;2.01851;-0.579502;-33.203;1.09545;3.58048
-0.28021;2.24555;2.26296;0.465697;26.6825;3.0504;0.952192
-1.21004;1.88977;2.24397;-0.445393;-25.5191;1.103;3.25769
-0.554866;2.11701;2.18852;0.313203;17.9452;2.36914;1.16685
-1.29446;1.7292;2.16003;-0.386263;-22.1313;1.14337;2.68724
-0.320818;2.09832;2.1227;0.490879;28.1253;2.59306;1.12004
-1.5416;1.89884;2.44584;-0.530215;-30.3791;0.921057;3.9264
-0.626321;1.93959;2.03821;0.369589;21.1759;2.60654;1.14403
-1.52031;1.90081;2.43401;-0.362288;-20.7576;1.12582;2.59786
-0.646849;2.10724;2.20429;0.376799;21.589;2.58897;1.11984
-1.55714;1.75548;2.34657;-0.427762;-24.509;1.10143;2.72535
-0.772937;2.27685;2.40447;0.398327;22.8225;2.89645;1.02543
-1.41379;1.63284;2.15985;-0.386354;-22.1364;1.15378;2.74085
-0.83279;1.84128;2.02085;0.288867;16.5509;2.46821;1.09784
-1.44645;1.46839;2.06116;-0.353116;-20.232;1.25544;2.46342
-0.902866;1.87025;2.07678;0.328118;18.7998;2.34269;1.08184
-1.88269;1.30837;2.29267;-0.513714;-29.4337;1.12773;4.06352
-1.03099;1.9105;2.17094;0.468608;26.8493;2.56454;1.05334
-2.42657;1.0137;2.6298;-0.680221;-38.9738;1.01402;12.2319
-1.62386;1.29;2.07389;0.275605;15.791;2.33159;1.29824
-2.40126;0.176216;2.40772;-0.598068;-34.2667;1.24293;6.0703
-1.77449;0.687313;1.90295;0.296283;16.9757;2.55172;1.12687
-2.15918;-0.221302;2.17049;-0.471673;-27.0249;1.33773;4.44018
-2.01578;0.250796;2.03133;0.225917;12.9441;2.16905;1.31093
-2.12597;-0.745313;2.25283;-0.460968;-26.4115;1.22675;4.11421
-2.00755;-0.25721;2.02396;0.20976;12.0184;2.10232;1.23842
-1.82006;-1.35757;2.27059;-0.513439;-29.4179;1.22151;3.01295
-2.19401;-0.558753;2.26404;0.391496;22.431;3.03277;0.894452
-1.48764;-1.16381;1.88879;-0.414498;-23.749;1.19886;2.8146
-1.75056;-0.582913;1.84506;0.34243;19.6198;2.40465;1.03958
-1.40921;-1.59463;2.12808;-0.525608;-30.1151;1.11459;2.87419
-2.22408;-0.723816;2.33889;0.532413;30.505;3.4434;0.872703
-1.54458;-1.74616;2.33127;-0.531941;-30.478;0.991999;3.63634
-1.9859;-0.88931;2.17593;0.425543;24.3818;2.89833;0.969208
-1.39532;-1.65205;2.16245;-0.448413;-25.6922;1.05385;2.98896
-1.98903;-0.702304;2.10938;0.530022;30.368;2.79242;1.00803
-1.4017;-1.98189;2.42748;-0.615796;-35.2825;0.890416;4.64124
-2.00321;-1.04916;2.26133;0.472761;27.0872;3.21604;0.971514
-1.43141;-1.80162;2.30104;-0.416952;-23.8896;1.01148;3.15666
-1.90648;-1.0467;2.17491;0.39732;22.7647;2.58437;1.09483
-1.26369;-1.88079;2.2659;-0.477091;-27.3353;1.00452;3.10673
-1.99655;-1.07501;2.26756;0.485262;27.8034;3.23535;0.97174
-1.23426;-1.90629;2.27097;-0.502283;-28.7787;0.991102;3.22308
-2.00764;-1.06493;2.2726;0.508501;29.135;3.38605;0.945737
-1.23155;-2.03879;2.38189;-0.539696;-30.9223;0.978409;3.46771
-2.06096;-1.10971;2.34073;0.533472;30.5657;3.62106;0.914147
-1.20463;-1.97721;2.31527;-0.529672;-30.3479;0.978052;3.75615
-1.86601;-1.22595;2.2327;0.442324;25.3433;3.20813;0.953098
-1.19267;-1.95379;2.28905;-0.441465;-25.2941;1.0717;3.163
-1.72923;-1.19135;2.09989;0.419467;24.0337;2.86407;1.00188
-1.03863;-2.04937;2.29754;-0.498449;-28.559;1.04485;3.43252
-2.12528;-1.27239;2.47705;0.562262;32.2152;3.22229;0.951697
-0.800046;-2.44287;2.57054;-0.714845;-40.9576;0.880995;5.75309
-1.87803;-1.46856;2.38405;0.590653;33.8419;4.23134;0.869276
-1.07501;-2.49609;2.71774;-0.500478;-28.6753;0.967125;4.34141
-1.57315;-1.48483;2.16322;0.407605;23.354;2.63201;1.08517
-0.606138;-2.24894;2.32919;-0.551008;-31.5704;0.983287;4.05996
-1.61495;-1.60562;2.2773;0.52503;30.082;3.41238;0.948461
-0.412855;-2.24006;2.27779;-0.606036;-34.7233;0.950671;4.45754
-1.74697;-1.70133;2.43853;0.616375;35.3157;3.86126;0.917089
-0.444948;-2.16043;2.20577;-0.595522;-34.1209;0.876005;5.64182
-1.31722;-1.78269;2.21654;0.433239;24.8228;2.89694;1.08757
-0.385535;-2.24109;2.27401;-0.46599;-26.6993;0.970203;3.7027
-1.29163;-1.73616;2.16393;0.469261;26.8867;3.07621;1.07287
-0.291027;-2.30518;2.32348;-0.514038;-29.4522;0.942496;3.82795
-1.37125;-1.86699;2.31646;0.507905;29.1008;3.68462;1.00794
-0.0154167;-2.45388;2.45393;-0.627208;-35.9363;0.960946;3.62207
-1.69707;-2.00765;2.62883;0.695479;39.848;6.49422;0.840627
-0.420705;-2.31248;2.35044;-0.521802;-29.897;0.95126;3.93983
-1.52706;-1.71433;2.29583;0.54773;31.3826;3.81461;1.01139
-0.387362;-2.36784;2.39931;-0.565532;-32.4026;0.912163;4.27201
-1.64581;-1.9944;2.5858;0.527771;30.2391;4.35418;0.986995
-0.452332;-2.14741;2.19454;-0.482322;-27.635;0.984216;3.46283
-1.58227;-1.74795;2.35773;0.528084;30.257;4.40511;1.02407
-0.55437;-2.15955;2.22957;-0.484409;-27.7546;0.988616;3.36062
-1.94905;-1.42434;2.41403;0.688426;39.4439;5.05647;1.00893
-0.535908;-2.0989;2.16623;-0.68972;-39.518;0.821941;4.97535
-2.28761;-1.77442;2.89512;0.661084;37.8773;6.52889;0.977363
-0.882575;-2.12437;2.30041;-0.517315;-29.64;0.969361;3.47476
-2.24992;-1.31811;2.6076;0.647091;37.0756;6.25394;0.986226
-1.09305;-1.99377;2.27374;-0.539362;-30.9032;0.986533;3.4707
-2.15637;-0.896808;2.33542;0.675184;38.6852;6.47369;0.950393
-1.51572;-1.7088;2.28416;-0.451076;-25.8448;0.976747;3.63159
-2.20932;-0.687254;2.31375;0.543622;31.1472;4.06901;1.10236
-1.50161;-2.01026;2.50918;-0.627653;-35.9619;0.939539;3.97291
-2.26505;-0.750049;2.38601;0.60946;34.9195;6.98434;0.876814
-2.02424;-1.32186;2.41762;-0.258715;-14.8233;1.28281;2.62558
-2.06321;-0.294296;2.0841;0.436806;25.0271;2.91527;1.25036
-1.97811;-1.42941;2.44052;-0.484059;-27.7346;0.947791;4.28073
-2.26571;-0.357394;2.29372;0.469292;26.8884;3.57882;1.13711
-1.64388;-1.40713;2.16387;-0.551506;-31.599;1.00424;3.73694
-2.51318;-0.241078;2.52471;0.612325;35.0836;5.22731;0.952201
-1.89116;-1.26355;2.27443;-0.493382;-28.2687;0.976662;4.06236
-2.36159;-0.221113;2.37191;0.495659;28.3991;3.77927;1.0924
-1.94509;-1.36043;2.37364;-0.516979;-29.6207;0.991211;4.00616
-2.4801;-0.145276;2.48435;0.551826;31.6173;4.37484;1.01825
-2.27581;-1.44528;2.69595;-0.507294;-29.0658;0.979521;4.28354
-2.26402;-0.0890623;2.26577;0.526486;30.1654;3.98149;1.05706
-1.91754;-1.28366;2.30754;-0.550597;-31.5469;0.988858;4.19771
-2.2235;-0.426677;2.26407;0.400325;22.937;3.48259;0.993461
-1.92562;-0.658799;2.0352;-0.14005;-8.02429;1.19348;1.70096
-1.93737;-0.39172;1.97657;0.130138;7.45635;1.08674;1.0371
-1.97582;-0.502218;2.03865;-0.049409;-2.83093;0.790208;0.851986
-1.82623;-0.685498;1.95065;-0.110178;-6.31271;0.716951;0.727267
-1.87495;-0.684674;1.99605;0.00896515;0.513665;1.8521;1.91278
-2.07063;-0.639545;2.16715;0.0505538;2.89652;1.84339;1.96472
-1.6706;-0.961516;1.92754;-0.222679;-12.7586;1.56987;2.328
-2.09691;-0.108607;2.09972;0.470501;26.9577;3.07973;1.25512
-1.88438;-1.41612;2.35717;-0.592716;-33.9602;0.944537;5.08092
-2.26521;-0.335873;2.28997;0.497262;28.491;4.09911;1.05976
-1.87544;-1.35705;2.31492;-0.479181;-27.4551;1.08195;3.9616
-2.27245;-0.271386;2.2886;0.507522;29.0789;3.90954;1.10633
-1.8402;-1.46926;2.35479;-0.554919;-31.7945;1.01379;4.35204
-2.33919;-0.319956;2.36097;0.537842;30.8161;4.59888;1.03702
-1.94149;-1.50836;2.45856;-0.524564;-30.0553;1.07875;3.88337
-2.35597;-0.245931;2.36877;0.556493;31.8847;5.05221;1.00167
-1.90119;-1.32657;2.31826;-0.50521;-28.9464;1.13463;3.72075
-2.37471;-0.0594168;2.37545;0.584204;33.4724;4.89072;1.01344
-1.9872;-1.32092;2.38617;-0.561633;-32.1792;1.05441;4.25162
-2.44332;-0.0577345;2.44401;0.563023;32.2588;4.86527;1.00497
-1.7506;-1.38308;2.23103;-0.645025;-36.9572;1.10523;4.03022
-2.40244;-0.0567531;2.40311;0.645031;36.9576;6.29993;0.871858
-1.85089;-1.15524;2.18183;-0.534374;-30.6174;1.21349;3.7228
-2.46085;0.0512392;2.46138;0.578812;33.1635;4.77446;0.953239
-2.21818;-1.24981;2.54604;-0.533923;-30.5915;1.07993;4.57704
-2.4355;-0.176949;2.44192;0.440578;25.2432;3.7931;1.09506
-2.02477;-1.39416;2.45832;-0.530475;-30.394;1.18204;4.10088
-2.2204;-0.158346;2.22604;0.531808;30.4703;4.2471;0.998489
-1.81744;-1.31615;2.24396;-0.555576;-31.8321;1.13543;4.75619
-2.22819;-0.0911783;2.23006;0.585872;33.568;3.82498;1.07973
-1.98627;-1.36698;2.4112;-0.561876;-32.1931;0.964473;6.53548
-1.9343;-0.72141;2.06445;0.245795;14.083;2.60402;1.55474
-1.60458;-1.63407;2.29017;-0.437524;-25.0683;1.32705;3.54155
-2.18522;-0.657354;2.28195;0.502295;28.7794;3.76101;1.09648
-1.55798;-1.9159;2.46941;-0.595862;-34.1404;1.08525;5.27191
-2.09788;-0.838743;2.25934;0.507732;29.0909;3.80008;1.08466
-1.3709;-1.93659;2.37271;-0.574454;-32.9138;1.0901;5.29398
-1.88415;-1.09969;2.18159;0.426478;24.4354;3.50744;1.16938
-1.07667;-2.19716;2.44678;-0.586845;-33.6238;1.18839;4.55119
-1.90726;-1.22895;2.26892;0.542763;31.0981;4.33045;0.982683
-0.986031;-2.11694;2.33532;-0.562502;-32.229;1.15358;4.95004
-1.72334;-1.48335;2.27382;0.4242;24.3049;3.59359;1.13536
-0.747798;-2.13875;2.26571;-0.523742;-30.0082;1.21841;4.29426
-1.69391;-1.3974;2.19592;0.544667;31.2071;3.82639;1.0931
-0.73353;-2.28539;2.40023;-0.570446;-32.6841;1.04055;5.59155
-1.37248;-1.62614;2.12792;0.390427;22.3698;3.30429;1.29427
-0.296351;-2.29904;2.31806;-0.57281;-32.8196;1.20578;4.16623
-1.59477;-1.70392;2.3338;0.624129;35.7599;4.87948;0.978356
-0.368336;-2.32742;2.35639;-0.595366;-34.112;1.07329;5.09262
-1.32497;-1.83812;2.26588;0.467613;26.7922;4.05107;1.12732
-0.369882;-2.15863;2.19009;-0.454868;-26.062;1.23596;3.8934
-1.44763;-1.85661;2.35428;0.492547;28.2209;3.68012;1.22221
-0.167408;-2.2312;2.23747;-0.587359;-33.6532;1.05892;4.76322
-1.19264;-1.83369;2.18742;0.501768;28.7492;4.31033;1.11809
-0.230505;-2.3354;2.34675;-0.478276;-27.4032;1.21847;3.89262
-1.22811;-2.22749;2.54361;0.405492;23.233;4.08233;1.15531
-0.420162;-2.0696;2.11182;-0.30358;-17.3938;1.41873;3.19538
-1.14312;-1.79824;2.13082;0.365952;20.9675;3.04736;1.46559
-0.162736;-2.26208;2.26793;-0.494429;-28.3287;1.18121;3.96456
-1.1585;-2.01758;2.32653;0.449418;25.7497;4.2011;1.14946
-0.246676;-2.13102;2.14525;-0.405993;-23.2617;1.34919;3.44453
-1.1159;-1.85581;2.16547;0.426132;24.4156;3.79131;1.22451
-0.0389297;-2.19411;2.19445;-0.523633;-30.002;1.29224;3.6892
-1.29504;-1.9492;2.3402;0.568688;32.5834;4.84263;1.02271
-0.0631425;-2.16539;2.16631;-0.557278;-31.9297;1.20535;4.1639
-1.30975;-1.91461;2.31974;0.570813;32.7052;4.57776;1.06359
-0.0227365;-2.41955;2.41965;-0.590568;-33.8371;1.1368;4.51234
-1.313;-2.1894;2.55293;0.530806;30.4129;4.66254;1.05336
-0.399794;-2.29651;2.33105;-0.367842;-21.0758;1.24156;3.9847
-1.11503;-1.93824;2.23608;0.349686;20.0355;2.86224;1.59523
-0.0442281;-2.29718;2.2976;-0.502796;-28.8081;1.15769;4.18111
-1.09909;-1.91055;2.20413;0.502789;28.8077;4.17165;1.20879
0.00115796;-2.09898;2.09898;-0.522591;-29.9423;1.20104;4.00156
-1.15408;-2.07514;2.37447;0.508101;29.112;4.67102;1.14141
-0.172204;-2.18836;2.19512;-0.42902;-24.581;1.31927;3.58898
-1.38818;-2.02066;2.45155;0.523413;29.9894;4.29173;1.23389
0.0757728;-2.21396;2.21526;-0.636154;-36.449;1.15302;4.14921
-1.39944;-2.05694;2.48786;0.631629;36.1897;6.55571;0.989857
-0.450812;-2.24729;2.29206;-0.399442;-22.8864;1.45411;3.19267
-1.48113;-1.84537;2.36625;0.478363;27.4082;4.72831;1.17402
-0.6923;-1.99707;2.11367;-0.342645;-19.6321;1.47169;3.09372
-1.5294;-1.56123;2.18552;0.441406;25.2907;4.0669;1.31065
-0.691931;-1.76405;1.8949;-0.401302;-22.9929;1.37867;3.25821
-1.50207;-1.55759;2.16386;0.393456;22.5434;4.45273;1.26119
-1.2008;-1.65677;2.04617;-0.140088;-8.02647;1.86098;2.6398
-1.62388;-1.4341;2.16648;0.220213;12.6173;3.01032;1.81545
-1.24569;-1.77119;2.16538;-0.234436;-13.4322;1.92708;3.06653
-1.80278;-1.21757;2.17543;0.363837;20.8463;3.34546;1.6792
-1.27114;-1.97153;2.34579;-0.404108;-23.1537;1.4391;4.2169
-1.94341;-1.17749;2.2723;0.453387;25.9772;3.56296;1.54458
-1.07475;-2.08762;2.34803;-0.550625;-31.5485;1.1358;4.72076
-1.90919;-1.05496;2.18128;0.590549;33.8359;4.31129;1.24629
-1.30093;-2.2317;2.58319;-0.53821;-30.8371;1.06616;3.99678
-1.76928;-1.30657;2.19942;0.406939;23.3159;2.41494;1.14964
-1.42678;-1.3843;1.98796;-0.134205;-7.68937;1.02624;1.34568
-1.34482;-1.42112;1.95656;-0.0426884;-2.44586;0.849546;0.894553
-1.43924;-1.47294;2.05936;0.0160051;0.917025;0.735865;0.742495
-2.22627;-0.669765;2.32484;0.504738;28.9194;3.77803;1.32162
-1.56011;-1.77757;2.3651;-0.558228;-31.9841;1.07807;4.91855
-2.37022;-0.844081;2.51604;0.508345;29.126;4.50105;1.27663
-1.52767;-1.72901;2.30721;-0.505027;-28.9359;1.26094;4.07024
-2.25674;-0.76415;2.3826;0.520652;29.8312;5.06296;1.18825
-1.59498;-1.4635;2.16467;-0.415945;-23.8319;1.40227;3.65228
-2.19704;-0.610774;2.28035;0.471283;27.0025;4.27426;1.30377
-1.78203;-1.6054;2.39853;-0.462148;-26.4791;1.32923;3.94167
-2.52575;-0.24639;2.53774;0.636057;36.4434;4.45579;1.2496
-1.80181;-1.58765;2.40149;-0.625053;-35.8129;0.977192;6.07674
-2.30853;-0.629198;2.39274;0.456207;26.1387;4.00768;1.41144
-1.6312;-1.51585;2.22679;-0.482672;-27.6551;1.28296;4.05364
-2.15724;-0.570943;2.23151;0.490031;28.0767;4.65163;1.25887
-1.84575;-1.42145;2.32966;-0.397524;-22.7765;1.42034;3.64407
-2.40235;-0.51339;2.45659;0.44572;25.5378;4.17092;1.34425
-1.7406;-1.22907;2.1308;-0.404286;-23.1639;1.38316;3.71667
-2.08735;-0.249037;2.10215;0.496076;28.423;4.05419;1.38204
-1.85158;-1.45913;2.35742;-0.548663;-31.436;1.21959;4.3197
-2.3973;-0.32811;2.41965;0.531388;30.4463;5.16827;1.1675
-1.84897;-0.942196;2.0752;-0.335259;-19.2089;1.44093;3.6035
-2.20757;-0.0770292;2.20891;0.436401;25.0039;3.40824;1.58283
-1.91796;-1.31553;2.32577;-0.566319;-32.4477;1.16419;4.53613
-2.3689;-0.170839;2.37505;0.529206;30.3212;4.96709;1.20285
-2.04971;-1.2951;2.42458;-0.491513;-28.1616;1.39046;3.72107
-2.35466;0.0225625;2.35477;0.573088;32.8355;5.06003;1.12907
-2.12899;-1.16503;2.42691;-0.510291;-29.2375;1.30244;4.15834
-2.56176;0.224844;2.57161;0.588254;33.7045;4.51406;1.20591
-2.1073;-1.07269;2.36461;-0.558394;-31.9936;1.10402;5.19225
-2.3529;-0.311787;2.37347;0.339104;19.4292;3.87961;1.39847
-1.90787;-0.832466;2.08157;-0.279687;-16.0249;1.70885;3.05841
-2.29999;0.0644985;2.3009;0.439467;25.1796;3.49805;1.51647
-1.90559;-1.03254;2.16735;-0.524596;-30.0571;1.19109;4.67285
-2.35117;-0.00972381;2.35119;0.492425;28.2139;3.98086;1.3617
-2.01173;-1.08826;2.28722;-0.491738;-28.1745;1.20004;4.27465
-2.45674;0.108295;2.45913;0.539926;30.9355;3.86545;1.31533
-2.01588;-1.22033;2.35648;-0.588404;-33.7131;1.05384;4.76927
-2.34681;0.0597535;2.34757;0.569808;32.6476;4.42297;1.21062
-1.85648;-1.1583;2.18819;-0.583279;-33.4194;1.12691;4.22651
-2.44624;0.22447;2.45652;0.649328;37.2037;5.00924;1.12458
-2.32468;-0.895089;2.49105;-0.459046;-26.3014;1.07047;4.49082
-2.24873;0.00552669;2.24873;0.369999;21.1994;3.32555;1.52042
-2.01723;-0.975291;2.24063;-0.452803;-25.9437;1.33772;3.40484
-2.33486;0.408022;2.37025;0.62335;35.7153;4.79832;1.17242
-2.35709;-0.878579;2.51551;-0.529792;-30.3548;1.08488;4.45622
-2.27029;0.399481;2.30516;0.530965;30.422;4.00773;1.27503
-2.28718;-0.639528;2.37491;-0.446828;-25.6014;1.11474;4.06365
-2.23498;0.298778;2.25486;0.405546;23.2361;3.26413;1.40222
-1.74319;-0.72194;1.88677;-0.525539;-30.1112;1.20922;3.55893
-2.34229;0.207569;2.35146;0.481032;27.5611;4.5014;1.10042
-2.01923;-0.522819;2.08581;-0.341744;-19.5805;1.45129;2.89182
-2.06591;0.2778;2.08451;0.387023;22.1748;3.42759;1.26246
-2.03577;-0.52976;2.10357;-0.388246;-22.2448;1.35539;3.17141
-2.35877;0.569697;2.42659;0.491564;28.1645;3.43224;1.24883
-2.32143;-0.897209;2.48878;-0.60579;-34.7092;1.06325;4.42936
-2.28191;0.412566;2.31891;0.547672;31.3793;4.31299;1.07561
-2.26177;-0.855187;2.41805;-0.540356;-30.9601;1.19155;3.82827
-2.23806;0.397333;2.27306;0.537193;30.7789;4.29793;1.07046
-2.16685;-0.506682;2.22531;-0.405409;-23.2282;1.223;3.71508
-2.18798;0.310074;2.20984;0.370485;21.2273;2.90102;1.40261
-2.13444;-0.494866;2.19105;-0.368603;-21.1194;1.17086;3.50091
-2.09368;0.12355;2.09732;0.286766;16.4305;2.671;1.44303
-1.98306;-0.5727;2.0641;-0.340089;-19.4857;1.33196;2.80284
-2.17793;0.335385;2.2036;0.43394;24.8629;3.26945;1.23471
-2.05445;-0.63947;2.15167;-0.454549;-26.0437;1.15857;3.30094
-2.37725;0.274388;2.39303;0.41667;23.8734;3.64113;1.14105
-2.07665;-0.431037;2.12091;-0.319571;-18.3101;1.32648;2.64191
-2.39241;0.31213;2.41269;0.334391;19.1592;3.04316;1.20353
-2.10112;-0.201306;2.11074;-0.225251;-12.9059;1.35063;2.45806
-1.84613;0.642096;1.95461;0.430236;24.6507;2.39853;1.40356
-2.35644;-0.433421;2.39597;-0.516616;-29.5999;0.932053;4.19218
-2.07904;0.607967;2.16611;0.466392;26.7223;2.91203;1.23324
-2.16561;-0.556745;2.23603;-0.53613;-30.718;0.993002;3.72692
-2.24094;0.56919;2.3121;0.500371;28.6692;3.51555;1.0729
-2.18795;-0.49895;2.24412;-0.472946;-27.0978;1.08968;3.37889
-2.16174;0.531642;2.22615;0.465357;26.663;3.19344;1.09809
-2.20158;-0.625589;2.28874;-0.518003;-29.6794;1.0867;3.723
-2.40872;0.45058;2.4505;0.461781;26.4581;3.20292;1.06991
-2.20273;-0.706403;2.31323;-0.495258;-28.3762;1.08641;4.11906
-2.10543;0.144575;2.11039;0.378893;21.709;2.66757;1.23328
-2.22087;-1.12412;2.48916;-0.537126;-30.775;1.11533;4.08941
-2.21647;-0.0650792;2.21743;0.439213;25.165;3.01191;1.10112
-2.08186;-0.99686;2.30821;-0.417218;-23.9048;1.11405;4.29849
-1.90057;-0.656069;2.01062;0.114182;6.54215;2.05816;1.63195
-1.52983;-1.00565;1.83076;-0.249144;-14.2749;1.4638;2.53203
-1.8103;-0.581712;1.90147;0.270619;15.5053;2.32875;1.42262
-1.57819;-1.34347;2.07258;-0.394319;-22.5928;1.21266;3.30976
-2.01391;-0.777797;2.15889;0.336668;19.2897;2.58016;1.28019
-1.50055;-1.67317;2.24747;-0.471169;-26.996;1.1514;3.42662
-2.0223;-0.702338;2.14079;0.505469;28.9612;3.03793;1.10064
-1.51441;-1.70099;2.27746;-0.509093;-29.1689;0.979108;4.5198
-1.82569;-1.03381;2.09807;0.328117;18.7997;2.3963;1.26701
-1.11816;-1.72141;2.05268;-0.479489;-27.4727;1.08609;3.17723
-1.94925;-1.09305;2.2348;0.483669;27.7122;3.27549;1.02233
-1.23307;-1.75319;2.14339;-0.446779;-25.5985;1.03847;3.46687
-1.86373;-1.15859;2.1945;0.401651;23.0129;2.75142;1.16364
-1.15825;-2.09918;2.39752;-0.510411;-29.2444;1.052;3.2507
-2.03886;-1.17295;2.35218;0.544542;31.2;3.86729;0.9656
-1.30186;-1.94975;2.34443;-0.460016;-26.357;1.03129;3.3061
-1.88904;-1.19229;2.23383;0.419057;24.0102;3.14578;1.07783
-1.25014;-1.76022;2.15898;-0.390227;-22.3584;1.12886;2.78885
-1.9635;-1.03224;2.2183;0.469235;26.8852;3.13997;1.08998
-1.19526;-1.87489;2.22348;-0.519243;-29.7504;1.0105;3.32228
-2.07121;-0.997218;2.29877;0.55454;31.7728;4.02222;0.985537
-1.36483;-1.8247;2.27865;-0.479881;-27.4951;1.00399;3.38892
-2.02621;-0.906673;2.21982;0.507842;29.0972;3.38692;1.06263
-1.45007;-1.85921;2.35784;-0.487657;-27.9407;0.983871;3.59756
-1.99239;-1.00567;2.23181;0.440965;25.2654;3.33728;1.06973
-1.37455;-1.75345;2.22799;-0.4385;-25.1242;1.10831;3.00725
-2.06986;-0.744176;2.19957;0.560804;32.1317;3.51164;1.02553
-1.44727;-1.82052;2.3257;-0.553989;-31.7413;0.937055;4.36129
-1.93019;-1.05114;2.19784;0.400456;22.9445;3.41847;1.06032
-1.27505;-1.50251;1.97061;-0.368437;-21.1099;1.23217;2.63841
-2.08022;-0.780956;2.22198;0.507971;29.1046;3.35478;1.07372
-1.46081;-2.05685;2.52281;-0.594107;-34.0399;0.96957;4.10427
-2.26004;-0.797499;2.39662;0.614018;35.1806;4.62172;0.939569
-1.36681;-2.03567;2.45196;-0.640274;-36.685;0.966058;4.21667
-2.22222;-0.800602;2.36204;0.633707;36.3087;5.48906;0.898134
-1.49651;-1.79589;2.33769;-0.530284;-30.383;1.02093;3.76033
-2.23637;-0.711986;2.34697;0.567858;32.5359;4.2563;0.993063
-1.32688;-1.7531;2.19863;-0.614688;-35.219;0.981225;3.9729
-2.39951;-0.955683;2.58282;0.543884;31.1623;5.62182;0.916384
-1.63446;-1.49222;2.21318;-0.360912;-20.6787;1.2269;2.74607
-2.2697;-0.586881;2.34434;0.486906;27.8976;3.5174;1.08624
-1.68551;-1.61761;2.33615;-0.511816;-29.3249;1.0066;3.92322
-2.28859;-0.473947;2.33715;0.560642;32.1224;3.88137;1.03617
-1.64062;-1.60405;2.29448;-0.569922;-32.6541;0.950322;4.68874
-2.23511;-0.814758;2.37898;0.424569;24.326;3.78142;1.03858
-1.52693;-1.53054;2.16196;-0.437019;-25.0394;1.21374;2.99357
-2.14323;-0.806132;2.28982;0.426817;24.4548;3.92243;0.991069
-1.52567;-1.3623;2.04537;-0.369127;-21.1494;1.24417;2.9994
-2.25817;-0.837043;2.40831;0.373915;21.4237;3.10544;1.139
-1.59097;-1.68024;2.31396;-0.457708;-26.2247;1.1341;3.50248
-2.1742;-0.735746;2.29532;0.486378;27.8674;3.8624;1.04189
-1.52634;-1.73559;2.31128;-0.523158;-29.9747;1.0635;4.00639
-2.28612;-0.623241;2.36955;0.583308;33.4211;4.27711;1.01003
-1.48533;-1.92454;2.43106;-0.647346;-37.0902;0.948552;5.16691
-2.43438;-0.802415;2.56322;0.595096;34.0965;5.15434;0.949575
-1.54457;-1.80152;2.37301;-0.543635;-31.148;1.01991;4.33351
-2.36608;-0.919226;2.53837;0.491483;28.1599;4.3725;1.01753
-1.66567;-1.6972;2.37801;-0.42422;-24.306;1.11912;3.65041
-2.1952;-0.744364;2.31797;0.467855;26.8061;3.55249;1.13331
-1.49657;-1.83176;2.36539;-0.558847;-32.0196;1.01613;4.33725
-2.35858;-0.762537;2.47878;0.57307;32.8345;4.81888;0.991093
-1.66893;-2.0626;2.65324;-0.577811;-33.1061;0.99591;4.42162
-2.19793;-0.788351;2.33504;0.546122;31.2905;5.50542;0.963865
-1.34959;-1.49045;2.01068;-0.490572;-28.1077;1.14082;3.34691
-2.39231;-0.63776;2.47586;0.574428;32.9123;5.87368;1.00961
-1.6984;-1.51657;2.27697;-0.468372;-26.8358;1.06496;3.50793
-2.3997;-0.255819;2.41329;0.622698;35.6779;6.80017;1.11048
-1.95226;-1.39141;2.39736;-0.513006;-29.3931;1.06326;3.67247
-2.69058;0.211417;2.69887;0.697625;39.971;10.3193;1.11474
-2.22079;-0.520651;2.28101;-0.308701;-17.6872;1.54488;3.07064
-2.20988;0.821224;2.35753;0.586085;33.5802;8.98846;1.3778
-1.91482;0.1242;1.91884;-0.291028;-16.6747;1.78911;2.86159
-1.82666;1.57914;2.41461;0.648078;37.1321;7.92586;1.38041
-2.15925;0.543168;2.22652;-0.466409;-26.7232;1.2644;3.3822
-1.56167;2.01039;2.54568;0.663923;38.04;9.30877;1.14354
-1.63288;1.06992;1.95219;-0.330319;-18.9259;1.47497;2.72705
-0.907674;2.29971;2.47235;0.61483;35.2271;5.62877;1.16472
-1.98598;1.46518;2.46797;-0.559253;-32.0429;1.00108;4.19468
-0.705954;2.42746;2.52803;0.652161;37.3661;6.45377;0.999103
-1.62871;1.48053;2.20106;-0.550006;-31.513;1.04276;4.27772
-0.566992;2.35107;2.41847;0.596374;34.1697;5.39053;1.01537
-1.78382;1.42274;2.28171;-0.660888;-37.8661;1.04273;4.59886
-0.60828;2.44991;2.52429;0.654167;37.481;6.85083;0.883997
-1.60718;1.70729;2.34475;-0.511835;-29.326;1.1571;4.24539
-0.438928;2.37148;2.41175;0.572185;32.7838;4.50541;1.03309
-1.44683;1.65432;2.19775;-0.535574;-30.6861;0.998997;5.64215
-0.654935;2.15784;2.25504;0.423912;24.2884;3.46139;1.2683
-1.74181;1.53549;2.32199;-0.553593;-31.7186;1.08782;4.54493
-0.61217;2.53624;2.60907;0.611432;35.0325;5.01399;1.01353
-1.86247;1.89404;2.65634;-0.540154;-30.9486;0.971432;5.61979
-0.701902;2.11413;2.2276;0.456438;26.152;3.65821;1.24919
-1.78411;1.42044;2.2805;-0.577844;-33.108;1.05934;4.69659
-0.504452;2.28954;2.34446;0.681535;39.0491;5.24497;1.01494
-1.82331;1.71361;2.50218;-0.599538;-34.351;0.912465;6.53283
-0.749408;2.21228;2.33577;0.489786;28.0627;3.72024;1.28132
-1.98437;1.19547;2.31665;-0.701964;-40.2196;0.989495;5.22462
-0.894277;2.38146;2.54383;0.669357;38.3514;7.04764;0.908836
-1.70868;1.61368;2.35022;-0.454761;-26.0559;1.1464;4.23894
-0.62704;2.01951;2.11461;0.51293;29.3887;3.98984;1.20641
-1.5009;1.52176;2.13739;-0.477443;-27.3555;1.01787;5.13613
-0.82946;2.0363;2.19876;0.391683;22.4418;3.3732;1.41811
-1.80964;1.44327;2.3147;-0.510741;-29.2633;1.12929;4.22169
-0.853053;2.35818;2.50773;0.550458;31.5389;5.11165;1.07737
-1.50805;1.68494;2.26125;-0.382957;-21.9418;1.1244;4.35815
-0.935905;2.07323;2.27469;0.306018;17.5336;3.11243;1.52125
-1.71192;1.36007;2.18643;-0.475401;-27.2385;1.30728;3.46666
-0.779588;2.43635;2.55804;0.58975;33.7902;5.67943;1.01075
-1.83922;1.64411;2.46695;-0.531666;-30.4622;1.14143;4.2139
-0.987343;2.32101;2.52229;0.439149;25.1614;5.37076;1.02834
-0.939065;1.58178;1.83953;-0.133552;-7.65199;1.64491;2.75829
-0.824053;1.71187;1.89989;0.0871196;4.99159;2.34444;1.93854
-1.10683;1.67676;2.00913;-0.134807;-7.7239;1.84581;2.45229
-0.746428;1.91099;2.05159;0.211069;12.0934;2.8759;1.64851
-1.26784;1.64932;2.0803;-0.282989;-16.2141;1.58967;2.88872
-0.725626;2.13463;2.25459;0.327687;18.7751;3.87538;1.31397
-1.2059;1.64472;2.03944;-0.304984;-17.4743;1.57024;2.9804
-0.403931;2.23611;2.2723;0.453948;26.0093;3.97956;1.28353
-1.50612;1.76348;2.3191;-0.528135;-30.2599;1.15216;4.38376
-0.325358;2.45053;2.47203;0.574849;32.9364;5.16971;1.08615
-1.44011;1.8809;2.36891;-0.521443;-29.8765;1.11187;4.64297
-0.230306;2.28614;2.29771;0.55304;31.6869;4.63701;1.15646
-1.44769;1.75305;2.27354;-0.589882;-33.7977;1.07895;4.93015
-0.458826;2.25295;2.2992;0.489375;28.0391;5.21082;1.06631
-1.12568;1.68717;2.02822;-0.387465;-22.2001;1.4428;3.46997
-0.225947;2.28263;2.29379;0.489709;28.0583;4.19435;1.21511
-1.33415;1.98674;2.39313;-0.492699;-28.2296;1.13909;4.79811
-0.346891;2.24805;2.27465;0.438262;25.1106;4.00305;1.2734
-1.38577;1.76051;2.24048;-0.513749;-29.4356;1.22446;4.31106
-0.188581;2.39834;2.40574;0.58838;33.7117;4.82748;1.11079
-1.63605;1.90481;2.51097;-0.631173;-36.1635;1.04647;5.60258
-0.0677069;2.21403;2.21507;0.67907;38.9079;5.27615;1.06907
-1.53041;1.73053;2.31017;-0.693533;-39.7365;0.978889;6.30906
-0.329233;2.29137;2.3149;0.581397;33.3116;4.64397;1.0898
-1.28508;1.8365;2.24146;-0.467847;-26.8057;1.09965;3.34654
-0.711389;1.93749;2.06396;0.258665;14.8204;1.85475;1.10869
-0.709181;1.71606;1.85683;-0.0399959;-2.2916;0.986468;1.02352
-0.766152;1.84888;2.00133;-0.000962521;-0.0551484;0.786853;0.788972
-0.885711;1.92548;2.11942;-0.0382865;-2.19366;0.713379;0.713672
-1.93222;1.3384;2.35049;-0.533868;-30.5884;1.3001;3.87909
-0.852363;2.31042;2.46263;0.611571;35.0405;6.18461;0.989031
-1.68396;1.43425;2.21197;-0.511878;-29.3284;1.2888;4.2352
-0.656923;2.35946;2.4492;0.593764;34.0202;5.07445;1.12067
-1.82673;1.42183;2.31485;-0.637853;-36.5463;1.09453;5.27913
-0.812374;2.33651;2.47371;0.574786;32.9328;5.76007;1.06376
-1.68859;1.52354;2.27432;-0.502121;-28.7694;1.31114;4.16915
-0.64323;2.21003;2.30173;0.553508;31.7137;5.24359;1.13467
-1.56224;1.3245;2.04814;-0.584345;-33.4805;1.25448;4.38501
-0.618942;2.34788;2.42809;0.609818;34.94;6.10172;1.05071
