#1 AntVel X	#2 AntVel Y	#3 Speed	#4 Turning Angle Rad		#5 Turning Angle Deg	#6 Detected Phero Left	#7 Detected Phero Right	
1.78388;0.962626;2.02704;-0.075916;-4.34966;0.7;0.7
1.5533;0.918757;1.80468;-0.0392932;-2.25133;0.7;0.7
1.81572;1.05471;2.09982;0.0078973;0.452482;0.7;0.7
1.61821;1.05372;1.93104;-0.0509542;-2.91946;0.7;0.7
1.51324;1.18337;1.921;-0.0864836;-4.95514;0.7;0.7
1.6099;1.3044;2.07201;-0.0172756;-0.98982;0.7;0.7
1.61359;1.40282;2.13812;-0.0346833;-1.9872;0.7;0.7
1.51341;1.30455;1.99806;0.0042153;0.241519;0.7;0.7
1.55399;1.41868;2.10417;-0.0284919;-1.63247;0.7;0.7
1.4733;1.36396;2.00774;-0.00696718;-0.39919;0.7;0.7
1.49956;1.3679;2.02974;0.0073646;0.42196;0.7;0.7
1.45707;1.41804;2.03319;-0.0323094;-1.85119;0.7;0.7
1.36006;1.34336;1.91164;-0.00740096;-0.424044;0.7;0.7
1.60566;1.77863;2.39618;-0.0572388;-3.27954;0.7;0.7
1.34234;1.48311;2.00037;0.00128275;0.073496;0.7;0.7
1.34369;1.50115;2.01468;-0.00551249;-0.315842;0.7;0.7
1.37887;1.62823;2.13364;-0.0274418;-1.5723;0.7;0.7
1.35239;1.503;2.02187;0.0300386;1.72108;0.7;0.7
1.18747;1.44822;1.87281;-0.0459114;-2.63053;0.7;0.7
1.46618;1.17057;1.87615;0.210254;12.0467;0.7;0.7
1.56014;1.2462;1.99676;-0.000241469;-0.0138351;0.7;0.7
1.53989;1.24118;1.97782;-0.00440368;-0.252312;0.7;0.7
1.56688;1.22306;1.98771;0.0156162;0.894743;0.7;0.7
1.5892;1.21601;2.00106;0.00964203;0.552448;0.7;0.7
1.67391;1.30025;2.11958;-0.00727504;-0.416829;0.7;0.7
1.84103;1.40627;2.31668;0.00810878;0.464599;0.7;0.7
1.56454;1.27889;2.02073;-0.0329686;-1.88896;0.7;0.7
1.63227;1.18323;2.01602;0.058035;3.32516;0.7;0.7
1.63159;1.2068;2.0294;-0.00960319;-0.550222;0.7;0.7
1.91174;1.27186;2.29617;0.0497941;2.85299;0.7;0.7
1.4967;0.984397;1.79141;0.00527119;0.302017;0.7;0.7
1.62873;1.13447;1.98489;-0.0266183;-1.52512;0.7;0.7
1.54914;0.991505;1.83927;0.0390581;2.23787;0.7;0.7
1.49431;1.12149;1.86834;-0.074486;-4.26773;0.7;0.7
1.62942;1.20363;2.02577;0.00760238;0.435584;0.7;0.7
1.65563;1.18532;2.0362;0.0148824;0.852697;0.7;0.7
1.54217;1.23052;1.97293;-0.0521271;-2.98666;0.7;0.7
1.31577;1.10502;1.71823;-0.025092;-1.43767;0.7;0.7
1.4846;1.23613;1.93185;0.00423146;0.242445;0.7;0.7
1.45918;1.03938;1.79151;0.075393;4.3197;0.7;0.7
1.74374;1.09681;2.06001;0.0574648;3.29249;0.7;0.7
1.69441;1.07767;2.00809;-0.00501158;-0.287142;0.7;0.7
1.82614;1.21101;2.1912;-0.0190835;-1.0934;0.7;0.7
1.66197;1.08592;1.98528;0.00680834;0.390089;0.7;0.7
1.86235;1.00268;2.11511;0.0848657;4.86245;0.7;0.7
1.75682;1.07446;2.05934;-0.0550104;-3.15187;0.7;0.7
1.61207;1.08742;1.94454;-0.0445367;-2.55176;0.7;0.7
1.68721;1.26411;2.10824;-0.0495719;-2.84026;0.7;0.7
1.48732;1.24893;1.94215;-0.0554863;-3.17913;0.7;0.7
1.6092;1.24589;2.03513;0.0396653;2.27265;0.7;0.7
1.58277;1.22947;2.00419;-0.00159445;-0.0913551;0.7;0.7
1.61532;1.27435;2.05748;-0.00752075;-0.430907;0.7;0.7
1.5693;1.23454;1.99669;0.00137767;0.0789345;0.7;0.7
1.55979;1.23441;1.98914;-0.00290417;-0.166396;0.7;0.7
1.4558;1.06201;1.802;0.0392181;2.24703;0.7;0.7
1.70809;1.2237;2.10119;0.0085963;0.492532;0.7;0.7
1.71425;1.41689;2.22401;-0.0690542;-3.95651;0.7;0.7
1.51516;1.25492;1.96737;-0.0010142;-0.0581094;0.7;0.7
1.5681;1.16083;1.95102;0.0544732;3.12108;0.7;0.7
1.59747;1.19964;1.99776;-0.00686354;-0.393252;0.7;0.7
1.59692;1.19017;1.99164;0.00363671;0.208368;0.7;0.7
1.55226;1.04103;1.86903;0.0497218;2.84885;0.7;0.7
1.66412;1.13823;2.01616;-0.00913716;-0.523521;0.7;0.7
1.81031;1.10704;2.12197;0.0510499;2.92494;0.7;0.7
1.7263;1.09203;2.0427;-0.0151883;-0.870224;0.7;0.7
1.66717;1.05676;1.97388;-0.000915295;-0.0524425;0.7;0.7
1.64704;1.02813;1.94159;0.00690381;0.395559;0.7;0.7
1.83331;1.03411;2.10485;0.0444658;2.5477;0.7;0.7
1.60144;1.03515;1.90687;-0.0602534;-3.45226;0.7;0.7
1.73293;1.10871;2.05725;0.00467006;0.267575;0.7;0.7
1.60347;1.08504;1.93609;-0.0257434;-1.47499;0.7;0.7
1.62674;1.1523;1.99351;-0.021403;-1.2263;0.7;0.7
1.59148;1.23012;2.01147;-0.0417121;-2.38993;0.7;0.7
1.48648;0.983034;1.78212;0.0737308;4.22446;0.7;0.7
1.68348;1.09309;2.00723;0.00840607;0.481632;0.7;0.7
1.6436;1.04441;1.94736;0.00981058;0.562105;0.7;0.7
1.68794;1.07289;2.00006;-0.000124793;-0.00715013;0.7;0.7
1.65999;0.894856;1.88583;0.0717835;4.11289;0.7;0.7
1.73248;0.875741;1.94124;0.0263888;1.51197;0.7;0.7
1.80978;0.761616;1.96351;0.0696891;3.99289;0.7;0.7
1.86022;0.726306;1.99698;0.0260982;1.49531;0.7;0.7
1.73761;0.675462;1.86428;0.0014856;0.0851186;0.7;0.700012
1.84464;0.700709;1.97325;0.00772728;0.442741;0.700002;0.729499
1.46878;1.78771;2.3137;-0.519999;-29.7938;0.701169;2.06149
1.53385;1.1632;1.92503;0.234198;13.4186;2.90668;1.84342
2.02347;0.643471;2.12332;0.340936;19.5342;2.66183;1.31365
2.35033;-0.48627;2.40011;0.511907;29.3301;2.48736;0.702636
1.73317;-0.874672;1.94138;0.263357;15.0892;1.10162;0.700001
1.80413;-1.0165;2.07079;0.0457204;2.61959;0.792217;0.7
1.71588;-1.03997;2.00643;0.0317891;1.82138;0.73492;0.7
2.03019;-1.14339;2.33003;-0.0319662;-1.83153;0.704612;0.7
1.5699;-1.31763;2.04957;0.185336;10.619;0.731003;0.7
1.5719;-1.22409;1.9923;-0.0366127;-2.09775;0.700293;0.7
1.67231;-1.05615;1.9779;-0.09834;-5.63447;0.703558;0.7
1.39498;-1.20377;1.84256;0.148657;8.5174;0.928723;0.7
1.41167;-1.08525;1.78061;-0.0565507;-3.24012;0.726103;0.7
1.2666;-1.54699;1.99936;0.229324;13.1393;1.0375;0.7
1.24246;-1.5815;2.01118;0.020154;1.15474;0.703295;0.7
1.43885;-1.57286;2.13171;-0.0750154;-4.29807;0.702959;0.7
1.28832;-1.50927;1.98436;0.0343465;1.96791;0.752196;0.7
1.3707;-1.45084;1.99593;-0.0504202;-2.88886;0.766976;0.7
0.992185;-1.77738;2.03557;0.247865;14.2016;1.20105;0.7
1.2214;-1.81973;2.19163;-0.0819938;-4.6979;0.704829;0.7
0.989227;-1.76911;2.0269;0.0812781;4.65689;0.824398;0.7
1.00344;-1.69388;1.96879;-0.0249528;-1.42969;0.745228;0.7
0.722921;-1.90114;2.03395;0.171435;9.82252;0.891365;0.7
0.698053;-1.8606;1.98724;0.00444674;0.25478;0.705231;0.7
0.708798;-1.84204;1.9737;-0.00840144;-0.481367;0.704376;0.7
0.975723;-1.93889;2.17056;-0.098909;-5.66707;0.703679;0.7
0.91248;-1.74559;1.96969;-0.0154354;-0.884383;0.755385;0.7
0.78903;-1.84273;2.00455;0.0771039;4.41773;0.812845;0.7
0.740652;-1.87029;2.0116;0.0275053;1.57594;0.726217;0.7
0.777897;-1.83513;1.99319;-0.0238717;-1.36775;0.710757;0.7
0.755898;-1.82872;1.97879;0.00897251;0.514087;0.715682;0.7
0.54473;-1.65598;1.74328;0.0741631;4.24924;0.718885;0.7
0.545005;-2.05751;2.12847;0.0588583;3.37233;0.710916;0.700009
0.251996;-1.74434;1.76245;0.115466;6.61573;0.785532;0.709693
0.515444;-1.93611;2.00355;-0.116719;-6.6875;0.97492;1.19206
-0.0802061;-2.05526;2.05682;0.299196;17.1427;3.19575;1.77579
-1.02095;-1.89845;2.15556;0.454411;26.0358;2.75821;1.01189
-1.19409;-1.59914;1.99577;0.147976;8.47841;0.947473;0.709968
-1.33081;-1.66771;2.13361;0.0321176;1.8402;0.868342;0.702082
-1.51676;-1.05466;1.8474;0.289696;16.5984;1.05515;0.700297
-1.47244;-1.03792;1.80149;-0.00641391;-0.36749;0.719974;0.701461
-1.41207;-1.25946;1.89214;-0.114331;-6.55069;0.73563;0.700501
-1.51724;-1.0877;1.86684;0.106359;6.0939;0.928487;0.700028
-1.70589;-1.04236;1.99914;0.073483;4.21027;0.829858;0.700006
-1.81379;-1.32512;2.24628;-0.0824622;-4.72474;0.79368;0.7
-1.93829;-0.842548;2.11349;0.220909;12.6571;1.11472;0.7
-1.73609;-0.573427;1.82834;0.0910302;5.21565;0.817232;0.7
-2.06756;-0.566574;2.14378;0.0515529;2.95376;0.790691;0.701108
-2.08523;-0.3184;2.1094;0.115942;6.64298;1.20788;1.40848
-1.95655;-0.928376;2.16563;-0.291516;-16.7026;2.18858;4.59829
-1.41069;-1.73611;2.23699;-0.445406;-25.5199;1.41092;4.52873
-0.883223;-1.82326;2.02592;-0.231246;-13.2494;1.31185;2.02475
-0.513487;-1.94135;2.00811;-0.192528;-11.0311;0.716039;1.05331
-0.0317373;-1.97403;1.97428;-0.242502;-13.8943;0.700036;0.811595
-0.128003;-1.99143;1.99554;0.0481126;2.75665;0.771065;0.718361
-0.0998849;-2.04983;2.05227;-0.0154989;-0.888021;0.943443;0.758838
-0.570726;-1.92182;2.00478;0.239986;13.7502;1.2431;0.793159
-0.10187;-1.92968;1.93237;-0.235934;-13.518;0.880734;1.03007
-0.432261;-1.97484;2.02159;0.162744;9.32456;1.29152;0.966774
-0.593692;-2.248;2.32507;0.0427162;2.44746;1.06823;0.956118
-0.63151;-1.90335;2.00538;0.0621568;3.56132;0.889836;0.784565
-0.708705;-1.80199;1.93635;0.0543491;3.11398;0.742939;0.707996
-0.73813;-1.86083;2.00188;0.00292184;0.167409;0.707863;0.702344
-0.690765;-1.72576;1.85887;0.00310669;0.178;0.740335;0.751522
-0.60534;-1.92247;2.01552;-0.0756893;-4.33668;0.981141;1.0596
-0.639384;-1.78989;1.90066;0.0380448;2.17981;1.42589;1.41277
-0.63995;-1.94543;2.04798;-0.0252916;-1.4491;1.41907;1.5709
-0.45985;-1.91425;1.96871;-0.0820433;-4.70073;0.973087;1.16212
-0.333298;-2.06665;2.09335;-0.0758598;-4.34644;0.70867;0.818071
-0.255429;-1.94116;1.95789;-0.0290636;-1.66522;0.700116;0.712784
-0.229596;-1.98362;1.99686;-0.015601;-0.893869;0.700059;0.71007
-0.210369;-1.919;1.9305;-0.0060454;-0.346376;0.700015;0.80375
0.482527;-2.04696;2.10306;-0.34069;-19.5201;0.700001;1.34354
0.483813;-1.76777;1.83278;-0.035641;-2.04208;0.700003;0.779489
0.916973;-1.76631;1.99015;-0.211703;-12.1297;0.7;0.900458
1.07033;-1.73851;2.04157;-0.0730066;-4.18297;0.700001;0.771174
1.05387;-1.64356;1.95242;-0.0183195;-1.04963;0.7;0.790355
1.19608;-1.53738;1.94786;-0.0910053;-5.21422;0.7;0.866348
1.39723;-1.70148;2.20166;-0.0263461;-1.50952;0.7;0.845616
1.3562;-1.29724;1.87672;-0.120089;-6.88059;0.7;0.899797
1.72158;-1.25508;2.13051;-0.133241;-7.63415;0.7;0.82299
1.60392;-1.05051;1.91733;-0.0500838;-2.86959;0.700001;0.749158
1.74719;-1.05648;2.04177;-0.0360095;-2.06319;0.700003;0.730639
1.79277;-0.872538;1.99383;-0.0908993;-5.20814;0.70001;0.719
1.65406;-0.791008;1.83347;-0.00687443;-0.393876;0.700191;0.70509
1.88324;-0.90498;2.0894;0.0018876;0.108152;0.70044;0.702771
1.87045;-0.892335;2.0724;-0.00282716;-0.161985;0.700922;0.701365
1.88302;-0.83738;2.06082;-0.0266971;-1.52963;0.702196;0.700568
1.98062;-0.84029;2.1515;-0.0171978;-0.98536;0.707888;0.70015
1.7149;-0.693871;1.84996;-0.0167639;-0.960498;0.723935;0.700034
1.83661;-1.26571;2.23051;0.218934;12.544;0.759255;0.700007
1.65611;-1.1301;2.00495;-0.00460819;-0.26403;0.709774;0.700092
1.6832;-1.0818;2.00086;-0.027571;-1.5797;0.71351;0.700064
1.74388;-1.1167;2.07078;-0.00166518;-0.0954079;0.722596;0.700028
1.72111;-1.07341;2.0284;-0.0119203;-0.682981;0.729684;0.700019
1.68125;-1.1854;2.05713;0.0564739;3.23571;0.743494;0.70001
1.57803;-1.14711;1.95091;0.0144494;0.827892;0.733266;0.700019
1.55535;-1.22579;1.98032;0.0388793;2.22762;0.734157;0.700019
1.58904;-1.19235;1.98664;-0.0237169;-1.35888;0.726991;0.700034
1.33427;-1.03563;1.68903;0.0163147;0.934766;0.736624;0.700021
1.56864;-1.26515;2.01525;0.0186644;1.06939;0.735241;0.700027
1.54641;-1.26298;1.99662;0.0061386;0.351716;0.731186;0.700042
1.59876;-1.30355;2.06283;-0.000816776;-0.0467978;0.727761;0.700062
1.41928;-1.43099;2.01547;0.105474;6.04321;0.724597;0.700085
1.72572;-1.58836;2.34542;-0.0455308;-2.60872;0.707273;0.70075
1.4488;-1.21225;1.88906;-0.0472385;-2.70656;0.707342;0.700817
1.64381;-1.12364;1.99115;-0.0971319;-5.56525;0.709011;0.700686
1.56071;-1.23629;1.99104;0.07032;4.02904;0.718668;0.700238
1.57352;-1.28336;2.03051;0.014254;0.816695;0.708331;0.70095
1.47518;-1.33809;1.99164;0.0525257;3.0095;0.704949;0.702228
1.58949;-1.39337;2.11375;-0.0169593;-0.971699;0.701685;0.709034
1.51773;-1.23614;1.95744;-0.0362465;-2.07677;0.70091;0.714491
1.67651;-1.0856;1.9973;-0.10886;-6.23724;0.700762;0.714417
1.47703;-1.07225;1.82519;0.053292;3.05341;0.702423;0.705322
1.52146;-1.16915;1.91879;0.0272678;1.56233;0.701397;0.708094
1.5884;-1.40276;2.11913;0.0682147;3.90842;0.700998;0.710431
1.40285;-1.33949;1.93964;0.0388843;2.22791;0.700365;0.722442
1.41023;-1.45774;2.02824;0.0396626;2.2725;0.700157;0.743045
1.5608;-1.61031;2.24259;-0.000947828;-0.0543065;0.700053;0.799058
1.53298;-1.26793;1.98939;-0.109962;-6.30038;0.700023;0.87476
1.58202;-1.23316;2.00586;-0.0289427;-1.6583;0.70005;0.792615
1.59955;-1.24992;2.02999;0.00119754;0.0686139;0.700055;0.791666
1.60121;-1.12666;1.95786;-0.0501459;-2.87315;0.700043;0.817771
1.84725;-1.06425;2.1319;-0.0904801;-5.18413;0.700076;0.786229
1.76224;-0.959617;2.00658;-0.0240347;-1.37708;0.700298;0.737159
1.69919;-1.15945;2.05708;0.10014;5.73759;0.700571;0.725132
1.69269;-1.05747;1.99586;-0.0403813;-2.31368;0.700204;0.755438
1.71161;-1.00857;1.98666;-0.0259243;-1.48535;0.700348;0.740541
1.66074;-1.06188;1.9712;0.0364123;2.08627;0.700492;0.73195
1.71376;-1.11829;2.04635;0.00926517;0.530855;0.7003;0.75218
1.69195;-1.05303;1.99288;-0.0214448;-1.2287;0.700193;0.799322
1.83301;-0.727415;1.97207;-0.17893;-10.2519;0.700125;0.827247
1.8906;-0.773004;2.04253;0.0103453;0.592742;0.700279;0.705735
1.87528;-0.712877;2.00621;-0.0248534;-1.42399;0.700146;0.701444
1.86915;-0.708026;1.99875;-0.00117782;-0.0674842;0.700465;0.70011
1.83417;-0.998843;2.08851;0.136574;7.82509;0.701435;0.700009
1.67208;-0.968997;1.93257;0.0265519;1.52131;0.700047;0.700244
1.7403;-0.893848;1.95643;-0.0507397;-2.90717;0.700017;0.701112
1.88134;-0.863016;2.06984;-0.0443953;-2.54366;0.700095;0.700232
1.82235;-0.818048;1.99754;-0.00814876;-0.46689;0.701102;0.700038
1.98358;-0.686282;2.09894;-0.088846;-5.0905;0.703043;0.700005
1.85781;-0.741796;2.00043;0.0467999;2.68144;0.753742;0.7
1.9556;-0.777461;2.10447;-0.00149286;-0.0855347;0.75573;0.7
1.80988;-0.982999;2.0596;0.119154;6.82701;0.845662;0.7
1.83934;-0.849295;2.02595;-0.064978;-3.72297;0.732685;0.7
1.71943;-1.01157;1.99492;0.0992117;5.68441;0.879002;0.7
1.654;-1.0298;1.94839;0.0250969;1.43795;0.776521;0.7
1.70703;-1.08661;2.02353;0.00998157;0.571902;0.784975;0.7
1.5884;-1.23487;2.01195;0.0939628;5.38367;0.842223;0.7
1.47587;-1.29515;1.96357;0.0594472;3.40608;0.768588;0.7
1.54997;-1.37588;2.07255;0.00569192;0.326123;0.760112;0.7
1.55934;-1.43893;2.1218;0.019294;1.10547;0.836817;0.7
1.19216;-1.52787;1.93794;0.16294;9.33578;0.928203;0.7
1.17523;-1.77589;2.12954;0.0779904;4.46852;0.726347;0.7
1.21946;-1.85795;2.2224;0.00378177;0.216679;0.704484;0.7
1.10518;-1.58189;1.92972;-0.0289948;-1.66128;0.702299;0.7
1.10948;-1.76546;2.08514;0.0487511;2.79323;0.703385;0.7
1.06557;-1.68108;1.99035;-0.00387729;-0.222153;0.70073;0.7
1.08031;-1.59659;1.92774;-0.0299272;-1.7147;0.700324;0.7
1.32578;-1.65889;2.12358;-0.0793814;-4.54822;0.700268;0.7
1.22467;-1.62424;2.03421;0.028199;1.61568;0.701004;0.7
1.20218;-1.59005;1.99336;-0.00131796;-0.0755138;0.700313;0.7
1.15479;-1.47454;1.87291;-0.0170135;-0.974799;0.700181;0.7
1.16887;-1.47523;1.88217;-0.00566028;-0.32431;0.70015;0.7
1.30381;-1.55353;2.02814;-0.0281795;-1.61457;0.700077;0.7
1.19716;-1.41462;1.8532;-0.00410219;-0.235038;0.700056;0.7
1.29372;-1.39813;1.90486;-0.0443047;-2.53847;0.700035;0.7
1.36983;-1.49541;2.02797;0.00503591;0.288536;0.700109;0.7
1.27135;-1.1872;1.73947;-0.078015;-4.46993;0.700129;0.7
1.32325;-1.24741;1.81852;0.00471836;0.270342;0.71026;0.7
1.57565;-1.55036;2.2105;0.0214056;1.22645;0.787441;0.7
1.03155;-1.77515;2.05311;0.267075;15.3022;1.0729;0.7
1.05166;-1.65311;1.95927;-0.0401793;-2.3021;0.701355;0.7
1.04528;-1.58934;1.90227;-0.0151622;-0.868732;0.706145;0.7
1.16808;-1.75855;2.11114;-0.00456058;-0.261302;0.703359;0.7
0.868984;-1.63936;1.85543;0.0988979;5.66643;0.701264;0.7
1.05569;-1.72396;2.02151;-0.0620454;-3.55494;0.700016;0.700311
1.04342;-1.70975;2.00299;0.00152162;0.0871825;0.700009;0.700667
0.934371;-1.724;1.96093;0.0512775;2.93798;0.7;0.70561
1.42049;-1.66214;2.18644;-0.210501;-12.0608;0.7;0.795125
1.2097;-1.47766;1.90967;0.0211487;1.21173;0.700001;0.703274
1.38391;-1.30777;1.90407;-0.127663;-7.31458;0.7;0.710342
1.44779;-1.37111;1.994;0.00108752;0.0623106;0.700027;0.700471
1.29974;-1.22336;1.78492;-0.00306963;-0.175877;0.700039;0.700161
1.49769;-1.3878;2.04182;-0.00780241;-0.447045;0.700068;0.700047
1.32864;-1.45118;1.96753;0.0821197;4.70511;0.700138;0.70001
1.39315;-1.5125;2.05634;-0.0030009;-0.171939;0.700005;0.700044
1.41699;-1.66364;2.1853;0.0388392;2.22532;0.700002;0.700019
1.20047;-1.49158;1.91466;0.0278283;1.59444;0.7;0.700035
1.57302;-1.73596;2.34264;-0.0585178;-3.35282;0.7;0.700059
1.18718;-1.3799;1.82031;0.025728;1.47411;0.7;0.700003
1.34547;-1.54606;2.04953;-0.00567009;-0.324872;0.7;0.700002
1.32707;-1.56438;2.05144;0.0126288;0.723576;0.7;0.7
1.43201;-1.59854;2.14616;-0.0269933;-1.5466;0.7;0.7
1.39937;-1.48239;2.03856;-0.0260931;-1.49503;0.700001;0.7
1.43503;-1.43054;2.02626;-0.0303723;-1.7402;0.700008;0.7
1.5964;-1.42272;2.13837;-0.055894;-3.20249;0.700079;0.7
1.52694;-1.25546;1.9768;-0.0397981;-2.28026;0.702039;0.7
1.44623;-1.14801;1.84649;-0.0171892;-0.984866;0.718433;0.7
1.4358;-1.5054;2.08033;0.138111;7.91315;0.769063;0.7
1.30754;-1.41119;1.92383;0.014446;0.827696;0.708842;0.70012
1.54813;-1.27667;2.00664;-0.133911;-7.67255;0.708611;0.922663
1.90231;-0.889641;2.10006;-0.252147;-14.447;1.02693;1.72992
1.51279;-1.03284;1.83175;0.1616;9.259;2.15284;1.66679
1.05284;-2.19783;2.43699;0.525012;30.081;2.55616;0.702163
0.59074;-1.87198;1.96298;0.14106;8.08215;0.742546;0.7
0.619745;-1.8963;1.99501;-0.0101965;-0.584216;0.700705;0.7
0.620946;-1.89986;1.99876;-1.75184e-05;-0.00100373;0.700598;0.7
0.550057;-1.86457;1.94401;0.0290248;1.663;0.700463;0.7
0.55563;-2.01862;2.0937;0.0182673;1.04664;0.700111;0.700009
0.865048;-1.73211;1.93611;-0.194581;-11.1487;0.700015;0.700387
0.934493;-2.05188;2.25466;0.0358193;2.05229;0.700126;0.700004
0.669832;-1.80037;1.92094;0.071179;4.07825;0.700001;0.700285
0.722851;-1.87401;2.00859;-0.0119553;-0.68499;0.7;0.719261
0.744672;-1.87577;2.01818;-0.00977506;-0.560069;0.7;0.767385
1.10936;-1.9719;2.26254;-0.13454;-7.70858;0.7;0.840228
0.968178;-1.71074;1.96571;-0.00254447;-0.145787;0.7;0.722133
1.02228;-1.7156;1.99708;-0.022379;-1.28222;0.7;0.718478
1.25063;-1.59637;2.02792;-0.127172;-7.2864;0.7;0.708109
1.44405;-1.59952;2.15494;-0.0698117;-3.99992;0.7;0.700173
1.39289;-1.51218;2.05592;-0.00999658;-0.572762;0.7;0.700005
1.48182;-1.67254;2.23454;0.0193501;1.10868;0.7;0.700001
1.31779;-1.50797;2.00263;0.00681023;0.390197;0.7;0.7
1.34428;-1.4373;1.96797;-0.0337701;-1.93489;0.7;0.7
1.42378;-1.39788;1.9953;-0.042612;-2.44149;0.700003;0.7
1.42781;-1.24672;1.89551;-0.0584234;-3.34741;0.70007;0.7
1.38198;-1.2597;1.86995;0.021349;1.22321;0.702538;0.7
1.64075;-1.33296;2.11396;-0.0568783;-3.25889;0.70785;0.7
1.59532;-1.65529;2.29892;0.121581;6.96606;0.838021;0.7
1.40535;-1.84526;2.31949;0.116068;6.65023;0.749485;0.7
1.37995;-1.54466;2.07129;-0.0782557;-4.48372;0.706734;0.70002
1.39363;-1.57046;2.09965;0.00332479;0.190496;0.739688;0.700842
1.25384;-1.7104;2.12075;0.0932354;5.34199;0.832465;0.724843
1.01864;-1.74692;2.02221;0.104673;5.99735;1.18686;1.08139
1.74485;-1.2853;2.16714;-0.408005;-23.3769;2.77145;7.01404
1.77409;-0.806762;1.94892;-0.208093;-11.9229;2.76008;5.32112
2.54634;0.402266;2.57791;-0.583477;-33.4308;0.998121;6.29019
1.74125;1.27727;2.15948;-0.476196;-27.284;0.707177;2.05837
1.49366;1.27775;1.96563;-0.0747678;-4.28388;0.725872;0.73519
1.51105;1.30676;1.99772;-0.00537579;-0.30801;0.716833;0.748418
1.38131;1.49021;2.03193;-0.110279;-6.31855;0.703805;0.887338
1.12829;1.74314;2.07643;-0.173036;-9.91424;0.702483;0.886855
1.02395;1.74168;2.02038;-0.0429732;-2.46218;0.706486;0.757048
1.17254;1.97157;2.29389;0.00504632;0.289133;0.70517;0.781269
0.969432;1.8143;2.05705;-0.0457979;-2.62403;0.701671;0.93306
0.716504;1.89812;2.02885;-0.129788;-7.43633;0.701074;0.997769
0.56924;1.897;1.98057;-0.0694199;-3.97746;0.703138;0.804914
0.285296;1.89893;1.92025;-0.142399;-8.15887;0.706753;0.751729
0.25564;2.0142;2.03036;-0.0228804;-1.31095;0.758718;0.705259
0.625417;2.1027;2.19374;0.162858;9.33107;0.826863;0.70194
0.554473;1.69862;1.78683;0.0264179;1.51363;0.723254;0.721235
0.591917;1.8924;1.98282;-0.0123747;-0.709021;0.717893;0.741916
0.543139;1.69629;1.78112;0.0067328;0.385761;0.719975;0.746793
0.60768;1.94805;2.04063;-0.00750057;-0.429751;0.717903;0.764574
0.564241;1.93806;2.01852;-0.0190711;-1.09269;0.717867;0.77288
0.359848;1.68019;1.71829;-0.072322;-4.14375;0.72041;0.763218
0.398193;1.95091;1.99113;-0.00964358;-0.552536;0.747065;0.722506
0.498991;1.80372;1.87147;0.0685548;3.9279;0.771297;0.713287
0.57997;1.93992;2.02476;0.0206126;1.18101;0.745657;0.722858
0.542089;1.90058;1.97638;-0.012663;-0.725539;0.744697;0.724978
0.48655;1.82832;1.89195;-0.017754;-1.01723;0.762711;0.717876
0.608835;1.91461;2.00908;0.0477919;2.73828;0.798787;0.711329
0.714775;1.93025;2.05834;0.0467621;2.67927;0.775229;0.718231
0.733384;1.82079;1.96294;0.0282588;1.61911;0.749981;0.734221
0.813665;1.65733;1.84629;0.0734779;4.20997;0.736202;0.759264
0.878629;1.78889;1.99302;0.000168037;0.00962778;0.715282;0.908595
0.507868;2.09069;2.15149;-0.218247;-12.5046;0.711116;1.02488
0.510445;1.90762;1.97473;0.0231547;1.32667;0.793978;0.728025
0.608739;1.8356;1.93391;0.058758;3.36658;0.795714;0.730393
0.619946;1.91078;2.00884;-0.00648475;-0.371549;0.759883;0.760491
0.490095;1.97182;2.03181;-0.0701173;-4.01743;0.764226;0.757876
0.453181;1.8921;1.94562;-0.00852984;-0.488724;0.844135;0.72132
0.712671;2.02757;2.14917;0.102918;5.89675;0.895612;0.714114
0.804183;2.04863;2.20082;0.0360636;2.06629;0.780506;0.743786
0.62611;1.97624;2.07305;-0.0672502;-3.85315;0.754718;0.773694
0.624761;1.63359;1.74898;0.0584684;3.34999;0.815517;0.730143
0.655355;1.82228;1.93654;-0.0200515;-1.14887;0.773441;0.758763
0.762746;1.74578;1.90513;0.0666827;3.82064;0.800975;0.745309
0.74267;1.9532;2.08963;-0.0485643;-2.78253;0.759915;0.807012
0.846976;1.63606;1.8423;0.114352;6.55188;0.80905;0.762242
0.651772;1.87302;1.98318;-0.142828;-8.18342;0.742214;0.940977
0.618663;2.02515;2.11754;-0.0383882;-2.19948;0.871137;0.748573
0.910068;1.97512;2.1747;0.135285;7.75126;1.08175;0.720457
0.846535;1.89427;2.07482;-0.0115038;-0.659119;0.873972;0.765138
1.07408;1.83494;2.12619;0.10931;6.26297;0.998916;0.741623
0.992591;1.54392;1.83546;0.0417937;2.3946;0.866766;0.788767
0.997069;1.46596;1.77291;0.0259059;1.4843;0.858749;0.801552
1.16622;1.60342;1.98268;0.0315592;1.80821;0.87798;0.798214
1.15982;1.71962;2.0742;-0.0354543;-2.03138;0.899137;0.79455
1.488;1.40694;2.04784;0.220011;12.6057;1.16811;0.741218
1.23559;1.4437;1.90025;-0.105513;-6.04545;0.785366;0.925643
1.56125;1.49857;2.16407;0.0980017;5.61508;1.03246;0.768622
1.53681;1.25928;1.98685;0.0784487;4.49478;0.926589;0.806433
1.5202;1.2482;1.96698;-0.00099338;-0.0569165;0.864497;0.857471
1.65111;1.13357;2.00279;0.0858171;4.91696;0.960245;0.8121
1.59964;1.08898;1.93513;0.00394352;0.225947;0.882453;0.862527
1.80817;1.02391;2.07794;0.0824504;4.72406;0.976946;0.818344
1.75551;0.946114;1.99423;0.0209375;1.19963;0.902065;0.862219
1.79941;0.792651;1.96626;0.0793814;4.54822;0.954006;0.836497
1.82125;0.842645;2.00674;-0.0184136;-1.05502;0.87477;0.894235
1.86619;0.671185;1.98322;0.0880929;5.04735;1.00823;0.823808
1.87986;0.720369;2.01315;-0.0206932;-1.18563;0.889879;0.90209
1.95583;0.554837;2.03301;0.0895225;5.12926;1.00153;0.836445
1.89703;0.641641;2.00261;-0.0497335;-2.84952;0.860115;0.950088
1.93513;0.546109;2.01071;0.0511003;2.92783;0.986203;0.850528
1.88618;0.546926;1.96387;-0.00717086;-0.41086;0.899072;0.922272
1.84617;0.443633;1.89873;0.0463979;2.65841;0.917218;0.91875
2.00435;0.608027;2.09454;-0.0587036;-3.36347;0.840467;1.05587
1.87489;0.639866;1.98107;-0.0343567;-1.96849;0.928606;0.950295
1.85076;0.449113;1.90447;0.0908252;5.2039;1.03604;0.89285
1.90591;0.469537;1.9629;-0.00348529;-0.199692;1.22556;1.11972
2.08049;-0.0959505;2.0827;0.287634;16.4802;2.13879;1.17894
1.98913;0.908278;2.18669;-0.474432;-27.1829;1.67971;3.64412
2.10581;0.187582;2.11415;0.339501;19.452;2.05615;0.985185
2.05791;0.667912;2.16358;-0.224989;-12.8909;1.38515;3.0131
1.56267;1.37254;2.07986;-0.40688;-23.3125;0.771843;1.69411
2.20624;0.561992;2.27669;0.471289;27.0029;2.35715;0.751674
1.88026;1.10211;2.17945;-0.28075;-16.0858;0.770567;1.74402
1.93636;0.650935;2.04284;0.205878;11.7959;1.30187;0.852388
1.72608;1.04616;2.01837;-0.220588;-12.6388;0.844543;1.33355
1.96638;0.557016;2.04375;0.268846;15.4037;1.49449;0.820839
1.58492;1.11514;1.93791;-0.337096;-19.3142;0.83004;1.46894
2.16787;0.381366;2.20116;0.438998;25.1527;2.14331;0.766802
1.86124;1.01043;2.11782;-0.323224;-18.5194;0.784213;1.83672
1.93027;0.630197;2.03054;0.181789;10.4158;1.47456;0.860848
1.91431;0.82304;2.08374;-0.0904775;-5.18398;0.947377;1.05652
1.9032;0.677058;2.02004;0.0642624;3.68197;0.98546;0.831785
1.98587;0.633973;2.08461;0.0327716;1.87768;0.788732;0.76627
1.81788;0.59488;1.91273;-0.00724128;-0.414895;0.715175;0.714452
1.90546;0.624842;2.00529;-0.000616652;-0.0353315;0.701684;0.701755
2.04036;0.0998954;2.04281;0.267952;15.3525;1.25591;0.94923
1.98682;1.15885;2.30009;-0.479105;-27.4507;0.777641;2.23366
2.28415;0.162538;2.28993;0.456987;26.1834;2.13981;0.780475
2.11535;1.11798;2.39261;-0.415152;-23.7865;0.792665;2.10989
2.17277;0.337367;2.19881;0.332151;19.0309;1.87564;0.820689
1.88482;0.950879;2.1111;-0.313195;-17.9448;0.875853;1.58729
2.01842;0.252813;2.03419;0.342632;19.6313;1.83234;0.826958
1.90903;0.874933;2.09997;-0.305143;-17.4834;0.857383;1.72402
1.79419;0.209844;1.80642;0.313318;17.9518;1.59676;0.87818
1.96476;0.970168;2.19123;-0.342235;-19.6086;0.83606;1.89666
2.02999;0.556981;2.10502;0.190877;10.9365;1.60781;0.875446
1.93569;0.647768;2.0412;-0.0551444;-3.15954;1.01385;1.28787
1.72433;0.455011;1.78335;0.064934;3.72044;1.07604;1.19382
1.8296;0.957261;2.06489;-0.224046;-12.8369;0.918339;1.51104
2.01333;0.63145;2.11003;0.178123;10.2057;1.49139;0.93168
1.78294;0.95552;2.02285;-0.188052;-10.7746;0.984049;1.38092
1.93449;0.442784;1.98452;0.266959;15.2956;1.48451;0.941311
1.77237;1.18087;2.12973;-0.362712;-20.7819;0.849505;1.95966
1.94257;0.634944;2.04371;0.271813;15.5738;1.69507;0.88569
1.99827;1.08892;2.2757;-0.18303;-10.4868;0.916978;1.7227
1.74224;0.868015;1.9465;0.03672;2.1039;1.16441;1.18862
1.59358;1.24732;2.02369;-0.201892;-11.5676;1.01837;1.47253
1.75345;0.845219;1.94653;0.214943;12.3153;1.46338;0.990876
1.42502;1.63766;2.17085;-0.405548;-23.2362;0.908751;2.26355
1.70505;0.788639;1.87861;0.421494;24.1498;1.80854;0.884573
1.67786;1.87222;2.51405;-0.406866;-23.3117;0.829744;4.16758
1.53157;1.70501;2.29189;0.00115775;0.0663343;1.22636;1.38732
0.68075;1.77609;1.90208;-0.365848;-20.9615;1.10232;1.74134
1.32301;1.72127;2.17097;0.2893;16.5757;2.04236;0.879341
0.802136;1.79292;1.96417;-0.234633;-13.4435;1.13607;1.71596
1.25326;1.66209;2.08163;0.225391;12.914;1.42809;1.08804
0.650714;2.01097;2.11363;-0.333124;-19.0866;0.976482;2.00629
1.09628;1.78677;2.09628;0.237376;13.6006;1.52893;0.978343
0.790095;1.82264;1.98652;-0.141285;-8.09505;0.976041;1.52895
0.87173;1.80553;2.00496;0.0407617;2.33548;1.19553;1.11956
0.780498;1.96761;2.11676;-0.0721668;-4.13486;1.10363;1.21637
0.904019;1.82717;2.03858;0.0818148;4.68764;1.27783;1.05855
0.684442;1.96343;2.07931;-0.124027;-7.10621;1.06166;1.32857
0.877439;1.8058;2.00769;0.116882;6.69687;1.32926;1.04905
0.342954;2.03228;2.06101;-0.285127;-16.3366;1.02272;1.42271
1.12603;1.83483;2.1528;0.383254;21.9588;2.0442;0.842485
0.502868;1.85202;1.91907;-0.2853;-16.3465;0.888466;1.87281
0.839581;1.73572;1.92812;0.185395;10.6224;1.42;1.0123
0.477168;1.99238;2.04872;-0.215458;-12.3449;0.968443;1.50821
1.03918;1.92901;2.19111;0.259066;14.8434;1.60979;0.966728
0.361636;2.12375;2.15432;-0.325472;-18.6482;0.928087;1.66102
1.22785;1.82322;2.19812;0.424023;24.2948;2.30389;0.867222
0.579718;1.99948;2.08183;-0.310491;-17.7898;0.873208;1.93128
1.24668;1.67459;2.0877;0.357754;20.4978;1.8082;0.976074
0.598162;2.1427;2.22463;-0.367719;-21.0687;0.861831;1.98198
1.40481;1.73153;2.22973;0.409371;23.4553;2.35357;0.908039
0.848251;1.89486;2.07606;-0.260697;-14.9368;0.913065;1.79318
1.2539;1.61513;2.04472;0.239246;13.7078;1.83334;1.00228
1.0135;1.74569;2.01857;-0.134138;-7.68554;1.09318;1.43407
1.41124;1.45727;2.0286;0.24334;13.9424;1.70946;1.04157
0.989923;1.77058;2.02852;-0.259555;-14.8714;1.01418;1.61981
1.65565;1.36784;2.14759;0.370503;21.2283;2.20828;0.939264
1.10954;1.79565;2.11079;-0.326821;-18.7255;0.937409;1.89434
1.82169;1.27006;2.22072;0.408478;23.4041;2.1735;0.940106
1.15739;1.8481;2.18061;-0.402456;-23.059;0.881284;2.20688
1.84585;0.894277;2.05107;0.560138;32.0936;2.36618;0.917747
1.26963;2.06255;2.422;-0.567856;-32.5358;0.787803;3.45583
1.89487;1.16249;2.22304;0.468728;26.8561;2.56603;0.901764
1.23983;1.56485;1.99648;-0.350486;-20.0814;0.893709;2.34173
1.61134;1.24096;2.03381;0.244503;14.009;1.86655;1.02612
1.33946;1.46589;1.9857;-0.174173;-9.97937;1.09525;1.63192
1.65472;1.25983;2.07973;0.179711;10.2967;1.65174;1.09167
1.54271;1.44629;2.11464;-0.102424;-5.86846;1.12089;1.59874
1.48257;1.15227;1.87769;0.0924592;5.29752;1.35975;1.28135
1.15905;1.64421;2.01167;-0.296083;-16.9643;1.10951;1.6371
1.71385;1.23559;2.11281;0.33213;19.0297;2.46281;0.907823
1.03497;1.55616;1.86891;-0.359251;-20.5836;1.12019;1.66018
2.0908;0.944223;2.29412;0.559704;32.0687;3.00916;0.858135
1.34681;1.82317;2.26668;-0.510364;-29.2417;0.868741;2.94056
1.91509;0.999246;2.16011;0.453639;25.9916;2.61232;0.936569
1.3323;1.73437;2.18702;-0.434848;-24.915;0.936535;2.52564
1.92702;1.00062;2.17133;0.436832;25.0286;2.62215;0.976787
1.37711;1.70735;2.1935;-0.413126;-23.6704;0.96786;2.50009
1.84019;1.13009;2.15949;0.341324;19.5564;2.56245;1.0209
1.4285;1.42047;2.01453;-0.231844;-13.2837;1.13788;1.95013
2.00976;1.19002;2.33566;0.247974;14.2079;2.08635;1.18874
1.30001;1.57218;2.04004;-0.345273;-19.7827;1.17641;1.90486
2.15568;0.929856;2.34767;0.472639;27.0802;3.86079;0.983393
1.68504;1.22282;2.08199;-0.220524;-12.6351;1.2175;1.97942
2.00619;0.481367;2.06314;0.392274;22.4757;3.03856;1.24374
1.89144;0.957554;2.12002;-0.233151;-13.3586;1.31093;2.17901
2.3289;0.0602832;2.32968;0.442761;25.3683;4.17713;1.36355
2.13442;0.505516;2.19346;-0.206676;-11.8417;1.84462;2.69852
2.1619;-0.834194;2.31726;0.600815;34.4242;8.69516;2.03105
1.85218;-0.666984;1.96862;-0.0226089;-1.2954;1.69049;1.74061
1.54361;-1.30503;2.02134;0.356192;20.4083;2.64824;1.36196
1.77652;-1.03255;2.05479;-0.175346;-10.0466;1.32741;1.75779
1.15726;-1.87689;2.20498;0.491777;28.1767;2.91483;1.14093
1.56605;-1.421;2.11465;-0.281395;-16.1228;1.03586;1.99024
0.811814;-1.73563;1.9161;0.396414;22.7129;2.3721;1.09882
1.34693;-1.54337;2.04846;-0.280033;-16.0447;1.06499;1.91922
0.807144;-1.87887;2.0449;0.311784;17.8639;2.15817;1.07489
1.09104;-1.8439;2.1425;-0.128542;-7.36493;1.15872;1.75987
0.62899;-1.60288;1.72188;0.160347;9.1872;1.53038;1.33278
1.26703;-1.79396;2.19628;-0.240976;-13.8069;1.13041;1.84984
0.666901;-2.15713;2.25787;0.315084;18.053;1.92327;1.1235
1.09283;-1.73534;2.05077;-0.262169;-15.0212;1.03519;2.18822
0.855353;-1.77251;1.9681;0.112406;6.4404;1.62692;1.28876
0.928669;-1.62205;1.86909;-0.0703705;-4.03193;1.30623;1.62612
0.993359;-1.68429;1.95541;-0.0128956;-0.738861;1.46023;1.46706
0.807107;-1.52781;1.7279;0.0468575;2.68474;1.46991;1.52892
1.36323;-1.56358;2.07441;-0.23104;-13.2376;1.29845;1.88653
1.07294;-1.66447;1.98032;0.144474;8.27776;1.86318;1.39749
1.37111;-1.46708;2.00805;-0.179019;-10.2571;1.39958;2.0454
1.28094;-1.54488;2.00685;0.0593335;3.39956;2.14953;1.90264
1.15263;-1.70633;2.05916;0.0981696;5.6247;2.6507;2.0778
0.556734;-2.00902;2.08474;0.32376;18.5501;3.31357;1.7849
0.240854;-1.99321;2.00771;0.15008;8.59893;1.35994;1.05999
0.104505;-2.20758;2.21005;0.0729501;4.17973;1.09177;0.817263
-0.195339;-1.99985;2.00937;0.144672;8.28907;0.985454;0.760491
-0.234023;-1.92021;1.93442;0.0239081;1.36983;0.828294;0.896371
0.175431;-2.07391;2.08131;-0.205665;-11.7837;0.778923;1.14986
0.159997;-1.94825;1.95481;0.00244914;0.140325;0.8101;0.902185
0.460096;-1.96577;2.0189;-0.147975;-8.47832;0.760015;1.02822
0.603459;-1.92107;2.01362;-0.074451;-4.26573;0.750309;0.890667
0.889305;-1.82251;2.0279;-0.149601;-8.57153;0.770543;0.847543
0.287713;-2.08539;2.10514;0.316866;18.1551;1.56789;0.756364
0.452676;-2.31171;2.35561;-0.0562716;-3.22413;0.821895;0.936332
-0.213985;-1.84674;1.8591;0.308729;17.6889;1.76177;0.819135
-0.284302;-1.89401;1.91523;0.0336361;1.92721;0.93242;0.943641
-0.661099;-1.79639;1.91418;0.203639;11.6677;1.29314;0.862944
-0.852762;-1.8298;2.01875;0.0834809;4.7831;1.04569;0.887694
-1.12935;-1.68803;2.03098;0.153527;8.79646;1.20991;0.832223
-1.33391;-1.50497;2.01103;0.135574;7.76781;1.08425;0.822075
-1.5588;-1.31028;2.03634;0.146588;8.39888;0.984006;0.822259
-1.51905;-1.31565;2.00959;-0.0147768;-0.846646;0.86569;0.858988
-1.74834;-1.0449;2.03679;0.175079;10.0313;0.989875;0.802415
-1.67393;-1.17573;2.04557;-0.0736289;-4.21863;0.823533;0.891196
-1.76541;-0.931007;1.99586;0.127026;7.27803;0.996028;0.800133
-1.70549;-0.883444;1.92072;0.00735157;0.421214;0.871335;0.848207
-1.78302;-0.834756;1.96875;0.0400819;2.29652;0.909151;0.827495
-1.88777;-0.651497;1.99702;0.105545;6.0473;0.903046;0.832025
-1.84822;-0.767613;2.00129;-0.0613316;-3.51404;0.812642;0.927571
-1.72234;-0.667968;1.84733;0.02368;1.35676;0.886889;0.850686
-1.72834;-0.594511;1.82773;0.0386678;2.2155;0.877553;0.861474
-1.84711;-0.707324;1.97791;-0.0344099;-1.97154;0.844889;0.901513
-1.92393;-0.716275;2.05294;0.0093107;0.533464;0.886713;0.863556
-1.87801;-0.708892;2.00735;-0.00453378;-0.259767;0.882127;0.879304
-1.87447;-0.72387;2.00938;-0.00759743;-0.4353;0.881824;0.894128
-1.79969;-0.693397;1.92864;0.000771051;0.044178;0.871812;0.921619
-1.72394;-0.913814;1.95116;-0.119655;-6.85572;0.843823;0.989226
-1.81673;-0.853313;2.00715;0.048302;2.7675;0.932324;0.863225
-1.74075;-0.981096;1.99819;-0.0741168;-4.24658;0.849586;0.97994
-1.83005;-0.832122;2.01035;0.0864753;4.95467;0.890868;0.905789
-1.66146;-1.03773;1.95891;-0.131549;-7.53719;0.794571;1.11746
-1.62202;-0.90619;1.85799;0.0488204;2.7972;0.90864;0.894452
-1.70418;-1.03759;1.99519;-0.0374183;-2.14391;0.865728;0.941765
-1.66756;-0.902413;1.89608;0.0508718;2.91474;0.956779;0.872332
-1.52034;-0.887414;1.76038;-0.0323137;-1.85144;0.913198;0.900852
-1.67729;-0.713999;1.82293;0.12589;7.21298;1.01783;0.844392
-1.7734;-1.00423;2.038;-0.1128;-6.46296;0.84936;0.974777
-1.73192;-0.70955;1.87163;0.12642;7.24334;1.12087;0.819511
-1.95601;-0.582243;2.04082;0.099515;5.70179;0.923661;0.903906
-1.75993;-0.774922;1.92298;-0.125453;-7.18793;0.826535;1.03563
-2.05406;-0.821174;2.21212;0.034452;1.97395;1.10741;0.833253
-2.00048;-0.396197;2.03934;0.184798;10.5881;1.16618;0.814163
-2.05433;-0.567711;2.13133;-0.0740984;-4.24552;0.853468;1.02986
-2.02949;-0.490515;2.08793;0.0324734;1.86059;0.961953;0.908921
-1.97681;-0.486463;2.03578;-0.00414543;-0.237516;0.915999;0.977088
-1.8727;-0.547112;1.95098;-0.0429502;-2.46087;0.90322;1.01348
-1.89608;-0.622146;1.99554;-0.0328117;-1.87997;0.931425;0.977842
-1.95228;-0.706154;2.07607;-0.0300136;-1.71965;0.942931;0.973657
-1.80259;-0.699056;1.9334;-0.022884;-1.31116;0.941741;0.99782
-1.68382;-0.777616;1.85471;-0.062686;-3.59164;0.923288;1.05967
-1.71173;-0.71005;1.85316;0.0394248;2.25887;0.950222;1.03107
-1.72998;-1.20853;2.11031;-0.216562;-12.4081;0.849589;1.40675
-1.52354;-0.968987;1.80558;0.0432953;2.48064;1.04812;0.938627
-1.66873;-1.18802;2.04842;-0.0522099;-2.99141;0.919405;1.21178
-1.38201;-1.39897;1.96649;-0.172807;-9.90111;0.897048;1.33408
-1.39234;-1.4242;1.99172;-0.005215;-0.298797;1.04801;1.01164
-1.24714;-1.44353;1.90765;-0.0615507;-3.5266;0.979514;1.18886
-1.1801;-1.6896;2.06092;-0.102854;-5.8931;0.979289;1.23838
-1.03414;-1.73877;2.02305;-0.0731289;-4.18998;1.02317;1.16734
-0.922615;-1.74852;1.97701;-0.0510275;-2.92366;1.0245;1.17152
-0.658924;-1.8815;1.99354;-0.148662;-8.51768;0.98804;1.22229
-0.782763;-1.66882;1.84328;0.10172;5.8281;1.0883;0.983636
-0.493442;-1.97765;2.03828;-0.194066;-11.1192;0.901202;1.3382
-0.395622;-1.92457;1.96481;-0.0417777;-2.39368;1.08812;0.934638
-0.779926;-1.90481;2.05829;0.185888;10.6506;1.21092;0.864632
-0.426351;-1.97247;2.01802;-0.175751;-10.0698;0.87708;1.19763
-0.414706;-1.80474;1.85177;0.01299;0.744271;1.15533;0.871846
-0.723676;-1.98394;2.11181;0.123903;7.09912;1.16701;0.859342
-0.450356;-2.03073;2.08007;-0.131531;-7.53617;0.918202;1.05855
-0.70233;-1.89759;2.02339;0.136244;7.80622;1.13874;0.865012
-0.37108;-2.04736;2.08071;-0.175181;-10.0371;0.877921;1.17095
-0.689731;-1.90609;2.02704;0.167896;9.61975;1.13687;0.875297
-0.274418;-2.03174;2.05019;-0.212945;-12.2008;0.847482;1.32505
-0.557347;-1.89307;1.97341;0.152071;8.71304;1.14972;0.892668
-0.185763;-2.10695;2.11512;-0.198385;-11.3666;0.874694;1.26119
-0.382934;-2.01647;2.05251;0.0997291;5.71406;1.19716;0.885985
-0.341058;-1.96402;1.99341;-0.0157302;-0.901272;0.981044;1.05862
-0.301855;-1.84862;1.8731;-0.0100799;-0.577538;0.977604;1.07257
-0.19362;-1.97663;1.98609;-0.0642157;-3.67929;0.96852;1.09616
-0.107274;-2.08241;2.08517;-0.0461739;-2.64557;1.06338;0.999133
-0.360011;-2.13829;2.16838;0.115331;6.60797;1.16295;0.935358
-0.0523355;-2.02373;2.02441;-0.140945;-8.07553;0.920565;1.24627
-0.167685;-2.03014;2.03705;0.0565556;3.2404;1.11743;0.971957
-0.0881297;-2.06403;2.06591;-0.0397387;-2.27686;0.985793;1.12348
-0.139714;-2.19717;2.20161;0.0208307;1.19351;1.012;1.09012
0.105628;-2.03676;2.03949;-0.115317;-6.60718;0.938213;1.22767
0.0187889;-1.97348;1.97356;0.0422938;2.42326;1.10358;1.00321
0.150755;-2.00036;2.00603;-0.0657013;-3.76441;1.00084;1.12787
0.117543;-2.03398;2.03737;0.0174961;1.00245;1.09067;1.02765
0.15811;-1.93833;1.94477;-0.0236647;-1.35589;1.03008;1.10523
0.329251;-1.91291;1.94104;-0.0890603;-5.10278;1.04849;1.09435
0.0391945;-1.98523;1.98562;0.15071;8.63506;1.26384;0.943196
0.476218;-2.04802;2.10266;-0.208726;-11.9591;0.945817;1.30305
-0.0674282;-2.17331;2.17436;0.259482;14.8672;1.42242;0.898945
0.497841;-1.92165;1.9851;-0.284511;-16.3013;0.87238;1.62872
0.150644;-2.06457;2.07005;0.180658;10.351;1.38372;0.925929
0.572246;-1.99769;2.07804;-0.206146;-11.8113;0.958289;1.34959
-0.181631;-2.44945;2.45617;0.352999;20.2254;1.39076;0.929503
0.956911;-2.05848;2.27002;-0.509162;-29.1728;0.783495;2.73172
0.168002;-2.09408;2.10081;0.35509;20.3451;1.89442;0.849554
0.678387;-2.06198;2.1707;-0.237788;-13.6243;0.893714;1.57964
0.286581;-2.01412;2.0344;0.176507;10.1131;1.41727;0.954613
0.571797;-1.99837;2.07857;-0.137347;-7.86942;1.00433;1.28979
0.145133;-1.96616;1.97151;0.205003;11.7458;1.38712;0.971598
0.425551;-2.04318;2.08703;-0.131661;-7.54363;0.93771;1.49016
0.389654;-1.95128;1.98981;0.00824492;0.472399;1.15506;1.11497
0.364866;-2.00672;2.03962;0.0172407;0.987819;1.15093;1.12534
0.424324;-2.03079;2.07465;-0.0261238;-1.49678;1.111;1.18777
0.483604;-1.95821;2.01704;-0.0361362;-2.07045;1.15433;1.15608
0.259361;-2.03262;2.0491;0.115204;6.60071;1.22633;1.09988
0.799738;-1.81862;1.98669;-0.287384;-16.4659;0.957162;1.6523
0.352393;-2.13052;2.15947;0.25038;14.3457;1.6804;0.901598
0.877938;-1.8836;2.07815;-0.272241;-15.5982;0.968099;1.71687
0.374624;-2.02874;2.06304;0.253558;14.5278;1.56367;0.94348
1.1265;-1.91909;2.22529;-0.348204;-19.9506;0.924374;2.05802
0.525259;-2.15781;2.22082;0.292026;16.7319;1.71712;0.910495
1.17917;-1.92636;2.2586;-0.310506;-17.7907;0.913896;2.18551
0.833503;-2.1547;2.31029;0.180182;10.3237;1.45832;0.986835
1.15233;-1.62238;1.98997;-0.248484;-14.2371;0.946168;1.6466
0.885816;-1.96798;2.15815;0.194637;11.1519;1.47389;0.93114
1.23101;-1.78023;2.1644;-0.182042;-10.4303;0.936245;1.52952
0.943107;-1.83393;2.06222;0.130006;7.44878;1.28419;1.01721
1.29425;-1.57853;2.04128;-0.211779;-12.134;0.948245;1.47381
0.830293;-1.8551;2.03243;0.26593;15.2367;1.54753;0.938243
1.90687;-1.44246;2.39099;-0.502341;-28.782;0.857453;1.98039
0.79375;-2.30951;2.4421;0.592135;33.9268;4.62662;0.762948
1.69762;-1.57958;2.31883;-0.49036;-28.0955;0.813049;2.75093
0.742371;-2.10319;2.23037;0.482079;27.6211;2.61242;0.825752
1.68663;-1.4889;2.24978;-0.508263;-29.1213;0.791279;2.57392
1.00748;-2.09711;2.32656;0.399729;22.9028;1.91582;0.799316
1.07599;-1.89157;2.17619;-0.0693322;-3.97244;0.759822;0.92439
0.95729;-1.72642;1.97407;0.0109011;0.624587;0.712705;0.733803
0.923988;-1.70624;1.94036;0.00996462;0.570931;0.701537;0.704284
1.0283;-1.68543;1.97435;-0.0514981;-2.95063;1.00075;1.0708
0.776945;-1.88146;2.03557;0.156201;8.94966;1.27826;0.921937
1.08555;-1.73344;2.0453;-0.167873;-9.6184;0.90392;1.2814
0.578454;-2.03415;2.1148;0.282434;16.1823;1.61208;0.855755
1.26837;-1.7217;2.13846;-0.357876;-20.5048;0.818008;1.74369
0.41372;-2.28564;2.32278;0.455864;26.1191;2.67505;0.776297
1.42261;-1.87669;2.35495;-0.469556;-26.9036;0.779152;2.46888
0.306037;-2.41834;2.43762;0.522746;29.9511;3.23786;0.761588
1.50497;-1.64439;2.22911;-0.615277;-35.2528;0.768827;2.91062
0.320625;-2.16812;2.1917;0.594339;34.0531;5.57202;0.73011
1.19404;-1.89188;2.23718;-0.416185;-23.8457;0.831809;2.18299
0.0292629;-2.35292;2.3531;0.550566;31.5451;2.90042;0.773169
1.45782;-2.06428;2.52715;-0.602448;-34.5177;0.750651;4.39349
0.198236;-2.56528;2.57293;0.537762;30.8115;3.34358;0.7656
1.34761;-2.02514;2.43254;-0.510028;-29.2225;0.772075;3.60302
0.0824258;-2.29213;2.29361;0.551206;31.5818;2.69896;0.800135
1.40669;-2.25109;2.65447;-0.522578;-29.9415;0.748291;5.03942
0.554235;-2.27084;2.33749;0.319136;18.2852;1.98296;0.893053
1.5231;-1.71813;2.29605;-0.485912;-27.8407;0.846392;2.61271
0.491484;-2.25763;2.31051;0.510944;29.2749;3.73975;0.764371
1.51493;-1.63798;2.23115;-0.532035;-30.4833;0.843157;2.99281
0.388697;-2.37208;2.40371;0.583969;33.459;3.80727;0.763261
1.65204;-1.73565;2.39618;-0.598302;-34.2802;0.78773;4.27073
0.417759;-2.3187;2.35603;0.582465;33.3728;3.47383;0.783492
2.05509;-1.51059;2.55055;-0.758676;-43.469;0.775129;4.77426
0.50665;-2.48818;2.53924;0.736057;42.173;6.48869;0.730289
1.86851;-1.67534;2.5096;-0.638976;-36.6107;0.803174;4.28308
0.577687;-2.39495;2.46363;0.603163;34.5587;4.32852;0.764065
1.91773;-1.51867;2.44623;-0.664318;-38.0626;0.813424;4.06516
0.45945;-2.52209;2.5636;0.720813;41.2995;5.0543;0.750515
1.87634;-1.72329;2.54762;-0.647697;-37.1103;0.773573;5.46589
0.866123;-2.42853;2.57835;0.485308;27.8061;3.25267;0.833621
1.69832;-1.64011;2.36098;-0.460249;-26.3703;0.837072;3.54468
0.927957;-2.23753;2.42232;0.409697;23.4739;2.65726;0.928309
1.99401;-1.25531;2.35624;-0.615806;-35.2831;0.855026;3.2783
0.869721;-2.37665;2.53079;0.658133;37.7082;5.9481;0.765641
1.70025;-1.35989;2.17719;-0.54536;-31.2468;0.8723;3.36851
0.673782;-2.32885;2.42436;0.614539;35.2105;4.10063;0.818856
1.91141;-1.37095;2.35223;-0.66696;-38.214;0.806849;4.48518
0.814682;-2.42152;2.55489;0.624051;35.7555;4.89658;0.798416
1.88703;-1.5089;2.41612;-0.571748;-32.7588;0.842581;3.72406
0.718158;-2.30445;2.41376;0.594185;34.0443;4.29565;0.833213
1.79195;-1.55921;2.37534;-0.552637;-31.6638;0.837963;3.88366
0.711075;-2.2145;2.32587;0.544039;31.1711;3.83797;0.877024
1.84868;-1.39428;2.31552;-0.61391;-35.1745;0.864998;3.61006
0.700109;-2.46577;2.56323;0.647959;37.1253;5.43963;0.802716
1.62314;-1.60586;2.28328;-0.514099;-29.4557;0.880973;3.63107
0.686917;-2.32766;2.4269;0.503785;28.8647;3.60517;0.911582
1.65656;-1.75529;2.41355;-0.469504;-26.9006;0.900875;3.36623
0.589075;-2.05945;2.14204;0.477873;27.3801;3.5615;0.948605
1.63338;-1.65478;2.32513;-0.500293;-28.6647;0.951065;3.04696
0.425707;-2.40272;2.44014;0.603532;34.5799;4.71121;0.869232
1.61218;-1.74447;2.37535;-0.570652;-32.6959;0.892205;3.72297
0.575882;-2.48042;2.5464;0.517879;29.6723;4.85524;0.867678
1.37246;-1.63076;2.13144;-0.471471;-27.0133;1.10813;2.64442
0.261522;-2.25015;2.26529;0.583895;33.4547;4.78344;0.849862
1.33389;-1.84984;2.28061;-0.50903;-29.1653;1.00761;3.51702
0.0813544;-2.437;2.43836;0.591365;33.8827;3.76527;0.890598
1.62223;-1.94414;2.53206;-0.662009;-37.9303;0.902586;6.6
0.266128;-2.49659;2.51074;0.589184;33.7577;3.93377;0.870895
1.95332;-1.79097;2.6501;-0.722534;-41.3982;1.03281;14.0042
0.685494;-1.98208;2.09727;0.49576;28.405;4.0994;1.28626
1.86524;-1.28275;2.26375;-0.635396;-36.4055;1.9177;12.6279
1.7263;-0.630585;1.83787;-0.252208;-14.4505;2.66564;4.03994
1.86505;-0.509161;1.9333;-0.0837154;-4.79654;2.20544;2.60946
2.20516;0.00298744;2.20517;-0.267862;-15.3474;1.66862;3.45684
2.02485;0.194415;2.03416;-0.0943663;-5.40679;1.87696;2.25276
1.92545;0.564057;2.00637;-0.189253;-10.8434;1.76623;2.5556
1.79145;0.57354;1.88102;-0.024869;-1.42489;1.62181;1.89054
1.64572;1.1412;2.00268;-0.296463;-16.9861;1.22214;2.30285
1.86003;0.754825;2.00735;0.220798;12.6508;1.81686;1.10112
1.38895;1.40017;1.97223;-0.403912;-23.1425;0.999581;2.37941
2.06239;0.56688;2.13888;0.521179;29.8614;2.6509;0.891299
1.58565;1.80131;2.39979;-0.580744;-33.2742;0.8082;4.01977
2.24818;0.647193;2.33948;0.568689;32.5835;2.96586;0.884668
1.56404;1.88887;2.45236;-0.598902;-34.3145;0.793358;4.06719
2.18197;0.783864;2.3185;0.534309;30.6136;3.36782;0.875228
1.48803;1.74366;2.29229;-0.519446;-29.7621;0.872101;3.10707
2.2228;0.858401;2.38279;0.495798;28.4071;3.44216;0.870367
1.61251;1.60873;2.27776;-0.415688;-23.8172;0.941721;2.74656
2.01452;0.71855;2.13883;0.441605;25.3021;2.73229;0.956912
1.50902;1.68578;2.26252;-0.498051;-28.5362;0.920331;3.09884
2.09359;0.706821;2.20969;0.515074;29.5115;3.25351;0.894758
1.33455;1.65614;2.12693;-0.566921;-32.4822;0.915681;3.38274
2.18055;0.746959;2.30494;0.56249;32.2283;3.68877;0.854834
1.49127;1.76626;2.31161;-0.539587;-30.9161;0.915654;3.50761
2.16183;0.731386;2.2822;0.543384;31.1336;3.25908;0.906266
1.49813;1.83125;2.36598;-0.558891;-32.0221;0.877377;3.90463
2.23575;0.74423;2.35636;0.563781;32.3023;3.27334;0.985556
1.48625;1.87575;2.39319;-0.579398;-33.1971;0.832751;3.96449
2.20654;0.882431;2.37645;0.520305;29.8113;4.10313;1.0592
1.56851;1.44395;2.13195;-0.363641;-20.8351;1.03807;2.51477
2.12953;0.643034;2.22449;0.450819;25.83;3.44009;1.16426
1.70572;1.28866;2.13779;-0.353755;-20.2687;1.12989;2.30087
2.19336;0.414116;2.23211;0.460402;26.3791;3.01125;1.0633
1.88176;1.30722;2.29125;-0.420537;-24.095;1.02501;3.18147
2.07688;0.553316;2.14932;0.346776;19.8688;2.36701;1.10814
1.77672;1.45113;2.29402;-0.4245;-24.322;1.04582;3.20385
1.70851;0.837064;1.90254;0.229303;13.1381;2.35889;1.12366
1.59616;1.28244;2.04753;-0.22128;-12.6784;1.31978;2.08088
1.9014;0.938427;2.12037;0.218375;12.512;2.04334;1.26736
1.46218;1.43978;2.05206;-0.31921;-18.2894;1.163;2.46624
2.24383;0.874101;2.40807;0.406209;23.2741;2.32223;1.173
1.47321;1.82819;2.34789;-0.521039;-29.8533;0.911701;3.72578
1.9527;0.857674;2.13276;0.478655;27.4249;2.89615;1.08461
1.40406;1.80279;2.28505;-0.495244;-28.3754;0.936409;3.32966
2.12163;0.674292;2.2262;0.601378;34.4564;3.1374;1.0617
1.45071;1.97672;2.45194;-0.629956;-36.0938;0.833202;4.55998
1.90966;0.975436;2.14436;0.465436;26.6675;3.40727;1.04523
1.52491;1.81359;2.36948;-0.39941;-22.8845;1.09123;2.64089
2.05214;0.888966;2.23642;0.462867;26.5203;3.15886;1.05759
1.55619;1.66013;2.27547;-0.408915;-23.4291;1.05551;2.94949
1.87589;0.967197;2.11056;0.341658;19.5756;2.77449;1.13666
1.42383;1.52879;2.08913;-0.344887;-19.7606;1.23138;2.42431
1.94265;0.846009;2.11887;0.410206;23.5031;2.83129;1.11301
1.40375;1.60432;2.13174;-0.441252;-25.2819;1.09551;3.00616
1.97152;0.937189;2.18294;0.408232;23.39;2.86487;1.09115
1.45972;1.59945;2.16541;-0.387299;-22.1906;1.11092;3.04146
1.81753;0.849641;2.00632;0.393758;22.5607;2.42874;1.19305
1.28159;1.84144;2.24352;-0.525492;-30.1085;1.01793;3.6847
1.93379;1.07275;2.21141;0.456303;26.1442;2.99404;1.03808
1.24552;1.91079;2.28088;-0.486655;-27.8833;1.05715;3.43255
1.9685;1.54078;2.4998;0.329019;18.8514;2.95596;1.07305
0.99717;1.72862;1.99561;-0.383454;-21.9703;1.3366;2.36699
1.98297;1.19444;2.31492;0.505421;28.9585;3.32082;1.00534
1.0806;1.8127;2.11035;-0.491085;-28.1371;1.0657;3.39248
1.84011;1.26289;2.23179;0.431749;24.7374;3.02929;1.10135
1.20078;1.8833;2.23354;-0.401713;-23.0164;1.14134;2.91866
1.8336;1.21119;2.19751;0.419439;24.0321;2.97784;1.15556
1.16603;1.38422;1.80989;-0.286989;-16.4432;1.1791;2.77398
1.50793;1.29275;1.98622;0.162028;9.28353;2.25974;1.44134
1.39316;1.44137;2.00461;-0.0936887;-5.36797;1.64793;1.87923
1.66606;1.09633;1.99441;0.2204;12.628;2.20402;1.44729
1.38499;1.46666;2.01725;-0.232027;-13.2941;1.34974;2.32398
1.77302;1.10957;2.09159;0.254849;14.6018;2.42008;1.36243
1.40838;1.49219;2.05187;-0.255102;-14.6163;1.35102;2.29597
1.91224;1.13273;2.22255;0.279503;16.0144;2.84424;1.29302
1.44602;1.29889;1.94373;-0.197066;-11.2911;1.56197;2.06695
2.0523;0.715036;2.17329;0.396592;22.7231;3.25394;1.30998
1.84346;1.09693;2.14513;-0.201509;-11.5456;1.31463;2.46419
1.75025;0.348185;1.78454;0.340394;19.5031;2.75645;1.53356
1.83019;0.966786;2.06985;-0.289615;-16.5937;1.3049;2.50267
2.10224;0.380433;2.13638;0.306958;17.5874;3.61681;1.33571
1.86696;0.241422;1.88251;0.0504294;2.88939;1.9437;1.81268
2.19087;0.304286;2.2119;-0.00940641;-0.538948;1.94511;1.79293
1.89243;-0.111752;1.89573;0.196989;11.2866;2.32159;1.5456
1.98653;0.0991757;1.989;-0.108866;-6.23756;1.57365;2.09577
2.05652;-0.251312;2.07182;0.171482;9.82522;2.16444;1.58209
1.91797;-0.02824;1.91818;-0.106877;-6.12359;1.54112;2.14424
1.98995;0.0502673;1.99059;-0.039978;-2.29057;2.00671;1.67014
1.90721;-0.366792;1.94216;0.215254;12.3332;2.35849;1.44233
2.03891;0.0187124;2.039;-0.199176;-11.412;1.50315;2.28534
1.79117;-0.357889;1.82657;0.206388;11.8252;2.21534;1.47738
2.07306;0.0815065;2.07466;-0.236507;-13.5509;1.40324;2.35185
2.37472;-0.106712;2.37712;0.0842033;4.82449;2.16193;1.40773
1.86012;-0.22272;1.87341;0.0742598;4.25477;1.79795;1.67275
2.0603;0.0355315;2.06061;-0.13641;-7.81574;1.47677;2.13683
1.93292;-0.162213;1.93972;0.100969;5.7851;1.81911;1.66512
2.03223;0.305358;2.05504;-0.232867;-13.3423;1.4126;2.28835
2.47552;-0.118646;2.47836;0.197033;11.2892;2.17608;1.40959
2.03436;0.491942;2.09299;-0.285153;-16.3381;1.38108;2.34658
2.04465;0.143185;2.04966;0.167347;9.58828;2.46896;1.29284
1.85551;0.0796959;1.85722;0.0269904;1.54644;1.73651;1.76691
2.04767;0.162582;2.05412;-0.0363078;-2.08028;1.57492;1.91611
1.91561;0.239365;1.93051;-0.0450782;-2.58279;1.61327;1.7777
2.25263;0.121342;2.25589;0.0704957;4.03911;1.7456;1.58006
2.01343;0.282115;2.0331;-0.0853954;-4.89279;1.48695;1.83484
1.97637;0.00582023;1.97638;0.136265;7.80743;1.79417;1.5213
1.89242;0.319959;1.91928;-0.164545;-9.42774;1.34476;2.05362
2.09879;-0.0917953;2.1008;0.211199;12.1008;1.91142;1.43596
2.02362;0.534411;2.093;-0.301901;-17.2977;1.20803;2.21055
2.06181;-0.296414;2.083;0.400978;22.9743;2.49942;1.16194
2.20868;0.593238;2.28697;-0.405186;-23.2155;1.04708;2.55006
2.24967;-0.368194;2.2796;0.424628;24.3294;2.72441;1.08718
2.03815;0.45114;2.08748;-0.380063;-21.776;1.05435;2.47273
1.98879;0.000240862;1.98879;0.217715;12.4741;2.37731;1.10313
2.00925;0.0247496;2.0094;-0.0121961;-0.698788;1.45421;1.51617
2.0129;0.0230023;2.01303;0.000890303;0.0510106;1.46343;1.50497
1.9595;0.0746661;1.96092;-0.0266593;-1.52747;1.43087;1.5509
1.95382;0.149126;1.9595;-0.0380917;-2.18249;1.47904;1.50613
1.97599;0.0630872;1.977;0.044262;2.53603;1.57804;1.42036
1.96153;0.27061;1.98011;-0.105177;-6.0262;1.39516;1.65071
1.82644;-0.102578;1.82932;0.193197;11.0694;1.66092;1.36096
2.06526;0.607738;2.15282;-0.342293;-19.6119;1.10049;2.42161
2.0802;0.0492616;2.08078;0.262512;15.0408;1.96018;1.13185
1.98209;0.703754;2.10332;-0.317495;-18.1911;1.08779;2.13183
2.23327;0.40603;2.26988;0.161326;9.24333;1.9472;1.09046
1.91155;0.419188;1.95697;-0.0360294;-2.06433;1.33847;1.50442
1.9973;0.555386;2.07308;-0.0553419;-3.17086;1.39551;1.44557
1.95663;0.330016;1.98427;0.104125;5.9659;1.58011;1.29936
1.8553;0.597299;1.94908;-0.144371;-8.27183;1.24837;1.67484
1.95548;0.390579;1.99411;0.114322;6.55017;1.697;1.24861
1.86314;0.655543;1.9751;-0.141179;-8.08899;1.31103;1.59554
2.05619;0.313438;2.07994;0.187048;10.7171;1.80905;1.18237
1.93933;0.61456;2.03438;-0.15561;-8.9158;1.17193;1.72371
1.81904;0.254353;1.83674;0.167955;9.62311;1.57527;1.21476
1.84846;1.08448;2.14311;-0.391653;-22.4401;1.09833;1.74106
2.31862;-0.0488786;2.31913;0.551658;31.6077;3.25983;0.857824
1.85682;0.855287;2.04433;-0.452728;-25.9394;0.905076;2.39375
2.15346;0.169709;2.16013;0.353004;20.2257;2.11097;0.897284
1.92816;0.665924;2.03992;-0.253897;-14.5472;0.94142;1.64759
2.01836;0.172501;2.02572;0.247283;14.1683;1.46782;0.953109
1.95102;0.757693;2.09298;-0.285171;-16.3391;0.888982;1.6256
1.94656;0.142626;1.95177;0.29729;17.0335;1.49502;0.895039
1.966;0.854432;2.14365;-0.336837;-19.2993;0.85028;1.78551
2.13172;0.231246;2.14422;0.301921;17.2988;1.58603;0.873575
1.77093;0.934157;2.00221;-0.377344;-21.6202;0.863392;1.73809
1.85142;0.115001;1.85499;0.423366;24.2571;1.85278;0.831686
1.99255;0.855494;2.16844;-0.343512;-19.6818;0.821813;2.21554
1.92863;0.604493;2.02115;0.101815;5.83354;1.29807;0.988402
1.79509;0.853153;1.98752;-0.139936;-8.01776;1.03644;1.25957
2.02445;0.477901;2.08009;0.211848;12.138;1.35466;0.973105
1.97416;1.20925;2.31508;-0.31777;-18.2069;0.891485;1.78496
1.74744;0.690593;1.87896;0.173227;9.92516;1.58169;0.900935
1.76576;0.892255;1.97839;-0.0915221;-5.24383;1.06743;1.2372
1.76341;0.686213;1.89222;0.0967761;5.54486;1.21632;1.02134
1.58888;1.27218;2.03543;-0.304044;-17.4204;0.969642;1.25771
2.16127;0.456803;2.20901;0.46686;26.7491;2.16523;0.779022
1.86123;1.23368;2.23297;-0.377051;-21.6034;0.811174;2.00545
1.96495;0.405742;2.0064;0.381716;21.8707;1.55808;0.865989
1.63686;1.39412;2.15009;-0.501856;-28.7542;0.790604;2.30281
2.09283;0.626235;2.18452;0.414735;23.7626;2.05313;0.799867
1.51404;1.20986;1.93806;-0.38344;-21.9695;0.84704;1.83147
1.8994;0.501295;1.96444;0.41615;23.8436;1.7202;0.838043
1.78607;1.61076;2.40512;-0.475794;-27.261;0.801605;2.33404
1.93126;0.797087;2.08928;0.342402;19.6182;1.76613;0.823742
1.63019;1.17315;2.00843;-0.232354;-13.3129;0.866552;1.5037
1.72812;1.03144;2.01252;0.0856786;4.90902;1.05719;0.915514
1.43788;1.07573;1.79574;-0.104199;-5.97018;0.839714;0.882648
1.69933;1.24782;2.10826;0.00893081;0.511698;0.785303;0.754536
1.63038;1.16213;2.00217;0.0141127;0.808597;0.71914;0.712352
1.33877;1.46197;1.98233;-0.210094;-12.0375;0.956255;1.41356
1.82084;1.11189;2.13349;0.281146;16.1085;1.49047;0.939697
1.21877;1.64113;2.04419;-0.383809;-21.9906;0.861876;1.99761
1.59149;1.06613;1.91558;0.341788;19.583;1.86673;0.879
1.27228;1.67097;2.1002;-0.329804;-18.8964;0.910471;1.83415
1.6608;1.07234;1.97691;0.346707;19.8649;1.82958;0.903241
1.06887;1.96002;2.23252;-0.498211;-28.5454;0.897112;1.99039
2.14495;1.21099;2.46319;0.557577;31.9468;3.05073;0.780042
1.17305;1.77181;2.12493;-0.472022;-27.0449;0.866382;2.39789
1.76033;1.20781;2.13485;0.384634;22.0379;2.10629;0.841101
1.27796;1.78108;2.19213;-0.347057;-19.8849;0.929469;2.02997
1.58227;1.30858;2.05328;0.257405;14.7482;1.65706;0.928178
0.778581;1.99599;2.14247;-0.507874;-29.099;0.960185;1.99581
1.94977;1.27866;2.33165;0.618436;35.4338;2.72684;0.769889
0.828347;2.26494;2.41166;-0.63974;-36.6544;0.820267;5.17247
1.41776;1.71362;2.22408;0.340579;19.5138;1.97762;0.851135
0.650749;2.08116;2.18053;-0.388141;-22.2388;0.944469;2.12379
1.25687;1.78236;2.18095;0.311134;17.8267;1.78417;0.899369
0.572351;1.95517;2.03723;-0.329408;-18.8737;0.923125;2.09794
1.075;1.95003;2.22671;0.219041;12.5501;1.51622;1.0014
0.176056;1.79903;1.80763;-0.40627;-23.2776;0.945765;1.88036
0.987048;1.83086;2.07998;0.396899;22.7406;2.31705;0.849294
0.396859;2.44022;2.47228;-0.333229;-19.0926;0.937089;1.96776
1.07342;1.96088;2.23546;0.339636;19.4597;1.82126;0.943168
-0.102492;2.14849;2.15093;-0.548525;-31.4282;0.890133;2.25001
1.05942;2.30688;2.53851;0.478185;27.398;3.99482;0.790835
0.433496;2.16358;2.20658;-0.232775;-13.337;1.02652;1.66791
0.969824;1.82933;2.07051;0.289734;16.6005;1.68001;1.01512
0.131619;2.35861;2.36228;-0.431731;-24.7363;0.914785;2.15673
1.14809;1.91479;2.23261;0.484373;27.7525;2.77593;0.85913
0.167397;2.18404;2.19044;-0.463622;-26.5636;0.88144;2.53067
1.28336;1.93269;2.31998;0.509678;29.2024;2.64045;0.883055
0.243846;2.36595;2.37849;-0.483472;-27.7009;0.84263;3.16191
1.14691;1.79731;2.13207;0.465281;26.6586;2.43305;0.923308
0.287524;2.35311;2.37061;-0.446397;-25.5767;0.864978;2.90022
1.14867;1.92506;2.24172;0.416398;23.8578;2.36226;0.941616
0.185985;2.25004;2.25771;-0.455513;-26.099;0.901078;2.58107
1.24837;1.94456;2.31078;0.488247;27.9745;2.89444;0.893785
0.265325;2.29503;2.31031;-0.45562;-26.1051;0.882017;3.01481
1.12191;1.86386;2.17547;0.426737;24.4503;2.52632;0.941079
-0.0150354;2.1764;2.17645;-0.548744;-31.4407;0.909906;2.73818
1.40137;2.00797;2.44862;0.616226;35.3072;4.89213;0.82698
0.278649;2.03654;2.05551;-0.473337;-27.1202;0.871876;3.39424
1.13419;1.90315;2.21548;0.401458;23.0019;2.52346;0.973878
0.259496;2.22687;2.24194;-0.421432;-24.1463;0.927562;2.61249
1.25266;1.88649;2.26451;0.470159;26.9381;3.07602;0.931697
0.114399;2.31345;2.31627;-0.536756;-30.7538;0.894864;2.85462
1.51522;1.91782;2.44416;0.619252;35.4805;4.94643;0.836362
0.23834;2.35322;2.36526;-0.567723;-32.5281;0.836571;3.35246
1.52078;1.93194;2.45869;0.565933;32.4256;4.61395;0.837676
0.377579;2.21352;2.24549;-0.497919;-28.5286;0.866402;2.79432
1.71955;1.57379;2.33102;0.660679;37.8541;4.40613;0.862931
0.754359;2.3254;2.4447;-0.515943;-29.5613;0.783034;4.57057
1.84556;1.68853;2.50144;0.516113;29.5711;2.70945;1.02996
0.575959;2.32287;2.39321;-0.586752;-33.6184;0.784506;4.07406
1.87611;1.47115;2.38413;0.662744;37.9725;5.44066;0.910817
0.832245;2.45324;2.59056;-0.578734;-33.159;0.800675;3.78595
2.18964;1.37434;2.58522;0.68323;39.1462;6.33212;0.879342
1.38015;2.03945;2.46255;-0.415353;-23.798;0.803531;3.49804
2.11293;1.3409;2.50249;0.410375;23.5127;2.63131;1.01864
1.03894;1.94446;2.20462;-0.514599;-29.4843;0.841757;2.36497
2.3185;1.10759;2.56947;0.634417;36.3494;7.31051;0.794636
1.45213;1.63541;2.18706;-0.399022;-22.8623;0.883735;2.17079
2.31201;0.603114;2.38938;0.589514;33.7767;4.37858;0.840754
1.58759;1.76998;2.37766;-0.584491;-33.4889;0.796091;3.29116
2.62364;0.456485;2.66306;0.6674;38.2392;6.09693;0.795211
1.75395;1.80089;2.51387;-0.626337;-35.8865;0.8119;3.26675
2.54792;0.31831;2.56772;0.674316;38.6355;7.17349;0.766951
1.71544;1.30383;2.15469;-0.525619;-30.1157;0.886509;2.66397
2.35661;-0.302388;2.37593;0.777521;44.5487;5.24013;0.790254
1.98098;1.45661;2.45886;-0.761643;-43.6389;0.752751;6.47023
2.38657;0.0511668;2.38712;0.612589;35.0988;4.9556;0.805482
1.84833;1.34773;2.28751;-0.608593;-34.8698;0.843205;3.54989
2.57274;0.0802729;2.57399;0.598838;34.3109;5.52489;0.783771
1.96018;1.11135;2.25331;-0.484583;-27.7646;0.908482;3.14258
2.3671;-0.112061;2.36975;0.56308;32.2621;3.73682;0.852802
2.12149;1.14689;2.41165;-0.542907;-31.1063;0.828131;4.70985
2.30975;0.180061;2.31676;0.417802;23.9383;2.91886;0.94582
1.81031;1.23858;2.19347;-0.522232;-29.9217;0.906018;3.471
2.46634;0.195863;2.47411;0.520783;29.8387;3.66885;0.860255
1.88234;1.4642;2.38476;-0.581846;-33.3373;0.859576;3.91885
2.3647;0.21257;2.37423;0.571442;32.7412;3.85218;0.819183
1.98093;1.22899;2.33121;-0.465641;-26.6793;0.821467;3.96649
2.22518;0.404713;2.26169;0.375381;21.5078;2.30377;0.990428
1.57768;1.5738;2.22843;-0.604255;-34.6213;0.857993;3.07875
2.56957;0.58185;2.63462;0.561484;32.1706;6.09176;0.771428
1.72572;1.27628;2.1464;-0.414105;-23.7264;1.07365;2.08326
2.36788;0.076678;2.36912;0.604417;34.6305;4.3095;0.802928
1.92048;1.30837;2.32381;-0.565675;-32.4108;0.840774;3.37421
2.22854;0.269044;2.24472;0.477901;27.3817;2.56212;0.817073
1.93443;0.640845;2.03782;-0.199759;-11.4453;0.842058;1.27512
1.72616;0.660435;1.84819;-0.0455161;-2.60788;0.79191;0.811171
2.07772;0.554619;2.15047;0.104565;5.99116;0.723547;0.723535
1.59615;0.907081;1.83589;-0.255925;-14.6634;1.26369;1.81385
2.25234;0.0818101;2.25382;0.480473;27.5291;3.0783;0.938344
2.14599;1.37086;2.54648;-0.532157;-30.4903;0.87367;3.80109
2.48442;0.129172;2.48778;0.516517;29.5943;3.6952;0.879104
1.88688;1.28899;2.28513;-0.547368;-31.3619;0.90354;3.58896
2.41116;0.00246308;2.41117;0.598292;34.2796;4.09178;0.853578
2.06047;1.22371;2.39646;-0.5349;-30.6475;0.857803;4.49523
2.4959;0.204371;2.50425;0.454221;26.025;3.05519;0.976248
1.72587;1.53582;2.31027;-0.645498;-36.9843;0.913263;3.82072
2.56008;0.0632738;2.56087;0.702488;40.2496;6.01535;0.796871
1.89992;1.37549;2.34556;-0.601925;-34.4877;0.886472;4.58394
2.46656;0.121646;2.46956;0.577357;33.0801;3.81416;0.891498
1.98388;1.56495;2.52683;-0.618615;-35.444;0.869274;4.9669
2.13823;0.141817;2.14293;0.601666;34.4729;3.86298;0.891073
1.9253;1.49693;2.43877;-0.594645;-34.0707;0.877062;5.29804
2.21771;0.438292;2.26061;0.465755;26.6858;3.24084;0.962256
1.7328;1.60479;2.36177;-0.551946;-31.6242;0.973278;4.08631
2.17591;0.543548;2.24277;0.502271;28.778;3.70595;0.896279
1.53755;1.67028;2.27022;-0.581959;-33.3438;1.01685;4.2013
2.13232;0.709712;2.24733;0.50545;28.9601;3.93031;0.86615
1.53579;1.7249;2.30953;-0.522026;-29.9099;1.08015;4.20455
2.27479;0.773395;2.40267;0.515604;29.5419;3.21834;0.957905
1.34089;1.97569;2.38774;-0.646787;-37.0582;0.937855;6.7385
1.90074;0.940476;2.12068;0.515037;29.5094;3.1112;1.00017
1.11469;2.22686;2.49027;-0.647221;-37.083;0.942901;6.39531
1.80715;1.39016;2.27998;0.450985;25.8396;3.25966;0.990332
0.753373;2.26893;2.39073;-0.5945;-34.0623;1.03581;4.56846
1.67814;1.42185;2.1995;0.547299;31.3579;3.86163;0.919551
0.664763;2.32243;2.41569;-0.589102;-33.7531;0.998803;4.91559
1.57846;1.79406;2.3896;0.442775;25.3691;3.5766;0.980283
0.457722;2.1015;2.15077;-0.507099;-29.0546;1.10622;3.58959
1.68981;1.54742;2.29129;0.614896;35.2309;3.8908;0.963908
0.358072;2.56876;2.59359;-0.690852;-39.5829;0.897126;5.96343
1.513;1.81873;2.36579;0.55539;31.8215;4.35419;0.945233
0.143533;2.12828;2.13311;-0.626554;-35.8989;1.02728;4.07319
1.50422;1.93005;2.44699;0.594696;34.0736;5.11388;0.894069
0.366403;2.27065;2.30002;-0.502049;-28.7653;1.0706;3.82063
1.48149;1.87867;2.39253;0.507757;29.0923;3.72091;1.03991
0.291268;2.37707;2.39485;-0.545818;-31.2731;1.00585;4.20609
1.39614;1.55031;2.08631;0.611198;35.0191;4.0991;1.03377
0.314661;2.46452;2.48453;-0.606133;-34.7289;0.926967;4.93763
1.45346;1.97608;2.45305;0.507186;29.0596;4.1726;1.05739
0.409812;2.17117;2.20951;-0.447618;-25.6466;1.068;3.33825
1.58606;1.79068;2.3921;0.538318;30.8433;3.81236;1.0795
0.365442;2.3656;2.39366;-0.571605;-32.7505;0.943267;3.93239
1.64633;1.79129;2.43293;0.589984;33.8036;5.01118;0.978018
0.546771;2.19946;2.26641;-0.4996;-28.625;1.02926;3.38375
1.69959;1.65039;2.36905;0.556428;31.881;4.60677;1.01316
0.755461;2.2167;2.34189;-0.471622;-27.022;1.05665;3.332
1.79287;1.50545;2.3411;0.54386;31.1609;4.26121;1.04278
1.04166;2.02408;2.27639;-0.397036;-22.7485;1.02769;3.40971
1.78319;1.21887;2.15996;0.495924;28.4144;2.99338;1.21961
1.01966;2.04532;2.2854;-0.508733;-29.1483;0.902092;4.0934
1.74838;1.35432;2.21156;0.449253;25.7403;3.40801;1.14473
1.08133;2.0598;2.32639;-0.428306;-24.5401;1.07406;3.02527
1.77824;1.25705;2.17769;0.472029;27.0453;3.83655;1.04704
1.1337;1.86426;2.18191;-0.409081;-23.4386;1.14504;2.85465
1.96973;1.11243;2.26215;0.510319;29.2391;3.67929;1.04831
1.07774;1.91595;2.19827;-0.544293;-31.1857;1.02469;3.55474
2.08698;1.12068;2.36884;0.565603;32.4067;4.35626;0.973167
1.22166;2.04853;2.38515;-0.540262;-30.9547;1.05287;3.5744
2.28591;1.13536;2.55233;0.572072;32.7773;4.3129;0.967395
1.09091;2.10646;2.37219;-0.631955;-36.2084;1.0246;3.69759
2.16499;1.16232;2.45727;0.600234;34.3909;5.03052;0.871518
1.14045;1.60125;1.96587;-0.459206;-26.3106;1.13088;2.99353
2.03627;0.945544;2.24509;0.517189;29.6328;3.51081;1.0036
1.59038;1.8044;2.40524;-0.413634;-23.6995;1.00763;3.48908
1.73649;0.990941;1.99934;0.329792;18.8957;2.49864;1.21871
1.34643;1.62602;2.11112;-0.36062;-20.662;1.1021;2.64365
1.9502;0.945433;2.16729;0.427782;24.5101;2.82318;1.09783
1.37105;1.71094;2.19251;-0.443835;-25.4299;0.997159;3.02474
2.05174;0.676268;2.16032;0.576846;33.0508;3.23367;1.05561
1.4846;1.83565;2.36086;-0.572347;-32.7931;0.863934;3.99484
2.1126;0.878918;2.28814;0.496486;28.4465;3.65823;1.06002
1.44373;1.43551;2.03594;-0.38829;-22.2474;1.06204;2.74133
2.08649;0.584282;2.16675;0.509506;29.1925;3.72314;1.12656
1.59649;1.47859;2.17601;-0.474037;-27.1603;1.04218;2.86401
2.4976;0.276243;2.51283;0.63692;36.4928;6.3657;1.03519
1.77203;1.1612;2.1186;-0.469934;-26.9252;1.14164;2.78433
2.62199;-0.245565;2.63346;0.673473;38.5872;9.61825;1.06328
2.2166;0.343566;2.24307;-0.247157;-14.161;1.40018;2.54592
2.07154;-0.851436;2.2397;0.543739;31.1539;5.02309;1.36457
2.09919;-0.212986;2.10997;-0.288851;-16.5499;1.34563;2.60992
1.7193;-1.40407;2.21978;0.583697;33.4434;5.16777;1.33477
2.30481;-0.703209;2.4097;-0.388678;-22.2696;1.19503;2.6482
1.4813;-1.8665;2.38287;0.603821;34.5964;5.77559;1.11307
1.59059;-1.05449;1.90838;-0.314526;-18.021;1.25794;2.2275
1.16502;-1.95656;2.27714;0.448305;25.686;3.57207;1.10031
1.43985;-1.4596;2.05027;-0.241522;-13.8382;1.2618;2.10021
0.901914;-1.82573;2.03635;0.319746;18.3201;2.64885;1.17471
1.43312;-1.55161;2.11219;-0.286882;-16.4372;1.29021;2.09596
0.688561;-2.03504;2.14837;0.41946;24.0333;2.89446;1.0812
1.4419;-1.62619;2.17338;-0.399142;-22.8691;1.11696;2.63977
0.765905;-2.10963;2.24436;0.377148;21.609;2.9108;1.06821
1.2817;-1.72338;2.14774;-0.291209;-16.6851;1.22934;2.36184
0.710591;-2.06025;2.17935;0.307335;17.609;2.38617;1.21153
1.32336;-1.67168;2.13208;-0.33749;-19.3368;1.18097;2.50364
0.633004;-1.99576;2.09374;0.362482;20.7687;2.60731;1.17241
1.37768;-1.79259;2.26084;-0.348123;-19.946;1.14392;2.58864
0.459446;-2.04511;2.09609;0.434275;24.8821;2.77784;1.18495
1.44909;-1.87755;2.37172;-0.43632;-24.9993;1.05242;2.8338
0.320649;-2.15163;2.17539;0.509369;29.1847;3.65947;1.09734
1.19229;-2.1591;2.46643;-0.356605;-20.4319;1.12126;2.6064
0.175653;-2.18927;2.1963;0.42448;24.3209;3.21807;1.15941
0.534002;-1.86549;1.94041;-0.198736;-11.3867;1.24247;2.34998
0.142593;-1.94199;1.94722;0.205503;11.7745;2.10342;1.48533
0.586554;-2.00148;2.08566;-0.211783;-12.1343;1.36316;2.16374
0.152346;-2.06297;2.06859;0.211364;12.1102;2.46812;1.32247
0.299878;-2.11854;2.13966;-0.0669011;-3.83315;1.56911;1.90282
0.0026348;-2.0337;2.0337;0.139319;7.98241;1.94263;1.60407
0.346228;-1.99361;2.02345;-0.170658;-9.778;1.46291;2.08269
-0.444926;-2.07976;2.12682;0.382709;21.9276;2.6936;1.40131
0.397214;-2.10143;2.13864;-0.397571;-22.7791;1.13467;2.75814
-0.912654;-2.18106;2.36431;0.583122;33.4104;5.3322;1.23653
-0.114844;-2.25598;2.25891;-0.345443;-19.7925;1.13748;2.81678
-1.35295;-1.9595;2.3812;0.553432;31.7093;4.87839;1.37584
-0.533279;-2.21157;2.27495;-0.367679;-21.0665;1.20871;2.68051
-1.78771;-1.71408;2.47669;0.569806;32.6475;6.12211;1.2647
-1.1706;-1.72511;2.08478;-0.210228;-12.0452;1.369;2.35374
-1.84193;-1.09927;2.14501;0.436537;25.0118;3.20195;1.42418
-1.39044;-1.59742;2.1178;-0.316497;-18.1339;1.19554;2.64659
-2.01402;-0.956811;2.22975;0.411054;23.5516;3.32274;1.33333
-1.60376;-1.35944;2.10241;-0.259622;-14.8752;1.30994;2.42752
-1.92962;-0.756331;2.07255;0.329576;18.8833;2.83462;1.35514
-1.5986;-1.18456;1.98965;-0.26416;-15.1352;1.38005;2.33566
-2.04647;-0.59584;2.13144;0.354392;20.3051;2.83527;1.30339
-1.63856;-1.177;2.01747;-0.33959;-19.4571;1.30648;2.54316
-2.19806;-0.506016;2.25555;0.396644;22.726;3.04712;1.22012
-1.38414;-0.893259;1.64735;-0.346832;-19.872;1.26957;2.76835
-1.87689;-0.634637;1.98128;0.247038;14.1542;2.67037;1.31758
-1.83514;-0.911673;2.04912;-0.135011;-7.73555;1.56498;2.12883
-1.87412;-0.766074;2.02465;0.0730349;4.18459;2.01614;1.5774
-1.79646;-0.758463;1.95001;-0.011457;-0.656436;1.67297;1.84742
-1.72644;-0.81047;1.90721;-0.0394114;-2.25811;1.62999;1.87017
-1.90558;-0.716783;2.03593;0.0791286;4.53373;1.70787;1.77081
-1.68196;-1.23524;2.08682;-0.273667;-15.68;1.38257;2.26274
-1.93433;-0.463842;1.98916;0.398095;22.8091;2.57444;1.24911
-1.73519;-1.34656;2.19638;-0.424601;-24.3279;1.09745;3.11289
-2.19995;-0.589331;2.27752;0.398214;22.816;2.60251;1.20198
-1.63565;-1.60756;2.29338;-0.514998;-29.5072;1.07377;2.835
-2.03593;-0.572617;2.11492;0.502564;28.7948;3.95801;0.979896
-1.90639;-1.30936;2.31274;-0.327656;-18.7733;1.17848;2.23761
-2.00433;-0.504472;2.06684;0.355259;20.3548;2.59857;1.09449
-1.93692;-0.884668;2.12939;-0.181875;-10.4206;1.17863;2.18011
-1.87566;-0.664835;1.99001;0.0878078;5.03102;1.71528;1.44045
-1.82448;-0.779978;1.98421;-0.0633548;-3.62996;1.46481;1.67035
-1.94886;-0.73124;2.08153;0.0450336;2.58023;1.77047;1.4142
-1.75684;-0.586358;1.8521;0.0368249;2.10991;1.68235;1.48015
-1.83457;-0.69681;1.96244;-0.0408593;-2.34106;1.57765;1.5696
-2.00631;-0.592352;2.09192;0.0759035;4.34895;1.72732;1.3999
-1.75815;-0.589821;1.85445;-0.0365901;-2.09646;1.42989;1.65914
-1.71282;-0.762758;1.87498;-0.0952792;-5.4591;1.47249;1.57726
-2.09474;-0.714407;2.21322;0.0902811;5.17273;1.76315;1.3048
-1.7711;-0.892781;1.98339;-0.138232;-7.92009;1.40256;1.75009
-1.72989;-0.697798;1.86532;0.0834941;4.78386;1.75035;1.34667
-1.95011;-0.950145;2.16926;-0.0699628;-4.00857;1.40771;1.83875
-1.6089;-1.02014;1.90505;-0.11171;-6.40052;1.43637;1.80574
-1.99728;-1.13542;2.29745;0.048166;2.75971;1.62109;1.53048
-1.38091;-1.28617;1.88711;-0.23297;-13.3482;1.31827;2.1511
-1.9092;-1.23336;2.27293;0.176329;10.1029;1.8191;1.30555
-1.29506;-1.86254;2.26854;-0.389656;-22.3257;1.15748;2.66499
-1.86478;-1.28811;2.26641;0.358723;20.5533;2.05869;1.08545
-1.02267;-2.14621;2.37741;-0.521628;-29.8871;0.989782;3.86813
-1.41546;-1.50384;2.0652;0.31046;17.788;1.9487;1.03021
-0.695173;-2.07307;2.18652;-0.431581;-24.7278;1.00156;2.61307
-1.23563;-1.64979;2.06121;0.319287;18.2938;1.89084;0.961305
-0.652497;-2.04849;2.1499;-0.334473;-19.1639;0.970057;2.33986
-0.673873;-1.90786;2.02337;0.0311659;1.78568;1.51537;1.07181
-0.878944;-1.88589;2.08066;0.0966005;5.5348;1.35328;1.14135
-0.524572;-2.07876;2.14393;-0.188944;-10.8257;1.04848;1.55542
-0.680809;-1.75698;1.88427;0.122486;7.01795;1.44526;1.06361
-0.353806;-1.90427;1.93686;-0.185973;-10.6554;1.09819;1.44342
-0.809511;-1.80069;1.97429;0.238783;13.6812;1.61137;1.00187
-0.267148;-2.06806;2.08525;-0.294017;-16.846;0.979691;1.79468
-0.810104;-1.91279;2.07726;0.27215;15.5931;1.7232;0.966927
-0.0956507;-1.94994;1.95229;-0.351603;-20.1454;0.963115;1.79199
-0.79414;-1.93767;2.09409;0.339949;19.4777;1.87507;0.88199
-0.239412;-2.00266;2.01692;-0.269981;-15.4688;0.916541;1.78561
-0.574668;-1.91516;1.99952;0.172532;9.88534;1.37868;0.999106
0.0336844;-2.12497;2.12524;-0.307364;-17.6107;0.95645;1.48248
-0.65774;-1.9642;2.0714;0.338979;19.422;1.76635;0.83476
-0.068399;-2.0874;2.08852;-0.290372;-16.6371;0.881128;1.64198
-0.451896;-2.21106;2.25677;0.168847;9.67425;1.40117;0.907237
-0.0225676;-1.96717;1.9673;-0.190132;-10.8937;0.979309;1.29832
-0.241893;-2.15997;2.17347;0.100053;5.73261;1.39338;0.913416
-0.21481;-1.97498;1.98663;-0.00318437;-0.182451;1.11823;1.09539
-0.00278831;-2.05884;2.05884;-0.106986;-6.12983;1.07894;1.1421
-0.146453;-2.01863;2.02393;0.0710694;4.07198;1.29608;0.955749
-0.129991;-2.29157;2.29525;-0.0157588;-0.902914;1.09491;1.12946
-0.0450045;-1.88502;1.88556;-0.0327946;-1.87899;1.0649;1.17784
0.0806811;-2.0265;2.0281;-0.0636623;-3.64758;1.0826;1.16328
-0.0374301;-2.02331;2.02365;0.0582895;3.33974;1.18784;1.06139
0.107524;-1.76621;1.76948;-0.0793004;-4.54358;1.03459;1.265
0.0783433;-1.95216;1.95373;0.020693;1.18562;1.15247;1.11691
0.228544;-1.99592;2.00896;-0.073899;-4.2341;1.07821;1.22305
0.177621;-1.86901;1.87743;0.0192591;1.10347;1.21154;1.0867
0.0301969;-1.9221;1.92234;0.0790409;4.52871;1.14655;1.15321
0.421458;-1.9894;2.03355;-0.193057;-11.0613;0.962601;1.46879
0.0400498;-2.15951;2.15988;0.190222;10.8989;1.35956;1.00048
0.789457;-1.80467;1.96979;-0.393826;-22.5646;0.932661;1.56878
-0.184755;-2.18442;2.19222;0.496747;28.4615;2.44108;0.80454
0.6493;-2.02841;2.1298;-0.394173;-22.5844;0.846008;2.18558
0.314765;-2.01619;2.04061;0.154927;8.87665;1.62221;0.920972
0.290218;-1.98984;2.0109;0.0100401;0.575256;1.15758;1.18562
0.418588;-1.9622;2.00635;-0.0653473;-3.74412;1.10565;1.26377
0.401676;-1.8492;1.89232;-0.00371757;-0.213001;1.24332;1.12713
0.389855;-1.97686;2.01493;0.0191825;1.09908;1.25972;1.12112
0.476727;-2.04045;2.0954;-0.0348105;-1.9945;1.20995;1.16891
0.184273;-2.08728;2.0954;0.141466;8.10541;1.32165;1.0868
0.430302;-1.90361;1.95164;-0.134253;-7.69215;0.986826;1.57201
0.529441;-1.81215;1.88791;-0.0619419;-3.54901;1.22484;1.17834
0.245065;-2.01488;2.02973;0.163218;9.35168;1.43658;1.02971
0.684967;-1.92252;2.0409;-0.221231;-12.6756;1.02425;1.52475
-0.00766886;-1.77976;1.77978;0.346573;19.8572;1.60018;0.962011
1.03974;-1.89007;2.15718;-0.507235;-29.0624;0.864234;2.68698
0.328596;-2.33153;2.35457;0.362913;20.7934;2.38442;0.834205
0.824795;-1.88226;2.05504;-0.272979;-15.6405;1.00997;1.78116
0.358213;-2.0706;2.10136;0.241689;13.8478;1.65932;0.97668
0.77555;-1.87241;2.02667;-0.221384;-12.6844;0.982736;1.9654
0.66871;-1.88698;2.00196;0.0521146;2.98595;1.34277;1.17147
0.888012;-1.7595;1.97089;-0.126825;-7.26652;1.15648;1.41733
0.585883;-1.92356;2.01081;0.171742;9.84009;1.44887;1.10486
1.11575;-1.71357;2.0448;-0.281513;-16.1295;0.992076;1.94415
0.688779;-1.8436;1.96806;0.219621;12.5833;1.69208;1.00933
1.14025;-1.67404;2.02548;-0.240406;-13.7742;1.03128;1.81852
0.637013;-1.69341;1.80926;0.238157;13.6454;1.66539;1.0431
1.34899;-1.56173;2.06368;-0.352641;-20.2048;0.991551;2.06218
0.669934;-2.05694;2.16328;0.397577;22.7795;2.28239;0.916446
1.55448;-1.61716;2.24313;-0.450777;-25.8276;0.911063;2.77846
0.74789;-1.9443;2.08318;0.398427;22.8282;2.58042;0.896876
1.68792;-1.50961;2.26451;-0.473895;-27.1522;0.955018;2.39743
0.803093;-2.25889;2.3974;0.499516;28.6201;3.54254;0.823773
1.75148;-1.38573;2.23337;-0.559869;-32.0781;0.901928;2.65723
0.704435;-2.26005;2.36729;0.59931;34.3379;4.44216;0.780844
1.43331;-1.51461;2.08529;-0.455679;-26.1085;0.854318;2.76931
0.824916;-1.80057;1.98054;0.328222;18.8058;1.48711;0.841778
1.02253;-1.59419;1.89394;-0.140709;-8.06201;0.813844;0.984748
0.89279;-1.68862;1.9101;0.0839602;4.81057;0.754504;0.765173
0.949276;-1.76246;2.00185;-0.00770239;-0.441315;0.71149;0.716222
0.923039;-1.78509;2.00961;0.0168343;0.964533;1.34755;1.30301
0.638191;-1.54508;1.6717;0.0855177;4.8998;1.38339;1.30393
1.28004;-1.77861;2.19134;-0.232113;-13.2991;1.14158;1.6097
0.440748;-2.26604;2.3085;0.431713;24.7353;2.65057;0.923727
1.41998;-1.69374;2.21023;-0.505598;-28.9687;0.860991;2.92937
0.333849;-2.42561;2.44848;0.560926;32.1387;3.65499;0.819248
1.53681;-1.79567;2.36352;-0.571101;-32.7217;0.793352;3.37682
0.265411;-2.41489;2.42943;0.59841;34.2864;4.12492;0.779494
1.33688;-1.68023;2.14719;-0.562617;-32.2356;0.784653;3.50766
0.299363;-2.36155;2.38045;0.545991;31.283;3.6544;0.794467
1.3788;-1.869;2.32256;-0.509504;-29.1925;0.806707;3.19135
0.172369;-2.44339;2.44946;0.565169;32.3818;3.33535;0.805753
1.40841;-1.77802;2.26825;-0.599491;-34.3483;0.781742;4.18221
0.143533;-2.39278;2.39708;0.610005;34.9507;3.68837;0.796632
1.48884;-2.00209;2.49499;-0.579505;-33.2032;0.775758;4.67037
0.109337;-2.21573;2.21842;0.590113;33.811;3.10148;0.833074
1.6881;-2.14078;2.72628;-0.61841;-35.4323;0.766826;5.35039
0.631026;-2.37431;2.45673;0.407949;23.3738;3.21605;0.830596
1.26699;-1.92285;2.30274;-0.322848;-18.4978;0.946573;2.33736
0.490854;-2.1114;2.16771;0.354195;20.2939;2.25976;0.932905
1.60196;-1.6965;2.33333;-0.528325;-30.2708;0.881785;3.04466
0.308035;-2.33002;2.35029;0.625304;35.8273;4.08637;0.788724
1.59766;-1.89871;2.48146;-0.568067;-32.5478;0.802401;5.04132
0.308689;-1.91502;1.93974;0.539689;30.9219;2.77233;0.889559
1.75515;-1.63537;2.39895;-0.660892;-37.8663;0.79462;5.31072
0.591281;-2.361;2.43391;0.575321;32.9635;4.03989;0.812852
1.77756;-1.72495;2.47693;-0.555028;-31.8007;0.827124;4.0326
0.482203;-2.35064;2.39959;0.598087;34.2679;3.4324;0.824203
1.76257;-1.6008;2.38101;-0.631127;-36.1609;0.771655;5.50284
0.65311;-2.19569;2.29076;0.54434;31.1884;3.42911;0.83132
1.95079;-1.19598;2.28822;-0.7317;-41.9233;0.806941;4.16248
0.740518;-2.47831;2.58658;0.730461;41.8523;7.71475;0.741032
1.80767;-1.55531;2.38468;-0.569943;-32.6553;0.840457;3.90011
0.455248;-2.14415;2.19194;0.651084;37.3044;3.9657;0.809183
1.92709;-1.55698;2.47747;-0.682015;-39.0766;0.778639;5.92127
0.708249;-2.23908;2.34842;0.584875;33.5108;4.1455;0.818333
1.94263;-1.59497;2.51351;-0.577005;-33.06;0.822631;4.26305
0.737115;-2.15595;2.27848;0.553921;31.7373;4.08705;0.828417
2.06245;-1.37012;2.47607;-0.654982;-37.5277;0.858896;3.81253
0.767694;-2.45567;2.57287;0.681425;39.0428;6.85679;0.759797
1.66894;-1.50187;2.24521;-0.535043;-30.6557;0.881697;3.80843
0.613836;-2.36161;2.44008;0.583743;33.446;3.89498;0.853871
1.79483;-1.47731;2.32462;-0.627836;-35.9723;0.81456;4.98417
0.588525;-2.33825;2.41118;0.635559;36.4148;4.51882;0.850883
1.90025;-1.58054;2.47165;-0.630418;-36.1203;0.804789;5.10894
0.595164;-2.26951;2.34625;0.620523;35.5533;4.65842;0.86448
2.00107;-1.59912;2.56153;-0.640118;-36.676;0.827707;4.60531
0.543127;-2.61025;2.66616;0.691439;39.6165;5.77056;0.824728
1.6006;-1.42316;2.1418;-0.638867;-36.6044;0.814953;5.13497
0.418675;-2.41799;2.45397;0.672564;38.5351;4.78172;0.887695
1.76729;-1.73418;2.47603;-0.623404;-35.7184;0.795116;5.78419
0.513215;-2.26191;2.3194;0.571737;32.7581;4.14011;0.937753
1.88243;-1.52906;2.4252;-0.665494;-38.13;0.861802;4.48977
0.679538;-2.4727;2.56438;0.620415;35.5472;6.64803;0.808319
1.61493;-1.61503;2.28393;-0.517174;-29.6319;1.05554;3.25303
0.413544;-2.40633;2.4416;0.615175;35.2469;4.91201;0.82836
1.75165;-1.63196;2.39407;-0.650562;-37.2744;0.942097;5.75887
0.429251;-2.00323;2.0487;0.609669;34.9315;4.5211;0.832946
1.87827;-1.71216;2.54153;-0.620542;-35.5544;0.998634;7.15988
0.966899;-2.38639;2.57483;0.446671;25.5924;3.39714;0.972786
2.23455;-1.23734;2.55425;-0.680133;-38.9687;1.07983;9.83732
1.26628;-1.87238;2.26037;0.470452;26.9549;3.37744;1.10129
2.52775;-0.719132;2.62805;-0.698986;-40.0489;1.14697;12.7443
1.80107;-0.94262;2.03283;0.204994;11.7453;2.65544;1.68934
2.38814;0.0231168;2.38825;-0.491845;-28.1806;1.45216;7.34201
1.92357;-0.253895;1.94025;0.140912;8.07368;2.37797;1.81244
2.16299;0.897158;2.34167;-0.524412;-30.0466;1.431;5.03274
2.1458;0.11079;2.14866;0.341594;19.5719;3.14139;1.09529
1.9402;1.3123;2.34233;-0.543109;-31.1179;1.23314;4.89539
2.26777;0.443012;2.31064;0.401773;23.0199;3.36601;1.03574
1.70981;1.58251;2.32976;-0.553829;-31.732;1.10513;4.59805
2.29505;0.511646;2.35139;0.527403;30.2179;3.94477;0.976363
1.68579;1.84732;2.50089;-0.611739;-35.0501;0.975722;5.24628
2.32876;0.635919;2.41402;0.564514;32.3442;4.43613;0.963316
1.69109;1.63107;2.3495;-0.500761;-28.6915;0.972913;4.92898
2.06166;0.480426;2.1169;0.538391;30.8475;3.2645;1.1909
1.59962;1.76113;2.37915;-0.604475;-34.6339;0.879305;6.24602
2.26013;0.854782;2.41637;0.471846;27.0348;3.6732;1.15596
1.53038;1.7953;2.35906;-0.503317;-28.838;1.02161;4.39734
2.29671;0.749436;2.4159;0.549476;31.4826;4.08999;1.09564
1.67345;2.27804;2.82664;-0.621811;-35.6271;0.963859;5.03066
2.3291;0.778523;2.45577;0.614641;35.2164;5.45014;0.941762
1.51854;1.77653;2.3371;-0.540949;-30.9941;1.03883;4.27028
2.22555;0.713324;2.33707;0.553361;31.7052;4.2704;1.00928
1.55489;1.73145;2.32714;-0.528902;-30.3039;0.985745;4.32806
2.14058;0.719363;2.25822;0.51487;29.4999;4.04537;1.05984
1.51774;1.81082;2.36276;-0.54902;-31.4565;1.02693;3.96574
2.24097;0.461736;2.28804;0.670023;38.3895;5.12438;0.972963
1.92492;2.01554;2.78706;-0.605193;-34.675;0.926166;5.01785
2.2075;0.474898;2.25801;0.596492;34.1765;4.67237;1.00757
1.75906;1.712;2.45463;-0.55994;-32.0822;0.993578;4.36167
2.16088;0.574828;2.23603;0.511845;29.3266;4.18158;0.996801
1.53098;1.32496;2.0247;-0.453391;-25.9774;1.0832;3.71002
2.17582;0.507419;2.23421;0.484273;27.7468;3.29059;1.11732
1.66149;1.95788;2.56785;-0.637992;-36.5542;0.970395;4.65393
2.29691;0.629092;2.38151;0.599774;34.3645;4.76443;0.912036
1.52455;1.69451;2.27939;-0.570817;-32.7054;1.03924;4.38938
2.22462;0.704435;2.33349;0.531483;30.4517;3.99425;1.00498
1.51183;1.7833;2.3379;-0.560933;-32.1391;1.03539;4.43313
2.20099;0.78175;2.3357;0.526315;30.1556;3.93354;1.04255
1.48815;1.82245;2.35285;-0.544752;-31.212;1.03187;4.29227
2.44931;1.00369;2.64699;0.497122;28.483;3.90543;1.06991
1.40209;2.07089;2.50089;-0.586729;-33.6171;1.06035;3.89549
2.30345;0.971646;2.49999;0.576466;33.0291;4.95456;0.936364
1.54969;1.68907;2.29227;-0.42923;-24.5931;1.12566;3.45921
2.01723;0.981878;2.2435;0.375418;21.5099;3.13951;1.14717
1.44139;2.06742;2.52028;-0.508969;-29.1618;1.1831;3.02774
2.37144;1.0122;2.57843;0.558539;32.002;4.67731;0.890724
1.46018;1.66409;2.21389;-0.447154;-25.6201;1.15367;3.22504
2.14637;0.862819;2.31331;0.468352;26.8346;3.25142;1.03951
1.45232;1.90498;2.39545;-0.537199;-30.7792;1.02202;3.66867
2.042;0.868504;2.21903;0.517278;29.6378;3.54692;0.970539
1.36297;1.84571;2.29441;-0.532584;-30.5148;1.02405;3.67003
2.23569;1.10849;2.49541;0.474433;27.183;3.40964;0.997948
1.31056;1.86033;2.27561;-0.496781;-28.4634;1.05705;3.48517
2.03093;1.05591;2.28902;0.477621;27.3657;3.32497;1.03388
1.44078;1.98999;2.45681;-0.464683;-26.6244;1.04614;3.62792
2.02856;1.16629;2.33994;0.42235;24.1989;2.97182;1.14609
1.06261;1.94872;2.2196;-0.549792;-31.5008;1.053;3.56008
2.04393;1.25527;2.39862;0.520823;29.8409;3.94809;0.980588
1.03271;1.79634;2.07204;-0.498283;-28.5495;1.11494;3.23714
2.03455;1.13123;2.32789;0.541593;31.031;3.78075;1.01748
1.21891;1.89748;2.25525;-0.492348;-28.2095;1.04284;3.51669
1.95412;1.12242;2.25353;0.478421;27.4115;3.4816;1.10282
1.14658;1.865;2.18926;-0.498202;-28.5449;1.10753;3.13388
1.94071;1.02953;2.19688;0.531834;30.4718;4.32825;1.01759
1.36005;1.68109;2.16236;-0.402835;-23.0807;1.18639;2.90113
2.05292;0.914959;2.24758;0.471314;27.0043;3.49178;1.13264
1.60467;1.51947;2.20993;-0.338872;-19.4159;1.11497;2.96201
1.83038;1.16054;2.16729;0.193058;11.0614;2.66209;1.30972
1.64633;1.00459;1.92863;0.0171894;0.984879;1.80607;1.72943
1.9067;0.807226;2.07054;0.147403;8.44557;1.90156;1.67868
1.84868;1.09572;2.149;-0.134556;-7.70947;1.40054;2.20335
1.96261;0.65578;2.06927;0.212565;12.1791;2.32993;1.51378
1.83101;0.891213;2.03638;-0.130505;-7.47741;1.50062;2.11258
2.20985;0.229307;2.22171;0.349583;20.0296;2.55588;1.45373
1.91142;1.05747;2.18443;-0.401931;-23.029;1.14394;2.75093
2.15312;-0.135014;2.15735;0.567952;32.5412;4.15699;1.12556
2.19018;0.857538;2.35207;-0.435815;-24.9703;1.07365;2.99056
2.30966;-0.339717;2.33451;0.519228;29.7496;3.84354;1.11748
2.08898;0.591877;2.17121;-0.422135;-24.1865;1.12666;2.90683
2.25766;-0.330389;2.28171;0.421406;24.1448;3.51441;1.12696
2.05256;0.254118;2.06823;-0.268488;-15.3832;1.31228;2.48092
1.99781;-0.469084;2.05215;0.3538;20.2712;2.5506;1.33
2.15762;0.374084;2.18981;-0.402293;-23.0497;1.14448;3.08323
2.15398;-0.31852;2.1774;0.318483;18.2477;2.88133;1.21676
2.08426;0.287317;2.10397;-0.283799;-16.2605;1.39186;2.42791
2.08582;-0.41683;2.12707;0.334229;19.1499;2.6714;1.26395
2.11539;0.382218;2.14965;-0.375997;-21.543;1.25189;2.88628
2.17709;-0.34694;2.20456;0.336787;19.2964;2.83178;1.22489
2.07;0.321412;2.09481;-0.312072;-17.8804;1.30798;2.7768
2.06313;-0.274262;2.08128;0.286201;16.3981;2.5065;1.37036
1.80518;0.462478;1.86348;-0.382961;-21.942;1.30066;2.83878
2.30841;-0.260792;2.32309;0.363299;20.8155;3.01257;1.21553
2.07914;0.52109;2.14344;-0.358068;-20.5158;1.3055;2.87708
2.02712;-0.232022;2.04035;0.359532;20.5997;2.86501;1.27691
1.90112;0.645131;2.0076;-0.441112;-25.2739;1.28286;2.95909
2.23475;-0.344102;2.26108;0.479928;27.4978;3.53341;1.12469
2.16677;0.520656;2.22845;-0.388599;-22.2651;1.19659;3.29539
2.09048;-0.0307493;2.0907;0.250529;14.3542;2.70769;1.35862
2.10382;0.290537;2.12379;-0.15194;-8.70552;1.54733;2.29318
2.13267;0.0297268;2.13288;0.123294;7.06422;2.18612;1.62553
1.97522;0.041199;1.97565;-0.00691704;-0.396317;1.6685;2.13045
1.95809;0.258578;1.97509;-0.110441;-6.32783;1.66224;2.15434
2.1775;0.027752;2.17768;0.118552;6.79254;2.19784;1.66608
1.82652;0.238131;1.84198;-0.116898;-6.69778;1.7019;2.15296
2.0286;0.114147;2.03181;0.0734328;4.20739;2.25537;1.64889
2.23036;-0.161044;2.23616;0.12829;7.35048;1.962;1.89048
2.27189;0.685034;2.37292;-0.364937;-20.9093;1.43158;2.74187
2.14369;-0.446162;2.18963;0.498055;28.5365;3.53303;1.18992
2.22036;0.61548;2.30409;-0.475607;-27.2503;1.18766;3.88498
1.98676;-0.517887;2.05315;0.525403;30.1034;3.13597;1.28994
2.25845;0.755239;2.38138;-0.57771;-33.1003;1.05928;4.94044
2.21614;-0.127588;2.21981;0.380224;21.7853;3.13548;1.26185
2.06002;0.695357;2.17421;-0.383048;-21.947;1.32632;2.95896
2.18516;-0.153756;2.19056;0.395787;22.6769;2.95983;1.23923
1.95528;0.808749;2.11594;-0.462443;-26.496;1.23651;3.30915
2.30344;-0.338096;2.32812;0.537933;30.8213;3.20127;1.16194
2.29866;1.00125;2.50726;-0.556535;-31.8871;1.02268;4.6704
2.09331;0.117068;2.09659;0.35493;20.336;2.81983;1.22533
1.99032;1.04287;2.24698;-0.426775;-24.4524;1.28052;2.75806
2.22722;-0.0283651;2.2274;0.495376;28.383;3.46054;1.07328
2.00736;0.931465;2.21295;-0.44719;-25.6221;1.15142;3.267
2.26448;0.185737;2.27209;0.352616;20.2034;2.8246;1.16501
1.78297;0.690714;1.91209;-0.287754;-16.4871;1.26763;2.50749
2.06211;0.324824;2.08754;0.213356;12.2244;2.31002;1.31759
1.84951;0.724816;1.98646;-0.217265;-12.4483;1.43584;2.07538
2.18795;0.306925;2.20937;0.23413;13.4147;2.40997;1.28427
1.98301;0.762721;2.12463;-0.227814;-13.0528;1.41843;2.12827
1.96241;0.0866974;1.96433;0.323034;18.5085;2.41256;1.28311
2.02601;0.792386;2.17546;-0.328665;-18.8311;1.18549;2.70856
2.15492;0.0830489;2.15652;0.334295;19.1537;2.27801;1.28205
2.0263;1.05604;2.28498;-0.441917;-25.32;1.09193;2.90025
2.1929;0.0737742;2.19414;0.446807;25.6002;2.91373;1.08209
1.95621;0.947787;2.17372;-0.417543;-23.9235;1.09068;3.00901
2.12884;0.0233112;2.12896;0.440223;25.2229;2.54121;1.16577
2.05347;1.21658;2.3868;-0.523902;-30.0174;1.0198;3.55336
2.19088;0.213708;2.20128;0.437615;25.0735;2.97775;1.07329
2.07011;1.15938;2.37266;-0.413295;-23.68;1.13842;2.91416
2.04174;0.572632;2.12052;0.237093;13.5845;2.61455;1.13543
1.87213;0.712235;2.00303;-0.0900946;-5.16204;1.51324;1.80676
1.8414;0.585988;1.93239;0.0554368;3.17629;1.69567;1.50483
1.86983;0.812722;2.03882;-0.101921;-5.83963;1.41857;1.76014
1.81871;0.589538;1.91187;0.096552;5.53202;1.60871;1.40124
1.89019;1.18477;2.2308;-0.246429;-14.1193;1.22495;1.7953
2.05976;0.54318;2.13018;0.302053;17.3064;2.0348;1.04957
1.56804;1.34086;2.06317;-0.44962;-25.7613;1.04949;2.15461
2.12524;0.561247;2.1981;0.449268;25.7412;2.86556;0.880941
1.73576;1.01445;2.01047;-0.270706;-15.5103;1.03912;2.05648
1.88516;0.718084;2.01729;0.164952;9.45104;1.61131;1.11915
1.79632;1.09285;2.10264;-0.182613;-10.4629;1.12142;1.64729
1.89186;0.738109;2.03075;0.174574;10.0023;1.59962;1.11857
1.48523;1.23744;1.93317;-0.322654;-18.4867;1.10127;1.72497
1.93768;0.338563;1.96704;0.52166;29.8889;2.23772;0.913187
1.7542;1.45971;2.2821;-0.521045;-29.8537;0.856067;3.26544
2.01532;0.862552;2.19215;0.289618;16.5939;1.83176;0.960505
1.41492;1.35401;1.9584;-0.358999;-20.5691;0.984491;1.71077
1.93754;0.942646;2.15468;0.310603;17.7963;1.79346;0.858933
1.63468;1.16143;2.00527;-0.164931;-9.44987;0.926149;1.09452
1.82294;0.943173;2.05248;0.14027;8.03688;0.892329;0.806778
1.84113;0.880221;2.04072;0.0314991;1.80476;0.745981;0.748038
1.94954;0.826962;2.11768;0.0447858;2.56604;0.709847;0.710889
1.34076;2.40192;2.75079;-0.660498;-37.8437;0.742137;4.52395
1.64303;1.32518;2.11084;0.382957;21.9418;2.18962;0.86538
1.1513;1.66908;2.02764;-0.288241;-16.515;0.960451;1.6879
1.5727;1.37329;2.0879;0.249149;14.2752;1.77616;0.990535
1.18028;1.58962;1.97989;-0.214304;-12.2787;1.04067;1.54945
1.54787;1.48614;2.14581;0.167061;9.57192;1.62574;1.08477
1.25315;1.4425;1.91081;-0.0904686;-5.18347;1.13598;1.32547
1.47825;1.31454;1.97819;0.128677;7.37265;1.34755;1.10883
1.18737;1.58282;1.97868;-0.200345;-11.4789;1.02962;1.37323
1.75711;1.37687;2.23231;0.26253;15.0418;1.50185;0.957882
1.09106;1.66355;1.98942;-0.325649;-18.6583;0.900136;1.84692
1.28111;1.59196;2.04342;0.0971381;5.5656;1.47881;0.940119
1.14778;1.29642;1.7315;0.0470372;2.69503;1.18142;1.14178
1.08935;1.70208;2.02083;-0.155338;-8.90022;1.02817;1.40669
1.15399;1.64962;2.01319;0.0410974;2.35471;1.24911;1.07598
0.897871;1.67404;1.89963;-0.118118;-6.76767;1.09339;1.28828
1.01889;1.81017;2.07722;0.0203689;1.16705;1.26696;1.07471
0.92829;1.76996;1.99862;-0.0296411;-1.69831;1.1469;1.21589
0.807404;1.84011;2.00945;-0.0695465;-3.98472;1.12218;1.24614
0.898252;1.85983;2.06539;0.0364518;2.08853;1.19657;1.14529
0.752906;2.16674;2.29383;-0.115506;-6.61798;1.06115;1.34334
0.784507;1.85337;2.01257;0.0659885;3.78086;1.25963;1.09993
0.36256;1.93465;1.96833;-0.215165;-12.328;1.07884;1.32854
1.02387;1.85946;2.12271;0.318069;18.224;1.74427;0.906008
0.337462;2.13202;2.15856;-0.346343;-19.844;0.914112;1.88828
0.893738;1.69099;1.91265;0.329229;18.8635;1.76565;0.921134
0.29621;2.09392;2.11477;-0.34568;-19.806;0.910451;1.91282
0.888436;1.83817;2.04162;0.30969;17.7439;1.81629;0.926163
0.349668;2.16733;2.19536;-0.290262;-16.6308;0.943964;1.76032
0.930245;1.87576;2.09376;0.300429;17.2133;1.7505;0.955464
0.161918;2.25095;2.25677;-0.388577;-22.2638;0.933185;1.83766
1.08204;1.94627;2.22683;0.435594;24.9577;2.54848;0.856874
0.310212;2.09733;2.12014;-0.360559;-20.6585;0.914509;2.05764
1.29671;2.06259;2.43633;0.4144;23.7434;1.98063;0.929547
0.39532;2.13158;2.16793;-0.377869;-21.6503;0.843215;2.75965
0.86644;1.91067;2.09794;0.242365;13.8865;1.62809;1.04226
0.17095;1.88209;1.88984;-0.335159;-19.2032;0.975467;1.76427
1.08637;1.9092;2.19665;0.426744;24.4506;2.39953;0.899262
0.283389;2.18399;2.2023;-0.388288;-22.2473;0.88644;2.23389
0.95191;1.91316;2.13689;0.332657;19.0598;2.11402;0.900866
0.375782;1.98144;2.01676;-0.274268;-15.7144;0.942808;1.68521
1.0026;1.84726;2.1018;0.309835;17.7522;1.78433;0.926623
0.320543;2.10031;2.12463;-0.345811;-19.8135;0.901069;1.90423
1.08562;1.67113;1.9928;0.424668;24.3317;2.17889;0.882106
0.257648;2.34587;2.35997;-0.466725;-26.7414;0.842503;2.45352
1.50462;1.95439;2.46648;0.546702;31.3237;3.12536;0.835589
0.244888;2.32753;2.34038;-0.551266;-31.5852;0.799385;3.32743
1.41287;1.76552;2.26126;0.570068;32.6625;3.47669;0.841362
0.320492;2.36366;2.38529;-0.540127;-30.947;0.801654;3.31643
1.4924;1.82355;2.3564;0.551093;31.5753;3.55687;0.849378
