#1 AntVel X	#2 AntVel Y	#3 Speed	#4 Turning Angle Rad		#5 Turning Angle Deg	#6 Detected Phero Left	#7 Detected Phero Right	
-1.34562;-1.43797;1.96938;-0.0115334;-0.660814;0.7;0.7
-1.53314;-1.53957;2.17274;0.0310722;1.78031;0.7;0.7
-1.42314;-1.5094;2.07451;-0.0273167;-1.56513;0.7;0.7
-1.33247;-1.47882;1.99058;-0.0226023;-1.29502;0.7;0.7
-1.30483;-1.52623;2.00797;-0.0260359;-1.49175;0.7;0.7
-1.30548;-1.50691;1.99376;0.00654574;0.375043;0.7;0.7
-1.16204;-1.74116;2.09332;-0.125391;-7.1844;0.7;0.7
-0.766985;-1.94175;2.08774;-0.21232;-12.165;0.7;0.7
-1.118;-1.74589;2.07318;0.193384;11.0801;0.7;0.7
-1.06629;-1.67871;1.98873;-0.00368256;-0.210995;0.7;0.7
-1.2341;-1.62357;2.03935;0.0840549;4.81599;0.7;0.7
-1.31327;-1.61796;2.08386;0.0318835;1.82679;0.7;0.7
-1.47102;-1.4869;2.0916;0.0982039;5.62667;0.7;0.7
-1.39973;-1.37683;1.96339;0.0136164;0.780162;0.7;0.7
-1.40375;-1.40203;1.98399;-0.00763623;-0.437524;0.7;0.7
-1.46238;-1.46997;2.07349;-0.00319936;-0.18331;0.7;0.7
-1.40211;-1.4272;2.0007;-0.00627987;-0.35981;0.7;0.7
-1.38868;-1.46072;2.01548;-0.0164107;-0.940261;0.7;0.7
-1.37555;-1.44864;1.99768;-0.00059726;-0.0342205;0.7;0.7
-1.44286;-1.5814;2.14071;-0.0199034;-1.14038;0.7;0.7
-1.22564;-1.30983;1.79383;0.0125836;0.720988;0.7;0.7
-1.33046;-1.43418;1.95627;-0.00430522;-0.246671;0.7;0.7
-1.3427;-1.50414;2.01626;-0.0191463;-1.097;0.7;0.7
-1.35132;-1.51907;2.03313;-0.00173096;-0.0991768;0.7;0.7
-1.29966;-1.44709;1.94504;0.00475454;0.272415;0.7;0.7
-1.35832;-1.74335;2.21004;-0.0698823;-4.00396;0.7;0.7
-1.11268;-1.29125;1.70452;0.0493568;2.82794;0.7;0.7
-1.50222;-1.47564;2.10575;0.0830736;4.75977;0.7;0.7
-1.37755;-1.32519;1.91148;0.0104457;0.598492;0.7;0.7
-1.44385;-1.24867;1.90889;0.0529926;3.03625;0.7;0.7
-1.58638;-1.41863;2.12817;-0.0165991;-0.951056;0.7;0.7
-1.62986;-1.40617;2.15262;0.0177827;1.01887;0.7;0.7
-1.51017;-1.30579;1.99642;-0.00109689;-0.0628469;0.7;0.7
-1.50447;-1.33949;2.01437;-0.0145018;-0.830894;0.7;0.7
-1.70468;-1.47987;2.25742;0.0125303;0.717931;0.713294;0.7
-2.2417;-0.725706;2.35624;0.401836;23.0235;1.85336;0.7
-1.82795;-0.708458;1.96044;-0.0566612;-3.24645;1.89115;2.06328
-1.77025;-0.952576;2.01027;-0.123919;-7.10001;2.54874;3.43151
-1.73043;-1.18579;2.09773;-0.107098;-6.13626;0.700038;0.837013
-1.6493;-1.13304;2.00099;-0.00117356;-0.0672402;0.7;0.700012
-1.65461;-1.14948;2.01471;-0.00523618;-0.300011;0.7;0.7
-1.6452;-1.19618;2.03409;-0.0214928;-1.23145;0.7;0.7
-1.6172;-1.15778;1.98892;0.00733443;0.420232;0.7;0.7
-1.64177;-1.13155;1.99395;0.0178702;1.02389;0.7;0.7
-1.54783;-1.19459;1.9552;-0.0538384;-3.08472;0.7;0.7
-1.59151;-1.22971;2.01124;-0.000555864;-0.0318487;0.7;0.7
-1.5308;-1.02655;1.84314;0.0671342;3.84651;0.7;0.7
-1.59372;-1.06557;1.91713;0.00137625;0.0788536;0.7;0.7
-1.66997;-1.03572;1.96508;0.0342003;1.95953;0.7;0.7
-1.68192;-1.06213;1.98921;-0.00811596;-0.46501;0.7;0.7
-1.8243;-0.993721;2.07739;0.0644823;3.69456;0.7;0.7
-1.79003;-0.799955;1.96065;0.0785079;4.49817;0.7;0.7
-1.83138;-0.814055;2.00416;0.00199519;0.114316;0.7;0.7
-1.81114;-0.816447;1.98666;-0.00523835;-0.300136;0.7;0.7
-1.83068;-0.737161;1.97352;0.0407051;2.33223;0.7;0.7
-1.85733;-0.748201;2.00237;-0.000142198;-0.00814734;0.7;0.7
-1.86172;-0.765138;2.01282;-0.00699096;-0.400552;0.7;0.7
-1.67879;-0.519002;1.75718;0.0901069;5.16274;0.7;0.7
-2.13166;-0.761859;2.26371;-0.0434215;-2.48787;0.7;0.7
-1.7888;-0.790985;1.95588;-0.0730847;-4.18744;0.7;0.7
-1.58461;-0.761472;1.75808;-0.031621;-1.81175;0.7;0.7
-1.86231;-0.929371;2.08133;-0.0149221;-0.854976;0.7;0.7
-1.82874;-0.941371;2.05681;-0.012508;-0.716654;0.7;0.7
-1.82311;-0.877145;2.02314;0.0269555;1.54443;0.7;0.7
-1.73544;-0.827148;1.92248;0.00366363;0.209911;0.7;0.7
-1.77512;-0.785979;1.94134;0.0279414;1.60092;0.7;0.7
-2.08283;-0.622693;2.17392;0.126323;7.23776;0.7;0.7
-2.02293;-0.6009;2.11029;0.00176422;0.101083;0.7;0.7
-1.94317;-0.548235;2.01903;0.0137552;0.788115;0.7;0.7
-1.94067;-0.598125;2.03075;-0.0239799;-1.37395;0.7;0.7
-1.84906;-0.578738;1.93751;-0.00436484;-0.250087;0.7;0.7
-1.85974;-1.05257;2.13695;-0.211695;-12.1292;0.7;0.7
-1.9224;-0.978182;2.15695;0.0443365;2.5403;0.7;0.7
-2.08195;-0.948122;2.28767;0.0433539;2.484;0.7;0.7
-1.9657;-0.728876;2.09648;0.0722554;4.13993;0.7;0.7
-1.85452;-0.687627;1.9779;1.09498e-05;0.000627379;0.7;0.7
-2.21502;-0.819718;2.36183;0.000626215;0.0358795;0.7;0.7
-1.74189;-0.746676;1.89518;-0.0505214;-2.89466;0.7;0.7
-1.86252;-0.774004;2.01694;0.0111102;0.636568;0.7;0.7
-1.81626;-0.863822;2.01121;-0.0500872;-2.86978;0.7;0.7
-1.79489;-0.829261;1.9772;0.0111444;0.638525;0.7;0.7
-1.82519;-0.862657;2.01879;-0.00872246;-0.49976;0.7;0.7
-1.8792;-1.10799;2.18152;-0.0912241;-5.22675;0.7;0.7
-1.73011;-1.02771;2.01233;-0.00326232;-0.186917;0.7;0.7
-1.71893;-0.908525;1.94426;0.0497874;2.85261;0.7;0.7
-1.81473;-0.946936;2.04693;0.00527978;0.302509;0.7;0.7
-1.80021;-0.950886;2.03591;-0.0050204;-0.287648;0.7;0.7
-1.87463;-1.05272;2.14999;-0.0257181;-1.47354;0.7;0.7
-1.77152;-0.984084;2.0265;0.00462017;0.264716;0.7;0.7
-1.97265;-0.926515;2.1794;0.0679583;3.89372;0.7;0.7
-1.74817;-0.882001;1.95806;-0.0281648;-1.61373;0.7;0.7
-1.69037;-0.98386;1.95584;-0.0598438;-3.42879;0.7;0.7
-1.6395;-1.14951;2.00233;-0.0843796;-4.83459;0.7;0.7
-1.51787;-1.23902;1.95936;-0.0731066;-4.1887;0.7;0.7
-1.55793;-1.28015;2.01641;-0.00323623;-0.185422;0.7;0.7
-1.43821;-1.23385;1.89495;-0.0212334;-1.21659;0.7;0.7
-1.40746;-1.40124;1.98606;-0.0741201;-4.24677;0.7;0.7
-1.39283;-1.37174;1.95491;0.00541396;0.310197;0.7;0.7
-1.46989;-1.34781;1.99428;0.0356712;2.04381;0.7;0.7
-1.66505;-1.27508;2.09719;0.0885657;5.07444;0.7;0.7
-1.56579;-1.23249;1.99267;-0.0133154;-0.762914;0.7;0.7
-1.53073;-1.10371;1.88714;0.0421443;2.41469;0.7;0.7
-1.68339;-1.17991;2.05572;0.0133668;0.765861;0.7;0.7
-1.74049;-1.26401;2.15105;-0.0167837;-0.961637;0.7;0.7
-1.51141;-1.58013;2.18659;-0.179503;-10.2848;0.7;0.7
-1.39838;-1.44247;2.00902;0.00670903;0.384399;0.7;0.7
-1.23762;-1.43329;1.89369;-0.0576113;-3.30088;0.7;0.7
-1.21311;-1.56114;1.97706;-0.0516708;-2.96052;0.7;0.7
-1.17998;-1.6025;1.99007;-0.025898;-1.48385;0.7;0.7
-1.29662;-1.61059;2.06766;0.0431152;2.47032;0.7;0.7
-1.4501;-1.47788;2.07049;0.0980973;5.62056;0.7;0.7
-1.38444;-1.36664;1.94535;0.0159563;0.91423;0.7;0.7
-1.42301;-1.41868;2.00937;-0.00494854;-0.283531;0.7;0.7
-1.47106;-1.41117;2.03848;0.0192521;1.10306;0.7;0.7
-1.40171;-1.45502;2.02036;-0.0394324;-2.25931;0.7;0.7
-0.965513;-1.64812;1.91011;-0.236809;-13.5681;0.7;0.7
-1.12093;-1.69421;2.03146;0.0545733;3.12682;0.7;0.7
-0.926762;-1.53519;1.79323;-0.0413849;-2.37118;0.7;0.7
-1.03307;-1.71569;2.00271;-0.0011347;-0.0650137;0.7;0.7
-1.04112;-1.84546;2.11888;-0.0283421;-1.62389;0.7;0.7
-0.807359;-1.72837;1.90764;-0.0766425;-4.39129;0.7;0.7
-0.712772;-1.76629;1.90469;-0.0534461;-3.06224;0.7;0.7
-0.532442;-1.83528;1.91096;-0.101192;-5.7979;0.7;0.7
-0.565117;-1.86915;1.95271;0.0112386;0.643923;0.7;0.7
-0.614416;-1.82014;1.92105;0.0319531;1.83078;0.7;0.7
-0.563045;-2.0568;2.13247;-0.0583523;-3.34334;0.7;0.7
-0.582851;-2.07513;2.15543;0.00661796;0.379181;0.7;0.7
-0.504997;-1.92838;1.99341;-0.0176953;-1.01386;0.7;0.7
-0.437906;-1.84206;1.89339;-0.0227302;-1.30235;0.7;0.7
-0.565391;-1.82919;1.91457;0.0663848;3.80357;0.7;0.7
-0.528291;-1.85354;1.92736;-0.022125;-1.26767;0.7;0.7
-0.668237;-1.87058;1.98636;0.0654511;3.75007;0.7;0.7
-0.617054;-1.85193;1.95203;-0.02148;-1.23071;0.7;0.7
-0.646451;-1.86927;1.9779;0.0113295;0.649132;0.7;0.7
-0.592874;-1.72644;1.8254;-0.00216377;-0.123975;0.7;0.7
-0.394772;-1.86715;1.90843;-0.12243;-7.01471;0.7;0.7
-0.613888;-1.85237;1.95145;0.111654;6.3973;0.7;0.7
-0.759029;-1.97971;2.12023;0.0461034;2.64153;0.7;0.7
-0.710659;-1.81101;1.94545;0.00782783;0.448502;0.7;0.7
-0.717245;-2.10668;2.22543;-0.0457932;-2.62376;0.7;0.7
-0.634584;-1.94304;2.04404;-0.0124804;-0.715077;0.7;0.7
-0.663042;-1.87498;1.98877;0.0242282;1.38817;0.7;0.7
-0.835498;-2.24874;2.39893;0.0158339;0.907215;0.7;0.7
-0.796782;-2.09342;2.23993;0.00794702;0.455331;0.7;0.7
-0.715434;-1.66963;1.81645;0.0411484;2.35763;0.7;0.7
-0.83013;-1.76564;1.95105;0.0346596;1.98585;0.7;0.7
-0.923403;-1.90208;2.11437;0.0124669;0.714301;0.7;0.7
-0.911301;-1.71004;1.9377;0.0376734;2.15852;0.7;0.7
-1.10484;-1.75823;2.07654;0.0713972;4.09076;0.7;0.7
-1.28086;-1.56406;2.0216;0.125153;7.17076;0.7;0.7
-1.33968;-1.60828;2.09316;0.00835596;0.478761;0.7;0.7
-1.00278;-1.588;1.87811;-0.131297;-7.52279;0.7;0.7
-1.06855;-1.67333;1.98541;0.00506125;0.289989;0.7;0.7
-1.22518;-1.64585;2.0518;0.0716092;4.1029;0.7;0.7
-1.16889;-1.6216;1.99897;-0.0153423;-0.879047;0.7;0.7
-1.13522;-1.72826;2.06775;-0.0433852;-2.48579;0.7;0.7
-1.14823;-1.69214;2.04493;0.015015;0.860297;0.7;0.7
-1.08033;-1.57733;1.91183;0.00432965;0.248071;0.7;0.7
-0.944158;-1.53725;1.80405;-0.0497425;-2.85003;0.7;0.7
-1.05264;-1.81124;2.0949;-0.0243252;-1.39373;0.7;0.7
-1.0157;-1.67944;1.96269;0.0174693;1.00092;0.7;0.7
-1.07213;-1.68243;1.995;0.0234325;1.34258;0.7;0.7
-1.27775;-1.60258;2.04961;0.105735;6.05819;0.7;0.7
-1.25949;-1.69374;2.1107;-0.0336922;-1.93042;0.7;0.7
-1.19764;-1.45606;1.88533;0.0489191;2.80286;0.7;0.7
-1.27599;-1.57259;2.02514;-0.00667366;-0.382373;0.7;0.7
-1.42144;-1.8148;2.30521;-0.0172051;-0.98578;0.7;0.7
-1.50121;-1.38418;2.04195;0.161492;9.2528;0.7;0.7
-1.37984;-1.4731;2.01841;-0.0732145;-4.19488;0.7;0.7
-1.4381;-1.58569;2.14069;-0.0160968;-0.92228;0.7;0.7
-1.42525;-1.49202;2.06337;0.0258888;1.48332;0.7;0.7
-1.53795;-1.37;2.05966;0.0805748;4.6166;0.7;0.7
-1.48514;-1.33995;2.00027;-0.00634274;-0.363412;0.7;0.7
-1.48162;-1.29891;1.97037;0.0142686;0.817528;0.7;0.7
-1.45988;-1.36357;1.99764;-0.0315184;-1.80587;0.7;0.7
-1.33137;-1.70665;2.16453;-0.157006;-8.99575;0.7;0.7
-1.01774;-1.37052;1.70708;-0.0237424;-1.36034;0.7;0.7
-1.09903;-1.65244;1.98455;-0.0518358;-2.96997;0.7;0.7
-1.17166;-1.70703;2.07044;0.01461;0.837089;0.7;0.7
-1.15749;-1.69769;2.05473;-0.00311188;-0.178298;0.7;0.7
-0.959106;-1.49912;1.77967;-0.0292524;-1.67604;0.7;0.7
-1.09643;-1.68394;2.00942;0.00799701;0.458195;0.7;0.7
-1.0858;-1.67333;1.99474;-0.00156169;-0.089478;0.7;0.7
-1.10855;-1.67467;2.00833;0.00913834;0.523588;0.7;0.7
-1.12381;-1.68337;2.02403;0.00391174;0.224126;0.7;0.7
-1.14881;-1.70205;2.05347;0.00507706;0.290894;0.7;0.7
-0.964571;-1.83416;2.07232;-0.109573;-6.27808;0.7;0.7
-1.09719;-1.76775;2.08057;0.0713337;4.08712;0.7;0.7
-1.09891;-1.60638;1.94629;0.0444898;2.54908;0.7;0.7
-0.81138;-1.47888;1.68684;-0.0981697;-5.62471;0.7;0.7
-1.03048;-1.74698;2.02826;0.0311297;1.7836;0.7;0.7
-1.09195;-1.5055;1.85981;0.0945763;5.41882;0.7;0.7
-1.19684;-1.62745;2.02015;0.00658746;0.377434;0.7;0.7
-1.0696;-1.50662;1.84769;-0.0167316;-0.958651;0.7;0.7
-1.23773;-1.51083;1.9531;0.0690023;3.95354;0.7;0.7
-1.37745;-1.57192;2.09004;0.0331908;1.90169;0.7;0.7
-1.21949;-1.52467;1.95237;-0.0449139;-2.57338;0.7;0.7
-1.23678;-1.49611;1.94113;0.0161478;0.925199;0.7;0.7
-1.41623;-1.72905;2.23502;-0.00452171;-0.259075;0.7;0.7
-1.24033;-1.68354;2.09111;-0.0513094;-2.93981;0.7;0.7
-1.31936;-1.61894;2.08846;0.0488344;2.79801;0.7;0.7
-1.24237;-1.88457;2.25723;-0.100953;-5.78417;0.7;0.7
-1.10053;-1.59903;1.94115;0.0199546;1.14332;0.7;0.7
-1.12584;-1.64312;1.99182;-0.00208071;-0.119216;0.7;0.7
-1.11521;-1.67946;2.01601;-0.0145394;-0.833045;0.7;0.7
-1.13506;-1.83849;2.16065;-0.033071;-1.89483;0.7;0.7
-0.750409;-1.80838;1.9579;-0.159767;-9.15398;0.7;0.7
-0.745291;-1.85853;2.0024;-0.0119602;-0.685271;0.7;0.7
-0.739442;-1.86039;2.00195;-0.00305605;-0.175099;0.7;0.7
-0.649655;-1.7568;1.87308;-0.0241221;-1.3821;0.7;0.7
-0.955983;-1.95419;2.17549;0.10077;5.77369;0.7;0.7
-0.857871;-1.63396;1.84548;0.0284978;1.6328;0.7;0.7
-1.0985;-1.71687;2.03822;0.0857244;4.91164;0.7;0.7
-0.952239;-1.65461;1.90905;-0.0469745;-2.69144;0.7;0.7
-1.01358;-1.72211;1.99825;0.00975301;0.558806;0.7;0.7
-0.807362;-1.82754;1.99793;-0.115975;-6.6449;0.7;0.7
-1.22116;-1.77759;2.15663;0.185939;10.6535;0.7;0.7
-1.29635;-1.58375;2.04666;0.0840069;4.81324;0.7;0.7
-1.21723;-1.53218;1.95684;-0.0145988;-0.836448;0.7;0.7
-1.27743;-1.70314;2.12897;-0.0278117;-1.59349;0.7;0.7
-1.21668;-1.56488;1.98221;0.0173363;0.993296;0.7;0.7
-1.12846;-1.61387;1.96926;-0.0506593;-2.90256;0.7;0.7
-1.14519;-1.75645;2.0968;-0.0324323;-1.85823;0.7;0.7
-1.0829;-1.6856;2.00348;-0.0067296;-0.385578;0.7;0.7
-1.18309;-1.48317;1.89724;0.102279;5.86017;0.7;0.7
-1.47673;-1.58326;2.16505;0.0772756;4.42757;0.700001;0.7
-1.51952;-1.42221;2.08126;0.067866;3.88843;0.700309;0.7
-1.54904;-1.2513;1.9913;0.0728598;4.17456;0.722877;0.700001
-1.525;-0.95583;1.79978;0.119596;6.85235;0.926951;0.702104
-1.74499;-0.720161;1.88776;0.168467;9.65246;1.14652;0.911508
-1.86457;-0.711614;1.99575;0.02682;1.53667;1.17195;1.08167
-2.05427;-0.432104;2.09922;0.157266;9.01065;0.894084;0.736709
-1.99005;-0.323514;2.01617;0.0461659;2.64511;0.761231;0.700026
-1.88487;-0.331968;1.91388;-0.0131788;-0.755087;0.703257;0.7
-1.97794;-0.403424;2.01866;-0.0268672;-1.53938;0.700018;0.7
-1.92291;-0.458531;1.97683;-0.032883;-1.88405;0.7;0.7
-1.86013;-0.324259;1.88818;0.0614985;3.5236;0.7;0.7
-2.27191;-0.466805;2.31937;-0.0300612;-1.72238;0.7;0.7
-1.88688;-0.465857;1.94353;-0.0394048;-2.25773;0.7;0.7
-1.88282;-0.331577;1.91179;0.0677329;3.88081;0.7;0.7
-2.01931;-0.288699;2.03985;0.0323134;1.85142;0.7;0.7
-2.03517;-0.199342;2.04491;0.0443694;2.54218;0.7;0.7
-1.85906;-0.100435;1.86177;0.0436646;2.5018;0.7;0.7
-2.02046;0.103804;2.02313;0.105303;6.03344;0.7;0.7
-2.09222;-0.0598523;2.09307;-0.0799303;-4.57967;0.7;0.7
-1.97741;-0.031128;1.97765;0.0128588;0.736755;0.7;0.7
-1.92238;-0.0433824;1.92287;-0.00682259;-0.390905;0.7;0.7
-2.01741;-0.0438171;2.01789;0.000847111;0.0485359;0.7;0.7
-1.9928;-0.0883934;1.99476;-0.0226113;-1.29553;0.7;0.7
-2.10005;-0.0302765;2.10027;0.0299114;1.71379;0.7;0.7
-2.06171;0.0996033;2.06411;0.0626896;3.59185;0.7;0.7
-2.06436;0.259095;2.08055;0.0765824;4.38785;0.7;0.7
-1.98158;0.246759;1.99688;-0.000967522;-0.0554349;0.7;0.7
-2.13205;0.410711;2.17125;0.0664174;3.80544;0.7;0.7
-2.04627;0.333601;2.07328;-0.0286985;-1.6443;0.7;0.7
-1.70061;0.327535;1.73186;0.0286614;1.64218;0.7;0.7
-2.11054;0.142299;2.11533;-0.122947;-7.04437;0.7;0.7
-2.03184;0.15325;2.03761;0.00796065;0.456112;0.7;0.7
-1.98402;0.156368;1.99017;0.00336914;0.193038;0.7;0.7
-1.93388;0.192497;1.94344;0.0205616;1.17809;0.7;0.7
-1.71864;0.248782;1.73655;0.0445441;2.55219;0.7;0.7
-2.07141;0.366135;2.10352;0.0311926;1.7872;0.7;0.7
-1.91842;0.429507;1.96592;0.0453041;2.59573;0.7;0.7
-1.93466;0.351338;1.9663;-0.040609;-2.32672;0.7;0.7
-2.01608;0.338051;2.04422;-0.0135123;-0.774197;0.7;0.7
-2.1387;0.394925;2.17486;0.0164674;0.943515;0.7;0.7
-1.95297;0.359969;1.98587;-0.000326759;-0.0187219;0.700003;0.7
-2.13706;0.564094;2.21026;0.0757986;4.34294;0.705155;0.7
-1.93305;0.957777;2.15732;0.20195;11.5709;1.02932;0.7
-1.45721;1.5979;2.16257;0.371394;21.2793;1.46395;0.716221
-1.14467;1.80809;2.13996;0.174989;10.0261;1.52367;1.1192
-0.628457;2.00024;2.09665;0.259968;14.8951;1.20945;0.70051
-0.0598864;2.02141;2.0223;0.274807;15.7453;1.28338;0.7
0.732533;1.92269;2.05751;0.393633;22.5535;1.49788;0.7
0.674602;1.75018;1.87569;0.00388336;0.2225;0.827311;0.7
1.1809;1.7302;2.09479;0.231;13.2354;1.06233;0.7
1.26431;1.78499;2.18739;0.0173782;0.995698;0.732468;0.7
1.13155;1.59368;1.95454;0.00114355;0.0655206;0.742122;0.7
1.11374;1.60714;1.95533;-0.0114114;-0.653823;0.746094;0.7
1.0417;1.67809;1.97513;-0.0504603;-2.89116;0.755487;0.7
1.27412;1.64631;2.08176;0.10309;5.90663;0.816706;0.7
1.24042;1.56927;2.00032;0.0102449;0.586989;0.716093;0.7
1.37816;1.35577;1.93325;0.124702;7.14488;0.706224;0.7
1.46356;1.45587;2.06436;-0.00555256;-0.318138;0.700137;0.7
1.52381;1.39606;2.06663;0.0410863;2.35407;0.700011;0.7
1.44869;1.39544;2.01146;-0.0249989;-1.43233;0.7;0.700003
1.41067;1.39183;1.98171;-0.0120002;-0.687563;0.7;0.700016
1.51588;1.47541;2.11535;0.00680703;0.390014;0.7;0.700084
1.46445;1.23852;1.91796;0.0698597;4.00267;0.7;0.700673
1.38834;1.56879;2.0949;-0.144338;-8.26995;0.7;0.714656
1.44077;1.29394;1.93652;0.114589;6.56546;0.7;0.701066
1.61006;1.42011;2.14687;0.0089636;0.513576;0.7;0.725392
1.75706;1.33256;2.20522;0.073936;4.23622;0.7;0.772887
1.14906;1.51141;1.8986;-0.271904;-15.579;0.7;1.15451
1.2123;1.62694;2.02894;-0.00964832;-0.552808;0.7;0.715437
1.13378;1.55877;1.92749;-0.0115351;-0.660914;0.7;0.71287
1.16438;1.71573;2.07353;-0.032598;-1.86773;0.7;0.712093
0.990819;1.41285;1.72565;0.0153375;0.878776;0.70007;0.706868
0.937795;1.40681;1.69073;-0.0236253;-1.35363;0.701469;0.708327
1.01924;1.69975;1.98192;-0.0478088;-2.73924;0.717206;0.705188
1.16708;1.54107;1.93312;0.108011;6.1886;0.807974;0.708593
1.1849;1.46414;1.88353;0.0322051;1.84522;0.892586;0.801243
1.1533;1.34012;1.76805;0.030239;1.73257;0.902444;0.916878
1.34492;1.68391;2.15508;-0.0366719;-2.10114;0.814526;0.899771
1.23759;1.62631;2.04366;-0.0234485;-1.3435;0.71612;0.776405
1.22267;1.54569;1.97081;0.0187466;1.0741;0.700794;0.713977
1.15627;1.42052;1.83162;0.0139695;0.800395;0.700023;0.701448
1.20924;1.47781;1.9095;0.00257019;0.147261;0.7;0.700293
1.36819;1.46994;2.00815;0.0637862;3.65468;0.7;0.700094
1.30225;1.77124;2.19844;-0.115591;-6.62289;0.7;0.70025
1.20242;1.5473;1.95958;0.0266513;1.52701;0.7;0.700004
1.1008;1.72538;2.04663;-0.0927294;-5.313;0.7;0.700002
1.09904;1.67061;1.99971;0.0139931;0.801747;0.700006;0.7
1.1279;1.65449;2.00237;0.0164671;0.943493;0.700024;0.7
1.22688;1.79633;2.17533;0.000863839;0.0494944;0.700061;0.7
1.3838;1.7135;2.20249;0.0801335;4.59131;0.700228;0.7
1.03604;1.43115;1.7668;-0.0527542;-3.0226;0.700034;0.7
1.21398;1.63491;2.03634;0.0121095;0.693823;0.700033;0.7
1.16688;1.60933;1.98785;-0.0113529;-0.650472;0.7;0.7
0.602834;1.99978;2.08867;-0.334568;-19.1693;0.711062;1.41885
0.329533;2.06232;2.08849;-0.134339;-7.69705;2.60027;3.13799
-1.31293;2.15082;2.51989;-0.706502;-40.4796;0.897793;6.34207
-1.50591;1.67787;2.25455;-0.183385;-10.5072;3.79664;6.18069
-1.73606;1.40789;2.23519;-0.157966;-9.0508;4.60916;6.12628
-2.24597;0.408092;2.28275;-0.501652;-28.7426;0.76876;2.78919
-2.1811;-0.993842;2.39685;-0.60729;-34.7952;1.52782;7.28099
-1.58811;-1.0408;1.89878;-0.15259;-8.74275;0.700701;1.122
-1.83663;-1.04667;2.11394;0.0621597;3.56149;0.701809;0.807654
-1.55985;-1.317;2.04147;-0.183201;-10.4966;0.700612;1.02611
-1.47207;-1.30535;1.96746;-0.0242621;-1.39012;0.705008;0.721389
-1.50397;-1.48829;2.11588;-0.0547145;-3.13491;0.706708;0.703868
-1.07794;-1.51195;1.85686;-0.171276;-9.81337;0.706088;0.700222
-1.11685;-1.79069;2.11043;-0.0616981;-3.53504;0.70331;0.700005
-1.5639;-1.00906;1.86118;0.440124;25.2172;1.61867;0.700005
-1.67553;-1.10469;2.00692;-0.00988187;-0.56619;0.734612;0.70801
-1.62769;-0.970649;1.89514;0.0451719;2.58816;0.732267;0.744296
-1.78815;-1.17141;2.13768;-0.0422315;-2.41968;0.722157;0.859981
-1.52558;-1.34929;2.03666;-0.144202;-8.26215;0.760477;0.914451
-1.78229;-1.05108;2.06914;0.191314;10.9615;1.00616;0.859073
-2.07504;-0.631122;2.16889;0.237579;13.6123;0.89604;0.765703
-1.84351;-0.682673;1.96585;-0.0593953;-3.4031;0.847763;0.915875
-1.82274;-0.697415;1.95161;-0.0107785;-0.617563;0.825537;0.841939
-1.78447;-0.85821;1.98011;-0.0828455;-4.7467;0.755981;0.869039
-1.66463;-0.893962;1.88949;-0.0445541;-2.55276;0.709035;0.779843
-1.72058;-1.12404;2.0552;-0.0858513;-4.91892;0.7023;0.74902
-1.65899;-1.00103;1.93761;0.0357722;2.0496;0.706583;0.713582
-1.83797;-0.927137;2.05857;0.0757218;4.33854;0.707136;0.717233
-1.76225;-1.00086;2.02663;-0.0493273;-2.82625;0.704412;0.738044
-1.50377;-1.00485;1.80861;-0.072559;-4.15733;0.713774;0.712696
-1.79655;-1.04827;2.08002;0.0608854;3.48848;0.757296;0.701978
-1.7759;-0.857261;1.97198;0.0784628;4.49558;0.76359;0.70109
-1.63479;-0.753113;1.79992;0.0180285;1.03296;0.75077;0.70126
-1.79583;-0.884796;2.00197;-0.0260868;-1.49466;0.760646;0.700856
-1.76591;-0.770805;1.92681;0.0462225;2.64835;0.802917;0.70024
-2.03944;-0.716451;2.16163;0.0737337;4.22463;0.792962;0.700204
-1.86677;-0.345185;1.89842;0.154985;8.88;0.763061;0.700255
-1.99088;-0.296427;2.01283;0.035038;2.00753;0.716759;0.702818
-2.14679;-0.410534;2.18569;-0.0411437;-2.35736;0.709105;0.706143
-2.05175;-0.584662;2.13343;-0.0886493;-5.07923;0.709194;0.703729
-2.05533;-0.455287;2.10515;0.0596047;3.4151;0.718852;0.700808
-2.19483;-0.567085;2.26691;-0.0348482;-1.99665;0.708584;0.702843
-1.89586;-0.384985;1.93455;0.0525012;3.0081;0.709757;0.702032
-1.97516;-0.464413;2.02902;-0.03059;-1.75268;0.703886;0.707166
-1.97597;-0.558712;2.05344;-0.0446275;-2.55697;0.703996;0.706475
-2.03509;-0.47165;2.08903;0.0478215;2.73997;0.707249;0.703777
-1.98414;-0.369474;2.01825;0.0436333;2.50001;0.703414;0.707914
-1.84138;-0.342143;1.87289;0.000391704;0.022443;0.701467;0.718363
-1.8856;-0.317266;1.9121;0.0170166;0.974979;0.701221;0.724467
-1.87681;-0.372839;1.91349;-0.0294057;-1.68482;0.700762;0.742795
-1.86076;-0.494531;1.92535;-0.0636619;-3.64756;0.701037;0.73432
-1.94006;-0.528562;2.01078;-0.00622565;-0.356703;0.703147;0.713517
-1.93619;-0.2945;1.95846;0.115044;6.59151;0.703565;0.711974
-2.03028;-0.482659;2.08686;-0.0824512;-4.7241;0.700496;0.802226
-1.92924;-0.519764;1.99803;-0.0297686;-1.70562;0.701143;0.742359
-1.92504;-0.388168;1.96378;0.0641924;3.67796;0.701997;0.728841
-1.79712;-0.544274;1.87773;-0.0951038;-5.44904;0.70103;0.801209
-1.59683;-0.640303;1.72042;-0.0872768;-5.00059;0.704521;0.726952
-2.01021;-0.91335;2.20798;-0.0451153;-2.58492;0.721952;0.704288
-1.90718;-0.737591;2.04484;0.0574419;3.29118;0.790555;0.700459
-1.95124;-0.580683;2.03581;0.0797772;4.5709;0.821842;0.700185
-1.95311;-0.412454;1.99618;0.08113;4.6484;0.818374;0.700133
-1.85314;-0.15796;1.85986;0.123087;7.05235;0.798526;0.700151
-1.9769;-0.120048;1.98054;0.0243829;1.39704;0.73853;0.700778
-1.96297;-0.0657743;1.96407;0.0271558;1.55591;0.734368;0.701013
-2.05534;0.022979;2.05547;0.0446747;2.55967;0.7255;0.701696
-2.03577;0.13507;2.04024;0.0550715;3.15537;0.713183;0.704987
-1.9733;0.159411;1.97973;0.0143576;0.822629;0.704966;0.72288
-1.92898;0.105065;1.93184;-0.0261958;-1.50091;0.702466;0.749631
-2.08746;0.35103;2.11677;0.112189;6.42797;0.702037;0.745104
-2.06875;-0.084774;2.07049;-0.207558;-11.8922;0.700261;1.07359
-1.99546;-0.107115;1.99833;-0.0126724;-0.726075;0.70256;0.723421
-2.10807;0.0993452;2.11041;0.100719;5.77078;0.703194;0.719714
-2.00946;-0.32659;2.03583;-0.208209;-11.9295;0.700482;0.863767
-2.10801;-0.342766;2.1357;-7.34902e-05;-0.00421068;0.71714;0.70865
-2.06818;-0.326856;2.09385;0.00444687;0.254787;0.728483;0.708083
-1.89246;-0.401829;1.93465;-0.0524808;-3.00693;0.743817;0.707892
-1.99403;-0.241554;2.00861;0.0886735;5.08062;0.846302;0.702733
-2.07335;-0.0417511;2.07377;0.100417;5.75347;0.744216;0.708558
-1.99801;-0.119881;2.00161;-0.0397939;-2.28002;0.705577;0.755093
-1.90799;-0.0818452;1.90974;0.0170584;0.977376;0.70545;0.743865
-1.99346;-0.190605;2.00255;-0.0524559;-3.0055;0.702222;0.771097
-2.03343;-0.102112;2.036;0.0451514;2.58698;0.703422;0.735295
-2.03861;-0.133787;2.043;-0.0153585;-0.87998;0.700918;0.759081
-1.97663;-0.296148;1.99869;-0.0831857;-4.76619;0.700879;0.746295
-2.03001;-0.236062;2.04369;0.0329527;1.88805;0.707061;0.71149
-2.02925;-0.231365;2.04239;0.00224077;0.128387;0.710955;0.711701
-2.02556;-0.115592;2.02885;0.0565202;3.23837;0.729727;0.708263
-2.17384;-0.210784;2.18404;-0.0396566;-2.27216;0.731292;0.715557
-1.77616;-0.0542413;1.77699;0.0661325;3.78912;0.831114;0.705897
-1.96931;0.104394;1.97208;0.0834899;4.78362;0.805114;0.708798
-1.8107;0.237379;1.8262;0.0773937;4.43433;0.755875;0.718497
-1.90134;0.246601;1.91726;-0.00137616;-0.0788484;0.724782;0.746098
-2.00011;0.430066;2.04582;0.0828179;4.74512;0.727356;0.745324
-1.96715;0.204773;1.97777;-0.108073;-6.19215;0.708554;0.85624
-1.89674;0.181734;1.90543;-0.00820096;-0.46988;0.730934;0.746464
-1.93358;0.162997;1.94044;-0.0114229;-0.654483;0.733538;0.741279
-2.11054;0.297884;2.13146;0.0561155;3.21518;0.734894;0.735177
-1.92958;0.111274;1.93278;-0.0826107;-4.73325;0.712111;0.784089
-1.88947;0.107821;1.89255;-0.000601839;-0.0344829;0.717067;0.738455
-2.01067;0.0403454;2.01107;-0.036939;-2.11645;0.708992;0.753195
-1.9936;-0.0251669;1.99376;-0.0326862;-1.87278;0.705584;0.756024
-1.96676;-0.0546428;1.96751;-0.0151529;-0.868196;0.70278;0.777577
-1.92871;-0.295549;1.95122;-0.124278;-7.12061;0.700837;0.881533
-1.8375;-0.631887;1.94312;-0.179161;-10.2652;0.700911;0.826283
-1.92509;-0.674519;2.03984;-0.00580042;-0.33234;0.704197;0.736648
-1.88851;-0.720124;2.02115;-0.0272834;-1.56322;0.702861;0.841143
-1.91862;-1.13484;2.22911;-0.169838;-9.73102;0.703774;1.05959
-1.70768;-1.19499;2.08426;-0.0764361;-4.37947;0.736134;0.938079
-1.4795;-1.34353;1.9985;-0.126695;-7.25912;0.806211;0.958899
-1.70231;-1.34459;2.16928;0.0687393;3.93847;0.970845;0.88535
-1.52745;-1.19297;1.93811;0.0054678;0.313282;0.978655;0.959083
-1.54162;-1.20159;1.95459;0.000988871;0.0566582;0.998588;0.951506
-1.53123;-1.1999;1.94536;-0.00259992;-0.148964;0.98037;0.933738
-1.58068;-1.27402;2.03019;-0.0137136;-0.785733;0.93162;0.919
-1.5668;-1.35988;2.07464;-0.036426;-2.08706;0.861693;0.901986
-1.49637;-1.51358;2.1284;-0.0763022;-4.37179;0.782187;0.864732
-1.33619;-1.51895;2.02302;-0.0582083;-3.33509;0.723687;0.793391
-1.24216;-1.60369;2.02849;-0.0624365;-3.57735;0.709709;0.746107
-1.07624;-1.80245;2.09931;-0.120755;-6.91874;0.716227;0.716267
-1.27119;-1.40299;1.89322;0.197869;11.3371;0.94522;0.702171
-1.28235;-1.39494;1.89481;0.00721761;0.413538;0.722122;0.704675
-1.36743;-1.46511;2.0041;0.00756064;0.433193;0.726927;0.70271
-1.27606;-1.3974;1.89237;-0.0108849;-0.623657;0.733608;0.701466
-1.44252;-1.41901;2.02348;0.0535704;3.06936;0.754817;0.70064
-1.44644;-1.3539;1.98122;0.024815;1.4218;0.739666;0.700657
-1.53936;-1.03848;1.85689;0.158881;9.10318;0.741264;0.700643
-1.65412;-1.12534;2.00063;-0.00391304;-0.224201;0.706289;0.712224
-1.59904;-0.941625;1.85569;0.0652051;3.73598;0.705866;0.720908
-1.9114;-1.14682;2.22904;-0.00821759;-0.470833;0.702198;0.800612
-1.54771;-1.12105;1.91106;-0.086458;-4.95368;0.701868;0.833789
-1.59125;-1.21646;2.00296;-0.0258267;-1.47976;0.704775;0.741954
-1.55062;-1.21694;1.97113;-0.0127137;-0.728443;0.706783;0.726148
-1.63553;-1.08524;1.96284;0.0795744;4.55928;0.70714;0.717461
-1.68007;-1.15527;2.03894;-0.0165399;-0.947667;0.702482;0.747699
-1.78518;-1.27742;2.19515;-0.0187238;-1.07279;0.702334;0.738891
-1.67356;-1.2677;2.09949;-0.0271762;-1.55708;0.70249;0.73045
-1.51086;-1.22414;1.94454;-0.0326693;-1.87181;0.703019;0.723404
-1.54763;-1.31156;2.02863;-0.0220766;-1.2649;0.704146;0.71824
-1.46648;-1.2582;1.93226;-0.00608171;-0.348456;0.705769;0.717186
-1.50749;-1.31398;1.99977;-0.00781616;-0.447833;0.707171;0.719661
-1.36287;-1.18578;1.80651;0.000892442;0.0511332;0.709384;0.720923
-1.64367;-1.24898;2.06436;0.0662358;3.79503;0.711493;0.722585
-1.56494;-1.14652;1.93999;0.0175031;1.00285;0.707674;0.752213
-1.7142;-1.26433;2.13003;-0.00320654;-0.183721;0.707929;0.763403
-1.5479;-1.1747;1.94318;-0.0136787;-0.783732;0.709903;0.755707
-1.55874;-1.23476;1.98854;-0.0207644;-1.18971;0.713242;0.737498
-1.5476;-1.19647;1.95617;0.0118075;0.67652;0.718703;0.717276
-1.61761;-1.17788;2.00101;0.0287521;1.64738;0.723531;0.71026
-1.69252;-1.2994;2.13379;-0.0253765;-1.45397;0.73052;0.708326
-1.57185;-1.17718;1.96379;0.0119486;0.684607;0.763166;0.703021
-1.65376;-1.05966;1.96413;0.0729546;4.17999;0.842376;0.701907
-1.83456;-0.831283;2.01411;0.144402;8.27361;0.930272;0.702929
-1.91571;-0.624768;2.01502;0.110198;6.31388;0.956572;0.71162
-2.03041;-0.47033;2.08418;0.0876241;5.02049;0.997035;0.740741
-2.10229;-0.389485;2.13807;0.0444384;2.54613;0.93876;0.896347
-1.83273;-1.34337;2.27234;-0.449333;-25.7449;0.793449;1.63123
-1.61477;-1.17842;1.99904;0.00209019;0.119759;0.739469;0.73718
-1.69152;-1.29623;2.13107;-0.023426;-1.34221;0.720849;0.745815
-1.45102;-1.50426;2.09004;-0.149551;-8.56867;0.725088;0.740256
-1.50278;-1.34752;2.01845;0.0724291;4.14988;0.928245;0.707892
-1.79606;-0.974924;2.0436;0.233671;13.3884;0.896846;0.708233
-1.74198;-1.00351;2.01035;-0.0253318;-1.4514;0.720015;0.763108
-1.67791;-1.01134;1.95913;-0.019788;-1.13377;0.723376;0.756991
-1.68133;-1.07147;1.99372;-0.0249491;-1.42948;0.723331;0.745707
-1.54281;-1.07834;1.88231;-0.0426387;-2.44302;0.725109;0.731767
-1.63005;-1.12414;1.98009;0.00628108;0.359879;0.74036;0.718224
-1.84658;-1.02654;2.11273;0.0963606;5.52106;0.742136;0.717269
-1.73188;-1.01837;2.0091;-0.0241854;-1.38572;0.71341;0.748954
-1.78895;-1.20002;2.15416;-0.0592962;-3.39742;0.713363;0.741946
-1.58721;-1.20047;1.99006;-0.0566905;-3.24813;0.722566;0.723379
-1.45733;-1.16876;1.8681;-0.0284046;-1.62746;0.744994;0.712496
-1.52219;-1.12766;1.89438;0.038355;2.19758;0.769944;0.708559
-1.63826;-1.19494;2.02776;0.00741402;0.424792;0.749899;0.712555
-1.65585;-1.16499;2.02461;0.01707;0.978039;0.742627;0.715846
-1.69195;-1.1931;2.07031;-0.0010727;-0.061461;0.729088;0.722924
-1.66369;-1.10995;1.99997;0.0258403;1.48054;0.722366;0.727561
-1.66544;-1.05644;1.97225;0.0230633;1.32143;0.712653;0.742007
-1.57002;-1.12346;1.93058;-0.0558176;-3.19812;0.706985;0.765444
-1.6234;-1.21231;2.02611;-0.0203321;-1.16494;0.710046;0.750854
-1.40169;-1.10651;1.7858;-0.0268207;-1.53671;0.713539;0.750071
-1.57747;-1.25032;2.01289;-0.0019655;-0.112615;0.733282;0.7443
-1.81926;-1.02372;2.08752;0.157667;9.03365;0.84295;0.745602
-1.80295;-0.895273;2.01299;0.0516585;2.95981;0.880676;0.835967
-1.81587;-0.568958;1.90292;0.157255;9.01006;1.35769;0.958729
-2.10481;-0.395561;2.14166;0.117872;6.75357;1.93185;1.56319
-1.95094;0.126728;1.95505;0.250631;14.3601;4.22943;2.80879
-2.29204;0.0260992;2.29219;-0.0534796;-3.06416;3.99851;3.67203
-1.73236;1.25629;2.13994;0.616047;35.2969;9.50065;3.11961
-1.33425;1.78284;2.22682;0.300894;17.24;2.27036;1.13131
-1.11348;1.70476;2.03618;0.0638787;3.65998;1.25749;1.09864
-0.951044;1.92687;2.1488;0.120101;6.88127;1.30113;1.00863
-0.799581;1.86047;2.02501;0.0525822;3.01274;1.11561;1.06797
-0.869885;1.93145;2.1183;-0.0172628;-0.989087;1.06715;1.09366
-0.62816;1.80348;1.90974;0.0880066;5.04241;1.16294;1.00886
-0.806035;1.84335;2.01187;-0.0770514;-4.41472;0.999026;1.16077
-0.827308;1.80504;1.9856;-0.0175457;-1.00529;1.15138;0.9985
-0.390968;1.99402;2.03199;0.236146;13.5302;1.20862;0.953663
-1.09413;1.83397;2.13555;-0.344294;-19.7266;0.82221;1.80585
-0.660628;1.94024;2.04963;0.209733;12.0168;1.36598;0.885671
-1.12921;1.72198;2.05921;-0.252242;-14.4524;0.906902;1.37462
-0.701966;1.93048;2.05415;0.231659;13.2731;1.41502;0.870738
-1.16102;1.56942;1.95219;-0.288165;-16.5106;0.892284;1.43656
-0.612659;1.96317;2.05655;0.334425;19.1611;1.48416;0.848269
-1.30636;1.68856;2.13491;-0.355969;-20.3955;0.818048;1.7792
-0.96992;1.83653;2.07692;0.172574;9.88774;1.43196;0.859495
-1.01054;2.00915;2.24897;0.0198764;1.13883;1.00944;1.1063
-1.02655;1.63064;1.92686;-0.0958381;-5.49112;0.939644;1.23186
-0.998459;1.68506;1.95866;0.0269435;1.54375;1.06231;1.0449
-1.14863;1.53353;1.916;-0.107955;-6.18535;0.989219;1.14211
-1.01651;1.30726;1.65596;-0.0180592;-1.03472;1.19381;0.945606
-1.01934;1.87867;2.13739;0.163795;9.38474;1.26425;0.911063
-1.26195;1.58872;2.02893;-0.174138;-9.97739;0.918513;1.29987
-1.14041;1.70791;2.05365;0.0825355;4.72894;1.22334;0.938872
-1.06426;1.79182;2.08405;0.0527699;3.02349;1.04639;1.07666
-1.32923;1.51855;2.01813;-0.183051;-10.4881;0.938865;1.23996
-0.830332;1.77206;1.95695;0.280827;16.0902;1.3791;0.891075
-1.51191;1.5775;2.18504;-0.325982;-18.6774;0.836227;1.61736
-1.06758;1.92957;2.20522;0.258817;14.8291;1.47919;0.862314
-1.63426;1.56807;2.26487;-0.300712;-17.2295;0.88626;1.38803
-1.07541;1.94434;2.22192;0.300846;17.2372;1.68097;0.822562
-1.58347;1.64358;2.28226;-0.261555;-14.986;0.902993;1.31909
-0.939252;1.88173;2.10312;0.303812;17.4072;1.62306;0.832879
-1.37593;1.7506;2.2266;-0.203169;-11.6407;0.881619;1.37083
-0.787359;1.9524;2.10518;0.282801;16.2033;1.28103;0.92284
-1.40757;1.54716;2.09164;-0.354859;-20.3319;0.804778;1.74223
-0.962688;1.85133;2.08667;0.258671;14.8207;1.52325;0.859832
-1.27152;1.58052;2.0285;-0.197959;-11.3422;0.91257;1.29026
-0.77043;1.77823;1.93795;0.268634;15.3916;1.37419;0.890221
-1.07417;1.75832;2.06047;-0.139557;-7.99605;0.854839;1.48594
-1.00187;1.54512;1.8415;-0.0268559;-1.53873;1.01703;1.11803
-0.98216;1.71489;1.97623;0.0551328;3.15888;1.09626;1.04763
-1.20998;1.67913;2.06967;-0.104296;-5.97572;1.01149;1.1442
-0.91377;1.83388;2.04893;0.162156;9.29088;1.32493;0.934158
-1.05745;1.67078;1.9773;-0.102004;-5.84439;0.994394;1.18479
-0.701808;1.86784;1.99534;0.204855;11.7373;1.27437;0.966717
-0.877455;1.75911;1.96581;-0.10328;-5.91752;0.904329;1.37285
-1.04961;1.74839;2.03925;-0.0779696;-4.46733;1.07406;1.10307
-0.648801;1.93233;2.03835;0.216728;12.4176;1.38285;0.925541
-1.00237;1.96702;2.20769;-0.147355;-8.44285;0.931447;1.28585
-0.664757;1.95408;2.06405;0.14338;8.21509;1.248;0.957249
-0.738899;1.8487;1.9909;-0.0523269;-2.99811;0.967774;1.18777
-0.747253;1.86088;2.00531;-0.00161384;-0.0924662;1.06695;1.0674
-0.689311;1.88857;2.01043;0.0318819;1.8267;1.09792;1.03914
-0.755049;1.82632;1.97624;-0.0420596;-2.40984;1.04683;1.08194
-0.379316;1.78876;1.82854;0.183067;10.489;1.1563;0.991377
-0.945853;1.6319;1.8862;-0.316326;-18.1241;0.853618;1.5245
-0.322212;1.94992;1.97636;0.361521;20.7137;1.58239;0.849518
-1.06412;1.86037;2.14321;-0.355806;-20.3862;0.818896;1.76203
-0.510422;2.0814;2.14307;0.279085;15.9904;1.49572;0.855492
-0.856772;1.81258;2.00487;-0.201069;-11.5204;0.87318;1.41484
-0.809963;2.02238;2.17855;0.0606177;3.47314;1.18701;0.942269
-0.827423;1.88568;2.05923;-0.0325583;-1.86546;1.06002;1.0305
-0.662679;1.87782;1.99132;0.0742408;4.25369;1.12138;0.977839
-0.837971;1.82748;2.01044;-0.0906794;-5.19554;0.956578;1.15621
-0.928552;1.91777;2.13074;-0.0209809;-1.20212;1.05821;0.977036
-0.807922;1.84951;2.01827;0.0390657;2.2383;1.01532;0.899039
-0.929716;1.76191;1.99216;-0.0736942;-4.22237;0.855864;0.851711
-0.931666;1.58876;1.84179;-0.0448237;-2.56821;0.780131;0.74959
-0.984922;1.51131;1.80392;-0.0472046;-2.70462;0.723449;0.713705
-1.1885;1.67667;2.05518;-0.039068;-2.23843;0.704418;0.70299
-0.718329;1.91544;2.04571;0.257851;14.7738;1.40383;0.855778
-1.39988;1.58433;2.11419;-0.36488;-20.9061;0.853095;1.6255
-0.805187;2.03424;2.1878;0.346773;19.8686;1.57893;0.825649
-1.55639;1.76679;2.35455;-0.345275;-19.7828;0.823765;1.73514
-0.820576;1.95535;2.12055;0.324833;18.6116;1.42666;0.858297
-1.40889;1.58673;2.12195;-0.328764;-18.8368;0.811869;1.74958
-1.0526;1.69521;1.99542;0.170437;9.76531;1.37475;0.887064
-1.13098;1.34542;1.75763;-0.143355;-8.21365;0.988257;1.14239
-0.921544;1.84455;2.06194;0.23569;13.504;1.39175;0.890339
-1.19099;1.36831;1.81404;-0.252896;-14.4899;0.888319;1.34478
-0.825085;1.81641;1.99502;0.289852;16.6073;1.52245;0.863028
-1.15217;1.82496;2.15823;-0.13677;-7.83637;0.871881;1.3862
-1.10925;2.02062;2.30507;0.0610963;3.50056;1.0799;1.04918
-0.83476;1.81929;2.00166;0.0718688;4.11778;0.996626;1.13571
-1.24707;1.64353;2.0631;-0.218915;-12.5429;0.900941;1.2985
-0.726059;1.96726;2.09697;0.295531;16.9327;1.64338;0.866
-1.05031;1.80955;2.09228;-0.17234;-9.87436;0.906778;1.28846
-0.694172;2.06278;2.17645;0.201285;11.5328;1.40741;0.910569
-0.975283;1.89058;2.12732;-0.15164;-8.68835;0.969918;1.17517
-0.441043;2.03754;2.08473;0.263088;15.0738;1.53546;0.87388
-0.511035;1.77698;1.849;-0.0668602;-3.83081;0.918299;1.25981
-0.640268;1.85531;1.96268;-0.0522733;-2.99504;1.04733;1.08077
-0.240428;1.89961;1.91476;0.206406;11.8262;1.27169;0.941939
-0.620227;2.05672;2.1482;-0.166991;-9.56788;0.889691;1.33067
-0.359714;1.68204;1.72007;0.0822065;4.71009;1.25514;0.950553
-0.431966;1.71743;1.77092;-0.0357256;-2.04693;1.10064;1.03559
-0.219042;1.73385;1.74763;0.120741;6.91795;1.22621;0.954965
-0.510276;1.8244;1.89442;-0.147059;-8.42588;0.979301;1.1785
-0.180786;2.01299;2.02109;0.183157;10.4941;1.31494;0.915096
-0.864361;1.80564;2.00186;-0.356894;-20.4485;0.924229;1.31349
-0.0155983;2.20302;2.20307;0.439383;25.1748;2.11775;0.77854
-0.707716;1.92184;2.048;-0.34576;-19.8106;0.855874;1.63626
-0.052996;2.18693;2.18757;0.328612;18.8281;1.53064;0.848993
-0.569619;2.0968;2.1728;-0.241031;-13.81;0.844406;1.63119
-0.575995;2.01329;2.09407;-0.0133935;-0.767392;1.19628;0.981425
-0.272377;1.86873;1.88848;0.133917;7.67286;1.34068;0.913566
-0.294981;1.87595;1.899;-0.0112303;-0.643447;1.04824;1.08729
-0.270463;1.85303;1.87267;0.0110329;0.632138;1.07894;1.0531
-0.288184;2.00093;2.02157;0.00189155;0.108378;1.06734;1.05873
-0.391941;2.15205;2.18745;-0.0371083;-2.12615;1.07138;1.0484
-0.404578;2.04745;2.08704;-0.0149371;-0.855833;1.18942;0.96165
0.251764;1.93556;1.95187;0.324434;18.5887;1.3118;0.908424
-0.632786;2.05343;2.14872;-0.428273;-24.5382;0.788149;1.92847
0.0816005;2.14666;2.14821;0.336921;19.3041;1.82639;0.827119
-0.410751;2.03882;2.07978;-0.236798;-13.5675;0.885977;1.34659
0.13122;2.08894;2.09306;0.261538;14.985;1.52862;0.870404
-0.156891;1.95662;1.9629;-0.142747;-8.17882;0.904567;1.30607
0.0378307;2.01564;2.016;0.0987798;5.65967;1.19772;0.981589
-0.00832778;1.67996;1.67998;-0.0237234;-1.35925;1.01415;1.12706
-0.00986026;1.99866;1.99868;2.369e-05;0.00135733;1.08503;1.05783
0.0752116;2.03464;2.03603;0.0418821;2.39967;1.13929;1.01597
-0.0509391;2.35236;2.35292;-0.0585998;-3.35752;1.09413;1.04616
0.320423;2.0435;2.06847;0.177186;10.152;1.37239;0.903939
0.0696177;1.92819;1.92945;-0.119445;-6.84372;0.96892;1.18702
0.156402;2.01862;2.02467;0.0412355;2.36262;1.26782;0.942531
0.559699;2.36405;2.4294;0.155149;8.88939;1.22319;0.960288
0.0699835;1.7255;1.72692;-0.191938;-10.9972;0.905842;1.30487
0.465691;2.09608;2.14719;0.178085;10.2035;1.36247;0.907385
0.0636037;2.0593;2.06029;-0.187745;-10.757;0.952724;1.18512
0.607707;1.87045;1.96669;0.283265;16.2299;1.62087;0.849421
0.24324;2.0309;2.04541;-0.194939;-11.1692;0.891876;1.34073
0.708383;1.93424;2.05988;0.23186;13.2846;1.39716;0.905195
0.25866;2.04198;2.0583;-0.225062;-12.8951;0.892082;1.38068
0.844467;1.92497;2.10205;0.28741;16.4674;1.51681;0.879504
0.514801;2.07577;2.13865;-0.17031;-9.75804;0.863941;1.59447
0.523562;1.90707;1.97764;0.0248352;1.42295;1.10453;1.07121
0.471813;1.98665;2.0419;-0.0347635;-1.9918;1.05814;1.12959
0.788774;1.96195;2.11457;0.149087;8.54208;1.13055;1.05316
0.178454;2.08502;2.09264;-0.296879;-17.0099;0.875671;1.63097
1.0206;1.92556;2.17931;0.402;23.0329;1.76598;0.857416
0.319094;2.04851;2.07321;-0.332854;-19.0711;0.80802;2.02046
1.09361;1.73562;2.05143;0.407729;23.3611;1.79148;0.913248
0.296608;2.0577;2.07897;-0.419096;-24.0125;0.788256;2.01593
1.67981;1.74904;2.42506;0.622052;35.6409;3.61202;0.840212
0.521914;2.20203;2.26304;-0.53249;-30.5094;0.741288;2.56808
1.93308;1.6336;2.5309;0.636449;36.4658;5.13107;0.832618
0.875034;1.9408;2.12894;-0.445599;-25.531;0.756743;2.13976
2.09236;1.15703;2.39096;0.642098;36.7895;4.51402;0.854942
1.10049;2.03143;2.31037;-0.569198;-32.6126;0.739632;2.44691
2.39689;0.935166;2.57286;0.702333;40.2407;7.20511;0.802341
1.5325;1.65361;2.25454;-0.4514;-25.8633;0.763718;2.11083
2.18289;0.43263;2.22535;0.627737;35.9667;4.12111;0.823239
1.75733;1.41045;2.25335;-0.480673;-27.5405;0.749946;2.51514
2.40208;0.35283;2.42786;0.530486;30.3946;3.17153;0.830944
1.84085;1.2267;2.21213;-0.44196;-25.3225;0.781165;2.19458
2.46983;0.287245;2.48648;0.472021;27.0448;2.8747;0.807386
2.06356;0.936892;2.26629;-0.310408;-17.7851;0.824862;1.96191
2.24194;0.210823;2.25183;0.332429;19.0468;1.67183;0.875271
1.70893;1.06828;2.01536;-0.464923;-26.6381;0.819089;2.31233
2.22025;0.236678;2.23283;0.452484;25.9254;2.48575;0.778184
2.07606;1.25924;2.42811;-0.439025;-25.1543;0.827837;2.5539
2.20481;0.243817;2.21825;0.435087;24.9286;2.10078;0.806657
1.82976;1.31692;2.2544;-0.513705;-29.4331;0.798871;3.23414
2.17798;0.208617;2.18795;0.528349;30.2722;2.26636;0.80242
1.86174;1.72671;2.53921;-0.652294;-37.3737;0.763061;4.60879
2.31744;0.469905;2.3646;0.54773;31.3826;2.96532;0.772065
1.8384;1.68794;2.49577;-0.542699;-31.0944;0.781469;3.37576
2.15111;0.574975;2.22663;0.48157;27.592;2.59822;0.814216
1.74213;1.48756;2.29082;-0.445554;-25.5284;0.786149;2.69566
2.3694;0.403953;2.40358;0.537875;30.818;2.34363;0.869886
1.74417;1.68055;2.42206;-0.597958;-34.2605;0.736721;3.89394
2.13055;0.6679;2.23279;0.463039;26.5302;3.47287;0.828142
1.46543;1.26094;1.93325;-0.406752;-23.3052;0.876163;1.80534
2.29789;0.369175;2.32735;0.551238;31.5836;3.73668;0.797903
1.76946;1.34256;2.22113;-0.489775;-28.0621;0.803569;2.50952
2.35423;0.211584;2.36372;0.559439;32.0535;3.38292;0.79386
1.93369;1.42032;2.39927;-0.543881;-31.1621;0.785374;3.09572
2.34801;0.252967;2.3616;0.526191;30.1485;3.20136;0.784076
1.87122;1.21977;2.23368;-0.470357;-26.9495;0.810573;3.05273
2.05134;0.314429;2.0753;0.425584;24.3842;2.27297;0.83021
1.88172;1.41765;2.35597;-0.493564;-28.2791;0.826152;3.08852
2.46163;0.411947;2.49586;0.479849;27.4934;2.49536;0.798742
1.74423;1.70405;2.43847;-0.607934;-34.8321;0.803637;4.28273
2.25583;0.541505;2.31992;0.538156;30.834;2.99896;0.761781
1.65264;1.59826;2.29906;-0.533082;-30.5433;0.831188;5.47968
2.01999;0.994174;2.25139;0.311309;17.8367;2.01886;0.885637
1.11229;2.40184;2.64689;-0.679742;-38.9464;0.937934;5.54815
2.01115;1.32858;2.41036;0.553306;31.7021;3.35299;0.741357
0.864291;2.42223;2.57181;-0.644264;-36.9136;0.968397;10.9091
0.976756;1.82791;2.07251;0.14802;8.48092;1.81811;1.28525
-0.162109;2.32756;2.3332;-0.560289;-32.1022;1.09919;4.53604
0.804488;2.07447;2.225;0.439485;25.1806;2.3699;0.843334
-0.638315;2.43764;2.51983;-0.626057;-35.8704;0.882885;5.8655
0.352135;2.0763;2.10595;0.424106;24.2995;2.20473;0.874586
-0.891288;2.18227;2.35726;-0.555745;-31.8418;0.81333;3.43433
0.170735;2.30785;2.31415;0.461592;26.4473;3.54011;0.815151
-0.649346;2.05531;2.15544;-0.379858;-21.7642;0.901648;2.09059
0.36036;2.17202;2.20171;0.470425;26.9533;3.12745;0.835649
-0.699331;2.15537;2.26598;-0.478156;-27.3963;0.861346;2.82021
0.501473;2.34022;2.39335;0.524835;30.0709;2.87448;0.82118
-0.980041;2.31014;2.50943;-0.612314;-35.083;0.808218;7.04911
-0.129331;2.11761;2.12155;0.340224;19.4934;2.02279;0.984903
-1.43025;2.02266;2.47725;-0.554487;-31.7698;0.86866;4.76412
-0.373152;2.08602;2.11913;0.438475;25.1228;2.17114;0.898206
-1.66972;1.72326;2.3995;-0.592609;-33.954;0.80149;4.1908
-0.698742;2.25836;2.36398;0.469558;26.9037;2.98492;0.823981
-1.67135;1.73885;2.41185;-0.465547;-26.6739;0.84781;2.66193
-0.56547;2.19394;2.26565;0.513356;29.4132;3.23036;0.817946
-1.7152;1.70901;2.42129;-0.534955;-30.6507;0.833596;2.86003
-0.382979;2.06662;2.10181;0.603969;34.6049;3.8425;0.781793
-1.56081;1.66314;2.28082;-0.570434;-32.6834;0.817376;3.30527
-0.329904;2.55249;2.57372;0.625136;35.8176;3.55315;0.790345
-1.83378;1.53706;2.39276;-0.744661;-42.6659;0.773935;4.61158
-0.4604;2.45282;2.49565;0.687652;39.3996;4.89502;0.750327
-1.6461;1.62915;2.31599;-0.605031;-34.6657;0.821224;4.28459
-0.570831;2.09278;2.16923;0.524289;30.0396;2.97842;0.802939
-1.91925;1.3915;2.37061;-0.677187;-38.8;0.853942;4.6896
-1.00693;2.01947;2.25658;0.480935;27.5556;3.44346;0.763925
-2.05576;1.20857;2.3847;-0.576787;-33.0475;1.02365;4.76052
-1.16989;1.92116;2.24934;0.49235;28.2096;2.98589;0.896309
-2.60377;0.904885;2.75653;-0.689351;-39.4969;1.04622;14.6531
-1.83519;0.979139;2.08006;0.155642;8.91766;2.17492;1.6204
-2.31695;-0.208069;2.32627;-0.579677;-33.213;1.31821;6.33271
-2.09068;0.67681;2.19751;0.402643;23.0697;2.42273;1.06987
-2.44576;-1.02087;2.65027;-0.708497;-40.5939;0.981969;9.1313
-2.2006;-0.0874405;2.20233;0.355704;20.3803;2.32681;1.00619
-2.01896;-1.43412;2.47648;-0.577909;-33.1117;0.959424;5.13073
-2.13172;-0.467345;2.18235;0.401803;23.0216;2.44223;0.945565
-1.81207;-1.64781;2.44926;-0.522137;-29.9162;0.913629;4.20827
-2.01982;-0.766679;2.16043;0.375178;21.4961;2.41902;0.962393
-1.45206;-1.63827;2.18915;-0.482803;-27.6626;0.934124;3.26443
-2.08446;-0.752339;2.21607;0.499204;28.6023;2.79326;0.908262
-1.43452;-1.91733;2.39457;-0.58208;-33.3507;0.849815;4.12871
-2.02723;-1.19372;2.35258;0.39628;22.7052;3.17314;0.87877
-1.44401;-1.90309;2.38892;-0.389529;-22.3184;1.07735;2.34022
-2.23041;-0.995101;2.44232;0.502056;28.7657;3.1646;0.879223
-1.3654;-1.93412;2.36752;-0.536436;-30.7355;0.885335;3.63246
-2.02252;-0.721099;2.14722;0.6136;35.1567;3.23509;0.895962
-1.11384;-2.0741;2.35426;-0.735485;-42.1402;0.804236;4.99175
-2.23557;-1.15835;2.51785;0.599914;34.3726;4.6582;0.815929
-1.23426;-1.73322;2.12778;-0.473926;-27.154;0.934229;3.08146
-1.70023;-1.03424;1.99008;0.405484;23.2325;3.03019;0.926442
-1.30188;-1.41668;1.92402;-0.281104;-16.106;1.05677;2.45941
-1.72601;-1.14215;2.06969;0.243025;13.9243;1.99045;1.18256
-1.04344;-1.97274;2.2317;-0.499696;-28.6305;1.06004;2.43254
-2.09477;-1.19872;2.4135;0.564511;32.3441;4.47288;0.804218
-1.27826;-2.15283;2.50372;-0.515218;-29.5198;1.00472;2.87829
-2.04475;-1.07433;2.3098;0.551212;31.5821;3.75603;0.829992
-1.12842;-2.06749;2.35538;-0.58742;-33.6567;0.942514;3.46704
-2.03047;-1.10837;2.31329;0.571525;32.7459;3.70782;0.82923
-1.2397;-2.01813;2.36848;-0.520276;-29.8096;0.919016;3.86588
-1.88467;-1.29485;2.28662;0.417965;23.9476;2.57616;0.971172
-1.10481;-2.06976;2.34617;-0.478514;-27.4168;0.936899;3.60952
-1.82504;-1.48299;2.35161;0.398125;22.8109;2.43395;1.00793
-0.6508;-2.08225;2.18158;-0.585505;-33.547;0.932454;3.60534
-1.95025;-1.46183;2.4373;0.624648;35.7897;3.39777;0.853633
-0.768234;-2.41364;2.53295;-0.619425;-35.4904;0.840697;5.45258
-1.43439;-1.64992;2.18626;0.407481;23.3469;2.57398;0.991322
-0.640168;-2.24977;2.33908;-0.43841;-25.119;0.963807;3.22832
-1.30053;-1.51725;1.99836;0.431414;24.7182;2.46072;1.03891
-0.358191;-2.31888;2.34638;-0.555379;-31.8209;0.912236;3.70279
-1.34275;-1.53162;2.03687;0.566529;32.4597;3.13928;0.917724
-0.453866;-2.48195;2.52311;-0.538917;-30.8777;0.875123;4.13126
-1.2673;-1.8128;2.21185;0.429242;24.5938;2.67029;1.01927
-0.349945;-2.5889;2.61244;-0.475754;-27.2587;0.948174;3.14686
-1.3659;-1.84384;2.29465;0.503223;28.8326;3.17663;0.954869
-0.394793;-2.35681;2.38965;-0.47161;-27.0213;0.930951;3.2586
-1.25903;-1.81518;2.20908;0.440454;25.2362;2.88024;1.00501
-0.175831;-2.12748;2.13473;-0.523964;-30.0209;0.978504;2.81057
-1.36661;-1.90157;2.34171;0.540688;30.9791;3.99647;0.874148
-0.357218;-1.93657;1.96924;-0.440739;-25.2525;1.01662;2.65848
-1.52118;-1.71032;2.28893;0.544527;31.1991;3.11543;0.958
-0.42574;-2.29944;2.33852;-0.54386;-31.1609;0.87479;3.62788
-1.46953;-1.76991;2.30046;0.50986;29.2128;3.17936;0.976806
-0.62801;-2.1307;2.22133;-0.40631;-23.2799;0.925309;3.01561
-1.32095;-1.77164;2.20989;0.354058;20.286;2.6359;1.11874
-0.513537;-2.12077;2.18206;-0.403111;-23.0966;1.11048;2.23536
-1.86418;-1.63887;2.48215;0.612055;35.0682;4.54366;0.92161
-0.87759;-2.08642;2.26348;-0.451475;-25.8676;0.937821;2.79964
-1.95599;-1.417;2.41532;0.5457;31.2663;3.91812;0.996799
-1.00219;-1.80265;2.06251;-0.436453;-25.0069;0.966181;2.62414
-2.04123;-1.1187;2.32768;0.562051;32.2032;3.97007;0.999713
-1.28367;-1.79868;2.20976;-0.449608;-25.7606;0.945248;2.70452
-2.18555;-0.915973;2.36973;0.554086;31.7468;3.94056;0.988961
-1.41031;-1.42488;2.00481;-0.393671;-22.5557;0.954705;2.68147
-1.99232;-0.544606;2.06541;0.523702;30.0059;2.92993;1.08974
-1.60005;-1.56097;2.23535;-0.506203;-29.0033;0.875702;3.21865
-2.13606;-0.590261;2.21611;0.503433;28.8446;3.37892;1.01913
-1.83246;-1.18155;2.18036;-0.303099;-17.3663;0.983414;2.67602
-1.75814;-0.540511;1.83935;0.27444;15.7243;2.11965;1.27976
-1.68667;-1.25015;2.09946;-0.339578;-19.4564;1.11986;2.2634
-2.17451;-0.389923;2.2092;0.460411;26.3796;3.0155;1.03161
-1.78869;-1.15952;2.13164;-0.397717;-22.7875;1.00445;2.75323
-2.17005;-0.158526;2.17583;0.502224;28.7753;2.72722;1.07258
-1.9831;-1.19122;2.31338;-0.468001;-26.8145;0.891972;3.50709
-2.11084;-0.259385;2.12672;0.418654;23.9871;2.45649;1.13029
-1.88002;-1.26668;2.26692;-0.470629;-26.965;0.955328;2.94134
-2.23158;-0.265739;2.24735;0.474375;27.1797;3.04351;0.99083
-1.86008;-1.0978;2.15988;-0.414651;-23.7578;1.00578;2.70644
-2.19622;-0.236329;2.2089;0.42598;24.4068;2.73031;1.02779
-1.94656;-1.26512;2.32156;-0.469128;-26.879;1.01652;2.65932
-2.2689;-0.0539784;2.26954;0.552536;31.658;3.02674;0.922664
-2.06569;-1.04918;2.31686;-0.446168;-25.5635;0.906785;2.48967
-1.98477;-0.528351;2.05389;0.209785;12.0198;1.32275;0.940196
-1.80158;-0.57705;1.89174;-0.049809;-2.85384;0.856749;0.888652
-1.90426;-0.621326;2.00306;-0.00541355;-0.310174;0.750705;0.752016
-1.89962;-0.620523;1.9984;-0.000338434;-0.0193908;0.70911;0.709082
-1.84965;-0.623154;1.9518;-0.00923105;-0.5289;1.55826;1.54156
-1.87688;-0.626485;1.97868;0.00279933;0.16039;1.58339;1.5426
-1.93816;-0.877829;2.12769;-0.103117;-5.90816;1.54874;1.5871
-2.0967;-0.495969;2.15456;0.193;11.0581;2.00713;1.24549
-1.74129;-0.983369;1.99978;-0.281808;-16.1464;1.25578;2.07261
-2.13405;-0.207369;2.1441;0.417219;23.9049;2.34756;1.10346
-1.85482;-1.3473;2.2925;-0.531343;-30.4437;0.958118;3.46809
-1.87062;-0.603773;1.96564;0.316001;18.1055;2.86015;1.01539
-1.74377;-0.960227;1.99067;-0.19114;-10.9515;1.36958;1.93269
-2.01543;-0.54691;2.08832;0.23837;13.6576;2.15601;1.31878
-1.5122;-1.34594;2.02443;-0.462313;-26.4886;1.22976;2.25553
-2.222;-0.33435;2.24701;0.577941;33.1136;4.69154;1.04095
-1.91289;-1.05219;2.18318;-0.353532;-20.2559;1.11704;2.40397
-2.0916;-0.439748;2.13732;0.295657;16.9399;2.59824;1.26399
-1.93968;-0.765303;2.08519;-0.168574;-9.65858;1.28327;1.74001
-2.01483;-0.405009;2.05514;0.177431;10.166;1.92397;1.19527
-1.90955;-0.772654;2.05995;-0.186117;-10.6637;1.27814;1.54265
-1.96105;-0.10801;1.96402;0.329466;18.877;2.03776;1.03256
-1.99174;-0.860085;2.16951;-0.352617;-20.2035;0.995556;2.19145
-2.03857;-0.105054;2.04127;0.356151;20.406;2.08552;0.998294
-1.96818;-0.823043;2.13334;-0.344587;-19.7434;0.965181;2.35046
-2.03559;-0.239862;2.04967;0.278781;15.973;1.89607;1.0623
-1.92011;-0.981913;2.15661;-0.355419;-20.364;1.02234;2.12213
-2.20723;-0.127795;2.21093;0.414879;23.7708;2.17508;0.964909
-1.91862;-1.12653;2.2249;-0.473089;-27.106;0.909287;2.88106
-2.1227;-0.2842;2.14164;0.397828;22.7938;2.19117;0.952561
-1.76345;-1.28827;2.1839;-0.497836;-28.5239;0.940193;2.6726
-2.26831;-0.358611;2.29648;0.474132;27.1658;2.52003;0.882649
-1.70203;-1.39869;2.20301;-0.53108;-30.4287;0.919849;3.12358
-2.04515;-0.636533;2.14192;0.386143;22.1243;2.38259;0.900912
-1.66432;-1.13661;2.0154;-0.297441;-17.0421;1.0253;2.4307
-1.85527;-1.06486;2.13915;0.0781242;4.47619;1.55062;1.22949
-1.50667;-1.23115;1.9457;-0.164048;-9.39925;1.22347;1.66771
-1.72336;-0.997701;1.99133;0.16032;9.18567;1.55586;1.21176
-1.30316;-1.5752;2.04438;-0.354852;-20.3315;1.0607;2.15255
-1.78025;-1.0686;2.07634;0.339025;19.4247;1.98456;0.984898
-1.44334;-2.02485;2.48661;-0.410916;-23.5438;0.974328;2.72834
-1.75648;-1.26658;2.16552;0.326783;18.7233;1.87562;1.03367
-0.924767;-2.16045;2.35005;-0.54161;-31.032;0.949101;2.95922
-1.63476;-1.44351;2.18086;0.443002;25.3822;2.53914;0.868306
-1.0323;-1.90883;2.17008;-0.351694;-20.1506;0.989831;2.64204
-1.18396;-1.70876;2.07885;0.110177;6.31267;1.60575;1.16858
-0.896325;-1.76447;1.97908;-0.135916;-7.78742;1.20653;1.64111
-1.05113;-1.58387;1.90093;0.11589;6.64003;1.45873;1.25796
-0.627181;-1.7395;1.84911;-0.239861;-13.743;1.08689;1.78326
-1.01833;-2.06633;2.30363;0.111843;6.40816;1.61442;1.05448
-0.797999;-1.85366;2.01814;-0.0513697;-2.94327;1.21318;1.33323
-0.794863;-1.87789;2.03919;-0.00611045;-0.350103;1.28263;1.23067
-0.904238;-1.84198;2.05196;0.0559371;3.20496;1.26167;1.25197
-0.473163;-1.72301;1.7868;-0.188338;-10.791;1.08265;1.52426
-0.953937;-1.80631;2.04273;0.217878;12.4835;1.5849;1.03683
-0.425743;-2.07927;2.12241;-0.28392;-16.2674;0.997095;1.76177
-1.03261;-1.86529;2.13204;0.303634;17.3969;1.79867;0.965658
-0.315249;-1.86089;1.8874;-0.337784;-19.3536;0.944324;1.91095
-1.02472;-1.90946;2.16705;0.324724;18.6053;1.82052;0.93391
-0.415877;-2.00789;2.05051;-0.288305;-16.5187;0.907565;1.80682
-0.861503;-1.86561;2.05492;0.228374;13.0849;1.54319;0.962125
-0.325374;-2.17734;2.20151;-0.284269;-16.2874;0.958428;1.50863
-1.0972;-1.84793;2.14911;0.387468;22.2003;1.90293;0.866239
-0.283076;-2.09096;2.11004;-0.401244;-22.9896;0.860873;1.93003
-1.00988;-1.92414;2.17305;0.348765;19.9828;1.96177;0.856701
-0.59324;-2.1382;2.21897;-0.212686;-12.186;0.923329;1.64094
-0.849838;-1.79318;1.98436;0.171933;9.85103;1.31705;1.04368
-0.541421;-2.07227;2.14183;-0.187017;-10.7153;0.933163;1.58946
-0.702364;-1.98058;2.10143;0.085233;4.88349;1.27242;1.06871
-0.277789;-2.06876;2.08733;-0.20731;-11.878;1.06365;1.28764
-1.06667;-1.84125;2.12791;0.391594;22.4367;1.78144;0.874922
-0.177777;-2.24747;2.25449;-0.446137;-25.5618;0.837444;2.16961
-0.945881;-1.90815;2.12972;0.38127;21.8452;1.95853;0.848845
-0.303679;-2.03142;2.05399;-0.311815;-17.8657;0.884861;1.81601
-0.874015;-1.93292;2.12134;0.276268;15.829;1.5648;0.935186
0.0697521;-2.25825;2.25933;-0.455537;-26.1004;0.900338;1.71541
-1.1651;-1.9769;2.29469;0.563434;32.2824;2.86677;0.777046
-0.295771;-2.11578;2.13635;-0.393663;-22.5552;0.836781;2.12053
-0.887735;-1.85844;2.05958;0.306737;17.5748;1.67335;0.908376
-0.382098;-2.0671;2.10212;-0.262846;-15.06;0.902032;1.64734
-0.875154;-1.9043;2.09577;0.247998;14.2092;1.5856;0.9501
-0.411126;-2.01175;2.05333;-0.229196;-13.132;0.954673;1.49323
-0.681093;-1.76026;1.88743;0.167601;9.6028;1.73847;0.931761
-0.853995;-1.81643;2.00717;0.0702964;4.02769;1.24654;1.12577
-1.12255;-2.07386;2.35818;0.0566452;3.24553;1.13642;1.23464
-0.783624;-1.85744;2.01597;-0.0969004;-5.55198;1.0844;1.32084
-1.22774;-1.73281;2.12367;0.217197;12.4444;1.63402;1.02435
-1.02222;-1.88879;2.14767;-0.120361;-6.89615;1.06677;1.37179
-1.48067;-1.52572;2.12608;0.274354;15.7193;1.73185;1.00663
-1.14317;-1.80217;2.13417;-0.205137;-11.7535;0.971445;1.54707
-1.55059;-1.36235;2.06406;0.28465;16.3092;1.77957;0.981673
-1.2817;-1.62038;2.06601;-0.180709;-10.3538;0.956774;1.59262
-1.49294;-1.39388;2.04249;0.150477;8.62169;1.41394;1.04124
-1.29636;-1.55743;2.02636;-0.125529;-7.19228;1.01773;1.29536
-1.55997;-1.28913;2.0237;0.186004;10.6572;1.35968;0.966226
-1.43665;-1.47071;2.05595;-0.10649;-6.10141;0.930406;1.37325
-1.14361;-1.39848;1.80654;-0.0882122;-5.05419;1.1016;1.08593
-1.56503;-1.37541;2.08352;0.164324;9.41509;1.38073;0.902269
-1.26968;-1.50632;1.97005;-0.149439;-8.5622;0.956376;1.09907
-1.35733;-1.47962;2.00789;0.041963;2.4043;1.09187;0.824388
-1.50535;-1.43897;2.08248;0.0656195;3.75972;0.876392;0.764488
-1.47976;-1.35799;2.00844;0.0203427;1.16555;0.744031;0.721865
-1.64819;-1.24155;2.06349;0.096915;5.55282;0.70815;0.704175
-1.95919;-0.989573;2.19492;0.177885;10.1921;1.22561;0.961201
-1.52436;-1.49343;2.13401;-0.307435;-17.6147;0.875407;1.48481
-2.02233;-0.731967;2.15072;0.427875;24.5154;1.93883;0.82458
-1.529;-1.5988;2.21224;-0.460436;-26.381;0.800333;1.98621
-2.2448;-0.627749;2.33092;0.53503;30.655;2.60099;0.790853
-1.65125;-1.46426;2.20696;-0.45277;-25.9418;0.780865;2.28321
-2.17738;-0.644622;2.2708;0.437618;25.0737;2.04881;0.827404
-1.59634;-1.31486;2.06813;-0.401177;-22.9858;0.800909;2.00591
-2.01154;-0.693398;2.12769;0.357055;20.4577;1.88802;0.834537
-1.67486;-1.23397;2.08034;-0.30302;-17.3618;0.855661;1.61031
-1.89887;-0.629795;2.00059;0.314724;18.0323;1.7011;0.852086
-1.70745;-1.17318;2.07165;-0.281762;-16.1438;0.862032;1.61273
-1.92557;-0.705209;2.05064;0.250949;14.3783;1.55605;0.876675
-1.77064;-1.07253;2.07015;-0.193559;-11.0901;0.898467;1.42531
-2.01925;-0.658513;2.12391;0.229381;13.1425;1.36826;0.93218
-1.73636;-1.15511;2.08548;-0.271778;-15.5718;0.86396;1.53136
-1.63335;-0.608108;1.74287;0.230612;13.2131;1.75922;0.859611
-1.64925;-1.07101;1.96649;-0.219536;-12.5785;1.00838;1.19227
-2.04478;-0.373274;2.07857;0.395383;22.6538;2.19338;0.810983
-1.91367;-0.91283;2.12023;-0.264522;-15.156;0.844468;1.70229
-2.03695;-0.446063;2.08522;0.229501;13.1495;1.51394;0.911468
-2.02784;-0.930514;2.23114;-0.214624;-12.297;0.908623;1.4339
-2.16159;-0.227096;2.17349;0.32553;18.6515;1.62182;0.884291
-1.84888;-1.02017;2.11166;-0.399531;-22.8914;0.819432;1.92316
-2.31779;-0.169894;2.32401;0.431037;24.6966;2.34311;0.804923
-1.69653;-1.00311;1.9709;-0.460806;-26.4022;0.822453;1.95578
-2.34219;-0.0717183;2.34329;0.503365;28.8407;2.9948;0.772906
-1.86568;-0.935482;2.08708;-0.43417;-24.8761;0.814927;2.14438
-2.26754;-0.0241442;2.26767;0.454133;26.0199;2.36533;0.798183
-2.00849;-1.17148;2.32516;-0.517376;-29.6435;0.803033;2.3707
-2.32248;0.155283;2.32767;0.594785;34.0787;3.26484;0.763014
-1.81849;-1.06748;2.10865;-0.59758;-34.2388;0.769289;3.38593
-2.48063;-0.260358;2.49426;0.426245;24.4221;3.07116;0.775485
-1.70769;-0.816644;1.89291;-0.341495;-19.5662;0.89199;1.68738
-2.15485;-0.0673258;2.1559;0.414835;23.7683;2.28529;0.81643
-1.92636;-0.850751;2.10586;-0.384643;-22.0384;0.819746;2.2417
-2.08581;-0.233988;2.0989;0.304164;17.4273;1.94549;0.856279
-1.91251;-0.834801;2.08677;-0.299852;-17.1803;0.889851;1.71127
-1.96056;-0.0332544;1.96084;0.394606;22.6092;1.99007;0.855719
-1.97903;-1.03918;2.23528;-0.466563;-26.7321;0.803428;2.42607
-2.30733;0.0324805;2.30755;0.497599;28.5103;2.87843;0.800986
-1.94201;-1.05423;2.20971;-0.511418;-29.3021;0.793403;2.55304
-2.32563;0.147165;2.33029;0.560537;32.1164;3.62774;0.784394
-2.09288;-1.05315;2.34292;-0.529406;-30.3328;0.789095;2.60385
-2.49097;0.315328;2.51085;0.59213;33.9265;4.14205;0.773797
-2.20155;-0.913544;2.38357;-0.519251;-29.7509;0.785321;2.78153
-2.22613;0.487246;2.27883;0.60881;34.8822;3.63557;0.785478
-2.26668;-0.81071;2.4073;-0.558964;-32.0263;0.764775;3.40913
-2.43449;0.486069;2.48254;0.540554;30.9715;3.26957;0.796237
-2.19077;-0.805525;2.33417;-0.549415;-31.4792;0.786748;2.9039
-2.15959;0.58455;2.2373;0.616689;35.3337;3.80508;0.77184
-2.34545;-0.649772;2.43379;-0.534599;-30.6303;0.775226;3.54183
-2.30726;0.407784;2.34302;0.44519;25.5075;2.69741;0.811688
-2.28868;-0.631111;2.3741;-0.444;-25.4393;0.836037;2.5508
-2.03552;0.530557;2.10353;0.524043;30.0254;2.6776;0.809819
-2.35613;-0.845093;2.50311;-0.599361;-34.3408;0.781535;3.74178
-2.09095;0.459717;2.14089;0.560802;32.1316;3.43397;0.775521
-2.22279;-0.857939;2.38262;-0.584774;-33.5051;0.804129;3.30834
-2.42976;0.496283;2.47993;0.569837;32.6493;3.64307;0.768375
-2.13367;-0.923222;2.32484;-0.609848;-34.9417;0.798825;3.41233
-2.27882;0.472367;2.32726;0.612759;35.1085;4.11969;0.762521
-2.21221;-0.692408;2.31804;-0.507726;-29.0906;0.796426;3.40735
-2.22653;0.403253;2.26276;0.482505;27.6455;2.65006;0.845548
-2.11721;-0.714617;2.23456;-0.504691;-28.9167;0.793348;3.29113
-2.25865;0.413138;2.29613;0.506434;29.0166;2.87297;0.849589
-2.24483;-0.751387;2.36725;-0.50391;-28.8719;0.789472;3.16365
-2.25323;0.489806;2.30586;0.537046;30.7704;3.17992;0.838629
-2.21391;-0.760342;2.34083;-0.544867;-31.2186;0.786818;3.1426
-2.19059;0.688309;2.29618;0.635262;36.3978;3.94395;0.802164
-2.48605;-0.711077;2.58574;-0.583033;-33.4053;0.766387;3.70471
-2.20776;0.702918;2.31696;0.586826;33.6227;3.77865;0.800403
-2.25995;-0.523303;2.31974;-0.535783;-30.6981;0.79476;3.26833
-2.19971;0.760078;2.32732;0.560237;32.0992;3.47397;0.808222
-2.27099;-0.540613;2.33445;-0.566395;-32.452;0.80416;3.40864
-2.13508;0.823859;2.28851;0.601967;34.4902;3.64954;0.789111
-2.40161;-0.580477;2.47077;-0.605419;-34.688;0.799154;4.04825
-2.07836;0.522764;2.14309;0.48357;27.7065;3.44354;0.787991
-2.18429;-0.455944;2.23137;-0.452199;-25.9091;0.924998;2.72258
-2.27632;0.626509;2.36097;0.474361;27.1789;2.72977;0.823772
-2.37768;-0.827806;2.51766;-0.603611;-34.5844;0.839939;4.53389
-2.04707;0.343705;2.07572;0.501382;28.7271;2.83487;0.806442
-2.03261;-0.956313;2.24634;-0.606108;-34.7274;0.858755;4.9979
-2.3283;0.046391;2.32876;0.45968;26.3377;2.61569;0.835342
-1.79358;-1.29791;2.21393;-0.646342;-37.0327;0.853841;5.24993
-2.26275;-0.266447;2.27838;0.509205;29.1753;2.90808;0.808703
-1.76868;-1.64087;2.41261;-0.630716;-36.1374;0.848001;4.94811
-2.25435;-0.481039;2.3051;0.5377;30.808;2.99262;0.812851
-1.71633;-1.76729;2.46356;-0.589796;-33.7928;0.822955;4.82446
-2.17474;-0.787732;2.31301;0.452506;25.9267;2.62693;0.871597
-1.38407;-1.95287;2.3936;-0.606712;-34.762;0.847886;3.89205
-2.20566;-0.900437;2.38238;0.566643;32.4662;3.59331;0.792342
-1.14822;-1.90805;2.22689;-0.641484;-36.7543;0.849772;4.01649
-2.15864;-1.12255;2.43307;0.549532;31.4859;3.85193;0.785124
-1.24722;-1.85223;2.233;-0.498631;-28.5694;0.896787;3.31014
-1.99207;-0.942531;2.2038;0.536241;30.7244;2.82321;0.870564
-1.15846;-2.04427;2.34969;-0.613301;-35.1396;0.806993;4.40468
-1.98283;-1.11576;2.2752;0.542681;31.0933;3.19971;0.85194
-1.06243;-2.00492;2.26902;-0.570955;-32.7133;0.828047;3.55604
-1.92925;-1.13493;2.23831;0.551751;31.613;3.53938;0.83775
-1.12249;-2.31927;2.57662;-0.58829;-33.7065;0.852138;3.14305
-2.23731;-1.26219;2.56879;0.606398;34.7441;4.94461;0.781457
-1.40295;-1.77597;2.26326;-0.388559;-22.2628;0.903851;2.71979
-2.00165;-0.986604;2.23159;0.444257;25.4541;2.50479;0.965003
-1.28278;-1.97263;2.35304;-0.53627;-30.726;0.839884;3.15837
-2.11173;-0.988614;2.33169;0.556371;31.8777;3.75334;0.841791
-1.4062;-1.8696;2.3394;-0.488081;-27.965;0.869967;2.95924
-2.10155;-0.93824;2.30148;0.506028;28.9933;3.28742;0.865786
-1.3367;-1.89594;2.31978;-0.536801;-30.7565;0.888333;2.90254
-2.25942;-0.813638;2.40145;0.611048;35.0105;3.94154;0.810828
-1.38438;-1.85272;2.31281;-0.583428;-33.428;0.843708;3.49247
-2.34261;-0.694378;2.44336;0.640919;36.722;3.55267;0.829262
-1.65914;-1.81403;2.45834;-0.541801;-31.0429;0.793614;4.47955
-1.92553;-0.911894;2.13054;0.387673;22.212;2.30379;1.00528
-1.43588;-1.8374;2.33191;-0.465165;-26.652;0.893012;2.88136
-2.09901;-0.91732;2.29071;0.495444;28.3868;3.02383;0.887679
-1.29771;-1.70967;2.1464;-0.509522;-29.1935;0.878416;3.14147
-2.05399;-1.01399;2.29064;0.462964;26.5259;3.16248;0.880138
-1.4462;-1.69349;2.22697;-0.405428;-23.2293;0.954562;2.59047
-2.09155;-0.902525;2.27797;0.456626;26.1627;2.84078;0.928484
-1.54389;-1.72824;2.31742;-0.434306;-24.8839;0.900265;2.85242
-1.91695;-0.874442;2.10698;0.41371;23.7038;2.95391;0.94602
-1.49503;-1.59106;2.18325;-0.388539;-22.2617;1.00306;2.31169
-2.32077;-0.91754;2.49557;0.440007;25.2106;3.38748;0.904885
-1.59306;-1.40034;2.12104;-0.344608;-19.7446;1.04065;2.21116
-2.2007;-0.61223;2.28428;0.449771;25.77;3.00021;0.945651
-1.62942;-1.54497;2.24543;-0.487465;-27.9297;0.947782;2.70727
-2.17697;-0.553776;2.2463;0.509704;29.2039;3.62432;0.858028
-1.70513;-1.35444;2.17761;-0.422178;-24.189;0.982768;2.80549
-2.03338;-0.525543;2.10019;0.418352;23.9698;2.56752;0.963403
-1.80188;-1.68566;2.46743;-0.499162;-28.5999;0.935876;3.20576
-2.14229;-0.537339;2.20865;0.50633;29.0106;2.79721;0.910647
-1.63288;-1.64972;2.32118;-0.544771;-31.2131;0.87083;3.80999
-2.08421;-0.747866;2.21432;0.446011;25.5546;2.62581;0.94971
-1.51563;-1.73761;2.30574;-0.509012;-29.1643;0.90736;3.12269
-2.11528;-1.01144;2.34466;0.407503;23.3482;3.06015;0.901789
-1.44953;-1.50579;2.0901;-0.358409;-20.5353;1.06967;2.23629
-1.98403;-0.712047;2.10793;0.459861;26.3481;2.77355;0.947973
-1.51966;-1.66389;2.25342;-0.486101;-27.8516;0.918495;2.96354
-2.13754;-0.760216;2.2687;0.488975;28.0162;2.94675;0.92007
-1.38123;-1.8325;2.29474;-0.583206;-33.4152;0.91028;2.96234
-2.26657;-0.723108;2.37912;0.61608;35.2988;4.10724;0.818308
-1.72363;-1.61491;2.36195;-0.444018;-25.4403;0.907181;3.06384
-2.00064;-0.540947;2.07249;0.488771;28.0045;2.36715;1.00672
-1.5229;-1.78275;2.34466;-0.599772;-34.3644;0.835041;3.9081
-2.08636;-0.736455;2.21253;0.524512;30.0523;3.06316;0.9039
-1.51189;-1.72551;2.29416;-0.511957;-29.333;0.896816;3.19748
-2.102;-0.834932;2.26175;0.473192;27.1119;2.92039;0.930065
-1.43232;-1.6434;2.17997;-0.475822;-27.2626;0.939533;2.82119
-2.15888;-0.823827;2.31073;0.489376;28.0392;3.1728;0.930553
-1.67915;-1.66611;2.36548;-0.416959;-23.89;0.958499;2.69744
-2.37829;-0.40212;2.41205;0.614007;35.18;3.60106;0.995906
-1.52461;-1.66093;2.25457;-0.66067;-37.8536;0.831193;3.59316
-2.84957;-0.440359;2.88339;0.674843;38.6657;14.8133;0.922144
-1.99188;-0.308929;2.0157;-0.0005461;-0.0312892;1.76157;2.08314
-2.0449;0.0946383;2.04709;0.200115;11.4658;3.23161;1.76028
-1.75272;0.292944;1.77704;0.119358;6.83873;2.83305;1.94715
-1.82167;0.656702;1.93642;0.180388;10.3355;3.10832;1.86175
-1.69996;1.05844;2.00254;0.210898;12.0836;2.65914;1.82363
-1.76275;1.21917;2.14328;0.0481954;2.76139;1.9311;1.8593
-1.39852;1.65847;2.16942;0.26514;15.1914;2.46947;1.49208
-1.42094;1.29086;1.91974;-0.132763;-7.60674;1.40764;1.78928
-0.960729;1.86339;2.09648;0.357296;20.4716;2.71424;1.1905
-1.385;1.71375;2.20344;-0.203666;-11.6692;1.14464;1.96527
-0.739619;2.00056;2.1329;0.32558;18.6544;2.27504;1.15707
-1.32738;1.58707;2.06899;-0.342406;-19.6184;1.0513;2.16959
-0.592309;2.12622;2.20718;0.424841;24.3416;2.67433;1.00315
-1.31906;1.57918;2.05761;-0.424202;-24.305;0.98345;2.52025
-0.561279;2.15403;2.22595;0.440984;25.2665;2.7107;0.971049
-1.39831;1.73408;2.22763;-0.423708;-24.2767;0.974486;2.72017
-0.596788;2.06977;2.15409;0.39789;22.7974;2.45191;1.0065
-1.46829;1.64708;2.20653;-0.447349;-25.6312;0.990723;2.66812
-0.604781;2.09663;2.18211;0.44724;25.625;2.66771;0.956081
-1.48555;1.66168;2.22891;-0.448661;-25.7064;0.968175;2.81755
-0.490768;2.14823;2.20358;0.504894;28.9283;2.52606;0.988872
-1.56695;1.48623;2.15968;-0.587233;-33.6459;0.869345;3.83274
-0.776525;2.15807;2.29353;0.466431;26.7245;2.78346;0.955601
-1.60655;1.52442;2.21469;-0.466224;-26.7127;0.966285;2.82841
-0.641807;2.40013;2.48446;0.550332;31.5317;2.69015;0.967249
-1.68293;1.64189;2.35118;-0.536448;-30.7362;0.847146;4.00011
-0.693182;1.90336;2.02565;0.44848;25.696;2.2732;1.07558
-1.91053;1.80533;2.62856;-0.46444;-26.6104;0.894777;3.20068
-1.01742;1.9402;2.19078;0.330731;18.9495;2.377;1.04393
-1.54309;1.68984;2.28838;-0.257068;-14.7289;1.1099;2.10208
-0.922073;1.81978;2.04005;0.271047;15.5299;2.02596;1.15225
-1.17019;1.47385;1.88191;-0.202064;-11.5774;1.09566;2.16554
-0.985635;1.59906;1.87842;0.118674;6.79949;1.63845;1.36689
-1.29705;1.48596;1.97241;-0.16524;-9.46757;1.25278;1.79067
-0.908139;1.71924;1.94435;0.231651;13.2727;1.88461;1.21632
-1.37807;1.53419;2.06224;-0.245873;-14.0875;1.12417;2.0459
-0.96562;1.70116;1.95611;0.215567;12.3511;2.01448;1.16266
-1.25062;1.77998;2.1754;-0.096199;-5.5118;1.24573;1.78265
-0.839229;1.96838;2.13982;0.209456;12.0009;1.55247;1.42516
-1.59349;1.51433;2.19828;-0.407847;-23.3679;0.990796;2.47464
-0.776827;2.03613;2.17928;0.446389;25.5762;2.70071;1.00792
-1.56892;1.60871;2.2471;-0.408401;-23.3996;0.990351;2.55013
-0.732342;2.04047;2.16791;0.428288;24.5391;2.59702;1.02463
-1.49155;1.33101;1.99908;-0.497623;-28.5117;0.998617;2.53447
-0.867842;2.19376;2.35918;0.465508;26.6717;3.4053;0.916651
-1.34107;1.45482;1.97863;-0.368033;-21.0868;1.13862;2.06468
-0.697006;2.03578;2.15179;0.414868;23.7702;2.911;0.96283
-1.24851;1.67687;2.09061;-0.310134;-17.7693;1.12063;2.12327
-0.663749;2.09402;2.1967;0.333047;19.0822;2.34219;1.07229
-1.2088;1.71204;2.09578;-0.307825;-17.6371;1.10377;2.12921
-0.4877;2.10205;2.15788;0.386803;22.1622;2.3357;1.08154
-1.30092;1.74801;2.17897;-0.411819;-23.5955;0.998387;2.48308
-0.626916;2.19751;2.28519;0.361895;20.7351;2.63353;1.01856
-1.0198;1.73317;2.01094;-0.253947;-14.5501;1.15019;1.99836
-0.427506;2.2241;2.26481;0.341949;19.5923;2.09542;1.13781
-1.24361;1.93904;2.30357;-0.380374;-21.7938;0.991999;2.41951
-0.463446;2.05955;2.11104;0.348936;19.9926;2.29531;1.02492
-1.07894;1.96742;2.24384;-0.28028;-16.0588;1.05082;1.99886
-0.674567;2.29522;2.39229;0.215765;12.3624;1.94433;1.06923
-0.959393;1.76732;2.01093;-0.211487;-12.1173;1.1993;1.65144
-0.379042;2.12568;2.15921;0.320878;18.3849;1.95452;1.05541
-1.17751;1.83693;2.18194;-0.393575;-22.5502;0.989134;2.29287
-0.563104;2.06955;2.14479;0.304378;17.4396;2.22776;0.980549
-0.856219;1.92688;2.10855;-0.15249;-8.73703;1.13071;1.81226
-0.718405;1.87058;2.00379;0.0514631;2.94862;1.47652;1.32458
-0.874036;1.90011;2.09149;-0.0644469;-3.69254;1.3104;1.51695
-0.768936;1.63894;1.81036;-0.00754508;-0.432301;1.49623;1.32601
-0.412841;1.8325;1.87843;0.217088;12.4382;1.51312;1.27064
-1.08766;1.82033;2.12052;-0.316996;-18.1625;0.963641;1.98091
-0.856582;1.96106;2.13997;0.126766;7.26314;1.31429;0.989694
-0.823545;1.99389;2.15728;0.0201277;1.15323;0.902056;0.90025
-0.77161;1.84174;1.99684;-0.00505033;-0.289362;0.755915;0.763992
-1.03375;2.03188;2.27973;-0.0738944;-4.23384;0.711751;0.714135
-1.54856;1.48887;2.1482;-0.334409;-19.1602;1.00436;1.81022
-0.735628;1.9897;2.12133;0.450913;25.8354;2.26372;0.91959
-1.50626;1.46219;2.09924;-0.44611;-25.5602;0.893472;2.45169
-0.922495;1.80765;2.02944;0.328367;18.814;2.14666;0.94519
-1.2858;1.45754;1.94364;-0.251003;-14.3814;1.05122;1.72053
-1.01841;1.79162;2.06084;0.205998;11.8028;1.81986;1.02037
-1.12987;1.68094;2.02538;-0.0749167;-4.29241;1.17124;1.47508
-1.04043;1.66664;1.96474;0.0337258;1.93234;1.35873;1.25848
-1.1476;1.74066;2.08492;-0.0248081;-1.4214;1.27111;1.32096
-1.15352;1.52174;1.90953;-0.0657363;-3.76641;1.33941;1.2026
-0.787252;2.07114;2.21572;0.285377;16.3509;1.62286;1.00121
-1.36209;1.57467;2.08204;-0.349898;-20.0477;0.913263;1.81433
-0.669698;2.09197;2.19655;0.403318;23.1084;2.01299;0.898033
-1.34672;1.64083;2.12273;-0.377451;-21.6264;0.882106;1.94136
-0.64873;2.10109;2.19896;0.387798;22.2192;2.10423;0.900732
-1.20945;1.71957;2.10231;-0.313496;-17.962;0.918943;1.76459
-0.52566;2.07456;2.14012;0.364808;20.902;1.95478;0.929361
-1.13914;1.83974;2.16386;-0.306246;-17.5466;0.902098;1.70711
-0.337466;2.18724;2.21313;0.401326;22.9943;1.83345;0.90905
-1.00478;1.85185;2.10688;-0.34405;-19.7126;0.826875;1.7991
-0.572097;2.03485;2.11374;0.223056;12.7802;1.71068;0.900792
-0.682358;2.01391;2.12637;-0.0526076;-3.01419;1.08086;1.16456
-0.583993;1.94998;2.03555;0.0356967;2.04527;1.29252;1.01306
-0.397488;1.89167;1.93298;0.0838725;4.80554;1.27477;1.01647
-0.593545;2.08478;2.16763;-0.0702521;-4.02515;1.09806;1.15178
-0.238812;1.84995;1.8653;0.148984;8.53614;1.32198;0.987423
-0.560744;1.9643;2.04277;-0.14969;-8.57663;0.987688;1.33041
-0.27219;2.0013;2.01972;0.142895;8.18726;1.3251;0.988559
-0.523682;1.94996;2.01906;-0.127192;-7.28755;0.995055;1.31428
-0.249512;1.98734;2.00294;0.137472;7.87654;1.26539;1.01802
-0.505445;1.96677;2.03068;-0.126652;-7.25661;0.969371;1.35156
-0.334396;1.89212;1.92145;0.0766251;4.39029;1.2223;1.04418
-0.545282;2.11335;2.18256;-0.0775863;-4.44537;1.065;1.19123
-0.280839;2.07988;2.09875;0.118295;6.77782;1.29533;1.00593
-0.179431;2.1709;2.1783;0.0517494;2.96502;1.03717;1.23542
-0.574398;1.9179;2.00206;-0.208527;-11.9477;0.935214;1.44143
-0.0891001;1.93106;1.93312;0.244885;14.0309;1.47318;0.945938
-0.557049;1.78605;1.8709;-0.256221;-14.6804;0.922051;1.50168
0.0100569;2.05579;2.05581;0.307221;17.6024;1.60081;0.911171
-0.481831;1.90074;1.96086;-0.253159;-14.5049;0.882767;1.61513
-0.061287;1.98776;1.98871;0.217444;12.4587;1.44883;0.960243
-0.587439;2.02415;2.10767;-0.251634;-14.4175;0.951109;1.37964
0.10225;2.20367;2.20604;0.328823;18.8402;1.81618;0.86855
-0.251012;2.08885;2.10388;-0.165961;-9.50886;0.911208;1.46659
-0.0536786;2.03402;2.03473;0.0932099;5.34053;1.21831;1.02731
-0.265627;2.06429;2.08131;-0.10159;-5.82065;1.01718;1.14412
0.160043;2.27121;2.27684;0.198324;11.3631;1.34325;0.910218
-0.0263463;2.06163;2.0618;-0.0831285;-4.76291;0.915783;1.23772
0.0558949;1.97708;1.97787;0.0410426;2.35157;1.08287;1.03084
-0.0238528;2.06821;2.06835;-0.0397965;-2.28017;1.03676;1.07055
0.111744;2.12888;2.13181;0.063974;3.66544;1.19525;0.960557
0.240707;2.03708;2.05125;0.0651759;3.7343;1.09186;1.02058
0.161101;1.75577;1.76315;-0.0261183;-1.49647;0.978164;1.13641
0.26993;2.01823;2.0362;0.0414579;2.37536;1.03691;1.06609
0.103774;2.01516;2.01783;-0.0815056;-4.66993;0.978834;1.13243
0.435934;1.8838;1.93358;0.175958;10.0816;1.22868;0.944924
0.00824438;1.96786;1.96788;-0.223219;-12.7895;0.893912;1.30572
0.746359;2.11707;2.24478;0.33475;19.1798;1.56484;0.857426
0.0318336;2.14046;2.14069;-0.324068;-18.5677;0.817077;1.6616
0.64445;2.03333;2.13302;0.292056;16.7336;1.68487;0.849531
0.143968;2.06378;2.0688;-0.237281;-13.5952;0.891046;1.35447
0.929795;1.96385;2.17284;0.372541;21.345;1.60545;0.855642
0.104786;2.1634;2.16593;-0.393789;-22.5625;0.792136;1.95769
0.904685;1.95556;2.15468;0.384903;22.0533;1.82936;0.836914
0.0960761;2.18007;2.18218;-0.38926;-22.3029;0.809863;1.76954
0.998665;1.94566;2.18699;0.430172;24.647;2.18153;0.814026
0.273827;2.23545;2.25215;-0.352328;-20.1869;0.808114;1.77286
1.13098;1.93067;2.23754;0.408027;23.3782;1.95999;0.847562
0.243941;2.19722;2.21072;-0.419343;-24.0266;0.795004;1.8383
1.36144;2.14905;2.544;0.454125;26.0194;2.94018;0.810293
0.610546;1.85075;1.94885;-0.246044;-14.0973;0.834819;1.58036
1.19642;1.80281;2.16369;0.267253;15.3125;1.76106;0.927393
0.596426;1.99152;2.07891;-0.294922;-16.8978;0.93843;1.33253
1.85616;1.49424;2.38287;0.602023;34.4934;4.1922;0.803776
0.979224;1.96543;2.19586;-0.430778;-24.6818;0.767673;2.12458
1.70851;1.47676;2.25828;0.395802;22.6778;3.15193;0.839962
1.31233;1.59313;2.06404;-0.168978;-9.68173;0.963484;1.30975
1.86217;1.00705;2.11703;0.385999;22.1161;2.09067;0.891435
1.51287;1.41522;2.07162;-0.256312;-14.6856;0.82714;1.70066
1.85584;0.873031;2.05094;0.312353;17.8965;1.85794;0.922547
1.64896;1.19903;2.03881;-0.189004;-10.8291;0.879274;1.52644
1.97864;0.651115;2.08302;0.310801;17.8076;1.63157;0.950746
1.7174;1.30304;2.15578;-0.331152;-18.9736;0.833077;1.74457
2.085;0.550165;2.15636;0.391075;22.4069;2.3586;0.839816
1.84415;1.06656;2.13037;-0.266358;-15.2612;0.863773;1.64004
2.08601;0.335997;2.1129;0.364646;20.8927;1.77724;0.874277
1.80973;1.3795;2.27555;-0.491609;-28.1671;0.808425;2.18687
2.37898;0.229919;2.39006;0.554962;31.797;3.26619;0.763996
2.03997;1.53841;2.55503;-0.549795;-31.5009;0.797167;2.78724
2.34992;0.276397;2.36612;0.52906;30.3129;3.16377;0.75667
1.80085;1.16474;2.14468;-0.457022;-26.1854;0.816341;2.71059
2.11945;0.59433;2.2012;0.300708;17.2293;2.08109;0.821979
1.74063;1.27868;2.15982;-0.360182;-20.6369;0.934124;1.67333
2.34699;0.245847;2.35983;0.529208;30.3214;2.55115;0.788792
1.96412;1.44635;2.4392;-0.530363;-30.3876;0.770686;4.00274
1.90647;0.326852;1.93428;0.464939;26.639;2.00927;0.848861
1.72107;1.53773;2.30797;-0.559403;-32.0514;0.770903;3.35457
2.11143;0.506783;2.1714;0.493634;28.2831;2.88392;0.794257
1.5883;1.65581;2.29443;-0.570642;-32.6954;0.805556;2.44332
2.38961;0.434402;2.42877;0.62638;35.8889;4.79695;0.748331
2.00638;1.5995;2.56592;-0.49321;-28.2589;0.804088;2.58711
2.26058;0.152337;2.2657;0.605748;34.7068;3.16233;0.783057
2.04281;1.41196;2.48329;-0.537498;-30.7964;0.758078;4.01435
2.06552;0.372919;2.09892;0.426165;24.4174;2.25993;0.847629
1.76754;1.43457;2.27644;-0.503166;-28.8293;0.811563;2.65553
2.35909;0.287153;2.3765;0.56066;32.1235;3.14058;0.780854
1.83901;1.49902;2.37256;-0.562768;-32.2443;0.785237;3.53979
2.29279;0.381585;2.32432;0.518978;29.7352;2.90537;0.786186
1.89018;1.65194;2.51032;-0.553323;-31.7031;0.805869;3.48441
2.29683;0.397248;2.33093;0.546979;31.3396;2.89274;0.776611
1.70567;1.6996;2.4079;-0.612355;-35.0853;0.79961;4.756
2.15128;0.499432;2.20849;0.5555;31.8278;2.60956;0.786071
1.37068;1.93393;2.37041;-0.726105;-41.6028;0.793776;6.83561
2.28256;1.10637;2.53656;0.502885;28.8132;2.9232;0.763562
1.13203;2.25882;2.52661;-0.654885;-37.5221;0.857402;6.11335
1.99301;1.2601;2.35796;0.542419;31.0783;2.61067;0.794484
0.759664;2.49157;2.6048;-0.711054;-40.7404;0.822746;10.2859
1.36627;1.6816;2.16668;0.386365;22.1371;2.01512;0.912628
0.199131;2.34268;2.35112;-0.597508;-34.2347;0.852886;6.09079
0.972552;1.90645;2.14019;0.386927;22.1693;2.01647;0.90166
-0.30979;2.39913;2.41905;-0.60014;-34.3855;0.835551;4.7459
0.813475;2.13331;2.28314;0.492717;28.2306;2.53655;0.820572
-0.531829;2.40327;2.46141;-0.582085;-33.351;0.804899;4.72638
0.412067;2.22575;2.26358;0.400847;22.9669;2.35849;0.848473
-0.677289;2.17961;2.28241;-0.484343;-27.7508;0.85831;3.16484
0.345636;2.53196;2.55545;0.43695;25.0354;2.46246;0.835066
-1.08861;2.55289;2.77531;-0.538746;-30.8679;0.828016;3.91238
0.197729;2.44581;2.45379;0.483744;27.7165;2.50294;0.830956
-1.27735;2.09805;2.4563;-0.627555;-35.9562;0.806035;4.89944
-0.0295123;2.04184;2.04206;0.532433;30.5062;2.76135;0.814358
-1.3096;1.87941;2.29069;-0.594131;-34.0412;0.81429;4.57711
-0.229263;2.29707;2.30848;0.509106;29.1696;2.6483;0.839185
-1.55285;1.82697;2.39774;-0.604994;-34.6636;0.799079;4.26268
-0.328273;2.46605;2.4878;0.572133;32.7808;3.01952;0.817926
-1.57709;1.8817;2.4552;-0.565216;-32.3845;0.778856;4.50786
-0.652103;2.25522;2.34761;0.41608;23.8396;2.50751;0.890562
-1.42967;1.56566;2.1202;-0.458553;-26.2731;0.856104;2.82632
-0.553119;1.9813;2.05705;0.467789;26.8023;2.78153;0.859471
-1.62506;1.65393;2.31869;-0.504354;-28.8974;0.851979;3.05161
-0.789353;2.36232;2.49071;0.454114;26.0188;3.00979;0.825254
-1.47027;1.59321;2.16795;-0.422808;-24.2251;0.89614;3.01748
-0.756352;2.0537;2.18855;0.392416;22.4838;2.23499;0.9289
-1.9072;1.42257;2.37932;-0.577055;-33.0628;0.870035;4.01443
-0.841621;2.09612;2.25877;0.548117;31.4048;2.87644;0.816859
-2.17069;1.28122;2.5206;-0.655775;-37.5732;0.844626;7.0742
-1.29483;1.74536;2.17321;0.39931;22.8788;2.38275;0.921278
-2.45992;0.730465;2.56608;-0.643867;-36.8909;0.936346;6.36773
-1.36159;1.69022;2.17043;0.604016;34.6076;2.5855;0.913199
-2.62094;0.435444;2.65687;-0.728033;-41.7132;0.832666;11.8948
-1.66882;0.489804;1.73922;0.120849;6.92412;1.53957;1.66134
-2.20299;-0.549184;2.27041;-0.529796;-30.3551;1.05532;4.00665
-2.23351;0.418575;2.27239;0.429569;24.6125;2.52659;0.887302
-2.22101;-1.08486;2.4718;-0.639625;-36.6478;0.935748;5.83717
-2.12095;0.0618716;2.12185;0.48353;27.7042;2.48392;0.88944
-2.20137;-1.39951;2.60858;-0.595453;-34.117;0.872733;5.9059
-2.13997;-0.679309;2.24521;0.258912;14.8346;2.06065;1.00762
-1.79533;-1.43017;2.29535;-0.365291;-20.9296;1.01884;2.62417
-1.99564;-0.722568;2.12242;0.325278;18.6371;2.12308;0.990683
-1.42653;-1.62429;2.16178;-0.50274;-28.8049;0.940508;3.01529
-1.93101;-0.687416;2.04972;0.508132;29.1138;2.98383;0.843019
-1.54677;-1.83392;2.39912;-0.528134;-30.2598;0.88769;3.49078
-2.10956;-0.791099;2.25302;0.511356;29.2986;2.78889;0.871829
-1.47489;-1.88205;2.39111;-0.547322;-31.3593;0.844588;3.78941
-2.00419;-0.967553;2.22552;0.456334;26.146;2.70758;0.893939
-1.30028;-1.85332;2.26396;-0.509237;-29.1771;0.886146;3.03727
-2.09884;-1.00321;2.32627;0.513123;29.3998;3.03845;0.864088
-1.30125;-1.99415;2.38115;-0.546764;-31.3273;0.862576;3.26218
-2.05728;-1.02539;2.29866;0.530261;30.3817;3.24817;0.850426
-1.23179;-1.93255;2.29174;-0.540955;-30.9944;0.875027;3.17384
-2.08889;-1.23536;2.42684;0.46927;26.8872;3.21205;0.850687
-1.35315;-1.725;2.19241;-0.371553;-21.2884;0.956531;2.60744
-1.83454;-1.11134;2.1449;0.360959;20.6814;2.23183;1.00379
-1.05963;-1.94771;2.21729;-0.527877;-30.2451;0.929262;2.80164
-1.99047;-1.14066;2.29414;0.552164;31.6367;3.57777;0.825976
-0.942213;-2.12166;2.32146;-0.632491;-36.2391;0.906553;3.25563
-2.12319;-1.22596;2.45172;0.629218;36.0515;4.25154;0.783321
-1.10846;-2.08083;2.35766;-0.557683;-31.9529;0.897656;3.48331
-1.87591;-1.44769;2.36956;0.424068;24.2973;2.88277;0.871962
-0.958788;-1.99694;2.21518;-0.465909;-26.6946;0.989916;2.69145
-1.73438;-0.992817;1.99844;0.603269;34.5648;2.78062;0.8774
-0.880048;-2.28511;2.44872;-0.683279;-39.149;0.817561;5.4038
-1.71529;-1.48236;2.26707;0.490498;28.1035;2.84041;0.881148
-0.643184;-2.22657;2.31761;-0.576901;-33.054;0.90276;3.41777
-1.6787;-1.60855;2.32497;0.525521;30.1101;3.16167;0.84771
-0.659767;-2.15504;2.25377;-0.509643;-29.2004;0.910287;3.34604
-1.72911;-1.59684;2.35366;0.528056;30.2554;2.58233;0.936311
-0.635633;-2.37284;2.4565;-0.563413;-32.2812;0.82214;4.48801
-1.23317;-1.69118;2.09303;0.368309;21.1026;2.29151;1.02822
-0.388676;-2.23523;2.26877;-0.457877;-26.2344;0.953249;2.75865
-1.52817;-2.03349;2.54369;0.472295;27.0605;2.84657;0.918165
-0.336735;-1.99162;2.01988;-0.476968;-27.3283;0.907945;3.02698
-1.58023;-1.6986;2.31999;0.58182;33.3358;2.63915;0.957685
-0.262714;-2.51095;2.52466;-0.645064;-36.9594;0.790734;4.5297
-1.3593;-1.74965;2.21562;0.556247;31.8706;3.07381;0.916653
-0.355784;-2.27847;2.30608;-0.505595;-28.9684;0.859431;3.21493
-1.1988;-1.86046;2.21324;0.417497;23.9208;2.83446;0.951292
-0.542525;-2.14411;2.21168;-0.324568;-18.5964;1.02066;2.27666
-1.24608;-1.78361;2.17577;0.361978;20.7398;2.42516;1.03258
-0.513928;-2.12899;2.19014;-0.372943;-21.3681;1.01488;2.33154
-1.5471;-1.93894;2.48052;0.436601;25.0154;2.88856;0.971567
-0.530568;-2.00998;2.07883;-0.415385;-23.7998;0.979996;2.4454
-1.66495;-1.61861;2.32206;0.54143;31.0216;3.21163;0.95853
-0.756095;-2.13932;2.269;-0.459784;-26.3437;0.880112;2.91401
-1.53958;-1.52114;2.16429;0.451697;25.8803;3.01156;1.00997
-0.639462;-2.06694;2.16359;-0.491385;-28.1543;1.00007;2.3024
-1.96593;-1.48812;2.46564;0.622821;35.685;5.28394;0.862405
-1.11219;-1.81968;2.13265;-0.374245;-21.4426;0.998912;2.32786
-1.91922;-1.17052;2.248;0.474522;27.1881;3.1271;1.00236
-1.13679;-1.66136;2.01306;-0.423057;-24.2394;0.97675;2.40995
-2.07605;-0.974358;2.29333;0.531904;30.4759;3.44051;0.969004
-1.68732;-1.5905;2.31878;-0.317056;-18.1659;0.938789;2.57422
-1.80319;-0.915742;2.02239;0.285964;16.3845;2.16158;1.18671
-1.46563;-1.36373;2.00196;-0.279495;-16.0139;1.11489;1.99988
-2.06748;-0.707476;2.18518;0.419697;24.0469;2.64618;1.04952
-1.78464;-1.45655;2.30358;-0.354817;-20.3295;0.985608;2.40448
-2.2275;-0.798062;2.36615;0.34049;19.5086;2.63644;1.04366
-1.68316;-1.2471;2.09482;-0.29364;-16.8243;1.16296;1.92236
-2.2222;-0.322137;2.24542;0.493709;28.2874;2.77728;0.9944
-1.98624;-1.48609;2.48065;-0.498382;-28.5552;0.906358;2.88655
-2.46663;-0.384194;2.49638;0.487827;27.9505;3.10905;0.936312
-1.78045;-1.23656;2.16774;-0.452527;-25.9279;0.97953;2.53933
-2.41096;-0.194765;2.41881;0.526434;30.1624;2.98848;0.940094
-1.81277;-1.28978;2.22478;-0.537791;-30.8131;0.908814;3.0329
-2.17335;-0.218762;2.18433;0.51808;29.6838;3.1755;0.922305
-2.0856;-1.11826;2.36648;-0.391854;-22.4516;0.971836;2.73582
-2.21827;-0.344414;2.24485;0.338141;19.374;2.31041;1.07968
-1.79603;-1.23237;2.17818;-0.447348;-25.6312;1.05597;2.33851
-2.22542;-0.587851;2.30176;0.343127;19.6598;3.07022;0.899533
-1.8226;-0.51141;1.89299;-0.0153053;-0.876932;1.29954;1.29781
-1.92165;-0.610127;2.01618;-0.033876;-1.94095;1.10375;1.07906
-1.96722;-0.415012;2.01052;0.0995194;5.70204;0.896581;0.852362
-2.02758;-0.500101;2.08834;-0.0339073;-1.94274;0.745922;0.751612
-2.02077;-0.509589;2.08403;-0.00520298;-0.298109;0.707526;0.708549
-1.8247;-1.04401;2.10226;-0.272665;-15.6226;1.15774;2.07925
-2.11831;-0.372583;2.15083;0.345585;19.8006;2.26285;1.1011
-1.83179;-1.13538;2.15512;-0.380762;-21.816;1.03848;2.42815
-2.29225;-0.407018;2.32811;0.379137;21.7229;2.41394;1.03141
-1.81719;-1.18529;2.16958;-0.402235;-23.0464;1.02506;2.50857
-2.05931;-0.369433;2.09218;0.400458;22.9445;2.48756;1.00961
-1.69773;-1.11752;2.03252;-0.404641;-23.1842;1.02888;2.48756
-1.99796;-0.317868;2.02308;0.424375;24.3149;2.50658;1.012
-1.91276;-1.22249;2.27005;-0.410916;-23.5437;0.99692;2.61515
-2.08383;-0.360393;2.11476;0.397436;22.7714;2.47658;1.03001
-1.97715;-1.29336;2.36261;-0.408037;-23.3788;1.02708;2.41192
-2.259;-0.347409;2.28556;0.426698;24.448;2.76402;0.979049
-1.82743;-1.04462;2.10493;-0.366709;-21.0109;1.0525;2.32063
-2.2551;-0.281254;2.27257;0.395223;22.6446;2.47495;1.0327
-1.93607;-1.18241;2.26858;-0.424192;-24.3044;1.03076;2.41272
-2.45383;-0.166245;2.45945;0.480624;27.5378;2.84792;0.954753
-2.275;-0.709188;2.38297;-0.234538;-13.4381;0.983071;2.65913
-1.88903;-0.838971;2.06696;-0.115776;-6.63346;1.40479;1.55834
-2.05243;-0.325177;2.07803;0.260831;14.9445;1.95008;1.17487
-1.75016;-0.930356;1.98208;-0.331464;-18.9915;1.10847;2.1617
-1.86176;-0.328384;1.8905;0.314006;17.9912;2.31281;1.05334
-1.85064;-0.904153;2.0597;-0.279868;-16.0352;1.1661;2.07892
-1.89737;-0.383727;1.93578;0.254906;14.605;2.06453;1.12615
-1.81897;-0.95108;2.05261;-0.282225;-16.1703;1.17564;2.09078
-2.12336;-0.473232;2.17546;0.262489;15.0395;2.03194;1.13557
-1.77218;-1.27638;2.18398;-0.404892;-23.1986;1.12463;2.2909
-2.17146;-0.589729;2.25011;0.358992;20.5687;2.58123;0.971677
-1.74647;-1.16701;2.10049;-0.323885;-18.5572;1.15217;2.34139
-1.86836;-0.690866;1.992;0.234892;13.4583;1.99944;1.1551
-1.59913;-1.2047;2.00213;-0.291462;-16.6995;1.1766;2.25995
-2.23677;-0.755038;2.36077;0.320094;18.34;1.86702;1.19839
-1.48584;-1.90479;2.41576;-0.582789;-33.3913;0.951358;3.45355
-2.00749;-0.940267;2.21678;0.470304;26.9464;2.62123;0.900815
-1.38675;-1.79575;2.26887;-0.475178;-27.2257;0.979905;2.87334
-1.79081;-0.936825;2.02105;0.431231;24.7077;2.16326;0.97967
-1.10367;-1.81393;2.12331;-0.542215;-31.0666;0.932861;3.42333
-1.7467;-1.24961;2.14766;0.4032;23.1017;2.2179;0.964664
-1.07896;-1.92171;2.20389;-0.438202;-25.1071;0.974151;2.83777
-1.66535;-1.38716;2.1674;0.364684;20.8948;1.91819;1.04995
-0.807095;-1.97806;2.13638;-0.488879;-28.0107;0.93429;2.94715
-1.56775;-1.65697;2.2811;0.370331;21.2184;2.11077;0.992412
-0.667964;-2.01849;2.12614;-0.438157;-25.1045;0.97465;2.55005
-1.36941;-1.55839;2.07457;0.401361;22.9963;2.12934;0.981171
-0.716466;-2.06152;2.18247;-0.386457;-22.1423;0.945043;2.56515
-1.11083;-1.75415;2.07629;0.23003;13.1798;1.69118;1.06777
-0.739315;-2.09015;2.21705;-0.224535;-12.8649;1.03412;1.82911
-0.996009;-1.93496;2.17626;0.135394;7.75753;1.51129;1.13419
-0.639674;-1.92623;2.02967;-0.154747;-8.86636;1.11971;1.55858
-0.686724;-1.8972;2.01766;0.0266689;1.52802;1.49072;1.137
-0.956793;-1.72956;1.97657;0.158002;9.05284;1.42341;1.18276
-0.717112;-2.00038;2.12504;-0.161082;-9.22933;1.02452;1.81045
-0.70933;-1.82742;1.96026;0.0260426;1.49213;1.29854;1.30536
-0.887814;-1.86594;2.06638;0.0738434;4.23091;1.22357;1.40521
-0.228148;-2.09811;2.11048;-0.335787;-19.2392;1.03509;1.7717
-1.05036;-1.83854;2.11742;0.410737;23.5335;2.25949;0.911629
-0.0887348;-2.00973;2.01169;-0.474927;-27.2113;0.961043;2.0386
-1.16868;-1.95962;2.28165;0.493631;28.283;2.74598;0.837108
-0.372839;-2.0986;2.13146;-0.361929;-20.737;0.928553;1.98491
-0.977064;-1.84533;2.08804;0.311126;17.8262;1.79558;0.928444
-0.418542;-2.02133;2.0642;-0.282774;-16.2018;0.950326;1.77283
-0.963589;-1.94103;2.16705;0.256611;14.7027;1.60029;0.983573
-0.353948;-2.07137;2.10139;-0.291547;-16.7044;0.95973;1.72962
-0.961039;-1.75426;2.00025;0.331936;19.0186;1.68434;0.951157
-0.347952;-2.14165;2.16973;-0.340116;-19.4872;0.8954;1.9314
-1.06174;-2.0831;2.33807;0.310309;17.7794;1.56819;0.935701
-0.284186;-2.12892;2.1478;-0.338667;-19.4042;0.864402;1.80116
-0.733104;-1.94126;2.07508;0.228382;13.0853;1.56629;0.902253
-0.300672;-1.98284;2.00551;-0.210595;-12.0662;0.990388;1.3246
-1.04135;-1.9584;2.21805;0.338223;19.3787;1.55735;0.899597
-0.116536;-2.16174;2.16487;-0.434857;-24.9155;0.84144;1.85048
-0.966087;-1.94233;2.16933;0.407697;23.3593;2.07933;0.822953
-0.627529;-1.84865;1.95225;-0.134305;-7.6951;0.886731;1.58357
-0.622925;-1.91625;2.01496;-0.012949;-0.741924;1.04106;1.21284
-0.421641;-1.97197;2.01654;-0.103654;-5.93893;1.07839;1.17219
-0.806728;-1.82314;1.99366;0.205948;11.8;1.45848;0.947262
-0.560839;-1.94685;2.02602;-0.136112;-7.79865;0.98523;1.31177
-0.856138;-1.85725;2.04508;0.151458;8.67792;1.37743;0.989613
-0.7877;-2.0002;2.14972;-0.0567812;-3.25332;1.05776;1.21324
-0.956249;-1.76693;2.00909;0.120898;6.92694;1.30224;1.03658
-0.881795;-1.78913;1.99463;-0.0381349;-2.18497;1.07832;1.20601
-0.991695;-1.60442;1.88617;0.0957019;5.48331;1.27675;1.06704
-1.07695;-1.64549;1.96658;0.0259007;1.484;1.12822;1.18349
-1.08932;-1.73205;2.04613;-0.0181103;-1.03765;1.16945;1.17219
-1.66372;-1.61069;2.31566;0.240177;13.7611;1.39154;1.05758
-1.07397;-1.76952;2.06993;-0.256091;-14.673;0.972348;1.68918
-1.39436;-1.52155;2.06382;0.196306;11.2475;1.70373;0.984148
-1.32478;-1.54341;2.034;-0.0324861;-1.86131;1.21387;1.27986
-1.36954;-1.55644;2.0732;0.0122921;0.704283;1.263;1.15692
-1.42522;-1.55423;2.10876;0.020514;1.17536;1.22003;1.14195
-1.18011;-1.48335;1.89552;-0.0700886;-4.01578;1.16184;1.16415
-1.48641;-1.3485;2.00695;0.161973;9.28036;1.38248;0.997329
-1.18646;-1.48374;1.89978;-0.159484;-9.13778;0.998287;1.34333
-1.4757;-1.51783;2.11695;0.0968002;5.54624;1.34769;0.967256
-1.43682;-1.30698;1.94233;0.0613606;3.5157;1.05498;1.01067
-1.28308;-1.37498;1.88066;-0.0818465;-4.68946;0.871453;0.958551
-1.2445;-1.65113;2.06761;-0.104958;-6.01367;0.80689;0.786723
-1.2149;-1.58005;1.99312;0.00960937;0.550577;0.734581;0.71691
-0.99762;-1.74833;2.01294;-0.136959;-7.8472;0.705328;0.702804
-2.50161;-0.573188;2.56644;0.827026;47.3851;12.0509;0.712184
-1.76535;-1.2806;2.18092;-0.402339;-23.0523;0.857524;2.16743
-1.82984;-0.740165;1.97387;0.243201;13.9344;1.62426;0.89977
-1.70409;-1.13088;2.0452;-0.201516;-11.546;0.955048;1.44858
-1.96588;-0.937903;2.17815;0.14074;8.06382;1.42267;0.970119
-1.75917;-1.03261;2.03984;-0.0856435;-4.90701;1.05025;1.24309
-1.80618;-0.947023;2.0394;0.0478804;2.74335;1.26787;1.04382
-1.78969;-0.89489;2.00095;0.0192481;1.10283;1.16475;1.12139
-1.76511;-0.935786;1.99783;-0.0238126;-1.36436;1.12255;1.16626
-1.77071;-0.87231;1.97392;0.0297445;1.70423;1.18924;1.10695
-1.85922;-1.04963;2.13504;-0.0562136;-3.2208;1.12481;1.17407
-1.84255;-0.686648;1.96634;0.157232;9.0087;1.30956;1.03527
-1.61405;-1.02146;1.91012;-0.207508;-11.8894;0.951529;1.47642
-1.78257;-0.615646;1.88589;0.231682;13.2744;1.52838;0.953497
-1.77958;-1.38293;2.25375;-0.328083;-18.7978;0.940156;1.49745
-2.08438;-0.380999;2.11891;0.479835;27.4925;2.59895;0.817886
-1.6911;-1.2021;2.07482;-0.437169;-25.048;0.835211;2.1
-2.27337;-0.20742;2.28281;0.526975;30.1934;2.45093;0.835373
-1.7995;-1.34022;2.24374;-0.54916;-31.4646;0.781921;2.8416
-2.34506;-0.260435;2.35948;0.529544;30.3406;2.90356;0.819917
-1.82526;-1.19959;2.18417;-0.470827;-26.9764;0.808456;2.38356
-2.19741;-0.218064;2.2082;0.482517;27.6462;2.62123;0.83453
-1.76925;-1.27841;2.18279;-0.526799;-30.1834;0.825522;2.25091
-2.51392;-0.130906;2.51732;0.573687;32.8698;3.87544;0.7831
-1.95084;-1.08589;2.2327;-0.45589;-26.1206;0.827046;2.32729
-2.26324;-0.10621;2.26573;0.461022;26.4146;2.54061;0.828134
-1.96219;-1.01395;2.20868;-0.430058;-24.6405;0.838691;2.26577
