#1 AntPos X;#2 AntPos Y;#3 Distance form nest;#4 Total Distance;#5 Total Y Distance
8.19207;-8.24675;11.6241;0.198121;-0.195369
8.20087;-8.46259;11.7843;0.413322;-0.411213
8.20637;-8.66362;11.9333;0.614061;-0.612244
8.24171;-8.88443;12.1185;0.837131;-0.833051
8.28395;-9.11627;12.3179;1.07218;-1.0649
8.29953;-9.33436;12.4905;1.29064;-1.28298
8.31403;-9.53347;12.6495;1.49016;-1.48209
8.33425;-9.73004;12.8115;1.68777;-1.67866
8.31519;-9.95584;12.9716;1.91085;-1.90447
8.32117;-10.1555;13.1292;2.11033;-2.1041
8.32995;-10.3556;13.2901;2.31056;-2.30424
8.31677;-10.5832;13.4601;2.53674;-2.53184
8.28302;-10.7688;13.5859;2.72027;-2.71745
8.25193;-10.9688;13.7262;2.91885;-2.91737
8.1842;-11.167;13.8449;3.11567;-3.11557
8.1658;-11.3465;13.9794;3.29511;-3.2951
8.12112;-11.5192;14.0942;3.46805;-3.46784
8.06998;-11.7108;14.2221;3.66051;-3.65943
8.04391;-11.8786;14.3459;3.82897;-3.82724
8.00203;-12.0877;14.4964;4.03939;-4.03633
7.96254;-12.2846;14.6395;4.2378;-4.23323
7.92834;-12.4919;14.7954;4.44649;-4.44049
7.88769;-12.6523;14.9096;4.60889;-4.60089
7.83816;-12.8669;15.0663;4.82625;-4.81556
7.7898;-13.0939;15.2359;5.05606;-5.04255
7.76874;-13.2719;15.3785;5.23512;-5.22054
7.72248;-13.4496;15.509;5.4159;-5.39826
7.66322;-13.6545;15.6579;5.62506;-5.60315
7.60736;-13.778;15.7387;5.75315;-5.72663
7.514;-13.9583;15.8522;5.94201;-5.90688
7.36994;-14.1432;15.9482;6.14273;-6.09182
7.26306;-14.3524;16.0855;6.36447;-6.30107
7.18744;-14.5686;16.2451;6.58922;-6.51718
7.17746;-14.756;16.409;6.77613;-6.70464
7.16725;-14.9442;16.5741;6.96386;-6.89286
7.14373;-15.1649;16.7633;7.18568;-7.11357
7.20372;-15.3771;16.9809;7.3878;-7.32576
7.24984;-15.5603;17.1664;7.56382;-7.50896
7.30352;-15.7697;17.3788;7.76557;-7.71829
7.31943;-15.9099;17.5129;7.9033;-7.85857
7.37474;-16.1287;17.7348;8.11537;-8.07737
7.38941;-16.3077;17.9037;8.29211;-8.2563
7.38967;-16.4887;18.0689;8.47238;-8.43736
7.42583;-16.7215;18.2962;8.70105;-8.6701
7.47302;-16.9495;18.5238;8.92452;-8.8981
7.51559;-17.1395;18.7148;9.11084;-9.08808
7.58168;-17.3103;18.8978;9.27688;-9.25889
7.6578;-17.5047;19.1064;9.46658;-9.45329
7.73773;-17.6948;19.3127;9.65264;-9.64344
7.81653;-17.8786;19.5127;9.83323;-9.82726
7.96278;-18.0537;19.7318;10.0043;-10.0024
8.10058;-18.1736;19.8972;10.1224;-10.1222
8.28995;-18.2918;20.0826;10.2412;-10.2404
8.4782;-18.4032;20.2623;10.3568;-10.3519
8.59086;-18.4788;20.3781;10.4364;-10.4274
8.71489;-18.5723;20.5153;10.5356;-10.5209
8.89496;-18.7106;20.7173;10.6846;-10.6593
9.05258;-18.8006;20.8665;10.7863;-10.7492
9.25869;-18.9001;21.0461;10.9043;-10.8487
9.43885;-18.9877;21.2043;11.0109;-10.9363
9.60311;-19.0807;21.361;11.1235;-11.0294
9.79981;-19.2309;21.5839;11.2993;-11.1795
9.95081;-19.3483;21.7572;11.4381;-11.297
10.1099;-19.4685;21.937;11.5826;-11.4171
10.2504;-19.5766;22.0978;11.7134;-11.5252
10.4222;-19.7118;22.2975;11.878;-11.6604
10.5261;-19.8162;22.4384;12.0006;-11.7649
10.649;-19.9092;22.5783;12.1164;-11.8579
10.739;-20.0168;22.7156;12.2404;-11.9655
10.8665;-20.1674;22.9087;12.4149;-12.116
11.0046;-20.3271;23.1147;12.6012;-12.2757
11.1318;-20.4345;23.2698;12.7349;-12.3831
11.3173;-20.55;23.4602;12.8914;-12.4986
11.4873;-20.6587;23.6377;13.0392;-12.6073
11.6596;-20.7709;23.8197;13.1924;-12.7196
11.8274;-20.8805;23.9976;13.3432;-12.8291
12.0108;-20.965;24.1618;13.4758;-12.9136
12.1642;-21.0615;24.3219;13.6127;-13.0101
12.3405;-21.1718;24.5058;13.7706;-13.1204
12.5523;-21.2669;24.695;13.9266;-13.2156
12.7556;-21.3555;24.8749;14.0757;-13.3041
12.9549;-21.4278;25.0396;14.2102;-13.3765
13.1473;-21.4955;25.1974;14.3396;-13.4441
13.3076;-21.5552;25.3321;14.4519;-13.5038
13.4576;-21.6298;25.4746;14.5756;-13.5785
13.6265;-21.7393;25.657;14.7394;-13.6879
13.7862;-21.8495;25.8353;14.9014;-13.7981
13.9762;-21.9796;26.0468;15.0941;-13.9282
14.1198;-22.0825;26.2109;15.2448;-14.0312
14.3023;-22.2262;26.4303;15.4487;-14.1748
14.4574;-22.3869;26.6494;15.658;-14.3355
14.6026;-22.6016;26.9085;15.9131;-14.5502
14.7589;-22.7398;27.1095;16.103;-14.6884
14.9287;-22.8856;27.3243;16.3058;-14.8342
15.0625;-23.0097;27.5014;16.4744;-14.9583
15.2644;-23.1514;27.7307;16.6882;-15.1
15.4206;-23.2845;27.9278;16.8753;-15.2332
15.6089;-23.3412;28.0793;17.0081;-15.2898
15.8301;-23.3693;28.2261;17.1313;-15.3179
16.0761;-23.4352;28.4192;17.3014;-15.3838
16.2706;-23.429;28.5245;17.3858;-15.3776
16.4872;-23.342;28.5775;17.4114;-15.2906
16.6836;-23.2392;28.6078;17.4166;-15.1879
16.8731;-23.1606;28.6551;17.442;-15.1092
17.0605;-23.091;28.7098;17.4764;-15.0396
17.2869;-22.961;28.741;17.4817;-14.9096
17.4477;-22.8404;28.742;17.464;-14.789
17.5188;-22.7086;28.6809;17.3908;-14.6573
17.6206;-22.5349;28.6061;17.3;-14.4835
17.713;-22.3613;28.5268;17.2061;-14.3099
17.7802;-22.1752;28.4231;17.0894;-14.1238
17.845;-22.0013;28.3285;16.9829;-13.95
17.9404;-21.8067;28.238;16.8784;-13.7553
18.0574;-21.6215;28.1702;16.7965;-13.5701
18.1361;-21.5258;28.1475;16.7661;-13.4745
18.267;-21.3864;28.1258;16.7329;-13.335
18.3947;-21.2319;28.092;16.6881;-13.1805
18.5344;-21.0609;28.0551;16.6401;-13.0095
18.71;-20.8525;28.0159;16.5888;-12.8011
18.8533;-20.72;28.0137;16.5788;-12.6686
19.0062;-20.5958;28.0254;16.5837;-12.5444
19.1755;-20.4633;28.0437;16.5957;-12.4119
19.3224;-20.327;28.0454;16.5924;-12.2756
19.4779;-20.1922;28.0555;16.5985;-12.1408
19.6474;-20.1043;28.1106;16.6509;-12.053
19.805;-20.0011;28.1476;16.686;-11.9497
20.0059;-19.8804;28.2041;16.7413;-11.8291
20.1958;-19.7934;28.2781;16.8154;-11.742
20.3655;-19.6275;28.2842;16.8227;-11.5761
20.4974;-19.4978;28.2897;16.8301;-11.4464
20.6405;-19.3555;28.296;16.8394;-11.3041
20.7794;-19.2178;28.3038;16.8511;-11.1664
20.9595;-19.1089;28.3628;16.915;-11.0575
21.121;-19.0245;28.4259;16.9829;-10.9732
21.3047;-18.9337;28.5022;17.0654;-10.8823
21.4857;-18.8378;28.5744;17.1448;-10.7864
21.6706;-18.7797;28.6756;17.2527;-10.7283
21.8924;-18.6957;28.789;17.3754;-10.6443
22.113;-18.6334;28.9169;17.5125;-10.582
22.3096;-18.5848;29.0364;17.6405;-10.5334
22.4759;-18.5603;29.1488;17.7597;-10.509
22.6679;-18.5252;29.2749;17.8943;-10.4738
22.8712;-18.4721;29.3992;18.0288;-10.4208
23.0718;-18.4163;29.5207;18.1609;-10.3649
23.2777;-18.3663;29.6508;18.3021;-10.3149
23.519;-18.3541;29.8332;18.4952;-10.3027
23.7038;-18.3568;29.9807;18.6504;-10.3054
23.9226;-18.3389;30.1431;18.8234;-10.2875
24.1233;-18.3351;30.3004;18.9897;-10.2837
24.3192;-18.3366;30.4574;19.1555;-10.2852
24.5422;-18.3148;30.6228;19.3324;-10.2634
24.72;-18.3223;30.7699;19.4872;-10.2709
24.9425;-18.3397;30.9592;19.6857;-10.2883
25.1232;-18.3733;31.1248;19.8575;-10.3219
25.3594;-18.4299;31.349;20.0888;-10.3785
25.5376;-18.5052;31.5375;20.2804;-10.4538
25.7225;-18.593;31.7387;20.484;-10.5416
25.8938;-18.7048;31.943;20.6884;-10.6534
26.0721;-18.8251;32.1581;20.9033;-10.7738
26.256;-18.9327;32.3701;21.1163;-10.8813
26.4212;-19.0449;32.5698;21.3158;-10.9936
26.6065;-19.2141;32.819;21.5618;-11.1627
26.7547;-19.3516;33.0196;21.7598;-11.3002
26.8681;-19.587;33.2497;21.9794;-11.5356
26.9556;-19.7687;33.4276;22.1496;-11.7174
27.0599;-19.9375;33.6117;22.3276;-11.8861
27.184;-20.0792;33.7957;22.5081;-12.0278
27.3191;-20.2441;34.0023;22.7104;-12.1927
27.4357;-20.4045;34.1915;22.8951;-12.3531
27.5374;-20.5903;34.3841;23.0812;-12.539
27.6161;-20.7878;34.5656;23.2549;-12.7364
27.6998;-20.9863;34.752;23.4339;-12.9349
27.7804;-21.1714;34.9282;23.6036;-13.12
27.8649;-21.3634;35.1119;23.7808;-13.312
27.9902;-21.5899;35.3493;24.0117;-13.5385
28.0447;-21.7912;35.5156;24.1705;-13.7398
28.1439;-22.0424;35.7484;24.3954;-13.991
28.2426;-22.2205;35.9359;24.5786;-14.1691
28.3487;-22.3797;36.1178;24.7572;-14.3283
28.4936;-22.5454;36.3343;24.9713;-14.494
28.6325;-22.7375;36.5625;25.196;-14.6861
28.7568;-22.9166;36.7712;25.4015;-14.8652
28.8331;-23.0854;36.9362;25.5623;-15.034
28.8561;-23.2866;37.0802;25.6997;-15.2352
28.8901;-23.4813;37.2291;25.8428;-15.4299
28.9245;-23.6778;37.38;25.9881;-15.6265
28.9566;-23.882;37.5344;26.137;-15.8306
28.9594;-24.0697;37.6563;26.2534;-16.0183
28.9887;-24.2527;37.796;26.3885;-16.2014
29.0223;-24.4491;37.948;26.5359;-16.3977
29.0664;-24.6649;38.121;26.7043;-16.6136
29.0066;-24.8768;38.213;26.7901;-16.8254
28.9602;-25.0721;38.3054;26.8773;-17.0207
28.9439;-25.2173;38.3883;26.9569;-17.1659
28.9272;-25.3929;38.4913;27.0562;-17.3416
28.9089;-25.5922;38.6094;27.1705;-17.5409
28.8815;-25.7729;38.7089;27.2666;-17.7215
28.8334;-25.9749;38.808;27.3619;-17.9235
28.7639;-26.1842;38.897;27.4473;-18.1329
28.6889;-26.3621;38.9617;27.5092;-18.3107
28.6258;-26.4859;38.9992;27.5447;-18.4345
28.507;-26.6582;39.0296;27.5726;-18.6069
28.3832;-26.8101;39.0434;27.5845;-18.7588
28.2547;-26.9696;39.06;27.5994;-18.9182
28.1284;-27.1308;39.0805;27.6187;-19.0794
27.9338;-27.273;39.04;27.5773;-19.2217
27.782;-27.4107;39.028;27.5652;-19.3593
27.6336;-27.5699;39.0347;27.5721;-19.5185
27.5012;-27.7269;39.0525;27.5906;-19.6756
27.387;-27.8879;39.0869;27.626;-19.8365
27.2666;-28.0547;39.122;27.6627;-20.0033
27.1341;-28.2048;39.1378;27.6805;-20.1534
26.9897;-28.3475;39.1411;27.6861;-20.2961
26.8543;-28.4894;39.151;27.6988;-20.4381
26.7101;-28.6366;39.1597;27.7108;-20.5852
26.5783;-28.799;39.1891;27.7439;-20.7476
26.4474;-28.9801;39.234;27.7933;-20.9287
26.3302;-29.1417;39.2749;27.8386;-21.0903
26.2124;-29.303;39.3161;27.8846;-21.2517
26.0788;-29.5106;39.3825;27.9574;-21.4593
26.0158;-29.6752;39.4645;28.0437;-21.6238
25.9456;-29.8636;39.5602;28.1448;-21.8122

25.865;29.9461;39.5698;28.2419;-22.0025
25.7778;29.7749;39.3832;28.3212;-22.1737
25.6835;29.5559;39.156;28.4348;-22.3927
25.6163;29.3388;38.9482;28.5649;-22.6098
25.5391;29.1266;38.7376;28.6863;-22.822
25.4436;28.9649;38.5532;28.7576;-22.9837
25.3239;28.7798;38.335;28.8344;-23.1689
25.2544;28.6039;38.1571;28.9348;-23.3447
25.1744;28.4375;37.9795;29.0222;-23.5111
25.0843;28.2591;37.7862;29.1144;-23.6895
24.9925;28.1087;37.6128;29.1839;-23.8399
24.8772;27.9251;37.399;29.2681;-24.0235
24.7687;27.7573;37.2016;29.3445;-24.1913
24.6923;27.5935;37.0285;29.4367;-24.3551
24.5867;27.4419;36.8452;29.5033;-24.5067
24.4736;27.2843;36.6523;29.5717;-24.6643
24.3353;27.1093;36.4297;29.6422;-24.8393
24.1672;26.9748;36.2173;29.6639;-24.9738
24.0244;26.8463;36.0263;29.6957;-25.1024
23.8857;26.7113;35.8332;29.7363;-25.2374
23.7712;26.5286;35.6207;29.8314;-25.42
23.6355;26.3866;35.4245;29.882;-25.562
23.4901;26.2342;35.2139;29.9378;-25.7144
23.3278;26.0318;34.9548;30.0295;-25.9168
23.2067;25.8773;34.759;30.1022;-26.0713
23.0799;25.7523;34.5813;30.1475;-26.1963
22.9601;25.6109;34.396;30.2117;-26.3378
22.8393;25.4622;34.2046;30.2826;-26.4864
22.7146;25.307;34.0059;30.3585;-26.6416
22.6049;25.1268;33.7985;30.4646;-26.8218
22.5001;24.9591;33.6038;30.563;-26.9895
22.3798;24.7984;33.4038;30.649;-27.1502
22.2364;24.6615;33.2062;30.7043;-27.2871
22.0438;24.5298;32.9794;30.7339;-27.4188
21.9176;24.4244;32.8167;30.7714;-27.5242
21.7858;24.2301;32.584;30.8869;-27.7185
21.6934;24.0684;32.4021;30.9916;-27.8802
21.613;23.8946;32.2191;31.1133;-28.054
21.5326;23.7174;32.0338;31.2386;-28.2313
21.4249;23.5334;31.8253;31.3592;-28.4152
21.2891;23.3502;31.5984;31.4684;-28.5984
21.2152;23.1568;31.4057;31.6137;-28.7918
21.1496;22.9737;31.2265;31.7537;-28.975
21.1099;22.8227;31.0886;31.8754;-29.126
21.0421;22.597;30.8771;32.0545;-29.3517
20.978;22.3922;30.6836;32.2165;-29.5564
20.8984;22.2609;30.5335;32.3055;-29.6877
20.7874;22.1;30.3402;32.4101;-29.8486
20.68;21.9446;30.1534;32.5117;-30.004
20.5698;21.7811;29.9589;32.6206;-30.1675
20.4495;21.6535;29.7835;32.6932;-30.2951
20.3475;21.4708;29.5807;32.8246;-30.4778
20.1974;21.3108;29.3613;32.918;-30.6378
20.0236;21.1618;29.1336;32.9939;-30.7868
19.8414;20.9882;28.8823;33.0911;-30.9604
19.6954;20.8742;28.6991;33.1467;-31.0744
19.5395;20.7567;28.5068;33.2031;-31.1919
19.3699;20.644;28.3085;33.2514;-31.3046
19.2025;20.5343;28.1139;33.2989;-31.4144
19.0049;20.4197;27.8953;33.3422;-31.5289
18.8316;20.3817;27.7496;33.3223;-31.567
18.6261;20.3291;27.5718;33.3069;-31.6195
18.4359;20.2948;27.4183;33.2802;-31.6538
18.2403;20.2346;27.2423;33.2778;-31.714
18.0717;20.175;27.0854;33.2839;-31.7736
17.8578;20.1066;26.892;33.2863;-31.842
17.6438;20.0331;26.6951;33.2951;-31.9155
17.4582;19.9944;26.5436;33.2798;-31.9542
17.2579;19.9291;26.363;33.2871;-32.0195
17.0314;19.8797;26.1776;33.2736;-32.0689
16.8339;19.8356;26.0159;33.2641;-32.1131
16.5693;19.833;25.8436;33.1986;-32.1156
16.3657;19.8284;25.7099;33.152;-32.1202
16.1554;19.8352;25.5818;33.094;-32.1135
15.9725;19.8438;25.4735;33.0419;-32.1048
15.7716;19.8531;25.3552;32.9859;-32.0955
15.5717;19.8624;25.2387;32.9313;-32.0862
15.3742;19.9111;25.1559;32.8399;-32.0375
15.2172;19.9485;25.09;32.7692;-32.0001
14.9674;20.0351;25.0085;32.6317;-31.9135
14.7703;20.0858;24.9319;32.5414;-31.8628
14.6382;20.1569;24.9114;32.4453;-31.7918
14.463;20.2451;24.8806;32.3241;-31.7035
14.3084;20.3694;24.8926;32.1724;-31.5792
14.1475;20.4743;24.8868;32.0389;-31.4743
13.9432;20.5945;24.8706;31.8831;-31.3541
13.8078;20.7505;24.9247;31.7053;-31.1981
13.6747;20.905;24.9803;31.5298;-31.0437
13.526;21.0505;25.0215;31.3607;-30.8981
13.3433;21.2373;25.0812;31.1458;-30.7113
13.2052;21.3758;25.1258;30.9864;-30.5728
13.0603;21.5521;25.2005;30.7891;-30.3965
12.9396;21.6555;25.2269;30.668;-30.2931
12.7923;21.7923;25.2695;30.5101;-30.1563
12.6527;21.8759;25.2715;30.4066;-30.0727
12.4821;21.9779;25.2751;30.2809;-29.9708
12.315;22.0799;25.282;30.1565;-29.8688
12.1214;22.1949;25.2891;30.0164;-29.7537
11.9602;22.3033;25.3078;29.888;-29.6453
11.7919;22.4125;25.3252;29.7587;-29.5362
11.6238;22.5175;25.3407;29.6344;-29.4311
11.4621;22.6276;25.3651;29.5065;-29.3211
11.2927;22.7345;25.3847;29.3817;-29.2141
11.1114;22.805;25.3679;29.2928;-29.1436
10.9439;22.878;25.3609;29.2036;-29.0706
10.741;22.9316;25.3225;29.1317;-29.017
10.5669;22.9334;25.2508;29.1149;-29.0152
10.3711;22.8412;25.0854;29.1913;-29.1074
10.2403;22.7096;24.9117;29.313;-29.239
10.0864;22.5393;24.6932;29.4725;-29.4094
9.94964;22.3705;24.4834;29.6322;-29.5781
9.82825;22.173;24.2535;29.8224;-29.7757
9.78114;22.0005;24.0768;29.992;-29.9481
9.7253;21.8295;23.8979;30.1598;-30.1191
9.68594;21.6383;23.7073;30.3487;-30.3103
9.60956;21.4881;23.539;30.495;-30.4605
9.55172;21.2677;23.3141;30.7126;-30.681
9.52971;21.1106;23.1619;30.8685;-30.838
9.48128;20.9052;22.9548;31.0716;-31.0434
9.47397;20.749;22.8095;31.2274;-31.1997
9.49447;20.5897;22.6734;31.3873;-31.3589
9.48095;20.3651;22.4638;31.6112;-31.5836
9.47914;20.1996;22.3132;31.7765;-31.749
9.46907;20.0002;22.1285;31.9753;-31.9485
9.38104;19.8006;21.9105;32.1712;-32.148
9.44761;19.5522;21.7151;32.422;-32.3964
9.47438;19.3492;21.5443;32.6259;-32.5994
9.5175;19.1517;21.3862;32.8251;-32.7969
9.5646;18.9812;21.2548;32.9973;-32.9674
9.67517;18.7797;21.1255;33.2036;-33.1689
9.73523;18.604;20.9973;33.3818;-33.3446
9.78555;18.4004;20.8406;33.5876;-33.5482
9.88853;18.1918;20.7057;33.801;-33.7568
9.96817;17.9915;20.5684;34.0052;-33.9571
10.0407;17.8387;20.4703;34.1618;-34.11
10.137;17.6565;20.3596;34.3491;-34.2921
10.188;17.4726;20.2259;34.5356;-34.476
10.2729;17.2557;20.0821;34.7572;-34.6929
10.3647;17.0735;19.9733;34.9448;-34.8751
10.4729;16.8995;19.8815;35.1254;-35.0492
10.5926;16.7078;19.7827;35.3247;-35.2408
10.687;16.5306;19.6843;35.5081;-35.418
10.7807;16.3098;19.5508;35.7352;-35.6389
10.8412;16.1727;19.4702;35.8763;-35.7759
10.875;16.005;19.3501;36.0461;-35.9436
10.9833;15.799;19.2416;36.2598;-36.1497
11.1177;15.6295;19.1803;36.4394;-36.3191
11.1944;15.477;19.1011;36.5977;-36.4716
11.3885;15.3787;19.1364;36.7122;-36.5699
11.5417;15.2222;19.103;36.8819;-36.7265
11.6734;15.0663;19.0595;37.0493;-36.8823
11.7463;14.8579;18.9402;37.2637;-37.0907
11.7903;14.6361;18.7943;37.4888;-37.3125
11.9069;14.5432;18.7958;37.5927;-37.4054
12.0627;14.3386;18.7378;37.812;-37.61
12.134;14.1509;18.6408;38.0062;-37.7978
12.1575;13.9836;18.5296;38.175;-37.965
12.1708;13.773;18.38;38.3858;-38.1756
12.1869;13.6563;18.3034;38.5036;-38.2923
12.2561;13.4538;18.1993;38.7122;-38.4948
12.3278;13.1885;18.053;38.9836;-38.7601
12.3666;13.0023;17.9442;39.1729;-38.9463
12.3265;12.808;17.776;39.3619;-39.1406
12.275;12.5846;17.5798;39.5786;-39.364
12.2579;12.4176;17.4486;39.7429;-39.531
12.2382;12.2453;17.3124;39.9123;-39.7033
12.2246;12.0343;17.1541;40.1208;-39.9143
12.2106;11.8604;17.0225;40.2925;-40.0883
12.2086;11.6628;16.884;40.4888;-40.2858
12.1677;11.4865;16.733;40.6602;-40.4621
12.0619;11.3105;16.5353;40.8251;-40.6381
11.9634;11.1428;16.3489;40.9827;-40.8058
11.8542;10.9762;16.1555;41.1387;-40.9724
11.7029;10.7873;15.9161;41.3136;-41.1613
11.5923;10.6195;15.7212;41.4715;-41.3291
11.4746;10.4264;15.5041;41.6544;-41.5222
11.4431;10.2482;15.3613;41.8295;-41.7004
11.3666;10.0391;15.1652;42.032;-41.9095
11.2178;9.81525;14.9057;42.2443;-42.1334
11.0748;9.69701;14.7202;42.3521;-42.2516
10.9151;9.56382;14.5123;42.4743;-42.3848
10.8113;9.39679;14.3242;42.6344;-42.5518
10.6859;9.26838;14.1454;42.755;-42.6802
10.5256;9.192;13.9743;42.8221;-42.7566
10.3698;9.09337;13.7921;42.9122;-42.8553
10.2358;8.97105;13.6107;43.0277;-42.9776
10.1135;8.80875;13.4118;43.1841;-43.1399
10.0078;8.64119;13.2222;43.3469;-43.3074
9.97454;8.43531;13.0632;43.5512;-43.5133
9.89317;8.30199;12.915;43.6811;-43.6466
9.81366;8.13315;12.7458;43.8467;-43.8155
9.73627;7.96542;12.5795;44.0115;-43.9832
9.68186;7.75461;12.4045;44.2202;-44.194
9.64826;7.53271;12.2405;44.4409;-44.4159
9.56349;7.32723;12.0478;44.6435;-44.6214
9.47167;7.18079;11.886;44.7871;-44.7678
9.37615;7.00539;11.7042;44.9597;-44.9432
9.25323;6.81598;11.4926;45.1459;-45.1326
9.14007;6.64426;11.2999;45.315;-45.3044
8.99698;6.48843;11.0926;45.4679;-45.4602
8.83507;6.33104;10.8692;45.6226;-45.6176
8.68438;6.18973;10.6645;45.7619;-45.7589
8.5687;6.04399;10.4858;45.9065;-45.9046
8.4073;5.89519;10.2682;46.0541;-46.0534
8.25737;5.79981;10.0907;46.1489;-46.1488
8.05491;5.71972;9.87911;46.229;-46.2289
7.84887;5.6558;9.67434;46.2939;-46.2928
7.65603;5.59508;9.4826;46.3563;-46.3535
7.45482;5.55971;9.29971;46.3943;-46.3889
7.26008;5.53337;9.12836;46.424;-46.4153
7.07981;5.50768;8.96985;46.4535;-46.4409
6.88696;5.48406;8.8037;46.482;-46.4646
6.6819;5.46798;8.63404;46.5041;-46.4806
6.50046;5.43327;8.4721;46.5449;-46.5154
6.30578;5.3911;8.29619;46.5944;-46.5575
6.16253;5.33185;8.14895;46.6595;-46.6168
6.04063;5.20239;7.97208;46.7942;-46.7462
5.87662;5.05277;7.75018;46.9514;-46.8958
5.7272;4.91137;7.54469;47.1001;-47.0373
5.62224;4.7233;7.34297;47.2934;-47.2253
5.5071;4.55686;7.14794;47.4659;-47.3918
5.39562;4.36215;6.93838;47.6666;-47.5865
5.34202;4.17693;6.78115;47.8547;-47.7717
5.35842;3.95759;6.66147;48.0727;-47.991
5.48266;3.76252;6.64952;48.2604;-48.1861
5.657;3.65051;6.7326;48.3629;-48.2981
5.85577;3.49017;6.81699;48.5132;-48.4584
6.05616;3.37028;6.93079;48.6238;-48.5783
6.22134;3.26925;7.02802;48.7179;-48.6794
6.39109;3.16579;7.1322;48.8149;-48.7828
6.55286;3.04833;7.22719;48.9267;-48.9003
6.72686;2.99045;7.36162;48.9791;-48.9582
6.90633;2.88689;7.48542;49.0777;-49.0617
7.11364;2.74766;7.62585;49.2121;-49.201
7.28418;2.64512;7.74958;49.3113;-49.3035
7.44502;2.57112;7.87649;49.3827;-49.3775
7.57218;2.48746;7.97028;49.4646;-49.4612
7.74513;2.39884;8.10811;49.5515;-49.5498
7.90387;2.30649;8.23354;49.6428;-49.6421
8.11171;2.21729;8.40929;49.7314;-49.7313
8.3238;2.18837;8.60666;49.7605;-49.7603
8.57846;2.15457;8.84489;49.7958;-49.7941
8.75464;2.07963;8.99826;49.8725;-49.869
8.91274;1.96928;9.1277;49.985;-49.9793
9.04368;1.83176;9.22733;50.1247;-50.1169
9.24362;1.73755;9.40551;50.2228;-50.2111
9.43378;1.65394;9.57767;50.3108;-50.2947
9.65428;1.58288;9.78318;50.3879;-50.3657
9.84084;1.45251;9.94745;50.5241;-50.4961
10.0038;1.32487;10.0912;50.6574;-50.6238
10.1472;1.18533;10.2162;50.8022;-50.7633
10.299;1.05742;10.3531;50.9362;-50.8912
10.4844;0.924774;10.5252;51.0768;-51.0238
10.6082;0.769063;10.636;51.2381;-51.1796
10.7406;0.656325;10.7606;51.3572;-51.2923
10.8753;0.505593;10.8871;51.5147;-51.443
10.9885;0.414794;10.9964;51.6114;-51.5338
11.1317;0.232488;11.1341;51.8015;-51.7161
11.2863;0.072926;11.2865;51.9699;-51.8757
11.4217;-0.0528989;11.4219;52.1038;-52.0015
11.5507;-0.186432;11.5522;52.2453;-52.1351
11.6475;-0.299053;11.6513;52.364;-52.2477
11.7908;-0.43909;11.799;52.5134;-52.3877
11.9585;-0.56355;11.9718;52.6494;-52.5122
12.1359;-0.653953;12.1535;52.7527;-52.6026
12.3008;-0.771116;12.3249;52.8822;-52.7197
12.4491;-0.910742;12.4824;53.0332;-52.8594
12.5964;-1.06589;12.6415;53.1999;-53.0145
12.7274;-1.19146;12.7831;53.3361;-53.1401
12.8805;-1.35286;12.9514;53.5102;-53.3015
13.0485;-1.54058;13.1391;53.7122;-53.4892
13.1459;-1.65959;13.2503;53.8397;-53.6082
13.2585;-1.82429;13.3834;54.0142;-53.7729
13.3688;-1.9745;13.5138;54.1742;-53.9231
13.4498;-2.16744;13.6233;54.3741;-54.1161
13.4878;-2.35994;13.6927;54.5694;-54.3086
13.5725;-2.529;13.8061;54.7459;-54.4776
13.6697;-2.69714;13.9333;54.9229;-54.6458
13.7573;-2.88743;14.057;55.1211;-54.8361
13.8227;-3.09124;14.1642;55.3305;-55.0399
13.8907;-3.27045;14.2705;55.5157;-55.2191
13.9742;-3.44421;14.3924;55.6972;-55.3928
14.0672;-3.64786;14.5325;55.9095;-55.5965
14.145;-3.83202;14.6549;56.1009;-55.7806
14.235;-4.01652;14.7908;56.294;-55.9651
14.3567;-4.17031;14.9501;56.4601;-56.1189
14.4255;-4.33971;15.0641;56.6361;-56.2883
14.4924;-4.52825;15.1834;56.8309;-56.4769
14.5627;-4.71267;15.3062;57.022;-56.6613
14.6498;-4.93662;15.4592;57.2543;-56.8852
14.7366;-5.11466;15.599;57.4411;-57.0633
14.8515;-5.36355;15.7903;57.7016;-57.3122
14.9052;-5.54722;15.904;57.8902;-57.4958
14.9621;-5.74117;16.0258;58.0895;-57.6898
15;-5.94375;16.1347;58.2951;-57.8924
15.0594;-6.11563;16.2538;58.4728;-58.0643
15.1599;-6.31084;16.421;58.6786;-58.2595
15.2677;-6.50344;16.5951;58.8827;-58.4521
15.3546;-6.70146;16.7533;59.0898;-58.6501
15.4277;-6.88662;16.8949;59.2825;-58.8352
15.505;-7.0715;17.0415;59.4755;-59.0201
15.5739;-7.28902;17.1952;59.6999;-59.2376
15.6801;-7.43789;17.3547;59.8609;-59.3865
15.7773;-7.63481;17.5275;60.0685;-59.5834
15.7944;-7.85012;17.6377;60.2842;-59.7987
15.8604;-8.06589;17.7936;60.5066;-60.0145
15.8973;-8.31721;17.9416;60.7606;-60.2658
15.9757;-8.50702;18.0996;60.9589;-60.4556
16.0685;-8.7088;18.2768;61.1709;-60.6574
16.1283;-8.85625;18.3999;61.3249;-60.8049
16.2004;-9.01435;18.5395;61.491;-60.963
16.2684;-9.20286;18.691;61.6868;-61.1515
16.3464;-9.44654;18.8797;61.9387;-61.3952
16.4015;-9.67356;19.0417;62.171;-61.6222
16.4176;-9.87666;19.1595;62.3744;-61.8253
16.387;-10.1123;19.256;62.604;-62.0609
16.3731;-10.3121;19.3499;62.8002;-62.2607
16.3346;-10.531;19.435;63.0122;-62.4796
16.3276;-10.772;19.5608;63.2503;-62.7207
16.3455;-10.9698;19.6853;63.4488;-62.9185
16.3871;-11.1934;19.8452;63.6759;-63.1421
16.4543;-11.3876;20.0105;63.8771;-63.3362
16.5181;-11.5769;20.1711;64.0731;-63.5255
16.5765;-11.7731;20.3319;64.2753;-63.7217
16.627;-11.9673;20.4859;64.4744;-63.9159
16.6922;-12.1886;20.6686;64.7024;-64.1373
16.6788;-12.3597;20.7592;64.8702;-64.3084
16.6852;-12.5712;20.891;65.0808;-64.5199
16.6942;-12.7705;21.0186;65.2795;-64.7192
16.7111;-12.9512;21.1422;65.4609;-64.8998
16.7038;-13.156;21.2625;65.6629;-65.1046
16.6749;-13.3757;21.3766;65.877;-65.3243
16.6454;-13.5771;21.4804;66.073;-65.5258
16.6305;-13.7403;21.5724;66.2329;-65.6889
16.6644;-13.9678;21.744;66.4629;-65.9164
16.6614;-14.193;21.887;66.6858;-66.1416
16.6732;-14.3957;22.028;66.8884;-66.3443
16.6409;-14.5782;22.1234;67.0654;-66.5269
16.6343;-14.8076;22.2703;67.2921;-66.7563
16.6749;-14.9865;22.4198;67.4746;-66.9351
16.6496;-15.1949;22.5409;67.6782;-67.1435
16.6548;-15.3616;22.6575;67.8442;-67.3102
16.657;-15.5622;22.7956;68.0435;-67.5108
16.7002;-15.728;22.9405;68.2134;-67.6766
16.726;-15.9477;23.1103;68.4346;-67.8963
16.72;-16.1582;23.2518;68.6427;-68.1068
16.6951;-16.3657;23.3787;68.8456;-68.3144
16.7016;-16.5663;23.5241;69.0454;-68.5149
16.6939;-16.7702;23.6628;69.2468;-68.7188
16.6579;-16.9574;23.7706;69.4282;-68.9061
16.6142;-17.1511;23.8787;69.615;-69.0997
16.537;-17.337;23.9592;69.7903;-69.2856
16.4654;-17.5113;24.0366;69.9548;-69.4599
16.3831;-17.6931;24.1134;70.1257;-69.6418
16.2982;-17.8768;24.1911;70.2981;-69.8254
16.1806;-18.0428;24.2354;70.4496;-69.9915
16.0545;-18.2002;24.2692;70.5918;-70.1488
15.9052;-18.3042;24.2491;70.6786;-70.2529
15.7646;-18.4696;24.2827;70.8278;-70.4182
15.6555;-18.6578;24.3558;71.0032;-70.6064
15.5322;-18.8264;24.4066;71.158;-70.775
15.4129;-18.984;24.453;71.3025;-70.9326
15.2847;-19.1431;24.4965;71.4479;-71.0917
15.1609;-19.3167;24.5558;71.6085;-71.2653
15.0248;-19.4711;24.5941;71.749;-71.4197
14.8737;-19.6271;24.6262;71.89;-71.5758
14.7454;-19.7771;24.669;72.0275;-71.7257
14.6072;-19.9048;24.6895;72.1422;-71.8534
14.4811;-20.0646;24.7445;72.2902;-72.0133
14.3861;-20.2452;24.8361;72.4619;-72.1938
14.2421;-20.3955;24.8759;72.5994;-72.3441
14.1686;-20.5239;24.9395;72.7212;-72.4725
14.0077;-20.6645;24.9648;72.8483;-72.6132
13.8395;-20.7912;24.9761;72.9613;-72.7398
13.6818;-20.9254;25.0013;73.083;-72.874
13.5377;-21.0671;25.0418;73.2135;-73.0157
13.3997;-21.2611;25.1314;73.397;-73.2097
13.2558;-21.4428;25.2094;73.5682;-73.3915
13.1235;-21.6024;25.2763;73.7184;-73.551
13.0555;-21.8324;25.4382;73.9433;-73.781
12.979;-22.0173;25.558;74.1228;-73.9659
12.936;-22.2082;25.701;74.3105;-74.1568
12.7602;-22.4012;25.7805;74.492;-74.3498
12.6455;-22.5879;25.8867;74.6714;-74.5365
12.5655;-22.7052;25.9503;74.7838;-74.6539
12.4451;-22.8592;26.0273;74.9305;-74.8078
12.3111;-23.0087;26.0953;75.0722;-74.9573
12.1677;-23.1638;26.1651;75.2193;-75.1124
12.0214;-23.3044;26.2223;75.352;-75.253
11.9028;-23.4428;26.2914;75.4843;-75.3914
11.7636;-23.6126;26.3806;75.6471;-75.5612
11.6627;-23.7612;26.4691;75.7908;-75.7098
11.5156;-23.9718;26.5943;75.9946;-75.9204
11.371;-24.16;26.7021;76.1763;-76.1086
11.2435;-24.3222;26.7952;76.3331;-76.2708
11.1137;-24.4581;26.8647;76.4638;-76.4067
10.9913;-24.6551;26.9941;76.656;-76.6037
10.8782;-24.8064;27.0868;76.8032;-76.755
10.7284;-24.9715;27.1786;76.963;-76.9201
10.6403;-25.1633;27.3204;77.1518;-77.1119
10.5503;-25.3178;27.4281;77.3034;-77.2664
10.4745;-25.4916;27.5597;77.4748;-77.4402
10.4016;-25.6793;27.706;77.6603;-77.6279
10.2771;-25.891;27.8561;77.8684;-77.8396
10.1754;-26.0613;27.9773;78.0359;-78.0099
10.0517;-26.218;28.0789;78.1896;-78.1666
9.91631;-26.3894;28.191;78.3577;-78.338
9.86019;-26.5595;28.3307;78.5265;-78.5081
9.74982;-26.7053;28.4295;78.6701;-78.654
9.6562;-26.9232;28.6025;78.886;-78.8718
9.50356;-27.1208;28.7377;79.0808;-79.0694
9.35717;-27.2402;28.8025;79.1979;-79.1888
9.23893;-27.3173;28.8374;79.2733;-79.2659
9.08324;-27.4649;28.928;79.4189;-79.4136
8.96049;-27.6029;29.0209;79.5556;-79.5515
8.80995;-27.7346;29.1002;79.6859;-79.6832
8.65864;-27.9179;29.2298;79.8681;-79.8665
8.53376;-28.0765;29.3447;80.026;-80.0251
8.39677;-28.2482;29.4697;80.1971;-80.1968
8.21663;-28.4161;29.5801;80.3647;-80.3647
8.06848;-28.5435;29.6619;80.4921;-80.4921
7.90561;-28.6387;29.7098;80.5877;-80.5873
7.73087;-28.6864;29.7098;80.6361;-80.635
7.52989;-28.7021;29.6733;80.6531;-80.6507
7.3248;-28.6655;29.5865;80.6184;-80.6141
7.11699;-28.626;29.4975;80.5814;-80.5747
6.92731;-28.6068;29.4336;80.5648;-80.5554
6.71134;-28.6269;29.4031;80.5885;-80.5755
6.51715;-28.6672;29.3987;80.6325;-80.6158
6.32927;-28.7454;29.4339;80.7148;-80.694
6.13693;-28.8599;29.5052;80.8338;-80.8085
5.97495;-28.8773;29.489;80.8554;-80.8259
5.81532;-29.0086;29.5858;80.9911;-80.9572
5.61073;-29.1514;29.6864;81.14;-81.1
5.45709;-29.2775;29.7817;81.2711;-81.2261
5.28876;-29.3948;29.8667;81.394;-81.3434
5.05956;-29.424;29.8558;81.4316;-81.3726
4.85601;-29.4224;29.8204;81.438;-81.371
4.6477;-29.4124;29.7774;81.4368;-81.3611
4.44434;-29.3747;29.709;81.4081;-81.3233
4.24321;-29.3462;29.6514;81.3891;-81.2949
4.12101;-29.2966;29.585;81.3455;-81.2452
3.95667;-29.212;29.4788;81.2694;-81.1606
3.78327;-29.0722;29.3173;81.1389;-81.0208
3.61414;-28.9959;29.2202;81.072;-80.9445
3.37921;-28.8523;29.0495;80.9422;-80.801
3.21102;-28.7929;28.9714;80.893;-80.7415
3.01712;-28.7173;28.8754;80.8297;-80.666
2.84105;-28.6667;28.8072;80.7906;-80.6153
2.6663;-28.6072;28.7311;80.7428;-80.5558
2.44805;-28.5235;28.6284;80.6745;-80.4721
2.25565;-28.4475;28.5368;80.6126;-80.3961
2.07702;-28.3524;28.4284;80.531;-80.301
1.90159;-28.2556;28.3195;80.448;-80.2042
1.7023;-28.1682;28.2196;80.3766;-80.1168
1.52277;-28.0865;28.1278;80.3098;-80.0352
1.34331;-28.0033;28.0355;80.2419;-79.9519
1.15367;-27.948;27.9718;80.2031;-79.8966
0.949537;-27.9377;27.9538;80.211;-79.8863
0.75555;-27.9503;27.9605;80.2412;-79.8989
0.555253;-27.9659;27.9714;80.2754;-79.9145
0.322686;-27.9918;27.9936;80.3236;-79.9404
0.155401;-28.026;28.0264;80.3741;-79.9746
-0.0524907;-28.0614;28.0614;80.4303;-80.01
-0.228163;-28.1655;28.1665;80.552;-80.1142
-0.400102;-28.2675;28.2704;80.6715;-80.2162
-0.58858;-28.357;28.3631;80.7806;-80.3056
-0.771505;-28.4444;28.4548;80.8875;-80.393
-0.954803;-28.5343;28.5502;80.9973;-80.4829
-1.16353;-28.6463;28.6699;81.1323;-80.5949
-1.33053;-28.7379;28.7687;81.2426;-80.6865
-1.54191;-28.8273;28.8685;81.3564;-80.776
-1.71894;-28.8928;28.9439;81.4427;-80.8414
-1.86139;-29.0102;29.0699;81.5766;-80.9589
-2.01665;-29.1362;29.2059;81.7208;-81.0848
-2.1834;-29.2754;29.3567;81.8799;-81.224
-2.35886;-29.4327;29.527;82.0582;-81.3813
-2.49966;-29.5755;29.6809;82.2179;-81.5241
-2.60112;-29.705;29.8186;82.3595;-81.6536
-2.78199;-29.8867;30.0159;82.5635;-81.8353

-2.96455;29.8597;30.0065;82.8392;-82.0889
-3.08436;29.7007;29.8604;83.0129;-82.2479
-3.21076;29.5452;29.7192;83.1841;-82.4034
-3.35251;29.4532;29.6434;83.2947;-82.4954
-3.54058;29.3728;29.5855;83.4005;-82.5758
-3.77093;29.2814;29.5232;83.5236;-82.6672
-3.95742;29.224;29.4907;83.6073;-82.7247
-4.14798;29.1631;29.4566;83.6953;-82.7855
-4.29877;29.1379;29.4533;83.7426;-82.8107
-4.48057;29.1132;29.456;83.7942;-82.8354
-4.67477;29.0893;29.4626;83.8473;-82.8593
-4.873;29.063;29.4687;83.9039;-82.8856
-5.06737;29.0559;29.4945;83.9413;-82.8927
-5.27123;29.055;29.5293;83.9746;-82.8936
-5.44616;29.0633;29.5692;83.9945;-82.8853
-5.66072;29.0722;29.6182;84.0208;-82.8764
-5.86248;29.0844;29.6694;84.0421;-82.8642
-6.04591;29.1583;29.7785;84.0002;-82.7903
-6.24284;29.2119;29.8715;83.9809;-82.7368
-6.42369;29.2572;29.9541;83.9674;-82.6914
-6.62928;29.3035;30.044;83.9578;-82.6451
-6.77774;29.3325;30.1054;83.9555;-82.6161
-6.96341;29.3711;30.1853;83.9508;-82.5775
-7.18062;29.4084;30.2724;83.9535;-82.5402
-7.35824;29.4195;30.3257;83.9753;-82.5291
-7.56083;29.4395;30.3949;83.9933;-82.5092
-7.73793;29.4553;30.4548;84.0111;-82.4933
-7.90416;29.4624;30.5043;84.0357;-82.4862
-8.09043;29.4774;30.5675;84.0568;-82.4712
-8.29229;29.4935;30.637;84.0803;-82.4551
-8.46601;29.5106;30.701;84.0977;-82.438
-8.66758;29.4919;30.7392;84.1561;-82.4567
-8.82919;29.4927;30.7859;84.1878;-82.4559
-9.00781;29.4651;30.8112;84.2511;-82.4836
-9.19354;29.444;30.8459;84.3097;-82.5046
-9.35152;29.3931;30.8449;84.3921;-82.5555
-9.54168;29.3457;30.8579;84.4782;-82.603
-9.73754;29.3359;30.9098;84.529;-82.6127
-9.93722;29.3335;30.971;84.5739;-82.6151
-10.0795;29.2939;30.9795;84.643;-82.6547
-10.3126;29.2129;30.9798;84.7726;-82.7357
-10.5123;29.1394;30.9776;84.8881;-82.8092
-10.7009;29.0614;30.9689;85.0059;-82.8873
-10.8522;28.9495;30.9168;85.1486;-82.9991
-10.9993;28.8524;30.878;85.2762;-83.0962
-11.1265;28.7153;30.7956;85.4384;-83.2333
-11.2646;28.5214;30.6653;85.6585;-83.4272
-11.4108;28.3487;30.559;85.86;-83.5999
-11.533;28.2162;30.4822;86.0169;-83.7325
-11.6738;28.0711;30.4017;86.1904;-83.8775
-11.8167;27.8628;30.265;86.4261;-84.0858
-11.9376;27.6934;30.1567;86.6188;-84.2552
-12.08;27.4913;30.0283;86.8485;-84.4573
-12.2116;27.3529;29.9551;87.0138;-84.5957
-12.34;27.2141;29.8811;87.1789;-84.7346
-12.4417;27.0814;29.8027;87.3318;-84.8672
-12.5292;26.911;29.6847;87.518;-85.0376
-12.6233;26.7253;29.5565;87.7207;-85.2233
-12.7042;26.4833;29.3729;87.975;-85.4653
-12.7672;26.2925;29.2284;88.1753;-85.6561
-12.8439;26.1411;29.126;88.3406;-85.8075
-13.0035;25.9379;29.015;88.5759;-86.0107
-13.1337;25.6989;28.8605;88.8392;-86.2497
-13.2603;25.5194;28.7589;89.0438;-86.4292
-13.3542;25.3413;28.6446;89.2393;-86.6074
-13.4398;25.1797;28.542;89.4168;-86.7689
-13.5532;24.9969;28.4348;89.6216;-86.9517
-13.6844;24.8481;28.3671;89.7978;-87.1005
-13.8178;24.6993;28.3017;89.9747;-87.2494
-13.9762;24.5772;28.2732;90.1317;-87.3714
-14.1548;24.4641;28.2639;90.2854;-87.4845
-14.3237;24.357;28.2565;90.431;-87.5916
-14.4901;24.2554;28.254;90.5709;-87.6932
-14.6728;24.1519;28.2596;90.717;-87.7967
-14.8324;24.08;28.2815;90.8268;-87.8686
-15.0359;23.9977;28.3191;90.9581;-87.9509
-15.2238;23.9223;28.3556;91.079;-88.0263
-15.4467;23.8031;28.3759;91.2517;-88.1455
-15.5945;23.7209;28.3878;91.3694;-88.2278
-15.7663;23.5764;28.3624;91.5537;-88.3722
-15.925;23.4394;28.3375;91.7274;-88.5092
-16.0308;23.3139;28.2936;91.8764;-88.6347
-16.1676;23.1533;28.2395;92.0673;-88.7953
-16.3045;23.0446;28.2293;92.2084;-88.904
-16.4608;22.9207;28.219;92.3695;-89.028
-16.6145;22.7946;28.207;92.532;-89.154
-16.7714;22.6681;28.1979;92.696;-89.2805
-16.9232;22.5419;28.1875;92.8584;-89.4067
-17.0405;22.402;28.1466;93.0248;-89.5466
-17.1736;22.2471;28.1046;93.21;-89.7015
-17.3136;22.0645;28.0465;93.4239;-89.8841
-17.4357;21.9099;28.0008;93.6059;-90.0387
-17.5709;21.7349;27.949;93.8113;-90.2137
-17.6963;21.6095;27.9308;93.9663;-90.3391
-17.7821;21.4378;27.8529;94.155;-90.5109
-17.8273;21.2441;27.733;94.3537;-90.7046
-17.8893;21.0744;27.6434;94.5338;-90.8742
-17.9733;20.921;27.5813;94.7044;-91.0276
-18.0611;20.7426;27.5038;94.9001;-91.206
-18.1581;20.563;27.4327;95.0996;-91.3856
-18.2684;20.391;27.3775;95.2954;-91.5576
-18.3866;20.2416;27.3457;95.4718;-91.7071
-18.5181;20.0763;27.3126;95.6671;-91.8723
-18.6486;19.9168;27.2846;95.8567;-92.0318
-18.7372;19.7153;27.1988;96.075;-92.2333
-18.822;19.5323;27.1253;96.2744;-92.4163
-18.9162;19.3544;27.0632;96.4716;-92.5943
-18.957;19.1599;26.9531;96.6697;-92.7887
-18.9984;18.9631;26.8428;96.8703;-92.9855
-19.0299;18.7803;26.7364;97.0546;-93.1683
-19.0744;18.6479;26.6754;97.1941;-93.3007
-19.0874;18.4326;26.5347;97.4044;-93.516
-19.1083;18.2841;26.4469;97.5528;-93.6645
-19.1094;18.1348;26.3446;97.6966;-93.8139
-19.111;17.9666;26.2303;97.8585;-93.982
-19.0816;17.7147;26.0368;98.0923;-94.234
-19.0564;17.5046;25.8758;98.2871;-94.444
-19.0058;17.3;25.7004;98.4698;-94.6486
-18.9559;17.1037;25.5316;98.6447;-94.8449
-18.9111;16.9346;25.3853;98.7951;-95.014
-18.8126;16.7637;25.198;98.9325;-95.1849
-18.6666;16.6153;24.9902;99.0357;-95.3333
-18.4819;16.456;24.7463;99.1392;-95.4926
-18.3084;16.3519;24.5476;99.1931;-95.5967
-18.1383;16.2515;24.3538;99.2446;-95.6971
-17.9687;16.1452;24.1566;99.3024;-95.8034
-17.8241;16.0284;23.971;99.3771;-95.9202
-17.7079;15.8863;23.7896;99.484;-96.0623
-17.6028;15.7118;23.5949;99.6253;-96.2368
-17.5327;15.5206;23.4154;99.792;-96.4281
-17.4965;15.3002;23.2427;99.9957;-96.6484
-17.5088;15.1017;23.1218;100.191;-96.847
-17.5742;14.921;23.054;100.382;-97.0276
-17.7368;14.7557;23.0722;100.584;-97.1929
-17.9764;14.6424;23.1852;100.755;-97.3062
-18.1811;14.6178;23.3288;100.832;-97.3308
-18.3541;14.5591;23.4273;100.934;-97.3895
-18.5494;14.3908;23.4771;101.148;-97.5578
-18.6899;14.2128;23.4801;101.357;-97.7358
-18.8077;14.0672;23.4865;101.528;-97.8814
-18.8856;13.9514;23.48;101.661;-97.9972
-18.9554;13.7787;23.4342;101.846;-98.1699
-19.0908;13.6331;23.4589;102.022;-98.3155
-19.1925;13.4547;23.4389;102.221;-98.4939
-19.2945;13.2732;23.4191;102.423;-98.6754
-19.3913;13.0926;23.3974;102.623;-98.856
-19.4532;12.8843;23.3331;102.841;-99.0643
-19.4685;12.6748;23.2308;103.047;-99.2739
-19.4868;12.4243;23.1106;103.293;-99.5243
-19.5467;12.2042;23.0438;103.521;-99.7444
-19.5697;12.0178;22.9651;103.707;-99.9309
-19.5638;11.8248;22.8597;103.891;-100.124
-19.5216;11.6174;22.7169;104.08;-100.331
-19.4434;11.4159;22.547;104.253;-100.533
-19.4004;11.2159;22.4092;104.435;-100.733
-19.3683;11.0184;22.2831;104.617;-100.93
-19.3248;10.8255;22.1504;104.792;-101.123
-19.266;10.6792;22.0278;104.917;-101.269
-19.2399;10.4057;21.8736;105.174;-101.543
-19.2106;10.1598;21.7318;105.404;-101.789
-19.2215;10.0543;21.6922;105.509;-101.894
-19.1713;9.8511;21.5542;105.692;-102.098
-19.0543;9.61558;21.343;105.89;-102.333
-18.9815;9.42713;21.1936;106.053;-102.521
-18.9323;9.20078;21.0497;106.259;-102.748
-18.8583;9.01318;20.9015;106.422;-102.935
-18.7491;8.83314;20.7256;106.569;-103.115
-18.6367;8.67449;20.5566;106.694;-103.274
-18.5704;8.50775;20.4265;106.839;-103.441
-18.4721;8.38131;20.2846;106.936;-103.567
-18.381;8.17497;20.1169;107.114;-103.774
-18.2674;7.98948;19.9382;107.265;-103.959
-18.2268;7.79725;19.8245;107.442;-104.151
-18.2007;7.57913;19.7157;107.647;-104.369
-18.1083;7.39617;19.5605;107.802;-104.552
-18.0793;7.24787;19.4781;107.938;-104.701
-17.9814;7.06599;19.3199;108.091;-104.883
-17.8842;6.86038;19.1549;108.267;-105.088
-17.7621;6.74259;18.9988;108.352;-105.206
-17.6809;6.50982;18.8412;108.559;-105.439
-17.5845;6.35715;18.6984;108.684;-105.591
-17.4946;6.19464;18.559;108.821;-105.754
-17.385;6.05957;18.4108;108.927;-105.889
-17.2921;5.8643;18.2594;109.095;-106.084
-17.1875;5.69523;18.1065;109.235;-106.253
-17.0683;5.507;17.9347;109.39;-106.442
-16.9891;5.34537;17.8102;109.529;-106.603
-16.854;5.22163;17.6444;109.619;-106.727
-16.7803;5.09212;17.5359;109.728;-106.857
-16.7361;4.95646;17.4546;109.85;-106.992
-16.6416;4.80579;17.3216;109.976;-107.143
-16.5619;4.62484;17.1955;110.134;-107.324
-16.4694;4.4496;17.0599;110.284;-107.499
-16.415;4.25118;16.9566;110.466;-107.697
-16.3642;4.07697;16.8645;110.624;-107.872
-16.3554;3.87827;16.8089;110.816;-108.07
-16.354;3.69678;16.7667;110.993;-108.252
-16.3325;3.49636;16.7026;111.183;-108.452
-16.3138;3.3068;16.6456;111.364;-108.642
-16.3331;3.11879;16.6282;111.552;-108.83
-16.3279;2.85545;16.5757;111.808;-109.093
-16.3348;2.63015;16.5452;112.029;-109.318
-16.347;2.42897;16.5265;112.228;-109.52
-16.4024;2.21834;16.5517;112.446;-109.73
-16.3994;2.00846;16.522;112.65;-109.94
-16.3803;1.78868;16.4777;112.86;-110.16
-16.3793;1.59134;16.4564;113.052;-110.357
-16.3749;1.36791;16.4319;113.27;-110.581
-16.3742;1.16368;16.4155;113.469;-110.785
-16.3296;0.958714;16.3577;113.659;-110.99
-16.2935;0.796956;16.313;113.81;-111.152
-16.2297;0.633987;16.2421;113.955;-111.315
-16.1845;0.452962;16.1909;114.122;-111.496
-16.1272;0.257309;16.1293;114.301;-111.691
-16.0341;0.0803633;16.0343;114.454;-111.868
-16.0115;-0.132466;16.0121;114.658;-112.081
-15.959;-0.338383;15.9626;114.848;-112.287
-15.9364;-0.505118;15.9444;115.006;-112.454
-15.8609;-0.695859;15.8762;115.177;-112.644
-15.7807;-0.859872;15.8041;115.321;-112.808
-15.7331;-1.07023;15.7695;115.517;-113.019
-15.6913;-1.24527;15.7406;115.679;-113.194
-15.6602;-1.44475;15.7267;115.868;-113.393
-15.5427;-1.66395;15.6315;116.059;-113.613
-15.4889;-1.86764;15.6011;116.247;-113.816
-15.5193;-2.04307;15.6532;116.425;-113.992
-15.5072;-2.20476;15.6631;116.581;-114.153
-15.5155;-2.42539;15.7039;116.799;-114.374
-15.5313;-2.59298;15.7462;116.966;-114.542
-15.5064;-2.78404;15.7543;117.148;-114.733
-15.5081;-3.00171;15.796;117.361;-114.95
-15.5397;-3.18387;15.8625;117.546;-115.132
-15.5497;-3.39755;15.9165;117.758;-115.346
-15.577;-3.60484;15.9886;117.966;-115.553
-15.547;-3.79856;16.0044;118.15;-115.747
-15.5915;-3.96022;16.0865;118.317;-115.909
-15.5501;-4.12982;16.0891;118.475;-116.078
-15.5643;-4.33206;16.1559;118.676;-116.281
-15.6262;-4.52143;16.2672;118.874;-116.47
-15.6811;-4.7155;16.3748;119.075;-116.664
-15.7236;-4.90401;16.4706;119.268;-116.853
-15.7841;-5.09551;16.5862;119.468;-117.044
-15.8209;-5.24059;16.6663;119.618;-117.189
-15.9396;-5.44128;16.8427;119.838;-117.39
-16.0092;-5.64854;16.9764;120.055;-117.597
-16.0632;-5.81759;17.0842;120.231;-117.766
-16.0805;-6.00272;17.1644;120.416;-117.951
-16.1649;-6.18193;17.3067;120.609;-118.131
-16.2311;-6.35828;17.4321;120.795;-118.307
-16.3512;-6.58082;17.6258;121.037;-118.529
-16.485;-6.73216;17.8066;121.212;-118.681
-16.6194;-6.8907;17.9913;121.395;-118.839
-16.7333;-7.03647;18.1525;121.561;-118.985
-16.857;-7.16372;18.316;121.711;-119.112
-17.0316;-7.2721;18.5191;121.853;-119.221
-17.1428;-7.39691;18.6706;121.998;-119.346
-17.3366;-7.52488;18.8992;122.164;-119.474
-17.5349;-7.56972;19.0991;122.249;-119.518
-17.7033;-7.64726;19.2844;122.36;-119.596
-17.9213;-7.67338;19.495;122.432;-119.622
-18.1312;-7.70885;19.702;122.512;-119.657
-18.3408;-7.71017;19.8955;122.558;-119.659
-18.4687;-7.76196;20.0335;122.636;-119.711
-18.6791;-7.79407;20.24;122.714;-119.743
-18.865;-7.81351;20.4191;122.773;-119.762
-19.0701;-7.81448;20.6091;122.82;-119.763
-19.3045;-7.84216;20.8365;122.899;-119.791
-19.5003;-7.85331;21.0223;122.953;-119.802
-19.708;-7.8346;21.2082;122.982;-119.783
-19.9091;-7.83957;21.397;123.033;-119.788
-20.1142;-7.87012;21.599;123.109;-119.819
-20.3378;-7.87593;21.8095;123.167;-119.825
-20.4761;-7.91605;21.9531;123.238;-119.865
-20.7123;-7.91768;22.1741;123.294;-119.866
-20.8919;-7.94732;22.3524;123.365;-119.896
-21.0566;-7.9268;22.4992;123.384;-119.875
-21.2958;-8.00682;22.7512;123.519;-119.955
-21.4813;-8.03275;22.9341;123.588;-119.981
-21.6801;-8.06568;23.1318;123.668;-120.014
-21.8748;-8.08883;23.3225;123.738;-120.037
-22.0441;-8.11296;23.4896;123.802;-120.062
-22.2412;-8.14886;23.687;123.885;-120.097
-22.4845;-8.2175;23.9391;124.012;-120.166
-22.6534;-8.20958;24.0951;124.046;-120.158
-22.8587;-8.20277;24.2859;124.091;-120.151
-23.0597;-8.18866;24.4705;124.127;-120.137
-23.196;-8.21461;24.6076;124.187;-120.163
-23.4131;-8.15047;24.7912;124.18;-120.099
-23.5823;-8.05511;24.9201;124.131;-120.004
-23.7894;-8.01159;25.1023;124.142;-119.96
-23.9847;-7.97493;25.2758;124.157;-119.924
-24.1632;-8.00114;25.4535;124.228;-119.95
-24.3567;-7.94915;25.6211;124.229;-119.898
-24.5433;-7.87096;25.7745;124.202;-119.82
-24.7451;-7.82432;25.9527;124.211;-119.773
-24.9275;-7.77808;26.1128;124.214;-119.727
-25.1006;-7.67893;26.249;124.165;-119.628
-25.2744;-7.63088;26.4012;124.165;-119.579
-25.4785;-7.55753;26.5757;124.15;-119.506
-25.7102;-7.53794;26.7925;124.194;-119.487
-25.9269;-7.46871;26.9812;124.187;-119.417
-26.1157;-7.44757;27.1569;124.218;-119.396
-26.3241;-7.4559;27.3596;124.284;-119.405
-26.514;-7.41397;27.5311;124.297;-119.363
-26.713;-7.41493;27.7231;124.353;-119.364
-26.9447;-7.43521;27.9517;124.438;-119.384
-27.1386;-7.51378;28.1596;124.568;-119.462
-27.2899;-7.56205;28.3183;124.657;-119.511
-27.4645;-7.58647;28.493;124.73;-119.535
-27.6407;-7.6687;28.6848;124.86;-119.617
-27.8088;-7.79675;28.8811;125.031;-119.745
-27.9846;-7.8922;29.0762;125.173;-119.841
-28.1462;-8.04199;29.2726;125.363;-119.991
-28.2855;-8.19096;29.4476;125.546;-120.14
-28.4332;-8.30197;29.6204;125.695;-120.251
-28.5927;-8.4917;29.8271;125.923;-120.44
-28.6752;-8.67968;29.96;126.127;-120.628
-28.8043;-8.85526;30.1347;126.332;-120.804
-28.9121;-9.04019;30.2925;126.541;-120.989
-28.9973;-9.21435;30.4261;126.732;-121.163
-29.061;-9.39748;30.5426;126.926;-121.346
-29.12;-9.56623;30.651;127.105;-121.515
-29.1732;-9.71377;30.7479;127.261;-121.662
-29.2567;-9.8834;30.881;127.448;-121.832
-29.3317;-10.0794;31.0152;127.657;-122.028
-29.3876;-10.2571;31.1261;127.844;-122.206
-29.475;-10.4554;31.2745;128.059;-122.404
-29.5356;-10.6485;31.3966;128.261;-122.597
-29.6326;-10.8625;31.5608;128.494;-122.811
-29.6705;-11.0468;31.6602;128.682;-122.995
-29.7159;-11.2413;31.7711;128.881;-123.19
-29.751;-11.4416;31.8753;129.083;-123.39
-29.7667;-11.6636;31.9702;129.299;-123.612
-29.831;-11.8566;32.1009;129.503;-123.805
-29.8424;-12.0415;32.1802;129.683;-123.99
-29.8609;-12.2445;32.2739;129.882;-124.193
-29.8783;-12.4456;32.3667;130.08;-124.394
-29.9221;-12.6207;32.4748;130.26;-124.569
-29.9534;-12.8318;32.5862;130.471;-124.78

29.9853;-13.021;32.6905;130.67;-124.97
29.9179;-13.2179;32.7077;130.878;-125.167
29.838;-13.4102;32.713;131.085;-125.359
29.748;-13.5654;32.695;131.26;-125.514
29.6719;-13.7439;32.7004;131.453;-125.693
29.6007;-13.9187;32.7098;131.641;-125.867
29.5203;-14.0888;32.71;131.827;-126.037
29.4699;-14.228;32.7247;131.975;-126.177
29.3868;-14.3924;32.7219;132.157;-126.341
29.3145;-14.5875;32.7435;132.364;-126.536
29.2739;-14.7799;32.7934;132.56;-126.729
29.2461;-14.9164;32.8303;132.699;-126.865
29.2252;-15.1116;32.9009;132.891;-127.06
29.2077;-15.3125;32.9782;133.089;-127.261
29.1835;-15.5193;33.0533;133.294;-127.468
29.1478;-15.7173;33.1154;133.493;-127.666
29.1212;-15.9473;33.2018;133.721;-127.896
29.1141;-16.1776;33.3068;133.943;-128.126
29.1056;-16.3653;33.391;134.125;-128.314
29.063;-16.62;33.4796;134.382;-128.569
29.0044;-16.8036;33.5204;134.574;-128.752
28.987;-17.037;33.623;134.803;-128.986
28.9208;-17.1918;33.6448;134.97;-129.14
28.8997;-17.4062;33.7367;135.181;-129.355
28.97;-17.5825;33.8882;135.33;-129.531
28.979;-17.8033;34.0109;135.538;-129.752
28.9361;-18.0222;34.0895;135.76;-129.971
28.942;-18.2412;34.2108;135.968;-130.19
29.0021;-18.3998;34.3464;136.103;-130.348
28.987;-18.6218;34.4532;136.32;-130.57
28.8869;-18.7899;34.4603;136.51;-130.738
28.8589;-19.0127;34.5589;136.731;-130.961
28.8276;-19.2195;34.6471;136.938;-131.168
28.8511;-19.4486;34.7942;137.151;-131.397
28.7786;-19.6422;34.8428;137.357;-131.591
28.6947;-19.8732;34.9046;137.602;-131.822
28.6073;-20.0501;34.934;137.797;-131.999
28.5749;-20.2792;35.0395;138.026;-132.228
28.491;-20.489;35.0933;138.251;-132.438
28.3912;-20.6647;35.1154;138.448;-132.613
28.2961;-20.8967;35.1759;138.697;-132.845
28.1927;-21.072;35.1974;138.895;-133.021
28.0835;-21.2417;35.212;139.089;-133.19
27.975;-21.4122;35.229;139.283;-133.361
27.834;-21.5773;35.2181;139.482;-133.526
27.7517;-21.7731;35.2735;139.693;-133.722
27.6209;-21.9902;35.3056;139.939;-133.939
27.5053;-22.1061;35.2877;140.084;-134.055
27.3496;-22.2198;35.2381;140.238;-134.168
27.2067;-22.2947;35.1747;140.351;-134.243
27.0413;-22.4019;35.1152;140.502;-134.35
26.8836;-22.5083;35.0621;140.65;-134.457
26.6634;-22.7047;35.0206;140.902;-134.653
26.4639;-22.8588;34.9694;141.108;-134.807
26.3011;-22.9343;34.896;141.229;-134.883
26.1246;-23.0244;34.8226;141.367;-134.973
25.95;-23.1011;34.7428;141.492;-135.05
25.7345;-23.1444;34.6111;141.598;-135.093
25.5527;-23.3174;34.5925;141.818;-135.266
25.3663;-23.419;34.5239;141.97;-135.368
25.2014;-23.5281;34.4773;142.124;-135.477
25.0822;-23.6809;34.495;142.306;-135.63
24.8834;-23.7466;34.396;142.429;-135.695
24.7231;-23.8507;34.3524;142.577;-135.799
24.5312;-23.9589;34.29;142.738;-135.907
24.351;-24.0439;34.2211;142.875;-135.993
24.2119;-24.1149;34.1723;142.985;-136.064
24.0577;-24.2533;34.1613;143.164;-136.202
23.8659;-24.3542;34.0985;143.319;-136.303
23.7215;-24.4078;34.036;143.415;-136.356
23.5239;-24.6013;34.0382;143.66;-136.55
23.3048;-24.7082;33.9648;143.83;-136.657
23.1075;-24.751;33.861;143.932;-136.7
22.936;-24.8453;33.8134;144.075;-136.794
22.7369;-24.9076;33.7247;144.197;-136.856
22.5174;-24.9317;33.595;144.289;-136.88
22.3242;-24.9824;33.5036;144.399;-136.931
22.1239;-25.0269;33.4037;144.504;-136.975
21.9406;-25.0868;33.3277;144.62;-137.035
21.7498;-25.1536;33.253;144.744;-137.102
21.572;-25.248;33.2086;144.891;-137.197
21.3905;-25.2981;33.1292;144.996;-137.247
21.1706;-25.3717;33.0442;145.137;-137.32
20.9518;-25.3694;32.9026;145.206;-137.318
20.7608;-25.3981;32.8036;145.295;-137.347
20.5107;-25.4036;32.6502;145.382;-137.352
20.3176;-25.403;32.5288;145.445;-137.352
20.1617;-25.3694;32.4053;145.465;-137.318
19.9562;-25.3591;32.2697;145.523;-137.308
19.7711;-25.3038;32.112;145.532;-137.252
19.5801;-25.2446;31.9479;145.54;-137.193
19.4164;-25.1366;31.7623;145.493;-137.085
19.1876;-25.0788;31.5771;145.515;-137.027
18.9895;-24.9728;31.3726;145.482;-136.921
18.8349;-24.8573;31.1871;145.426;-136.806
18.6486;-24.7993;31.0286;145.435;-136.748
18.4188;-24.7317;30.8368;145.45;-136.68
18.2269;-24.6247;30.6365;145.415;-136.573
18.0491;-24.5178;30.4449;145.376;-136.466
17.8797;-24.4106;30.2582;145.334;-136.359
17.6955;-24.2847;30.0479;145.279;-136.233
17.5282;-24.2041;29.8844;145.262;-136.153
17.3856;-24.1919;29.7911;145.3;-136.141
17.1807;-24.1233;29.616;145.308;-136.072
16.9617;-23.9987;29.3877;145.268;-135.947
16.7789;-23.8452;29.1569;145.189;-135.794
16.5899;-23.7065;28.9348;145.126;-135.655
16.3948;-23.5835;28.7223;145.081;-135.532
16.2313;-23.5166;28.5742;145.077;-135.465
16.0684;-23.4721;28.4453;145.094;-135.421
15.8466;-23.4274;28.2835;145.132;-135.376
15.6921;-23.4198;28.191;145.181;-135.368
15.5393;-23.4375;28.1209;145.252;-135.386
15.3297;-23.3816;27.9589;145.276;-135.33
15.1487;-23.3408;27.8259;145.304;-135.289
14.9398;-23.2838;27.6646;145.328;-135.232
14.7529;-23.2112;27.5029;145.329;-135.16
14.515;-23.1313;27.3083;145.342;-135.08
14.3127;-23.0878;27.1643;145.376;-135.036
14.1059;-23.0038;26.9843;145.375;-134.952
13.9283;-22.9105;26.8121;145.355;-134.859
13.7429;-22.8404;26.6561;145.359;-134.789
13.5807;-22.7605;26.5043;145.346;-134.709
13.4048;-22.6104;26.2853;145.273;-134.559
13.2914;-22.4452;26.0854;145.163;-134.394
13.169;-22.2795;25.8805;145.056;-134.228
13.0824;-22.1284;25.7063;144.949;-134.077
13.0583;-21.9785;25.5651;144.819;-133.927
13.1657;-21.7805;25.4505;144.595;-133.729
13.2653;-21.556;25.3107;144.35;-133.505
13.3242;-21.3856;25.1967;144.17;-133.334
13.4469;-21.184;25.0914;143.937;-133.133
13.5975;-21.0425;25.0535;143.748;-132.991
13.7402;-20.8985;25.0108;143.561;-132.847
13.8976;-20.7597;24.9822;143.373;-132.708
14.0762;-20.6139;24.9615;143.171;-132.563
14.2019;-20.4629;24.9083;142.983;-132.412
14.3321;-20.2922;24.8432;142.776;-132.241
14.535;-20.1122;24.8147;142.533;-132.061
14.6246;-19.9517;24.7376;142.35;-131.9
14.7491;-19.7801;24.6736;142.145;-131.729
14.8908;-19.6394;24.6464;141.961;-131.588
14.9819;-19.5187;24.6057;141.815;-131.467
15.0946;-19.3634;24.5518;141.629;-131.312
15.2215;-19.201;24.5025;141.431;-131.15
15.3432;-19.0448;24.4564;141.24;-130.993
15.46;-18.9001;24.4177;141.062;-130.849
15.655;-18.7679;24.44;140.867;-130.717
15.8122;-18.5706;24.3904;140.625;-130.519
15.8725;-18.3558;24.2667;140.403;-130.304
15.9922;-18.1829;24.215;140.198;-130.131
16.0972;-18.0082;24.154;139.997;-129.957
16.2027;-17.8394;24.0992;139.801;-129.788
16.3105;-17.6401;24.0251;139.576;-129.589
16.3576;-17.4569;23.9231;139.389;-129.406
16.4412;-17.2624;23.8391;139.177;-129.211
16.4946;-17.0628;23.7321;138.972;-129.011
16.5246;-16.8451;23.597;138.759;-128.794
16.5636;-16.6734;23.5022;138.585;-128.622
16.5931;-16.4639;23.375;138.379;-128.413
16.6069;-16.2819;23.257;138.205;-128.23
16.5836;-16.0804;23.0997;138.027;-128.029
16.5655;-15.9126;22.9701;137.878;-127.861
16.6056;-15.655;22.8216;137.624;-127.604
16.5877;-15.4009;22.6349;137.395;-127.349
16.5877;-15.2005;22.4991;137.21;-127.149
16.5415;-15.0262;22.3474;137.066;-126.975
16.5517;-14.7666;22.1813;136.821;-126.715
16.6138;-14.5615;22.092;136.608;-126.51
16.6313;-14.3791;21.9855;136.432;-126.328
16.6194;-14.1554;21.8307;136.23;-126.104
16.588;-13.9113;21.6492;136.016;-125.86
16.6158;-13.763;21.5756;135.868;-125.712
16.6284;-13.5618;21.4576;135.677;-125.51
16.6666;-13.3462;21.3517;135.463;-125.295
16.6724;-13.1412;21.2287;135.271;-125.09
16.6395;-12.8975;21.0528;135.059;-124.846
16.6588;-12.7036;20.9499;134.872;-124.652
16.6343;-12.5518;20.8386;134.741;-124.5
16.6188;-12.3755;20.7204;134.584;-124.324
16.5888;-12.2299;20.6097;134.461;-124.179
16.6519;-12.0075;20.5296;134.232;-123.956
16.6331;-11.776;20.3797;134.025;-123.725
16.5548;-11.5478;20.1844;133.845;-123.496
16.5353;-11.3565;20.0596;133.676;-123.305
16.4765;-11.1798;19.9114;133.535;-123.128
16.5253;-10.9723;19.8363;133.325;-122.921
16.492;-10.7531;19.688;133.136;-122.702
16.4241;-10.5319;19.5108;132.959;-122.481
16.4003;-10.298;19.3654;132.752;-122.247
16.3834;-10.0678;19.2296;132.547;-122.016
16.3529;-9.87678;19.1042;132.383;-121.825
16.3188;-9.68266;18.9752;132.218;-121.631
16.2756;-9.4975;18.8441;132.065;-121.446
16.2567;-9.29981;18.7288;131.89;-121.248
16.2083;-9.09745;18.5869;131.723;-121.046
16.1568;-8.91455;18.453;131.576;-120.863
16.0594;-8.70747;18.2681;131.424;-120.656
15.9946;-8.51282;18.1189;131.271;-120.461
15.9239;-8.37067;17.99;131.169;-120.319
15.918;-8.15756;17.8865;130.976;-120.106
15.8377;-7.96916;17.7297;130.835;-119.918
15.7689;-7.78632;17.5865;130.695;-119.735
15.6984;-7.60384;17.443;130.556;-119.552
15.6214;-7.40932;17.2895;130.409;-119.358
15.5681;-7.2118;17.1573;130.25;-119.16
15.4855;-7.03931;17.0104;130.125;-118.988
15.4086;-6.86525;16.8688;129.998;-118.814
15.2992;-6.68234;16.6949;129.875;-118.631
15.2308;-6.48878;16.5554;129.726;-118.437
15.1942;-6.2545;16.4311;129.527;-118.203
15.1354;-6.06568;16.3056;129.379;-118.014
15.0063;-5.85243;16.1071;129.237;-117.801
14.9515;-5.69434;15.9992;129.116;-117.643
14.8752;-5.5273;15.8689;128.995;-117.476
14.8181;-5.37076;15.7614;128.876;-117.319
14.7375;-5.19822;15.6274;128.753;-117.147
14.6875;-4.99112;15.5124;128.585;-116.94
14.5821;-4.91808;15.3891;128.563;-116.867
14.4592;-4.73663;15.2153;128.449;-116.685
14.3838;-4.49952;15.0711;128.265;-116.448
14.3298;-4.30893;14.9637;128.115;-116.258
14.2639;-4.12211;14.8476;127.973;-116.071
14.1584;-3.93324;14.6946;127.846;-115.882
14.0995;-3.75237;14.5903;127.707;-115.701
13.9898;-3.58909;14.4429;127.606;-115.538
13.9045;-3.41926;14.3188;127.488;-115.368
13.8381;-3.22893;14.2099;127.345;-115.178
13.7944;-3.03647;14.1246;127.189;-114.985
13.7165;-2.851;14.0096;127.055;-114.8
13.6504;-2.64178;13.9037;126.894;-114.59
13.5687;-2.39849;13.779;126.71;-114.347
13.4496;-2.22484;13.6324;126.605;-114.173
13.3141;-2.0133;13.4655;126.473;-113.962
13.2133;-1.85543;13.343;126.374;-113.804
13.088;-1.69806;13.1977;126.287;-113.647
12.9617;-1.53901;13.0527;126.199;-113.488
12.8289;-1.38889;12.9038;126.122;-113.338
12.72;-1.22937;12.7793;126.027;-113.178
12.5647;-1.11297;12.6139;125.991;-113.062
12.392;-0.963486;12.4294;125.933;-112.912
12.2537;-0.824323;12.2814;125.87;-112.773
12.0508;-0.704485;12.0714;125.853;-112.653
11.9353;-0.561398;11.9485;125.776;-112.51
11.7957;-0.416591;11.803;125.709;-112.365
11.6558;-0.27755;11.6591;125.648;-112.226
11.4903;-0.191699;11.4919;125.646;-112.14
11.3853;-0.044006;11.3854;125.561;-111.993
11.218;0.0887232;11.2183;125.519;-111.86
11.0704;0.245227;11.0731;125.446;-111.703
10.9346;0.429611;10.9431;125.344;-111.519
10.7791;0.566179;10.7939;125.294;-111.382
10.6233;0.713326;10.6472;125.234;-111.235
10.4774;0.845798;10.5115;125.184;-111.103
10.3635;0.992106;10.4108;125.107;-110.957
10.1935;1.12547;10.2554;125.067;-110.823
10.0058;1.25545;10.0843;125.039;-110.693
9.83851;1.36731;9.93307;125.018;-110.581
9.67096;1.46422;9.78117;125.011;-110.484
9.49798;1.56423;9.62592;125.003;-110.384
9.33077;1.6618;9.47759;124.996;-110.287
9.14218;1.76354;9.31072;124.995;-110.185
8.94958;1.85745;9.1403;125.003;-110.091
8.82812;1.96441;9.04404;124.967;-109.984
8.62756;2.03197;8.86361;125.003;-109.917
8.47507;2.17142;8.74882;124.953;-109.777
8.26843;2.22364;8.56221;125.006;-109.725
8.05477;2.32753;8.38432;125.017;-109.621
7.85619;2.41307;8.21844;125.038;-109.536
7.67298;2.50569;8.07175;125.045;-109.443
7.42086;2.61433;7.8679;125.072;-109.334
7.23784;2.72836;7.73501;125.062;-109.22
7.04727;2.82802;7.59353;125.068;-109.121
6.88267;2.93369;7.48183;125.056;-109.015
6.69873;3.0438;7.35784;125.051;-108.905
6.5295;3.1257;7.23909;125.063;-108.823
6.4302;3.29703;7.2262;124.963;-108.652
6.25513;3.40685;7.12273;124.954;-108.542
6.07115;3.51626;7.0159;124.95;-108.432
5.93439;3.63456;6.95895;124.915;-108.314
5.7914;3.77566;6.91346;124.864;-108.173
5.70476;3.90323;6.91227;124.797;-108.045
5.56093;4.04593;6.87702;124.746;-107.903
5.44329;4.20929;6.88096;124.664;-107.739
5.28063;4.3393;6.83481;124.633;-107.609
5.09687;4.43006;6.75304;124.648;-107.519
4.95951;4.58782;6.7561;124.581;-107.361
4.75993;4.69283;6.68428;124.592;-107.256
4.52552;4.74999;6.56069;124.663;-107.199
4.33399;4.77873;6.45134;124.736;-107.17
4.15396;4.82159;6.3642;124.791;-107.127
3.95798;4.81631;6.23398;124.896;-107.132
3.7666;4.7884;6.0923;125.019;-107.16
3.56598;4.78461;5.96731;125.126;-107.164
3.40182;4.75694;5.84815;125.234;-107.192
3.21125;4.73361;5.72007;125.353;-107.215
3.0304;4.71292;5.60312;125.464;-107.236
2.83609;4.64231;5.44008;125.625;-107.306
2.61497;4.60677;5.29721;125.771;-107.342
2.4166;4.60479;5.20039;125.876;-107.344
2.22195;4.54861;5.0623;126.026;-107.4
2.03531;4.58931;5.02038;126.089;-107.359
1.84246;4.63894;4.99144;126.148;-107.31
1.65465;4.69501;4.97805;126.199;-107.254
1.44903;4.79242;5.00669;126.225;-107.156
1.24204;4.86851;5.02445;126.27;-107.08
1.00809;4.98587;5.08676;126.294;-106.963
0.837009;5.1751;5.24235;126.225;-106.774
0.771129;5.36105;5.41623;126.103;-106.588
0.756458;5.52229;5.57386;125.975;-106.426
0.722338;5.70549;5.75103;125.839;-106.243
0.695505;5.90019;5.94104;125.689;-106.048
0.66727;6.10049;6.13687;125.535;-105.848
0.644207;6.30262;6.33546;125.377;-105.646
0.57079;6.51625;6.5412;125.236;-105.432
0.570701;6.74902;6.77311;125.041;-105.2
0.59534;6.95359;6.97903;124.855;-104.995
0.581825;7.13367;7.15735;124.711;-104.815
0.632648;7.35909;7.38624;124.494;-104.59
0.645998;7.55162;7.5792;124.325;-104.397
0.660121;7.76258;7.7906;124.14;-104.186
0.630173;7.986;8.01083;123.969;-103.963
0.602732;8.16696;8.18918;123.833;-103.782
0.607433;8.3659;8.38792;123.663;-103.583
0.613357;8.56561;8.58754;123.493;-103.383
0.597663;8.75337;8.77375;123.344;-103.195
0.630862;8.92735;8.94962;123.181;-103.021
0.622095;9.13244;9.1536;123.014;-102.816
0.623547;9.33744;9.35824;122.842;-102.611
0.644287;9.56103;9.58271;122.644;-102.388
0.609352;9.76435;9.78334;122.493;-102.184
0.640774;9.97115;9.99172;122.303;-101.977
0.727764;10.1674;10.1934;122.092;-101.781
0.788896;10.3448;10.3749;121.91;-101.604
0.805759;10.5615;10.5921;121.72;-101.387
0.84223;10.7433;10.7763;121.549;-101.205
0.905379;10.9173;10.9548;121.369;-101.031
0.980731;11.125;11.1681;121.154;-100.824
1.09741;11.3454;11.3983;120.906;-100.603
1.26162;11.526;11.5948;120.665;-100.423
1.4638;11.6847;11.776;120.421;-100.264
1.67604;11.7609;11.8797;120.24;-100.188
1.84468;11.7864;11.9299;120.125;-100.162
2.06276;11.8198;11.9984;119.977;-100.129
2.28417;11.7758;11.9953;119.892;-100.173
2.51271;11.706;11.9726;119.825;-100.243
2.68741;11.6443;11.9504;119.781;-100.304
2.88377;11.5448;11.8995;119.757;-100.404
3.05774;11.4568;11.8578;119.736;-100.492
3.25658;11.406;11.8618;119.671;-100.543
3.43327;11.3093;11.819;119.657;-100.639
3.60045;11.229;11.7921;119.634;-100.72
3.78341;11.1399;11.7649;119.61;-100.809
3.9709;11.0426;11.7349;119.592;-100.906
4.16766;10.9579;11.7237;119.558;-100.991
4.36169;10.8562;11.6996;119.54;-101.092
4.55691;10.8084;11.7298;119.476;-101.14
4.77144;10.7715;11.781;119.394;-101.177
5.01357;10.699;11.8154;119.327;-101.25
5.20665;10.5735;11.7859;119.331;-101.375
5.40786;10.5496;11.855;119.245;-101.399
5.55621;10.5331;11.9087;119.182;-101.416
5.64898;10.4818;11.9071;119.176;-101.467
5.87459;10.4421;11.9811;119.092;-101.507
6.08027;10.4662;12.1042;118.964;-101.482
6.2689;10.4905;12.2209;118.845;-101.458
6.47679;10.5088;12.3443;118.721;-101.44
6.68479;10.5352;12.4771;118.591;-101.413
6.88181;10.5676;12.6109;118.461;-101.381
7.07506;10.6073;12.7504;118.327;-101.341
7.29643;10.6557;12.9144;118.172;-101.293
7.43596;10.7191;13.0458;118.045;-101.23
7.63646;10.761;13.1953;117.906;-101.188
7.82665;10.8298;13.3619;117.75;-101.119
7.98294;10.8992;13.51;117.61;-101.049
8.17887;10.9705;13.6838;117.449;-100.978
8.39434;11.07;13.8928;117.253;-100.879
8.58939;11.1354;14.0632;117.098;-100.813
8.76761;11.2474;14.2609;116.911;-100.701
8.90173;11.3527;14.4266;116.752;-100.596
9.0417;11.4782;14.6117;116.573;-100.47
9.22768;11.5695;14.7988;116.4;-100.379
9.41789;11.6753;15.0003;116.212;-100.273
9.60434;11.7877;15.2051;116.021;-100.161
9.75959;11.9126;15.4;115.835;-100.036
9.8608;12.0328;15.5571;115.68;-99.9158
10.0359;12.1422;15.7528;115.497;-99.8064
10.1955;12.2503;15.9379;115.324;-99.6984
10.3741;12.3372;16.1192;115.159;-99.6114
10.6122;12.4766;16.3793;114.919;-99.4721
10.7572;12.6242;16.5858;114.718;-99.3244
10.9049;12.7838;16.8031;114.506;-99.1648
11.0453;12.9904;17.0514;114.257;-98.9582
11.1988;13.1187;17.2486;114.069;-98.8299
11.3401;13.2589;17.447;113.877;-98.6897
11.449;13.3941;17.6205;113.706;-98.5545
11.5605;13.5106;17.7815;113.549;-98.438
11.7202;13.6793;18.0135;113.323;-98.2693
11.815;13.8475;18.2029;113.13;-98.1011
11.93;13.98;18.3784;112.958;-97.9686
12.0827;14.1211;18.5848;112.76;-97.8276
12.2437;14.2584;18.7939;112.561;-97.6902
12.3816;14.4008;18.9918;112.369;-97.5478
12.4518;14.5708;19.1665;112.186;-97.3778
12.4802;14.8039;19.3626;111.97;-97.1447
12.4668;15.0141;19.5153;111.794;-96.9345
12.4427;15.1861;19.6326;111.657;-96.7625
12.4812;15.4007;19.8233;111.452;-96.5479
12.5436;15.5761;19.9989;111.269;-96.3725
12.6321;15.7501;20.1899;111.074;-96.1986
12.7981;15.9314;20.4353;110.834;-96.0172
12.9314;16.0952;20.6464;110.625;-95.8534
13.058;16.2667;20.8595;110.414;-95.6819
13.2242;16.4234;21.0857;110.195;-95.5252
13.3535;16.6235;21.3227;109.957;-95.3251
13.4325;16.7783;21.4928;109.783;-95.1703
13.5291;16.8928;21.6426;109.636;-95.0558
13.6095;17.0448;21.8116;109.464;-94.9038
13.7069;17.2062;21.9985;109.276;-94.7424
13.8035;17.3153;22.1439;109.133;-94.6334
13.8822;17.5311;22.3619;108.907;-94.4175
13.9392;17.716;22.5424;108.718;-94.2326
14.0804;17.9293;22.7973;108.463;-94.0193
14.1422;18.0956;22.9664;108.288;-93.853
14.1375;18.3108;23.1334;108.104;-93.6378
14.1478;18.4839;23.2769;107.949;-93.4647
14.2142;18.6802;23.4733;107.745;-93.2684
14.2691;18.8841;23.6688;107.541;-93.0646
14.3423;19.0797;23.8692;107.335;-92.8689
14.404;19.318;24.0969;107.098;-92.6307
14.4705;19.5037;24.2856;106.904;-92.4449
14.545;19.7447;24.5236;106.659;-92.204
14.6081;19.9741;24.7459;106.429;-91.9745
14.5986;20.2037;24.9261;106.235;-91.7449
14.5396;20.4254;25.0718;106.073;-91.5233
14.5435;20.5888;25.2074;105.93;-91.3598
14.5465;20.7865;25.3709;105.758;-91.1621
14.5197;21.0004;25.5311;105.588;-90.9483
14.5622;21.1878;25.7096;105.405;-90.7608
14.5752;21.4033;25.8948;105.213;-90.5453
14.6206;21.6131;26.0938;105.009;-90.3355
14.6016;21.7589;26.2041;104.893;-90.1897
14.5709;21.9627;26.3566;104.734;-89.9859
14.5532;22.1924;26.5386;104.546;-89.7562
14.5503;22.3944;26.7062;104.374;-89.5542
14.5157;22.5764;26.8403;104.235;-89.3722
14.5136;22.8417;27.0627;104.009;-89.1069
14.5458;23.0412;27.2484;103.822;-88.9075
14.556;23.2536;27.4337;103.634;-88.695
14.5728;23.4593;27.6172;103.45;-88.4893
14.6316;23.6633;27.8215;103.245;-88.2853
14.6918;23.8577;28.0186;103.047;-88.0909
14.7456;24.0416;28.2034;102.862;-87.907
14.8088;24.2286;28.3959;102.67;-87.72
14.8867;24.4286;28.6072;102.458;-87.52
14.9752;24.5637;28.7686;102.297;-87.3849
15.0799;24.7339;28.9684;102.097;-87.2147
15.1887;24.8922;29.1602;101.905;-87.0564
15.3123;25.1011;29.4029;101.663;-86.8475
15.4914;25.2704;29.6408;101.425;-86.6783
15.623;25.4229;29.8396;101.226;-86.5257
15.7711;25.5879;30.0577;101.008;-86.3607
15.9076;25.7348;30.2545;100.812;-86.2138
16.0467;25.8585;30.4328;100.634;-86.0901
16.1377;25.9582;30.5655;100.502;-85.9905
16.3407;26.1133;30.8046;100.264;-85.8353
16.501;26.3093;31.0558;100.013;-85.6393
16.6347;26.4825;31.2736;99.7959;-85.4661
16.7986;26.6174;31.4751;99.5958;-85.3312
16.9383;26.7223;31.6384;99.4339;-85.2264
17.1107;26.8193;31.8127;99.2621;-85.1294
17.2804;26.8691;31.9462;99.1321;-85.0795
17.4596;26.9877;32.143;98.9384;-84.9609
17.6354;27.0578;32.2976;98.7881;-84.8908
17.8271;27.1575;32.4859;98.6045;-84.7911
18.0123;27.232;32.65;98.446;-84.7166
18.1988;27.2902;32.8017;98.301;-84.6584
18.4147;27.3515;32.9728;98.1386;-84.5971
18.6814;27.3743;33.1413;97.984;-84.5743
18.891;27.4338;33.3089;97.8269;-84.5148
19.0992;27.4566;33.4462;97.7025;-84.492
19.2978;27.4878;33.5854;97.576;-84.4608
19.5178;27.4927;33.7164;97.4617;-84.4559
19.7074;27.5418;33.8664;97.3246;-84.4068
19.8681;27.6316;34.033;97.1668;-84.317
20.0888;27.6512;34.1782;97.0403;-84.2974
20.2331;27.6585;34.2691;96.9626;-84.2901
20.4229;27.7066;34.4202;96.827;-84.242
20.645;27.7441;34.5825;96.6851;-84.2045
20.8361;27.7895;34.7333;96.5517;-84.1591
21.0476;27.8306;34.8933;96.4124;-84.1181
21.2406;27.847;35.0231;96.3039;-84.1016
21.4478;27.8493;35.151;96.2011;-84.0993
21.6381;27.8773;35.2895;96.0844;-84.0714
21.833;27.8787;35.4105;95.9889;-84.0699
22.0053;27.8646;35.5059;95.9182;-84.0841
22.2195;27.9297;35.69;95.7582;-84.0189
22.43;27.977;35.8583;95.6159;-83.9716
22.6222;28.0193;36.0117;95.4869;-83.9293
22.7885;28.0328;36.1269;95.3958;-83.9158
22.9465;28.0936;36.2738;95.2673;-83.8551
23.0719;28.1363;36.3864;95.1702;-83.8123
23.2595;28.1944;36.5504;95.0303;-83.7542
23.4539;28.2586;36.7238;94.8819;-83.69
23.6409;28.3222;36.8923;94.7378;-83.6264
23.8296;28.3851;37.0616;94.5937;-83.5635
24.0376;28.4538;37.2481;94.4357;-83.4949
24.2038;28.5111;37.3993;94.3075;-83.4376
24.3453;28.596;37.5557;94.1664;-83.3526
24.539;28.6596;37.7298;94.0201;-83.289
24.7294;28.7263;37.9044;93.8728;-83.2223
24.9188;28.8135;38.0941;93.708;-83.1352
25.0864;28.8906;38.2622;93.5623;-83.058
25.2538;28.9581;38.423;93.4253;-82.9905
25.4511;29.0312;38.6079;93.2699;-82.9174
25.6353;29.0814;38.7672;93.1411;-82.8673
25.8022;29.1722;38.9458;92.9841;-82.7764
26.0288;29.217;39.1297;92.8412;-82.7316
26.233;29.2438;39.2857;92.7248;-82.7048
26.433;29.2906;39.4543;92.5928;-82.658
26.6493;29.2656;39.5811;92.5178;-82.683
26.8681;29.3277;39.7744;92.3644;-82.621
27.0736;29.3348;39.9188;92.2663;-82.6138
27.2609;29.3585;40.0634;92.1618;-82.5902
27.4683;29.2911;40.1557;92.1304;-82.6575
27.6737;29.2768;40.286;92.0528;-82.6719
27.8737;29.2636;40.4141;91.9768;-82.685
28.0729;29.2244;40.5235;91.9249;-82.7242
28.2761;29.2029;40.6491;91.856;-82.7457
28.4759;29.1452;40.747;91.8214;-82.8034
28.6858;29.1115;40.87;91.7612;-82.8371
28.8813;29.0637;40.9735;91.7206;-82.8849
29.0351;29.0213;41.0521;91.6931;-82.9273
29.2237;28.9495;41.1351;91.6779;-82.9992
29.4078;28.8785;41.2163;91.6642;-83.0701
29.6231;28.8027;41.3173;91.6421;-83.146
29.8135;28.7337;41.4062;91.6249;-83.2149

-29.9984;28.6654;41.4923;91.6083;-83.2832
-29.8575;28.6514;41.3808;91.5625;-83.2972
-29.6622;28.5748;41.1869;91.5514;-83.3738
-29.5147;28.4828;41.0169;91.5744;-83.4659
-29.3117;28.4222;40.8289;91.5463;-83.5264
-29.0695;28.2885;40.562;91.5696;-83.6601
-28.8748;28.2163;40.3722;91.5567;-83.7324
-28.6551;28.085;40.1233;91.5882;-83.8636
-28.4553;27.9999;39.9211;91.5861;-83.9488
-28.317;27.9534;39.79;91.5735;-83.9952
-28.1661;27.8967;39.6429;91.5656;-84.0519
-27.9776;27.8581;39.4819;91.5264;-84.0905
-27.7731;27.841;39.3252;91.4616;-84.1076
-27.6557;27.6992;39.1418;91.546;-84.2494
-27.498;27.5933;38.9555;91.5819;-84.3553
-27.3217;27.5246;38.7825;91.5768;-84.424
-27.1177;27.4955;38.6183;91.5248;-84.4532
-26.9693;27.4208;38.4609;91.5366;-84.5278
-26.797;27.3109;38.2618;91.5722;-84.6377
-26.607;27.2436;38.0808;91.5621;-84.705
-26.4432;27.1319;37.8864;91.6035;-84.8167
-26.2746;27.0271;37.6937;91.6371;-84.9216
-26.1226;26.8932;37.4918;91.7042;-85.0554
-25.9662;26.7285;37.2647;91.7988;-85.2201
-25.8253;26.5948;37.0706;91.8707;-85.3538
-25.7164;26.4553;36.8946;91.9601;-85.4933
-25.6225;26.2946;36.714;92.0751;-85.654
-25.4839;26.1396;36.5063;92.1685;-85.809
-25.3167;25.9644;36.2642;92.2709;-85.9842
-25.1771;25.6987;35.9766;92.4681;-86.2499
-25.1099;25.5346;35.8123;92.597;-86.414
-25.0324;25.3256;35.6091;92.7643;-86.623
-25.011;25.1199;35.448;92.9488;-86.8287
-25.0015;24.9139;35.2955;93.1379;-87.0348
-25.0039;24.7091;35.153;93.3302;-87.2395
-25.0352;24.5031;35.0309;93.5339;-87.4455
-25.0673;24.3024;34.9139;93.7329;-87.6462
-25.0603;24.0902;34.7615;93.9288;-87.8584
-25.1064;23.8819;34.6507;94.1401;-88.0668
-25.1514;23.6984;34.5573;94.3276;-88.2502
-25.1602;23.5244;34.4446;94.4935;-88.4243
-25.2076;23.368;34.3728;94.6565;-88.5806
-25.2498;23.1678;34.2681;94.8588;-88.7808
-25.2677;22.9616;34.1422;95.0582;-88.9871
-25.2703;22.7604;34.0091;95.2474;-89.1883
-25.2356;22.5539;33.8454;95.4286;-89.3947
-25.2304;22.3495;33.7057;95.6184;-89.5992
-25.1959;22.1494;33.5474;95.7938;-89.7992
-25.1551;21.9438;33.3813;95.9724;-90.0048
-25.1258;21.7352;33.2223;96.1579;-90.2134
-25.051;21.5316;33.0327;96.3232;-90.4171
-25.0192;21.3544;32.8933;96.4786;-90.5942
-24.9715;21.1382;32.7169;96.6653;-90.8105
-24.9034;20.9434;32.5393;96.825;-91.0052
-24.8945;20.7583;32.4136;96.996;-91.1904
-24.8415;20.5606;32.2465;97.1639;-91.3881
-24.7745;20.3763;32.0776;97.3146;-91.5723
-24.732;20.1861;31.9242;97.4792;-91.7625
-24.5913;20.0068;31.7018;97.6007;-91.9419
-24.535;19.7965;31.5256;97.78;-92.1522
-24.5079;19.5869;31.3733;97.9684;-92.3617
-24.4424;19.3893;31.199;98.133;-92.5593
-24.3932;19.2075;31.0476;98.2882;-92.7412
-24.3183;19.0206;30.8733;98.4398;-92.928
-24.2533;18.8215;30.6997;98.6064;-93.1271
-24.2148;18.6467;30.5623;98.7589;-93.3019
-24.1619;18.531;30.4499;98.8509;-93.4176
-24.0727;18.3478;30.2677;98.995;-93.6009
-24.0151;18.1444;30.0989;99.1686;-93.8042
-24.0029;17.9565;29.9763;99.3424;-93.9921
-23.9265;17.7542;29.7941;99.5092;-94.1944
-23.8938;17.491;29.6116;99.7479;-94.4576
-23.8312;17.2969;29.4467;99.9116;-94.6517
-23.7964;17.0527;29.2756;100.132;-94.896
-23.7067;16.8363;29.077;100.308;-95.1123
-23.6773;16.6649;28.954;100.462;-95.2837
-23.6622;16.4642;28.8266;100.647;-95.4845
-23.5977;16.2553;28.6546;100.825;-95.6933
-23.5355;16.0425;28.483;101.008;-95.9061
-23.4617;15.8356;28.3058;101.181;-96.113
-23.425;15.6419;28.1673;101.354;-96.3067
-23.3171;15.4157;27.9523;101.535;-96.5329
-23.272;15.2632;27.8308;101.666;-96.6854
-23.2184;15.0576;27.6735;101.845;-96.891
-23.1937;14.8372;27.5334;102.047;-97.1114
-23.188;14.5888;27.3956;102.282;-97.3598
-23.2139;14.3608;27.2968;102.507;-97.5878
-23.2108;14.1772;27.1981;102.681;-97.7714
-23.2422;13.9534;27.109;102.903;-97.9952
-23.2816;13.7351;27.0312;103.123;-98.2135
-23.3727;13.5525;27.0176;103.325;-98.3961
-23.451;13.3679;26.9935;103.525;-98.5807
-23.5076;13.1538;26.9375;103.746;-98.7948
-23.5881;12.9589;26.9134;103.956;-98.9897
-23.6509;12.7688;26.8776;104.156;-99.1798
-23.7081;12.5927;26.845;104.341;-99.3559
-23.7259;12.345;26.7454;104.583;-99.6036
-23.7417;12.1618;26.6754;104.762;-99.7868
-23.7076;11.9529;26.5504;104.951;-99.9957
-23.7723;11.6595;26.4776;105.25;-100.289
-23.7772;11.4494;26.3902;105.452;-100.499
-23.7643;11.2506;26.2929;105.637;-100.698
-23.7414;11.0508;26.1873;105.821;-100.898
-23.7107;10.8634;26.0808;105.99;-101.085
-23.6756;10.6653;25.967;106.169;-101.283
-23.6394;10.4682;25.8535;106.346;-101.48
-23.5773;10.2391;25.7046;106.546;-101.71
-23.5747;10.036;25.622;106.739;-101.913
-23.551;9.82113;25.5167;106.937;-102.127
-23.519;9.60176;25.4035;107.137;-102.347
-23.495;9.40286;25.3067;107.32;-102.546
-23.4717;9.19518;25.2086;107.512;-102.753
-23.4936;8.99188;25.1556;107.713;-102.957
-23.489;8.81249;25.0877;107.883;-103.136
-23.4615;8.69053;25.0193;107.991;-103.258
-23.4438;8.48932;24.9335;108.178;-103.459
-23.425;8.26278;24.8395;108.39;-103.686
-23.4481;8.05959;24.7946;108.591;-103.889
-23.4005;7.86117;24.6857;108.767;-104.087
-23.2709;7.6349;24.4914;108.946;-104.314
-23.1839;7.45001;24.3515;109.098;-104.499
-23.0877;7.24425;24.1976;109.267;-104.704
-22.9205;7.09148;23.9925;109.366;-104.857
-22.828;6.9129;23.8517;109.511;-105.036
-22.7515;6.75538;23.7332;109.641;-105.193
-22.6584;6.5952;23.5987;109.768;-105.353
-22.5201;6.44576;23.4244;109.873;-105.503
-22.4225;6.26756;23.282;110.017;-105.681
-22.3639;6.09473;23.1795;110.167;-105.854
-22.2383;5.92551;23.0142;110.295;-106.023
-22.1424;5.76193;22.8798;110.426;-106.187
-22.0159;5.62985;22.7244;110.518;-106.319
-21.916;5.44773;22.583;110.666;-106.501
-21.7645;5.3036;22.4014;110.764;-106.645
-21.661;5.12626;22.2594;110.907;-106.822
-21.5719;4.95064;22.1327;111.052;-106.998
-21.4645;4.77687;21.9897;111.191;-107.172
-21.3984;4.60836;21.889;111.335;-107.34
-21.3216;4.425;21.776;111.492;-107.524
-21.2479;4.20908;21.6608;111.681;-107.74
-21.1962;4.02764;21.5754;111.842;-107.921
-21.1325;3.81062;21.4733;112.035;-108.138
-21.0807;3.61713;21.3888;112.208;-108.331
-21.0325;3.40185;21.3058;112.404;-108.547
-21.0288;3.17996;21.2679;112.617;-108.769
-21.0475;2.96322;21.2551;112.831;-108.985
-21.0599;2.76858;21.2411;113.022;-109.18
-21.0861;2.59161;21.2448;113.2;-109.357
-21.1081;2.38109;21.242;113.409;-109.568
-21.1342;2.17362;21.2456;113.616;-109.775
-21.1644;1.98221;21.257;113.809;-109.966
-21.2745;1.78647;21.3494;114.026;-110.162
-21.3313;1.58473;21.39;114.236;-110.364
-21.3763;1.4072;21.4226;114.419;-110.541
-21.3802;1.18822;21.4132;114.632;-110.76
-21.4284;0.917917;21.448;114.905;-111.031
-21.4936;0.702011;21.5051;115.131;-111.247
-21.5834;0.53359;21.59;115.317;-111.415
-21.6979;0.389877;21.7014;115.485;-111.559
-21.7389;0.194005;21.7398;115.685;-111.755
-21.8267;0.00292146;21.8267;115.892;-111.946
-21.9192;-0.177596;21.9199;116.09;-112.126
-22.0059;-0.376401;22.0091;116.305;-112.325
-22.0468;-0.52807;22.0531;116.462;-112.477
-22.0905;-0.696772;22.1014;116.636;-112.645
-22.1796;-0.877426;22.1969;116.834;-112.826
-22.2383;-1.07915;22.2645;117.044;-113.028
-22.2641;-1.28026;22.3009;117.245;-113.229
-22.2949;-1.44999;22.342;117.417;-113.399
-22.3345;-1.66957;22.3968;117.639;-113.618
-22.3452;-1.87329;22.4236;117.839;-113.822
-22.3976;-2.07082;22.4931;118.043;-114.019
-22.4747;-2.26716;22.5888;118.253;-114.216
-22.5201;-2.46166;22.6542;118.452;-114.41
-22.5632;-2.61988;22.7148;118.616;-114.569
-22.6028;-2.82073;22.7781;118.82;-114.769
-22.7032;-3.01463;22.9025;119.034;-114.963
-22.8185;-3.19897;23.0416;119.242;-115.148
-22.9306;-3.34086;23.1727;119.408;-115.289
-23.041;-3.50241;23.3057;119.593;-115.451
-23.2106;-3.6594;23.4973;119.788;-115.608
-23.3763;-3.77324;23.6789;119.942;-115.722
-23.5699;-3.90384;23.891;120.119;-115.852
-23.7514;-3.98927;24.0841;120.249;-115.938
-23.9503;-4.05246;24.2908;120.363;-116.001
-24.1677;-4.08858;24.5111;120.456;-116.037
-24.3587;-4.07734;24.6976;120.497;-116.026
-24.5583;-4.09612;24.8975;120.569;-116.045
-24.7976;-4.08509;25.1318;120.623;-116.034
-25.0178;-4.10709;25.3527;120.705;-116.056
-25.2228;-4.07528;25.5499;120.731;-116.024
-25.4578;-4.08705;25.7838;120.807;-116.036
-25.6649;-4.09076;25.9888;120.869;-116.039
-25.8254;-4.08342;26.1463;120.907;-116.032
-26.021;-4.03331;26.3318;120.914;-115.982
-26.2036;-3.92013;26.4952;120.857;-115.869
-26.3449;-3.85456;26.6254;120.834;-115.803
-26.5411;-3.80676;26.8127;120.845;-115.755
-26.7574;-3.71823;27.0145;120.822;-115.667
-26.9538;-3.66661;27.202;120.83;-115.615
-27.1496;-3.57481;27.3839;120.799;-115.523
-27.3318;-3.47826;27.5523;120.76;-115.427
-27.5043;-3.39383;27.7129;120.73;-115.342
-27.6958;-3.34543;27.8972;120.741;-115.294
-27.8777;-3.3106;28.0736;120.762;-115.259
-28.0677;-3.25533;28.2559;120.766;-115.204
-28.3322;-3.18143;28.5103;120.775;-115.13
-28.4859;-3.13719;28.6582;120.779;-115.086
-28.6916;-3.07827;28.8562;120.786;-115.027
-28.8453;-3.01081;29.002;120.768;-114.959
-29.0628;-2.9514;29.2122;120.779;-114.9
-29.2595;-2.90093;29.403;120.791;-114.85
-29.4276;-2.82781;29.5632;120.774;-114.776
-29.6336;-2.76117;29.7619;120.775;-114.71
-29.8235;-2.69903;29.9454;120.776;-114.648

29.9649;-2.62424;30.0796;120.771;-114.573
29.7688;-2.56816;29.8794;120.78;-114.517
29.6019;-2.49898;29.7072;120.768;-114.448
29.3984;-2.40327;29.4964;120.743;-114.352
29.2537;-2.34675;29.3477;120.736;-114.295
29.0744;-2.27592;29.1633;120.726;-114.225
28.8774;-2.25365;28.9652;120.769;-114.202
28.7061;-2.22597;28.7923;120.799;-114.175
28.5158;-2.14126;28.596;120.781;-114.09
28.3531;-2.02213;28.4251;120.722;-113.971
28.2079;-1.91275;28.2726;120.667;-113.861
27.998;-1.82885;28.0577;120.657;-113.777
27.8103;-1.76162;27.8661;120.657;-113.71
27.6182;-1.69623;27.6702;120.66;-113.645
27.4303;-1.62579;27.4784;120.656;-113.574
27.2965;-1.47926;27.3366;120.564;-113.428
27.0982;-1.40181;27.1344;120.558;-113.35
26.9153;-1.32215;26.9477;120.546;-113.271
26.6961;-1.22018;26.7239;120.525;-113.169
26.5456;-1.11319;26.5689;120.477;-113.062
26.4108;-1.03072;26.4309;120.446;-112.979
26.2868;-0.870774;26.3012;120.339;-112.819
26.1147;-0.676314;26.1234;120.217;-112.625
26.0065;-0.515136;26.0116;120.104;-112.464
25.9017;-0.3447;25.904;119.981;-112.293
25.8196;-0.16387;25.8201;119.841;-112.112
25.7374;0.0310392;25.7374;119.688;-111.918
25.6753;0.190072;25.676;119.561;-111.759
25.5577;0.418656;25.5611;119.389;-111.53
25.4022;0.588498;25.409;119.286;-111.36
25.3216;0.700108;25.3312;119.211;-111.249
25.2178;0.882511;25.2332;119.078;-111.066
25.1471;1.07882;25.1702;118.921;-110.87
25.0868;1.24764;25.1178;118.785;-110.701
24.9743;1.42901;25.0151;118.657;-110.52
24.8537;1.67808;24.9103;118.469;-110.271
24.7174;1.83255;24.7853;118.375;-110.116
24.6082;2.02926;24.6917;118.233;-109.919
24.5009;2.18725;24.5984;118.125;-109.761
24.4102;2.36989;24.525;117.989;-109.579
24.2756;2.52482;24.4065;117.895;-109.424
24.2544;2.71377;24.4057;117.728;-109.235
24.1342;2.90117;24.308;117.599;-109.047
23.9861;3.09615;24.1851;117.474;-108.852
23.8651;3.2832;24.0899;117.346;-108.665
23.7418;3.44606;23.9906;117.242;-108.503
23.6466;3.61916;23.9219;117.118;-108.329
23.5329;3.79954;23.8377;116.995;-108.149
23.4591;4.0021;23.798;116.836;-107.947
23.3361;4.24184;23.7184;116.661;-107.707
23.236;4.41464;23.6517;116.54;-107.534
23.1552;4.60442;23.6086;116.396;-107.344
23.0612;4.78256;23.5519;116.269;-107.166
22.984;5.00592;23.5228;116.093;-106.943
22.9149;5.22947;23.5041;115.914;-106.719
22.8146;5.414;23.4482;115.783;-106.535
22.7401;5.65309;23.4323;115.593;-106.296
22.6686;5.85429;23.4124;115.436;-106.094
22.57;6.08701;23.3764;115.261;-105.862
22.5043;6.26341;23.3596;115.125;-105.685
22.4256;6.47228;23.3409;114.964;-105.476
22.4027;6.6446;23.3673;114.815;-105.304
22.3051;6.83139;23.3278;114.683;-105.117
22.2534;7.01531;23.3329;114.535;-104.933
22.1949;7.19083;23.3307;114.398;-104.758
22.1657;7.38914;23.3649;114.228;-104.559
22.1415;7.58986;23.4063;114.054;-104.359
22.0326;7.77082;23.3628;113.933;-104.178
21.9383;7.93687;23.3299;113.819;-104.012
21.909;8.13348;23.37;113.651;-103.815
21.8067;8.3394;23.3469;113.505;-103.609
21.7467;8.52748;23.3589;113.358;-103.421
21.6804;8.66158;23.3466;113.263;-103.287
21.6173;8.87658;23.3688;113.093;-103.072
21.5248;9.05784;23.353;112.966;-102.891
21.4387;9.28073;23.3613;112.798;-102.668
21.3367;9.4661;23.3423;112.672;-102.483
21.2537;9.65135;23.3424;112.538;-102.297
21.1323;9.85084;23.3155;112.408;-102.098
21.0004;10.0088;23.2636;112.32;-101.94
20.8626;10.1481;23.1998;112.251;-101.801
20.7144;10.3049;23.136;112.172;-101.644
20.5837;10.4672;23.0922;112.08;-101.481
20.4416;10.6395;23.0447;111.984;-101.309
20.2935;10.7414;22.9609;111.955;-101.207
20.132;10.9297;22.9076;111.854;-101.019
19.9152;11.067;22.7836;111.824;-100.882
19.75;11.1934;22.7014;111.781;-100.755
19.6049;11.2961;22.6265;111.752;-100.652
19.4451;11.4158;22.5484;111.714;-100.533
19.2857;11.5442;22.4768;111.668;-100.404
19.1248;11.6746;22.4066;111.621;-100.274
18.9957;11.7842;22.354;111.579;-100.164
18.8503;11.9205;22.3032;111.521;-100.028
18.6765;12.0038;22.2014;111.524;-99.9448
18.5079;12.1888;22.161;111.433;-99.7599
18.3358;12.301;22.0797;111.409;-99.6476
18.1174;12.396;21.9522;111.422;-99.5526
17.9389;12.5304;21.8819;111.382;-99.4182
17.7766;12.6224;21.8021;111.374;-99.3262
17.6267;12.7792;21.7717;111.302;-99.1695
17.4051;12.8604;21.6409;111.33;-99.0882
17.2414;12.9102;21.5393;111.361;-99.0384
17.0653;13.0006;21.4532;111.361;-98.948
16.8516;13.0313;21.3024;111.432;-98.9174
16.6701;13.09;21.1952;111.464;-98.8587
16.421;13.1182;21.0175;111.554;-98.8304
16.2039;13.1992;20.8994;111.583;-98.7494
16.0077;13.2473;20.7783;111.632;-98.7013
15.8159;13.3031;20.6668;111.673;-98.6456
15.6321;13.3819;20.5776;111.689;-98.5668
15.4404;13.426;20.4613;111.741;-98.5226
15.254;13.4846;20.3597;111.777;-98.464
15.0654;13.5777;20.281;111.785;-98.371
14.8805;13.5582;20.1309;111.89;-98.3904
14.6727;13.6484;20.0392;111.909;-98.3002
14.4785;13.7057;19.9367;111.952;-98.2429
14.2636;13.7576;19.8172;112.01;-98.191
14.1373;13.8267;19.7747;112.01;-98.1219
13.9676;13.8368;19.6609;112.083;-98.1118
13.7594;13.9186;19.5716;112.113;-98.0301
13.5739;13.9887;19.4919;112.141;-97.9599
13.3493;14.0268;19.3637;112.218;-97.9218
13.1644;14.1259;19.3091;112.222;-97.8227
12.9346;14.1673;19.1838;112.298;-97.7813
12.7517;14.2329;19.1097;112.331;-97.7157
12.5613;14.2018;18.9599;112.453;-97.7469
12.3647;14.1515;18.7923;112.593;-97.7971
12.1675;14.0914;18.6176;112.744;-97.8572
12.0015;13.9616;18.4109;112.939;-97.987
11.8621;13.823;18.215;113.128;-98.1256
11.7115;13.7039;18.0266;113.306;-98.2447
11.5653;13.5412;17.8079;113.52;-98.4074
11.3937;13.3987;17.5881;113.73;-98.55
11.2672;13.2336;17.3804;113.936;-98.715
11.1671;13.0556;17.18;114.14;-98.893
10.9599;12.9354;16.9542;114.348;-99.0132
10.8585;12.8048;16.789;114.511;-99.1438
10.7071;12.6756;16.5925;114.699;-99.2731
10.571;12.5425;16.403;114.882;-99.4062
10.4229;12.4093;16.2058;115.072;-99.5393
10.2597;12.2247;15.9595;115.314;-99.7239
10.0265;12.1118;15.7234;115.528;-99.8368
9.87321;11.9756;15.5208;115.723;-99.973
9.69962;11.8877;15.3428;115.887;-100.061
9.53898;11.7456;15.1312;116.09;-100.203
9.34161;11.6396;14.9247;116.282;-100.309
9.18009;11.5356;14.7426;116.453;-100.413
8.99793;11.4364;14.5518;116.631;-100.512
8.83611;11.3128;14.3547;116.819;-100.636
8.62069;11.1908;14.1262;117.034;-100.758
8.41132;11.1175;13.9409;117.204;-100.831
8.22255;11.0489;13.7728;117.359;-100.9
8.02957;10.9425;13.5725;117.549;-101.006
7.86111;10.9077;13.4453;117.665;-101.041
7.62287;10.8659;13.2731;117.823;-101.083
7.43989;10.776;13.0948;117.995;-101.173
7.24247;10.7272;12.9432;118.138;-101.221
7.04923;10.712;12.8233;118.251;-101.237
6.84295;10.6547;12.6629;118.407;-101.294
6.64429;10.5811;12.4942;118.573;-101.368
6.3625;10.5731;12.3398;118.726;-101.376
6.15595;10.5696;12.2316;118.837;-101.379
5.94576;10.5519;12.1118;118.961;-101.397
5.737;10.5781;12.0337;119.048;-101.371
5.57099;10.6357;12.0064;119.086;-101.313
5.34171;10.6273;11.8943;119.214;-101.321
5.1831;10.6483;11.8427;119.28;-101.3
4.94157;10.7255;11.8091;119.342;-101.223
4.74776;10.7848;11.7836;119.395;-101.164
4.54259;10.8504;11.7629;119.448;-101.098
4.3114;10.9593;11.7769;119.48;-100.989
4.10559;11.0177;11.7578;119.54;-100.931
3.9178;11.0828;11.7549;119.586;-100.866
3.74204;11.1716;11.7817;119.606;-100.777
3.52708;11.2808;11.8193;119.63;-100.668
3.32256;11.352;11.8283;119.681;-100.597
3.10905;11.364;11.7816;119.786;-100.585
2.92538;11.4661;11.8334;119.801;-100.482
2.71196;11.4983;11.8137;119.89;-100.45
2.51763;11.5351;11.8067;119.965;-100.413
2.33724;11.5324;11.7669;120.066;-100.416
2.13638;11.5291;11.7254;120.179;-100.42
1.93608;11.4874;11.6494;120.324;-100.461
1.74094;11.3673;11.4998;120.532;-100.581
1.54825;11.3028;11.4084;120.692;-100.646
1.41629;11.1766;11.266;120.87;-100.772
1.25541;11.0374;11.1086;121.075;-100.911
1.10155;10.8746;10.9302;121.296;-101.074
1.05363;10.6439;10.6959;121.515;-101.305
0.931492;10.4554;10.4968;121.739;-101.493
0.830785;10.2441;10.2777;121.971;-101.705
0.778726;10.0633;10.0934;122.15;-101.885
0.657146;9.85386;9.87575;122.392;-102.095
0.647395;9.61887;9.64063;122.594;-102.33
0.648464;9.4138;9.43611;122.764;-102.535
0.60455;9.20672;9.22655;122.961;-102.742
0.620939;9.02887;9.0502;123.101;-102.92
0.600187;8.82678;8.84717;123.282;-103.122
0.580473;8.61843;8.63795;123.467;-103.33
0.575886;8.40078;8.42049;123.651;-103.548
0.530476;8.18166;8.19884;123.86;-103.767
0.545998;7.97318;7.99185;124.026;-103.975
0.587452;7.79606;7.81817;124.152;-104.153
0.572657;7.56344;7.58509;124.355;-104.385
0.578877;7.34305;7.36583;124.537;-104.606
0.592648;7.13021;7.1548;124.708;-104.818
