#1 AntPos X	#2 AntVel X	#3 AntPos Y	#4 AntVel Y	#5 AntAngle	
17.3295;-1.95092;-22.7559;-1.40908;-2.51608;
17.1714;-1.58181;-22.8621;-1.0621;-2.55029;
16.9924;-1.78945;-22.926;-0.638494;-2.79886;
16.7845;-2.07905;-23.0038;-0.778528;-2.78329;
16.6051;-1.79452;-23.0805;-0.766306;-2.73801;
16.4191;-1.85929;-23.1694;-0.889649;-2.6953;
16.2485;-1.70625;-23.2486;-0.791416;-2.70729;
16.0627;-1.85839;-23.3539;-1.05309;-2.62604;
15.9034;-1.59244;-23.4216;-0.677035;-2.73959;
15.7324;-1.70978;-23.5276;-1.05987;-2.58668;
15.5494;-1.83079;-23.627;-0.994232;-2.64409;
15.3684;-1.80957;-23.748;-1.21028;-2.5521;
15.1846;-1.83789;-23.883;-1.34987;-2.50811;
15.0195;-1.65104;-23.9975;-1.14497;-2.53525;
14.8518;-1.67675;-24.0962;-0.987101;-2.60952;
14.6973;-1.54555;-24.1741;-0.778958;-2.67475;
14.5202;-1.77103;-24.3039;-1.29805;-2.5091;
14.3506;-1.69618;-24.394;-0.900871;-2.65336;
14.1761;-1.74504;-24.5289;-1.34903;-2.48349;
14.014;-1.62085;-24.6441;-1.15186;-2.52375;
13.8255;-1.88468;-24.77;-1.25917;-2.55259;
13.7079;-1.17644;-24.8322;-0.621493;-2.65557;
13.5211;-1.86784;-24.8902;-0.580163;-2.84043;
13.337;-1.8405;-24.952;-0.617967;-2.81766;
13.1557;-1.81283;-25.0008;-0.488236;-2.87851;
12.9854;-1.70315;-25.0673;-0.665226;-2.76923;
12.761;-2.24428;-25.1589;-0.915602;-2.75423;
12.5663;-1.94653;-25.2206;-0.617244;-2.83452;
12.3801;-1.8621;-25.2889;-0.682801;-2.79013;
12.23;-1.50117;-25.3388;-0.49939;-2.82044;
12.0223;-2.07704;-25.4366;-0.977854;-2.70158;
11.8416;-1.80664;-25.5154;-0.787956;-2.73032;
11.7135;-1.28119;-25.5573;-0.418967;-2.82554;
11.4347;-2.78849;-25.6517;-0.943692;-2.81527;
11.2452;-1.89502;-25.7168;-0.650939;-2.81072;
11.0899;-1.55287;-25.7942;-0.77439;-2.679;
10.9263;-1.63591;-25.8661;-0.719152;-2.72742;
10.7343;-1.92018;-25.9355;-0.693231;-2.79513;
10.4868;-2.4751;-26.0095;-0.740469;-2.8509;
10.3031;-1.83716;-26.1069;-0.974067;-2.65408;
10.1403;-1.6276;-26.2291;-1.22239;-2.49743;
9.975;-1.65296;-26.3122;-0.830961;-2.67578;
9.79671;-1.78285;-26.4024;-0.90164;-2.67337;
9.62402;-1.72694;-26.5009;-0.984933;-2.62327;
9.47184;-1.52184;-26.6439;-1.43012;-2.38726;
9.33624;-1.356;-26.7711;-1.27181;-2.38822;
9.18491;-1.51324;-26.9131;-1.42005;-2.38795;
9.06277;-1.22139;-27.0214;-1.08349;-2.41595;
8.89782;-1.64958;-27.1614;-1.39913;-2.43816;
8.71518;-1.82636;-27.316;-1.54613;-2.4391;
8.59415;-1.21033;-27.4565;-1.40559;-2.28169;
8.48241;-1.11739;-27.6172;-1.60621;-2.17861;
8.37862;-1.03787;-27.7853;-1.68187;-2.12369;
8.28134;-0.972803;-27.9621;-1.76751;-2.07393;
8.20392;-0.77422;-28.15;-1.87877;-1.96168;
8.12804;-0.758795;-28.3334;-1.83461;-1.96297;
8.03008;-0.979618;-28.5524;-2.18964;-1.99148;
7.97058;-0.594972;-28.7233;-1.70941;-1.90574;
7.90743;-0.631482;-28.8872;-1.63854;-1.93865;
7.8219;-0.855282;-29.0446;-1.5743;-2.06846;
7.73324;-0.88659;-29.2124;-1.67744;-2.05701;
7.6502;-0.830459;-29.3452;-1.32871;-2.1294;
7.53312;-1.17077;-29.49;-1.44786;-2.25077;
7.42077;-1.12345;-29.6282;-1.3816;-2.25351;
7.31014;-1.10633;-29.7713;-1.43101;-2.22893;
7.18783;-1.22309;-29.9295;-1.58236;-2.22883;

6.99906;-1.88774;29.9041;-1.66367;-2.4192;
6.86033;-1.38724;29.7602;-1.43937;-2.33775;
6.69819;-1.62148;29.6164;-1.43813;-2.41605;
6.56301;-1.35175;29.4097;-2.06715;-2.14992;
6.4216;-1.41407;29.2391;-1.70559;-2.26302;
6.27099;-1.50615;29.1194;-1.19676;-2.47017;
6.05601;-2.14978;29.038;-0.814605;-2.77939;
5.87321;-1.82796;28.9466;-0.913944;-2.67796;
5.69429;-1.78923;28.9;-0.466104;-2.88675;
5.5486;-1.45692;28.8709;-0.29093;-2.9445;
5.36274;-1.85857;28.7422;-1.28624;-2.53622;
5.23412;-1.28626;28.631;-1.11197;-2.42874;
5.0811;-1.53016;28.4951;-1.35928;-2.41526;
4.93437;-1.46726;28.36;-1.35093;-2.39745;
4.77104;-1.63337;28.2163;-1.43681;-2.42013;
4.69479;-0.76249;28.0038;-2.12543;-1.91524;
4.61994;-0.748525;27.8362;-1.67569;-1.9909;
4.53436;-0.855724;27.6162;-2.20049;-1.94168;
4.433;-1.0136;27.43;-1.86161;-2.06939;
4.4134;-0.19605;27.2275;-2.02556;-1.66728;
4.42366;0.102583;27.0561;-1.71354;-1.511;
4.39959;-0.240676;26.8851;-1.70962;-1.71065;
4.3909;-0.0868606;26.7101;-1.75055;-1.62037;
4.33019;-0.607139;26.5346;-1.75448;-1.90395;
4.26222;-0.679717;26.36;-1.74612;-1.94202;
4.17011;-0.921108;26.16;-2.00057;-2.00228;
4.02365;-1.46453;25.9984;-1.6153;-2.30728;
3.96813;-0.555206;25.8772;-1.21208;-2.00033;
3.83016;-1.37974;25.7278;-1.49405;-2.31644;
3.68794;-1.42219;25.5923;-1.35533;-2.38026;
3.52371;-1.64236;25.4729;-1.19396;-2.51299;
3.36057;-1.6314;25.3757;-0.971686;-2.6044;
3.18851;-1.72052;25.2932;-0.825758;-2.69412;
3.00746;-1.81058;25.2018;-0.913464;-2.67434;
2.84375;-1.6371;25.1356;-0.662113;-2.75726;
2.6548;-1.88947;25.0617;-0.738863;-2.76883;
2.42438;-2.30413;24.9869;-0.748172;-2.82762;
2.27449;-1.49893;24.9329;-0.539836;-2.79591;
2.08563;-1.88859;24.8803;-0.525809;-2.87006;
1.8895;-1.96128;24.8131;-0.67213;-2.81144;
1.74656;-1.42941;24.7097;-1.03411;-2.5153;
1.57865;-1.67913;24.5825;-1.27214;-2.49323;
1.43612;-1.42531;24.4738;-1.08651;-2.49027;
1.23401;-2.02106;24.3447;-1.29182;-2.57286;
1.0714;-1.62607;24.2369;-1.07745;-2.55641;
0.857909;-2.13496;24.095;-1.41964;-2.55478;
0.691415;-1.66493;23.984;-1.10948;-2.55379;
0.536011;-1.55404;23.8448;-1.39202;-2.41114;
0.37549;-1.60521;23.7347;-1.10085;-2.54046;
0.210823;-1.64667;23.6216;-1.13159;-2.53951;
0.0114871;-1.99336;23.5562;-0.654039;-2.82455;
-0.143157;-1.54644;23.4985;-0.576353;-2.78484;
-0.288177;-1.4502;23.399;-0.99481;-2.54034;
-0.468379;-1.80202;23.2269;-1.72153;-2.37903;
-0.614915;-1.46536;23.0912;-1.35726;-2.39447;
-0.763641;-1.48726;22.909;-1.82186;-2.25542;
-0.902543;-1.38903;22.7403;-1.68674;-2.2597;
-1.03796;-1.3542;22.5911;-1.49227;-2.30773;
-1.19253;-1.54571;22.4557;-1.35325;-2.42249;
-1.2994;-1.06866;22.3428;-1.1292;-2.32866;
-1.42509;-1.2569;22.224;-1.18781;-2.38444;
-1.58834;-1.63245;22.0823;-1.41753;-2.42655;
-1.72676;-1.38426;21.9453;-1.36994;-2.36139;
-1.88715;-1.60387;21.8632;-0.821202;-2.66838;
-2.09931;-2.12157;21.6992;-1.64022;-2.48346;
-2.23862;-1.39316;21.5825;-1.1664;-2.44456;
-2.38637;-1.47752;21.4402;-1.42311;-2.37495;
-2.52224;-1.35865;21.2842;-1.55975;-2.2874;
-2.59142;-0.691858;21.1477;-1.36507;-2.03989;
-2.68646;-0.950354;20.9627;-1.85049;-2.04524;
-2.78001;-0.935489;20.7879;-1.74806;-2.06217;
-2.90108;-1.21072;20.6167;-1.71214;-2.1863;
-3.04483;-1.43748;20.4449;-1.71741;-2.2677;
-3.1534;-1.08566;20.288;-1.56876;-2.17617;
-3.29066;-1.37261;20.1849;-1.03106;-2.49734;
-3.45828;-1.67622;20.0858;-0.991516;-2.60743;
-3.62807;-1.69793;19.9588;-1.26982;-2.49946;
-3.8229;-1.9483;19.847;-1.1184;-2.62048;
-3.99363;-1.70729;19.7516;-0.953148;-2.63241;
-4.16862;-1.7499;19.6536;-0.980352;-2.63093;
-4.35946;-1.90836;19.5961;-0.575442;-2.84873;
-4.55208;-1.92626;19.5366;-0.595084;-2.84196;
-4.74794;-1.95855;19.4877;-0.488987;-2.89693;
-4.99281;-2.44876;19.4371;-0.505574;-2.93799;
-5.14333;-1.50517;19.4132;-0.238624;-2.98436;
-5.33082;-1.87494;19.3816;-0.316025;-2.97461;
-5.53347;-2.02644;19.3613;-0.203321;-3.04159;
-5.72308;-1.8961;19.3941;0.327946;2.97033;
-5.91365;-1.90574;19.4211;0.269809;3.00095;
-6.09378;-1.80126;19.4144;-0.0668087;-3.10452;
-6.29864;-2.04866;19.4065;-0.0791486;-3.10298;
-6.46342;-1.6478;19.4343;0.277712;2.97463;
-6.68454;-2.21121;19.5298;0.955782;2.7336;
-6.89479;-2.10241;19.6244;0.945778;2.71886;
-7.07051;-1.75728;19.7155;0.910676;2.66347;
-7.23851;-1.67999;19.8073;0.917903;2.64154;
-7.41397;-1.75459;19.902;0.947266;2.64655;
-7.57211;-1.58136;20.0154;1.13411;2.51944;
-7.81015;-2.38046;20.1386;1.23188;2.66404;
-8.02973;-2.19573;20.241;1.02372;2.70532;
-8.21642;-1.86693;20.2888;0.478526;2.89068;
-8.38745;-1.7103;20.3494;0.606282;2.80093;
-8.58409;-1.96635;20.4044;0.549431;2.86913;
-8.80412;-2.20035;20.4802;0.757789;2.80992;
-8.99892;-1.94803;20.5413;0.61082;2.83774;
-9.18013;-1.81209;20.6101;0.688481;2.7785;
-9.36332;-1.83191;20.6777;0.676179;2.78799;
-9.55669;-1.93371;20.7521;0.743623;2.77447;
-9.73867;-1.81976;20.8312;0.791197;2.73147;
-9.92486;-1.86193;20.9128;0.816365;2.72838;
-10.1295;-2.04657;21.0388;1.25946;2.58992;
-10.3639;-2.34346;21.0419;0.0314201;3.12819;
-10.6398;-2.75892;21.0052;-0.36719;-3.00928;
-10.8032;-1.63439;20.9386;-0.666318;-2.75448;
-10.987;-1.83787;20.8235;-1.15031;-2.58235;
-11.0876;-1.00577;20.7044;-1.19167;-2.2718;
-11.2305;-1.42897;20.5483;-1.56068;-2.31217;
-11.4276;-1.97106;20.3659;-1.82392;-2.39495;
-11.6271;-1.99503;20.2063;-1.59605;-2.46684;
-11.8218;-1.94734;20.0864;-1.19873;-2.5898;
-12.0048;-1.82995;20.0242;-0.622694;-2.8136;
-12.1831;-1.78316;19.9312;-0.929904;-2.6609;
-12.3639;-1.80789;19.8391;-0.920856;-2.67049;
-12.5266;-1.62746;19.7476;-0.915179;-2.62933;
-12.7071;-1.80457;19.6476;-0.999525;-2.63577;
-12.8761;-1.69042;19.5617;-0.859462;-2.67122;
-13.0531;-1.76923;19.4717;-0.899628;-2.67118;
-13.2411;-1.87996;19.369;-1.02665;-2.64175;
-13.4222;-1.81123;19.3062;-0.62803;-2.80782;
-13.6118;-1.89629;19.2387;-0.675696;-2.79929;
-13.7998;-1.87983;19.1499;-0.888156;-2.70021;
-13.9864;-1.86579;19.0661;-0.838072;-2.71942;
-14.175;-1.88624;18.9847;-0.814002;-2.73419;
-14.3634;-1.88408;18.8879;-0.967271;-2.66729;
-14.5831;-2.19733;18.7639;-1.24012;-2.62778;
-14.759;-1.75854;18.6569;-1.0703;-2.59485;
-14.9313;-1.72295;18.5687;-0.882057;-2.66843;
-15.1332;-2.01933;18.4803;-0.884002;-2.72896;
-15.3131;-1.79912;18.4176;-0.626662;-2.80642;
-15.491;-1.77888;18.366;-0.516565;-2.85898;
-15.6833;-1.92309;18.3018;-0.641623;-2.81956;
-15.9007;-2.17357;18.2044;-0.973729;-2.72041;
-16.0301;-1.29441;18.1091;-0.953111;-2.5069;
-16.2371;-2.06963;18.0058;-1.03319;-2.67857;
-16.3904;-1.5327;17.8844;-1.21423;-2.47162;
-16.5112;-1.20856;17.745;-1.39369;-2.28517;
-16.5852;-0.739547;17.5607;-1.84334;-1.95234;
-16.6803;-0.95076;17.4213;-1.39402;-2.16936;
-16.7965;-1.16283;17.2549;-1.6639;-2.18075;
-16.908;-1.11423;17.0469;-2.08;-2.06258;
-17.0057;-0.977777;16.8734;-1.73495;-2.084;
-17.163;-1.57223;16.6994;-1.74003;-2.30558;
-17.2632;-1.00292;16.5369;-1.6251;-2.12372;
-17.3842;-1.20937;16.3583;-1.78591;-2.16604;
-17.5295;-1.45327;16.159;-1.99221;-2.20103;
-17.6652;-1.35668;15.9792;-1.79834;-2.21711;
-17.7692;-1.03971;15.823;-1.56264;-2.15789;
-17.859;-0.898515;15.6462;-1.7677;-2.04106;
-17.942;-0.82963;15.4652;-1.80956;-2.00067;
-18.0265;-0.845537;15.2846;-1.80631;-2.0086;
-18.1179;-0.913398;15.087;-1.97628;-2.00373;
-18.2538;-1.35899;14.9223;-1.64666;-2.26078;
-18.3916;-1.37873;14.7843;-1.37961;-2.35588;
-18.5397;-1.48098;14.6467;-1.37589;-2.39296;
-18.6932;-1.53434;14.5046;-1.42152;-2.39434;
-18.8333;-1.40135;14.357;-1.47632;-2.33015;
-18.9745;-1.41236;14.1972;-1.59816;-2.29456;
-19.0407;-0.661894;14.0382;-1.58939;-1.9654;
-19.1417;-1.00954;13.8278;-2.10425;-2.01812;
-19.2266;-0.849299;13.6437;-1.84116;-2.00299;
-19.2849;-0.583144;13.4335;-2.10189;-1.84143;
-19.3297;-0.447875;13.293;-1.40469;-1.87945;
-19.3728;-0.430566;13.1026;-1.90383;-1.79321;
-19.4152;-0.423889;12.908;-1.94628;-1.78524;
-19.4443;-0.291885;12.7215;-1.86546;-1.72601;
-19.4675;-0.231738;12.5512;-1.70263;-1.70607;
-19.4794;-0.119238;12.3188;-2.32405;-1.62206;
-19.4307;0.487325;12.075;-2.43829;-1.37353;
-19.3951;0.356309;11.8976;-1.77383;-1.37256;
-19.35;0.451161;11.7462;-1.51342;-1.28108;
-19.3384;0.115757;11.5388;-2.07465;-1.51506;
-19.3196;0.187794;11.3298;-2.08936;-1.48116;
-19.3022;0.174426;11.1781;-1.51785;-1.45638;
-19.2878;0.143926;10.9812;-1.96858;-1.49781;
-19.2749;0.128374;10.7838;-1.97381;-1.50585;
-19.229;0.459151;10.619;-1.64801;-1.29908;
-19.1918;0.372395;10.433;-1.85971;-1.37317;
-19.1817;0.100633;10.2535;-1.79577;-1.51482;
-19.1617;0.200178;10.0885;-1.64912;-1.45;
-19.1133;0.484224;9.87445;-2.14096;-1.34837;
-19.0658;0.474803;9.67965;-1.94806;-1.33173;
-18.9964;0.694193;9.48041;-1.99239;-1.23553;
-18.9395;0.568333;9.29648;-1.83926;-1.2711;
-18.8183;1.21255;9.10642;-1.9006;-1.00291;
-18.7153;1.03023;8.95935;-1.47077;-0.959753;
-18.6293;0.859493;8.79756;-1.61785;-1.08246;
-18.5271;1.02202;8.61856;-1.78996;-1.052;
-18.4385;0.886391;8.45433;-1.64235;-1.07589;
-18.3732;0.652515;8.27773;-1.76603;-1.21687;
-18.3324;0.408184;8.09201;-1.85714;-1.35445;
-18.2899;0.424854;7.89429;-1.97723;-1.35914;
-18.2466;0.433688;7.70319;-1.91095;-1.34763;
-18.1981;0.484287;7.48744;-2.15754;-1.34999;
-18.1536;0.445351;7.29838;-1.89056;-1.33945;
-18.103;0.50628;7.11009;-1.88293;-1.30813;
-18.0372;0.657816;6.88748;-2.2261;-1.28347;
-17.9824;0.548166;6.69699;-1.90488;-1.2906;
-17.9125;0.698987;6.60029;-0.967038;-0.944924;
-17.8023;1.10132;6.44437;-1.55915;-0.955815;
-17.6948;1.07562;6.33856;-1.05815;-0.777212;
-17.6079;0.868207;6.17534;-1.63222;-1.08194;
-17.5183;0.896443;5.99696;-1.78374;-1.1051;
-17.4492;0.690605;5.82499;-1.71971;-1.18893;
-17.35;0.991963;5.66266;-1.62329;-1.02227;
-17.2308;1.19251;5.48185;-1.80807;-0.987739;
-17.1326;0.98156;5.29719;-1.84667;-1.08225;
-17.0554;0.771913;5.12076;-1.76428;-1.15837;
-17.0018;0.536022;4.99452;-1.26242;-1.16926;
-16.9211;0.807349;4.82876;-1.65755;-1.11754;
-16.8448;0.762777;4.65076;-1.78;-1.16594;
-16.7464;0.984719;4.48927;-1.61489;-1.02322;
-16.6203;1.26056;4.28079;-2.08485;-1.02698;
-16.5599;0.603629;4.09793;-1.82859;-1.25195;
-16.5517;0.082226;3.89368;-2.04252;-1.53056;
-16.5468;0.0487437;3.65182;-2.41861;-1.55065;
-16.5338;0.130475;3.39901;-2.52805;-1.51923;
-16.5164;0.173687;3.22783;-1.71184;-1.46968;
-16.4766;0.398256;3.04806;-1.79767;-1.35278;
-16.4303;0.462935;2.82713;-2.20935;-1.36425;
-16.4057;0.245681;2.62026;-2.06863;-1.45258;
-16.3775;0.282778;2.41826;-2.02;-1.43171;
-16.3343;0.431187;2.23287;-1.85389;-1.34227;
-16.3041;0.30282;2.04751;-1.85361;-1.40886;
-16.256;0.480636;1.81056;-2.36949;-1.37067;
-16.2528;0.0323535;1.59309;-2.17476;-1.55592;
-16.2425;0.10247;1.39162;-2.01469;-1.51998;
-16.242;0.00530069;1.18428;-2.07336;-1.56824;
-16.2452;-0.0320678;0.988701;-1.9558;-1.58719;
-16.254;-0.0885038;0.790586;-1.98115;-1.61544;
-16.2422;0.118803;0.568942;-2.21644;-1.51725;
-16.1782;0.639319;0.387636;-1.81306;-1.23179;
-16.0885;0.897395;0.238711;-1.48925;-1.02848;
-15.9864;1.02128;0.0665278;-1.72183;-1.03544;
-15.9261;0.602192;-0.132335;-1.98863;-1.27676;
-15.8651;0.610728;-0.322075;-1.8974;-1.25939;
-15.8178;0.472698;-0.498217;-1.76141;-1.30861;
-15.7693;0.485094;-0.697129;-1.98912;-1.33159;
-15.706;0.63319;-0.919323;-2.22194;-1.29318;
-15.651;0.549759;-1.1118;-1.92482;-1.29259;
-15.6043;0.467215;-1.295;-1.83197;-1.32109;
-15.5565;0.478149;-1.48889;-1.9389;-1.32901;
-15.5108;0.456801;-1.67968;-1.90787;-1.33579;
-15.4842;0.26608;-1.89458;-2.14897;-1.44761;
-15.5084;-0.242339;-2.11943;-2.24858;-1.67816;
-15.5404;-0.320207;-2.34903;-2.29594;-1.70937;
-15.5515;-0.110634;-2.56328;-2.14251;-1.62239;
-15.5434;0.0809396;-2.76307;-1.99787;-1.53031;
-15.5338;0.0960375;-2.93621;-1.73145;-1.51539;
-15.5475;-0.137275;-3.11086;-1.74652;-1.64923;
-15.5927;-0.452032;-3.29181;-1.80951;-1.8156;
-15.6405;-0.477709;-3.48088;-1.89068;-1.81828;
-15.6699;-0.293671;-3.68077;-1.99891;-1.71667;
-15.6873;-0.174811;-3.88118;-2.00405;-1.65781;
-15.7125;-0.251219;-4.07698;-1.958;-1.6984;
-15.733;-0.204952;-4.26303;-1.8605;-1.68051;
-15.7486;-0.156084;-4.46211;-1.99083;-1.64904;
-15.7638;-0.152678;-4.68169;-2.19579;-1.64022;
-15.7882;-0.243209;-4.89303;-2.11343;-1.68537;
-15.8213;-0.330996;-5.09047;-1.97439;-1.7369;
-15.8407;-0.194813;-5.2612;-1.70729;-1.68441;
-15.9084;-0.676658;-5.4417;-1.80497;-1.92947;
-15.9705;-0.620735;-5.6112;-1.69506;-1.92183;
-16.0479;-0.77435;-5.77392;-1.62713;-2.01498;
-16.1344;-0.864932;-5.95413;-1.80215;-2.01827;
-16.2126;-0.782087;-6.13191;-1.77779;-1.98524;
-16.336;-1.23411;-6.33223;-2.00318;-2.12295;
-16.4253;-0.892383;-6.5002;-1.67972;-2.05914;
-16.5893;-1.64064;-6.68459;-1.8439;-2.29793;
-16.7049;-1.15561;-6.7695;-0.849041;-2.50795;
-16.8037;-0.987907;-6.89991;-1.30412;-2.2191;
-16.9086;-1.04874;-7.02156;-1.21657;-2.28225;
-17.0505;-1.41921;-7.15067;-1.29103;-2.40346;
-17.2027;-1.52214;-7.2921;-1.41431;-2.3929;
-17.2997;-0.970155;-7.43694;-1.44841;-2.16097;
-17.4368;-1.37086;-7.63307;-1.96128;-2.18082;
-17.562;-1.25167;-7.80023;-1.67167;-2.2135;
-17.815;-2.5303;-7.8433;-0.430652;-2.97301;
-18.019;-2.04001;-7.84912;-0.0582215;-3.11306;
-18.2157;-1.96695;-7.85951;-0.103857;-3.08884;
-18.438;-2.22293;-7.8713;-0.117936;-3.08859;
-18.6484;-2.10379;-7.83462;0.366811;2.96897;
-18.9307;-2.82384;-7.74893;0.856864;2.84698;
-19.1304;-1.99615;-7.6971;0.51838;2.88752;
-19.338;-2.07672;-7.65328;0.438175;2.93365;
-19.5326;-1.94581;-7.61661;0.366638;2.95535;
-19.7542;-2.21564;-7.58145;0.351607;2.98421;
-19.9327;-1.78484;-7.65767;-0.76213;-2.73803;
-20.1215;-1.88814;-7.70818;-0.505174;-2.88016;
-20.3425;-2.21049;-7.75253;-0.443503;-2.94359;
-20.5365;-1.93982;-7.79933;-0.467944;-2.90488;
-20.7672;-2.30708;-7.84976;-0.504329;-2.92638;
-20.9537;-1.86516;-7.90477;-0.550101;-2.85479;
-21.1998;-2.46062;-8.00428;-0.995125;-2.75728;
-21.4491;-2.49343;-8.06485;-0.605656;-2.90331;
-21.6551;-2.05982;-8.12336;-0.58513;-2.86482;
-21.8528;-1.97643;-8.20355;-0.801837;-2.75618;
-22.0325;-1.79754;-8.25871;-0.55159;-2.84386;
-22.2286;-1.96104;-8.29173;-0.330238;-2.97476;
-22.462;-2.33413;-8.36969;-0.779563;-2.81926;
-22.6615;-1.99504;-8.37847;-0.0878316;-3.0976;
-22.8477;-1.86206;-8.38629;-0.0782507;-3.09959;
-23.1034;-2.55702;-8.38607;0.0022904;3.1407;
-23.3049;-2.01432;-8.37043;0.156303;3.06415;
-23.4447;-1.39781;-8.3449;0.255352;2.9609;
-23.6358;-1.9118;-8.2604;0.845017;2.72541;
-23.8181;-1.82235;-8.18381;0.765872;2.74374;
-24.0118;-1.93756;-8.12191;0.618972;2.83238;
-24.1693;-1.57521;-8.12935;-0.0743853;-3.09441;
-24.3514;-1.82071;-8.09361;0.3574;2.94776;
-24.5381;-1.86724;-7.99326;1.00348;2.64846;
-24.7186;-1.8045;-7.88153;1.11731;2.58719;
-24.9083;-1.89737;-7.80423;0.773011;2.75471;
-25.0656;-1.57294;-7.74096;0.632724;2.75914;
-25.222;-1.56375;-7.64712;0.938395;2.6011;
-25.3609;-1.38884;-7.54526;1.0186;2.50879;
-25.5147;-1.53798;-7.48278;0.62479;2.75572;
-25.7057;-1.9101;-7.46089;0.218906;3.02749;
-25.94;-2.34365;-7.3855;0.753893;2.83037;
-26.1861;-2.46036;-7.31278;0.72716;2.85422;
-26.3851;-1.98986;-7.32463;-0.118481;-3.08212;
-26.5819;-1.96821;-7.38659;-0.619526;-2.83664;
-26.8244;-2.42555;-7.3934;-0.0681937;-3.11349;
-27.0293;-2.04897;-7.41529;-0.218859;-3.03518;
-27.2459;-2.16594;-7.45495;-0.396575;-2.9605;
-27.4955;-2.49559;-7.52448;-0.695343;-2.86986;
-27.6793;-1.83824;-7.54938;-0.248959;-3.00698;
-27.8197;-1.40342;-7.57175;-0.223691;-2.98353;
-28.0142;-1.94566;-7.6524;-0.806525;-2.74863;
-28.2398;-2.25548;-7.76718;-1.14781;-2.67085;
-28.4122;-1.72395;-7.93949;-1.72306;-2.35645;
-28.5582;-1.46068;-8.05781;-1.18318;-2.46077;
-28.7353;-1.77096;-8.21294;-1.55138;-2.42219;
-28.8574;-1.22027;-8.42737;-2.14431;-2.08817;
-28.855;0.0238616;-8.64766;-2.20284;-1.55996;
-28.8426;0.123516;-8.83582;-1.88165;-1.50525;
-28.8972;-0.545801;-9.01198;-1.76158;-1.87125;
-28.9568;-0.595939;-9.20466;-1.92683;-1.87075;
-29.0189;-0.62113;-9.33509;-1.30428;-2.01524;
-29.1286;-1.09651;-9.52889;-1.93802;-2.08568;
-29.223;-0.9448;-9.674;-1.45107;-2.14795;
-29.2818;-0.587655;-9.85416;-1.80163;-1.8861;
-29.3486;-0.668387;-10.0459;-1.91718;-1.90625;
-29.4167;-0.680716;-10.2297;-1.83808;-1.92548;
-29.4849;-0.681493;-10.407;-1.77308;-1.93774;
-29.5243;-0.393884;-10.5391;-1.32124;-1.86052;
-29.5895;-0.65283;-10.7259;-1.86817;-1.90698;
-29.6316;-0.420245;-10.9604;-2.34466;-1.74815;
-29.7015;-0.699485;-11.1826;-2.2224;-1.87572;
-29.7472;-0.456601;-11.4028;-2.20189;-1.77527;
-29.7423;0.0482805;-11.5691;-1.66285;-1.54177;
-29.7363;0.0602944;-11.7723;-2.03224;-1.54114;
-29.755;-0.186856;-11.963;-1.90667;-1.66849;
-29.7655;-0.104689;-12.1346;-1.71598;-1.63173;
-29.813;-0.475562;-12.3322;-1.97599;-1.80698;
-29.8526;-0.396103;-12.5187;-1.86478;-1.7801;
-29.8839;-0.312255;-12.7354;-2.16736;-1.71388;
-29.908;-0.241654;-12.8942;-1.58814;-1.7218;
-29.9361;-0.280989;-13.0862;-1.92003;-1.71611;
-29.9558;-0.196799;-13.2793;-1.93037;-1.67239;
-29.9805;-0.246503;-13.4857;-2.06434;-1.68964;

29.9614;-0.581319;-13.6872;-2.015;-1.85167;
29.8648;-0.965678;-13.851;-1.63789;-2.10352;
29.7441;-1.20768;-14.0198;-1.68784;-2.19186;
29.6284;-1.15665;-14.2105;-1.90702;-2.116;
29.5132;-1.15224;-14.3934;-1.82954;-2.13284;
29.3643;-1.48885;-14.5891;-1.95712;-2.22113;
29.2531;-1.11228;-14.7569;-1.6776;-2.15627;
29.1506;-1.02505;-14.9257;-1.68779;-2.11659;
29.0569;-0.936859;-15.0745;-1.48784;-2.13275;
28.9792;-0.776791;-15.2583;-1.83806;-1.97064;
28.9155;-0.637104;-15.4567;-1.98424;-1.88148;
28.8613;-0.541836;-15.6139;-1.57244;-1.90264;
28.8094;-0.519302;-15.8146;-2.00688;-1.824;
28.8034;-0.0594163;-15.9956;-1.80975;-1.60362;
28.8063;0.0288429;-16.1966;-2.01011;-1.55645;
28.833;0.267055;-16.3765;-1.79889;-1.42342;
28.8902;0.572148;-16.5517;-1.75179;-1.25511;
28.9488;0.585441;-16.7371;-1.85458;-1.26502;
29.0018;0.530294;-16.9311;-1.93907;-1.30384;
29.0422;0.403817;-17.1175;-1.86495;-1.35756;
29.0401;-0.0205796;-17.3512;-2.33674;-1.5796;
29.0643;0.24207;-17.5552;-2.03937;-1.45265;
29.0576;-0.0677294;-17.7615;-2.06313;-1.60361;
29.0408;-0.167896;-17.9573;-1.95828;-1.65632;
29.0144;-0.263586;-18.1611;-2.038;-1.69942;
28.9853;-0.291503;-18.3916;-2.30476;-1.69661;
28.9633;-0.219756;-18.547;-1.55392;-1.71129;
28.8866;-0.767408;-18.7561;-2.09137;-1.92248;
28.871;-0.155336;-18.9197;-1.63554;-1.66549;
28.8602;-0.107912;-19.128;-2.08382;-1.62254;
28.8324;-0.278145;-19.317;-1.88935;-1.71696;
28.7856;-0.468325;-19.5039;-1.86909;-1.8163;
28.8022;0.16622;-19.697;-1.93092;-1.48492;
28.7622;-0.399779;-19.9089;-2.1196;-1.75722;
28.72;-0.422727;-20.0945;-1.85579;-1.79476;
28.6441;-0.758777;-20.2429;-1.48411;-2.04342;
28.5818;-0.622577;-20.4342;-1.9129;-1.88545;
28.5013;-0.805167;-20.6235;-1.89312;-1.97293;
28.4001;-1.01224;-20.7999;-1.76356;-2.09186;
28.2575;-1.42601;-20.9816;-1.81735;-2.23612;
28.1579;-0.996067;-21.1856;-2.03951;-2.02511;
28.05;-1.07829;-21.3851;-1.99516;-2.06628;
27.9506;-0.994501;-21.5413;-1.56213;-2.13771;
27.8607;-0.898832;-21.7178;-1.76509;-2.0418;
27.756;-1.04724;-21.8623;-1.4446;-2.19806;
27.6341;-1.21871;-22.0156;-1.53289;-2.24251;
27.4787;-1.55433;-22.1481;-1.32525;-2.43558;
27.3243;-1.54345;-22.2527;-1.04662;-2.54572;
27.1987;-1.25623;-22.3618;-1.09074;-2.42659;
27.037;-1.61723;-22.4878;-1.25931;-2.47999;
26.8945;-1.42476;-22.5686;-0.808488;-2.62545;
26.7676;-1.26964;-22.649;-0.80401;-2.57708;
26.6001;-1.67412;-22.7469;-0.978717;-2.61256;
26.4275;-1.72673;-22.8447;-0.977921;-2.62629;
26.2318;-1.95634;-22.939;-0.943132;-2.69238;
26.0397;-1.92123;-23.0084;-0.694221;-2.79485;
25.8349;-2.04839;-23.0632;-0.548208;-2.88009;
25.6334;-2.015;-23.0738;-0.105769;-3.08915;
25.4119;-2.21484;-23.132;-0.581978;-2.88464;
25.1966;-2.15247;-23.1956;-0.636413;-2.85412;
25.0288;-1.67799;-23.3149;-1.19284;-2.52361;
24.9027;-1.26164;-23.4293;-1.14358;-2.40524;
24.7546;-1.4805;-23.5615;-1.32236;-2.41256;
24.6033;-1.51316;-23.6942;-1.3268;-2.42172;
24.4544;-1.48925;-23.8203;-1.26062;-2.43915;
24.2755;-1.7893;-23.9382;-1.17993;-2.55861;
24.0756;-1.99879;-24.0715;-1.33286;-2.55347;
23.8847;-1.9083;-24.263;-1.9146;-2.35455;
23.7325;-1.52276;-24.4054;-1.4238;-2.38977;
23.582;-1.50464;-24.5349;-1.29512;-2.43089;
23.423;-1.58961;-24.6599;-1.24974;-2.47533;
23.2783;-1.44707;-24.7387;-0.788312;-2.64278;
23.1005;-1.77877;-24.8286;-0.899451;-2.67343;
22.8831;-2.17341;-24.9057;-0.770693;-2.80083;
22.7231;-1.60019;-24.9455;-0.397908;-2.89787;
22.5271;-1.95984;-24.9886;-0.431429;-2.92491;
22.3185;-2.08597;-25.0381;-0.495042;-2.90858;
22.1257;-1.92824;-25.0904;-0.522887;-2.87679;
21.9342;-1.91534;-25.1452;-0.547813;-2.86302;
21.7375;-1.96646;-25.2067;-0.614551;-2.83869;
21.5584;-1.79154;-25.2809;-0.742083;-2.74889;
21.3838;-1.74594;-25.3598;-0.78875;-2.71727;
21.2309;-1.5285;-25.3773;-0.175112;-3.02753;
21.0049;-2.26003;-25.3792;-0.019114;-3.13314;
20.7999;-2.05016;-25.3804;-0.0123122;-3.13559;
20.6024;-1.97479;-25.3397;0.406703;2.93848;
20.4025;-1.99884;-25.3177;0.220694;3.03163;
20.163;-2.39549;-25.2694;0.482423;2.94286;
19.9558;-2.07171;-25.2028;0.666237;2.83045;
19.7551;-2.0067;-25.1238;0.790165;2.76647;
19.5612;-1.93956;-25.0459;0.778974;2.75969;
19.3826;-1.78551;-24.9767;0.692227;2.77174;
19.1815;-2.01165;-24.8781;0.985375;2.68611;
19.0151;-1.66336;-24.8373;0.408158;2.90096;
18.8697;-1.45412;-24.7625;0.748184;2.66639;
18.6881;-1.81579;-24.6696;0.928609;2.66886;
18.5109;-1.77257;-24.5775;0.920895;2.66245;
18.3146;-1.9625;-24.4922;0.852946;2.7316;
18.103;-2.11625;-24.4302;0.620896;2.85621;
17.9331;-1.69944;-24.3767;0.535027;2.83659;
17.7432;-1.89877;-24.3242;0.524727;2.87197;
17.5496;-1.93548;-24.2744;0.497419;2.89004;
17.4188;-1.30811;-24.2263;0.481529;2.78888;
17.2266;-1.92204;-24.1487;0.775484;2.7581;
17.0232;-2.03397;-24.0679;0.808399;2.76329;
16.8404;-1.82826;-23.9745;0.933744;2.6694;
16.6526;-1.87856;-23.8698;1.04753;2.63292;
16.5079;-1.44649;-23.763;1.068;2.5056;
16.3603;-1.47564;-23.6544;1.08603;2.50713;
16.2246;-1.35702;-23.5526;1.01729;2.49832;
16.0618;-1.62869;-23.4805;0.72187;2.72439;
15.8518;-2.10017;-23.4338;0.466689;2.92293;
15.6625;-1.89209;-23.3835;0.502895;2.88181;
15.4413;-2.21222;-23.362;0.215267;3.04459;
15.2485;-1.92846;-23.3408;0.211507;3.03235;
15.0466;-2.01885;-23.3126;0.282429;3.0026;
14.8458;-2.00812;-23.2798;0.328203;2.97959;
14.6473;-1.98464;-23.2433;0.364154;2.96012;
14.4573;-1.89983;-23.2105;0.328179;2.97054;
14.2726;-1.84739;-23.1765;0.340011;2.95958;
14.0809;-1.91722;-23.1429;0.335705;2.96825;
13.8557;-2.25203;-23.0824;0.605919;2.87876;
13.697;-1.58639;-22.9522;1.30119;2.45464;
13.5376;-1.59458;-22.7869;1.65366;2.33801;
13.3448;-1.92722;-22.6768;1.10025;2.62285;
13.2076;-1.37267;-22.6083;0.684989;2.67873;
13.0589;-1.48677;-22.5086;0.997366;2.55071;
12.9184;-1.405;-22.3641;1.4455;2.34199;
12.8665;-0.518583;-22.1298;2.34307;1.78861;
12.9597;0.931385;-21.8996;2.30176;1.1863;
13.034;0.742881;-21.7175;1.82048;1.18335;
13.1425;1.08527;-21.5768;1.40763;0.913997;
13.2728;1.30326;-21.4206;1.5618;0.875394;
13.4391;1.66307;-21.3073;1.13313;0.598096;
13.5976;1.58491;-21.1011;2.06167;0.915403;
13.7239;1.26324;-20.8859;2.15208;1.04;
13.85;1.26063;-20.7884;0.974737;0.658193;
14.0393;1.89277;-20.7327;0.557534;0.286459;
14.2178;1.78498;-20.5646;1.68111;0.755441;
14.3425;1.24718;-20.4049;1.597;0.907777;
14.456;1.13527;-20.2277;1.77179;1.00095;
14.547;0.909354;-20.0244;2.03246;1.15009;
14.6687;1.21711;-19.8267;1.97754;1.01908;
14.7965;1.27853;-19.673;1.53664;0.876828;
14.9286;1.32086;-19.49;1.83031;0.94568;
15.0649;1.36311;-19.3379;1.52093;0.840064;
15.2097;1.44725;-19.1806;1.57253;0.82686;
15.3183;1.08599;-19.0296;1.50997;0.947293;
15.4337;1.15456;-18.8757;1.53973;0.927395;
15.5732;1.39522;-18.7058;1.69834;0.883071;
15.7027;1.29457;-18.5546;1.512;0.862713;
15.965;2.62358;-18.4174;1.37195;0.481822;
16.1015;1.36504;-18.2487;1.68701;0.890503;
16.1394;0.378362;-18.0422;2.06546;1.38962;
16.2425;1.03128;-17.8584;1.83839;1.05957;
16.3476;1.05042;-17.6934;1.64979;1.00383;
16.4414;0.938639;-17.5233;1.7005;1.06644;
16.5299;0.885095;-17.3233;2.00037;1.15423;
16.5869;0.569489;-17.1362;1.87077;1.27529;
16.6428;0.559122;-16.9315;2.04726;1.30419;
16.6895;0.467227;-16.7384;1.93115;1.33342;
16.7314;0.419222;-16.5426;1.958;1.35987;
16.7209;-0.105715;-16.3631;1.79486;1.62963;
16.6682;-0.526882;-16.1844;1.78655;1.85758;
16.6035;-0.647056;-16.0151;1.69336;1.93579;
16.5835;-0.199905;-15.8499;1.65189;1.69123;
16.5752;-0.0830478;-15.6505;1.99415;1.61242;
16.5955;0.202984;-15.4273;2.23178;1.48009;
16.5645;-0.310163;-15.2537;1.73607;1.74759;
16.5595;-0.0490736;-15.0645;1.89234;1.59672;
16.5289;-0.306823;-14.8684;1.96122;1.72598;
16.5162;-0.126686;-14.641;2.27394;1.62645;
16.522;0.0575654;-14.4681;1.72877;1.53751;
16.5477;0.257239;-14.2577;2.10419;1.44915;
16.6085;0.608159;-14.0742;1.83432;1.25066;
16.6181;0.0959451;-13.8601;2.14083;1.52601;
16.6318;0.137369;-13.6187;2.41427;1.51396;
16.6197;-0.121724;-13.3695;2.49267;1.61959;
16.6155;-0.0415381;-13.1661;2.03308;1.59122;
16.6407;0.251531;-12.9688;1.97388;1.44405;
16.7505;1.09852;-12.7675;2.01279;1.0712;
16.7405;-0.0997578;-12.5318;2.35685;1.6131;
16.7096;-0.309157;-12.2959;2.35848;1.70114;
16.675;-0.345874;-12.0999;1.96062;1.74541;
16.5977;-0.773404;-11.8958;2.04074;1.93305;
16.5303;-0.673481;-11.7106;1.85229;1.91953;
16.473;-0.573451;-11.5141;1.96497;1.85475;
16.4451;-0.279171;-11.3485;1.65594;1.73781;
16.4272;-0.178493;-11.125;2.23475;1.6505;
16.4461;0.188778;-10.9333;1.91743;1.47266;
16.4219;-0.241733;-10.7227;2.1052;1.68512;
16.4055;-0.164514;-10.5467;1.76055;1.66397;
16.4155;0.100241;-10.3567;1.9004;1.5181;
16.3853;-0.302433;-10.1726;1.84052;1.73366;
16.3283;-0.569369;-9.96537;2.07226;1.83894;
16.3517;0.233764;-9.79355;1.71823;1.43558;
16.3357;-0.159627;-9.6014;1.92155;1.65368;
16.2662;-0.695377;-9.33736;2.64035;1.82831;
16.2376;-0.2863;-9.14191;1.95456;1.71624;
16.1742;-0.633415;-8.90182;2.40091;1.82874;
16.0993;-0.748984;-8.67753;2.24287;1.89309;
16.048;-0.51366;-8.4828;1.94731;1.8287;
15.9514;-0.965328;-8.31091;1.71887;2.08251;
15.8999;-0.514837;-8.10966;2.0125;1.82124;
15.8517;-0.482868;-7.94992;1.59743;1.86434;
15.7843;-0.673666;-7.76152;1.88394;1.91421;
15.6693;-1.1496;-7.58954;1.7198;2.16003;
15.5978;-0.715396;-7.42042;1.69125;1.97097;
15.5016;-0.961602;-7.2398;1.8062;2.06002;
15.4166;-0.850401;-7.03176;2.08037;1.95884;
15.3706;-0.459542;-6.84985;1.81908;1.81824;
15.3038;-0.668371;-6.65338;1.96474;1.8987;
15.2164;-0.87425;-6.47546;1.77914;2.02753;
15.1083;-1.08117;-6.2976;1.77861;2.11698;
15.0573;-0.509174;-6.13639;1.61217;1.87671;
14.9975;-0.598487;-5.91365;2.22735;1.8333;
14.9504;-0.471293;-5.77816;1.35486;1.90556;
14.8911;-0.592658;-5.57648;2.01685;1.8566;
14.7941;-0.969694;-5.37983;1.96647;2.02892;
14.7281;-0.659903;-5.17831;2.01524;1.88725;
14.5983;-1.29831;-4.96773;2.10583;2.12328;
14.5388;-0.595094;-4.7547;2.13025;1.84321;
14.4563;-0.825286;-4.56217;1.92535;1.97575;
14.403;-0.53278;-4.32266;2.39506;1.78968;
14.3062;-0.968241;-4.15228;1.70375;2.08758;
14.2235;-0.826715;-3.97627;1.76011;2.00991;
14.166;-0.574726;-3.80366;1.72613;1.89221;
14.0855;-0.805619;-3.65259;1.51072;2.0607;
14.014;-0.71421;-3.53073;1.21857;2.10094;
13.8863;-1.27714;-3.30515;2.25577;2.08597;
13.8075;-0.787807;-3.16345;1.41708;2.07819;
13.7463;-0.611992;-2.98311;1.80336;1.89796;
13.6825;-0.638635;-2.79131;1.91805;1.89221;
13.6722;-0.103158;-2.59541;1.95893;1.62341;
13.5692;-1.02967;-2.39795;1.97466;2.05145;
13.4732;-0.960068;-2.24237;1.55579;2.12369;
13.4041;-0.691185;-2.12301;1.1936;2.09569;
13.3056;-0.98445;-1.94806;1.74949;2.08334;
13.2069;-0.98738;-1.8443;1.03762;2.33139;
13.0978;-1.09045;-1.65327;1.91031;2.08949;
12.9815;-1.16303;-1.4943;1.58964;2.20243;
12.8185;-1.63019;-1.36799;1.26313;2.48239;
12.682;-1.36532;-1.21718;1.50804;2.30657;
12.539;-1.42967;-1.00846;2.08721;2.17136;
12.3773;-1.61697;-0.873576;1.34889;2.44634;
12.238;-1.39321;-0.756656;1.1692;2.44339;
12.0653;-1.72667;-0.607465;1.49191;2.429;
11.9372;-1.28127;-0.478027;1.29438;2.3511;
11.7475;-1.89681;-0.34603;1.31997;2.53363;
11.5947;-1.52869;-0.172283;1.73746;2.29236;
11.4705;-1.24158;-0.0632706;1.09013;2.42106;
11.3199;-1.50627;0.0591249;1.22395;2.45923;
11.144;-1.75925;0.157727;0.986018;2.63074;
10.9748;-1.69134;0.231156;0.734291;2.732;
10.8253;-1.49501;0.405167;1.74011;2.28058;
10.7592;-0.660872;0.563407;1.5824;1.96642;
10.6422;-1.17073;0.703827;1.4042;2.26577;
10.5429;-0.992774;0.851101;1.47274;2.16393;
10.3637;-1.79209;0.995875;1.44773;2.46208;
10.2157;-1.47983;1.11786;1.21986;2.45219;
10.1183;-0.974239;1.21626;0.98403;2.35119;
9.96641;-1.5186;1.33799;1.21731;2.46588;
9.77633;-1.90081;1.453;1.15003;2.59749;
9.58313;-1.932;1.50758;0.545855;2.86624;
9.33824;-2.44882;1.65382;1.46237;2.60326;
9.17303;-1.65214;1.76888;1.1506;2.53327;
9.01287;-1.60158;1.8324;0.635241;2.76399;
8.81502;-1.97852;1.9375;1.05092;2.65333;
8.63002;-1.85003;2.02353;0.860327;2.70631;
8.4014;-2.28617;2.09131;0.677773;2.85338;
8.23865;-1.62754;2.1848;0.934908;2.62019;
8.09856;-1.40088;2.28099;0.9619;2.53989;
7.88188;-2.16681;2.35585;0.748682;2.80891;
7.72364;-1.5824;2.4242;0.683486;2.73387;
7.55787;-1.65766;2.55685;1.32642;2.46675;
7.37011;-1.87757;2.64674;0.898962;2.69506;
7.19411;-1.76003;2.73623;0.894842;2.67123;
6.98674;-2.07366;2.84953;1.13305;2.64152;
6.81278;-1.73962;2.94052;0.909924;2.65967;
6.65438;-1.58399;3.03885;0.983234;2.58607;
6.48629;-1.68089;3.10572;0.66877;2.76293;
6.32271;-1.63582;3.208;1.02273;2.58284;
6.07903;-2.43684;3.26873;0.607318;2.89734;
5.90861;-1.70414;3.41373;1.44999;2.4366;
5.76122;-1.47394;3.50861;0.948832;2.56963;
5.64109;-1.20132;3.67047;1.61861;2.20928;
5.54335;-0.977417;3.84949;1.79019;2.07055;
5.44823;-0.95114;4.04107;1.91575;2.03163;
5.35798;-0.902525;4.23577;1.947;2.00486;
5.24386;-1.14121;4.4631;2.27337;2.03603;
5.13353;-1.10332;4.64049;1.77388;2.12722;
4.95293;-1.80599;4.78374;1.43248;2.47102;
4.77836;-1.74572;4.86233;0.785941;2.71856;
4.58362;-1.94734;4.90169;0.393528;2.94219;
4.38046;-2.03162;4.91699;0.153065;3.06639;
4.19235;-1.88113;4.90616;-0.10837;-3.08405;
4.02407;-1.68274;4.88942;-0.167402;-3.04244;
3.77342;-2.50649;4.96437;0.74956;2.85101;
3.57484;-1.98582;4.95193;-0.124402;-3.07903;
3.37863;-1.96208;4.90008;-0.518514;-2.88323;
3.19376;-1.84868;4.84332;-0.567562;-2.84372;
2.9974;-1.9636;4.75222;-0.911018;-2.7072;
2.7624;-2.35007;4.63358;-1.18647;-2.67406;
2.57443;-1.87971;4.57117;-0.624084;-2.82103;
2.39193;-1.82494;4.53132;-0.39849;-2.92661;
2.17446;-2.17471;4.50672;-0.245969;-3.02897;
1.98183;-1.92628;4.54243;0.357096;2.95829;
1.81108;-1.70754;4.58242;0.399946;2.91152;
1.57212;-2.3896;4.65019;0.677662;2.86526;
1.36753;-2.04591;4.69708;0.468877;2.9163;
1.1587;-2.08829;4.79409;0.970153;2.70669;
0.986533;-1.72167;4.90099;1.06899;2.58594;
0.843417;-1.43115;5.04935;1.48361;2.3382;
0.737028;-1.06389;5.22487;1.75517;2.11572;
0.661352;-0.756757;5.4063;1.81427;1.96597;
0.589636;-0.717168;5.61026;2.03957;1.90892;
0.572568;-0.170673;5.82884;2.18583;1.64872;
0.577051;0.0448268;5.99523;1.66389;1.54386;
0.614168;0.371172;6.1918;1.96574;1.38417;
0.63027;0.161022;6.37849;1.86693;1.48476;
0.643887;0.136163;6.57915;2.00651;1.50304;
0.634782;-0.0910446;6.7762;1.97053;1.61697;
0.62695;-0.0783277;6.97424;1.98037;1.61033;
0.633713;0.0676316;7.19761;2.23372;1.54053;
0.653266;0.195532;7.41023;2.12624;1.47909;
0.663608;0.103425;7.57189;1.61659;1.50691;
0.689124;0.255157;7.76358;1.91688;1.43846;
0.6937;0.0457625;7.98582;2.22243;1.55021;
0.723018;0.293176;8.16542;1.79598;1.40898;
0.712387;-0.106308;8.36072;1.95303;1.62518;
0.710158;-0.0222916;8.55092;1.90193;1.58252;
0.636484;-0.736741;8.71363;1.62709;1.99597;
0.603122;-0.333614;8.94865;2.3502;1.71181;
0.589917;-0.132058;9.14685;1.98201;1.63733;
0.573658;-0.162589;9.35541;2.0856;1.6486;
0.564326;-0.0933186;9.55695;2.0154;1.61707;
0.599468;0.351425;9.76911;2.12167;1.40665;
0.586445;-0.130234;9.9621;1.92988;1.63818;
0.597702;0.112568;10.1615;1.99421;1.51441;
0.619606;0.219045;10.3541;1.92616;1.45756;
0.679859;0.602528;10.5438;1.89682;1.26323;
0.751868;0.720086;10.7124;1.68583;1.16711;
0.829015;0.771479;10.8747;1.62288;1.12704;
0.880287;0.512717;11.1166;2.41923;1.36195;
0.940752;0.604645;11.3037;1.87062;1.25816;
1.0596;1.18851;11.4204;1.16722;0.77636;
1.23348;1.73876;11.5774;1.57043;0.734576;
1.31022;0.767457;11.6551;0.777004;0.79158;
1.47722;1.66994;11.7755;1.20346;0.624458;
1.70102;2.23798;11.8907;1.15164;0.47525;
1.8897;1.88684;11.9456;0.549045;0.283166;
2.0857;1.96;11.9722;0.26673;0.135256;
2.28461;1.98907;11.9553;-0.169316;-0.0849186;
2.45654;1.71931;11.9319;-0.233479;-0.134972;
2.67521;2.18667;11.8488;-0.83141;-0.363336;
2.83007;1.54868;11.7658;-0.830101;-0.492036;
2.94246;1.1239;11.627;-1.38817;-0.890212;
3.09148;1.49013;11.4887;-1.383;-0.748127;
3.29856;2.07087;11.3421;-1.46588;-0.615982;
3.46723;1.68662;11.2603;-0.818393;-0.451759;
3.6387;1.71471;11.1998;-0.604543;-0.338956;
3.8311;1.92404;11.1249;-0.748604;-0.371057;
4.01383;1.82727;11.0496;-0.753805;-0.391261;
4.20899;1.95162;10.9663;-0.832188;-0.403063;
4.46642;2.57435;10.8509;-1.15406;-0.421431;
4.64389;1.77465;10.7536;-0.973575;-0.501768;
4.84309;1.992;10.6422;-1.11367;-0.509783;
5.01152;1.68428;10.5933;-0.489426;-0.282796;
5.21679;2.05274;10.5489;-0.443564;-0.212812;
5.35792;1.4113;10.5131;-0.358473;-0.248742;
5.5439;1.8598;10.4607;-0.523178;-0.274221;
5.76307;2.19172;10.4437;-0.170957;-0.0778438;
5.98834;2.25262;10.4509;0.0722554;0.0320652;
6.20034;2.12007;10.452;0.011104;0.00523749;
6.38556;1.85215;10.4531;0.0109239;0.00589787;
6.57826;1.92702;10.5328;0.797211;0.392262;
6.77189;1.9363;10.597;0.642441;0.32036;
6.94578;1.73894;10.6393;0.422947;0.238589;
7.14289;1.97105;10.663;0.236292;0.119312;
7.335;1.92112;10.693;0.300373;0.155097;
7.59698;2.61979;10.7327;0.396963;0.150381;
7.77302;1.76043;10.7645;0.318416;0.17894;
7.98256;2.0954;10.8205;0.559709;0.261019;
8.15436;1.71799;10.8859;0.653502;0.363485;
8.2964;1.42043;10.999;1.13121;0.672533;
8.46275;1.66347;11.1061;1.071;0.572027;
8.68272;2.19973;11.2135;1.07423;0.454282;
8.86028;1.77555;11.3048;0.913365;0.475111;
9.03019;1.69916;11.4102;1.05352;0.555014;
9.20354;1.73341;11.5088;0.985793;0.517087;
9.37948;1.75943;11.6014;0.926682;0.484774;
9.5241;1.44626;11.6738;0.723525;0.463867;
9.70151;1.77403;11.7593;0.854596;0.448923;
9.82728;1.25771;11.8579;0.986178;0.664974;
9.9804;1.53119;11.9752;1.17356;0.653939;
10.1224;1.42012;12.0963;1.21102;0.706094;
10.3202;1.97797;12.2238;1.27481;0.572503;
10.4578;1.37602;12.331;1.07226;0.661959;
10.6003;1.42449;12.4415;1.10459;0.659578;
10.7152;1.14969;12.5717;1.30231;0.84756;
10.8355;1.20263;12.7341;1.62408;0.9334;
10.9903;1.54828;12.8734;1.39254;0.732488;
11.1265;1.36231;13.0017;1.28317;0.755491;
11.308;1.81465;13.1342;1.32468;0.630574;
11.4412;1.33143;13.2832;1.48994;0.841523;
11.5689;1.27755;13.4147;1.31575;0.800128;
11.7547;1.85778;13.5864;1.71614;0.745788;
11.871;1.16277;13.7193;1.32977;0.852296;
12.0199;1.48914;13.8715;1.5215;0.796146;
12.1731;1.53266;13.9998;1.28347;0.697143;
12.3468;1.73622;14.1465;1.46647;0.70137;
12.3941;0.473322;14.3126;1.66104;1.2932;
12.4028;0.0869113;14.535;2.22436;1.53174;
12.3928;-0.0997914;14.7514;2.16357;1.61689;
12.3869;-0.0595452;14.939;1.87656;1.60252;
12.3897;0.0284382;15.1455;2.06458;1.55702;
12.41;0.202594;15.3585;2.1298;1.47596;
12.472;0.62038;15.5368;1.78315;1.23598;
12.6118;1.39814;15.7169;1.80142;0.91078;
12.7336;1.21751;15.8814;1.6447;0.933555;
12.8559;1.22304;16.0421;1.6075;0.9204;
12.9802;1.24317;16.1721;1.2993;0.807469;
13.1314;1.51168;16.2999;1.2783;0.701942;
13.2537;1.22329;16.4517;1.5176;0.892366;
13.3973;1.4363;16.6185;1.66854;0.860058;
13.5389;1.41604;16.7154;0.968688;0.599962;
13.6865;1.47584;16.8594;1.4399;0.773071;
13.8084;1.21896;17.001;1.41637;0.86017;
13.919;1.10645;17.1729;1.71839;0.998731;
14.0005;0.81474;17.4184;2.45503;1.25037;
14.0657;0.652335;17.6458;2.27457;1.2915;
14.122;0.562836;17.8309;1.8504;1.27552;
14.1809;0.588467;18.0184;1.87538;1.26674;
14.1969;0.159901;18.2273;2.08879;1.49439;
14.233;0.360998;18.4275;2.00201;1.3924;
14.2712;0.381871;18.6308;2.03313;1.38514;
14.3339;0.627549;18.8609;2.3014;1.30459;
14.4246;0.907198;19.0515;1.90596;1.12655;
14.4707;0.460904;19.2253;1.73767;1.31152;
14.5146;0.439052;19.404;1.78707;1.32989;
14.576;0.613763;19.618;2.14051;1.29155;
14.6395;0.634534;19.7944;1.76331;1.22537;
14.6781;0.386879;20.0091;2.14715;1.39253;
14.7311;0.529914;20.2643;2.55213;1.36607;
14.7355;0.043163;20.443;1.78673;1.54664;
14.7286;-0.0687255;20.6456;2.02581;1.60471;
14.6653;-0.632708;20.849;2.03425;1.87234;
14.637;-0.282623;21.0173;1.68361;1.73711;
14.6615;0.244314;21.2003;1.82981;1.43806;
14.6286;-0.328498;21.3794;1.79087;1.75221;
14.5727;-0.559214;21.5779;1.98527;1.84536;
14.5606;-0.121182;21.8113;2.33313;1.62269;
14.5555;-0.050728;21.9678;1.56538;1.60319;
14.5504;-0.0510123;22.1682;2.00417;1.59624;
14.4369;-1.13543;22.3929;2.24701;2.03868;
14.4001;-0.367684;22.601;2.08109;1.74567;
14.408;0.0794634;22.7934;1.92338;1.52951;
14.4183;0.102067;22.9863;1.92916;1.51794;
14.4289;0.106596;23.2005;2.14218;1.52108;
14.4383;0.0934914;23.3961;1.95611;1.52304;
14.4674;0.291816;23.586;1.89921;1.41834;
14.5348;0.673585;23.7681;1.8207;1.21645;
14.6863;1.51519;23.9425;1.74377;0.855421;
14.7946;1.08254;24.1095;1.67003;0.995677;
14.934;1.39457;24.3142;2.04761;0.972885;
15.0446;1.10595;24.4477;1.33485;0.878907;
15.1491;1.04489;24.5899;1.42194;0.937074;
15.2978;1.48717;24.774;1.84123;0.891377;
15.4215;1.2366;24.9186;1.44558;0.863156;
15.5335;1.11968;25.0603;1.41714;0.902124;
15.657;1.23546;25.2175;1.57211;0.904736;
15.8005;1.43449;25.3489;1.31349;0.741393;
15.9316;1.31103;25.5011;1.5224;0.85986;
16.0354;1.03794;25.673;1.71864;1.02749;
16.1482;1.1289;25.7989;1.25932;0.839952;
16.2758;1.27538;25.9456;1.46667;0.855047;
16.4001;1.24359;26.0993;1.53695;0.890512;
16.5359;1.3573;26.2472;1.47965;0.828498;
16.6837;1.47837;26.411;1.63759;0.836451;
16.7938;1.10062;26.499;0.880235;0.674594;
16.9466;1.52828;26.6415;1.42529;0.750542;
17.0969;1.50267;26.7517;1.10148;0.632541;
17.3079;2.11056;26.8211;0.694202;0.317772;
17.4948;1.86888;26.8921;0.710219;0.363168;
17.6918;1.96986;26.9763;0.841507;0.403724;
17.9065;2.14725;27.0453;0.690544;0.311148;
18.0978;1.91308;27.1056;0.602173;0.304948;
18.2888;1.90949;27.1706;0.65011;0.328153;
18.4786;1.89832;27.2342;0.635968;0.323265;
18.6412;1.62569;27.286;0.518041;0.308487;
18.8313;1.90091;27.3556;0.696792;0.351349;
19.0182;1.86954;27.4292;0.735651;0.374884;
19.2204;2.02153;27.5003;0.710892;0.338154;
19.461;2.40632;27.5654;0.651359;0.264352;
19.6327;1.71723;27.5901;0.246865;0.14278;
19.8366;2.03855;27.6392;0.490943;0.236329;
20.0146;1.78053;27.62;-0.192249;-0.107556;
20.2187;2.04052;27.6328;0.127843;0.0625706;
20.4066;1.87884;27.6312;-0.0153611;-0.00817566;
20.6263;2.19772;27.6401;0.0890151;0.0404812;
20.8545;2.28185;27.6543;0.141614;0.0619816;
21.0643;2.09755;27.683;0.287267;0.136107;
21.2313;1.66981;27.7156;0.325982;0.192797;
21.4674;2.36085;27.7526;0.370175;0.155531;
21.6742;2.06829;27.8099;0.572644;0.270103;
21.8697;1.95564;27.8554;0.454615;0.228406;
22.0334;1.6361;27.8949;0.39566;0.237275;
22.2568;2.23491;27.928;0.330878;0.146982;
22.4543;1.97403;27.9454;0.174211;0.0880233;
22.6573;2.03019;28.0107;0.652574;0.311004;
22.8734;2.16172;28.1242;1.13508;0.48351;
23.0516;1.78175;28.2144;0.901999;0.468629;
23.2458;1.94182;28.2994;0.849443;0.412365;
23.4425;1.96666;28.3892;0.898167;0.428408;
23.6394;1.96931;28.4528;0.636247;0.312495;
23.8279;1.8855;28.5165;0.637268;0.32593;
24.041;2.13081;28.6245;1.0801;0.469149;
24.2075;1.66483;28.6853;0.607752;0.350022;
24.3931;1.85591;28.7482;0.629317;0.326921;
24.6199;2.26795;28.8031;0.548493;0.237288;
24.7938;1.73872;28.8531;0.500212;0.280125;
24.9882;1.94387;28.9081;0.550283;0.275869;
25.1877;1.99582;28.9746;0.664452;0.321381;
25.364;1.7623;29.0382;0.636258;0.346474;
25.5487;1.84724;29.0998;0.61636;0.32205;
25.7364;1.87686;29.1262;0.263894;0.139688;
25.9448;2.08436;29.1337;0.075098;0.0360137;
26.1647;2.19896;29.1306;-0.0309993;-0.0140963;
26.3998;2.35081;29.163;0.323901;0.13692;
26.5985;1.98675;29.2088;0.457553;0.226356;
26.8253;2.26783;29.211;0.0224643;0.00990531;
27.0135;1.88206;29.1592;-0.518094;-0.268627;
27.1848;1.71358;29.1429;-0.163712;-0.0952492;
27.3979;2.13072;29.1587;0.158523;0.0742617;
27.5835;1.85583;29.1684;0.0964153;0.0519059;
27.7802;1.96691;29.1852;0.168399;0.085408;
27.9683;1.88113;29.1876;0.0236047;0.0125475;
28.2247;2.56462;29.1562;-0.313213;-0.121527;
28.3991;1.74322;29.1086;-0.475855;-0.266483;
28.6114;2.12362;29.0004;-1.08268;-0.471479;
28.784;1.7257;28.9173;-0.831029;-0.448788;
28.9834;1.99424;28.821;-0.962402;-0.449623;
29.1691;1.85698;28.7492;-0.718152;-0.369016;
29.3542;1.8504;28.6787;-0.704696;-0.363876;
29.4935;1.39354;28.6558;-0.229397;-0.163151;
29.6844;1.90862;28.6631;0.0724249;0.037928;
29.8881;2.03702;28.6717;0.086772;0.0425718;

-29.9355;1.76466;28.6268;-0.44953;-0.249435;
-29.7545;1.80968;28.5565;-0.702801;-0.37043;
-29.5373;2.17178;28.4593;-0.972012;-0.420827;
-29.345;1.9233;28.3306;-1.28699;-0.589725;
-29.1808;1.64171;28.2209;-1.09665;-0.588921;
-29.0037;1.77073;28.1154;-1.05579;-0.537653;
-28.7696;2.34123;28.0307;-0.846537;-0.346952;
-28.5861;1.83525;27.9764;-0.543007;-0.287669;
-28.3657;2.20355;27.9232;-0.532244;-0.237;
-28.169;1.96728;27.8747;-0.485211;-0.241814;
-27.9687;2.00338;27.8332;-0.414577;-0.204058;
-27.7837;1.85008;27.7836;-0.496032;-0.261953;
-27.5799;2.03773;27.7277;-0.558588;-0.267551;
-27.3852;1.94654;27.6476;-0.80162;-0.390653;
-27.2487;1.36494;27.5332;-1.1434;-0.697304;
-27.1009;1.47882;27.4365;-0.967572;-0.579382;
-26.9482;1.52667;27.3208;-1.15674;-0.648402;
-26.7918;1.56389;27.2081;-1.12692;-0.624409;
-26.631;1.60856;27.0854;-1.22665;-0.651499;
-26.4671;1.63882;26.9812;-1.04265;-0.566629;
-26.2984;1.68707;26.8738;-1.07342;-0.566656;
-26.1289;1.69484;26.7588;-1.15056;-0.596397;
-25.9624;1.66529;26.6467;-1.12104;-0.592499;
-25.7373;2.25016;26.5297;-1.16944;-0.479295;
-25.5415;1.95846;26.3941;-1.35623;-0.605675;
-25.4081;1.33436;26.2643;-1.29834;-0.771716;
-25.2951;1.12947;26.1013;-1.62962;-0.964724;
-25.2499;0.452279;25.9497;-1.51593;-1.28085;
-25.1874;0.625022;25.737;-2.12704;-1.285;
-25.1288;0.585891;25.5424;-1.94633;-1.2784;
-25.0927;0.360834;25.3718;-1.7059;-1.36235;
-25.0676;0.251313;25.146;-2.25825;-1.45997;
-25.0416;0.259629;24.945;-2.00971;-1.44232;
-25.0357;0.0591805;24.7155;-2.29474;-1.54501;
-25.0705;-0.348072;24.5244;-1.91098;-1.75096;
-25.1197;-0.491641;24.3343;-1.90109;-1.82386;
-25.1724;-0.527581;24.1432;-1.91092;-1.84017;
-25.2135;-0.410663;23.94;-2.03204;-1.7702;
-25.2532;-0.39694;23.7263;-2.13678;-1.75447;
-25.2857;-0.325263;23.5321;-1.9426;-1.73669;
-25.3422;-0.564871;23.3259;-2.0621;-1.83817;
-25.3435;-0.0128867;23.1656;-1.60273;-1.57884;
-25.3276;0.159002;22.9428;-2.2282;-1.49956;
-25.2967;0.309288;22.7366;-2.06156;-1.42188;
-25.2469;0.497202;22.5468;-1.8986;-1.31467;
-25.1991;0.478228;22.3903;-1.56499;-1.27423;
-25.1397;0.593904;22.2016;-1.88659;-1.26582;
-25.0771;0.625749;21.9899;-2.11676;-1.28337;
-25.0182;0.5892;21.7933;-1.96673;-1.27972;
-24.9641;0.540839;21.5819;-2.11382;-1.32031;
-24.9046;0.595327;21.3667;-2.15201;-1.30091;
-24.8461;0.585161;21.1716;-1.95077;-1.27937;
-24.7928;0.533007;20.9826;-1.8902;-1.29595;
-24.7501;0.427412;20.7888;-1.93789;-1.35372;
-24.7264;0.23698;20.5763;-2.12441;-1.4597;
-24.6661;0.602326;20.4117;-1.64631;-1.22006;
-24.5901;0.760326;20.222;-1.89714;-1.18962;
-24.5651;0.24982;20.0231;-1.98881;-1.44584;
-24.5406;0.244805;19.8385;-1.84645;-1.43898;
-24.4929;0.477114;19.6844;-1.54084;-1.27051;
-24.4429;0.500151;19.4888;-1.95582;-1.32044;
-24.387;0.558863;19.2703;-2.18487;-1.32038;
-24.3617;0.252823;19.1044;-1.65874;-1.41954;
-24.3431;0.186668;18.9196;-1.84851;-1.47015;
-24.2759;0.671809;18.7691;-1.50465;-1.15087;
-24.1974;0.784679;18.5726;-1.96532;-1.19093;
-24.1072;0.902586;18.4162;-1.56398;-1.04738;
-24.0531;0.540095;18.2;-2.16184;-1.32598;
-24.0099;0.432251;17.9464;-2.53595;-1.40197;
-24.0008;0.0911559;17.7561;-1.90282;-1.52293;
-23.9877;0.130908;17.5586;-1.97559;-1.50463;
-23.9301;0.576134;17.3647;-1.93915;-1.282;
-23.855;0.751147;17.133;-2.3162;-1.2572;
-23.8048;0.501595;16.9471;-1.85976;-1.30736;
-23.7427;0.621229;16.7658;-1.81321;-1.24072;
-23.6819;0.608504;16.5735;-1.92286;-1.26431;
-23.6254;0.564115;16.3771;-1.96374;-1.29106;
-23.5663;0.591677;16.1846;-1.92533;-1.27265;
-23.5119;0.543322;16.039;-1.45566;-1.21356;
-23.4252;0.867899;15.8374;-2.01555;-1.16419;
-23.3723;0.528396;15.6116;-2.25866;-1.34099;
-23.3261;0.461888;15.4241;-1.87445;-1.3292;
-23.2964;0.297722;15.2207;-2.03459;-1.4255;
-23.2814;0.149309;15.0149;-2.05775;-1.49836;
-23.2826;-0.0116939;14.8232;-1.9171;-1.5769;
-23.2729;0.0972773;14.6489;-1.74237;-1.51502;
-23.264;0.0888645;14.4484;-2.00496;-1.5265;
-23.2707;-0.06731;14.2605;-1.87965;-1.60659;
-23.325;-0.543351;14.0425;-2.17952;-1.81511;
-23.4301;-1.05017;13.8213;-2.21261;-2.01394;
-23.5468;-1.16786;13.6476;-1.73654;-2.16284;
-23.581;-0.341339;13.5268;-1.20802;-1.84618;
-23.6202;-0.392675;13.3191;-2.07694;-1.75766;
-23.618;0.0222385;13.141;-1.78116;-1.55831;
-23.6189;-0.008894;12.9397;-2.01268;-1.57522;
-23.6395;-0.20555;12.7564;-1.83317;-1.68246;
-23.6894;-0.49929;12.5748;-1.81585;-1.83913;
-23.6929;-0.0354341;12.423;-1.51811;-1.59413;
-23.7028;-0.0988603;12.2423;-1.80676;-1.62546;
-23.6989;0.0396945;12.0574;-1.84942;-1.54934;
-23.678;0.208668;11.8756;-1.81837;-1.45654;
-23.673;0.0499904;11.7049;-1.70707;-1.54152;
-23.6631;0.0986817;11.496;-2.08896;-1.52359;
-23.6827;-0.19587;11.2906;-2.05373;-1.66588;
-23.7015;-0.187581;11.0379;-2.52664;-1.6449;
-23.6947;0.0680364;10.8406;-1.97285;-1.53632;
-23.6592;0.354708;10.6505;-1.90175;-1.3864;
-23.6401;0.190483;10.4947;-1.55769;-1.44912;
-23.5718;0.683681;10.2633;-2.31396;-1.28351;
-23.5141;0.576472;10.0742;-1.89146;-1.27496;
-23.4574;0.567735;9.87973;-1.94433;-1.2867;
-23.4155;0.419019;9.70669;-1.73032;-1.33321;
-23.4614;-0.459464;9.4909;-2.15795;-1.78058;
-23.4845;-0.231141;9.26417;-2.26725;-1.67239;
-23.5132;-0.287169;9.05012;-2.14058;-1.70415;
-23.5469;-0.33712;8.87013;-1.79983;-1.75596;
-23.5886;-0.416914;8.68396;-1.86177;-1.7911;
-23.5951;-0.0641552;8.48053;-2.03429;-1.60232;
-23.6096;-0.14567;8.29012;-1.90402;-1.64715;
-23.5968;0.127784;8.07606;-2.14061;-1.51117;
-23.5356;0.612358;7.8775;-1.98565;-1.27166;
-23.4438;0.917909;7.71517;-1.62326;-1.05615;
-23.2932;1.50615;7.49343;-2.21742;-0.974143;
-23.1973;0.959017;7.40202;-0.914107;-0.761427;
-23.0339;1.63405;7.21885;-1.83173;-0.842375;
-22.8988;1.35049;7.06995;-1.48894;-0.834117;
-22.7692;1.29608;6.91773;-1.52223;-0.865467;
-22.6505;1.18752;6.78614;-1.31594;-0.836652;
-22.5483;1.02219;6.6544;-1.31738;-0.910905;
-22.4213;1.26961;6.48431;-1.70089;-0.929577;
-22.3092;1.12086;6.33103;-1.53281;-0.939408;
-22.1942;1.15035;6.17586;-1.5517;-0.932855;
-22.0797;1.14496;6.01292;-1.6294;-0.958266;
-21.9665;1.13223;5.84798;-1.64942;-0.969228;
-21.8441;1.22318;5.67276;-1.75217;-0.96135;
-21.722;1.22097;5.51191;-1.6085;-0.921515;
-21.5746;1.47454;5.31838;-1.93528;-0.919707;
-21.4216;1.53035;5.1259;-1.92484;-0.899081;
-21.3354;0.861972;5.00344;-1.22461;-0.957476;
-21.1988;1.36548;4.82778;-1.75653;-0.910004;
-21.0953;1.03519;4.67341;-1.54372;-0.980085;
-20.9094;1.85847;4.48762;-1.85787;-0.785236;
-20.7678;1.41685;4.34676;-1.40866;-0.782501;
-20.6656;1.02146;4.21276;-1.33997;-0.919468;
-20.5438;1.21787;4.01765;-1.95109;-1.01277;
-20.4657;0.781303;3.80134;-2.16316;-1.22419;
-20.4029;0.627813;3.60866;-1.92672;-1.2558;
-20.3915;0.11395;3.35719;-2.51472;-1.52551;
-20.4223;-0.307785;3.14196;-2.15228;-1.71284;
-20.4477;-0.253622;2.94372;-1.98243;-1.69804;
-20.5063;-0.58608;2.75168;-1.92041;-1.867;
-20.5667;-0.604252;2.55758;-1.94102;-1.87259;
-20.6113;-0.446174;2.34648;-2.11098;-1.77909;
-20.652;-0.407038;2.15036;-1.96119;-1.77544;
-20.6286;0.233947;1.92388;-2.26485;-1.46787;
-20.6058;0.228545;1.7179;-2.05981;-1.46029;
-20.6196;-0.13784;1.50033;-2.17571;-1.63407;
-20.6451;-0.255948;1.30013;-2.00197;-1.69795;
-20.6868;-0.416832;1.10569;-1.9444;-1.78198;
-20.6805;0.0629783;0.954362;-1.51327;-1.5292;
-20.6821;-0.0158853;0.727089;-2.27273;-1.57779;
-20.6653;0.167881;0.53489;-1.92199;-1.48367;
-20.6495;0.15842;0.327639;-2.07251;-1.49451;
-20.6415;0.0801627;0.180509;-1.4713;-1.51637;
-20.66;-0.185706;0.0105517;-1.69958;-1.67963;
-20.6936;-0.335935;-0.191858;-2.02409;-1.73526;
-20.7032;-0.0954337;-0.372296;-1.80438;-1.62364;
-20.7126;-0.0946859;-0.567779;-1.95483;-1.6192;
-20.7605;-0.478685;-0.776546;-2.08768;-1.79619;
-20.7993;-0.38737;-0.97442;-1.97874;-1.76412;
-20.8682;-0.689393;-1.18956;-2.15142;-1.88089;
-20.9266;-0.584545;-1.37931;-1.89746;-1.86964;
-20.9779;-0.512163;-1.52898;-1.49677;-1.90049;
-21.0018;-0.239211;-1.73559;-2.06607;-1.68606;
-21.0164;-0.146422;-1.94717;-2.11578;-1.63989;
-20.9869;0.295578;-2.14535;-1.9818;-1.42274;
-20.9844;0.0243343;-2.33738;-1.9203;-1.55812;
-20.9979;-0.134566;-2.44385;-1.06472;-1.69652;
-21.0158;-0.179362;-2.62998;-1.86125;-1.66687;
-21.0432;-0.273416;-2.85921;-2.29231;-1.68951;
-21.0384;0.0476434;-3.05479;-1.95579;-1.54644;
-21.0206;0.178421;-3.29484;-2.40051;-1.49661;
-21.0524;-0.317912;-3.52188;-2.2704;-1.70992;
-21.0731;-0.207622;-3.77804;-2.56167;-1.65167;
-21.0851;-0.119895;-3.98735;-2.0931;-1.62802;
-21.0625;0.225753;-4.16671;-1.79357;-1.44559;
-21.0321;0.304414;-4.37382;-2.0711;-1.42486;
-20.9643;0.677777;-4.53948;-1.65657;-1.18243;
-20.8904;0.739441;-4.72276;-1.8328;-1.18732;
-20.8199;0.704368;-4.90825;-1.85488;-1.20788;
-20.7517;0.682817;-5.15369;-2.45446;-1.29946;
-20.6401;1.11521;-5.37293;-2.19241;-1.10024;
-20.5294;1.10742;-5.55188;-1.78943;-1.01662;
-20.4437;0.857236;-5.73246;-1.80587;-1.1276;
-20.3287;1.14989;-5.87542;-1.42958;-0.893406;
-20.3005;0.281516;-6.04883;-1.73407;-1.40986;
-20.257;0.434767;-6.23751;-1.88679;-1.34432;
-20.2155;0.415251;-6.42878;-1.91276;-1.35702;
-20.1872;0.283136;-6.62674;-1.9796;-1.42873;
-20.1774;0.0975976;-6.86253;-2.35784;-1.52943;
-20.1497;0.277242;-7.00279;-1.40259;-1.37565;
-20.1442;0.0553292;-7.2055;-2.02715;-1.54351;
-20.0936;0.505899;-7.4478;-2.423;-1.36496;
-20.0642;0.29381;-7.56695;-1.19152;-1.32903;
-19.9959;0.68297;-7.75777;-1.90814;-1.22708;
-19.8851;1.10782;-7.97698;-2.19214;-1.10287;
-19.7043;1.80839;-8.13648;-1.59497;-0.722771;
-19.4805;2.2379;-8.22076;-0.842777;-0.360166;
-19.3314;1.49112;-8.20115;0.196055;0.130732;
-19.1462;1.85203;-8.06491;1.36238;0.634232;
-18.9581;1.88126;-7.97548;0.894317;0.44376;
-18.7846;1.73488;-7.91173;0.637477;0.352134;
-18.5866;1.9797;-7.81191;0.998267;0.467043;
-18.3913;1.95289;-7.76401;0.478926;0.240494;
-18.1951;1.96202;-7.72242;0.415977;0.208921;
-17.9575;2.37632;-7.66227;0.601468;0.247902;
-17.7673;1.90162;-7.60222;0.600478;0.305862;
-17.5783;1.89022;-7.51044;0.917857;0.452046;
-17.3945;1.83841;-7.41861;0.918282;0.463246;
-17.2194;1.75019;-7.31858;1.0003;0.519228;
-17.1089;1.10579;-7.25731;0.612661;0.505948;
-16.9263;1.82526;-7.15367;1.03637;0.5164;
-16.7967;1.29596;-7.02211;1.3156;0.792918;
-16.6638;1.32918;-6.87083;1.51281;0.849921;
-16.5745;0.893769;-6.64716;2.2367;1.19064;
-16.4324;1.42057;-6.47402;1.73142;0.883698;
-16.2759;1.56508;-6.34845;1.25572;0.676164;
-16.1726;1.03254;-6.15248;1.95972;1.08588;
-16.094;0.786306;-5.95983;1.92649;1.18328;
-16.0237;0.703097;-5.7726;1.87233;1.21157;
-15.9285;0.951456;-5.56789;2.04706;1.13571;
-15.8785;0.500167;-5.33985;2.28041;1.35488;
-15.8723;0.0625802;-5.16678;1.73066;1.53465;
-15.7789;0.933666;-4.9873;1.79484;1.09112;
-15.6973;0.81623;-4.79901;1.88288;1.16175;
-15.6631;0.34215;-4.60512;1.93886;1.39612;
-15.6505;0.125849;-4.42911;1.76019;1.49942;
-15.5595;0.909725;-4.23711;1.91997;1.12831;
-15.5887;-0.291799;-4.09385;1.43254;1.77174;
-15.6244;-0.35754;-3.85638;2.37469;1.72024;
-15.5636;0.608632;-3.70123;1.55155;1.19697;
-15.5185;0.450339;-3.51538;1.85846;1.33306;
-15.5009;0.17682;-3.31416;2.0122;1.48315;
-15.4989;0.0195692;-3.11508;1.99085;1.56097;
-15.557;-0.580582;-2.94629;1.68786;1.90209;
-15.5532;0.0372187;-2.77739;1.68903;1.54876;
-15.5676;-0.143851;-2.56571;2.11675;1.63865;
-15.5987;-0.310832;-2.36562;2.00091;1.72491;
-15.6067;-0.0794322;-2.14535;2.20271;1.60684;
-15.6302;-0.2355;-2.02129;1.24058;1.75839;
-15.6801;-0.499356;-1.83386;1.87434;1.83117;
-15.6968;-0.166589;-1.63928;1.94578;1.6562;
-15.7136;-0.167822;-1.44353;1.95753;1.65632;
-15.7281;-0.145329;-1.19227;2.51263;1.62857;
-15.7828;-0.546623;-0.999345;1.92922;1.8469;
-15.7655;0.172378;-0.840347;1.58998;1.4628;
-15.8026;-0.370124;-0.626155;2.14192;1.74191;
-15.8617;-0.591967;-0.4328;1.93355;1.86789;
-15.9281;-0.663464;-0.248483;1.84317;1.91631;
-15.9965;-0.683703;-0.0700858;1.78397;1.93678;
-16.0709;-0.744608;0.149144;2.19229;1.89822;
-16.0934;-0.224443;0.335681;1.86538;1.69054;
-16.1501;-0.567223;0.528033;1.92352;1.85756;
-16.2086;-0.585116;0.703364;1.75331;1.8929;
-16.3254;-1.16766;0.906983;2.03619;2.09147;
-16.3711;-0.457058;1.09705;1.90064;1.80679;
-16.3839;-0.128653;1.28444;1.87397;1.63934;
-16.3551;0.288588;1.46815;1.83702;1.41497;
-16.3762;-0.21093;1.63094;1.62795;1.69965;
-16.3702;0.060147;1.82393;1.92991;1.53964;
-16.3965;-0.263271;1.99188;1.6795;1.72629;
-16.3895;0.0693866;2.21158;2.19695;1.53922;
-16.3642;0.253185;2.41192;2.00346;1.44509;
-16.3397;0.245249;2.59453;1.82607;1.43729;
-16.3248;0.149225;2.82805;2.33519;1.50698;
-16.3452;-0.204414;3.01121;1.83166;1.68194;
-16.3196;0.255924;3.23026;2.19042;1.45449;
-16.3963;-0.766969;3.45277;2.22518;1.90272;
-16.4173;-0.210076;3.6741;2.21321;1.66543;
-16.4123;0.04988;3.80031;1.26214;1.5313;
-16.4651;-0.527381;3.97998;1.79673;1.8563;
-16.4964;-0.313374;4.14634;1.66359;1.75699;
-16.5754;-0.789981;4.33208;1.85742;1.97293;
-16.6161;-0.406683;4.52967;1.97584;1.77379;
-16.6896;-0.735544;4.74364;2.13979;1.90189;
-16.7704;-0.807309;4.92848;1.84831;1.9826;
-16.8639;-0.935256;5.10234;1.73863;2.06432;
-16.9638;-0.999458;5.25511;1.52775;2.15012;
-16.9894;-0.255461;5.40223;1.47116;1.74273;
-17.0922;-1.02799;5.59239;1.90158;2.06639;
-17.2025;-1.10336;5.73367;1.41285;2.23381;
-17.3182;-1.15693;5.87764;1.43962;2.24775;
-17.4641;-1.45885;6.04489;1.67253;2.28806;
-17.5738;-1.09739;6.25728;2.12388;2.04771;
-17.6746;-1.00716;6.41268;1.55405;2.14583;
-17.7548;-0.802116;6.59349;1.80807;1.98834;
-17.8531;-0.98281;6.78636;1.92874;2.04206;
-17.9327;-0.795971;6.96679;1.80431;1.98627;
-17.9908;-0.58149;7.15581;1.8902;1.86924;
-18.0516;-0.607542;7.34815;1.92335;1.87676;
-18.0982;-0.466474;7.51816;1.70009;1.83859;
-18.1807;-0.824667;7.70338;1.85222;1.98968;
-18.3152;-1.34535;7.90463;2.01251;2.16006;
-18.4062;-0.910064;8.0535;1.48869;2.1195;
-18.5425;-1.36271;8.25402;2.00523;2.16769;
-18.6083;-0.658237;8.45169;1.97666;1.89225;
-18.6416;-0.332935;8.6144;1.62709;1.77263;
-18.7216;-0.800379;8.81065;1.9625;1.95804;
-18.8351;-1.13433;9.03791;2.27263;2.03374;
-18.8883;-0.532236;9.24032;2.02414;1.82792;
-18.9394;-0.511528;9.46933;2.29002;1.79056;
-19.0221;-0.826532;9.64842;1.79092;2.00318;
-19.0963;-0.742393;9.85669;2.08268;1.91322;
-19.1772;-0.809066;10.0495;1.92774;1.96817;
-19.2292;-0.520025;10.2165;1.67039;1.8726;
-19.2649;-0.356957;10.399;1.82517;1.76393;
-19.2624;0.0250495;10.597;1.97939;1.55814;
-19.2584;0.0401296;10.8142;2.17197;1.55232;
-19.284;-0.256026;10.9943;1.80149;1.71197;
-19.3232;-0.391723;11.1866;1.92258;1.77179;
-19.383;-0.598232;11.4347;2.48132;1.80738;
-19.4472;-0.641492;11.648;2.13283;1.86296;
-19.5065;-0.593212;11.8297;1.81735;1.88631;
-19.4904;0.161256;12.0531;2.23376;1.49873;
-19.4942;-0.03844;12.2609;2.07848;1.58929;
-19.4755;0.187124;12.4565;1.95525;1.47538;
-19.4673;0.0821702;12.5955;1.39029;1.51176;
-19.4107;0.565851;12.8174;2.21901;1.32112;
-19.3762;0.34504;12.974;1.56608;1.35394;
-19.3158;0.604231;13.1643;1.9034;1.26341;
-19.2431;0.726545;13.3541;1.89775;1.20517;
-19.1701;0.730461;13.5333;1.79194;1.18372;
-19.04;1.30062;13.702;1.68723;0.914077;
-18.9239;1.16087;13.8888;1.8676;1.01466;
-18.8172;1.06676;14.0631;1.74354;1.02172;
-18.7021;1.15179;14.244;1.8089;1.0038;
-18.584;1.18024;14.4005;1.56507;0.924669;
-18.4555;1.28514;14.5396;1.39081;0.824866;
-18.3396;1.15968;14.6706;1.30963;0.846049;
-18.2481;0.914534;14.8393;1.6875;1.07416;
-18.1974;0.507019;15.0117;1.72381;1.28474;
-18.1452;0.521632;15.21;1.9829;1.31356;
-18.0722;0.730087;15.3993;1.89316;1.20273;
-17.9891;0.830903;15.5945;1.95159;1.16828;
-17.9205;0.686818;15.7669;1.72463;1.19181;
-17.8457;0.747104;15.8971;1.30124;1.0496;
-17.7882;0.57566;16.0965;1.99475;1.28984;
-17.6969;0.913194;16.2845;1.87995;1.11861;
-17.6113;0.855621;16.4934;2.08887;1.18203;
-17.4914;1.19946;16.5943;1.00909;0.699416;
-17.3633;1.28046;16.7425;1.48133;0.858001;
-17.2337;1.29588;16.8803;1.37827;0.816197;
-17.05;1.83733;17.0599;1.79619;0.774077;
-16.9605;0.895342;17.1903;1.30432;0.969227;
-16.7942;1.66283;17.378;1.87617;0.845608;
-16.6709;1.23264;17.5299;1.5192;0.889158;
-16.5546;1.1634;17.6967;1.66853;0.961909;
-16.3311;2.23514;17.8064;1.09621;0.455971;
-16.228;1.03046;17.9006;0.942913;0.741065;
-16.1015;1.26504;18.0379;1.37253;0.82613;
-15.9313;1.70179;18.2093;1.71427;0.789051;
-15.7727;1.58637;18.3035;0.941677;0.535704;
-15.6068;1.6584;18.3895;0.860199;0.47849;
-15.4025;2.04321;18.4685;0.789822;0.368866;
-15.2158;1.86734;18.5378;0.692581;0.355164;
-15.0329;1.82932;18.6265;0.887577;0.451733;
-14.8598;1.73094;18.66;0.334981;0.191162;
-14.6708;1.8898;18.7232;0.631484;0.322489;
-14.5011;1.69709;18.8281;1.04911;0.553682;
-14.3411;1.59936;18.9142;0.861092;0.493892;
-14.1912;1.49926;18.993;0.788562;0.484204;
-14.0355;1.55743;19.0698;0.768057;0.458158;
-13.8763;1.59189;19.1465;0.766459;0.44872;
-13.7083;1.67941;19.2443;0.977643;0.527181;
-13.5895;1.1886;19.3699;1.25682;0.813292;
-13.4587;1.30781;19.47;1.00034;0.65297;
-13.2902;1.68524;19.5281;0.58091;0.33195;
-13.0677;2.22508;19.6171;0.890238;0.380587;
-12.884;1.83676;19.6839;0.667944;0.348786;
-12.688;1.95984;19.7808;0.968821;0.459108;
-12.4386;2.49416;19.9051;1.24327;0.462425;
-12.2134;2.25233;19.9406;0.354891;0.156281;
-12.0064;2.06932;20.0544;1.1381;0.502832;
-11.8339;1.72571;20.1595;1.05115;0.547092;
-11.6362;1.97618;20.3123;1.52827;0.658277;
-11.4487;1.87544;20.3709;0.585691;0.302699;
-11.2974;1.51327;20.4959;1.24986;0.690355;
-11.1536;1.438;20.5487;0.528008;0.351898;
-10.9585;1.95105;20.6071;0.583839;0.290763;
-10.7664;1.92037;20.6667;0.595983;0.300923;
-10.5522;2.1422;20.7286;0.619496;0.281507;
-10.3364;2.15786;20.7725;0.43845;0.200459;
-10.1351;2.0133;20.7929;0.204137;0.101049;
-9.93668;1.98415;20.7771;-0.158102;-0.0795145;
-9.76437;1.72311;20.6906;-0.864466;-0.464999;
-9.55388;2.10482;20.694;0.0334561;0.0158937;
-9.36943;1.84452;20.731;0.370769;0.198367;
-9.16668;2.02751;20.7334;0.0232211;0.0114525;
-8.96016;2.06521;20.7286;-0.0474418;-0.0229679;
-8.76615;1.94007;20.6917;-0.369387;-0.188147;
-8.56236;2.03796;20.608;-0.836801;-0.389618;
-8.38683;1.75523;20.4938;-1.14156;-0.576637;
-8.27515;1.11681;20.3186;-1.7527;-1.00347;
-8.14098;1.34176;20.2018;-1.16758;-0.716095;
-8.00129;1.39682;20.0985;-1.0333;-0.636908;
-7.83451;1.66785;19.9908;-1.07655;-0.573184;
-7.66318;1.71327;19.8674;-1.23427;-0.6243;
-7.48863;1.74549;19.7507;-1.16709;-0.589359;
-7.29399;1.94645;19.6792;-0.714513;-0.351813;
-7.10323;1.9076;19.619;-0.602596;-0.305972;
-6.8998;2.03424;19.5426;-0.764063;-0.359297;
-6.72526;1.74538;19.4782;-0.643957;-0.353455;
-6.5307;1.94561;19.4258;-0.524112;-0.263136;
-6.33839;1.92309;19.3809;-0.448939;-0.22934;
-6.14115;1.97244;19.3531;-0.277934;-0.139987;
-5.9325;2.08646;19.3271;-0.25954;-0.123757;
-5.73854;1.93965;19.3052;-0.218948;-0.112405;
-5.53467;2.03871;19.3051;-0.00151409;-0.000742671;
-5.35518;1.79485;19.3696;0.645186;0.345082;
-5.17643;1.78753;19.4123;0.427104;0.234538;
-4.96959;2.06844;19.4716;0.593154;0.27927;
-4.77873;1.90853;19.5321;0.604573;0.306773;
-4.59511;1.83623;19.5875;0.554444;0.293242;
-4.43834;1.5677;19.6267;0.391545;0.24475;
-4.25674;1.81596;19.6733;0.466648;0.251528;
-4.09016;1.66589;19.6855;0.121566;0.0728444;
-3.90687;1.83289;19.7327;0.471883;0.251981;
-3.72634;1.80526;19.825;0.923565;0.472882;
-3.55959;1.66754;19.9374;1.12345;0.592865;
-3.4472;1.12381;20.0549;1.1748;0.807576;
-3.3287;1.18507;20.2329;1.78062;0.983576;
-3.21693;1.11769;20.3725;1.39603;0.895678;
-3.09157;1.25361;20.5422;1.69705;0.934565;
-2.97362;1.17943;20.7111;1.68837;0.961035;
-2.8687;1.04928;20.8706;1.59481;0.988864;
-2.78422;0.844802;21.0033;1.32698;1.00387;
-2.67324;1.10978;21.169;1.65767;0.980848;
-2.55016;1.2308;21.3293;1.60241;0.915817;
-2.41436;1.358;21.4973;1.67991;0.890968;
-2.26427;1.50088;21.6564;1.59112;0.814574;
-2.11865;1.45617;21.7975;1.41154;0.769839;
-1.96696;1.51692;21.9437;1.46183;0.766907;
-1.86784;0.991217;22.0467;1.02949;0.804336;
-1.70688;1.60964;22.2057;1.59085;0.779528;
-1.56496;1.41917;22.3234;1.17622;0.692064;
-1.41567;1.49289;22.4869;1.63507;0.830823;
-1.1966;2.1907;22.6409;1.54008;0.61274;
-1.04295;1.53647;22.7812;1.40325;0.740113;
-0.889824;1.5313;22.9263;1.45046;0.758296;
-0.780534;1.09289;23.0442;1.17903;0.823294;
-0.61464;1.65894;23.1886;1.44433;0.716354;
-0.438162;1.76478;23.3037;1.15073;0.577818;
-0.300581;1.37581;23.3441;0.404027;0.285634;
-0.107488;1.93093;23.4368;0.926866;0.447528;
0.041294;1.48782;23.5249;0.881704;0.534972;
0.189167;1.47873;23.6356;1.10674;0.642503;
0.343344;1.54177;23.7315;0.958604;0.556263;
0.507953;1.64609;23.8248;0.933514;0.515885;
0.697817;1.89864;23.9479;1.23048;0.575028;
0.846442;1.48625;24.1078;1.59942;0.822058;
0.979781;1.33339;24.212;1.04183;0.66326;
1.19693;2.17147;24.3615;1.49548;0.603097;
1.38651;1.89582;24.4414;0.798307;0.398552;
1.60387;2.17357;24.4995;0.58173;0.261509;
1.78854;1.84669;24.5838;0.842265;0.427911;
1.92305;1.34514;24.6657;0.81943;0.547142;
2.09101;1.67959;24.7506;0.849248;0.46814;
2.26517;1.74166;24.8505;0.99923;0.520873;
2.42845;1.63279;24.9671;1.16573;0.620027;
2.56252;1.3407;25.0984;1.31258;0.774802;
2.7116;1.49073;25.2395;1.41165;0.758158;
2.87873;1.6713;25.3552;1.15681;0.605448;
3.06222;1.83497;25.4206;0.653785;0.34227;
3.20861;1.46388;25.5307;1.1011;0.644894;
3.34234;1.33726;25.6352;1.0453;0.663464;
3.45141;1.0907;25.76;1.24774;0.852453;
3.60373;1.52319;25.8969;1.36927;0.732232;
3.7654;1.61676;26.0156;1.18697;0.633292;
3.98741;2.22006;26.1178;1.02145;0.431219;
4.08739;0.999789;26.2276;1.098;0.83218;
4.18426;0.968678;26.3348;1.07176;0.835874;
4.29896;1.14703;26.5312;1.96419;1.04225;
4.38572;0.867652;26.7238;1.9262;1.14757;
4.43772;0.520013;26.9169;1.93106;1.30775;
4.4991;0.613782;27.1145;1.97576;1.26959;
4.56878;0.696725;27.2883;1.738;1.18953;
4.54747;-0.213047;27.4915;2.03226;1.67525;
4.63043;0.829635;27.721;2.29452;1.22385;
4.70286;0.724277;27.9061;1.85103;1.19783;
4.7777;0.748372;28.0929;1.86815;1.18978;
4.84914;0.714366;28.2759;1.82971;1.19857;
4.93191;0.827697;28.4296;1.53798;1.07708;
5.03365;1.01745;28.6008;1.71152;1.03445;
5.14062;1.06967;28.7681;1.67304;1.00194;
5.23303;0.924088;28.9455;1.77426;1.09062;
5.33159;0.985634;29.1194;1.73854;1.05505;
5.44847;1.16879;29.265;1.45609;0.894418;
5.56257;1.14105;29.409;1.43987;0.900664;
5.63804;0.754696;29.5281;1.19094;1.00597;
5.74912;1.11081;29.695;1.66957;0.983722;
5.91101;1.6189;29.8244;1.29376;0.674229;
6.04268;1.31669;29.9636;1.39236;0.813321;

6.17951;1.36827;-29.8944;1.41975;0.803859;
6.3384;1.5889;-29.7209;1.73512;0.82936;
6.44734;1.08942;-29.5504;1.70432;1.00204;
6.51127;0.639258;-29.3741;1.76367;1.22307;
6.59745;0.861825;-29.1927;1.81338;1.12714;
6.70281;1.05357;-29.0383;1.54435;0.97211;
6.83694;1.34131;-28.9208;1.17485;0.719341;
7.04156;2.04627;-28.8232;0.976519;0.445257;
7.24447;2.02908;-28.7453;0.778573;0.366383;
7.43243;1.87962;-28.6704;0.748894;0.379151;
7.64273;2.10292;-28.5895;0.809466;0.367444;
7.8477;2.04974;-28.4819;1.07545;0.483194;
8.03612;1.88415;-28.4318;0.500798;0.259788;
8.21784;1.81726;-28.3744;0.5745;0.306194;
8.38283;1.64991;-28.2356;1.38749;0.699217;
8.54123;1.58402;-28.1016;1.34025;0.70223;
8.68599;1.44752;-27.9568;1.4486;0.785771;
8.78179;0.958027;-27.8361;1.20653;0.899703;
8.89546;1.13667;-27.7065;1.29567;0.850675;
9.03476;1.39304;-27.5594;1.47133;0.812725;
9.16721;1.3245;-27.4084;1.50974;0.850662;
9.30654;1.39328;-27.2502;1.58226;0.848825;
9.45331;1.46778;-27.0978;1.524;0.804186;
9.59776;1.44442;-26.9435;1.54321;0.818453;
9.72753;1.29774;-26.7625;1.80991;0.94874;
9.8407;1.13172;-26.595;1.67541;0.976714;
9.91977;0.790705;-26.4703;1.24698;1.00568;
10.0536;1.33844;-26.3533;1.16995;0.718332;
10.1499;0.963292;-26.1594;1.93827;1.10956;
10.2691;1.19192;-26.0854;0.740556;0.555945;
10.4117;1.42567;-25.9481;1.3724;0.766363;
10.5099;0.982346;-25.7483;1.99802;1.11384;
10.5658;0.5584;-25.5882;1.60121;1.23525;
10.6507;0.849408;-25.3891;1.99131;1.16761;
10.7393;0.88573;-25.2317;1.57376;1.05817;
10.8584;1.19123;-25.0452;1.86531;1.00246;
10.9613;1.02904;-24.8185;2.26641;1.14459;
11.0114;0.501016;-24.6611;1.57445;1.26271;
11.0484;0.369392;-24.4709;1.90169;1.37894;
11.1211;0.726965;-24.2926;1.78297;1.18365;
11.2545;1.33397;-24.1517;1.40935;0.812872;
11.3417;0.872561;-24.0144;1.37336;1.00479;
11.4705;1.28817;-23.8482;1.66162;0.911332;
11.6006;1.30108;-23.711;1.37178;0.811844;
11.7436;1.42965;-23.5685;1.42561;0.783981;
11.8773;1.3372;-23.4544;1.14082;0.706315;
12.0232;1.45902;-23.3203;1.34078;0.743191;
12.1624;1.39133;-23.1899;1.30412;0.753056;
12.2628;1.00409;-23.0021;1.87731;1.07965;
12.4311;1.68336;-22.8566;1.45556;0.71295;
12.6236;1.92499;-22.7786;0.779963;0.384962;
12.7445;1.20856;-22.6549;1.23692;0.796995;
12.8733;1.28863;-22.5382;1.16744;0.736094;
12.9709;0.976303;-22.3584;1.79781;1.0733;
13.0584;0.874463;-22.178;1.8038;1.11939;
13.1488;0.904178;-21.9879;1.90117;1.12687;
13.2423;0.934752;-21.8058;1.82092;1.09653;
13.3052;0.629063;-21.6548;1.50963;1.17598;
13.3504;0.4522;-21.5058;1.49041;1.27622;
13.4881;1.37719;-21.3286;1.77138;0.909947;
13.5701;0.819599;-21.1937;1.34989;1.02513;
13.7792;2.0906;-21.0309;1.62732;0.66143;
13.8946;1.15416;-20.8523;1.78587;0.997047;
14.0187;1.24091;-20.6719;1.80465;0.968429;
14.0973;0.786705;-20.4739;1.98008;1.19261;
14.2297;1.32393;-20.329;1.44914;0.830518;
14.3846;1.54916;-20.1949;1.34075;0.713405;
14.5228;1.38137;-20.0888;1.06107;0.655006;
14.6689;1.46172;-19.9351;1.53645;0.810316;
14.789;1.20026;-19.7712;1.63908;0.938736;
14.926;1.37039;-19.5892;1.82016;0.925445;
15.116;1.89941;-19.4501;1.39084;0.632045;
15.2468;1.30845;-19.2697;1.80369;0.943205;
15.3136;0.667613;-19.1377;1.32099;1.10285;
15.4036;0.900746;-18.9308;2.06842;1.16009;
15.5477;1.44026;-18.7249;2.05951;0.960525;
15.6966;1.4898;-18.569;1.55819;0.807832;
15.8271;1.30443;-18.4081;1.60928;0.889644;
15.944;1.16942;-18.2329;1.75239;0.982336;
16.0541;1.1011;-18.1121;1.20771;0.83154;
16.137;0.82852;-17.9357;1.76374;1.13164;
16.1827;0.456809;-17.8073;1.28403;1.229;
16.2815;0.987841;-17.6117;1.95615;1.10316;
16.3506;0.691167;-17.3872;2.24515;1.27215;
16.3797;0.291142;-17.2031;1.8413;1.41398;
16.4535;0.738446;-16.9948;2.08283;1.23008;
16.4691;0.155951;-16.8211;1.73718;1.48126;
16.4821;0.130264;-16.6787;1.42342;1.47954;
16.5524;0.702472;-16.4631;2.15631;1.25586;
16.5923;0.399346;-16.2519;2.11141;1.38387;
16.6444;0.521073;-16.0494;2.02523;1.31897;
16.6264;-0.180333;-15.8706;1.78867;1.67128;
16.6169;-0.095494;-15.6729;1.9769;1.61906;
16.6031;-0.137059;-15.4752;1.977;1.64001;
16.5962;-0.0695954;-15.2841;1.91118;1.6072;
16.5935;-0.0270323;-15.0839;2.00157;1.5843;
16.6269;0.334149;-14.8575;2.26354;1.42423;
16.6273;0.00419401;-14.644;2.13581;1.56883;
16.6052;-0.221305;-14.4261;2.1785;1.67204;
16.5847;-0.204504;-14.2193;2.06771;1.66938;
16.6027;0.179167;-14.0327;1.86594;1.47507;
16.5972;-0.0546759;-13.7961;2.36654;1.5939;
16.6013;0.0412704;-13.573;2.23095;1.5523;
16.598;-0.0332084;-13.3397;2.33284;1.58503;
16.6198;0.217692;-13.1284;2.113;1.46813;
16.6214;0.0167151;-12.9385;1.89893;1.56199;
16.6343;0.12903;-12.7239;2.14665;1.51076;
16.6342;-0.00159098;-12.5199;2.03909;1.57158;
16.6243;-0.0986073;-12.3553;1.64646;1.63062;
16.6032;-0.211313;-12.1512;2.04133;1.67395;
16.5582;-0.450284;-11.9482;2.02951;1.78913;
16.5295;-0.286771;-11.7507;1.97494;1.71499;
16.5212;-0.0826215;-11.5161;2.34577;1.606;
16.4944;-0.268493;-11.3079;2.08269;1.69901;
16.4812;-0.131647;-11.1209;1.86989;1.64108;
16.4936;0.124337;-10.9429;1.77994;1.50106;
16.4707;-0.228957;-10.7398;2.03072;1.68307;
16.3986;-0.721444;-10.565;1.74796;1.96223;
16.4191;0.205411;-10.3887;1.76297;1.45481;
16.3697;-0.4948;-10.1852;2.03552;1.80925;
16.3304;-0.392851;-10.006;1.7915;1.78667;
16.2828;-0.476103;-9.79653;2.09494;1.79426;
16.2477;-0.351087;-9.61267;1.83863;1.75948;
16.1976;-0.500732;-9.40586;2.06806;1.80835;
16.1676;-0.299667;-9.22458;1.81278;1.73462;
16.115;-0.526293;-8.98251;2.42075;1.78487;
16.0758;-0.391951;-8.78606;1.96447;1.76773;
16.0061;-0.697219;-8.53589;2.50173;1.84259;
15.9478;-0.58296;-8.3449;1.90991;1.86704;
15.9141;-0.336795;-8.17641;1.68486;1.76809;
15.9081;-0.0603764;-7.98606;1.90356;1.6025;
15.8262;-0.818079;-7.77598;2.10075;1.94215;
15.7149;-1.11331;-7.60489;1.71092;2.14767;
15.6374;-0.775342;-7.41968;1.85204;1.96727;
15.4987;-1.38683;-7.22115;1.98538;2.18053;
15.4395;-0.592194;-7.02031;2.00837;1.85753;
15.3582;-0.81284;-6.88505;1.35263;2.1119;
15.2877;-0.705268;-6.68569;1.9936;1.91082;
15.2025;-0.851577;-6.50495;1.80739;2.01111;
15.137;-0.655128;-6.32293;1.8202;1.91628;
15.063;-0.739935;-6.14554;1.77385;1.96599;
15.0225;-0.405034;-5.9778;1.67742;1.80772;
14.9414;-0.810679;-5.78166;1.96137;1.96273;
14.8761;-0.653685;-5.59295;1.88711;1.90426;
14.8185;-0.575243;-5.43303;1.59926;1.91608;
14.7418;-0.767853;-5.24858;1.84449;1.96527;
14.6466;-0.952011;-5.03745;2.11126;1.99442;
14.5681;-0.784699;-4.8438;1.9365;1.95579;
14.4876;-0.804463;-4.64269;2.01108;1.95132;
14.4062;-0.814717;-4.4099;2.32789;1.90745;
14.3293;-0.76863;-4.18582;2.24084;1.90123;
14.2709;-0.583863;-3.98629;1.99531;1.85547;
14.1837;-0.872097;-3.84594;1.40346;2.1268;
14.1046;-0.790817;-3.6785;1.67446;2.01202;
14.011;-0.935895;-3.56184;1.16652;2.24693;
13.9235;-0.875081;-3.33774;2.24103;1.94307;
13.8577;-0.657917;-3.11836;2.19383;1.86216;
13.7707;-0.87056;-2.94717;1.71194;2.04124;
13.6844;-0.863311;-2.76725;1.79917;2.01818;
13.5904;-0.939624;-2.57712;1.9013;2.02979;
13.5417;-0.486826;-2.39972;1.77401;1.83862;
13.3884;-1.53267;-2.26202;1.377;2.40965;
13.2587;-1.297;-2.07063;1.91386;2.16639;
13.141;-1.17752;-1.93714;1.33489;2.29364;
13.0075;-1.3346;-1.79743;1.39709;2.33332;
12.9274;-0.801285;-1.6268;1.70638;2.00981;
12.8271;-1.00342;-1.46139;1.65408;2.11608;
12.6909;-1.36129;-1.29286;1.68527;2.25025;
12.5475;-1.43404;-1.12062;1.72237;2.2651;
12.4044;-1.43075;-0.948369;1.72256;2.26392;
12.2518;-1.52667;-0.815022;1.33347;2.42364;
12.1003;-1.51469;-0.659437;1.55585;2.34279;
11.9498;-1.50509;-0.548847;1.1059;2.50791;
11.7488;-2.01049;-0.450252;0.985945;2.68566;
11.5698;-1.78923;-0.249681;2.00572;2.29921;
11.447;-1.22843;-0.141992;1.07689;2.42184;
11.3065;-1.40512;-0.0104795;1.31512;2.38927;
11.1779;-1.28585;0.13606;1.46539;2.29103;
11.04;-1.37856;0.282625;1.46565;2.32558;
10.957;-0.830705;0.458204;1.75579;2.01271;
10.7738;-1.83184;0.579703;1.21499;2.55595;
10.6752;-0.985461;0.708025;1.28323;2.22569;
10.515;-1.60263;0.807809;0.997841;2.5847;
10.3688;-1.46136;0.933556;1.25747;2.43105;
10.2997;-0.691631;1.04508;1.11524;2.12591;
10.1239;-1.75813;1.14672;1.01639;2.61743;
9.94439;-1.79468;1.24931;1.02595;2.62227;
9.797;-1.4739;1.35993;1.10613;2.49779;
9.6455;-1.51498;1.42092;0.609928;2.75885;
9.46402;-1.81481;1.53918;1.18257;2.56408;
9.33832;-1.25705;1.67994;1.40767;2.29973;
9.09871;-2.39611;1.71496;0.350151;2.99649;
8.91207;-1.86638;1.85088;1.35926;2.51213;
8.76327;-1.48799;1.91962;0.687363;2.70885;
8.56782;-1.95447;2.03483;1.15205;2.60897;
8.44809;-1.19736;2.09614;0.613181;2.6683;
8.27483;-1.73257;2.1934;0.972516;2.63011;
8.0939;-1.80932;2.28373;0.903321;2.67854;
7.90721;-1.86691;2.38092;0.971928;2.66159;
7.72974;-1.7747;2.47196;0.910388;2.66761;
7.55345;-1.76283;2.56647;0.945078;2.64947;
7.37048;-1.82976;2.62511;0.586415;2.83145;
7.2351;-1.35372;2.71208;0.86969;2.57055;
7.08566;-1.49444;2.81959;1.07517;2.51794;
6.91778;-1.67878;2.92488;1.05288;2.58143;
6.74904;-1.68745;3.00266;0.777744;2.70971;
6.55364;-1.95397;3.19049;1.87837;2.37592;
6.40078;-1.52855;3.31854;1.28044;2.44429;
6.23744;-1.6334;3.42742;1.0888;2.55365;
6.11983;-1.17616;3.56358;1.36165;2.28323;
5.94147;-1.78359;3.68057;1.16987;2.56107;
5.75144;-1.90029;3.84259;1.62015;2.4356;
5.60754;-1.43903;3.98762;1.45032;2.35229;
5.44139;-1.66151;4.12805;1.40433;2.43989;
5.26203;-1.79354;4.24839;1.20344;2.55061;
5.07731;-1.84722;4.40977;1.61378;2.42354;
4.86478;-2.1253;4.45749;0.477215;2.92072;
4.71281;-1.51969;4.56566;1.08162;2.52303;
4.5046;-2.08214;4.64669;0.810329;2.77045;
4.31043;-1.94166;4.66101;0.143219;3.06796;
4.10414;-2.06295;4.78717;1.2616;2.59272;
3.87056;-2.33576;4.78001;-0.0715466;-3.11097;
3.6939;-1.76662;4.7199;-0.601198;-2.81358;
3.45881;-2.35092;4.74341;0.235172;3.04189;
3.29821;-1.606;4.68956;-0.538554;-2.81804;
3.05231;-2.45896;4.76916;0.796007;2.82852;
2.80591;-2.46395;4.70836;-0.608023;-2.89966;
2.59455;-2.11364;4.70277;-0.0558266;-3.11519;
2.36969;-2.24856;4.66968;-0.330931;-2.99547;
2.17714;-1.92552;4.65247;-0.172071;-3.05247;
1.96969;-2.07452;4.73861;0.861398;2.74803;
1.8101;-1.59585;4.77919;0.405785;2.89259;
1.63904;-1.71065;4.82376;0.445709;2.88671;
1.45218;-1.86864;4.91245;0.886899;2.69845;
1.2789;-1.73274;5.09478;1.82324;2.33075;
1.10831;-1.70594;5.21617;1.2139;2.52314;
0.942672;-1.65636;5.45952;2.43356;2.1684;
0.888578;-0.540939;5.58473;1.25212;1.9786;
0.837853;-0.507242;5.74838;1.63648;1.87136;
0.770735;-0.671185;5.91902;1.7064;1.94554;
0.721347;-0.493881;6.09844;1.79422;1.83941;
0.669959;-0.513879;6.35176;2.5332;1.77094;
0.636683;-0.332762;6.56193;2.10169;1.72782;
0.631917;-0.0476588;6.73115;1.69212;1.59895;
0.620142;-0.117747;6.9006;1.69458;1.64017;
0.580633;-0.395096;7.12638;2.25773;1.74404;
0.615697;0.350647;7.33485;2.08471;1.40416;
0.561921;-0.537759;7.54547;2.10618;1.82078;
0.616988;0.550663;7.80505;2.59584;1.36176;
0.678863;0.618754;7.98857;1.83522;1.24561;
0.660175;-0.186881;8.22202;2.33448;1.65068;
0.64654;-0.136347;8.42102;1.98996;1.63921;
0.553106;-0.934342;8.66516;2.4414;1.93631;
0.56309;0.0998392;8.90202;2.3686;1.52867;
0.628405;0.653153;9.10425;2.02232;1.2584;
0.655627;0.272213;9.34267;2.38427;1.45712;
0.664365;0.0873806;9.55281;2.10136;1.52924;
0.681991;0.17626;9.75227;1.99457;1.48266;
0.700231;0.1824;9.94502;1.92749;1.47645;
0.709808;0.0957694;10.1421;1.97067;1.52224;
0.784236;0.744279;10.3327;1.90579;1.19848;
0.826004;0.417689;10.4982;1.65585;1.3237;
0.918426;0.924214;10.6814;1.83165;1.10349;
0.987954;0.695283;10.8457;1.6432;1.17051;
1.12362;1.35663;10.982;1.36231;0.787488;
1.23302;1.09407;11.178;1.96067;1.06182;
1.45764;2.24613;11.3268;1.48793;0.585071;
1.62197;1.64332;11.462;1.35153;0.688276;
1.85248;2.30511;11.5148;0.528039;0.225188;
2.05892;2.06439;11.5835;0.68725;0.321366;
2.30301;2.44092;11.5369;-0.466386;-0.188794;
2.52133;2.18321;11.5455;0.0865437;0.0396198;
2.7727;2.51364;11.4792;-0.663297;-0.257998;
2.95092;1.7822;11.4699;-0.093113;-0.0521987;
3.13463;1.83709;11.3819;-0.879603;-0.446547;
3.36085;2.26227;11.3308;-0.510792;-0.222063;
3.55029;1.89433;11.213;-1.17811;-0.556378;
3.76034;2.10053;11.154;-0.590499;-0.274046;
3.92482;1.64483;11.0182;-1.35803;-0.690177;
4.15633;2.31507;10.9576;-0.605291;-0.255732;
4.34246;1.86132;10.8921;-0.655008;-0.338371;
4.52849;1.86024;10.839;-0.531519;-0.27831;
4.71102;1.82534;10.7887;-0.50342;-0.269106;
4.9032;1.92179;10.7411;-0.475388;-0.242499;
5.15078;2.47579;10.7216;-0.195345;-0.0787389;
5.32618;1.75401;10.6484;-0.731939;-0.395327;
5.499;1.72824;10.5798;-0.685796;-0.377761;
5.71232;2.13315;10.5428;-0.369766;-0.171637;
5.92522;2.12905;10.5718;0.289611;0.135198;
6.12496;1.99737;10.4886;-0.831787;-0.394599;
6.35892;2.3396;10.5522;0.635521;0.265237;
6.56343;2.04512;10.5631;0.109004;0.053249;
6.79428;2.30849;10.6053;0.422021;0.180816;
7.02283;2.28547;10.654;0.487385;0.210107;
7.24973;2.26906;10.6892;0.352374;0.154064;
7.47514;2.25411;10.7721;0.828904;0.352382;
7.66012;1.84974;10.8397;0.675228;0.350009;
7.85016;1.90046;10.909;0.69372;0.349999;
8.05799;2.07823;10.9879;0.788498;0.36263;
8.23389;1.75902;11.0487;0.608431;0.33301;
8.45109;2.17196;11.1335;0.848198;0.372309;
8.62861;1.77523;11.231;0.9746;0.502074;
8.83601;2.07404;11.341;1.1002;0.487718;
9.00154;1.65524;11.4257;0.847151;0.473043;
9.15954;1.58002;11.5285;1.02805;0.576835;
9.35006;1.90519;11.6562;1.27616;0.590192;
9.51738;1.67324;11.749;0.928317;0.506521;
9.66969;1.52309;11.9094;1.60366;0.81116;
9.89692;2.27229;12.0236;1.14275;0.465972;
10.1084;2.11509;12.1495;1.25852;0.536749;
10.2804;1.71933;12.2836;1.34082;0.662332;
10.4313;1.50972;12.4136;1.30084;0.711214;
10.5705;1.39174;12.5595;1.45891;0.808954;
10.7505;1.79962;12.6537;0.941824;0.482149;
10.8898;1.39358;12.8351;1.81333;0.915547;
11.035;1.45216;12.9661;1.31033;0.734103;
11.2506;2.1555;13.083;1.16914;0.496989;
11.349;0.984397;13.2853;2.02282;1.11789;
11.465;1.15936;13.437;1.51757;0.91842;
11.639;1.74025;13.6022;1.65131;0.759179;
11.7291;0.900607;13.8202;2.18068;1.17914;
11.9835;2.54486;13.9717;1.51439;0.536794;
12.1679;1.84324;14.1185;1.46809;0.672587;
12.3475;1.79666;14.2124;0.939388;0.481761;
12.5453;1.97766;14.2657;0.532507;0.263023;
12.7857;2.40363;14.2444;-0.212288;-0.0880914;
12.9819;1.96284;14.1851;-0.593554;-0.293653;
13.1879;2.05974;14.1415;-0.436303;-0.208739;
13.41;2.22061;14.0509;-0.905224;-0.387081;
13.6162;2.0626;14.0013;-0.496416;-0.236184;
13.7679;1.51617;13.9228;-0.784612;-0.477546;
14.0114;2.4356;13.8786;-0.442557;-0.179742;
14.1837;1.72249;13.8112;-0.673569;-0.372762;
14.3768;1.93136;13.7239;-0.873078;-0.424559;
14.578;2.01192;13.6747;-0.492046;-0.239857;
14.7798;2.01801;13.6064;-0.683562;-0.3266;
14.9239;1.44092;13.558;-0.48315;-0.323526;
15.1306;2.06731;13.5094;-0.486236;-0.231003;
15.318;1.87429;13.4786;-0.308219;-0.162987;
15.4768;1.5875;13.4348;-0.438002;-0.269208;
15.6733;1.9648;13.3665;-0.682776;-0.33445;
15.8876;2.1434;13.3325;-0.340183;-0.157399;
16.0887;2.01099;13.2338;-0.986697;-0.456141;
16.3235;2.34741;13.1835;-0.503668;-0.211359;
16.5003;1.76864;13.123;-0.604293;-0.329235;
16.7042;2.03851;13.0973;-0.257121;-0.125469;
16.8718;1.67625;12.9878;-1.09547;-0.57885;
17.0245;1.52681;12.971;-0.167836;-0.109486;
17.1776;1.53109;12.8846;-0.863449;-0.513485;
17.373;1.95442;12.8269;-0.577503;-0.287311;
17.5091;1.36051;12.7034;-1.23488;-0.737032;
17.708;1.98906;12.6614;-0.419832;-0.208017;
17.8624;1.54367;12.5825;-0.789116;-0.472563;
18.0629;2.00541;12.4866;-0.958964;-0.446046;
18.1635;1.00653;12.3705;-1.16144;-0.856731;
18.3463;1.82709;12.2724;-0.980705;-0.49262;
18.5483;2.02049;12.1369;-1.35461;-0.590608;
18.6916;1.43315;11.9738;-1.63115;-0.849922;
18.8753;1.83688;11.8773;-0.965315;-0.483854;
19.0308;1.5551;11.744;-1.33261;-0.7085;
19.1984;1.6754;11.6171;-1.26976;-0.648529;
19.3355;1.37117;11.4898;-1.27289;-0.748247;
19.476;1.4048;11.3395;-1.50282;-0.819096;
19.6611;1.85122;11.1863;-1.53164;-0.691205;
19.8075;1.46469;11.0586;-1.27745;-0.717222;
19.9522;1.44694;10.9169;-1.41686;-0.774893;
20.1379;1.85674;10.8317;-0.852351;-0.430361;
20.2975;1.59599;10.7167;-1.14915;-0.62404;
20.4329;1.35361;10.5933;-1.23434;-0.739342;
20.5884;1.55567;10.4712;-1.22088;-0.6654;
20.6968;1.08396;10.2931;-1.78167;-1.02422;
20.8442;1.47401;10.166;-1.27013;-0.711236;
20.9515;1.07226;10.0118;-1.54287;-0.963451;
21.1324;1.80965;9.82306;-1.88692;-0.806297;
21.2547;1.22298;9.64579;-1.77268;-0.966878;
21.3295;0.747284;9.40271;-2.43082;-1.27255;
21.4273;0.978019;9.22903;-1.73684;-1.05795;
21.4518;0.245537;9.05419;-1.74837;-1.43127;
21.5405;0.886978;8.86561;-1.88576;-1.13114;
21.6473;1.06743;8.65938;-2.06232;-1.09318;
21.7383;0.910711;8.37006;-2.8932;-1.26584;
21.8232;0.849221;8.18739;-1.82673;-1.13563;
21.8807;0.574396;8.00111;-1.86277;-1.27169;
22.0125;1.31811;7.77542;-2.25692;-1.0422;
22.0801;0.676098;7.58068;-1.94739;-1.23663;
22.1435;0.633805;7.33514;-2.45535;-1.31818;
22.2314;0.878647;7.13706;-1.98083;-1.1533;
22.292;0.606556;6.9466;-1.90456;-1.26248;
22.3563;0.642839;6.75854;-1.88066;-1.24143;
22.4629;1.06556;6.57608;-1.82454;-1.04221;
22.5396;0.76755;6.41195;-1.64131;-1.13337;
22.5856;0.460181;6.20876;-2.03193;-1.34808;
22.6659;0.80266;6.05143;-1.57335;-1.09905;
22.7432;0.772739;5.83654;-2.14882;-1.22559;
22.7982;0.550167;5.64528;-1.91264;-1.29071;
22.8525;0.542743;5.48657;-1.5871;-1.24129;
22.8782;0.257688;5.20903;-2.77535;-1.47821;
23.0064;1.28192;5.03098;-1.78051;-0.946791;
23.0825;0.761077;4.83783;-1.93148;-1.19544;
23.156;0.734595;4.62989;-2.07948;-1.23122;
23.2225;0.66533;4.38081;-2.49079;-1.30977;
23.3437;1.21178;4.15087;-2.29935;-1.08578;
23.4589;1.15211;4.00732;-1.43549;-0.894478;
23.5535;0.946154;3.82638;-1.80946;-1.089;
23.6566;1.03042;3.6491;-1.77281;-1.04429;
23.7552;0.986658;3.47515;-1.73946;-1.05483;
23.8544;0.991711;3.25221;-2.22937;-1.15224;
23.9832;1.2881;3.05509;-1.97119;-0.991992;
24.0896;1.06362;2.88664;-1.68449;-1.00759;
24.2225;1.32962;2.73669;-1.49958;-0.845402;
24.3198;0.972261;2.51945;-2.17237;-1.14998;
24.4098;0.900632;2.34976;-1.69685;-1.08284;
24.4817;0.718719;2.14046;-2.09299;-1.24002;
24.6022;1.20516;1.97144;-1.69026;-0.951398;
24.6283;0.260414;1.82311;-1.48326;-1.397;
24.7563;1.28077;1.6231;-2.00013;-1.00124;
24.8962;1.39901;1.49916;-1.23944;-0.724994;
25.0071;1.10862;1.29936;-1.99795;-1.06422;
25.1235;1.16444;1.13202;-1.67345;-0.962871;
25.2372;1.13631;0.991947;-1.40069;-0.88923;
25.2928;0.556263;0.817417;-1.7453;-1.26225;
25.4096;1.16834;0.620249;-1.97169;-1.03587;
25.5076;0.980151;0.446123;-1.74126;-1.0581;
25.6094;1.01748;0.272406;-1.73717;-1.04095;
25.6842;0.747693;0.0977646;-1.74642;-1.16628;
25.8133;1.29134;-0.0230797;-1.20844;-0.752249;
25.9288;1.15551;-0.224039;-2.0096;-1.04897;
26.0209;0.92075;-0.442386;-2.18347;-1.17173;
26.1186;0.976382;-0.595257;-1.52871;-1.00241;
26.222;1.03426;-0.781762;-1.86505;-1.06447;
26.4131;1.91117;-0.916409;-1.34646;-0.613755;
26.5549;1.41799;-1.06098;-1.44574;-0.795088;
26.7079;1.52968;-1.18987;-1.2889;-0.700178;
26.8893;1.8144;-1.29803;-1.0816;-0.537561;
27.0518;1.62445;-1.39936;-1.01328;-0.557714;
27.2405;1.88748;-1.5151;-1.15737;-0.550056;
27.4215;1.81029;-1.5827;-0.676052;-0.357411;
27.6029;1.81347;-1.68233;-0.996322;-0.502383;
27.7838;1.80897;-1.77179;-0.894575;-0.459255;
27.9462;1.62468;-1.86442;-0.926313;-0.518181;
28.1327;1.86438;-1.8978;-0.333733;-0.177129;
28.3004;1.67725;-1.96996;-0.721619;-0.4063;
28.5006;2.00225;-2.04441;-0.744523;-0.356;
28.7466;2.45989;-2.17407;-1.29658;-0.485083;
28.9417;1.9513;-2.21841;-0.443394;-0.223436;
29.1772;2.35454;-2.34679;-1.28386;-0.499205;
29.3625;1.85304;-2.41287;-0.660786;-0.342539;
29.5435;1.81042;-2.44692;-0.340454;-0.185881;
29.7971;2.53543;-2.4496;-0.026785;-0.0105639;
29.9685;1.71366;-2.41771;0.318868;0.18397;

-29.8162;2.15376;-2.36073;0.56985;0.258657;
-29.6206;1.95579;-2.41386;-0.531327;-0.265267;
-29.4711;1.49475;-2.58171;-1.67849;-0.843237;
-29.3135;1.57584;-2.75549;-1.73778;-0.83423;
-29.1293;1.84223;-2.86475;-1.09263;-0.535333;
-28.9624;1.66935;-2.93996;-0.752077;-0.423286;
-28.7575;2.04885;-2.99772;-0.577597;-0.274781;
-28.5735;1.8397;-3.07142;-0.737044;-0.381051;
-28.4095;1.63992;-3.09852;-0.271045;-0.163799;
-28.2364;1.73138;-3.19085;-0.923283;-0.489904;
-28.0746;1.61762;-3.24577;-0.549145;-0.327269;
-27.8975;1.77149;-3.30977;-0.640057;-0.346715;
-27.6908;2.06631;-3.36927;-0.594961;-0.28035;
-27.4778;2.13002;-3.44731;-0.780454;-0.351216;
-27.2895;1.88319;-3.52673;-0.794192;-0.399094;
-27.1413;1.48217;-3.60097;-0.742384;-0.464348;
-26.9542;1.87129;-3.67437;-0.733938;-0.373772;
-26.7655;1.8866;-3.73954;-0.651691;-0.3326;
-26.5753;1.90168;-3.82515;-0.856174;-0.423037;
-26.395;1.80392;-3.8681;-0.429474;-0.233727;
-26.1702;2.24769;-3.95555;-0.874519;-0.371053;
-25.9895;1.8066;-3.99922;-0.436643;-0.237145;
-25.8292;1.60352;-4.07888;-0.796673;-0.461107;
-25.6382;1.90978;-4.0729;0.0597984;0.0313015;
-25.4509;1.87249;-4.08552;-0.126161;-0.0672742;
-25.2396;2.11323;-4.09036;-0.0483918;-0.0228955;
-24.9953;2.44333;-4.04627;0.440861;0.178513;
-24.8118;1.83468;-4.07314;-0.268637;-0.145389;
-24.6567;1.55107;-4.06836;0.0477933;0.0308034;
-24.4565;2.00243;-4.09901;-0.306565;-0.151917;
-24.2545;2.01967;-4.06742;0.31595;0.155179;
-24.063;1.91519;-4.01948;0.479432;0.24529;
-23.8714;1.91549;-3.96762;0.518601;0.264402;
-23.6842;1.87285;-3.89811;0.695021;0.355351;
-23.4869;1.97261;-3.7099;1.88217;0.761943;
-23.3145;1.72365;-3.59005;1.19846;0.607568;
-23.1478;1.66742;-3.50581;0.842439;0.467827;
-23.0078;1.40036;-3.36356;1.42247;0.793229;
-22.8471;1.60689;-3.1646;1.98962;0.891417;
-22.765;0.820249;-2.97867;1.85923;1.1553;
-22.6794;0.856789;-2.78309;1.95587;1.15792;
-22.5991;0.80287;-2.62873;1.5436;1.09118;
-22.531;0.680306;-2.40552;2.23209;1.27496;
-22.4774;0.53669;-2.30526;1.00259;1.0793;
-22.4658;0.115226;-2.08022;2.25036;1.51964;
-22.4307;0.351553;-1.87098;2.09247;1.40434;
-22.3672;0.63459;-1.67322;1.97761;1.26029;
-22.2913;0.759029;-1.48138;1.91838;1.19404;
-22.2704;0.208882;-1.29893;1.82452;1.45681;
-22.1866;0.838317;-1.08143;2.17498;1.20291;
-22.1231;0.634901;-0.858387;2.2304;1.29347;
-22.0627;0.603974;-0.681932;1.76455;1.24101;
-22.023;0.397457;-0.531248;1.50684;1.3129;
-21.959;0.640206;-0.342887;1.88361;1.24316;
-21.9473;0.117041;-0.20271;1.40177;1.48749;
-21.9278;0.194488;-0.0184084;1.84302;1.46566;
-21.8431;0.846884;0.163233;1.81642;1.13452;
-21.7489;0.942045;0.33596;1.72726;1.07149;
-21.6633;0.855791;0.514718;1.78758;1.1243;
-21.5736;0.897306;0.674328;1.5961;1.05865;
-21.5037;0.698832;0.865383;1.91055;1.22014;
-21.4592;0.445191;1.04467;1.7929;1.32741;
-21.3768;0.823866;1.29076;2.46082;1.24773;
-21.2994;0.774631;1.49408;2.03322;1.20679;
-21.2463;0.53086;1.68669;1.92613;1.30186;
