#1 AntPos X	#2 AntVel X	#3 AntPos Y	#4 AntVel Y	#5 AntAngle	
-0.81321;1.32289;18.4309;-0.613905;-0.434486;
-0.63762;1.7559;18.3631;-0.677361;-0.368174;
-0.455823;1.81797;18.2686;-0.944931;-0.47934;
-0.261971;1.93852;18.173;-0.956012;-0.458166;
-0.0781538;1.83817;18.1401;-0.329107;-0.177163;
0.127576;2.0573;18.1182;-0.219244;-0.106168;
0.330419;2.02843;18.0968;-0.21372;-0.104975;
0.50943;1.7901;18.0253;-0.715293;-0.380146;
0.684878;1.75448;17.9317;-0.93574;-0.489964;
0.854248;1.6937;17.827;-1.04705;-0.553696;
1.02258;1.6833;17.7213;-1.05722;-0.560801;
1.18075;1.58169;17.586;-1.35322;-0.707709;
1.32743;1.46683;17.445;-1.40964;-0.765516;
1.47814;1.50712;17.3148;-1.30197;-0.712494;
1.63958;1.61438;17.1831;-1.31665;-0.684168;
1.79476;1.55175;17.0327;-1.50412;-0.769814;
1.91597;1.21213;16.9014;-1.31336;-0.825459;
2.02538;1.09413;16.7304;-1.71006;-1.00161;
2.09667;0.712897;16.566;-1.64397;-1.16163;
2.14821;0.51536;16.3894;-1.76589;-1.28684;
2.23091;0.827075;16.219;-1.70352;-1.11881;
2.35872;1.2781;16.0371;-1.81946;-0.958421;
2.49643;1.3771;15.9185;-1.18594;-0.710951;
2.64435;1.47914;15.8238;-0.946773;-0.569373;
2.80223;1.57881;15.7448;-0.790172;-0.464036;
2.96473;1.62497;15.6417;-1.03161;-0.565652;
3.09928;1.34555;15.5672;-0.744522;-0.50539;
3.25944;1.60154;15.506;-0.612269;-0.365156;
3.45479;1.9536;15.4634;-0.425786;-0.214594;
3.66242;2.07627;15.5235;0.601082;0.281797;
3.7731;1.10679;15.5269;0.0337683;0.0305008;
3.94264;1.69543;15.5235;-0.033515;-0.0197653;
4.1493;2.06653;15.5319;0.0834581;0.0403637;
4.33083;1.81537;15.5418;0.0991954;0.0545878;
4.54582;2.14984;15.5389;-0.0294555;-0.0137004;
4.74054;1.94724;15.5431;0.0424592;0.0218014;
4.97052;2.29977;15.4746;-0.685057;-0.289511;
5.15337;1.82851;15.4552;-0.193416;-0.105386;
5.35369;2.00318;15.475;0.197185;0.0981198;
5.54842;1.94736;15.4934;0.183953;0.094183;
5.75423;2.05805;15.5082;0.148666;0.0721109;
5.96512;2.10895;15.4848;-0.234673;-0.110819;
6.16048;1.95355;15.4444;-0.403895;-0.203876;
6.33731;1.76828;15.3804;-0.639572;-0.347052;
6.56958;2.32274;15.3457;-0.346845;-0.148231;
6.80115;2.31573;15.1979;-1.47876;-0.568299;
6.97574;1.74584;15.0563;-1.41517;-0.681167;
7.14794;1.722;14.9626;-0.936998;-0.498327;
7.31331;1.65375;14.8417;-1.20945;-0.631448;
7.47489;1.61572;14.731;-1.10662;-0.600525;
7.63874;1.63856;14.6191;-1.11922;-0.599261;
7.81774;1.78993;14.5213;-0.978065;-0.500095;
7.94658;1.28849;14.445;-0.76338;-0.534859;
8.11854;1.71952;14.3439;-1.01108;-0.531551;
8.26865;1.50115;14.1912;-1.52684;-0.793883;
8.45632;1.8767;14.093;-0.98204;-0.482098;
8.61994;1.63614;14.0412;-0.518051;-0.306643;
8.85176;2.31822;13.9351;-1.06057;-0.429068;
9.02789;1.76136;13.8689;-0.661744;-0.359385;
9.17534;1.47449;13.7738;-0.95132;-0.572983;
9.38367;2.08323;13.7692;-0.0463542;-0.0222475;
9.60532;2.21654;13.7387;-0.304663;-0.136594;
9.81749;2.12166;13.7244;-0.143415;-0.0674929;
10.0472;2.29711;13.7063;-0.180146;-0.0782626;
10.2082;1.60964;13.6805;-0.258193;-0.15905;
10.4742;2.65998;13.6324;-0.481653;-0.179133;
10.6736;1.994;13.4629;-1.69428;-0.704314;
10.7823;1.08772;13.2416;-2.21308;-1.11398;
10.7906;0.0829497;13.0033;-2.38367;-1.53601;
10.7584;-0.3221;12.7573;-2.45941;-1.70102;
10.6578;-1.00634;12.5673;-1.89982;-2.05792;
10.5915;-0.66236;12.3727;-1.94605;-1.89886;
10.4962;-0.953354;12.2291;-1.43586;-2.15692;
10.3611;-1.35156;12.0917;-1.37396;-2.34797;
10.2113;-1.49734;11.9742;-1.17539;-2.47607;
10.0529;-1.58465;11.8496;-1.24574;-2.47537;
9.89355;-1.59302;11.7619;-0.876939;-2.63837;
9.70402;-1.8953;11.7024;-0.595107;-2.83735;
9.52454;-1.79479;11.634;-0.684199;-2.77739;
9.35276;-1.71783;11.5355;-0.984874;-2.62102;
9.21223;-1.40533;11.4387;-0.967928;-2.53845;
9.05411;-1.5812;11.3217;-1.16997;-2.50457;
8.94785;-1.06256;11.2679;-0.537943;-2.67294;
8.77053;-1.77324;11.1819;-0.860818;-2.68965;
8.61984;-1.50685;11.1026;-0.793003;-2.65715;
8.44616;-1.73685;11.0051;-0.974374;-2.63034;
8.27486;-1.71297;10.9288;-0.763286;-2.72241;
8.09546;-1.79401;10.847;-0.817696;-2.71393;
7.90797;-1.87493;10.7966;-0.504502;-2.87874;
7.66145;-2.4652;10.7706;-0.260128;-3.03646;
7.46054;-2.00912;10.7555;-0.150323;-3.06691;
7.28829;-1.72247;10.6774;-0.78124;-2.71578;
7.12259;-1.65698;10.6144;-0.63031;-2.7781;
6.89396;-2.28635;10.5273;-0.870827;-2.77768;
6.70117;-1.92788;10.4702;-0.571143;-2.85358;
6.48337;-2.17795;10.4446;-0.255666;-3.02474;
6.25712;-2.26253;10.4218;-0.228131;-3.0411;
6.05957;-1.97552;10.4221;0.00336093;3.13989;
5.82933;-2.30238;10.4078;-0.143198;-3.07948;
5.63086;-1.98467;10.4018;-0.0605611;-3.11109;
5.43172;-1.99149;10.3944;-0.0732108;-3.10485;
5.23354;-1.98177;10.3576;-0.368477;-2.95776;
5.05167;-1.81873;10.4231;0.65538;2.79573;
4.82129;-2.30373;10.4819;0.587647;2.89183;
4.61488;-2.06411;10.5187;0.368215;2.96506;
4.41637;-1.98512;10.5358;0.170893;3.05572;
4.22232;-1.9405;10.6714;1.35627;2.53159;
4.0575;-1.64816;10.7554;0.840241;2.67013;
3.8925;-1.65004;10.8865;1.31058;2.47035;
3.74862;-1.43877;11.0562;1.69713;2.27399;
3.59409;-1.54531;11.2109;1.54665;2.35576;
3.45201;-1.42086;11.3555;1.44571;2.34753;
3.33029;-1.21715;11.4951;1.39656;2.28766;
3.1468;-1.83491;11.5929;0.977891;2.65194;
2.95195;-1.94851;11.6774;0.844889;2.73245;
2.76615;-1.85795;11.7488;0.714616;2.77441;
2.54988;-2.16269;11.77;0.211632;3.04405;
2.33416;-2.15721;11.7879;0.178814;3.05889;
2.12014;-2.14028;11.821;0.331342;2.988;
1.9281;-1.92037;11.8435;0.224676;3.02513;
1.75767;-1.70429;11.8389;-0.0454693;-3.11492;
1.54211;-2.15558;11.788;-0.509244;-2.9096;
1.33107;-2.11042;11.8362;0.481977;2.91706;
1.13889;-1.92179;11.8164;-0.197786;-3.03904;
0.958601;-1.80289;11.6973;-1.19168;-2.55754;
0.739975;-2.18625;11.5658;-1.31511;-2.60004;
0.616764;-1.23211;11.3839;-1.81852;-2.16628;
0.573562;-0.432025;11.1698;-2.1414;-1.76987;
0.575095;0.0153316;10.9835;-1.86286;-1.56257;
0.568602;-0.0649265;10.7857;-1.97752;-1.60362;
0.540993;-0.276095;10.6066;-1.79149;-1.72371;
0.51369;-0.273029;10.3739;-2.32725;-1.68758;
0.489299;-0.243911;10.1746;-1.99218;-1.69262;
0.456349;-0.329498;10.0042;-1.70395;-1.76181;
0.446055;-0.102941;9.80081;-2.03441;-1.62135;
0.462902;0.168467;9.55787;-2.42939;-1.50156;
0.48349;0.20588;9.37294;-1.84929;-1.45992;
0.525564;0.42074;9.19397;-1.78971;-1.3399;
0.563776;0.382121;8.97812;-2.15844;-1.39558;
0.592537;0.28761;8.78206;-1.96065;-1.42514;
0.613712;0.211752;8.63378;-1.4828;-1.42895;
0.604914;-0.0879849;8.43228;-2.01498;-1.61443;
0.598638;-0.062754;8.22735;-2.04929;-1.60141;
0.559219;-0.394193;8.04722;-1.80135;-1.78623;
0.526495;-0.327239;7.84501;-2.02211;-1.73124;
0.513046;-0.134485;7.65325;-1.91753;-1.64082;
0.488116;-0.249309;7.43668;-2.16569;-1.68541;
0.478435;-0.0968024;7.28346;-1.53221;-1.63389;
0.410822;-0.676129;7.0583;-2.25159;-1.86252;
0.388338;-0.224844;6.88134;-1.76961;-1.69718;
0.405266;0.169281;6.7298;-1.51538;-1.45955;
0.445032;0.397656;6.47341;-2.5639;-1.41692;
0.481223;0.361913;6.2794;-1.94013;-1.38638;
0.532495;0.512714;6.08925;-1.90156;-1.30743;
0.585285;0.527907;5.88992;-1.99322;-1.31189;
0.640027;0.547416;5.69721;-1.92716;-1.29403;
0.683821;0.437944;5.50394;-1.93265;-1.34796;
0.752888;0.690671;5.34145;-1.62492;-1.16888;
0.786621;0.337324;5.16302;-1.78433;-1.38395;
0.855109;0.68488;4.96687;-1.96144;-1.23486;
0.970182;1.15073;4.7985;-1.68375;-0.971276;
1.13213;1.61951;4.69112;-1.07382;-0.585498;
1.2847;1.52564;4.5592;-1.3192;-0.712956;
1.52034;2.35643;4.47085;-0.883515;-0.358717;
1.73926;2.18922;4.44161;-0.292361;-0.13276;
1.95562;2.16356;4.4251;-0.165049;-0.0761384;
2.19116;2.35539;4.45527;0.301674;0.127385;
2.40604;2.14879;4.42855;-0.267199;-0.123714;
2.63705;2.31014;4.50335;0.747929;0.313109;
2.84929;2.12237;4.5863;0.82951;0.372587;
3.00631;1.57021;4.70818;1.21882;0.660065;
3.19481;1.88504;4.79709;0.889149;0.440742;
3.37143;1.76618;4.90445;1.07357;0.546169;
3.60444;2.33011;4.90695;0.025014;0.0107347;
3.77163;1.67187;4.93042;0.234673;0.139455;
3.99591;2.24279;4.90432;-0.260954;-0.115832;
4.18275;1.86844;4.88055;-0.237727;-0.126553;
4.37237;1.8962;4.86747;-0.130814;-0.0688785;
4.54098;1.68603;4.76658;-1.00885;-0.539213;
4.69249;1.51519;4.64486;-1.21719;-0.676766;
4.86957;1.77073;4.52914;-1.15724;-0.578859;
5.00814;1.38577;4.44468;-0.84457;-0.547346;
5.17295;1.64804;4.35864;-0.860404;-0.481153;
5.33184;1.58892;4.22049;-1.38156;-0.715702;
5.48372;1.51879;4.0752;-1.45292;-0.763234;
5.62467;1.4095;3.94798;-1.27218;-0.734236;
5.77083;1.46164;3.81587;-1.32111;-0.734939;
5.91913;1.48299;3.68174;-1.34124;-0.735251;
6.03913;1.2;3.45928;-2.22467;-1.07612;
6.17792;1.38791;3.31963;-1.39648;-0.788478;
6.32021;1.42288;3.16598;-1.53646;-0.82376;
6.43645;1.16241;3.04415;-1.21833;-0.808884;
6.61387;1.77417;2.9091;-1.3505;-0.650634;
6.8256;2.11732;2.80879;-1.00308;-0.442428;
7.0137;1.881;2.70459;-1.04197;-0.505865;
7.1517;1.37997;2.62383;-0.807668;-0.529524;
7.32263;1.70937;2.49994;-1.23886;-0.627143;
7.55038;2.27748;2.36489;-1.35051;-0.535247;
7.74552;1.95133;2.24507;-1.19819;-0.550679;
7.93169;1.8617;2.15623;-0.88843;-0.445254;
8.11089;1.79202;2.11594;-0.402843;-0.221123;
8.33058;2.19691;2.10143;-0.145129;-0.0659644;
8.55369;2.23114;2.09553;-0.0589527;-0.0264166;
8.77228;2.18589;2.05439;-0.411418;-0.186039;
8.97438;2.02096;2.00601;-0.483808;-0.234973;
9.172;1.9762;1.92371;-0.823025;-0.394623;
9.36737;1.95373;1.84801;-0.757;-0.369653;
9.56935;2.01981;1.76674;-0.812722;-0.382553;
9.77475;2.05404;1.64242;-1.2432;-0.544266;
9.89944;1.24683;1.56228;-0.801418;-0.57127;
10.0661;1.66708;1.43255;-1.29728;-0.661293;
10.1967;1.30594;1.26119;-1.71357;-0.919586;
10.31;1.13257;1.09967;-1.61518;-0.95926;
10.4223;1.12258;0.921757;-1.77915;-1.00792;
10.5274;1.05174;0.736962;-1.84795;-1.05338;
10.6417;1.14318;0.571413;-1.65549;-0.96645;
10.714;0.722972;0.445561;-1.25852;-1.04937;
10.8036;0.89519;0.229974;-2.15587;-1.17723;
11.0052;2.01637;0.072183;-1.57791;-0.664009;
11.1885;1.83281;-0.056875;-1.29058;-0.613508;
11.3904;2.01899;-0.214161;-1.57286;-0.661824;
11.555;1.64663;-0.330372;-1.16211;-0.614574;
11.6897;1.34642;-0.448618;-1.18246;-0.720655;
11.8764;1.86732;-0.584279;-1.35661;-0.628293;
12.0338;1.57418;-0.671051;-0.867718;-0.50378;
12.2282;1.94333;-0.747837;-0.767857;-0.376297;
12.4268;1.98615;-0.828737;-0.809002;-0.386802;
12.5972;1.70371;-0.916557;-0.878204;-0.475943;
12.7376;1.40456;-1.03465;-1.18088;-0.699099;
12.8895;1.51853;-1.17857;-1.43926;-0.758604;
13.0218;1.32294;-1.34448;-1.6591;-0.897654;
13.1232;1.01422;-1.50083;-1.56348;-0.995337;
13.2351;1.1196;-1.70573;-2.04899;-1.07071;
13.3254;0.902424;-1.86913;-1.63407;-1.06622;
13.4497;1.24358;-2.05485;-1.85719;-0.980765;
13.545;0.952976;-2.22128;-1.66428;-1.05076;
13.6548;1.09805;-2.41839;-1.97106;-1.06253;
13.729;0.741347;-2.60752;-1.89131;-1.19723;
13.7972;0.682021;-2.79792;-1.90405;-1.22684;
13.8393;0.42094;-2.9384;-1.40474;-1.27965;
13.8964;0.570977;-3.11585;-1.7745;-1.25949;
13.9567;0.603672;-3.30634;-1.90492;-1.26391;
14.0449;0.881326;-3.53817;-2.31826;-1.2075;
14.1567;1.11789;-3.74635;-2.08181;-1.078;
14.2538;0.971545;-3.92034;-1.73994;-1.06154;
14.3449;0.911115;-4.07281;-1.52471;-1.03217;
14.4695;1.24582;-4.23405;-1.61238;-0.912953;
14.5225;0.529887;-4.45128;-2.17234;-1.33154;
14.6046;0.820894;-4.62656;-1.75272;-1.13278;
14.6982;0.936061;-4.80805;-1.81496;-1.09463;
14.8351;1.36877;-4.97935;-1.71292;-0.896615;
14.9215;0.863938;-5.21341;-2.34065;-1.21721;
14.9976;0.761489;-5.44417;-2.30755;-1.25205;
15.0439;0.463113;-5.69533;-2.51162;-1.38846;
15.0727;0.287668;-5.87325;-1.77918;-1.4105;
15.122;0.492678;-6.09045;-2.17206;-1.34775;
15.1732;0.512735;-6.28011;-1.89663;-1.30677;
15.2367;0.635002;-6.46637;-1.86256;-1.24222;
15.3093;0.725214;-6.67422;-2.07846;-1.23508;
15.36;0.507548;-6.86327;-1.89057;-1.30852;
15.36;-0.000237792;-7.07752;-2.14244;-1.57091;
15.477;1.17059;-7.28528;-2.07767;-1.05771;
15.6065;1.29424;-7.4413;-1.56019;-0.878301;
15.7785;1.72013;-7.64728;-2.0598;-0.875017;
15.9167;1.38253;-7.77187;-1.24582;-0.733432;
16.0261;1.09386;-7.88291;-1.11049;-0.792944;
16.1646;1.38493;-8.01076;-1.27848;-0.745449;
16.2348;0.701484;-8.22671;-2.15943;-1.2567;
16.2927;0.579503;-8.45032;-2.23611;-1.31722;
16.3387;0.460231;-8.66334;-2.13025;-1.35802;
16.3958;0.57074;-8.81627;-1.52925;-1.21359;
16.4585;0.626586;-9.02123;-2.04964;-1.27411;
16.5152;0.567641;-9.20704;-1.85805;-1.2743;
16.5299;0.146299;-9.39179;-1.8475;-1.49177;
16.5454;0.154954;-9.59074;-1.98958;-1.49307;
16.5504;0.0509017;-9.8104;-2.19655;-1.54763;
16.5638;0.133219;-10.0111;-2.00727;-1.50453;
16.5149;-0.488191;-10.182;-1.70923;-1.84901;
16.4254;-0.895022;-10.3948;-2.12724;-1.96906;
16.3802;-0.452716;-10.5639;-1.69148;-1.83231;
16.3248;-0.553606;-10.7804;-2.1651;-1.82113;
16.2656;-0.592206;-10.9554;-1.74938;-1.89721;
16.344;0.7845;-11.1951;-2.39769;-1.25459;
16.4067;0.626473;-11.3815;-1.86407;-1.24658;
16.4704;0.636697;-11.5708;-1.89237;-1.24624;
16.5431;0.727065;-11.7456;-1.74852;-1.17673;
16.6155;0.723853;-11.8986;-1.5299;-1.12887;
16.7483;1.32841;-12.0573;-1.58716;-0.873916;
16.7512;0.0285995;-12.2577;-2.00367;-1.55652;
16.7528;0.0169176;-12.459;-2.01256;-1.56239;
16.748;-0.0479914;-12.6306;-1.71649;-1.59875;
16.7418;-0.0626094;-12.8317;-2.01132;-1.60191;
16.7075;-0.342528;-13.0437;-2.11938;-1.73103;
16.6724;-0.35103;-13.2172;-1.73505;-1.77042;
16.6303;-0.421014;-13.4061;-1.8887;-1.79012;
16.5858;-0.445436;-13.5957;-1.89655;-1.80148;
16.554;-0.317594;-13.7839;-1.88146;-1.73802;
16.5054;-0.486671;-13.9737;-1.89849;-1.82174;
16.4415;-0.638799;-14.151;-1.77289;-1.91663;
16.379;-0.624902;-14.3432;-1.92173;-1.88519;
16.3601;-0.188842;-14.5496;-2.06394;-1.66204;
16.4485;0.884109;-14.7619;-2.12315;-1.17622;
16.4899;0.414266;-14.9297;-1.67843;-1.32882;
16.527;0.370969;-15.1255;-1.95796;-1.38355;
16.5683;0.413019;-15.3264;-2.00923;-1.36806;
16.6127;0.443442;-15.5182;-1.9181;-1.3436;
16.667;0.542817;-15.7088;-1.90591;-1.29334;
16.6876;0.206036;-15.9089;-2.00016;-1.46815;
16.7428;0.55249;-16.1276;-2.18756;-1.32341;
16.7953;0.524769;-16.3349;-2.07288;-1.32285;
16.8268;0.314832;-16.5372;-2.02339;-1.41644;
16.8563;0.295057;-16.7347;-1.97423;-1.42244;
16.8328;-0.234928;-16.9365;-2.01872;-1.68665;
16.8084;-0.243814;-17.1196;-1.83042;-1.70322;
16.8217;0.132507;-17.339;-2.19383;-1.51047;
16.7803;-0.413494;-17.5298;-1.90813;-1.7842;
16.64;-1.40319;-17.7176;-1.87836;-2.2124;
16.5205;-1.19508;-17.8775;-1.59892;-2.21265;
16.3895;-1.31001;-18.0243;-1.46788;-2.29942;
16.2693;-1.20181;-18.1535;-1.29204;-2.32003;
16.1146;-1.54721;-18.3131;-1.59644;-2.34054;
15.9834;-1.31152;-18.4657;-1.52602;-2.28075;
15.8337;-1.4976;-18.6388;-1.7309;-2.28406;
15.7279;-1.05753;-18.799;-1.6018;-2.15432;
15.5559;-1.72062;-18.9557;-1.56655;-2.40303;
15.3903;-1.65564;-19.1022;-1.46551;-2.41704;
15.2628;-1.27472;-19.2225;-1.20272;-2.38525;
15.1132;-1.49607;-19.338;-1.15563;-2.48388;
14.9539;-1.59269;-19.4582;-1.20164;-2.49524;
14.8214;-1.32576;-19.598;-1.39799;-2.32968;
14.6896;-1.31774;-19.7563;-1.58332;-2.2649;
14.552;-1.37565;-19.9302;-1.73856;-2.24019;
14.4297;-1.22366;-20.1087;-1.78549;-2.17161;
14.3453;-0.843108;-20.2612;-1.52428;-2.07603;
14.2457;-0.996515;-20.434;-1.72835;-2.09381;
14.0819;-1.63797;-20.6561;-2.2206;-2.20633;
13.9552;-1.26655;-20.7797;-1.23654;-2.36818;
13.8088;-1.46433;-20.8859;-1.06138;-2.5144;
13.6372;-1.71563;-20.9894;-1.03546;-2.59857;
13.4735;-1.63777;-21.1354;-1.45952;-2.41368;
13.3399;-1.33524;-21.245;-1.09662;-2.45401;
13.1459;-1.94032;-21.3765;-1.31523;-2.5459;
13.0397;-1.06232;-21.5566;-1.80059;-2.10382;
12.9863;-0.533578;-21.739;-1.82366;-1.85544;
12.9407;-0.456144;-21.9436;-2.04598;-1.79015;
12.8613;-0.793647;-22.1562;-2.12673;-1.92797;
12.801;-0.603898;-22.3605;-2.04263;-1.85826;
12.6948;-1.06202;-22.5048;-1.44344;-2.20512;
12.5774;-1.17327;-22.6693;-1.6441;-2.19061;
12.4519;-1.25519;-22.8445;-1.75287;-2.19223;
12.3342;-1.17739;-22.9858;-1.41287;-2.26554;
12.1717;-1.62458;-23.1667;-1.80837;-2.30271;
12.0294;-1.42276;-23.3153;-1.48612;-2.33442;
11.9641;-0.653697;-23.48;-1.64717;-1.94859;
11.8927;-0.713362;-23.6107;-1.30736;-2.07029;
11.7783;-1.1443;-23.7868;-1.76026;-2.14722;
11.6532;-1.25128;-23.9556;-1.68825;-2.20862;
11.5186;-1.34618;-24.1039;-1.48356;-2.30769;
11.3649;-1.53636;-24.3066;-2.02686;-2.2194;
11.319;-0.458793;-24.4837;-1.77065;-1.82433;
11.2209;-0.98117;-24.6698;-1.86068;-2.05606;
11.0478;-1.73161;-24.8292;-1.59392;-2.39757;
10.9081;-1.3967;-24.9727;-1.43564;-2.34245;
10.775;-1.33123;-25.0953;-1.22557;-2.3975;
10.6198;-1.55187;-25.2705;-1.7523;-2.29561;
10.5006;-1.19146;-25.4387;-1.68159;-2.18723;
10.3622;-1.38471;-25.579;-1.40301;-2.34963;
10.2204;-1.41804;-25.7282;-1.49254;-2.3306;
10.1117;-1.0866;-25.8941;-1.65925;-2.15059;
9.94808;-1.63622;-26.0875;-1.93319;-2.27319;
9.88577;-0.623093;-26.2955;-2.08035;-1.86181;
9.83397;-0.518016;-26.4978;-2.02262;-1.82152;
9.75334;-0.806261;-26.691;-1.93231;-1.96609;
9.65533;-0.98014;-26.888;-1.96971;-2.03253;
9.50988;-1.45444;-27.0426;-1.546;-2.32569;
9.37875;-1.31133;-27.1829;-1.40298;-2.32244;
9.24736;-1.31391;-27.3125;-1.29613;-2.363;
9.10196;-1.45399;-27.4643;-1.51866;-2.33444;
8.96395;-1.38007;-27.6127;-1.48322;-2.32019;
8.80811;-1.55848;-27.7489;-1.36212;-2.42333;
8.65563;-1.52476;-27.9418;-1.92917;-2.23964;
8.52865;-1.26975;-28.0975;-1.55737;-2.25481;
8.42206;-1.06592;-28.2464;-1.48871;-2.19218;
8.32314;-0.989185;-28.3761;-1.29745;-2.22219;
8.1693;-1.53844;-28.5472;-1.7106;-2.30326;
8.00062;-1.68675;-28.6817;-1.34472;-2.46855;
7.79902;-2.01601;-28.7352;-0.5348;-2.88229;
7.59495;-2.04073;-28.6874;0.477812;2.9116;
7.38638;-2.08571;-28.6358;0.516184;2.89898;
7.175;-2.1138;-28.5825;0.532823;2.89467;
6.96422;-2.10777;-28.5061;0.763766;2.79395;
6.77437;-1.89852;-28.5091;-0.0297609;-3.12592;
6.57711;-1.97259;-28.5233;-0.142723;-3.06937;
6.38991;-1.87205;-28.524;-0.00625104;-3.13825;
6.23062;-1.5929;-28.5967;-0.726875;-2.71349;
6.11173;-1.18885;-28.6866;-0.899924;-2.49364;
5.94489;-1.6684;-28.8192;-1.32596;-2.47006;
5.78457;-1.60322;-28.9905;-1.71235;-2.32329;
5.68295;-1.01621;-29.1194;-1.28922;-2.23832;
5.54768;-1.35271;-29.2677;-1.48294;-2.3103;
5.41246;-1.35221;-29.4082;-1.40523;-2.33697;
5.26228;-1.50179;-29.5478;-1.39589;-2.39273;
5.13339;-1.28888;-29.746;-1.9824;-2.14729;
5.03774;-0.95648;-29.892;-1.45996;-2.15078;

4.9159;-1.21838;29.9269;-1.811;-2.16301;
4.83644;-0.794576;29.7297;-1.97136;-1.95394;
4.76484;-0.716045;29.4992;-2.30554;-1.87193;
4.83091;0.660687;29.2623;-2.36838;-1.29875;
4.95563;1.24717;29.1315;-1.30848;-0.809382;
5.02679;0.711649;28.8831;-2.48399;-1.29178;
4.98137;-0.4542;28.716;-1.67098;-1.8362;
4.89278;-0.885919;28.5466;-1.69406;-2.05264;
4.82393;-0.68847;28.3601;-1.86436;-1.92454;
4.76569;-0.582413;28.1662;-1.93904;-1.86259;
4.71254;-0.531524;27.9359;-2.30314;-1.79761;
4.67015;-0.423844;27.7425;-1.934;-1.78654;
4.62995;-0.402007;27.5748;-1.6777;-1.80598;
4.58808;-0.418737;27.368;-2.06788;-1.77059;
4.54204;-0.46044;27.1744;-1.93558;-1.80434;
4.47082;-0.712153;26.9696;-2.04832;-1.9054;
4.39565;-0.751663;26.7953;-1.74232;-1.97809;
4.3147;-0.809587;26.6001;-1.95273;-1.96382;
4.20343;-1.11263;26.3819;-2.18128;-2.04247;
4.07708;-1.26349;26.2332;-1.4874;-2.27497;
3.94769;-1.2939;26.0793;-1.53941;-2.26976;
3.81216;-1.35531;25.9328;-1.46489;-2.31736;
3.66535;-1.46815;25.7975;-1.3524;-2.39721;
3.51536;-1.49989;25.6839;-1.13628;-2.49326;
3.31389;-2.01472;25.5917;-0.921618;-2.71257;
3.13307;-1.80818;25.508;-0.837523;-2.70783;
2.9029;-2.3017;25.4;-1.08018;-2.70281;
2.72998;-1.72914;25.3005;-0.99519;-2.61935;
2.48902;-2.40962;25.1488;-1.51608;-2.57999;
2.32942;-1.59598;25.0397;-1.09196;-2.54155;
2.16068;-1.68748;24.9268;-1.12873;-2.55206;
1.99491;-1.65769;24.8283;-0.985264;-2.60533;
1.82788;-1.67029;24.725;-1.03285;-2.58778;
1.61372;-2.14158;24.64;-0.849209;-2.76408;
1.41639;-1.97331;24.4864;-1.53631;-2.48007;
1.20561;-2.10778;24.3563;-1.30147;-2.58843;
1.06065;-1.4496;24.2548;-1.01423;-2.53109;
0.893494;-1.67158;24.1141;-1.40765;-2.4417;
0.737038;-1.56456;24.0095;-1.04624;-2.55218;
0.589208;-1.4783;23.8783;-1.31139;-2.41596;
0.417129;-1.72079;23.7465;-1.31844;-2.48782;
0.274327;-1.42801;23.6698;-0.766948;-2.64873;
0.108574;-1.65753;23.5193;-1.50451;-2.40455;
-0.0613439;-1.69918;23.4077;-1.11594;-2.56049;
-0.285271;-2.23928;23.2946;-1.1317;-2.67365;
-0.471618;-1.86347;23.2013;-0.932275;-2.67771;
-0.577876;-1.06258;23.0807;-1.20592;-2.29309;
-0.744868;-1.66992;22.9268;-1.53914;-2.39693;
-0.867295;-1.22427;22.7836;-1.43237;-2.27802;
-1.02698;-1.59681;22.642;-1.41584;-2.41619;
-1.14803;-1.21052;22.5105;-1.31517;-2.31478;
-1.31357;-1.65543;22.3792;-1.31308;-2.47102;
-1.51871;-2.05135;22.2904;-0.887643;-2.73321;
-1.67573;-1.57029;22.1235;-1.66949;-2.32558;
-1.80586;-1.30123;21.9742;-1.49224;-2.28793;
-1.97;-1.64142;21.8205;-1.53742;-2.3889;
-2.09088;-1.20878;21.7089;-1.11569;-2.39622;
-2.24793;-1.57055;21.5594;-1.49506;-2.38081;
-2.41634;-1.68411;21.4439;-1.15487;-2.5405;
-2.58446;-1.68117;21.3311;-1.12837;-2.55047;
-2.75041;-1.65948;21.2137;-1.17439;-2.52573;
-2.89694;-1.46536;21.0662;-1.47509;-2.35289;
-2.99958;-1.02632;20.8939;-1.72308;-2.108;
-3.10257;-1.02994;20.7805;-1.13342;-2.3084;
-3.2061;-1.03535;20.6056;-1.74875;-2.10535;
-3.30098;-0.94879;20.4388;-1.66858;-2.08782;
-3.35729;-0.563056;20.3;-1.38745;-1.95631;
-3.47367;-1.1638;20.1355;-1.64529;-2.18644;
-3.6122;-1.38531;19.9575;-1.7803;-2.23206;
-3.72468;-1.1248;19.8164;-1.41052;-2.24397;
-3.90467;-1.79989;19.6739;-1.42561;-2.47172;
-4.11534;-2.10675;19.581;-0.928685;-2.7264;
-4.34347;-2.28126;19.4636;-1.17387;-2.66636;
-4.56295;-2.1948;19.3452;-1.18449;-2.64671;
-4.75326;-1.90312;19.3047;-0.40486;-2.93198;
-4.94965;-1.96384;19.3208;0.161488;3.05955;
-5.15266;-2.03017;19.3399;0.191298;3.04764;
-5.33042;-1.7776;19.3626;0.226134;3.01506;
-5.5378;-2.07378;19.3451;-0.174548;-3.05762;
-5.77371;-2.35905;19.3237;-0.21398;-3.05113;
-5.96584;-1.92137;19.3196;-0.0409849;-3.12026;
-6.16191;-1.96068;19.3223;0.0272905;3.12767;
-6.38641;-2.24498;19.2896;-0.327472;-2.99675;
-6.61272;-2.26314;19.3502;0.606502;2.87975;
-6.75982;-1.47094;19.4344;0.841975;2.62171;
-6.93985;-1.8003;19.5255;0.91065;2.67329;
-7.13574;-1.95897;19.5594;0.339314;2.97008;
-7.33186;-1.96114;19.6337;0.742481;2.77967;
-7.51002;-1.78164;19.7237;0.900541;2.67359;
-7.69553;-1.85508;19.8396;1.15843;2.58338;
-7.88443;-1.88897;19.9561;1.16558;2.58873;
-8.04996;-1.65537;20.0731;1.16981;2.5264;
-8.21082;-1.60857;20.1912;1.18112;2.50824;
-8.35109;-1.40269;20.3201;1.28868;2.39853;
-8.54686;-1.95765;20.4013;0.812213;2.74831;
-8.73479;-1.87935;20.4614;0.60119;2.83199;
-8.91989;-1.851;20.5119;0.504474;2.87551;
-9.11121;-1.91315;20.5682;0.563138;2.85533;
-9.30262;-1.91416;20.6282;0.599804;2.83793;
-9.50151;-1.9889;20.6843;0.561142;2.8666;
-9.71836;-2.16847;20.7295;0.451931;2.93612;
-9.9614;-2.43037;20.7981;0.686465;2.86631;
-10.2196;-2.58168;20.8373;0.391776;2.99099;
-10.3884;-1.68858;20.8301;-0.0725585;-3.09865;
-10.5429;-1.5443;20.797;-0.33101;-2.93044;
-10.7325;-1.89625;20.763;-0.339896;-2.96423;
-10.9249;-1.92471;20.7013;-0.616421;-2.83165;
-11.1216;-1.96669;20.6122;-0.891462;-2.71601;
-11.3059;-1.84323;20.5063;-1.05898;-2.62012;
-11.4843;-1.78395;20.4164;-0.898803;-2.67489;
-11.6004;-1.16047;20.3466;-0.69802;-2.60007;
-11.7724;-1.72068;20.2433;-1.03308;-2.60089;
-11.9847;-2.12232;20.1195;-1.23814;-2.61348;
-12.2334;-2.48693;20.0424;-0.770805;-2.84104;
-12.3288;-0.954452;19.9104;-1.31978;-2.19692;
-12.5327;-2.03897;19.8157;-0.947325;-2.70666;
-12.7147;-1.81945;19.7399;-0.75789;-2.7469;
-12.8922;-1.77569;19.6656;-0.742944;-2.74533;
-13.1204;-2.28159;19.5773;-0.883105;-2.77229;
-13.2835;-1.63087;19.4722;-1.05066;-2.56928;
-13.4917;-2.08219;19.4155;-0.567453;-2.87553;
-13.6076;-1.15865;19.3853;-0.302017;-2.8866;
-13.7943;-1.86789;19.3092;-0.760825;-2.75479;
-13.96;-1.65606;19.2005;-1.08695;-2.56077;
-14.1266;-1.66638;19.091;-1.09541;-2.56006;
-14.3052;-1.78598;19.0005;-0.904819;-2.67266;
-14.47;-1.64838;18.8824;-1.18088;-2.51995;
-14.6109;-1.40834;18.7817;-1.00666;-2.52101;
-14.7961;-1.85233;18.686;-0.956759;-2.66482;
-14.9493;-1.53246;18.6049;-0.811773;-2.65445;
-15.1289;-1.79558;18.513;-0.918495;-2.66876;
-15.3076;-1.78701;18.3975;-1.15534;-2.56767;
-15.5057;-1.98095;18.3155;-0.819391;-2.74939;
-15.7087;-2.03054;18.2757;-0.398572;-2.94777;
-15.8904;-1.81662;18.163;-1.12733;-2.58619;
-16.0551;-1.64733;18.0544;-1.0854;-2.559;
-16.1567;-1.0157;17.9927;-0.617495;-2.59535;
-16.3184;-1.61719;17.8758;-1.16874;-2.51579;
-16.4431;-1.24652;17.7551;-1.20688;-2.37235;
-16.582;-1.38926;17.6112;-1.43946;-2.33845;
-16.7387;-1.56711;17.4692;-1.42007;-2.40538;
-16.8743;-1.3554;17.356;-1.13185;-2.44583;
-17.0937;-2.19412;17.2458;-1.10213;-2.6761;
-17.228;-1.34323;17.0639;-1.8186;-2.20697;
-17.3287;-1.00677;16.8907;-1.73226;-2.09727;
-17.4126;-0.839209;16.7214;-1.69228;-2.03116;
-17.5023;-0.89746;16.5431;-1.78315;-2.03708;
-17.5931;-0.907468;16.348;-1.95125;-2.00611;
-17.652;-0.588832;16.1417;-2.06274;-1.84886;
-17.7603;-1.08329;15.9819;-1.59848;-2.1664;
-17.8549;-0.945945;15.829;-1.52853;-2.12497;
-17.9584;-1.03469;15.6677;-1.61329;-2.14107;
-18.0622;-1.03818;15.4958;-1.71894;-2.11412;
-18.1814;-1.19237;15.3181;-1.77688;-2.16183;
-18.266;-0.845521;15.1682;-1.49871;-2.08445;
-18.3711;-1.05128;15.0082;-1.60073;-2.1519;
-18.4653;-0.941657;14.8818;-1.26329;-2.21135;
-18.5491;-0.837902;14.6758;-2.06056;-1.95701;
-18.6422;-0.93129;14.4934;-1.82409;-2.04285;
-18.7267;-0.844705;14.2954;-1.98001;-1.97404;
-18.8208;-0.941429;14.1593;-1.36075;-2.17603;
-18.9078;-0.870513;14.0349;-1.24448;-2.18119;
-19.0578;-1.49915;13.9219;-1.13001;-2.49568;
-19.1841;-1.26317;13.7332;-1.88614;-2.1609;
-19.273;-0.889199;13.5026;-2.30675;-1.93872;
-19.3896;-1.16577;13.2699;-2.32686;-2.03525;
-19.4642;-0.746182;13.0744;-1.95493;-1.93542;
-19.5035;-0.393203;12.8862;-1.88221;-1.77674;
-19.5492;-0.456933;12.7068;-1.79361;-1.82025;
-19.5344;0.147891;12.5073;-1.9948;-1.49679;
-19.495;0.393954;12.2885;-2.18866;-1.39271;
-19.4275;0.675147;12.1071;-1.81331;-1.21437;
-19.4385;-0.109547;11.9408;-1.6635;-1.63656;
-19.4205;0.179241;11.7278;-2.12973;-1.48683;
-19.378;0.424961;11.533;-1.94827;-1.35604;
-19.3449;0.331166;11.3375;-1.9544;-1.40294;
-19.3347;0.102329;11.1203;-2.17209;-1.52372;
-19.2983;0.364226;10.9363;-1.84001;-1.37537;
-19.2985;-0.00223872;10.7137;-2.22643;-1.5718;
-19.292;0.0647519;10.5123;-2.01353;-1.53865;
-19.2838;0.0825235;10.3222;-1.90112;-1.52742;
-19.2746;0.0918865;10.1185;-2.03752;-1.52573;
-19.2675;0.0708093;9.91416;-2.04302;-1.53615;
-19.1589;1.08603;9.75089;-1.63277;-0.983847;
-19.0982;0.606691;9.59859;-1.52298;-1.19171;
-19.0411;0.571702;9.39884;-1.99753;-1.29204;
-18.9701;0.709175;9.19107;-2.0777;-1.24187;
-18.9127;0.574241;8.9388;-2.52265;-1.34698;
-18.7829;1.29803;8.76134;-1.77465;-0.93929;
-18.5785;2.04398;8.5859;-1.75437;-0.709298;
-18.4661;1.12448;8.39852;-1.87375;-1.03029;
-18.358;1.08082;8.22443;-1.74091;-1.0152;
-18.3;0.580027;8.03607;-1.88363;-1.27208;
-18.2245;0.754548;7.838;-1.98072;-1.20682;
-18.1509;0.736538;7.65323;-1.84769;-1.19147;
-18.0768;0.740471;7.47253;-1.80698;-1.18188;
-18.026;0.507904;7.33332;-1.39208;-1.22095;
-17.9798;0.462675;7.13055;-2.02771;-1.34646;
-17.8788;1.00937;6.91983;-2.10726;-1.12409;
-17.8007;0.781149;6.69699;-2.22842;-1.23364;
-17.7713;0.29366;6.49031;-2.06678;-1.42965;
-17.6298;1.4158;6.29715;-1.93154;-0.93827;
-17.5128;1.16976;6.14131;-1.55841;-0.926902;
-17.4116;1.01173;5.96263;-1.7868;-1.05558;
-17.3141;0.974865;5.77892;-1.83718;-1.08295;
-17.2262;0.879103;5.59706;-1.81851;-1.1205;
-17.0818;1.44433;5.37593;-2.2113;-0.992203;
-16.9699;1.11849;5.20684;-1.69095;-0.986409;
-16.9104;0.595135;5.05052;-1.56324;-1.20703;
-16.784;1.2644;4.88909;-1.6143;-0.906352;
-16.6616;1.22357;4.7104;-1.78683;-0.970363;
-16.5633;0.983702;4.54;-1.70402;-1.04725;
-16.484;0.79277;4.35867;-1.81331;-1.15864;
-16.372;1.11969;4.20069;-1.57975;-0.954204;
-16.3152;0.567961;4.00076;-1.9993;-1.29401;
-16.2973;0.179191;3.78454;-2.16222;-1.48811;
-16.2353;0.619626;3.55517;-2.29373;-1.30695;
-16.2253;0.100794;3.37055;-1.84623;-1.51626;
-16.2008;0.245038;3.14378;-2.26763;-1.46316;
-16.1954;0.0532615;2.89746;-2.46323;-1.54918;
-16.2444;-0.489969;2.68349;-2.1397;-1.7959;
-16.2889;-0.444311;2.44684;-2.36654;-1.75638;
-16.2823;0.0653988;2.25278;-1.94055;-1.53711;
-16.2955;-0.131684;2.06823;-1.8455;-1.64203;
-16.3206;-0.251023;1.87409;-1.94139;-1.69938;
-16.3437;-0.231363;1.67548;-1.98611;-1.68676;
-16.3821;-0.383868;1.49682;-1.78661;-1.78244;
-16.39;-0.078603;1.29233;-2.04492;-1.60922;
-16.382;0.0793177;1.1062;-1.86132;-1.52821;
-16.3563;0.257746;0.913523;-1.92675;-1.43781;
-16.3196;0.366882;0.713117;-2.00405;-1.38973;
-16.2451;0.744807;0.552574;-1.60544;-1.13642;
-16.1776;0.675164;0.36505;-1.87524;-1.2252;
-16.1391;0.38516;0.176877;-1.88173;-1.3689;
-16.0629;0.761325;-0.00515847;-1.82036;-1.17468;
-15.9585;1.04386;-0.190459;-1.85301;-1.05778;
-15.8706;0.879064;-0.354679;-1.64219;-1.07931;
-15.8413;0.293723;-0.571825;-2.17146;-1.43635;
-15.8049;0.364084;-0.778177;-2.06352;-1.39616;
-15.7158;0.89015;-0.999462;-2.21285;-1.18834;
-15.6311;0.847652;-1.19839;-1.98925;-1.16798;
-15.554;0.770846;-1.40862;-2.10237;-1.21936;
-15.5441;0.0984266;-1.57908;-1.70458;-1.51312;
-15.5286;0.155838;-1.77813;-1.99049;-1.49266;
-15.5155;0.130848;-1.96353;-1.85398;-1.50034;
-15.5014;0.141248;-2.17942;-2.15889;-1.50546;
-15.506;-0.0464457;-2.36049;-1.81075;-1.59644;
-15.5018;0.041547;-2.5591;-1.98608;-1.54988;
-15.4356;0.662301;-2.79274;-2.33643;-1.29458;
-15.3718;0.637699;-2.93229;-1.39552;-1.14217;
-15.4055;-0.336398;-3.16149;-2.29197;-1.71653;
-15.4749;-0.694451;-3.36562;-2.04134;-1.89871;
-15.4884;-0.134243;-3.55541;-1.89784;-1.64141;
-15.4914;-0.0306617;-3.75806;-2.02653;-1.58593;
-15.5316;-0.401369;-4.00309;-2.45029;-1.73316;
-15.5807;-0.491586;-4.20188;-1.98791;-1.81322;
-15.6262;-0.454352;-4.36533;-1.63448;-1.84193;
-15.6741;-0.479061;-4.55483;-1.89499;-1.81841;
-15.718;-0.439154;-4.74569;-1.9086;-1.79695;
-15.7926;-0.746731;-4.99176;-2.46073;-1.86542;
-15.8674;-0.747501;-5.18839;-1.96623;-1.93409;
-15.8644;0.0303039;-5.35183;-1.6344;-1.55226;
-15.9151;-0.507098;-5.60676;-2.54936;-1.76715;
-15.9225;-0.0742563;-5.81624;-2.09479;-1.60623;
-16.0059;-0.834182;-6.01407;-1.97833;-1.96984;
-16.1028;-0.969226;-6.20129;-1.87214;-2.04851;
-16.2133;-1.10472;-6.36791;-1.66622;-2.15626;
-16.2782;-0.649052;-6.53917;-1.71265;-1.93305;
-16.3867;-1.08459;-6.73152;-1.92352;-2.08421;
-16.4533;-0.666318;-6.8872;-1.55676;-1.97522;
-16.6576;-2.04249;-7.01976;-1.32561;-2.56591;
-16.8191;-1.61547;-7.12245;-1.02688;-2.57537;
-17.0086;-1.89494;-7.23458;-1.1213;-2.60727;
-17.1685;-1.59887;-7.35296;-1.18382;-2.50426;
-17.3402;-1.71733;-7.47479;-1.21825;-2.52459;
-17.5075;-1.67238;-7.54835;-0.735639;-2.72719;
-17.7001;-1.92662;-7.63433;-0.859798;-2.72184;
-17.8833;-1.83199;-7.72535;-0.91018;-2.68049;
-18.0753;-1.92015;-7.77996;-0.546086;-2.86451;
-18.282;-2.06639;-7.89861;-1.18655;-2.62035;
-18.523;-2.41038;-7.90944;-0.108247;-3.09671;
-18.7254;-2.02353;-7.90887;0.00571726;3.13877;
-18.94;-2.14626;-7.91456;-0.0569814;-3.11505;
-19.1426;-2.02622;-7.896;0.185605;3.05025;
-19.366;-2.23342;-7.87605;0.19953;3.05249;
-19.5738;-2.07873;-7.87155;0.0450581;3.11992;
-19.7533;-1.7943;-7.88869;-0.17147;-3.04632;
-19.9544;-2.01185;-7.88135;0.0734557;3.1051;
-20.1788;-2.24351;-7.78702;0.943229;2.7436;
-20.3615;-1.82713;-7.84809;-0.610621;-2.81906;
-20.5633;-2.01832;-7.86157;-0.134853;-3.07488;
-20.7877;-2.24408;-7.91754;-0.559729;-2.89716;
-20.972;-1.84272;-7.95911;-0.415657;-2.91974;
-21.1488;-1.76783;-7.9411;0.180075;3.04008;
-21.3382;-1.8945;-7.99588;-0.547796;-2.86012;
-21.5382;-1.99943;-8.03998;-0.441028;-2.92449;
-21.7576;-2.19435;-8.04501;-0.0502276;-3.11871;
-21.9094;-1.5179;-8.08175;-0.367427;-2.9041;
-22.1219;-2.12517;-8.1624;-0.806523;-2.77887;
-22.2826;-1.60656;-8.22363;-0.61224;-2.7775;
-22.4825;-1.99892;-8.25078;-0.271551;-3.00657;
-22.681;-1.98526;-8.25969;-0.0890517;-3.09677;
-22.8567;-1.75651;-8.28283;-0.231447;-3.01058;
-23.0922;-2.3557;-8.28245;0.00385657;3.13996;
-23.3035;-2.11305;-8.19397;0.884782;2.74505;
-23.5275;-2.23965;-8.15632;0.376458;2.97506;
-23.7342;-2.06707;-8.09447;0.61854;2.85084;
-23.9241;-1.89911;-8.00079;0.936794;2.68333;
-24.1175;-1.93367;-7.93004;0.707463;2.79085;
-24.2716;-1.54095;-7.87041;0.596282;2.77238;
-24.4055;-1.33884;-7.86106;0.0934935;3.07187;
-24.6176;-2.12169;-7.78049;0.805761;2.77864;
-24.7683;-1.50649;-7.72127;0.592183;2.76706;
-24.9582;-1.8993;-7.65474;0.665268;2.80468;
-25.1379;-1.79644;-7.54957;1.05176;2.61193;
-25.3334;-1.9557;-7.48665;0.629158;2.83034;
-25.5269;-1.93438;-7.46591;0.207424;3.03477;
-25.7188;-1.91926;-7.42335;0.425582;2.92338;
-25.9315;-2.127;-7.39868;0.246668;3.02614;
-26.1207;-1.8924;-7.32878;0.699011;2.78776;
-26.3349;-2.142;-7.30451;0.242732;3.02875;
-26.4979;-1.62963;-7.36208;-0.575704;-2.80201;
-26.7082;-2.10356;-7.43255;-0.704684;-2.81835;
-26.8857;-1.77448;-7.51;-0.774512;-2.73005;
-27.0942;-2.08458;-7.57423;-0.642312;-2.8427;
-27.2751;-1.80955;-7.60582;-0.31589;-2.96877;
-27.4436;-1.68512;-7.63979;-0.339654;-2.9427;
-27.5994;-1.55807;-7.67619;-0.364013;-2.91208;
-27.8033;-2.03883;-7.73984;-0.636501;-2.83899;
-27.9998;-1.96445;-7.82841;-0.885734;-2.71801;
-28.1454;-1.45651;-7.92724;-0.988258;-2.54543;
-28.303;-1.57566;-8.06198;-1.34743;-2.43412;
-28.4432;-1.40217;-8.20547;-1.4349;-2.34466;
-28.6349;-1.9174;-8.33039;-1.24925;-2.56414;
-28.7378;-1.02845;-8.53906;-2.08667;-2.02872;
-28.7553;-0.175502;-8.73823;-1.99164;-1.65869;
-28.8022;-0.469056;-8.96776;-2.29538;-1.77237;
-28.9571;-1.54847;-9.1732;-2.05435;-2.21669;
-29.0402;-0.831266;-9.37312;-1.99925;-1.96484;
-29.0754;-0.351522;-9.553;-1.7988;-1.76378;
-29.1503;-0.749236;-9.75871;-2.05705;-1.92009;
-29.2042;-0.539113;-9.95506;-1.96352;-1.83876;
-29.2965;-0.923136;-10.1172;-1.62176;-2.08828;
-29.3686;-0.720737;-10.3011;-1.83839;-1.94443;
-29.4378;-0.692543;-10.487;-1.85889;-1.92742;
-29.5165;-0.786787;-10.6689;-1.81938;-1.97896;
-29.5886;-0.721297;-10.8574;-1.88494;-1.93627;
-29.6714;-0.827847;-11.0382;-1.80804;-2.00017;
-29.7501;-0.787109;-11.2221;-1.8388;-1.97525;
-29.812;-0.618232;-11.4174;-1.95321;-1.87734;
-29.8471;-0.350985;-11.6156;-1.98195;-1.74607;
-29.8712;-0.241759;-11.8139;-1.98322;-1.6921;
-29.884;-0.127986;-12.0093;-1.95362;-1.63622;
-29.8724;0.116386;-12.199;-1.89721;-1.50953;
-29.8893;-0.169482;-12.3757;-1.76668;-1.66644;
-29.9104;-0.211026;-12.5792;-2.0357;-1.67409;
-29.926;-0.155289;-12.7827;-2.03412;-1.64699;
-29.9447;-0.187462;-12.9976;-2.1491;-1.6578;
-29.9577;-0.129897;-13.1915;-1.93915;-1.63768;
-29.9645;-0.0681663;-13.3806;-1.89129;-1.60682;
-29.9681;-0.036224;-13.585;-2.04433;-1.58851;
-29.9672;0.00953458;-13.7602;-1.75115;-1.56535;
-29.9756;-0.0836116;-13.8881;-1.27991;-1.63603;
-29.9817;-0.0616973;-14.0755;-1.87363;-1.60371;
-29.9693;0.123801;-14.3123;-2.36817;-1.51857;
-29.9573;0.120869;-14.5114;-1.99117;-1.51017;
-29.9384;0.188843;-14.7074;-1.95954;-1.47472;
-29.9186;0.197244;-14.9657;-2.58329;-1.49459;
-29.9254;-0.0678532;-15.152;-1.86308;-1.6072;
-29.9268;-0.013214;-15.3754;-2.23333;-1.57671;
-29.8969;0.298962;-15.5372;-1.61803;-1.38809;
-29.7934;1.03506;-15.7319;-1.94691;-1.08216;
-29.6954;0.979951;-15.9184;-1.86516;-1.08704;
-29.6354;0.599987;-16.1532;-2.3486;-1.32068;
-29.5891;0.462762;-16.382;-2.28748;-1.37119;
-29.5266;0.624638;-16.5743;-1.92325;-1.25676;
-29.4518;0.748052;-16.7746;-2.00245;-1.21328;
-29.3636;0.882108;-16.9692;-1.94605;-1.14522;
-29.2809;0.826747;-17.1515;-1.82337;-1.1451;
-29.2098;0.710835;-17.3318;-1.80327;-1.19531;
-29.1579;0.519901;-17.5324;-2.00574;-1.31717;
-29.1247;0.331463;-17.7238;-1.91436;-1.39935;
-29.0945;0.301776;-17.8928;-1.68979;-1.39407;
-29.0581;0.364782;-18.0856;-1.92825;-1.38383;
-29.0049;0.531271;-18.2521;-1.66477;-1.26189;
-28.878;1.26898;-18.385;-1.32899;-0.80849;
-28.7784;0.996506;-18.526;-1.41033;-0.955669;
-28.6656;1.12802;-18.6896;-1.63546;-0.966998;
-28.5529;1.12633;-18.8566;-1.66962;-0.97732;
-28.4462;1.06713;-19.0229;-1.66336;-1.00038;
-28.3462;1.0002;-19.1954;-1.72488;-1.04531;
-28.2659;0.803165;-19.3806;-1.85208;-1.16162;
-28.1977;0.682058;-19.5783;-1.97677;-1.23855;
-28.1359;0.617504;-19.7733;-1.95013;-1.26414;
-28.0751;0.608515;-19.97;-1.96684;-1.27075;
-28.0385;0.366043;-20.1386;-1.6868;-1.35711;
-27.9675;0.710279;-20.3298;-1.91202;-1.21511;
-27.8524;1.15037;-20.5059;-1.76012;-0.991913;
-27.716;1.36426;-20.6707;-1.64891;-0.879585;
-27.567;1.49007;-20.8902;-2.19508;-0.974426;
-27.4702;0.967769;-21.006;-1.15798;-0.87464;
-27.3353;1.34941;-21.1502;-1.44171;-0.818452;
-27.1968;1.38505;-21.325;-1.7479;-0.900701;
-27.0558;1.41002;-21.4635;-1.3845;-0.776267;
-26.8926;1.63119;-21.5965;-1.3309;-0.684365;
-26.7426;1.5006;-21.7268;-1.30269;-0.714918;
-26.5888;1.53793;-21.7968;-0.699832;-0.427045;
-26.422;1.66757;-21.8833;-0.865417;-0.478707;
-26.1708;2.51252;-21.9244;-0.410167;-0.161822;
-26.0204;1.50364;-21.9649;-0.40501;-0.263109;
-25.8382;1.82239;-22.0407;-0.758151;-0.39424;
-25.6355;2.0267;-22.07;-0.293399;-0.143768;
-25.4214;2.14101;-22.0673;0.0270863;0.0126505;
-25.2481;1.73306;-22.0676;-0.00332618;-0.00191925;
-25.0419;2.06167;-22.0643;0.0335962;0.0162942;
-24.8332;2.08747;-22.0766;-0.123023;-0.0588657;
-24.6539;1.7925;-22.0626;0.140188;0.0780488;
-24.4496;2.04344;-22.0399;0.226513;0.110398;
-24.2514;1.98225;-22.0095;0.30367;0.152013;
-24.0381;2.13255;-21.988;0.215119;0.100534;
-23.8572;1.80923;-21.986;0.0204846;0.0113218;
-23.6471;2.10094;-21.9646;0.213999;0.101509;
-23.4584;1.88647;-21.9204;0.442127;0.230213;
-23.2283;2.30138;-21.9038;0.166018;0.0720134;
-23.0412;1.87086;-21.9171;-0.13376;-0.0713753;
-22.8427;1.9848;-21.9318;-0.146892;-0.073874;
-22.6409;2.01834;-21.9401;-0.082473;-0.0408392;
-22.3905;2.50406;-21.9742;-0.341457;-0.135525;
-22.2178;1.72733;-22.0095;-0.353087;-0.201634;
-22.0281;1.89703;-22.0484;-0.388198;-0.201848;
-21.8231;2.0501;-22.0517;-0.0338599;-0.0165147;
-21.6956;1.27441;-22.0688;-0.170154;-0.132731;
-21.4943;2.01291;-22.1138;-0.450484;-0.220169;
-21.3231;1.71249;-22.1562;-0.423796;-0.242599;
-21.132;1.91035;-22.2202;-0.640192;-0.323356;
-20.9999;1.32166;-22.3284;-1.08239;-0.686197;
-20.8436;1.56287;-22.5041;-1.75607;-0.843544;
-20.7281;1.15505;-22.6611;-1.57035;-0.936614;
-20.6318;0.963065;-22.8182;-1.57106;-1.02087;
-20.5149;1.16885;-22.9951;-1.76875;-0.986841;
-20.4271;0.877968;-23.1867;-1.91678;-1.14127;
-20.316;1.11046;-23.3913;-2.04537;-1.07341;
-20.2327;0.833206;-23.5797;-1.88424;-1.15445;
-20.1608;0.718924;-23.7744;-1.94677;-1.21704;
-20.071;0.898809;-23.9509;-1.76529;-1.09985;
-19.9087;1.62211;-24.108;-1.57048;-0.769228;
-19.7544;1.54353;-24.231;-1.23084;-0.673162;
-19.5136;2.4077;-24.3787;-1.47662;-0.550136;
-19.4096;1.04032;-24.5396;-1.60908;-0.996864;
-19.2791;1.30464;-24.7084;-1.68787;-0.912768;
-19.191;0.881577;-24.8907;-1.82295;-1.12036;
-19.1136;0.774081;-25.121;-2.30287;-1.24652;
-19.0201;0.934762;-25.307;-1.86059;-1.10523;
-18.963;0.571032;-25.4998;-1.92744;-1.28277;
-18.9462;0.167305;-25.6675;-1.67696;-1.47136;
-19.0325;-0.862293;-25.8606;-1.93136;-1.99071;
-19.0982;-0.657446;-26.0461;-1.85445;-1.9115;
-19.1466;-0.484226;-26.1687;-1.22597;-1.94696;
-19.2066;-0.599378;-26.3574;-1.88772;-1.87824;
-19.2044;0.0220556;-26.5065;-1.49115;-1.55601;
-19.232;-0.276363;-26.7125;-2.05969;-1.70418;
-19.2531;-0.21113;-26.9426;-2.30098;-1.6623;
-19.2695;-0.163964;-27.1547;-2.12039;-1.64797;
-19.283;-0.134681;-27.3796;-2.24958;-1.63059;
-19.2428;0.401371;-27.6022;-2.22563;-1.39237;
-19.1613;0.815745;-27.8034;-2.01236;-1.18567;
-19.108;0.533155;-27.9817;-1.78267;-1.28019;
-19.0694;0.385729;-28.2163;-2.34635;-1.40786;
-19.0301;0.393047;-28.4389;-2.22622;-1.39604;
-18.9673;0.628115;-28.6065;-1.67539;-1.21211;
-18.8592;1.08112;-28.7884;-1.81954;-1.03467;
-18.7298;1.29326;-28.9414;-1.53015;-0.869104;
-18.6014;1.28479;-29.0948;-1.53389;-0.873542;
-18.4781;1.23227;-29.2518;-1.56969;-0.905246;
-18.3643;1.13846;-29.4054;-1.53628;-0.933046;
-18.2468;1.17496;-29.5449;-1.39449;-0.870629;
-18.1097;1.37096;-29.689;-1.44102;-0.810307;
-17.9726;1.37074;-29.8641;-1.75152;-0.906755;

-17.8728;0.997937;29.9588;-1.77098;-1.05765;
-17.7805;0.923471;29.7798;-1.7899;-1.09448;
-17.7671;0.133325;29.5829;-1.96907;-1.50319;
-17.7537;0.134412;29.3833;-1.99609;-1.50356;
-17.7431;0.106289;29.1899;-1.93384;-1.51589;
-17.724;0.190278;29.0279;-1.61966;-1.45385;
-17.7172;0.0686407;28.8546;-1.73345;-1.53122;
-17.6834;0.338139;28.6862;-1.68403;-1.37264;
-17.6288;0.546121;28.5025;-1.83713;-1.28185;
-17.5713;0.574227;28.3101;-1.92366;-1.28071;
-17.518;0.533134;28.1051;-2.0494;-1.3163;
-17.4864;0.31581;27.9441;-1.61097;-1.37721;
-17.4495;0.369676;27.7829;-1.61145;-1.34529;
-17.4054;0.440446;27.5789;-2.03975;-1.35813;
-17.3854;0.200266;27.3565;-2.22443;-1.48101;
-17.3567;0.287066;27.1964;-1.60047;-1.39332;
-17.3219;0.348163;27.0004;-1.96014;-1.39501;
-17.2759;0.459303;26.8106;-1.8979;-1.33336;
-17.2266;0.49387;26.6604;-1.50199;-1.25312;
-17.1656;0.609409;26.4637;-1.96755;-1.27044;
-17.1215;0.441546;26.284;-1.79711;-1.32987;
-17.051;0.7042;26.0255;-2.58467;-1.3048;
-17.0039;0.470968;25.8393;-1.8617;-1.32302;
-16.917;0.869512;25.6307;-2.08648;-1.17595;
-16.8465;0.705163;25.4546;-1.76111;-1.18994;
-16.7279;1.18601;25.2618;-1.92826;-1.01937;
-16.6382;0.89647;25.0726;-1.89134;-1.12818;
-16.6087;0.294838;24.9061;-1.66488;-1.39552;
-16.5686;0.401771;24.6711;-2.35075;-1.40152;
-16.519;0.495948;24.4987;-1.72341;-1.2906;
-16.4817;0.373119;24.3113;-1.87441;-1.37431;
-16.4409;0.407431;24.1123;-1.98983;-1.36883;
-16.357;0.839277;23.9515;-1.60799;-1.08975;
-16.239;1.18013;23.7644;-1.87057;-1.00797;
-16.1321;1.06865;23.5795;-1.84884;-1.0467;
-16.0474;0.847241;23.4201;-1.59498;-1.08251;
-15.9945;0.528477;23.2714;-1.48637;-1.22919;
-15.9453;0.492135;23.0781;-1.93265;-1.32145;
-15.9257;0.19669;22.8558;-2.22346;-1.48256;
-15.9099;0.157464;22.6732;-1.82577;-1.48476;
-15.9307;-0.20832;22.4678;-2.05379;-1.67188;
-15.963;-0.3225;22.2795;-1.88389;-1.74034;
-15.9809;-0.179062;22.0789;-2.00541;-1.65985;
-15.98;0.00932588;21.8668;-2.12157;-1.5664;
-16.0319;-0.519835;21.725;-1.4179;-1.9222;
-16.1088;-0.768228;21.5493;-1.75662;-1.98307;
-16.1802;-0.713844;21.3545;-1.94847;-1.92197;
-16.2253;-0.45168;21.1691;-1.85394;-1.80977;
-16.2752;-0.498817;20.9733;-1.95747;-1.82031;
-16.293;-0.177481;20.7483;-2.24977;-1.64952;
-16.3105;-0.175437;20.5601;-1.88287;-1.6637;
-16.2515;0.589766;20.3989;-1.6114;-1.21994;
-16.1784;0.731572;20.2128;-1.86132;-1.19631;
-16.1078;0.705994;20.0327;-1.80079;-1.19716;
-16.0594;0.483533;19.833;-1.99749;-1.33329;
-16.0142;0.451791;19.6018;-2.31206;-1.37782;
-15.9593;0.549407;19.4181;-1.83638;-1.28009;
-15.8813;0.779507;19.2089;-2.09173;-1.21408;
-15.7633;1.18003;19.0286;-1.80386;-0.991497;
-15.5996;1.63737;18.7875;-2.41035;-0.974092;
-15.5063;0.933351;18.6142;-1.73353;-1.07689;
-15.4132;0.930582;18.4289;-1.85291;-1.10537;
-15.3263;0.869092;18.2466;-1.82232;-1.12579;
-15.2375;0.887913;18.0488;-1.97866;-1.14899;
-15.1491;0.884308;17.8939;-1.54869;-1.05197;
-14.9604;1.88723;17.7288;-1.65151;-0.718885;
-14.838;1.22314;17.6207;-1.08064;-0.723624;
-14.6921;1.45981;17.5042;-1.16468;-0.673415;
-14.56;1.321;17.4127;-0.915593;-0.606082;
-14.4096;1.50319;17.3364;-0.7627;-0.469541;
-14.2431;1.66524;17.2361;-1.00305;-0.542141;
-14.0407;2.02401;17.1273;-1.08755;-0.493059;
-13.8661;1.74604;17.0394;-0.879857;-0.466774;
-13.683;1.8312;16.9435;-0.958885;-0.482378;
-13.5429;1.40127;16.8098;-1.33624;-0.761646;
-13.4394;1.0344;16.7083;-1.01499;-0.775927;
-13.3104;1.28998;16.4987;-2.09633;-1.01917;
-13.1565;1.53946;16.3368;-1.61932;-0.810675;
-12.9874;1.69073;16.2443;-0.924469;-0.500372;
-12.8481;1.39312;16.124;-1.20302;-0.712306;
-12.7192;1.28938;15.9284;-1.95606;-0.988001;
-12.6007;1.18414;15.7375;-1.90958;-1.01573;
-12.496;1.04715;15.5709;-1.66551;-1.00952;
-12.3651;1.30901;15.3458;-2.25106;-1.04409;
-12.3106;0.544797;15.1786;-1.67179;-1.25577;
-12.2884;0.222794;14.9823;-1.96302;-1.45778;
-12.2759;0.125136;14.7353;-2.47044;-1.52019;
-12.2742;0.0165535;14.5343;-2.00999;-1.56256;
-12.2428;0.314268;14.3617;-1.72529;-1.39062;
-12.208;0.347693;14.1205;-2.41205;-1.42763;
-12.18;0.28052;13.9162;-2.0435;-1.43437;
-12.1475;0.324939;13.705;-2.11186;-1.41813;
-12.1159;0.315412;13.4978;-2.07232;-1.41975;
-12.0914;0.244964;13.2978;-1.99971;-1.4489;
-12.0541;0.373631;13.0592;-2.38639;-1.41549;
-12.084;-0.299149;12.8996;-1.59577;-1.75611;
-12.1198;-0.358783;12.6919;-2.07651;-1.74189;
-12.1822;-0.623349;12.5248;-1.67103;-1.92784;
-12.2607;-0.785274;12.3434;-1.81478;-1.97918;
-12.3461;-0.854274;12.1454;-1.97938;-1.97823;
-12.4236;-0.774892;11.9578;-1.87612;-1.96248;
-12.4993;-0.756781;11.7759;-1.81911;-1.96503;
-12.5578;-0.584743;11.5843;-1.91617;-1.86698;
-12.6048;-0.470064;11.3984;-1.85865;-1.81851;
-12.6445;-0.397536;11.2107;-1.87727;-1.77948;
-12.6851;-0.406087;11.0107;-2.00022;-1.7711;
-12.7098;-0.246339;10.7776;-2.33101;-1.67608;
-12.7079;0.019244;10.6169;-1.60652;-1.55882;
-12.7044;0.0343382;10.4161;-2.00806;-1.5537;
-12.7035;0.00926969;10.2149;-2.01225;-1.56619;
-12.692;0.114921;10.0068;-2.08077;-1.51562;
-12.6788;0.131563;9.80344;-2.03369;-1.50619;
-12.6648;0.140126;9.56491;-2.38528;-1.51212;
-12.6573;0.0748722;9.36007;-2.04837;-1.53426;
-12.6132;0.441093;9.1081;-2.51974;-1.3975;
-12.5814;0.318453;8.90134;-2.06763;-1.41798;
-12.5478;0.335537;8.70225;-1.99087;-1.40383;
-12.4962;0.516771;8.56223;-1.40024;-1.21724;
-12.4318;0.643164;8.39048;-1.71742;-1.21247;
-12.3707;0.611482;8.21577;-1.74718;-1.23414;
-12.3005;0.701857;8.01717;-1.98592;-1.23108;
-12.2353;0.651978;7.83755;-1.79622;-1.22261;
-12.1529;0.824503;7.6155;-2.22051;-1.21526;
-12.0662;0.86686;7.43386;-1.81639;-1.12552;
-11.9359;1.30279;7.29468;-1.39186;-0.81844;
-11.7947;1.41184;7.15311;-1.41568;-0.786757;
-11.6706;1.24116;7.01596;-1.37148;-0.835237;
-11.5868;0.838409;6.84125;-1.74713;-1.12338;
-11.4761;1.10612;6.6807;-1.60546;-0.967508;
-11.337;1.39193;6.47706;-2.03645;-0.971224;
-11.2222;1.14797;6.37389;-1.03169;-0.732098;
-11.0347;1.8745;6.26261;-1.1128;-0.53574;
-10.8159;2.18825;6.12031;-1.42297;-0.576571;
-10.6388;1.77128;6.03373;-0.86584;-0.454666;
-10.4495;1.89299;5.95455;-0.79176;-0.396148;
-10.2331;2.16369;5.92269;-0.318644;-0.146218;
-10.0164;2.16701;5.91251;-0.101767;-0.0469274;
-9.8277;1.88688;5.92749;0.149795;0.0792217;
-9.56787;2.59827;5.9263;-0.0119109;-0.00458414;
-9.37379;1.94085;5.92472;-0.0157544;-0.00811709;
-9.1714;2.02388;5.9428;0.18082;0.0891068;
-8.95382;2.1758;5.97188;0.29072;0.132828;
-8.76527;1.88549;6.00024;0.283607;0.149296;
-8.52844;2.36828;5.98188;-0.183519;-0.0773357;
-8.3077;2.20745;5.95219;-0.29698;-0.133732;
-8.11012;1.97572;5.92536;-0.268303;-0.134974;
-7.90685;2.03271;5.87495;-0.504054;-0.243068;
-7.69637;2.10481;5.8165;-0.584527;-0.270884;
-7.4994;1.96967;5.76564;-0.508576;-0.252684;
-7.30766;1.9174;5.70977;-0.55866;-0.283514;
-7.07142;2.36239;5.69792;-0.118576;-0.0501514;
-6.86509;2.06339;5.676;-0.219143;-0.105809;
-6.66681;1.9828;5.65175;-0.242532;-0.121713;
-6.4638;2.03004;5.64001;-0.117382;-0.0577584;
-6.31282;1.50981;5.65618;0.161691;0.106687;
-6.11389;1.98932;5.67752;0.21343;0.106879;
-5.90553;2.0836;5.69082;0.13294;0.0637166;
-5.70108;2.04448;5.70895;0.181357;0.0884739;
-5.50461;1.9647;5.71793;0.0897969;0.0456735;
-5.313;1.91613;5.74198;0.240497;0.124859;
-5.13886;1.74139;5.73196;-0.10022;-0.0574885;
-4.9438;1.95061;5.72119;-0.107727;-0.0551711;
-4.75008;1.93719;5.7611;0.399077;0.203166;
-4.53014;2.19942;5.83027;0.691787;0.304734;
-4.33444;1.95698;5.90989;0.796199;0.386399;
-4.20002;1.34418;6.06809;1.58192;0.866468;
-4.07015;1.2987;6.22445;1.56367;0.877705;
-3.91551;1.54644;6.37375;1.49297;0.767808;
-3.77327;1.42242;6.5569;1.8315;0.910459;
-3.64877;1.24494;6.70774;1.5084;0.880796;
-3.50286;1.45915;6.90449;1.96754;0.932686;
-3.38794;1.14916;7.09006;1.85567;1.01633;
-3.30354;0.843965;7.26033;1.70266;1.11062;
-3.19664;1.06905;7.37448;1.14155;0.818183;
-3.03015;1.6649;7.56562;1.91138;0.854208;
-2.87508;1.55071;7.73763;1.72014;0.837152;
-2.75436;1.20714;7.84759;1.09957;0.738802;
-2.60099;1.53371;7.99101;1.4342;0.751883;
-2.45514;1.45854;8.11576;1.24753;0.707579;
-2.34798;1.07156;8.25296;1.37192;0.90771;
-2.23397;1.14016;8.46098;2.08028;1.06943;
-2.16341;0.705566;8.65484;1.93856;1.22174;
-2.08945;0.739615;8.85117;1.96325;1.21051;
-2.04083;0.486215;9.08691;2.35742;1.3674;
-1.9966;0.442305;9.30481;2.17904;1.37054;
-1.97424;0.223525;9.49224;1.87426;1.4521;
-1.9437;0.305399;9.67613;1.83896;1.40623;
-1.91307;0.306301;9.87508;1.98949;1.41804;
-1.91583;-0.0275516;10.0722;1.97116;1.58477;
-1.92358;-0.0775436;10.2713;1.99124;1.60972;
-1.90119;0.223915;10.487;2.15635;1.46733;
-1.88963;0.115598;10.7033;2.16313;1.51741;
-1.90585;-0.162133;10.9043;2.01048;1.65127;
-1.92455;-0.187081;11.098;1.93673;1.66709;
-1.94597;-0.214194;11.2976;1.99568;1.67772;
-1.9615;-0.155315;11.433;1.35466;1.68495;
-1.98926;-0.277552;11.656;2.22946;1.69465;
-2.00422;-0.149596;11.8543;1.98306;1.64609;
-2.01524;-0.110252;12.0508;1.96561;1.62683;
-2.02678;-0.115303;12.2497;1.98847;1.62872;
-2.05377;-0.269923;12.4638;2.14066;1.69623;
-2.07671;-0.229382;12.66;1.96279;1.68713;
-2.08739;-0.10687;12.8813;2.21312;1.61905;
-2.06743;0.199619;13.0162;1.34839;1.42382;
-2.05179;0.156419;13.2299;2.13757;1.49775;
-2.0443;0.0749296;13.4309;2.00916;1.53352;
-2.05627;-0.11975;13.6241;1.93216;1.63269;
-2.08496;-0.286888;13.8222;1.98098;1.71462;
-2.10809;-0.231257;14.0387;2.16559;1.67718;
-2.12958;-0.214913;14.2073;1.68599;1.69758;
-2.16384;-0.342628;14.4453;2.37991;1.71378;
-2.18715;-0.233114;14.6451;1.9977;1.68696;
-2.20192;-0.147694;14.8581;2.12965;1.64004;
-2.23253;-0.30609;15.024;1.65916;1.75323;
-2.28772;-0.551896;15.17;1.4604;1.93211;
-2.35319;-0.654687;15.3327;1.62704;1.95335;
-2.39347;-0.402811;15.4929;1.60184;1.81716;
-2.43234;-0.388695;15.6935;2.00593;1.7622;
-2.47161;-0.392695;15.9148;2.21327;1.7464;
-2.52729;-0.556825;16.0736;1.58772;1.9081;
-2.60593;-0.786416;16.2656;1.92022;1.9595;
-2.67189;-0.659588;16.44;1.74415;1.93234;
-2.72821;-0.563237;16.6098;1.69735;1.8912;
-2.76278;-0.345702;16.7595;1.49721;1.79772;
-2.79594;-0.331552;16.9717;2.12237;1.72576;
-2.79004;0.0590069;17.1536;1.81868;1.53836;
-2.77629;0.137501;17.3497;1.96108;1.5008;
-2.80717;-0.308832;17.5268;1.77075;1.74347;
-2.82501;-0.178387;17.7761;2.49301;1.64223;
-2.891;-0.659942;18.0068;2.30741;1.84937;
-2.93331;-0.423077;18.1418;1.34996;1.8745;
-3.03403;-1.00719;18.3281;1.86316;2.06638;
-3.12309;-0.890605;18.5001;1.71986;2.04861;
-3.21193;-0.888401;18.663;1.62938;2.06998;
-3.33957;-1.27637;18.8298;1.66803;2.22395;
-3.45717;-1.17602;18.9978;1.67985;2.18157;
-3.56748;-1.1031;19.1662;1.68324;2.15092;
-3.67344;-1.05957;19.3168;1.50611;2.18388;
-3.78891;-1.15474;19.4856;1.68837;2.17066;
-3.90544;-1.16524;19.6298;1.44149;2.25061;
-4.03578;-1.30348;19.7773;1.47504;2.29453;
-4.17029;-1.34503;19.9516;1.74297;2.22804;
-4.29438;-1.24098;20.1066;1.55006;2.2459;
-4.44564;-1.51256;20.2315;1.24943;2.45118;
-4.61597;-1.7033;20.3582;1.26663;2.50218;
-4.75457;-1.38597;20.4709;1.1278;2.45854;
-4.97913;-2.24558;20.5983;1.27317;2.62582;
-5.15005;-1.70923;20.6989;1.00587;2.60968;
-5.29248;-1.42434;20.7453;0.464273;2.8265;
-5.46174;-1.69255;20.7786;0.33353;2.94703;
-5.65778;-1.96045;20.8309;0.522307;2.88122;
-5.87062;-2.12839;20.8956;0.647553;2.84625;
-6.06539;-1.9477;20.959;0.634043;2.82688;
-6.25452;-1.89124;21.0183;0.59299;2.83775;
-6.43469;-1.80172;21.0785;0.602009;2.81912;
-6.63267;-1.97985;21.1644;0.859186;2.73215;
-6.81753;-1.84855;21.2408;0.763456;2.74993;
-6.99412;-1.76591;21.3147;0.739399;2.74506;
-7.20294;-2.08823;21.352;0.372666;2.96499;
-7.4344;-2.31462;21.4177;0.657147;2.86496;
-7.63182;-1.97413;21.4963;0.785718;2.76281;
-7.80839;-1.76575;21.5745;0.781698;2.72483;
-7.9861;-1.77705;21.61;0.355963;2.9439;
-8.22563;-2.39528;21.5907;-0.193127;-3.06114;
-8.36152;-1.35894;21.4994;-0.913613;-2.5497;
-8.54451;-1.8299;21.3702;-1.29195;-2.52684;
-8.6764;-1.31894;21.2102;-1.59987;-2.26024;
-8.80404;-1.27639;21.0395;-1.70654;-2.21298;
-8.94002;-1.35982;20.929;-1.10505;-2.45919;
-9.11444;-1.74418;20.8368;-0.922776;-2.65497;
-9.33129;-2.16854;20.7509;-0.859004;-2.76443;
-9.50413;-1.72839;20.7232;-0.27684;-2.98277;
-9.69636;-1.92224;20.7133;-0.0983873;-3.09045;
-9.86855;-1.72195;20.7227;0.0933317;3.08744;
-10.0701;-2.0155;20.7379;0.15279;3.06593;
-10.262;-1.91893;20.801;0.630633;2.82407;
-10.483;-2.21033;20.8209;0.199326;3.05166;
-10.7128;-2.2979;20.8114;-0.0958155;-3.09992;
-10.922;-2.0914;20.7719;-0.394664;-2.95508;
-11.1305;-2.0859;20.6969;-0.750143;-2.79637;
-11.3092;-1.78655;20.6005;-0.963493;-2.647;
-11.4448;-1.35563;20.3948;-2.05774;-2.15333;
-11.5885;-1.43757;20.2627;-1.32056;-2.39859;
-11.7516;-1.63048;20.1901;-0.726023;-2.72267;
-11.9375;-1.85903;20.1239;-0.662263;-2.79937;
-12.0599;-1.22442;20.0639;-0.599645;-2.68619;
-12.1834;-1.23436;20.0119;-0.519624;-2.74314;
-12.3274;-1.44039;19.9071;-1.04801;-2.51259;
-12.4902;-1.62819;19.8321;-0.750118;-2.70987;
-12.6781;-1.87874;19.775;-0.571744;-2.84617;
-12.8625;-1.84373;19.7183;-0.566475;-2.8435;
-13.0669;-2.04467;19.6302;-0.880921;-2.73479;
-13.2266;-1.59635;19.511;-1.19196;-2.50022;
-13.4854;-2.58866;19.3952;-1.15828;-2.72087;
-13.6945;-2.09029;19.3793;-0.159346;-3.06551;
-13.8518;-1.57325;19.3316;-0.47609;-2.84774;
-14.0321;-1.80306;19.2487;-0.829562;-2.71038;
-14.1817;-1.49626;19.0913;-1.57358;-2.33101;
-14.3248;-1.43123;18.9747;-1.16612;-2.45791;
-14.5168;-1.91924;18.8166;-1.58154;-2.45236;
-14.6771;-1.60368;18.7033;-1.13276;-2.52662;
-14.8046;-1.27425;18.6625;-0.408142;-2.83162;
-14.9678;-1.63238;18.6191;-0.43408;-2.88169;
-15.1835;-2.15749;18.5418;-0.772755;-2.79766;
-15.3656;-1.82034;18.468;-0.737575;-2.75662;
-15.5567;-1.9113;18.3773;-0.90741;-2.69834;
-15.7324;-1.75688;18.2859;-0.913973;-2.6619;
-15.9295;-1.97086;18.1682;-1.17653;-2.60341;
-16.0879;-1.58463;18.0498;-1.18437;-2.49975;
-16.2187;-1.30775;17.9354;-1.14424;-2.42278;
-16.3633;-1.44536;17.816;-1.19406;-2.45112;
-16.5135;-1.50248;17.6612;-1.54729;-2.3415;
-16.6551;-1.41557;17.5214;-1.3984;-2.3623;
-16.7908;-1.35776;17.3726;-1.48851;-2.31029;
-16.9126;-1.2179;17.2178;-1.54794;-2.23743;
-17.1275;-2.14907;17.1012;-1.16562;-2.64462;
-17.2679;-1.40416;16.9955;-1.05711;-2.49627;
-17.4213;-1.53373;16.8599;-1.3557;-2.41773;
-17.5423;-1.20995;16.6867;-1.73186;-2.18061;
-17.6415;-0.99141;16.5157;-1.71031;-2.09613;
-17.7322;-0.90769;16.3289;-1.86822;-2.02307;
-17.7508;-0.18551;16.1509;-1.77988;-1.67465;
-17.7794;-0.286471;15.9597;-1.91241;-1.71949;
-17.8308;-0.513654;15.7961;-1.63553;-1.8751;
-17.8747;-0.438684;15.5985;-1.97642;-1.78921;
-17.9131;-0.384758;15.4153;-1.83191;-1.77782;
-17.9838;-0.706447;15.2224;-1.92846;-1.92194;
-18.0707;-0.869693;15.0481;-1.74316;-2.03358;
-18.1645;-0.937642;14.892;-1.56136;-2.11161;
-18.2519;-0.873851;14.7141;-1.77846;-2.0275;
-18.3885;-1.36583;14.5744;-1.39694;-2.34493;
-18.5066;-1.18082;14.4054;-1.69079;-2.18044;
-18.635;-1.28474;14.2337;-1.71666;-2.21327;
-18.7678;-1.3277;14.086;-1.47668;-2.30312;
-18.8925;-1.24718;13.946;-1.40037;-2.2984;
-19.0136;-1.21103;13.789;-1.56955;-2.22796;
-19.1203;-1.06707;13.6188;-1.70178;-2.13086;
-19.2104;-0.900968;13.4414;-1.77451;-2.04061;
-19.2866;-0.761509;13.285;-1.56371;-2.02398;
-19.3679;-0.812735;13.0787;-2.06357;-1.94599;
-19.3927;-0.248114;12.8848;-1.93905;-1.69806;
-19.4316;-0.389767;12.6931;-1.91668;-1.77142;
-19.4545;-0.228926;12.4427;-2.50362;-1.66198;
-19.4212;0.333103;12.2573;-1.85383;-1.39301;
-19.4161;0.0507709;12.0576;-1.99717;-1.54538;
-19.412;0.0417767;11.8602;-1.97385;-1.54963;
-19.4209;-0.0894963;11.673;-1.87235;-1.61856;
-19.4041;0.168195;11.4659;-2.07132;-1.48977;
-19.3864;0.176749;11.2665;-1.99334;-1.48236;
-19.3512;0.352157;11.0706;-1.95901;-1.39293;
-19.2701;0.810806;10.8445;-2.26135;-1.22652;
-19.2168;0.533424;10.6273;-2.17166;-1.32993;
-19.2151;0.0169775;10.4371;-1.90208;-1.56187;
-19.2009;0.141578;10.2376;-1.99497;-1.49995;
-19.1712;0.297792;9.94711;-2.90529;-1.46865;
-19.0619;1.09286;9.77363;-1.73479;-1.00863;
-19.0216;0.40287;9.59134;-1.82295;-1.35329;
-18.9634;0.58145;9.4182;-1.73136;-1.2468;
-18.8404;1.23019;9.19444;-2.23763;-1.06812;
-18.7488;0.916364;9.07303;-1.21406;-0.924233;
-18.6621;0.867241;8.88606;-1.86975;-1.1365;
-18.5808;0.812667;8.7052;-1.8086;-1.14849;
-18.5272;0.535494;8.52248;-1.82716;-1.28571;
-18.4312;0.960204;8.36759;-1.54897;-1.01587;
-18.341;0.902385;8.18927;-1.78317;-1.10231;
-18.2773;0.636563;8.00451;-1.84761;-1.239;
-18.2088;0.684924;7.81622;-1.88285;-1.22191;
-18.1565;0.523413;7.63715;-1.79077;-1.28643;
-18.0927;0.637875;7.44296;-1.94186;-1.25341;
-18.0213;0.713828;7.26699;-1.75971;-1.18543;
-17.9444;0.769538;7.07969;-1.87296;-1.18096;
-17.9175;0.268359;6.86951;-2.10179;-1.4438;
-17.8284;0.890963;6.67298;-1.96537;-1.14518;
-17.747;0.814198;6.48523;-1.87748;-1.16161;
-17.6207;1.2635;6.347;-1.38226;-0.830254;
-17.5131;1.07611;6.19862;-1.48377;-0.943321;
-17.4169;0.961338;6.00804;-1.90581;-1.10362;
-17.3209;0.960431;5.83558;-1.72462;-1.06268;
-17.2033;1.17581;5.65682;-1.78765;-0.989002;
-17.0916;1.11691;5.49683;-1.59983;-0.961318;
-16.9692;1.22431;5.30369;-1.93139;-1.00582;
-16.8535;1.15639;5.14606;-1.57636;-0.937885;
-16.7817;0.718626;4.92349;-2.2257;-1.25849;
-16.6815;1.0014;4.73189;-1.91603;-1.0892;
-16.5647;1.16823;4.54781;-1.84072;-1.00528;
-16.4618;1.02944;4.32817;-2.19645;-1.13251;
-16.4174;0.443636;4.18041;-1.47754;-1.27911;
-16.4359;-0.185199;3.97901;-2.01409;-1.66249;
-16.4037;0.321943;3.79561;-1.83393;-1.39702;
-16.4174;-0.137211;3.5775;-2.18117;-1.63362;
-16.3926;0.248932;3.37463;-2.02862;-1.4487;
-16.3804;0.121784;3.17603;-1.98605;-1.50955;
-16.3629;0.174794;2.99571;-1.80321;-1.47416;
-16.3899;-0.269787;2.79039;-2.0532;-1.70145;
-16.3773;0.125916;2.59884;-1.91552;-1.50516;
-16.4119;-0.346158;2.35219;-2.46644;-1.71023;
-16.4419;-0.299924;2.16051;-1.91681;-1.72601;
-16.4407;0.0117663;1.92411;-2.36399;-1.56582;
-16.469;-0.282619;1.69513;-2.28979;-1.6936;
-16.4504;0.185481;1.50874;-1.86387;-1.47161;
-16.4045;0.459071;1.3129;-1.95849;-1.34055;
-16.3587;0.458374;1.12985;-1.83045;-1.32543;
-16.3167;0.419872;0.933659;-1.96192;-1.35997;
-16.2584;0.583089;0.766348;-1.67311;-1.23545;
-16.2425;0.159284;0.597329;-1.69018;-1.47683;
-16.1888;0.536808;0.408328;-1.89002;-1.29406;
-16.1243;0.645266;0.218913;-1.89414;-1.24246;
-16.0619;0.623084;0.0311898;-1.87723;-1.25032;
-16.0006;0.613257;-0.14336;-1.7455;-1.23293;
-15.9432;0.574392;-0.335253;-1.91893;-1.27995;
-15.8862;0.569624;-0.528296;-1.93043;-1.28386;
-15.8379;0.483165;-0.74822;-2.19924;-1.35454;
-15.7456;0.923058;-0.94586;-1.9764;-1.13386;
-15.7243;0.212471;-1.13325;-1.87385;-1.45789;
-15.6969;0.274141;-1.3692;-2.35958;-1.45513;
-15.6431;0.538268;-1.56375;-1.94547;-1.30087;
-15.6075;0.356004;-1.73973;-1.75984;-1.3712;
-15.5717;0.358061;-1.92539;-1.85659;-1.38028;
-15.5394;0.323114;-2.13854;-2.13147;-1.42035;
-15.5254;0.139874;-2.33977;-2.01225;-1.5014;
-15.5052;0.202216;-2.54475;-2.04985;-1.47247;
-15.5732;-0.680561;-2.72193;-1.77176;-1.93754;
-15.569;0.0426171;-2.9308;-2.0887;-1.5504;
-15.5478;0.21221;-3.16375;-2.32951;-1.47995;
-15.539;0.0878278;-3.34978;-1.86031;-1.52362;
-15.5319;0.0706267;-3.5573;-2.07521;-1.53678;
-15.5505;-0.185776;-3.76077;-2.03474;-1.66185;
-15.5654;-0.149092;-4.02781;-2.6704;-1.62657;
-15.5729;-0.0747066;-4.20771;-1.799;-1.6123;
-15.5653;0.0758219;-4.44109;-2.33379;-1.53832;
-15.5912;-0.259207;-4.66411;-2.23014;-1.68651;
-15.6194;-0.282055;-4.83175;-1.67642;-1.73748;
-15.6546;-0.352404;-5.03498;-2.03236;-1.74249;
-15.7183;-0.636176;-5.23872;-2.03738;-1.87345;
-15.809;-0.907514;-5.42108;-1.82362;-2.03256;
-15.8901;-0.810468;-5.56942;-1.48336;-2.07085;
-15.9918;-1.01723;-5.73802;-1.68596;-2.11368;
-16.0882;-0.963712;-5.90039;-1.62375;-2.10643;
-16.1709;-0.827539;-6.05688;-1.56491;-2.05722;
-16.2869;-1.15999;-6.17352;-1.16636;-2.35346;
-16.3511;-0.641891;-6.35981;-1.86289;-1.90262;
-16.456;-1.04866;-6.53634;-1.76532;-2.10682;
-16.5624;-1.06395;-6.75232;-2.15981;-2.02852;
-16.7295;-1.67149;-6.86999;-1.17671;-2.52819;
-16.8694;-1.39849;-7.04348;-1.73489;-2.24925;
-17.0023;-1.32955;-7.13449;-0.910153;-2.5413;
-17.2062;-2.03837;-7.27043;-1.35933;-2.55345;
-17.421;-2.14855;-7.37472;-1.04288;-2.6897;
-17.6094;-1.88354;-7.46117;-0.864547;-2.71128;
-17.7841;-1.7473;-7.55231;-0.911388;-2.66082;
-17.9622;-1.78092;-7.6078;-0.554944;-2.83952;
-18.1698;-2.0764;-7.65561;-0.478078;-2.91529;
-18.3935;-2.23661;-7.65576;-0.00148423;-3.14093;
-18.5743;-1.80828;-7.74385;-0.880933;-2.68826;
-18.7741;-1.99765;-7.74719;-0.0334061;-3.12487;
-18.9913;-2.17211;-7.86651;-1.19313;-2.63929;
-19.2099;-2.18644;-7.89409;-0.275832;-3.0161;
-19.3958;-1.8586;-7.93106;-0.369664;-2.94526;
-19.6056;-2.09858;-7.89304;0.380193;2.96237;
-19.802;-1.96366;-7.81282;0.802206;2.75376;
-19.9977;-1.95723;-7.72036;0.924516;2.7003;
-20.2092;-2.11481;-7.66837;0.519971;2.9005;
-20.3896;-1.80355;-7.74085;-0.724796;-2.75947;
-20.502;-1.12447;-7.79802;-0.571703;-2.67123;
-20.7091;-2.0708;-7.85403;-0.560136;-2.87742;
-20.8582;-1.4908;-7.90772;-0.536924;-2.7959;
-21.0554;-1.97207;-7.95053;-0.428013;-2.92787;
-21.2492;-1.93817;-7.9749;-0.243746;-3.01649;
-21.3996;-1.50397;-8.01162;-0.367155;-2.90215;
-21.5913;-1.91698;-8.05597;-0.443516;-2.91423;
-21.758;-1.66741;-8.0865;-0.305306;-2.9605;
-21.9566;-1.98541;-8.11222;-0.257258;-3.01274;
-22.1553;-1.98695;-8.14246;-0.302388;-2.99056;
-22.3228;-1.67505;-8.23579;-0.933298;-2.63326;
-22.5171;-1.94279;-8.25039;-0.14596;-3.0666;
-22.7255;-2.08451;-8.23171;0.186791;3.05222;
-22.9195;-1.94009;-8.19355;0.381618;2.94737;
-23.0637;-1.44159;-8.19122;0.0232567;3.12546;
-23.2706;-2.06871;-8.16477;0.264484;3.01443;
-23.4993;-2.28733;-8.14155;0.232238;3.04041;
-23.6913;-1.92052;-8.09012;0.514246;2.87997;
-23.9083;-2.16946;-8.02843;0.616916;2.86454;
-24.0821;-1.73796;-7.97387;0.545632;2.83739;
-24.2633;-1.81211;-7.9233;0.505667;2.86947;
-24.4662;-2.02912;-7.92158;0.0172749;3.13308;
-24.6425;-1.76263;-7.89289;0.286856;2.98026;
-24.8518;-2.09295;-7.81856;0.743334;2.80033;
-25.0327;-1.8094;-7.73766;0.808917;2.72118;
-25.1528;-1.2007;-7.62442;1.13245;2.38544;
-25.341;-1.88184;-7.53205;0.923708;2.68529;
-25.5271;-1.86187;-7.47174;0.603126;2.82832;
-25.7722;-2.45041;-7.4951;-0.233635;-3.04653;
-25.9849;-2.1272;-7.45692;0.381814;2.96399;
-26.1561;-1.71152;-7.43284;0.240772;3.00183;
-26.37;-2.13918;-7.31471;1.18134;2.63703;
-26.5606;-1.90581;-7.33114;-0.16435;-3.05557;
-26.7554;-1.94847;-7.39272;-0.615821;-2.83547;
-26.9859;-2.30456;-7.46244;-0.697158;-2.84783;
-27.1846;-1.98712;-7.51437;-0.5193;-2.88598;
-27.3219;-1.37307;-7.60317;-0.888009;-2.56752;
-27.5127;-1.90811;-7.67626;-0.730927;-2.77577;
-27.6713;-1.58567;-7.7124;-0.361377;-2.91752;
-27.8217;-1.50433;-7.82953;-1.17129;-2.48003;
-27.9592;-1.37497;-7.95999;-1.30461;-2.38245;
-28.1086;-1.49445;-8.13095;-1.70958;-2.28915;
-28.2796;-1.70954;-8.25963;-1.28679;-2.49636;
-28.4033;-1.23706;-8.34694;-0.873133;-2.52698;
-28.5218;-1.18533;-8.48215;-1.35207;-2.29057;
-28.6297;-1.07866;-8.66418;-1.82032;-2.10573;
-28.7364;-1.0672;-8.82958;-1.65403;-2.1438;
-28.8328;-0.963654;-8.95523;-1.25648;-2.22506;
-28.925;-0.922167;-9.13339;-1.78158;-2.04843;
-29.0039;-0.789593;-9.28815;-1.54759;-2.04258;
-29.0622;-0.582992;-9.48559;-1.97445;-1.85791;
-29.1579;-0.956773;-9.66763;-1.82037;-2.05471;
-29.2646;-1.06636;-9.85381;-1.86182;-2.09094;
-29.4003;-1.35697;-10.0791;-2.25275;-2.11295;
-29.469;-0.687632;-10.2688;-1.89718;-1.91852;
-29.5183;-0.49275;-10.4609;-1.9214;-1.82184;
-29.6167;-0.983774;-10.6693;-2.08369;-2.0119;
-29.6661;-0.494326;-10.8646;-1.95318;-1.81868;
-29.713;-0.468768;-11.0595;-1.94903;-1.80683;
-29.8544;-1.41387;-11.2326;-1.73048;-2.25584;
-29.9337;-0.79369;-11.4493;-2.16671;-1.92193;
-29.941;-0.07214;-11.6105;-1.61258;-1.6155;
-29.9465;-0.0554181;-11.8135;-2.02958;-1.59809;
-29.9345;0.120025;-12.042;-2.28525;-1.51832;
-29.922;0.125004;-12.2447;-2.02693;-1.5092;
-29.9278;-0.0585087;-12.4337;-1.89048;-1.60174;
-29.9284;-0.00556406;-12.6326;-1.9885;-1.57359;
-29.9703;-0.418935;-12.8404;-2.07839;-1.7697;

29.9918;-0.379457;-13.0928;-2.52325;-1.72006;
29.8672;-1.24574;-13.2994;-2.06651;-2.11329;
29.7807;-0.865233;-13.4784;-1.7903;-2.02099;
29.7044;-0.762441;-13.6635;-1.85111;-1.9615;
29.6419;-0.625675;-13.8255;-1.62002;-1.93936;
29.5783;-0.635906;-14.0218;-1.9628;-1.8841;
29.5211;-0.571372;-14.2142;-1.92343;-1.85955;
29.4385;-0.826339;-14.4665;-2.52322;-1.88728;
29.3715;-0.669917;-14.6581;-1.9161;-1.90714;
29.288;-0.835097;-14.8714;-2.13289;-1.94398;
29.2425;-0.455258;-15.0674;-1.96013;-1.79901;
29.2471;0.0466752;-15.1886;-1.21209;-1.53231;
29.205;-0.421409;-15.3491;-1.60513;-1.82754;
29.1681;-0.368663;-15.5474;-1.98304;-1.75461;
29.1303;-0.378358;-15.7291;-1.81669;-1.77613;
29.1099;-0.203823;-15.9336;-2.0448;-1.67015;
29.1081;-0.0184044;-16.1786;-2.4503;-1.57831;
29.0719;-0.361977;-16.36;-1.81425;-1.76773;
29.0244;-0.474515;-16.5523;-1.92309;-1.81271;
29.0072;-0.172243;-16.7155;-1.63106;-1.67601;
28.9887;-0.184497;-16.9117;-1.96298;-1.66451;
28.9712;-0.175323;-17.0672;-1.55412;-1.68313;
28.9597;-0.115328;-17.21;-1.42846;-1.65136;
28.9667;0.0698402;-17.3265;-1.16526;-1.51093;
28.9244;-0.422163;-17.5872;-2.60651;-1.73137;
28.9597;0.352243;-17.8056;-2.18373;-1.41087;
28.9703;0.106614;-17.9721;-1.66527;-1.50686;
28.943;-0.272878;-18.1439;-1.71837;-1.72828;
28.9624;0.193493;-18.3986;-2.54652;-1.49496;
28.937;-0.253902;-18.6163;-2.17759;-1.68687;
28.902;-0.349807;-18.8115;-1.95191;-1.74813;
28.8324;-0.695768;-19.0046;-1.93129;-1.91658;
28.7814;-0.510879;-19.1776;-1.72906;-1.85809;
28.7879;0.0654307;-19.3738;-1.96208;-1.53746;
28.7944;0.0653048;-19.5379;-1.64136;-1.53103;
28.7773;-0.171338;-19.6897;-1.51758;-1.68322;
28.7296;-0.476725;-19.8796;-1.89944;-1.8167;
28.6925;-0.37141;-20.1598;-2.80161;-1.7026;
28.6156;-0.769105;-20.3533;-1.93495;-1.94913;
28.5051;-1.10472;-20.5237;-1.70419;-2.14593;
28.3845;-1.20634;-20.705;-1.81284;-2.15795;
28.2844;-1.00042;-20.8443;-1.39313;-2.19357;
28.1765;-1.07887;-21.0363;-1.91986;-2.08277;
28.0569;-1.19633;-21.1768;-1.40506;-2.27613;
27.9489;-1.08007;-21.3403;-1.63572;-2.15438;
27.8632;-0.857462;-21.5345;-1.94176;-1.98663;
27.7956;-0.675682;-21.7037;-1.69213;-1.95071;
27.6946;-1.00998;-21.8949;-1.91193;-2.05679;
27.5767;-1.17844;-22.031;-1.36091;-2.28446;
27.43;-1.46773;-22.151;-1.19982;-2.45629;
27.2664;-1.63615;-22.2663;-1.15304;-2.5277;
27.0838;-1.82519;-22.368;-1.01672;-2.63335;
26.9048;-1.79056;-22.4416;-0.735984;-2.75161;
26.7189;-1.85864;-22.5724;-1.30847;-2.52819;
26.5783;-1.40603;-22.6797;-1.07316;-2.48966;
26.4697;-1.08648;-22.7745;-0.947445;-2.42445;
26.3038;-1.6586;-22.8617;-0.872659;-2.65725;
26.0644;-2.39393;-22.9483;-0.865742;-2.79459;
25.8875;-1.76949;-23.0428;-0.94444;-2.65132;
25.7219;-1.65521;-23.1508;-1.08026;-2.56336;
25.563;-1.58893;-23.2595;-1.08696;-2.54163;
25.3995;-1.63516;-23.3767;-1.17222;-2.51963;
25.2359;-1.63611;-23.5209;-1.44196;-2.41919;
25.0705;-1.65459;-23.6355;-1.14571;-2.53596;
24.8977;-1.72711;-23.7385;-1.03007;-2.60381;
24.7454;-1.52307;-23.8508;-1.12296;-2.50627;
24.5812;-1.64284;-23.9578;-1.07039;-2.56413;
24.384;-1.97143;-24.0345;-0.767064;-2.77053;
24.1977;-1.86316;-24.0966;-0.620477;-2.82012;
24.0547;-1.43045;-24.1836;-0.870436;-2.59494;
23.8839;-1.70771;-24.2855;-1.0189;-2.60364;
23.7565;-1.27393;-24.4486;-1.63098;-2.23389;
23.5942;-1.62301;-24.528;-0.793884;-2.68667;
23.4555;-1.38666;-24.6127;-0.847418;-2.59304;
23.3169;-1.38634;-24.6795;-0.667349;-2.69296;
23.1685;-1.48361;-24.7222;-0.427275;-2.86118;
22.9687;-1.99781;-24.7895;-0.67332;-2.81652;
22.7562;-2.12551;-24.8936;-1.04066;-2.68629;
22.5986;-1.57569;-24.9907;-0.971499;-2.58909;
22.4392;-1.59396;-25.0813;-0.905525;-2.62496;
22.2495;-1.897;-25.135;-0.536928;-2.86577;
22.0525;-1.97009;-25.206;-0.710659;-2.7954;
21.8324;-2.20118;-25.2434;-0.373527;-2.9735;
21.6357;-1.96662;-25.2793;-0.358953;-2.96106;
21.4912;-1.44548;-25.2943;-0.149534;-3.03851;
21.2951;-1.96116;-25.3356;-0.413896;-2.9336;
21.1108;-1.843;-25.3638;-0.281859;-2.98983;
20.9138;-1.96948;-25.3979;-0.340264;-2.97051;
20.617;-2.96837;-25.4605;-0.62692;-2.93345;
20.4178;-1.99234;-25.4559;0.046685;3.11816;
20.2095;-2.08244;-25.4398;0.160621;3.06461;
20.0021;-2.07387;-25.4012;0.385703;2.95771;
19.7962;-2.05887;-25.3508;0.504459;2.90131;
19.6055;-1.90746;-25.2816;0.691508;2.7938;
19.4692;-1.36334;-25.2349;0.467746;2.81109;
19.2726;-1.96586;-25.1491;0.858039;2.73005;
19.1427;-1.2987;-25.086;0.630618;2.68955;
19.0092;-1.33502;-24.9706;1.15417;2.42872;
18.9049;-1.04268;-24.8043;1.66294;2.13084;
18.7501;-1.54875;-24.6711;1.33243;2.43113;
18.5129;-2.37143;-24.5942;0.76869;2.82813;
18.3197;-1.93218;-24.5348;0.593724;2.84347;
18.1526;-1.67125;-24.4684;0.664071;2.76337;
18.021;-1.31601;-24.4068;0.615747;2.70396;
17.8295;-1.91458;-24.3233;0.835774;2.72999;
17.6433;-1.86167;-24.2435;0.797633;2.7368;
17.4232;-2.20138;-24.1522;0.912625;2.74859;
17.2318;-1.91407;-24.0903;0.619153;2.82874;
17.0745;-1.57256;-24.0244;0.658821;2.74486;
16.923;-1.51522;-23.9176;1.06868;2.52732;
16.8011;-1.21931;-23.8034;1.14144;2.38917;
16.6745;-1.26591;-23.6912;1.12187;2.41645;
16.5658;-1.08705;-23.6018;0.894154;2.45325;
16.3912;-1.74629;-23.4937;1.08106;2.58727;
16.1767;-2.14437;-23.4178;0.759142;2.80134;
16.0408;-1.35897;-23.3591;0.586863;2.73394;
15.8541;-1.867;-23.3086;0.504747;2.87755;
15.6541;-2.00049;-23.2533;0.55345;2.87169;
15.4561;-1.97955;-23.2405;0.127701;3.07717;
15.2568;-1.99345;-23.2434;-0.0291421;-3.12697;
14.9623;-2.94531;-23.2888;-0.453373;-2.98886;
14.7595;-2.0272;-23.3085;-0.197206;-3.04462;
14.5747;-1.84828;-23.2781;0.303954;2.9786;
14.3859;-1.88855;-23.2015;0.766099;2.75622;
14.1796;-2.06207;-23.1655;0.360099;2.96871;
13.9964;-1.83245;-23.1504;0.150803;3.05948;
13.792;-2.0437;-23.0558;0.94555;2.70826;
13.6588;-1.33181;-22.9415;1.14298;2.43235;
13.5081;-1.5077;-22.8055;1.36068;2.40741;
13.3954;-1.12659;-22.68;1.25485;2.30239;
13.3033;-0.921194;-22.5161;1.63849;2.08297;
13.2369;-0.664373;-22.356;1.60102;1.96414;
13.2052;-0.316652;-22.1537;2.0233;1.72604;
13.2192;0.13972;-21.9473;2.06398;1.50321;
13.2769;0.577642;-21.7948;1.52467;1.20864;
13.3302;0.532833;-21.6699;1.24932;1.16766;
13.4991;1.68918;-21.521;1.48945;0.722645;
13.6056;1.06427;-21.3352;1.8578;1.05057;
13.6743;0.68782;-21.1624;1.72814;1.192;
13.7953;1.2097;-20.9829;1.79507;0.977802;
13.9043;1.08944;-20.8049;1.7798;1.02152;
14.027;1.22722;-20.6455;1.59369;0.914587;
14.1791;1.52111;-20.4947;1.50857;0.78126;
14.2564;0.773463;-20.4021;0.92606;0.874946;
14.4556;1.99131;-20.2708;1.31257;0.582778;
14.5768;1.21203;-20.1019;1.68868;0.948264;
14.6523;0.755053;-19.9164;1.85565;1.18436;
14.793;1.40729;-19.7511;1.6524;0.865337;
14.9077;1.14706;-19.5929;1.58205;0.943461;
14.9715;0.637764;-19.4604;1.32476;1.12212;
15.1011;1.29606;-19.2864;1.74038;0.930697;
15.2618;1.60739;-19.1339;1.52458;0.758963;
15.401;1.39134;-18.9779;1.56069;0.842705;
15.5298;1.28827;-18.8294;1.48518;0.856276;
15.6557;1.25938;-18.6699;1.59438;0.90225;
15.8035;1.47818;-18.507;1.62918;0.833954;
15.9103;1.06764;-18.3647;1.42336;0.92724;
16.0205;1.10237;-18.1527;2.11951;1.09119;
16.1456;1.25014;-17.9691;1.83635;0.97309;
16.2167;0.711035;-17.7754;1.93693;1.21897;
16.3116;0.948865;-17.5913;1.84041;1.09477;
16.3312;0.19598;-17.4255;1.65885;1.4532;
16.3869;0.557617;-17.2407;1.84765;1.27769;
16.5161;1.29218;-17.0765;1.64227;0.90414;
16.6244;1.0828;-16.8401;2.36364;1.14122;
16.6734;0.489656;-16.6126;2.27533;1.35883;
16.647;-0.263595;-16.4137;1.98892;1.70256;
16.6236;-0.234463;-16.2454;1.68318;1.7092;
16.6059;-0.176952;-16.0637;1.81625;1.66792;
16.5864;-0.194649;-15.8497;2.14005;1.6615;
16.5478;-0.386294;-15.6032;2.46569;1.7262;
16.5225;-0.25271;-15.4097;1.93459;1.70069;
16.5645;0.420111;-15.1809;2.28826;1.38922;
16.5811;0.165624;-14.9822;1.98725;1.48765;
16.5716;-0.0952297;-14.7839;1.98287;1.61879;
16.604;0.324717;-14.5709;2.12973;1.41949;
16.5731;-0.308883;-14.3865;1.84426;1.73674;
16.5725;-0.00633292;-14.2254;1.61084;1.57473;
16.5923;0.198172;-14.0355;1.89878;1.4668;
16.6061;0.137639;-13.8361;1.99424;1.50189;
16.5981;-0.0802496;-13.6394;1.96688;1.61157;
16.6404;0.423626;-13.4388;2.00573;1.36265;
16.6216;-0.188242;-13.2426;1.96206;1.66644;
16.5897;-0.319424;-13.1042;1.38407;1.79761;
16.6008;0.111636;-12.8955;2.08711;1.51736;
16.6101;0.092607;-12.664;2.31508;1.53082;
16.6348;0.246892;-12.449;2.15;1.45646;
16.6334;-0.0132911;-12.3034;1.4556;1.57993;
16.6104;-0.23079;-12.0929;2.10507;1.68;
16.5315;-0.788233;-11.9318;1.61154;2.0257;
16.5158;-0.157639;-11.7324;1.99393;1.64969;
16.5019;-0.138483;-11.53;2.02378;1.63912;
16.4782;-0.237825;-11.3287;2.0129;1.6884;
16.4583;-0.198762;-11.1324;1.9634;1.67169;
16.4485;-0.0981084;-10.9364;1.9597;1.62082;
16.433;-0.154603;-10.7366;1.99829;1.64801;
16.4459;0.128637;-10.5129;2.23682;1.51335;
16.4122;-0.336968;-10.3056;2.07277;1.73196;
16.3806;-0.315839;-10.1082;1.97414;1.72944;
16.3866;0.0601988;-9.89565;2.12546;1.54248;
16.3475;-0.391085;-9.64661;2.49038;1.72656;
16.3063;-0.412337;-9.35542;2.91185;1.71147;
16.2547;-0.516127;-9.19015;1.65275;1.87348;
16.2024;-0.522538;-9.01704;1.73111;1.86395;
16.2144;0.11976;-8.84631;1.70727;1.50076;
16.1598;-0.54621;-8.63789;2.08417;1.82711;
16.0641;-0.956561;-8.41928;2.18611;1.98326;
15.9773;-0.868292;-8.23374;1.85543;2.0085;
15.8945;-0.82756;-8.05021;1.83525;1.99442;
15.789;-1.05529;-7.88151;1.687;2.12978;
15.7396;-0.493844;-7.68251;1.99007;1.81404;
15.6564;-0.832465;-7.5069;1.75603;2.01348;
15.5669;-0.894713;-7.31655;1.90352;2.01018;
15.4698;-0.970603;-7.18305;1.33498;2.19945;
15.4338;-0.360297;-6.93582;2.47232;1.71551;
15.3481;-0.856893;-6.78125;1.54568;2.077;
15.2389;-1.0923;-6.60461;1.76647;2.1246;
15.1753;-0.635865;-6.41047;1.94141;1.88731;
15.116;-0.592857;-6.21855;1.91919;1.87041;
15.014;-1.02012;-5.97053;2.48018;1.96101;
14.951;-0.630346;-5.83613;1.34396;2.00936;
14.8798;-0.71167;-5.63963;1.96506;1.91827;
14.8054;-0.743431;-5.44655;1.9308;1.93834;
14.7403;-0.651904;-5.25718;1.89368;1.90234;
14.7555;0.152114;-5.09077;1.66407;1.47964;
14.6204;-1.35089;-4.88622;2.04556;2.15445;
14.5075;-1.12905;-4.73275;1.53468;2.20508;
14.4186;-0.888633;-4.49178;2.40969;1.9241;
14.3436;-0.749933;-4.30403;1.87756;1.9508;
14.2579;-0.857353;-4.12922;1.74803;2.02679;
14.1838;-0.740525;-3.9404;1.88828;1.94453;
14.1037;-0.801018;-3.75694;1.83458;1.98247;
14.0285;-0.752582;-3.56288;1.94061;1.94075;
13.9305;-0.980014;-3.40807;1.54805;2.13517;
13.8509;-0.795727;-3.20457;2.03497;1.94354;
13.721;-1.29914;-3.07608;1.28499;2.36167;
13.6271;-0.938538;-2.87164;2.04433;2.00119;
13.5698;-0.573257;-2.6734;1.98241;1.85229;
13.4579;-1.11894;-2.49109;1.82307;2.12127;
13.3602;-0.97692;-2.30775;1.83344;2.06036;
13.2811;-0.791154;-2.10295;2.04798;1.93945;
13.1793;-1.01754;-1.93035;1.72603;2.10348;
13.0727;-1.06651;-1.74209;1.88259;2.08623;
12.9444;-1.28271;-1.56816;1.73933;2.20623;
12.8227;-1.21749;-1.37999;1.88167;2.14508;
12.6596;-1.63025;-1.2377;1.42292;2.42399;
12.522;-1.37649;-1.09729;1.40412;2.34626;
12.4315;-0.904989;-0.943535;1.53751;2.1028;
12.2491;-1.82417;-0.785544;1.57991;2.42783;
12.0775;-1.7155;-0.663961;1.21583;2.52503;
11.9585;-1.18996;-0.524107;1.39855;2.27579;
11.7786;-1.79901;-0.393553;1.30553;2.51383;
11.6262;-1.52384;-0.234769;1.58784;2.33563;
11.4751;-1.51146;-0.112583;1.22186;2.46175;
11.2862;-1.88874;0.0363752;1.48958;2.4738;
11.1624;-1.23845;0.186864;1.50488;2.25938;
11.0265;-1.35843;0.296416;1.09553;2.46292;
10.8744;-1.52127;0.420188;1.23771;2.45861;
10.7602;-1.14214;0.570158;1.49971;2.22167;
10.6358;-1.24415;0.701392;1.31234;2.32953;
10.4734;-1.62386;0.829376;1.27984;2.47412;
10.3326;-1.4084;0.971111;1.41735;2.35303;
10.169;-1.63602;1.0903;1.19189;2.51197;
10.0354;-1.33605;1.26543;1.75128;2.2225;
9.82159;-2.13765;1.35121;0.857791;2.75999;
9.66749;-1.54099;1.44696;0.95755;2.5856;
9.51574;-1.51747;1.51226;0.653008;2.73522;
9.3864;-1.29342;1.61214;0.998797;2.48403;
9.19504;-1.91357;1.69275;0.8061;2.7429;
9.03671;-1.58334;1.82297;1.30219;2.45332;
8.84499;-1.91716;1.91107;0.880936;2.71087;
8.68052;-1.64468;1.99439;0.833276;2.67264;
8.50795;-1.72578;2.08373;0.893387;2.66391;
8.28375;-2.24197;2.10667;0.229341;3.03965;
8.11771;-1.66034;2.21819;1.11527;2.55011;
7.94012;-1.77593;2.30244;0.842436;2.69866;
7.76492;-1.75203;2.42155;1.1911;2.54453;
7.58262;-1.82296;2.54603;1.24486;2.54245;
7.37608;-2.06546;2.54809;0.0206081;3.13162;
7.14268;-2.33395;2.67696;1.2887;2.6371;
7.01165;-1.31029;2.7854;1.0844;2.45025;
6.87839;-1.33263;2.88886;1.03454;2.48146;
6.71442;-1.63966;2.99646;1.07608;2.56082;
6.56529;-1.4913;3.12768;1.31211;2.42003;
6.4058;-1.59492;3.25701;1.29339;2.46021;
6.24761;-1.5819;3.37344;1.16429;2.50711;
6.1235;-1.24107;3.49265;1.19205;2.37634;
5.97871;-1.44794;3.61789;1.2524;2.42848;
5.80505;-1.73654;3.74775;1.29861;2.49949;
5.66442;-1.40635;3.89114;1.43391;2.34649;
5.49152;-1.72896;4.05373;1.62594;2.38689;
5.31439;-1.77137;4.20431;1.50581;2.43705;
5.14962;-1.64762;4.31392;1.09604;2.55459;
5.01664;-1.32984;4.38201;0.680887;2.66839;
4.83982;-1.76819;4.49091;1.08905;2.58955;
4.65738;-1.82438;4.56035;0.6944;2.7779;
4.46906;-1.88322;4.63613;0.757758;2.75904;
4.24198;-2.27084;4.64385;0.0771975;3.10761;
4.05503;-1.86951;4.6603;0.164496;3.05383;
3.84306;-2.11969;4.7638;1.03499;2.68737;
3.60376;-2.39295;4.77278;0.0898728;3.10405;
3.43472;-1.69042;4.69699;-0.757905;-2.72011;
3.18102;-2.53696;4.73285;0.358561;3.00119;
2.96915;-2.11878;4.68367;-0.491807;-2.91351;
2.76437;-2.04775;4.68692;0.0325147;3.12572;
2.49743;-2.66944;4.6713;-0.156197;-3.08315;
2.32296;-1.74469;4.68412;0.128174;3.06826;
2.15087;-1.72088;4.73366;0.495439;2.86128;
1.94839;-2.02478;4.74975;0.160874;3.06231;
1.73925;-2.09145;4.8275;0.777506;2.78567;
1.5514;-1.8785;4.90107;0.735692;2.76832;
1.42009;-1.31308;5.03701;1.35945;2.33884;
1.22154;-1.98549;5.15605;1.19038;2.60151;
1.06836;-1.53181;5.32344;1.67386;2.31191;
0.96457;-1.03788;5.50323;1.79788;2.09434;
0.871874;-0.926962;5.69734;1.94118;2.0163;
0.791152;-0.807221;5.86484;1.67501;2.01987;
0.754602;-0.3655;6.13991;2.75063;1.7029;
0.71293;-0.416718;6.324;1.84094;1.79341;
0.683526;-0.294042;6.51719;1.93188;1.72184;
0.659217;-0.243084;6.71332;1.96134;1.69411;
0.647421;-0.117964;6.92872;2.15401;1.62551;
0.665507;0.180865;7.10759;1.78862;1.47002;
0.564948;-1.00559;7.34248;2.34898;1.97529;
0.592462;0.275133;7.57117;2.28688;1.45106;
0.587177;-0.0528435;7.78668;2.15508;1.59531;
0.604167;0.169902;7.99473;2.08048;1.48931;
0.627954;0.237863;8.20551;2.10785;1.45843;
0.609972;-0.179813;8.398;1.92484;1.66394;
0.649172;0.391994;8.60602;2.08019;1.38454;
0.629935;-0.192372;8.78392;1.77907;1.67851;
0.622948;-0.0698623;8.88252;0.985971;1.64153;
0.670396;0.474478;9.07087;1.88346;1.32401;
0.679238;0.0884188;9.30153;2.30666;1.53248;
0.666076;-0.131617;9.50023;1.98702;1.63694;
0.695308;0.292314;9.70805;2.07817;1.43105;
0.682417;-0.128908;9.9149;2.06845;1.63304;
0.708342;0.259245;10.1379;2.23027;1.45508;
0.784371;0.76029;10.33;1.92109;1.19395;
0.844744;0.603734;10.5206;1.90544;1.26396;
0.928782;0.840376;10.7038;1.83224;1.14076;
1.0064;0.776204;10.8224;1.18604;0.991299;
1.09567;0.892691;11.014;1.91552;1.13469;
1.26443;1.6876;11.1853;1.71298;0.792863;
1.42332;1.58893;11.3131;1.27859;0.677595;
1.58867;1.65347;11.3986;0.854985;0.477223;
1.71562;1.2695;11.5319;1.33333;0.809914;
1.98619;2.70574;11.563;0.31097;0.114428;
2.18301;1.96817;11.5801;0.170708;0.0865176;
2.36468;1.81665;11.57;-0.10127;-0.0556878;
2.56121;1.96538;11.5513;-0.18651;-0.0946139;
2.78459;2.23378;11.5042;-0.471042;-0.207827;
2.98822;2.03626;11.4451;-0.591097;-0.282521;
3.17255;1.84335;11.3579;-0.872597;-0.442122;
3.37917;2.06619;11.3122;-0.45663;-0.217505;
3.57743;1.98258;11.233;-0.791595;-0.379882;
3.75459;1.7716;11.1701;-0.629818;-0.341574;
3.91559;1.60995;11.0349;-1.35204;-0.698545;
4.1924;2.76819;10.9454;-0.894587;-0.312573;
4.38628;1.93875;10.8941;-0.513415;-0.258875;
4.57481;1.8853;10.8304;-0.636092;-0.325402;
4.81385;2.39045;10.8041;-0.263218;-0.10967;
5.06262;2.48766;10.6648;-1.39365;-0.510659;
5.23716;1.74535;10.6495;-0.152069;-0.0869089;
5.39561;1.58457;10.6533;0.0377775;0.0238363;
5.62862;2.33005;10.5831;-0.70204;-0.292648;
5.81109;1.82472;10.6063;0.231775;0.126343;
6.03253;2.21442;10.5688;-0.375431;-0.167943;
6.23965;2.07119;10.5808;0.120677;0.0581987;
6.42945;1.89796;10.5609;-0.199419;-0.104686;
6.67556;2.46112;10.6075;0.466405;0.187288;
6.88838;2.12821;10.591;-0.165137;-0.0774391;
7.07462;1.86238;10.6669;0.759079;0.387029;
7.2427;1.68084;10.6913;0.243363;0.143787;
7.47048;2.27782;10.8035;1.12214;0.457742;
7.68816;2.17674;10.7979;-0.0560866;-0.0257606;
7.90739;2.19231;10.9178;1.19962;0.500686;
8.12226;2.14872;10.9937;0.758628;0.339398;
8.3052;1.82941;11.0755;0.817986;0.420465;
8.49761;1.92404;11.16;0.844745;0.413709;
8.70099;2.03385;11.2678;1.07886;0.48771;
8.86643;1.65436;11.3477;0.798469;0.449668;
9.07955;2.13124;11.4147;0.670284;0.30471;
9.2405;1.60947;11.5764;1.61649;0.787574;
9.4168;1.76302;11.6887;1.12364;0.567421;
9.58722;1.70423;11.8032;1.1442;0.591263;
9.75079;1.63571;11.9062;1.03054;0.562204;
9.91423;1.6344;12.0265;1.20262;0.634365;
10.0818;1.67539;12.1304;1.03978;0.555444;
10.2566;1.74845;12.2269;0.964248;0.503985;
10.4224;1.6578;12.3563;1.29458;0.662988;
10.5493;1.26931;12.5138;1.57492;0.892433;
10.7067;1.57416;12.642;1.2823;0.683575;
10.871;1.64209;12.8302;1.88197;0.853364;
10.9798;1.08889;13.0101;1.79881;1.02646;
11.1305;1.50665;13.1217;1.11563;0.637374;
11.2738;1.43254;13.2769;1.55237;0.825522;
11.3814;1.07677;13.4066;1.29708;0.877943;
11.5148;1.33317;13.5318;1.25152;0.753818;
11.6642;1.49426;13.6881;1.5629;0.807846;
11.7889;1.24719;13.7733;0.851763;0.599188;
11.9169;1.27953;13.9377;1.64488;0.909684;
12.1356;2.18793;14.0882;1.50446;0.602368;
12.3082;1.72527;14.1865;0.983499;0.51811;
12.4959;1.87687;14.2668;0.802716;0.404146;
12.646;1.50153;14.2613;-0.0548886;-0.0365389;
12.8514;2.05382;14.2284;-0.329621;-0.159135;
13.041;1.89556;14.165;-0.633911;-0.322727;
13.2424;2.01489;14.1101;-0.549113;-0.266067;
13.405;1.62557;14.0523;-0.577612;-0.341414;
13.5972;1.92208;14.0589;0.0663708;0.0345171;
13.8016;2.04402;13.9564;-1.02582;-0.465135;
13.9849;1.83293;13.8753;-0.810251;-0.416225;
14.2315;2.46631;13.83;-0.453049;-0.18167;
14.4107;1.79147;13.763;-0.670503;-0.358135;
14.5791;1.6845;13.7568;-0.0613409;-0.0363987;
14.7768;1.97685;13.6637;-0.931772;-0.440459;
14.9638;1.86999;13.5893;-0.743587;-0.378472;
15.1461;1.82302;13.5269;-0.623503;-0.329546;
15.3303;1.8423;13.4422;-0.847;-0.430934;
15.4973;1.66962;13.399;-0.432447;-0.25344;
15.6749;1.77557;13.3644;-0.345739;-0.192314;
15.8471;1.72282;13.2753;-0.89112;-0.477348;
16.0551;2.07917;13.1958;-0.795009;-0.365216;
16.2763;2.21221;13.1827;-0.131539;-0.0593907;
16.4489;1.72629;13.1446;-0.380367;-0.216873;
16.6041;1.55182;13.1206;-0.240084;-0.153494;
16.8158;2.11678;13.0833;-0.373418;-0.174612;
17.0013;1.85565;12.9943;-0.890025;-0.447219;
17.1606;1.59231;12.9324;-0.618774;-0.370642;
17.358;1.97476;12.8303;-1.02068;-0.477046;
17.5432;1.85175;12.7944;-0.358928;-0.191458;
17.7121;1.68836;12.7182;-0.762118;-0.424015;
17.8855;1.7346;12.6129;-1.05335;-0.54574;
18.0554;1.69876;12.5023;-1.10571;-0.577003;
18.2048;1.49428;12.3864;-1.15952;-0.659918;
18.3489;1.44109;12.2961;-0.902687;-0.5596;
18.5038;1.5489;12.1849;-1.11164;-0.622505;
18.6473;1.43505;12.0401;-1.44812;-0.789932;
18.8096;1.62275;11.9157;-1.24385;-0.653983;
18.9621;1.52474;11.7826;-1.33089;-0.71762;
19.1256;1.63544;11.6692;-1.13483;-0.606618;
19.2998;1.74207;11.5203;-1.48831;-0.707005;
19.468;1.68155;11.3609;-1.59433;-0.758779;
19.6336;1.65636;11.2449;-1.16023;-0.611042;
19.8427;2.09107;11.1431;-1.01759;-0.452898;
19.9505;1.0782;10.9776;-1.655;-0.993381;
20.0949;1.44356;10.8984;-0.791783;-0.501686;
20.2482;1.53306;10.7611;-1.37316;-0.730437;
20.3819;1.3375;10.6629;-0.982208;-0.633416;
20.4831;1.01108;10.4613;-2.01586;-1.1059;
20.6585;1.75408;10.31;-1.51271;-0.711644;
20.788;1.29556;10.2057;-1.0434;-0.678004;
20.9129;1.24866;10.0647;-1.41016;-0.846067;
21.001;0.881062;9.9013;-1.63393;-1.07626;
21.1069;1.05918;9.70942;-1.9188;-1.06642;
21.1994;0.924567;9.55508;-1.54343;-1.03109;
21.314;1.14629;9.39219;-1.62884;-0.957561;
21.4114;0.973688;9.18807;-2.04119;-1.1257;
21.4947;0.833772;8.99867;-1.89398;-1.1561;
21.5679;0.731711;8.7991;-1.99578;-1.21939;
21.6666;0.986634;8.61683;-1.82268;-1.07465;
21.7246;0.580262;8.43437;-1.82462;-1.26289;
21.8057;0.810859;8.25128;-1.83089;-1.15388;
21.8474;0.417468;8.06944;-1.81841;-1.34513;
22.0104;1.62958;7.8829;-1.86533;-0.852751;
22.0881;0.77713;7.71703;-1.65872;-1.13265;
22.0833;-0.0479286;7.53757;-1.79462;-1.5975;
22.1456;0.622601;7.3262;-2.11372;-1.28435;
22.1896;0.440746;7.12105;-2.05146;-1.35917;
22.2727;0.830974;7.00078;-1.20274;-0.966205;
22.3621;0.893798;6.7954;-2.05373;-1.16031;
22.349;-0.131113;6.54862;-2.4678;-1.62388;
22.4089;0.599009;6.31207;-2.36555;-1.32279;
22.522;1.13113;6.13546;-1.7661;-1.00115;
22.5984;0.763308;5.94871;-1.86753;-1.18279;
22.7049;1.06503;5.76096;-1.87748;-1.0548;
22.8134;1.08526;5.56108;-1.99881;-1.07338;
22.8775;0.641246;5.36834;-1.92734;-1.24961;
22.9577;0.801888;5.20662;-1.61726;-1.11049;
23.0187;0.609479;5.02853;-1.78085;-1.24105;
23.0834;0.647419;4.8344;-1.94136;-1.24891;
23.1443;0.609484;4.69656;-1.37836;-1.15446;
23.2303;0.860093;4.57608;-1.20478;-0.950803;
23.3017;0.71356;4.38086;-1.95225;-1.22038;
23.3488;0.471418;4.23148;-1.49381;-1.26511;
23.4069;0.580171;4.05514;-1.76336;-1.25294;
23.5179;1.11002;3.86352;-1.91617;-1.04574;
23.617;0.991089;3.68556;-1.7796;-1.06266;
23.72;1.03;3.49883;-1.86736;-1.06674;
23.8048;0.848134;3.32305;-1.75781;-1.12125;
23.8968;0.920127;3.12262;-2.0043;-1.14042;
24.0318;1.3501;2.95157;-1.7105;-0.902614;
24.168;1.36144;2.79081;-1.60753;-0.868096;
24.267;0.989974;2.61183;-1.78978;-1.06556;
24.2577;-0.0928423;2.49027;-1.21565;-1.64702;
24.4209;1.63227;2.34399;-1.46277;-0.730686;
24.523;1.02092;2.15674;-1.87248;-1.07163;
24.6242;1.01252;2.00731;-1.49431;-0.975274;
24.7257;1.01465;1.86566;-1.41653;-0.949221;
24.7839;0.581468;1.69632;-1.69339;-1.24004;
24.8984;1.14507;1.55512;-1.41202;-0.889417;
24.9541;0.557759;1.35722;-1.97895;-1.29608;
25.086;1.31901;1.19348;-1.6374;-0.89268;
25.2024;1.16363;1.03802;-1.55459;-0.928249;
25.2939;0.915037;0.854844;-1.8318;-1.10753;
25.4214;1.2746;0.680071;-1.74774;-0.940686;
25.5035;0.821579;0.474261;-2.0581;-1.19099;
25.612;1.08448;0.307833;-1.66427;-0.993282;
25.7252;1.13239;0.110333;-1.975;-1.05019;
25.8023;0.770647;-0.0825223;-1.92855;-1.19064;
25.9147;1.1239;-0.261226;-1.78703;-1.00939;
26.0173;1.02631;-0.441118;-1.79893;-1.05234;
26.1006;0.833421;-0.622754;-1.81635;-1.14061;
26.2598;1.5918;-0.784352;-1.61599;-0.792937;
26.398;1.38205;-0.946357;-1.62005;-0.864509;
26.5983;2.00283;-1.0919;-1.45545;-0.628419;
26.7607;1.62421;-1.19304;-1.01136;-0.556929;
26.942;1.8125;-1.29084;-0.978037;-0.494828;
27.1052;1.63257;-1.41832;-1.27475;-0.662937;
27.2907;1.85462;-1.55127;-1.32949;-0.62195;
27.4705;1.79816;-1.65233;-1.01063;-0.512036;
27.67;1.99504;-1.70815;-0.558171;-0.272804;
27.8581;1.88079;-1.79415;-0.859994;-0.428868;
28.0179;1.59804;-1.87901;-0.848659;-0.488188;
28.2082;1.90349;-1.9584;-0.793872;-0.395127;
28.3881;1.79873;-1.98535;-0.269488;-0.148715;
28.5593;1.71154;-2.06842;-0.8307;-0.451861;
28.7205;1.61181;-2.13879;-0.703734;-0.411663;
28.9184;1.97921;-2.20972;-0.709297;-0.344116;
29.0949;1.76551;-2.27438;-0.64659;-0.351064;
29.2268;1.3187;-2.37734;-1.02961;-0.662906;
29.4214;1.94637;-2.41203;-0.346862;-0.176358;
29.6198;1.98325;-2.45462;-0.425986;-0.211577;
29.7992;1.79458;-2.50597;-0.513441;-0.278662;

-29.9875;2.13319;-2.55821;-0.522376;-0.240154;
-29.8493;1.38133;-2.65226;-0.940524;-0.59778;
-29.6557;1.93631;-2.72827;-0.760074;-0.374056;
-29.5022;1.53506;-2.789;-0.607344;-0.37675;
-29.3418;1.60427;-2.865;-0.75999;-0.442411;
-29.1428;1.98963;-2.91946;-0.544592;-0.267171;
-28.9601;1.82732;-2.99801;-0.785495;-0.405981;
-28.7518;2.08301;-3.06531;-0.67298;-0.312495;
-28.5313;2.2051;-3.10748;-0.421706;-0.188959;
-28.3602;1.7102;-3.18415;-0.766771;-0.421482;
-28.1554;2.04854;-3.26069;-0.765313;-0.357533;
-27.9148;2.40622;-3.35524;-0.945507;-0.374407;
-27.767;1.47763;-3.40977;-0.545356;-0.353567;
-27.5797;1.87302;-3.48545;-0.756765;-0.38398;
-27.4043;1.75444;-3.55143;-0.659796;-0.35971;
-27.2154;1.88841;-3.57927;-0.278468;-0.146407;
-27.0162;1.99236;-3.6378;-0.58524;-0.285706;
-26.8587;1.57506;-3.72242;-0.846266;-0.493033;
-26.6529;2.05786;-3.801;-0.785751;-0.364744;
-26.4747;1.78211;-3.86233;-0.613313;-0.331455;
-26.2948;1.79921;-3.88616;-0.238274;-0.131666;
-26.112;1.82717;-3.99519;-1.09028;-0.537994;
-25.8969;2.15138;-4.03024;-0.350481;-0.161491;
-25.6957;2.01216;-4.0625;-0.32261;-0.158977;
-25.5519;1.43757;-4.08178;-0.19282;-0.133334;
-25.3835;1.68384;-4.07233;0.0944927;0.0560587;
-25.2569;1.26644;-4.03163;0.406959;0.310919;
-24.9977;2.59228;-4.07;-0.383669;-0.146938;
-24.8259;1.71756;-4.00675;0.632527;0.352859;
-24.5546;2.71308;-4.02696;-0.202145;-0.0743704;
-24.3143;2.40328;-4.03804;-0.110795;-0.0460688;
-24.1083;2.05974;-4.03902;-0.00975794;-0.00473743;
-23.9066;2.01678;-3.9809;0.58121;0.280584;
-23.7181;1.88569;-3.90605;0.748441;0.377835;
-23.5261;1.91952;-3.8337;0.723485;0.360444;
-23.3914;1.34728;-3.7892;0.445078;0.319067;
-23.1566;2.34748;-3.64129;1.47904;0.562224;
-23.0295;1.27133;-3.48671;1.54585;0.882538;
-22.9412;0.883139;-3.33263;1.54078;1.05033;
-22.8328;1.0839;-3.18126;1.5137;0.949372;
-22.7413;0.914559;-2.99182;1.89436;1.12102;
-22.6752;0.661009;-2.81295;1.78874;1.21682;
-22.6117;0.634919;-2.54726;2.65684;1.33622;
-22.5427;0.690436;-2.3506;1.96662;1.23316;
-22.4724;0.70337;-2.14868;2.01927;1.23561;
-22.4045;0.67893;-1.95259;1.96089;1.23748;
-22.3599;0.445216;-1.7184;2.34184;1.38292;
-22.3221;0.378827;-1.5527;1.65704;1.34604;
-22.2992;0.228375;-1.30724;2.45456;1.47802;
-22.2666;0.326267;-1.11631;1.90937;1.40155;
-22.2141;0.524634;-0.939131;1.77175;1.28291;
-22.0909;1.23214;-0.760532;1.78599;0.966888;
