#1 AntPos X;#2 AntPos Y;#3 Distance form nest;#4 Total Distance;#5 Total Y Distance
21.5592;-7.41987;22.8003;0.132481;0.0531157
21.4141;-7.38396;22.6514;0.280961;0.089021
21.2545;-7.34119;22.4866;0.446043;0.131788
21.0625;-7.30488;22.2933;0.640518;0.168103
20.8614;-7.26787;22.0912;0.844444;0.205113
20.7001;-7.18867;21.9128;1.02088;0.284311
20.5533;-7.08623;21.7405;1.19183;0.386754
20.3693;-6.94625;21.5211;1.41314;0.526736
20.1992;-6.83863;21.3255;1.61145;0.634351
20.0492;-6.73376;21.1498;1.79108;0.739219
19.8433;-6.59494;20.9105;2.0363;0.878041
19.6492;-6.50248;20.6972;2.25128;0.9705
19.4788;-6.4174;20.5087;2.44173;1.05558
19.2883;-6.33255;20.3012;2.65022;1.14044
19.1203;-6.24342;20.1139;2.8402;1.22956
18.9411;-6.1447;19.9128;3.04455;1.32828
18.749;-6.06506;19.7055;3.2522;1.40792
18.5275;-5.99666;19.4738;3.48162;1.47633
18.3268;-5.94765;19.2678;3.68436;1.52533
18.1328;-5.90072;19.0687;3.88059;1.57227
17.9775;-5.84736;18.9046;4.04418;1.62562
17.7676;-5.80595;18.6922;4.25327;1.66703
17.5618;-5.70048;18.4638;4.48399;1.7725
17.4164;-5.62022;18.3007;4.64934;1.85277
17.1798;-5.52014;18.0449;4.90616;1.95285
17.0111;-5.36918;17.8383;5.12158;2.1038
16.8603;-5.29185;17.6712;5.29084;2.18113
16.614;-5.21544;17.4134;5.54679;2.25754
16.4497;-5.171;17.2433;5.71499;2.30199
16.241;-5.14376;17.0361;5.91727;2.32922
16.0685;-5.1486;16.8732;6.0744;2.32438
15.8242;-5.12795;16.6344;6.30842;2.34503
15.6433;-5.06922;16.4441;6.49825;2.40377
15.4736;-4.9813;16.2556;6.68845;2.49168
15.3547;-4.8865;16.1135;6.83424;2.58648
15.1902;-4.76612;15.9203;7.03226;2.70686
15.0262;-4.65032;15.7293;7.22834;2.82266
14.8625;-4.53604;15.5392;7.42379;2.93694
14.7157;-4.39672;15.3585;7.61396;3.07626
14.5674;-4.25465;15.176;7.80739;3.21833
14.3957;-4.05558;14.956;8.04668;3.4174
14.2626;-3.8964;14.7853;8.23518;3.57658
14.1533;-3.76569;14.6457;8.39069;3.70729
13.9981;-3.58219;14.4491;8.6116;3.89079
13.8948;-3.48556;14.3253;8.7475;3.98742
13.74;-3.354;14.1434;8.94537;4.11898
13.6162;-3.1875;13.9843;9.13236;4.28548
13.4834;-3.01397;13.8161;9.33151;4.45901
13.3583;-2.85107;13.6591;9.51962;4.62191
13.2979;-2.64449;13.5583;9.67385;4.82849
13.2349;-2.45468;13.4606;9.82408;5.0183
13.1955;-2.33085;13.3998;9.9216;5.14213
13.1302;-2.14587;13.3044;10.0741;5.32711
13.0592;-1.95776;13.2052;10.2345;5.51523
13.0212;-1.78062;13.1424;10.3628;5.69236
12.9823;-1.59066;13.0794;10.5006;5.88232
12.9234;-1.44792;13.0042;10.6297;6.02506
12.7904;-1.2658;12.8529;10.8427;6.20718
12.6309;-1.10101;12.6788;11.068;6.37197
12.4805;-0.960876;12.5174;11.2716;6.51211
12.3342;-0.827631;12.3619;11.4681;6.64535
12.1693;-0.643939;12.1863;11.709;6.82904
12.0214;-0.456792;12.0301;11.9385;7.01619
11.8913;-0.283671;11.8947;12.1456;7.18931
11.762;-0.153154;11.763;12.3272;7.31983
11.6049;-0.0104633;11.6049;12.5383;7.46252
11.4539;0.123294;11.4546;12.7392;7.59628
11.2538;0.285382;11.2574;12.9965;7.75836
11.1006;0.409527;11.1082;13.1936;7.88251
10.9325;0.534013;10.9456;13.4027;8.00699
10.7424;0.644884;10.7617;13.6215;8.11787
10.5753;0.757297;10.6024;13.8226;8.23028
10.4302;0.867125;10.4662;14.0046;8.34011
10.2787;0.983276;10.3256;14.1955;8.45626
10.084;1.14186;10.1484;14.4463;8.61485
9.93629;1.25701;10.0155;14.6336;8.72999
9.7784;1.35953;9.87246;14.8214;8.83251
9.6105;1.4527;9.71967;15.0118;8.92568
9.43497;1.5493;9.56132;15.2104;9.02228
9.25676;1.66163;9.40471;15.4205;9.13462
9.08124;1.7688;9.2519;15.6254;9.24179
8.98768;1.84614;9.17532;15.7466;9.31913
8.83431;1.98882;9.05541;15.9547;9.4618
8.69014;2.09461;8.93901;16.1335;9.5676
8.51224;2.19475;8.79063;16.3362;9.66773
8.32827;2.26637;8.63114;16.5269;9.73935
8.14509;2.37629;8.48465;16.7397;9.84927
7.98296;2.49315;8.36322;16.9396;9.96613
7.81514;2.59758;8.23552;17.1367;10.0706
7.65749;2.6538;8.10431;17.2974;10.1268
7.45445;2.73666;7.94091;17.5106;10.2096
7.28105;2.81847;7.80752;17.6992;10.2915
7.04877;2.91365;7.62723;17.9436;10.3866
6.86178;2.98282;7.48206;18.1362;10.4558
6.72287;3.06104;7.38695;18.2948;10.534
6.55351;3.16894;7.27947;18.4954;10.6419
6.40409;3.27554;7.19316;18.6789;10.7485
6.26757;3.39602;7.12849;18.8599;10.869
6.10938;3.542;7.06189;19.0734;11.015
5.95668;3.65555;6.98893;19.2636;11.1285
5.77323;3.72027;6.86808;19.4508;11.1932
5.55615;3.81937;6.74228;19.6854;11.2924
5.324;3.93372;6.6196;19.9412;11.4067
5.11026;4.03549;6.51152;20.1748;11.5085
4.94275;4.12677;6.43902;20.3644;11.5997
4.73796;4.2295;6.35114;20.5913;11.7025
4.56604;4.34172;6.30074;20.7965;11.8147
4.37084;4.51168;6.28168;21.0537;11.9847
4.29534;4.63816;6.32159;21.1879;12.1111
4.16396;4.72501;6.29796;21.3453;12.198
3.97159;4.81124;6.23871;21.5525;12.2842
3.76681;4.86976;6.15658;21.7542;12.3427
3.58237;4.893;6.06423;21.9195;12.366
3.3855;4.92191;5.97385;22.0985;12.3949
3.20328;4.91879;5.86988;22.2479;12.3918
3.00338;4.87391;5.72498;22.3894;12.3469
2.80936;4.81417;5.57393;22.5188;12.2871
2.64439;4.76211;5.44706;22.6291;12.2351
2.44653;4.70377;5.30198;22.7645;12.1768
2.253;4.64396;5.16162;22.8965;12.1169
2.07494;4.59299;5.03993;23.0211;12.066
1.88921;4.53669;4.91433;23.1502;12.0097
1.75147;4.53381;4.86036;23.2666;12.0068
1.56298;4.48192;4.74663;23.4017;11.9549
1.37029;4.39367;4.60239;23.5229;11.8666
1.20914;4.35971;4.52428;23.6451;11.8327
1.02764;4.38247;4.50134;23.8138;11.8555
0.848214;4.49423;4.57358;24.025;11.9672
0.712272;4.6234;4.67795;24.2073;12.0964
0.630297;4.74227;4.78397;24.3378;12.2153
0.595522;4.90887;4.94486;24.4518;12.3819
0.573695;5.06328;5.09568;24.5491;12.5363
0.544049;5.2604;5.28846;24.6757;12.7334
0.510457;5.51915;5.5427;24.8389;12.9921
0.47271;5.71423;5.73375;24.9735;13.1872
0.497778;5.9184;5.9393;25.0607;13.3914
0.484359;6.13732;6.1564;25.1897;13.6103
0.476824;6.33139;6.34932;25.3014;13.8044
0.47724;6.53902;6.55642;25.4149;14.012
0.49186;6.78662;6.80442;25.5401;14.2596
0.559138;6.90778;6.93037;25.5523;14.3808
0.631805;7.08123;7.10936;25.5906;14.5542
0.69421;7.27472;7.30776;25.65;14.7477
0.756918;7.46841;7.50667;25.7108;14.9414
0.761711;7.71445;7.75196;25.8507;15.1874
0.75077;7.90657;7.94214;25.9728;15.3796
0.773351;8.09939;8.13623;26.0694;15.5724
0.743354;8.32641;8.35953;26.2295;15.7994
0.722343;8.52506;8.5556;26.3664;15.998
0.682701;8.72933;8.75599;26.5222;16.2023
0.675901;8.88711;8.91278;26.6242;16.3601
0.667126;9.0653;9.08981;26.741;16.5383
0.653778;9.26491;9.28795;26.8753;16.7379
0.630789;9.45345;9.47447;27.0111;16.9264
0.589572;9.68111;9.69905;27.1863;17.1541
0.535492;9.86725;9.88177;27.3459;17.3402
0.510309;10.0828;10.0957;27.5025;17.5558
0.501097;10.3053;10.3174;27.6521;17.7782
0.476952;10.5146;10.5254;27.8055;17.9876
0.490258;10.7138;10.725;27.9247;18.1868
0.515873;10.9088;10.921;28.0327;18.3817
0.539078;11.1047;11.1178;28.1442;18.5777
0.641726;11.284;11.3023;28.1862;18.757
0.784443;11.4372;11.4641;28.1824;18.9102
0.961471;11.5706;11.6105;28.1414;19.0436
1.13738;11.636;11.6915;28.0567;19.109
1.31221;11.6403;11.714;27.9318;19.1133
1.44131;11.6964;11.7849;27.8764;19.1694
1.61528;11.7917;11.9018;27.8163;19.2647
1.82953;11.859;11.9993;27.709;19.332
2.0338;11.9101;12.0825;27.5989;19.3831
2.22609;11.8976;12.1041;27.4536;19.3706
2.42641;11.8766;12.122;27.2971;19.3496
2.56225;11.8368;12.111;27.1731;19.3098
2.73571;11.7821;12.0956;27.0124;19.2551
2.90196;11.7522;12.1052;26.8746;19.2252
3.07395;11.666;12.0642;26.6929;19.139
3.22311;11.6018;12.0412;26.5429;19.0747
3.40148;11.5257;12.0171;26.3643;18.9987
3.5683;11.4175;11.9621;26.1707;18.8905
3.71966;11.2932;11.8901;25.9763;18.7662
3.87228;11.1264;11.781;25.7502;18.5994
4.0318;11.0335;11.7471;25.5728;18.5065
4.22095;10.9636;11.7481;25.3919;18.4366
4.40378;10.8692;11.7274;25.1977;18.3421
4.56124;10.8095;11.7324;25.0464;18.2824
4.72044;10.7703;11.7593;24.9091;18.2433
4.92316;10.6947;11.7735;24.7159;18.1677
5.1092;10.6308;11.7948;24.543;18.1038
5.25971;10.5537;11.7918;24.3846;18.0267
5.47752;10.5802;11.9141;24.2582;18.0532
5.71103;10.5613;12.0065;24.0886;18.0342
5.84954;10.556;12.0684;23.993;18.029
6.04923;10.5699;12.1785;23.8723;18.0429
6.24286;10.5521;12.2605;23.7324;18.0251
6.44596;10.5321;12.3481;23.5855;18.0051
6.67554;10.5147;12.4548;23.4245;17.9877
6.88039;10.5618;12.6052;23.3302;18.0347
7.12223;10.6179;12.7854;23.2213;18.0909
7.41226;10.6537;12.9785;23.0686;18.1266
7.57751;10.6978;13.1096;23.0016;18.1708
7.69791;10.7573;13.2279;22.9752;18.2303
7.88208;10.8382;13.4012;22.9281;18.3112
8.03219;10.8747;13.5194;22.8674;18.3477
8.13476;10.8918;13.5943;22.82;18.3648
8.32128;10.9557;13.7576;22.7615;18.4286
8.51371;11.0424;13.9434;22.7197;18.5154
8.70816;11.1256;14.1284;22.6758;18.5986
8.87285;11.2106;14.297;22.652;18.6836
9.056;11.2692;14.4571;22.5976;18.7422
9.1965;11.3788;14.6305;22.6106;18.8517
9.33927;11.4545;14.7793;22.5955;18.9275
9.52892;11.5487;14.9724;22.5719;19.0217
9.68319;11.6625;15.1585;22.5855;19.1355
9.87457;11.7791;15.3706;22.5837;19.2521
10.0719;11.8973;15.5881;22.5825;19.3703
10.2027;12.0264;15.7712;22.6267;19.4994
10.3618;12.1425;15.9627;22.6468;19.6154
10.5048;12.2958;16.1722;22.7091;19.7688
10.5906;12.4343;16.3332;22.7879;19.9073
10.6819;12.6149;16.5299;22.9019;20.0879
10.7859;12.8053;16.7425;23.0197;20.2783
10.8606;12.9853;16.9284;23.1433;20.4583
10.9367;13.1911;17.1352;23.2903;20.6641
11.0324;13.3582;17.325;23.3949;20.8312
11.212;13.5074;17.5544;23.4471;20.9804
11.4192;13.6058;17.7628;23.4438;21.0788
11.5915;13.6737;17.9257;23.4301;21.1466
11.7597;13.7895;18.123;23.4631;21.2625
11.8751;13.9114;18.2905;23.5253;21.3844
11.9394;14.1077;18.4818;23.6773;21.5807
11.9069;14.3496;18.6463;23.9113;21.8225
11.8479;14.543;18.7583;24.1119;22.016
11.7648;14.7252;18.8479;24.3122;22.1982
11.6919;14.9094;18.9471;24.5101;22.3824
11.5932;15.0723;19.0152;24.6991;22.5453
11.4879;15.2421;19.0864;24.8971;22.7151
11.4197;15.364;19.1432;25.0363;22.837
11.2916;15.5002;19.1769;25.213;22.9732
11.1151;15.6653;19.208;25.4364;23.1383
11.001;15.8299;19.2771;25.6335;23.3029
10.8719;15.9995;19.3438;25.8415;23.4725
10.8213;16.2052;19.4861;26.0496;23.6782
10.748;16.3889;19.5988;26.2471;23.8619
10.6961;16.5392;19.6964;26.4054;24.0121
10.6093;16.7221;19.8037;26.6078;24.1951
10.4834;16.9194;19.904;26.8397;24.3924
10.3497;17.1291;20.0131;27.086;24.6021
10.257;17.3068;20.1179;27.2861;24.7797
10.1575;17.4821;20.2188;27.487;24.9551
10.0853;17.6464;20.3251;27.6665;25.1194
10.0048;17.8292;20.4444;27.8662;25.3021
9.93801;18.0293;20.5869;28.0759;25.5023
9.86853;18.2146;20.7162;28.2733;25.6876
9.79466;18.3671;20.8155;28.4427;25.8401
9.71033;18.5542;20.9416;28.6479;26.0272
9.59379;18.7627;21.0732;28.886;26.2357
9.54829;18.9557;21.2247;29.0803;26.4287
9.50609;19.1351;21.3663;29.2611;26.6081
9.44818;19.2723;21.4637;29.4099;26.7453
9.47785;19.4769;21.6605;29.5838;26.9498
9.48903;19.6784;21.8467;29.7629;27.1514
9.46123;19.9053;22.0395;29.9814;27.3783
9.43548;20.1126;22.2158;30.1812;27.5855
9.42116;20.3163;22.3944;30.3733;27.7893
9.40915;20.5285;22.5821;30.5724;28.0014
9.39215;20.7667;22.7918;30.7975;28.2397
9.44921;20.9358;22.9694;30.93;28.4088
9.53779;21.09;23.1464;31.0369;28.5629
9.6161;21.254;23.3282;31.1576;28.727
9.65122;21.4606;23.5309;31.3346;28.9335
9.68908;21.615;23.6873;31.4628;29.088
9.75775;21.8015;23.8855;31.6093;29.2745
9.83087;22.0092;24.105;31.7744;29.4822
9.91991;22.1671;24.2855;31.8881;29.6401
10.0154;22.3445;24.4865;32.0181;29.8175
10.0932;22.5851;24.7378;32.2142;30.058
10.0765;22.7297;24.8632;32.3552;30.2027
10.1475;22.9561;25.0989;32.5414;30.4291
10.2209;23.1538;25.3094;32.7005;30.6268
10.3049;23.3343;25.5084;32.8404;30.8072
10.4288;23.5237;25.7317;32.9757;30.9966
10.5139;23.6744;25.904;33.0885;31.1473
10.6335;23.8241;26.0894;33.1895;31.2971
10.7503;23.9877;26.2865;33.3054;31.4607
10.8403;24.159;26.4796;33.4379;31.632
10.9003;24.3382;26.6677;33.5882;31.8112
10.9639;24.5272;26.8661;33.747;32.0001
11.035;24.7076;27.0599;33.8957;32.1806
11.0916;24.8927;27.252;34.0539;32.3657
11.112;25.0768;27.4284;34.2225;32.5497
11.1358;25.2795;27.6235;34.4081;32.7525
11.1666;25.432;27.7755;34.5439;32.905
11.153;25.6225;27.9446;34.7295;33.0954
11.1027;25.804;28.0912;34.9178;33.277
10.9909;26.0227;28.2485;35.1601;33.4957
10.9085;26.2113;28.3906;35.3648;33.6843
10.8614;26.4046;28.5513;35.5633;33.8776
10.7438;26.5779;28.6673;35.7642;34.0509
10.606;26.6994;28.7289;35.9222;34.1724
10.5204;26.906;28.8897;36.145;34.379
10.4973;27.0935;29.056;36.3305;34.5664
10.4849;27.3175;29.2605;36.5475;34.7905
10.4398;27.4845;29.4005;36.7203;34.9575
10.3722;27.6734;29.5533;36.9208;35.1463
10.298;27.7981;29.6443;37.0623;35.2711
10.2312;27.9356;29.7502;37.2136;35.4085
10.1662;28.0992;29.8817;37.3893;35.5722
10.087;28.279;30.0242;37.5848;35.752
9.95614;28.4708;30.1614;37.8077;35.9438
9.82947;28.6232;30.264;37.9919;36.0962
9.71214;28.7857;30.38;38.1829;36.2587
9.62347;28.9829;30.5388;38.398;36.4559
9.52191;29.1428;30.6589;38.5817;36.6157
9.39696;29.3448;30.8126;38.8128;36.8178
9.33137;29.5119;30.952;38.9921;36.9849
9.28446;29.6729;31.0915;39.1597;37.1459
9.20996;29.8791;31.2664;39.3789;37.3521

9.11856;-29.9133;31.2723;39.6047;37.5597
9.0296;-29.7911;31.1295;39.7488;37.6818
8.90968;-29.6143;30.9255;39.9547;37.8587
8.77046;-29.4779;30.7549;40.1286;37.9951
8.63134;-29.3782;30.6199;40.2678;38.0948
8.4903;-29.2342;30.4421;40.4498;38.2388
8.33444;-29.1067;30.2764;40.6213;38.3663
8.16487;-29.0249;30.1514;40.7545;38.4481
7.95357;-28.8936;29.9683;40.9488;38.5794
7.79376;-28.7679;29.805;41.1209;38.7051
7.69387;-28.6922;29.7059;41.2259;38.7808
7.5337;-28.5773;29.5537;41.3885;38.8957
7.37866;-28.4754;29.4159;41.5374;38.9976
7.18276;-28.4165;29.3103;41.6605;39.0565
6.96601;-28.4017;29.2435;41.7503;39.0713
6.72802;-28.4307;29.2159;41.8076;39.0423
6.53813;-28.4712;29.2122;41.8382;39.0018
6.34616;-28.5619;29.2585;41.8236;38.911
6.16498;-28.652;29.3078;41.8067;38.821
5.97659;-28.746;29.3608;41.7898;38.7269
5.80574;-28.8508;29.4292;41.7574;38.6222
5.63225;-28.9738;29.5161;41.7102;38.4992
5.52089;-29.1446;29.6629;41.5957;38.3284
5.4088;-29.345;29.8393;41.455;38.128
5.29083;-29.5098;29.9803;41.3501;37.9632
5.13728;-29.6988;30.1399;41.2379;37.7742
5.00346;-29.8856;30.3015;41.121;37.5874

4.90928;29.9521;30.3518;41.0112;37.4251
4.80285;29.745;30.1302;40.866;37.2179
4.75729;29.5061;29.8872;40.6676;36.9791
4.77605;29.2712;29.6583;40.4463;36.7442
4.84612;29.0616;29.4629;40.2266;36.5346
4.86322;28.8674;29.2742;40.0431;36.3404
4.90432;28.6669;29.0834;39.8438;36.1399
4.90815;28.4535;28.8737;39.6488;35.9265
4.87898;28.2541;28.6723;39.4806;35.7271
4.83283;28.0569;28.47;39.322;35.5298
4.70074;27.8411;28.2351;39.1841;35.314
4.63857;27.6286;28.0153;39.0199;35.1016
4.59301;27.4439;27.8256;38.8738;34.9169
4.54545;27.261;27.6373;38.7306;34.734
4.49457;27.0621;27.4328;38.5751;34.5351
4.47684;26.8718;27.2422;38.4127;34.3448
4.38433;26.663;27.0211;38.2679;34.136
4.2983;26.4569;26.8038;38.1232;33.9299
4.18828;26.2984;26.6298;38.0327;33.7714
4.06612;26.1371;26.4515;37.9461;33.6101
3.91295;25.9891;26.282;37.8866;33.462
3.76238;25.8477;26.1201;37.833;33.3207
3.6059;25.7174;25.969;37.7928;33.1904
3.4552;25.6149;25.8469;37.7753;33.0879
3.29483;25.5292;25.741;37.7781;33.0022
3.10904;25.4313;25.6206;37.7835;32.9042
2.94585;25.3586;25.5292;37.8009;32.8316
2.76496;25.2817;25.4324;37.8242;32.7547
2.57149;25.1861;25.3171;37.8388;32.6591
2.41804;25.043;25.1595;37.7933;32.516
2.25891;24.9121;25.0143;37.7624;32.3851
2.09172;24.8029;24.8909;37.7552;32.2759
1.9076;24.7043;24.7778;37.767;32.1773
1.75543;24.6321;24.6945;37.7855;32.105
1.59851;24.5297;24.5818;37.7818;32.0027
1.42059;24.4509;24.4921;37.8101;31.9239
1.2444;24.3446;24.3763;37.8153;31.8175
1.07315;24.2422;24.266;37.8222;31.7152
0.901142;24.1846;24.2014;37.868;31.6576
0.717281;24.0353;24.046;37.8448;31.5083
0.55896;23.9287;23.9352;37.8443;31.4017
0.385515;23.8134;23.8165;37.8459;31.2863
0.190042;23.6919;23.6927;37.8562;31.1649
0.0106717;23.5526;23.5526;37.8441;31.0256
-0.171599;23.4255;23.4261;37.8449;30.8985
-0.333437;23.3085;23.3109;37.8433;30.7815
-0.497824;23.181;23.1863;37.8358;30.6539
-0.67527;23.076;23.0859;37.8553;30.549
-0.831038;22.9556;22.9707;37.8507;30.4286
-0.98016;22.8226;22.8436;37.8329;30.2956
-1.12549;22.6694;22.6973;37.7979;30.1423
-1.26177;22.5228;22.5581;37.7637;29.9958
-1.43046;22.3859;22.4316;37.7581;29.8589
-1.5788;22.2503;22.3063;37.7422;29.7233
-1.71589;22.1116;22.1781;37.7179;29.5846
-1.85548;21.9688;22.047;37.693;29.4418
-1.98837;21.8125;21.9029;37.6545;29.2855
-2.06784;21.6314;21.73;37.564;29.1044
-2.24934;21.492;21.6093;37.5714;28.9649
-2.37885;21.435;21.5666;37.6102;28.908
-2.56132;21.3134;21.4668;37.6341;28.7864
-2.7546;21.2314;21.4094;37.6964;28.7044
-2.9192;21.1237;21.3245;37.7216;28.5967
-3.05395;20.9501;21.1715;37.6785;28.4231
-3.12652;20.7877;21.0215;37.604;28.2607
-3.21847;20.6403;20.8897;37.5542;28.1133
-3.32029;20.4331;20.7011;37.4673;27.9061
-3.45693;20.2274;20.5207;37.406;27.7004
-3.57984;20.0682;20.385;37.3712;27.5412
-3.71438;19.9333;20.2764;37.3632;27.4062
-3.8563;19.7966;20.1687;37.3599;27.2696
-4.0189;19.6819;20.088;37.3879;27.1549
-4.18712;19.5684;20.0114;37.4216;27.0414
-4.37514;19.4963;19.9812;37.4999;26.9693
-4.56466;19.4324;19.9613;37.5861;26.9054
-4.76957;19.3621;19.9409;37.6793;26.8351
-4.9631;19.3106;19.9382;37.7789;26.7836
-5.15213;19.3233;19.9984;37.9214;26.7963
-5.36954;19.3501;20.0813;38.0945;26.8231
-5.59088;19.3682;20.159;38.2647;26.8412
-5.77751;19.354;20.198;38.388;26.827
-5.9644;19.3451;20.2437;38.5157;26.8181
-6.15351;19.3865;20.3397;38.6804;26.8595
-6.35575;19.4339;20.4468;38.8589;26.9068
-6.55702;19.4808;20.5547;39.0368;26.9538
-6.77739;19.5251;20.6679;39.227;26.9981
-6.97324;19.5595;20.7654;39.3929;27.0325
-7.1943;19.5537;20.8352;39.55;27.0267
-7.39744;19.6032;20.9525;39.7322;27.0762
-7.5891;19.6795;21.0921;39.9246;27.1525
-7.78234;19.7681;21.2449;40.1266;27.2411
-7.94035;19.9339;21.4572;40.3552;27.4069
-8.07356;20.0929;21.6543;40.5609;27.5659
-8.17376;20.2324;21.8211;40.7292;27.7054
-8.32384;20.3739;22.0086;40.9355;27.8468
-8.52391;20.4404;22.1465;41.1275;27.9134
-8.71168;20.5025;22.2765;41.3076;27.9754
-8.91157;20.5377;22.3878;41.4786;28.0107
-9.03952;20.5699;22.4685;41.5948;28.0428
-9.23577;20.6235;22.5971;41.776;28.0965
-9.40286;20.7117;22.7462;41.959;28.1847
-9.59791;20.7857;22.8947;42.1533;28.2587
-9.78549;20.8398;23.0229;42.3288;28.3128
-9.97882;20.8863;23.1476;42.5037;28.3592
-10.1825;20.8927;23.242;42.6599;28.3657
-10.3745;20.8876;23.3221;42.8001;28.3606
-10.5827;20.8618;23.3925;42.9393;28.3348
-10.7955;20.8099;23.4435;43.0653;28.2829
-10.9713;20.7609;23.4816;43.1659;28.2339
-11.1978;20.6834;23.5201;43.2871;28.1564
-11.3687;20.5872;23.5177;43.3547;28.0602
-11.5417;20.4318;23.4663;43.3866;27.9047
-11.6792;20.2888;23.4102;43.4003;27.7617
-11.8012;20.1431;23.3455;43.4014;27.6161
-11.9717;20.0296;23.3346;43.4611;27.5025
-12.1675;19.9104;23.3339;43.5378;27.3834
-12.3207;19.8384;23.3529;43.6119;27.3113
-12.5191;19.7683;23.399;43.7231;27.2413
-12.7047;19.691;23.4338;43.8205;27.164
-12.8934;19.6339;23.4889;43.9334;27.1069
-13.0815;19.5876;23.5542;44.0531;27.0606
-13.2762;19.5565;23.6372;44.1879;27.0295
-13.519;19.5089;23.7352;44.3513;26.9819
-13.7312;19.4479;23.8069;44.4829;26.9209
-13.8971;19.401;23.8648;44.5868;26.874
-14.1074;19.2595;23.8736;44.67;26.7325
-14.2606;19.1261;23.8573;44.7133;26.599
-14.4101;18.9936;23.8413;44.7551;26.4665
-14.6076;18.8352;23.8358;44.8213;26.3082
-14.8047;18.7197;23.8664;44.9136;26.1926
-14.9634;18.6338;23.8981;44.9927;26.1067
-15.1231;18.569;23.9482;45.0854;26.042
-15.3056;18.4961;24.0077;45.1926;25.9691
-15.4471;18.455;24.0665;45.2849;25.9279
-15.647;18.4028;24.1556;45.4192;25.8758
-15.8215;18.3243;24.2095;45.5182;25.7973
-15.9764;18.2349;24.2437;45.5955;25.7079
-16.155;18.0911;24.2543;45.6624;25.564
-16.2774;18.0227;24.2852;45.7257;25.4957
-16.4486;17.8956;24.3065;45.7973;25.3686
-16.6283;17.7746;24.34;45.8804;25.2476
-16.7684;17.6361;24.3354;45.9216;25.1091
-16.8783;17.497;24.3109;45.9379;24.97
-16.9699;17.3974;24.3032;45.9608;24.8704
-17.0891;17.2351;24.2711;45.9736;24.7081
-17.2006;17.0174;24.1961;45.9513;24.4904
-17.2869;16.8363;24.1308;45.9282;24.3093
-17.3787;16.6579;24.0729;45.9122;24.1308
-17.5305;16.4981;24.073;45.9579;23.9711
-17.6456;16.3254;24.0393;45.9664;23.7983
-17.754;16.1815;24.0217;45.985;23.6544
-17.8559;16.022;23.9904;45.9908;23.495
-17.9833;15.8851;23.9944;46.0307;23.358
-18.0866;15.698;23.949;46.0253;23.171
-18.1312;15.5231;23.8686;45.9761;22.9961
-18.1807;15.3197;23.7746;45.9176;22.7927
-18.2397;15.1255;23.6953;45.8728;22.5985
-18.241;14.9994;23.616;45.812;22.4724
-18.3333;14.7635;23.5387;45.7775;22.2365
-18.464;14.6012;23.5396;45.8133;22.0742
-18.5992;14.4476;23.5513;45.8582;21.9206
-18.7381;14.2818;23.5603;45.9014;21.7548
-18.8762;14.0973;23.5594;45.9361;21.5703
-19.0088;13.9205;23.5609;45.9708;21.3935
-19.1235;13.7648;23.5622;46.0002;21.2378
-19.2359;13.6166;23.5676;46.0318;21.0896
-19.3353;13.4459;23.5509;46.0424;20.9188
-19.4659;13.2803;23.5645;46.0839;20.7533
-19.536;13.0198;23.477;46.03;20.4928
-19.5643;12.8125;23.3864;45.9635;20.2855
-19.6705;12.6126;23.3668;45.9711;20.0856
-19.6623;12.3506;23.2195;45.8499;19.8236
-19.6237;12.1484;23.0797;45.7279;19.6214
-19.5591;11.9448;22.918;45.5824;19.4177
-19.5113;11.7744;22.7888;45.4669;19.2474
-19.5048;11.6065;22.6969;45.3902;19.0795
-19.4711;11.3975;22.5616;45.272;18.8705
-19.4362;11.1788;22.4217;45.1495;18.6518
-19.3974;10.9828;22.2908;45.0335;18.4558
-19.3412;10.7864;22.1456;44.902;18.2594
-19.2872;10.5805;21.9987;44.7692;18.0535
-19.2627;10.3662;21.8748;44.6608;17.8392
-19.2386;10.1649;21.7589;44.5587;17.6379
-19.235;9.90015;21.6333;44.4512;17.3731
-19.192;9.67278;21.4918;44.3232;17.1458
-19.1383;9.52937;21.3795;44.2183;17.0024
-19.0542;9.35373;21.2263;44.0734;16.8267
-18.9737;9.17778;21.0768;43.9319;16.6508
-18.8734;9.02844;20.9217;43.7827;16.5014
-18.7536;8.88045;20.7499;43.616;16.3534
-18.6048;8.71743;20.5459;43.4171;16.1904
-18.502;8.55154;20.3826;43.26;16.0245
-18.387;8.35391;20.1958;43.0802;15.8269
-18.3091;8.18125;20.0538;42.9445;15.6542
-18.1928;7.99802;19.8732;42.7696;15.471
-18.1231;7.79773;19.7295;42.6325;15.2707
-18.0669;7.60947;19.604;42.5129;15.0824
-18.0142;7.42785;19.4855;42.3994;14.9008
-17.9478;7.24251;19.354;42.2724;14.7155
-17.9023;7.0894;19.2549;42.1766;14.5624
-17.8614;6.91197;19.1521;42.0772;14.385
-17.8705;6.67993;19.0781;42.007;14.1529
-17.7808;6.47459;18.923;41.8538;13.9476
-17.6453;6.32047;18.7431;41.6747;13.7935
-17.521;6.16108;18.5726;41.5048;13.6341
-17.4566;6.00623;18.461;41.3933;13.4792
-17.3685;5.79345;18.3092;41.2411;13.2664
-17.2692;5.63906;18.1666;41.0976;13.112
-17.1359;5.50725;17.9991;40.9293;12.9802
-16.9978;5.34834;17.8194;40.7481;12.8213
-16.8102;5.20698;17.5982;40.5256;12.68
-16.6513;5.04441;17.3986;40.3239;12.5174
-16.5457;4.86802;17.247;40.1691;12.341
-16.5052;4.68451;17.1571;40.0744;12.1575
-16.4086;4.49032;17.0119;39.9238;11.9633
-16.3396;4.29757;16.8954;39.8006;11.7706
-16.3261;4.15813;16.8473;39.7466;11.6311
-16.3344;3.9575;16.8069;39.6962;11.4305
-16.3574;3.71606;16.7742;39.6495;11.189
-16.3433;3.52586;16.7193;39.5827;10.9988
-16.3381;3.27837;16.6638;39.5097;10.7514
-16.3188;3.04299;16.6001;39.4277;10.516
-16.3621;2.78131;16.5968;39.4005;10.2543
-16.3654;2.59514;16.5699;39.3556;10.0681
-16.3653;2.3941;16.5395;39.3045;9.86708
-16.3427;2.21249;16.4918;39.2375;9.68547
-16.3336;2.01596;16.4575;39.1806;9.48894
-16.3414;1.81404;16.4418;39.1398;9.28703
-16.3555;1.58451;16.432;39.0996;9.05749
-16.3549;1.40099;16.4148;39.0569;8.87397
-16.3484;1.20183;16.3925;39.0058;8.67482
-16.3067;0.973617;16.3357;38.915;8.4466
-16.3005;0.776255;16.3189;38.8666;8.24924
-16.2738;0.606301;16.2851;38.8048;8.07928
-16.1616;0.474006;16.1685;38.6676;7.94699
-16.088;0.286258;16.0905;38.5574;7.75924
-15.9715;0.0992902;15.9718;38.406;7.57227
-15.9151;-0.101044;15.9154;38.3116;7.37194
-15.851;-0.298867;15.8538;38.2111;7.17412
-15.7921;-0.534409;15.8011;38.1096;6.93857
-15.7838;-0.694194;15.799;38.0727;6.77879
-15.7416;-0.862461;15.7652;38.0015;6.61052
-15.6979;-1.02836;15.7315;37.93;6.44462
-15.6439;-1.22374;15.6917;37.8441;6.24924
-15.6079;-1.44358;15.6745;37.7728;6.02941
-15.6008;-1.66247;15.6891;37.7315;5.81051
-15.6059;-1.83899;15.7139;37.7098;5.634
-15.5693;-2.03684;15.7019;37.6444;5.43614
-15.573;-2.13573;15.7187;37.6339;5.33725
-15.5576;-2.37026;15.7371;37.5862;5.10272
-15.5364;-2.56976;15.7475;37.5386;4.90322
-15.5445;-2.76604;15.7887;37.5215;4.70695
-15.5355;-2.95142;15.8133;37.4897;4.52157
-15.524;-3.13805;15.838;37.4563;4.33493
-15.4866;-3.26198;15.8264;37.405;4.211
-15.484;-3.46074;15.8661;37.3806;4.01224
-15.4853;-3.60839;15.9002;37.3663;3.86459
-15.4884;-3.82517;15.9537;37.3476;3.64781
-15.5174;-4.02836;16.0318;37.3572;3.44462
-15.5621;-4.23561;16.1282;37.3832;3.23737
-15.6043;-4.4124;16.2162;37.4103;3.06059
-15.6542;-4.61123;16.3193;37.4444;2.86175
-15.7062;-4.80026;16.4234;37.4822;2.67273
-15.7583;-4.97675;16.5255;37.522;2.49623
-15.8124;-5.19162;16.6429;37.5624;2.28136
-15.9019;-5.36389;16.7822;37.6416;2.10909
-15.9718;-5.55671;16.9108;37.7012;1.91627
-16.0319;-5.75996;17.0352;37.7514;1.71303
-16.0304;-5.89944;17.0815;37.7439;1.57355
-16.079;-6.10572;17.1992;37.7843;1.36727
-16.1734;-6.32664;17.3668;37.8714;1.14634
-16.308;-6.47274;17.5455;38.0017;1.00024
-16.4051;-6.64593;17.7001;38.0946;0.827056
-16.5263;-6.77636;17.8617;38.2133;0.696625
-16.6629;-6.93475;18.0483;38.3472;0.538231
-16.798;-7.07144;18.2258;38.4807;0.401543
-16.9615;-7.21506;18.4323;38.643;0.257918
-17.123;-7.38303;18.6469;38.8037;0.0899519
-17.3154;-7.47455;18.8598;38.996;-0.00157033
-17.4895;-7.57566;19.0598;39.1703;-0.102675
-17.6883;-7.67065;19.2799;39.3694;-0.197663
-17.8984;-7.73466;19.4982;39.5799;-0.261679
-18.1107;-7.7858;19.7134;39.7926;-0.312819
-18.3015;-7.79136;19.891;39.9834;-0.318377
-18.4985;-7.79671;20.0744;40.1804;-0.323723
-18.7338;-7.80049;20.293;40.4158;-0.327506
-18.9889;-7.78822;20.524;40.6707;-0.315233
-19.1885;-7.79028;20.7096;40.8703;-0.317294
-19.4049;-7.78533;20.9084;41.0867;-0.312349
-19.5847;-7.80398;21.0822;41.2666;-0.330994
-19.7714;-7.808;21.2573;41.4533;-0.33502
-19.9718;-7.80881;21.4442;41.6538;-0.335832
-20.1576;-7.72641;21.5877;41.839;-0.253431
-20.3704;-7.6986;21.7767;42.0516;-0.225615
-20.5772;-7.72505;21.9795;42.2586;-0.25207
-20.7556;-7.84529;22.1888;42.4378;-0.372311
-20.9341;-7.86497;22.3628;42.6165;-0.39199
-21.1341;-7.90446;22.5639;42.8169;-0.431479
-21.3034;-7.95751;22.7411;42.9867;-0.484528
-21.4876;-8.07099;22.9534;43.1723;-0.598012
-21.654;-8.14164;23.134;43.3398;-0.668663
-21.8611;-8.16241;23.3353;43.5472;-0.689427
-22.0772;-8.16838;23.5399;43.7633;-0.695395
-22.2694;-8.17202;23.7215;43.9555;-0.699036
-22.462;-8.18382;23.9064;44.1483;-0.710839
-22.6315;-8.214;24.076;44.3183;-0.741015
-22.8404;-8.25013;24.2848;44.5278;-0.777149
-23.0453;-8.21154;24.4645;44.732;-0.738559
-23.2516;-8.17745;24.6476;44.9377;-0.704469
-23.4764;-8.13407;24.8456;45.1618;-0.661091
-23.6425;-8.0792;24.9848;45.3271;-0.606222
-23.8259;-8.01466;25.1378;45.5097;-0.541675
-23.9385;-8.00802;25.2424;45.6222;-0.535035
-24.1391;-7.96571;25.4194;45.8223;-0.492727
-24.2988;-7.92727;25.5592;45.9816;-0.454286
-24.4575;-7.86574;25.6912;46.1397;-0.392754
-24.6145;-7.79316;25.8188;46.2962;-0.320174
-24.7748;-7.72006;25.9498;46.4561;-0.247076
-24.9467;-7.64032;26.0905;46.6276;-0.167338
-25.1492;-7.57451;26.2651;46.83;-0.101523
-25.328;-7.52268;26.4215;47.0086;-0.0496969
-25.5245;-7.48344;26.5989;47.2051;-0.0104536
-25.7199;-7.44747;26.7765;47.4005;0.0255082
-25.911;-7.38885;26.944;47.5917;0.0841369
-26.113;-7.34735;27.127;47.7938;0.125627
-26.3232;-7.31167;27.3198;48.004;0.161313
-26.5345;-7.34914;27.5334;48.2152;0.123843
-26.7284;-7.40308;27.7347;48.4091;0.0698978
-26.8885;-7.46946;27.9067;48.5691;0.0035236
-27.0576;-7.54198;28.089;48.7382;-0.0690027
-27.2861;-7.59124;28.3224;48.9668;-0.118262
-27.4807;-7.63738;28.5223;49.1616;-0.164396
-27.6684;-7.6673;28.7111;49.3494;-0.194315
-27.8746;-7.74973;28.9318;49.5559;-0.276745
-28.0565;-7.86471;29.138;49.7387;-0.391732
-28.2148;-7.99369;29.3253;49.8981;-0.520708
-28.3671;-8.12788;29.5086;50.052;-0.654893
-28.4977;-8.24318;29.666;50.1843;-0.770196
-28.5781;-8.42361;29.7937;50.2677;-0.95063
-28.682;-8.58906;29.9405;50.375;-1.11608
-28.8621;-8.81027;30.1769;50.5604;-1.33729
-28.9552;-8.99468;30.3201;50.6587;-1.5217
-29.1167;-9.19797;30.535;50.8266;-1.72499
-29.17;-9.39593;30.6459;50.887;-1.92295
-29.2117;-9.54974;30.7331;50.9347;-2.07676
-29.271;-9.72652;30.8447;51.0014;-2.25354
-29.3313;-9.93017;30.9666;51.071;-2.45719
-29.3795;-10.1103;31.0705;51.1282;-2.63735
-29.4443;-10.2697;31.1838;51.2013;-2.79674
-29.5022;-10.4641;31.303;51.2701;-2.99113
-29.5688;-10.6975;31.4444;51.3507;-3.2245
-29.5868;-10.8963;31.5295;51.3816;-3.42329
-29.6271;-11.082;31.6318;51.4344;-3.60903
-29.6771;-11.2795;31.7484;51.4986;-3.80651
-29.7873;-11.4822;31.9237;51.6238;-4.00917
-29.8768;-11.6908;32.0827;51.7296;-4.21782
-29.9548;-11.8825;32.2255;51.8233;-4.40953

29.9777;-12.1055;32.3297;51.91;-4.63253
29.9181;-12.2929;32.3451;51.9865;-4.8199
29.8796;-12.4773;32.3802;52.0421;-5.0043
29.8464;-12.6671;32.4232;52.0938;-5.19411
29.7596;-12.8736;32.4247;52.2011;-5.40058
29.6801;-13.1005;32.4427;52.3041;-5.62747
29.6325;-13.2541;32.4616;52.3682;-5.78108
29.5966;-13.4898;32.5259;52.4304;-6.01687
29.5998;-13.6217;32.5837;52.4425;-6.14872
29.5668;-13.7692;32.6158;52.4927;-6.29622
29.5623;-13.9481;32.6876;52.519;-6.47515
29.5411;-14.1614;32.7601;52.5667;-6.68842
29.5;-14.3479;32.8041;52.6316;-6.87493
29.4556;-14.5482;32.8524;52.7021;-7.07526
29.4228;-14.7513;32.9135;52.7622;-7.27831
29.3877;-14.9432;32.9687;52.8238;-7.47025
29.299;-15.1271;32.9737;52.9379;-7.65417
29.2006;-15.3027;32.9673;53.0609;-7.82971
29.1049;-15.4806;32.9658;53.182;-8.00766
29.0391;-15.656;32.9906;53.2737;-8.18303
28.9896;-15.8601;33.0445;53.3543;-8.38709
28.9384;-16.0729;33.1024;53.4387;-8.59987
28.9091;-16.2717;33.1739;53.5;-8.79875
28.923;-16.4842;33.2907;53.5217;-9.01124
28.9443;-16.6774;33.4052;53.5335;-9.20437
28.9573;-16.8563;33.5061;53.5518;-9.38335
28.9686;-17.0899;33.634;53.5821;-9.61689
29.0056;-17.3182;33.7823;53.5872;-9.84525
28.975;-17.4749;33.8367;53.6462;-10.0019
28.9581;-17.6977;33.9379;53.7048;-10.2248
29;-17.8446;34.0504;53.6919;-10.3716
29.0025;-18.0288;34.1494;53.7253;-10.5558
28.9567;-18.2018;34.2023;53.8044;-10.7289
28.92;-18.391;34.2724;53.8784;-10.918
28.8718;-18.5927;34.3405;53.9668;-11.1197
28.8419;-18.789;34.4221;54.0368;-11.316
28.8278;-18.9769;34.5132;54.0903;-11.5039
28.7751;-19.1906;34.5873;54.1876;-11.7176
28.789;-19.3884;34.7091;54.2171;-11.9155
28.8222;-19.5949;34.8522;54.2306;-12.1219
28.8042;-19.7896;34.9472;54.2919;-12.3166
28.7485;-19.9862;35.0132;54.3911;-12.5132
28.6816;-20.1618;35.059;54.4968;-12.6888
28.5972;-20.3654;35.1077;54.6265;-12.8924
28.4794;-20.568;35.13;54.7891;-13.095
28.3757;-20.7385;35.1464;54.9307;-13.2655
28.2569;-20.9434;35.1721;55.0957;-13.4704
28.206;-21.1389;35.2481;55.1932;-13.6659
28.0636;-21.3427;35.2573;55.3819;-13.8697
27.9755;-21.4928;35.2785;55.5049;-14.0198
27.8654;-21.6703;35.2999;55.6564;-14.1973
27.7533;-21.8283;35.3089;55.8053;-14.3553
27.6259;-21.986;35.3069;55.9691;-14.513
27.465;-22.1613;35.2909;56.1701;-14.6883
27.286;-22.2978;35.2381;56.3786;-14.8249
27.1227;-22.4234;35.1916;56.5693;-14.9504
26.9819;-22.5263;35.1491;56.7323;-15.0534
26.8016;-22.634;35.0802;56.9347;-15.161
26.5852;-22.751;34.9912;57.1745;-15.278
26.3653;-22.8715;34.9032;57.4186;-15.3985
26.2031;-22.9516;34.8335;57.5964;-15.4786
26.0241;-23.0315;34.752;57.7902;-15.5585
25.8408;-23.1281;34.6794;57.9928;-15.6552
25.6548;-23.2123;34.5974;58.1946;-15.7393
25.4813;-23.3087;34.534;58.3877;-15.8357
25.2345;-23.4459;34.4455;58.6626;-15.9729
25.0652;-23.5529;34.3948;58.8546;-16.08
24.9043;-23.6635;34.3538;59.0396;-16.1905
24.744;-23.7737;34.314;59.2241;-16.3007
24.5829;-23.8915;34.2801;59.4114;-16.4185
24.4181;-24.0112;34.2459;59.6029;-16.5382
24.2702;-24.0842;34.1919;59.7653;-16.6112
24.1028;-24.1757;34.1381;59.9515;-16.7028
23.9152;-24.2878;34.0856;60.163;-16.8148
23.7427;-24.3886;34.037;60.3568;-16.9156
23.5449;-24.5032;33.9819;60.5788;-17.0302
23.3679;-24.6025;33.9314;60.7766;-17.1295
23.1656;-24.7185;33.8769;61.0034;-17.2455
22.9554;-24.8065;33.7981;61.2298;-17.3335
22.7631;-24.9123;33.7458;61.4443;-17.4393
22.5746;-24.9748;33.6653;61.6427;-17.5018
22.4025;-25.0165;33.5812;61.8196;-17.5435
22.2324;-25.0427;33.4875;61.9901;-17.5697
22.0519;-25.0701;33.3886;62.1711;-17.5972
21.8617;-25.1137;33.2961;62.3658;-17.6407
21.6832;-25.1421;33.2007;62.5451;-17.6691
21.4542;-25.1813;33.0814;62.7758;-17.7083
21.259;-25.2759;33.0275;62.9898;-17.8029
21.0829;-25.3575;32.9771;63.1818;-17.8845
20.884;-25.4469;32.9194;63.3978;-17.974
20.6718;-25.4804;32.8112;63.6108;-18.0074
20.4604;-25.5319;32.7186;63.8282;-18.059
20.2387;-25.5761;32.615;64.0534;-18.1031
20.0134;-25.5368;32.4448;64.2584;-18.0638
19.8259;-25.4855;32.2889;64.424;-18.0125
19.6045;-25.4495;32.1249;64.6266;-17.9765
19.422;-25.3818;31.9602;64.7831;-17.9088
19.2462;-25.2834;31.7753;64.9251;-17.8104
19.1036;-25.1833;31.6093;65.0349;-17.7103
18.9292;-25.0368;31.3872;65.163;-17.5638
18.7852;-24.905;31.1952;65.2664;-17.432
18.637;-24.7652;30.9944;65.3721;-17.2922
18.4749;-24.6636;30.8158;65.5018;-17.1906
18.3125;-24.5619;30.6371;65.6319;-17.0889
18.1159;-24.4521;30.4317;65.7934;-16.9791
17.9381;-24.3829;30.2705;65.9473;-16.9099
17.7484;-24.3068;30.097;66.1113;-16.8338
17.5637;-24.2207;29.9187;66.2681;-16.7477
17.3942;-24.125;29.7418;66.408;-16.652
17.2011;-24.0015;29.5288;66.5642;-16.5286
17.0802;-23.9501;29.4166;66.6686;-16.4771
16.8957;-23.8459;29.2248;66.8218;-16.3729
16.7589;-23.7566;29.0729;66.9327;-16.2836
16.6148;-23.6354;28.8909;67.0431;-16.1625
16.4438;-23.5026;28.684;67.1773;-16.0297
16.2713;-23.4314;28.5269;67.328;-15.9584
16.0657;-23.3594;28.3508;67.5107;-15.8865
15.8588;-23.2875;28.1746;67.695;-15.8145
15.6546;-23.2561;28.0341;67.8862;-15.7831
15.4498;-23.212;27.8835;68.0752;-15.739
15.259;-23.1887;27.7588;68.2555;-15.7158
15.0273;-23.0946;27.5532;68.4594;-15.6216
14.8616;-22.9988;27.3827;68.599;-15.5258
14.6632;-22.9785;27.2584;68.7878;-15.5055
14.4503;-22.9892;27.1535;68.9976;-15.5162
14.1974;-22.9752;27.0079;69.2409;-15.5022
14.0528;-22.9841;26.9398;69.3839;-15.5112
13.8237;-22.9353;26.7791;69.5963;-15.4623
13.6311;-22.8272;26.5874;69.7602;-15.3542
13.4701;-22.6402;26.3443;69.8764;-15.1672
13.2537;-22.5688;26.1728;70.0722;-15.0958
13.0856;-22.4359;25.9731;70.208;-14.9629
12.9867;-22.2337;25.7487;70.2618;-14.7607
12.9606;-22.0418;25.5699;70.2474;-14.5689
13.0662;-21.8531;25.4614;70.1051;-14.3801
13.1638;-21.6598;25.3463;69.9701;-14.1868
13.292;-21.5302;25.3027;69.8184;-14.0572
13.3847;-21.3386;25.189;69.6892;-13.8656
13.4917;-21.109;25.0523;69.539;-13.636
13.6646;-20.9551;25.0167;69.3394;-13.4821
13.819;-20.8374;25.0033;69.165;-13.3644
13.9455;-20.6771;24.9403;69.0101;-13.2041
14.1252;-20.5905;24.9697;68.8172;-13.1175
14.243;-20.4071;24.886;68.6668;-12.9341
14.3592;-20.3186;24.8804;68.5359;-12.8457
14.4741;-20.1211;24.7862;68.3863;-12.6481
14.6047;-19.9389;24.7156;68.2244;-12.4659
14.754;-19.7905;24.6849;68.0507;-12.3175
14.8665;-19.623;24.6186;67.9099;-12.15
15.0005;-19.4707;24.5789;67.7508;-11.9977
15.1169;-19.3034;24.5182;67.6068;-11.8304
15.2005;-19.2;24.4887;67.5064;-11.727
15.3215;-19.0378;24.4374;67.3593;-11.5649
15.4507;-18.8896;24.4037;67.2067;-11.4166
15.6071;-18.7629;24.4055;67.0311;-11.2899
15.6613;-18.6072;24.3208;66.9516;-11.1342
15.8385;-18.3758;24.2596;66.7387;-10.9028
15.9857;-18.2235;24.2412;66.5687;-10.7505
16.0882;-18.0572;24.1845;66.4409;-10.5842
16.21;-17.8906;24.142;66.2943;-10.4176
16.3151;-17.7185;24.0858;66.1636;-10.2455
16.3521;-17.5391;23.9794;66.0995;-10.0661
16.4893;-17.3568;23.9406;65.9363;-9.88378
16.5271;-17.1306;23.8034;65.8653;-9.65762
16.5479;-16.9565;23.6929;65.8195;-9.48355
16.5964;-16.7567;23.5844;65.743;-9.28368
16.6101;-16.5563;23.4522;65.7014;-9.08329
16.5969;-16.3598;23.3045;65.6876;-8.88678
16.6026;-16.1661;23.173;65.656;-8.69308
16.5789;-15.9491;23.0051;65.6512;-8.4761
16.5863;-15.7753;22.8903;65.6216;-8.3023
16.5851;-15.5615;22.7426;65.5961;-8.08854
16.575;-15.375;22.608;65.5834;-7.90204
16.5679;-15.1849;22.4739;65.5679;-7.71196
16.5853;-15.0003;22.3625;65.529;-7.52728
16.5701;-14.7926;22.2124;65.5206;-7.31959
16.5254;-14.5714;22.0322;65.5407;-7.09847
16.5428;-14.3297;21.8862;65.4977;-6.85669
16.5541;-14.1306;21.7649;65.4659;-6.65759
16.5905;-13.9309;21.6637;65.4096;-6.45791
16.554;-13.6956;21.485;65.4232;-6.22261
16.6105;-13.4326;21.3622;65.3424;-5.95961
16.6081;-13.2242;21.2299;65.3261;-5.75124
16.6669;-13.0318;21.1568;65.2509;-5.55878
16.6474;-12.8183;21.0106;65.2525;-5.34529
16.6119;-12.637;20.8722;65.2733;-5.16398
16.6158;-12.4439;20.759;65.2544;-4.97096
16.6167;-12.2655;20.6533;65.2401;-4.79254
16.6206;-12.095;20.5556;65.224;-4.62206
16.5799;-11.9122;20.4155;65.2519;-4.43917
16.5523;-11.7131;20.2775;65.2662;-4.24017
16.5157;-11.517;20.1348;65.2902;-4.04397
16.4574;-11.3286;19.9795;65.3371;-3.85557
16.4587;-11.1233;19.8649;65.324;-3.65035
16.426;-10.9195;19.7243;65.3455;-3.44649
16.4384;-10.6995;19.6138;65.3219;-3.22652
16.3804;-10.5251;19.4703;65.3715;-3.05213
16.4017;-10.3027;19.3691;65.3402;-2.82976
16.3695;-10.1491;19.2605;65.3659;-2.67614
16.3705;-9.88532;19.1236;65.3547;-2.41234
16.3154;-9.70914;18.9858;65.4034;-2.23616
16.3578;-9.50635;18.9195;65.3544;-2.03337
16.2656;-9.29141;18.7324;65.4402;-1.81843
16.243;-9.09863;18.6177;65.4578;-1.62565
16.1845;-8.91901;18.4794;65.512;-1.44602
16.1473;-8.70305;18.3434;65.5448;-1.23006
16.0545;-8.52421;18.1771;65.6346;-1.05123
16.0218;-8.34965;18.067;65.6646;-0.876669
15.9574;-8.1751;17.9296;65.7269;-0.702115
15.8766;-7.99548;17.7762;65.8061;-0.522499
15.8189;-7.82649;17.6491;65.8627;-0.35351
15.7326;-7.65168;17.4946;65.9483;-0.178701
15.686;-7.47705;17.3769;65.9946;-0.00406988
15.5399;-7.29665;17.1677;66.141;0.176334
15.5062;-7.06183;17.0386;66.1756;0.411153
15.3974;-6.88413;16.8663;66.2858;0.588854
15.2898;-6.73737;16.7084;66.3948;0.735612
15.1986;-6.52651;16.5406;66.4888;0.94647
15.1237;-6.33321;16.3962;66.5667;1.13977
15.0761;-6.13636;16.2771;66.6179;1.33662
14.9988;-5.95959;16.1394;66.699;1.51339
14.9256;-5.78488;16.0074;66.7763;1.68811
14.9185;-5.67874;15.9628;66.7862;1.79424
14.7971;-5.45465;15.7705;66.9139;2.01833
14.7502;-5.30649;15.6757;66.9654;2.16649
14.6877;-5.1178;15.5538;67.0343;2.35519
14.5776;-5.00867;15.414;67.1483;2.46431
14.5238;-4.77682;15.2892;67.2109;2.69616
14.4617;-4.55248;15.1613;67.2823;2.9205
14.4118;-4.35483;15.0553;67.3411;3.11815
14.3156;-4.175;14.9119;67.4457;3.29798
14.2515;-4.00778;14.8043;67.5181;3.46521
14.162;-3.82322;14.669;67.6172;3.64977
14.0382;-3.71872;14.5224;67.7465;3.75426
13.9451;-3.50272;14.3783;67.8517;3.97026
13.8902;-3.27193;14.2703;67.9205;4.20106
13.8366;-3.08265;14.1758;67.9859;4.39034
13.7403;-2.89969;14.043;68.094;4.57329
13.6845;-2.71239;13.9507;68.1625;4.76059
13.5677;-2.49925;13.796;68.2943;4.97373
13.509;-2.29609;13.7027;68.3679;5.1769
13.3915;-2.10607;13.5561;68.4996;5.36691
13.2792;-1.93091;13.4188;68.6256;5.54208
13.2063;-1.75227;13.322;68.7129;5.72071
13.0273;-1.56622;13.1211;68.9069;5.90676
12.8933;-1.41369;12.9705;69.0537;6.05929
12.7433;-1.27525;12.807;69.2153;6.19773
12.6257;-1.1905;12.6817;69.3401;6.28248
12.5018;-1.04162;12.5451;69.4771;6.43136
12.3522;-0.855359;12.3818;69.6435;6.61762
12.2003;-0.710247;12.221;69.8086;6.76274
12.011;-0.556978;12.024;70.012;6.916
11.8616;-0.423291;11.8691;70.174;7.04969
11.7518;-0.319788;11.7561;70.2937;7.15319
11.59;-0.173693;11.5913;70.4697;7.29929
11.44;-0.0230992;11.44;70.6345;7.44988
11.2714;0.0895317;11.2717;70.8142;7.56251
11.1342;0.254264;11.1371;70.9683;7.72725
10.9118;0.435789;10.9205;71.2094;7.90877
10.7762;0.576413;10.7916;71.3598;8.04939
10.6345;0.718288;10.6587;71.5168;8.19127
10.4613;0.911972;10.501;71.7112;8.38495
10.2893;1.03125;10.3409;71.896;8.50423
10.1693;1.15944;10.2351;72.0305;8.63242
9.97532;1.26344;10.055;72.2355;8.73642
9.80499;1.3487;9.89731;72.4149;8.82169
9.63446;1.49642;9.74997;72.6023;8.9694
9.45445;1.62089;9.59239;72.7964;9.09388
9.26331;1.69954;9.41792;72.9959;9.17252
9.08849;1.80516;9.26603;73.1826;9.27814
8.95217;1.89959;9.15149;73.3299;9.37258
8.74432;1.95045;8.9592;73.5425;9.42343
8.55684;2.04368;8.79751;73.7404;9.51666
8.40498;2.12143;8.66857;73.9011;9.59441
8.22692;2.20361;8.51693;74.0883;9.67659
8.0347;2.29487;8.35601;74.2908;9.76785
7.83594;2.38208;8.19;74.4994;9.85506
7.67402;2.485;8.06634;74.6735;9.95798
7.48288;2.53088;7.89929;74.8691;10.0039
7.311;2.64257;7.77392;75.0544;10.1156
7.13655;2.74385;7.64585;75.2409;10.2168
7.00545;2.79122;7.54104;75.3773;10.2642
6.8363;2.9159;7.43219;75.5619;10.3889
6.66572;3.02234;7.31891;75.7455;10.4953
6.49919;3.12935;7.21334;75.9253;10.6023
6.31111;3.21782;7.0841;76.1239;10.6908
6.15763;3.37518;7.02198;76.2981;10.8482
5.98304;3.54055;6.95214;76.4946;11.0135
5.83421;3.68862;6.90245;76.6633;11.1616
5.69302;3.85107;6.87323;76.8267;11.3241
5.52245;4.0278;6.83525;77.0216;11.5008
5.43158;4.16126;6.84238;77.1315;11.6342
5.30022;4.36004;6.86312;77.2915;11.833
5.14179;4.46107;6.80729;77.4636;11.9341
5.00914;4.60069;6.80131;77.6163;12.0737
4.80194;4.68694;6.71015;77.8344;12.1599
4.60567;4.73168;6.6031;78.0352;12.2047
4.37025;4.78376;6.47947;78.2759;12.2567
4.19843;4.83149;6.40079;78.4531;12.3045
3.98988;4.82901;6.26406;78.6587;12.302
3.78724;4.84191;6.14714;78.8608;12.3149
3.58449;4.81974;6.00654;79.0577;12.2927
3.43137;4.78946;5.89179;79.2042;12.2624
3.22211;4.78389;5.76781;79.4101;12.2569
3.00837;4.68205;5.56523;79.6057;12.155
2.79536;4.66138;5.4353;79.8131;12.1344
2.59872;4.62033;5.30102;80.0012;12.0933
2.41741;4.58651;5.18459;80.1753;12.0595
2.23588;4.58945;5.10512;80.3552;12.0624
2.03627;4.55113;4.98589;80.5469;12.0241
1.82467;4.59551;4.9445;80.7627;12.0685
1.62745;4.63132;4.90894;80.9631;12.1043
1.43838;4.71846;4.93283;81.1631;12.1914
1.26159;4.79919;4.96224;81.35;12.2722
1.0862;4.94082;5.0588;81.5448;12.4138
0.935717;5.05531;5.14118;81.711;12.5283
0.811151;5.2234;5.28601;81.86;12.6964
0.738422;5.42066;5.47072;81.9627;12.8936
0.732053;5.61291;5.66044;81.9994;13.0859
0.662997;5.83023;5.86781;82.1025;13.3032
0.648572;6.04511;6.0798;82.1519;13.5181
0.700945;6.19812;6.23763;82.1255;13.6711
0.660523;6.41592;6.44983;82.2019;13.8889
0.640944;6.60841;6.63942;82.2539;14.0814
0.605598;6.82148;6.84831;82.3255;14.2945
0.636076;7.05672;7.08533;82.3367;14.5297
0.631855;7.24885;7.27634;82.3749;14.7218
0.635858;7.46204;7.48909;82.4094;14.935
0.668226;7.64644;7.67558;82.4112;15.1194
0.613624;7.83672;7.86071;82.4999;15.3097
0.620287;8.03282;8.05674;82.53;15.5058
0.661685;8.24736;8.27386;82.53;15.7203
0.66461;8.40084;8.42709;82.5565;15.8738
0.634692;8.5938;8.6172;82.6231;16.0668
0.620896;8.81934;8.84117;82.6808;16.2923
0.609692;9.01851;9.03909;82.7313;16.4915
0.628632;9.26521;9.28651;82.7622;16.7382
0.613452;9.47267;9.49252;82.8193;16.9457
0.604367;9.67727;9.69612;82.8703;17.1503
0.602414;9.89642;9.91474;82.9178;17.3694
0.633583;10.0835;10.1034;82.9268;17.5565
0.647202;10.2926;10.3129;82.958;17.7656
0.675151;10.5019;10.5236;82.9758;17.9749
0.758115;10.6925;10.7194;82.9363;18.1655
0.816557;10.8966;10.9272;82.9243;18.3696
0.904961;11.0795;11.1164;82.8788;18.5525
1.07596;11.3163;11.3673;82.7656;18.7893
1.21191;11.4649;11.5288;82.6671;18.9379
1.35255;11.579;11.6578;82.5565;19.052
1.50074;11.6382;11.7345;82.426;19.1111
1.69429;11.7504;11.872;82.2639;19.2234
1.89117;11.7802;11.9311;82.0795;19.2532
2.08744;11.7966;11.9799;81.8925;19.2696
2.29385;11.7684;11.9899;81.6853;19.2414
2.50209;11.7117;11.976;81.4695;19.1847
2.69502;11.6649;11.9722;81.271;19.1379
2.89997;11.5965;11.9536;81.0557;19.0695
3.09864;11.5195;11.929;80.8445;18.9925
3.25607;11.3812;11.8378;80.6591;18.8542
3.41958;11.3281;11.833;80.4877;18.8011
3.60029;11.2294;11.7924;80.2889;18.7024
3.76476;11.1474;11.766;80.1099;18.6204
3.97386;10.9947;11.6908;79.8711;18.4677
4.14056;10.9505;11.7071;79.6987;18.4235
4.339;10.9007;11.7325;79.4941;18.3737
4.5121;10.8233;11.7262;79.3078;18.2963
4.68917;10.7439;11.7226;79.1172;18.2169
4.87435;10.6679;11.7287;78.9195;18.1409
5.0891;10.6406;11.795;78.7043;18.1136
5.30772;10.6227;11.8749;78.4874;18.0957
5.50582;10.5709;11.9188;78.2827;18.0439
5.70349;10.5321;11.9772;78.0814;18.005
5.87829;10.5321;12.0615;77.9113;18.0051
6.09566;10.4568;12.1038;77.6824;17.9298
6.29336;10.4916;12.2344;77.4981;17.9646
6.48562;10.5013;12.3426;77.3134;17.9743
6.70662;10.5349;12.4885;77.1063;18.0079
6.91348;10.5529;12.6158;76.9094;18.0258
7.07434;10.595;12.7397;76.7629;18.068
7.25326;10.6529;12.8877;76.6027;18.1259
7.45582;10.663;13.0111;76.4083;18.136
7.65467;10.7492;13.1962;76.2357;18.2221
7.86309;10.8265;13.3807;76.0519;18.2995
8.08739;10.9684;13.6276;75.8686;18.4414
8.26536;11.0375;13.7892;75.7128;18.5104
8.51183;11.1511;14.0285;75.5018;18.6241
8.64511;11.1929;14.1428;75.383;18.6659
8.8423;11.2897;14.3403;75.2161;18.7627
8.99747;11.397;14.5205;75.0927;18.87
9.12935;11.4587;14.6508;74.9806;18.9317
9.29661;11.6396;14.8966;74.8648;19.1126
9.44222;11.699;15.034;74.7392;19.172
9.63902;11.8135;15.247;74.5785;19.2865
9.78871;11.8599;15.3777;74.446;19.3328
9.8958;11.9871;15.544;74.3757;19.4601
10.058;12.1101;15.7422;74.2515;19.583
10.2034;12.2259;15.9243;74.142;19.6989
10.3513;12.3622;16.1237;74.0358;19.8352
10.5676;12.472;16.347;73.857;19.945
10.7506;12.6296;16.5856;73.7237;20.1026
10.8713;12.7975;16.7917;73.6536;20.2704
11.023;12.9366;16.9959;73.5462;20.4096
11.181;13.0578;17.1907;73.4282;20.5307
11.3345;13.2196;17.4135;73.3264;20.6926
11.451;13.3534;17.5909;73.2525;20.8264
11.5959;13.4925;17.7908;73.1534;20.9655
11.7272;13.6419;17.9897;73.0707;21.1149
11.8158;13.7662;18.1418;73.0219;21.2392
11.9695;13.9394;18.3732;72.9255;21.4124
12.0641;14.122;18.5735;72.889;21.595
12.1306;14.32;18.7673;72.8844;21.793
12.1803;14.5246;18.9558;72.8984;21.9976
12.2188;14.7128;19.1251;72.9188;22.1858
12.2826;14.8934;19.3048;72.9132;22.3664
12.3185;15.101;19.4881;72.943;22.574
12.3351;15.3129;19.6632;72.9931;22.7859
12.4465;15.5014;19.8799;72.9465;22.9744
12.5444;15.6938;20.0912;72.9144;23.1668
12.6697;15.8845;20.3185;72.8565;23.3575
12.8243;16.0477;20.5424;72.7627;23.5207
12.9735;16.1937;20.7496;72.669;23.6667
13.1639;16.345;20.9868;72.5385;23.818
13.2819;16.5114;21.1905;72.482;23.9844
13.4011;16.648;21.3716;72.4149;24.121
13.5084;16.8246;21.5764;72.3728;24.2976
13.6094;16.9215;21.7153;72.3103;24.3945
13.6941;17.1158;21.9199;72.2964;24.5888
13.7921;17.2897;22.1169;72.2637;24.7627
13.8277;17.4848;22.2918;72.2974;24.9578
13.9397;17.7129;22.5402;72.2714;25.1858
14.0048;17.9081;22.7339;72.2787;25.381
14.0334;18.1019;22.9045;72.3202;25.5749
14.1486;18.2778;23.1141;72.275;25.7508
14.1925;18.4672;23.2909;72.3017;25.9402
14.2389;18.6527;23.4664;72.3252;26.1257
14.297;18.8405;23.651;72.3391;26.3135
14.359;19.0585;23.8622;72.361;26.5314
14.4157;19.2852;24.0776;72.3917;26.7581
14.474;19.4541;24.2479;72.4002;26.9271
14.5476;19.6398;24.4408;72.4012;27.1128
14.6291;19.8286;24.6411;72.3967;27.3016
14.6082;20.0508;24.8079;72.5001;27.5237
14.6281;20.2681;24.9956;72.5645;27.7411
14.6242;20.4446;25.1366;72.6358;27.9176
14.613;20.6148;25.2688;72.7117;28.0878
14.55;20.8701;25.4414;72.8687;28.3431
14.5579;21.0951;25.6308;72.9492;28.5681
14.628;21.2797;25.8225;72.9573;28.7527
14.6001;21.5038;25.9919;73.0715;28.9768
14.5371;21.6793;26.102;73.1991;29.1522
14.5237;21.8625;26.2471;73.2845;29.3355
14.5001;22.081;26.4163;73.3939;29.554
14.5301;22.2866;26.6048;73.4494;29.7596
14.5231;22.4984;26.7787;73.542;29.9714
14.5716;22.7315;27.001;73.593;30.2045
14.5831;22.9269;27.1719;73.6629;30.3999
14.6201;23.1254;27.3594;73.7114;30.5984
14.6105;23.3224;27.5209;73.8021;30.7953
14.6368;23.4811;27.6694;73.8446;30.9541
14.6813;23.7157;27.8922;73.9029;31.1887
14.7151;23.9129;28.0777;73.9557;31.3858
14.7721;24.1036;28.2701;73.9854;31.5766
14.7763;24.3031;28.4426;74.0669;31.7761
14.855;24.4899;28.6431;74.0762;31.9629
14.9552;24.6647;28.8445;74.0615;32.1377
15.0719;24.812;29.031;74.0205;32.2849
15.1752;24.9867;29.2339;74.004;32.4596
15.3547;25.1283;29.4482;73.9051;32.6012
15.51;25.2941;29.6707;73.8392;32.7671
15.6332;25.3998;29.8253;73.7758;32.8727
15.7599;25.5357;30.0074;73.7232;33.0087
15.9071;25.6741;30.2026;73.6538;33.1471
16.0222;25.8082;30.3772;73.6116;33.2812
16.1606;25.9692;30.5869;73.5612;33.4421
16.2888;26.1227;30.7851;73.5171;33.5957
16.4726;26.2853;31.0204;73.4282;33.7582
16.609;26.4312;31.2165;73.3744;33.9042
16.7541;26.5718;31.4128;73.311;34.0448
16.9991;26.6721;31.6286;73.1409;34.1451
17.1615;26.7994;31.8233;73.0569;34.2724
17.3281;26.9232;32.0175;72.9681;34.3961
17.4903;27.0095;32.178;72.8658;34.4825
17.6447;27.0894;32.3291;72.7678;34.5623
17.8307;27.161;32.4909;72.6383;34.634
17.9962;27.2093;32.6222;72.516;34.6823
18.1624;27.315;32.8021;72.4208;34.7879
18.3668;27.351;32.9457;72.2589;34.824
18.5461;27.3575;33.0513;72.1049;34.8305
18.7301;27.3831;33.176;71.9563;34.8561
18.9318;27.437;33.3347;71.8061;34.91
19.1316;27.4674;33.4735;71.6464;34.9404
19.3412;27.4846;33.6078;71.4719;34.9576
19.5368;27.5154;33.7459;71.3165;34.9884
19.7085;27.5649;33.8858;71.1912;35.0379
19.9229;27.6422;34.0736;71.0429;35.1152
20.0992;27.6271;34.1648;70.8822;35.1001
20.3219;27.71;34.3631;70.7299;35.1829
20.5139;27.7453;34.5054;70.5811;35.2183
20.7095;27.7745;34.6455;70.4263;35.2475
20.9201;27.8399;34.824;70.2769;35.3129
21.1176;27.8864;34.9801;70.1296;35.3594
21.321;27.8928;35.1083;69.9573;35.3658
21.533;27.8736;35.2223;69.7647;35.3466
21.7639;27.96;35.4321;69.6097;35.433
21.97;28.0035;35.5932;69.4546;35.4765
22.1192;27.9238;35.623;69.2855;35.3967
22.356;27.9445;35.7867;69.0927;35.4174
22.5108;28.0069;35.9322;68.9919;35.4799
22.7102;28.0491;36.0903;68.8428;35.5221
22.9147;28.1089;36.2656;68.6986;35.5819
23.1278;28.2047;36.4746;68.5663;35.6777
23.3253;28.2535;36.6378;68.4231;35.7265
23.5263;28.2827;36.7885;68.267;35.7556
23.7695;28.3529;36.9983;68.0969;35.8258
23.955;28.4152;37.1654;67.9721;35.8882
24.1419;28.4846;37.339;67.8502;35.9576
24.3358;28.552;37.516;67.7217;36.025
24.5125;28.6234;37.685;67.6102;36.0963
24.66;28.7111;37.8477;67.5324;36.1841
24.874;28.8035;38.0573;67.4015;36.2765
25.045;28.866;38.2165;67.2912;36.339
25.2506;28.9334;38.4023;67.1549;36.4064
25.4205;29.0117;38.573;67.0547;36.4846
25.5938;29.1074;38.7593;66.9615;36.5803
25.8117;29.2023;38.9746;66.8312;36.6753
25.9835;29.1863;39.0766;66.6789;36.6593
26.1896;29.2354;39.2505;66.5339;36.7084
26.3633;29.2686;39.3913;66.4074;36.7415
26.5432;29.2651;39.5093;66.2557;36.738
26.7518;29.2812;39.6617;66.0911;36.7542
26.9415;29.2995;39.8033;65.9437;36.7724
27.1241;29.3099;39.9348;65.7981;36.7829
27.2659;29.3078;40.0297;65.6794;36.7808
27.4554;29.2847;40.1421;65.5095;36.7576
27.6771;29.2746;40.2868;65.3204;36.7476
27.8653;29.2661;40.4101;65.1601;36.739
28.0527;29.2513;40.5289;64.9971;36.7243
28.2925;29.2221;40.6743;64.7828;36.6951
28.4757;29.1208;40.7295;64.5745;36.5938
28.6408;29.0816;40.8171;64.4163;36.5546
28.7612;28.9884;40.8354;64.2643;36.4614
29.0083;28.9482;40.9814;64.0381;36.4212
29.1855;28.9096;41.0799;63.8704;36.3826
29.4166;28.81;41.1747;63.6237;36.283
29.6075;28.7446;41.2657;63.4297;36.2176
29.7974;28.6858;41.3613;63.2402;36.1588
29.9818;28.6464;41.4672;63.0664;36.1194

-29.8471;28.6689;41.3854;62.9391;36.1418
-29.6569;28.5671;41.1777;62.7249;36.04
-29.5028;28.5158;41.0313;62.5695;35.9888
-29.3167;28.397;40.8149;62.3489;35.87
-29.1328;28.2677;40.5929;62.124;35.7407
-28.9419;28.197;40.4067;61.9273;35.67
-28.7545;28.1298;40.2257;61.7354;35.6028
-28.5612;28.0216;40.0119;61.5151;35.4946
-28.3701;27.9559;39.8295;61.3211;35.4289
-28.1557;27.8818;39.6249;61.1033;35.3548
-27.9697;27.8236;39.4519;60.9179;35.2965
-27.7862;27.7662;39.2815;60.7352;35.2392
-27.6712;27.7186;39.1665;60.6139;35.1915
-27.4374;27.6587;38.9592;60.3889;35.1317
-27.2559;27.5752;38.7721;60.1926;35.0482
-27.0761;27.4895;38.5848;59.9966;34.9625
-26.8876;27.3903;38.3819;59.7856;34.8633
-26.7019;27.3326;38.2108;59.6011;34.8056
-26.5351;27.2007;37.9998;59.3886;34.6736
-26.3549;27.095;37.7984;59.1806;34.568
-26.1769;26.9966;37.6038;58.9787;34.4696
-25.949;26.8812;37.3624;58.7264;34.3542
-25.8226;26.6751;37.1264;58.5034;34.148
-25.6884;26.4831;36.8951;58.2824;33.9561
-25.5576;26.3075;36.678;58.0738;33.7805
-25.4366;26.1361;36.4707;57.8757;33.6091
-25.3046;25.9325;36.2328;57.6501;33.4055
-25.2032;25.7767;36.0505;57.4772;33.2497
-25.122;25.5597;35.8387;57.2856;33.0326
-25.0544;25.4069;35.6825;57.1424;32.8799
-25.0001;25.206;35.5014;56.9825;32.679
-24.9855;25.0053;35.3488;56.8556;32.4782
-24.9751;24.8096;35.2033;56.7355;32.2825
-25.0036;24.6038;35.0788;56.6421;32.0768
-24.9944;24.3346;34.884;56.4825;31.8076
-25.1081;24.1475;34.8356;56.4716;31.6205
-25.1169;23.9299;34.6915;56.3573;31.4029
-25.1725;23.7288;34.5935;56.2917;31.2018
-25.2257;23.5403;34.5033;56.2319;31.0132
-25.3295;23.3488;34.4493;56.2133;30.8218
-25.3083;23.086;34.256;56.0519;30.559
-25.2957;22.8819;34.1094;55.9302;30.3549
-25.2892;22.6827;33.9713;55.8169;30.1557
-25.2927;22.444;33.815;55.6912;29.917
-25.2604;22.2502;33.6625;55.5602;29.7232
-25.21;22.0554;33.496;55.4135;29.5284
-25.149;21.888;33.34;55.2728;29.361
-25.0942;21.6903;33.1691;55.1215;29.1633
-24.9629;21.4957;32.9426;54.9072;28.9687
-24.9416;21.2953;32.7959;54.7836;28.7683
-24.9319;21.0957;32.6593;54.6708;28.5687
-24.8875;20.8906;32.4931;54.5259;28.3636
-24.8563;20.6789;32.3335;54.3895;28.1519
-24.8561;20.4445;32.1839;54.2683;27.9175
-24.7578;20.2571;31.989;54.0877;27.73
-24.695;20.0172;31.7889;53.9111;27.4902
-24.6289;19.8283;31.6187;53.7581;27.3012
-24.5901;19.606;31.4495;53.612;27.079
-24.5045;19.4179;31.2654;53.4433;26.8909
-24.4564;19.2824;31.1436;53.3336;26.7554
-24.3847;19.1308;30.9936;53.1956;26.6038
-24.3221;18.941;30.8274;53.0466;26.4139
-24.1883;18.7782;30.6218;52.8496;26.2512
-24.1147;18.581;30.443;52.688;26.054
-24.0656;18.3906;30.2881;52.5513;25.8636
-24.0629;18.2317;30.1897;52.471;25.7047
-24.0139;18.0348;30.032;52.3319;25.5077
-23.9292;17.8459;29.851;52.166;25.3189
-23.8837;17.6572;29.702;52.0349;25.1302
-23.8686;17.4506;29.5674;51.9222;24.9236
-23.7795;17.2801;29.395;51.7623;24.7531
-23.7557;17.0622;29.2481;51.6375;24.5352
-23.7158;16.8661;29.1016;51.5094;24.3391
-23.6774;16.6817;28.9637;51.3887;24.1547
-23.614;16.512;28.8144;51.2531;23.985
-23.5835;16.3295;28.6851;51.141;23.8025
-23.5245;16.1169;28.5159;50.99;23.5899
-23.4483;15.9355;28.3507;50.8387;23.4084
-23.3783;15.7418;28.1842;50.6876;23.2148
-23.3181;15.5515;28.0282;50.5471;23.0245
-23.2825;15.3741;27.9005;50.4348;22.8471
-23.2622;15.1801;27.7771;50.3291;22.6531
-23.2012;14.9776;27.6156;50.1837;22.4506
-23.1865;14.7353;27.4725;50.0625;22.2082
-23.1745;14.4556;27.3135;49.9284;21.9286
-23.2075;14.2584;27.2376;49.8717;21.7313
-23.243;14.0543;27.1617;49.8152;21.5273
-23.3042;13.853;27.1107;49.7838;21.326
-23.3482;13.6574;27.0492;49.7402;21.1303
-23.407;13.4887;27.0154;49.722;20.9617
-23.491;13.2961;26.9929;49.7175;20.7691
-23.5667;13.1051;26.9654;49.7069;20.5781
-23.6195;12.8815;26.9038;49.6629;20.3545
-23.6883;12.7083;26.8818;49.655;20.1812
-23.7223;12.5572;26.8409;49.6249;20.0302
-23.8114;12.3482;26.8228;49.6226;19.8211
-23.8215;12.1388;26.736;49.5486;19.6118
-23.8458;11.9356;26.666;49.4908;19.4086
-23.8476;11.7485;26.5845;49.4195;19.2215
-23.8109;11.6134;26.4921;49.3332;19.0864
-23.7984;11.4118;26.3931;49.244;18.8848
-23.7647;11.2377;26.2878;49.1464;18.7107
-23.7022;11.0415;26.1478;49.0141;18.5145
-23.6912;10.8586;26.0611;48.9351;18.3316
-23.6549;10.6591;25.9456;48.8271;18.132
-23.662;10.4615;25.8715;48.7606;17.9345
-23.6162;10.2473;25.7436;48.6396;17.7203
-23.5705;10.0692;25.6312;48.5324;17.5422
-23.5474;9.85751;25.5274;48.4346;17.3305
-23.5139;9.65918;25.4205;48.3327;17.1322
-23.4872;9.50123;25.3362;48.252;16.9742
-23.4657;9.29083;25.238;48.1582;16.7638
-23.4681;9.1417;25.1857;48.1087;16.6147
-23.4413;8.95974;25.0953;48.0211;16.4327
-23.4686;8.76309;25.0512;47.9797;16.2361
-23.4657;8.549;24.9745;47.905;16.022
-23.4627;8.37076;24.9112;47.8429;15.8437
-23.4735;8.2285;24.874;47.8062;15.7015
-23.4349;7.99889;24.7624;47.6947;15.4719
-23.3874;7.88378;24.6804;47.6125;15.3568
-23.3286;7.74071;24.5793;47.5109;15.2137
-23.2263;7.58035;24.432;47.3628;15.0533
-23.1332;7.40293;24.2888;47.2183;14.8759
-23.0498;7.22068;24.1543;47.082;14.6937
-22.9596;7.0508;24.0179;46.9435;14.5238
-22.8506;6.84547;23.8539;46.7765;14.3184
-22.7577;6.66464;23.7135;46.633;14.1376
-22.6814;6.49871;23.5941;46.5102;13.9717
-22.5209;6.34984;23.399;46.3124;13.8228
-22.4388;6.15115;23.2667;46.1751;13.6241
-22.3078;5.98957;23.0979;46.0024;13.4626
-22.1846;5.83271;22.9385;45.8388;13.3057
-22.0757;5.68212;22.7953;45.6911;13.1551
-21.9646;5.51064;22.6453;45.5354;12.9836
-21.8374;5.3353;22.4797;45.3637;12.8083
-21.7237;5.11241;22.3171;45.192;12.5854
-21.5113;4.91782;22.0662;44.934;12.3908
-21.4326;4.75776;21.9544;44.8145;12.2307
-21.3704;4.5647;21.8525;44.7023;12.0377
-21.323;4.38686;21.7695;44.609;11.8598
-21.1476;4.18937;21.5586;44.3877;11.6624
-21.0587;3.98492;21.4324;44.2485;11.4579
-20.9979;3.79545;21.3381;44.141;11.2684
-20.9905;3.62086;21.3005;44.0896;11.0938
-20.979;3.41479;21.2551;44.0271;10.8878
-20.986;3.21822;21.2314;43.9857;10.6912
-21.008;3.00287;21.2215;43.9552;10.4759
-21.0294;2.82114;21.2178;43.933;10.2941
-21.0396;2.63131;21.2036;43.8989;10.1043
-21.0782;2.46001;21.2212;43.8973;9.93299
-21.078;2.28413;21.2014;43.8577;9.75711
-21.1236;2.08024;21.2257;43.8573;9.55322
-21.148;1.89321;21.2326;43.8408;9.36619
-21.2063;1.71721;21.2758;43.8606;9.1902
-21.2834;1.58832;21.3426;43.9091;9.0613
-21.3685;1.42598;21.4161;43.9593;8.89896
-21.4219;1.25272;21.4585;43.9769;8.7257
-21.5112;1.0605;21.5373;44.0267;8.53348
-21.5609;0.862883;21.5781;44.0376;8.33587
-21.6092;0.679812;21.6199;44.0508;8.15279
-21.7239;0.490217;21.7294;44.1289;7.9632
-21.7957;0.298046;21.7977;44.1653;7.77103
-21.8503;0.131667;21.8507;44.1902;7.60465
-21.9006;-0.0615139;21.9006;44.2069;7.41147
-21.9801;-0.270572;21.9818;44.2508;7.20241
-22.0728;-0.463139;22.0776;44.3113;7.00984
-22.149;-0.621275;22.1577;44.3619;6.85171
-22.2331;-0.795048;22.2474;44.4186;6.67793
-22.2953;-1.0099;22.3181;44.4483;6.46309
-22.3412;-1.21215;22.3741;44.4648;6.26083
-22.37;-1.41043;22.4144;44.4658;6.06255
-22.3954;-1.66394;22.4571;44.4571;5.80904
-22.456;-1.85454;22.5324;44.4928;5.61844
-22.5156;-2.05455;22.6092;44.5271;5.41844
-22.5234;-2.27146;22.6377;44.509;5.20153
-22.5036;-2.46489;22.6382;44.4672;5.00809
-22.5397;-2.6589;22.6959;44.4815;4.81408
-22.5404;-2.86576;22.7219;44.4604;4.60722
-22.6376;-3.06884;22.8446;44.5365;4.40415
-22.7012;-3.24026;22.9313;44.5832;4.23273
-22.8213;-3.39062;23.0718;44.6888;4.08236
-22.9636;-3.51854;23.2316;44.819;3.95444
-23.1338;-3.58872;23.4105;44.9824;3.88426
-23.2701;-3.73206;23.5675;45.1061;3.74092
-23.4092;-3.84741;23.7233;45.2354;3.62557
-23.607;-3.95543;23.9361;45.424;3.51756
-23.8094;-4.01058;24.1448;45.6216;3.4624
-24.0136;-4.08024;24.3578;45.82;3.39275
-24.2241;-4.1127;24.5708;46.0275;3.36028
-24.4122;-4.13459;24.7598;46.2135;3.33839
-24.6199;-4.1394;24.9655;46.4204;3.33358
-24.8161;-4.1429;25.1596;46.6158;3.33008
-25.049;-4.1541;25.3911;46.8473;3.31889
-25.247;-4.17281;25.5895;47.0435;3.30017
-25.5115;-4.14289;25.8457;47.3094;3.3301
-25.6794;-4.13176;26.0097;47.4777;3.34122
-25.8727;-4.05795;26.189;47.6758;3.41504
-26.0901;-3.99025;26.3935;47.8975;3.48273
-26.2726;-3.91155;26.5622;48.0853;3.56143
-26.4718;-3.88319;26.7551;48.286;3.58979
-26.6633;-3.80806;26.9339;48.4826;3.66492
-26.8454;-3.72741;27.1029;48.6703;3.74557
-27.0124;-3.6438;27.257;48.8433;3.82919
-27.1907;-3.55387;27.422;49.0282;3.91911
-27.4311;-3.44869;27.647;49.2763;4.02429
-27.639;-3.40542;27.848;49.4871;4.06756
-27.834;-3.36432;28.0366;49.6848;4.10866
-28.0344;-3.30935;28.229;49.889;4.16363
-28.2386;-3.26887;28.4272;50.0959;4.20411
-28.4268;-3.20868;28.6073;50.2885;4.2643
-28.6088;-3.15835;28.7827;50.4742;4.31464
-28.8041;-3.0959;28.97;50.6741;4.37709
-29.0032;-3.05834;29.164;50.8757;4.41465
-29.2038;-2.98029;29.3555;51.0824;4.49269
-29.3964;-2.86611;29.5358;51.2843;4.60687
-29.5771;-2.77891;29.7073;51.4721;4.69407
-29.7974;-2.68186;29.9179;51.7005;4.79112
-29.9801;-2.60091;30.0927;51.8899;4.87207

29.8691;-2.54055;29.977;52.0457;4.93243
29.6253;-2.44777;29.7263;52.2973;5.02521
29.4231;-2.33302;29.5154;52.5097;5.13996
29.2176;-2.27228;29.3058;52.7201;5.2007
29.0307;-2.17272;29.1119;52.916;5.30026
28.8337;-2.12779;28.9121;53.1165;5.34519
28.5936;-2.09292;28.6701;53.3589;5.38006
28.4252;-1.97506;28.4937;53.5385;5.49792
28.2283;-1.91414;28.2931;53.7406;5.55884
28.0355;-1.85634;28.0969;53.9383;5.61664
27.8403;-1.79289;27.898;54.1391;5.6801
27.6392;-1.68052;27.6903;54.3509;5.79246
27.447;-1.603;27.4938;54.5503;5.86998
27.268;-1.49846;27.3091;54.7396;5.97452
27.0739;-1.43415;27.1118;54.9396;6.03883
26.8928;-1.35707;26.927;55.1281;6.11592
26.7102;-1.26484;26.7401;55.3199;6.20814
26.5166;-1.16206;26.5421;55.5238;6.31092
26.3536;-1.0347;26.3739;55.7003;6.43828
26.2222;-0.881176;26.237;55.8488;6.59181
26.1311;-0.687084;26.1402;55.9624;6.7859
25.9903;-0.507465;25.9953;56.1242;6.96552
25.8832;-0.329807;25.8853;56.2527;7.14318
25.7909;-0.135987;25.7913;56.3692;7.337
25.6381;0.0844263;25.6382;56.5498;7.55741
25.5756;0.282602;25.5772;56.6384;7.75558
25.5033;0.468595;25.5076;56.7359;7.94158
25.4247;0.641976;25.4328;56.8382;8.11496
25.3302;0.820584;25.3435;56.9575;8.29357
25.2432;0.955724;25.2613;57.0633;8.42871
25.1359;1.12448;25.161;57.1946;8.59747
24.9785;1.30517;25.0126;57.3775;8.77815
24.9619;1.44695;25.0038;57.4158;8.91993
24.8629;1.63128;24.9163;57.5425;9.10426
24.7424;1.82212;24.8094;57.6919;9.2951
24.6492;1.95286;24.7265;57.8051;9.42584
24.5161;2.15948;24.6111;57.9703;9.63247
24.3559;2.3623;24.4702;58.1623;9.83528
24.2453;2.53608;24.3776;58.3009;10.0091
24.1132;2.67204;24.2608;58.4545;10.145
24.048;2.86187;24.2177;58.5519;10.3348
23.9584;3.04921;24.1516;58.6734;10.5222
23.8291;3.21596;24.0451;58.8307;10.6889
23.7316;3.39382;23.9731;58.959;10.8668
23.6659;3.56173;23.9325;59.0548;11.0347
23.6244;3.77764;23.9245;59.1363;11.2506
23.5316;3.98262;23.8662;59.2667;11.4556
23.4302;4.16429;23.7974;59.4015;11.6373
23.2966;4.30458;23.6909;59.5601;11.7776
23.1928;4.48793;23.6231;59.6983;11.9609
23.1253;4.68834;23.5958;59.8048;12.1613
23.0649;4.8763;23.5748;59.9024;12.3493
22.9948;5.06733;23.5465;60.0107;12.5403
22.9245;5.31845;23.5334;60.1323;12.7914
22.859;5.50041;23.5114;60.2353;12.9734
22.7733;5.66809;23.4681;60.3553;13.1411
22.7133;5.84203;23.4526;60.4518;13.315
22.6094;6.04796;23.4043;60.5989;13.5209
22.5267;6.21786;23.3691;60.7176;13.6908
22.4193;6.34545;23.3;60.8511;13.8184
22.3595;6.56358;23.303;60.9591;14.0366
22.2892;6.77461;23.296;61.0764;14.2476
22.2262;6.97675;23.2954;61.1852;14.4497
22.1632;7.16583;23.2928;61.2913;14.6388
22.1067;7.35466;23.298;61.3915;14.8276
22.0827;7.56664;23.3431;61.4662;15.0396
22.0173;7.74822;23.3409;61.5743;15.2212
21.966;7.92073;23.3504;61.6669;15.3937
21.9103;8.10864;23.3626;61.7679;15.5816
21.8521;8.28188;23.3689;61.8681;15.7549
21.7811;8.4711;23.3704;61.9852;15.9441
21.6796;8.65021;23.3416;62.1295;16.1232
21.6124;8.85238;23.3551;62.2472;16.3254
21.5871;9.0586;23.4107;62.3259;16.5316
21.4972;9.22659;23.3936;62.4573;16.6996
21.3792;9.41092;23.3588;62.6205;16.8839
21.2727;9.60168;23.3392;62.7747;17.0747
21.1383;9.7697;23.2868;62.9498;17.2427
20.9937;9.92157;23.2201;63.1306;17.3946
20.9032;10.1137;23.2213;63.2707;17.5866
20.7865;10.2641;23.1826;63.4247;17.7371
20.6432;10.4109;23.1199;63.6035;17.8839
20.5109;10.5372;23.0593;63.766;18.0102
20.3749;10.6807;23.0046;63.937;18.1536
20.2331;10.7993;22.9348;64.1067;18.2723
20.0861;10.9051;22.8555;64.2778;18.3781
19.9584;11.0546;22.8154;64.443;18.5276
19.7822;11.2245;22.7448;64.6607;18.6975
19.5884;11.3363;22.6322;64.8786;18.8093
19.4257;11.4421;22.545;65.065;18.9151
19.2038;11.5235;22.3959;65.301;18.9964
19.0521;11.6857;22.3503;65.4934;19.1587
18.9076;11.8391;22.3084;65.6765;19.3121
18.7179;11.9767;22.2216;65.8984;19.4496
18.5299;12.1074;22.1347;66.1166;19.5804
18.3995;12.2138;22.0844;66.2727;19.6868
18.246;12.2844;21.9959;66.4402;19.7574
18.0185;12.3976;21.8716;66.6911;19.8706
17.8313;12.5003;21.7765;66.9004;19.9733
17.6599;12.6395;21.717;67.1056;20.1125
17.5317;12.7229;21.6618;67.2529;20.1959
17.3473;12.8228;21.5721;67.4588;20.2958
17.1818;12.912;21.4926;67.6435;20.385
16.9927;13.003;21.397;67.8512;20.476
16.7997;13.0767;21.2892;68.0574;20.5497
16.5981;13.1212;21.158;68.2632;20.5942
16.3808;13.1378;20.9983;68.4753;20.6108
16.1639;13.1947;20.8656;68.6992;20.6677
15.9633;13.2565;20.75;68.9091;20.7295
15.7738;13.3146;20.642;69.1074;20.7876
15.5816;13.3746;20.5345;69.3087;20.8476
15.3834;13.408;20.4064;69.5078;20.881
15.1293;13.469;20.2561;69.7685;20.942
14.9241;13.498;20.1228;69.9729;20.971
14.7199;13.5196;19.9863;70.1742;20.9926
14.4824;13.5764;19.8509;70.4179;21.0494
14.3087;13.6773;19.7941;70.6138;21.1503
14.117;13.7551;19.7102;70.82;21.2281
13.9299;13.8419;19.6378;71.0245;21.3149
13.8216;13.8953;19.5989;71.1438;21.3683
13.6281;13.949;19.5012;71.3445;21.4219
13.4461;14.0301;19.433;71.5424;21.503
13.2714;14.0763;19.3461;71.723;21.5493
13.1143;14.1604;19.3003;71.8981;21.6334
12.8936;14.2006;19.1808;72.1207;21.6736
12.6856;14.2655;19.09;72.3386;21.7385
12.4359;14.3197;18.9659;72.5931;21.7927
12.2315;14.3055;18.8218;72.7838;21.7785
12.0754;14.1892;18.632;72.8981;21.6622
11.9432;13.9797;18.3868;72.9625;21.4527
11.8026;13.8301;18.1816;73.0531;21.303
11.7019;13.6871;18.0076;73.1079;21.1601
11.4916;13.4772;17.7114;73.2489;20.9502
11.3616;13.3197;17.5072;73.3287;20.7927
11.2242;13.2013;17.3279;73.427;20.6743
11.0816;13.0462;17.1174;73.5205;20.5192
10.9059;12.9123;16.9017;73.652;20.3853
10.7799;12.743;16.6911;73.7265;20.216
10.5909;12.6007;16.4604;73.8694;20.0736
10.4116;12.4534;16.2323;74.0022;19.9263
10.3055;12.3165;16.0593;74.0677;19.7895
10.1494;12.1927;15.8642;74.1852;19.6657
9.98669;12.0694;15.6654;74.3096;19.5423
9.78924;11.9448;15.4437;74.4676;19.4178
9.5821;11.8419;15.2331;74.6408;19.3148
9.42619;11.6991;15.024;74.7547;19.172
9.25362;11.5936;14.8338;74.8946;19.0666
9.08701;11.5125;14.6667;75.0352;18.9855
8.94693;11.3937;14.4866;75.1408;18.8666
8.77035;11.3394;14.3353;75.2981;18.8123
8.60175;11.2232;14.1404;75.4325;18.6962
8.48634;11.0849;13.9604;75.5102;18.5579
8.27846;11.0235;13.7859;75.6967;18.4965
8.12911;10.9206;13.614;75.8165;18.3936
7.91855;10.8731;13.4509;76.0093;18.346
7.74304;10.8211;13.306;76.1672;18.2941
7.55282;10.7535;13.1409;76.3356;18.2264
7.28239;10.7267;12.9652;76.5919;18.1997
7.08072;10.6608;12.798;76.7722;18.1338
6.90973;10.6251;12.6743;76.93;18.0981
6.69625;10.5976;12.5359;77.131;18.0706
6.4988;10.5637;12.4027;77.3151;18.0367
6.3367;10.5069;12.2699;77.4595;17.9799
6.11287;10.5348;12.1798;77.6837;18.0078
5.92916;10.531;12.0854;77.8616;18.004
5.77882;10.5413;12.0214;78.0102;18.0143
5.59014;10.5798;11.9659;78.2027;18.0528
5.32284;10.5918;11.8541;78.4656;18.0648
5.11727;10.6536;11.8189;78.6798;18.1266
4.88155;10.7703;11.825;78.9361;18.2433
4.67141;10.8333;11.7975;79.1551;18.3063
4.42316;10.9175;11.7795;79.4161;18.3905
4.26334;10.9684;11.7679;79.5834;18.4414
4.06468;11.0075;11.734;79.7857;18.4805
3.88706;11.1221;11.7817;79.9851;18.595
3.69474;11.186;11.7804;80.187;18.659
3.535;11.2819;11.8228;80.3647;18.7549
3.32465;11.3821;11.8577;80.5926;18.8551
3.13666;11.4516;11.8734;80.7916;18.9246
2.92473;11.4957;11.8619;81.008;18.9686
2.75871;11.6069;11.9303;81.1955;19.0799
2.50485;11.6054;11.8726;81.4419;19.0784
2.28546;11.6381;11.8604;81.6628;19.1111
2.05655;11.6622;11.8422;81.891;19.1352
1.85769;11.6113;11.7589;82.0726;19.0842
1.67504;11.5282;11.6493;82.231;19.0012
1.50421;11.4175;11.5162;82.3717;18.8905
1.34618;11.2931;11.3731;82.4972;18.7661
1.19295;11.0985;11.1624;82.6024;18.5715
1.03462;10.9222;10.9711;82.7173;18.3952
1.01455;10.7951;10.8426;82.7087;18.2681
0.895327;10.6344;10.672;82.7897;18.1074
0.843317;10.4439;10.4779;82.799;17.9169
0.79787;10.2734;10.3043;82.8067;17.7463
0.739429;10.0438;10.071;82.8149;17.5168
0.772724;9.82009;9.85044;82.7353;17.2931
0.689707;9.62745;9.65212;82.7765;17.1004
0.669665;9.41968;9.44346;82.7534;16.8927
0.642874;9.22356;9.24594;82.7399;16.6965
0.64308;9.03058;9.05344;82.7009;16.5036
0.627117;8.84562;8.86783;82.6799;16.3186
0.641732;8.63245;8.65627;82.6237;16.1054
0.627236;8.42148;8.4448;82.5971;15.8945
0.61839;8.17578;8.19914;82.5589;15.6488
0.623445;7.97856;8.00288;82.5167;15.4515
0.617294;7.78207;7.80651;82.4862;15.255
0.636334;7.57987;7.60654;82.4303;15.0529
0.575338;7.34317;7.36567;82.4474;14.8161
0.628184;7.12174;7.1494;82.3559;14.5947
0.553466;6.91903;6.94113;82.3938;14.392
0.602216;6.64447;6.67171;82.2983;14.1175
0.6128;6.38676;6.41609;82.244;13.8597
0.668337;6.19687;6.23281;82.1575;13.6699
0.718135;6.0123;6.05504;82.0778;13.4853
0.772455;5.80908;5.86021;81.9911;13.2821
0.865411;5.65642;5.72224;81.8748;13.1294
0.912495;5.46958;5.54517;81.7985;12.9426
1.05554;5.29023;5.39451;81.629;12.7632
1.16892;5.12024;5.25198;81.4906;12.5932
1.34312;4.96624;5.14465;81.2948;12.4392
1.56155;4.88259;5.12622;81.0662;12.3556
1.76723;4.81549;5.12953;80.8527;12.2885
1.97457;4.78541;5.17679;80.6432;12.2584
2.13824;4.77454;5.23147;80.4797;12.2475
2.32362;4.7505;5.28834;80.2929;12.2235
2.50946;4.76078;5.38168;80.1108;12.2338
2.6871;4.73561;5.44486;79.9314;12.2086
2.86963;4.75529;5.55406;79.754;12.2283
3.06733;4.75596;5.6593;79.5587;12.2289
3.2741;4.76539;5.78176;79.3559;12.2384
3.47651;4.82171;5.94432;79.1646;12.2947
3.71115;4.76544;6.04003;78.9241;12.2384
3.90828;4.77612;6.17139;78.731;12.2491
4.11302;4.72731;6.26613;78.5212;12.2003
4.30478;4.66751;6.34955;78.3225;12.1405
4.50408;4.61993;6.45217;78.1182;12.0929
4.66768;4.50071;6.4841;77.9382;11.9737
4.84398;4.43336;6.56649;77.7536;11.9063
4.99667;4.34686;6.62283;77.5895;11.8198
5.17942;4.23269;6.68895;77.3916;11.7057
5.38747;4.13824;6.79337;77.1716;11.6112
5.53858;3.98928;6.82571;76.9999;11.4623
5.68256;3.92266;6.90498;76.8476;11.3956
5.77839;3.7476;6.88726;76.7271;11.2206
5.98353;3.61823;6.99244;76.5053;11.0912
6.09005;3.46282;7.0057;76.3775;10.9358
6.30101;3.37631;7.14858;76.1563;10.8493
6.45342;3.23894;7.22062;75.986;10.7119
6.67412;3.12128;7.36792;75.751;10.5943
6.88235;2.97181;7.49655;75.524;10.4448
7.07912;2.89019;7.64638;75.3178;10.3632
7.26042;2.75223;7.76457;75.1194;10.2252
7.4472;2.65618;7.90671;74.9213;10.1292
7.60563;2.55335;8.02279;74.7504;10.0263
7.7648;2.45462;8.14354;74.5795;9.9276
7.93542;2.41691;8.29532;74.4054;9.88989
8.11286;2.31345;8.43627;74.2158;9.78643
8.28864;2.21787;8.58024;74.029;9.69086
8.45791;2.12446;8.72064;73.849;9.59744
8.63134;1.99029;8.85783;73.6597;9.46328
8.81016;1.92017;9.01698;73.4733;9.39316
8.96248;1.82107;9.14562;73.3096;9.29405
9.12746;1.77023;9.29754;73.1396;9.24321
9.27929;1.66155;9.42688;72.9753;9.13453
9.49129;1.57759;9.62151;72.7544;9.05058
9.64341;1.46954;9.75474;72.5901;8.94252
9.79048;1.39104;9.88881;72.4345;8.86402
9.93249;1.25329;10.0112;72.2768;8.72627
10.1093;1.13744;10.1731;72.0873;8.61042
10.2708;0.942703;10.314;71.9039;8.41568
10.493;0.846805;10.5271;71.6721;8.31979
10.6463;0.664223;10.667;71.4989;8.1372
10.7736;0.535553;10.7869;71.3578;8.00853
10.8661;0.403498;10.8736;71.2512;7.87648
11.024;0.288102;11.0278;71.0815;7.76108
11.1693;0.156608;11.1704;70.9229;7.62959
11.3067;0.043923;11.3068;70.7742;7.5169
11.4096;-0.105688;11.4101;70.6561;7.36729
11.5821;-0.215099;11.5841;70.4732;7.25788
11.7152;-0.340293;11.7201;70.328;7.13269
11.8612;-0.476284;11.8707;70.1691;6.9967
11.9545;-0.614743;11.9702;70.0626;6.85824
12.1233;-0.724448;12.1449;69.8839;6.74853
12.2557;-0.884095;12.2876;69.7368;6.58889
12.4198;-0.987781;12.459;69.5637;6.4852
12.5387;-1.13241;12.5898;69.432;6.34057
12.7004;-1.28217;12.765;69.2574;6.19081
12.8214;-1.44827;12.903;69.1222;6.02471
12.9562;-1.60873;13.0557;68.9742;5.86425
13.0899;-1.74295;13.2054;68.8296;5.73003
13.1921;-1.93821;13.3337;68.7118;5.53477
13.3125;-2.10009;13.4771;68.5789;5.3729
13.4285;-2.24738;13.6152;68.4519;5.2256
13.4763;-2.36671;13.6825;68.3952;5.10627
13.5715;-2.53835;13.8068;68.2876;4.93463
13.6349;-2.75038;13.9095;68.2094;4.7226
13.7416;-2.91047;14.0465;68.092;4.56251
13.8018;-3.11151;14.1482;68.0188;4.36147
13.9373;-3.27064;14.3159;67.8735;4.20234
13.9981;-3.48075;14.4244;67.8001;3.99223
14.1448;-3.62627;14.6023;67.6452;3.84671
14.1919;-3.86197;14.708;67.5852;3.61101
14.2498;-4.05586;14.8157;67.5174;3.41712
14.3451;-4.23405;14.9569;67.4133;3.23893
14.4036;-4.41729;15.0657;67.3463;3.05569
14.4867;-4.6728;15.2217;67.2522;2.80019
14.5761;-4.84362;15.3598;67.156;2.62936
14.6497;-5.05791;15.4983;67.0744;2.41507
14.7476;-5.24946;15.6541;66.9699;2.22352
14.8341;-5.451;15.804;66.877;2.02198
14.9123;-5.6292;15.9394;66.7938;1.84378
14.9987;-5.80785;16.0839;66.7027;1.66513
15.0265;-5.94863;16.1611;66.6715;1.52435
15.1376;-6.14204;16.3362;66.5563;1.33094
15.1975;-6.33595;16.4654;66.4928;1.13703
15.2812;-6.54041;16.6221;66.4059;0.932569
15.3537;-6.73557;16.7661;66.331;0.737413
15.4292;-6.91909;16.9096;66.2537;0.553892
15.5237;-7.11594;17.0769;66.1579;0.357043
15.5805;-7.29372;17.2032;66.1003;0.179267
15.6671;-7.47718;17.3599;66.0135;-0.00420245
15.7085;-7.64768;17.4712;65.9723;-0.174694
15.7983;-7.84983;17.641;65.8834;-0.376844
15.8323;-8.04001;17.7568;65.8507;-0.567032
15.9348;-8.24479;17.9414;65.7503;-0.771813
15.9802;-8.4712;18.0867;65.708;-0.998215
16.0628;-8.63612;18.2372;65.6281;-1.16314
16.0871;-8.86091;18.366;65.6082;-1.38793
16.1707;-9.03716;18.5246;65.5286;-1.56418
16.2177;-9.2574;18.6739;65.4872;-1.78442
16.2399;-9.43885;18.7836;65.4702;-1.96587
16.2736;-9.68159;18.9358;65.4443;-2.20861
16.34;-9.869;19.0891;65.3845;-2.39602
16.3483;-10.0754;19.2037;65.3841;-2.60238
16.3819;-10.2739;19.337;65.3587;-2.80095
16.4112;-10.4614;19.462;65.3378;-2.9884
16.4044;-10.5867;19.5239;65.3504;-3.11377
16.4601;-10.7979;19.6858;65.3052;-3.32494
16.4397;-10.9857;19.7724;65.3354;-3.51272
16.4774;-11.2281;19.9393;65.3112;-3.75508
16.491;-11.4322;20.0661;65.3097;-3.95918
16.4921;-11.6507;20.1923;65.3222;-4.17775
16.5737;-11.8343;20.3651;65.2528;-4.36131
16.5847;-12.1153;20.5385;65.2612;-4.64228
16.6391;-12.2699;20.6739;65.2181;-4.79696
16.6321;-12.4798;20.7935;65.2409;-5.00679
16.6334;-12.675;20.9123;65.2549;-5.20199
16.6354;-12.9052;21.0542;65.2717;-5.43222
16.6139;-13.1026;21.1589;65.3098;-5.62957
16.628;-13.2995;21.2924;65.313;-5.82653
16.5933;-13.5029;21.3931;65.366;-6.02987
16.619;-13.6878;21.5302;65.3577;-6.21486
16.598;-13.9189;21.6617;65.4011;-6.44595
16.6308;-14.0508;21.7718;65.3815;-6.57786
16.6027;-14.26;21.886;65.4308;-6.78701
16.6033;-14.4619;22.0185;65.4515;-6.98889
16.5577;-14.6152;22.0853;65.5134;-7.14222
16.5808;-14.8398;22.2518;65.5153;-7.36684
16.5907;-15.1175;22.4453;65.5373;-7.64452
16.5814;-15.293;22.557;65.5672;-7.82
16.6204;-15.4994;22.726;65.5534;-8.02647
16.5883;-15.6957;22.8369;65.6096;-8.22267
16.5764;-15.8345;22.924;65.6389;-8.36149
16.6034;-16.1036;23.13;65.647;-8.63059
16.5801;-16.2893;23.2431;65.6948;-8.81632
16.4799;-16.4754;23.3029;65.8192;-9.00243
16.4964;-16.7293;23.4947;65.8382;-9.25635
16.4472;-16.9398;23.6107;65.9168;-9.46681
16.4187;-17.1504;23.7426;65.9755;-9.67743
16.378;-17.3507;23.8597;66.0454;-9.87768
16.2851;-17.5385;23.9333;66.1656;-10.0655
16.2188;-17.7235;24.0244;66.2595;-10.2505
16.1947;-17.8703;24.1167;66.3062;-10.3973
16.038;-18.0761;24.1653;66.4935;-10.6032
15.898;-18.2391;24.1952;66.6578;-10.7661
15.8264;-18.428;24.2913;66.7592;-10.955
15.638;-18.6353;24.3273;66.9793;-11.1623
15.5462;-18.7762;24.3768;67.0933;-11.3032
15.394;-18.9917;24.4471;67.28;-11.5188
15.2663;-19.1729;24.5084;67.437;-11.6999
15.1592;-19.3152;24.5536;67.5672;-11.8422
15.0574;-19.4514;24.5984;67.6914;-11.9784
14.9514;-19.6389;24.6826;67.8292;-12.1659
14.8121;-19.7565;24.6925;67.9873;-12.2835
14.6962;-19.907;24.744;68.1287;-12.4341
14.6328;-20.0657;24.8345;68.2201;-12.5927
14.4632;-20.2245;24.8639;68.4162;-12.7515
14.3263;-20.3645;24.8989;68.5769;-12.8915
14.2012;-20.5122;24.9484;68.7277;-13.0392
14.0581;-20.6534;24.9838;68.895;-13.1804
13.9732;-20.8256;25.079;69.0114;-13.3526
13.7893;-21.0317;25.1491;69.2319;-13.5587
13.6836;-21.1967;25.2298;69.3681;-13.7237
13.562;-21.3586;25.3006;69.5194;-13.8856
13.4691;-21.5346;25.3999;69.6458;-14.0616
13.3345;-21.6882;25.4595;69.8088;-14.2153
13.2669;-21.8683;25.578;69.9118;-14.3954
13.1981;-22.0632;25.7094;70.0194;-14.5902
13.0989;-22.2459;25.8159;70.1548;-14.773
12.9697;-22.4274;25.9076;70.3194;-14.9544
12.8206;-22.5834;25.9688;70.4984;-15.1105
12.6351;-22.6957;25.9757;70.7037;-15.2227
12.485;-22.8672;26.0535;70.8873;-15.3942
12.3383;-23.0098;26.1091;71.0616;-15.5368
12.1892;-23.1836;26.1927;71.2451;-15.7106
12.0555;-23.3502;26.2786;71.4125;-15.8772
11.9014;-23.4809;26.3248;71.5918;-16.0079
11.7815;-23.6155;26.3912;71.7388;-16.1425
11.6861;-23.7494;26.4688;71.8621;-16.2764
11.5209;-23.9381;26.5662;72.0658;-16.4651
11.407;-24.1101;26.6724;72.2162;-16.6372
11.302;-24.322;26.8197;72.3673;-16.849
11.1722;-24.5403;26.9637;72.5447;-17.0673
11.0267;-24.6928;27.043;72.722;-17.2198
10.8788;-24.8618;27.1378;72.9059;-17.3889
10.7575;-25.0608;27.2721;73.0713;-17.5878
10.6686;-25.2462;27.4079;73.2024;-17.7733
10.5975;-25.421;27.5414;73.314;-17.948
10.48;-25.5927;27.6554;73.47;-18.1198
10.4056;-25.7604;27.7826;73.5837;-18.2874
10.2841;-25.9578;27.9208;73.7505;-18.4848
10.1556;-26.1579;28.0602;73.9253;-18.685
10.0325;-26.3303;28.1769;74.0881;-18.8574
9.89273;-26.4828;28.2702;74.2622;-19.0099
9.81596;-26.621;28.373;74.3718;-19.148
9.68813;-26.7769;28.4757;74.5356;-19.304
9.60601;-26.9289;28.5909;74.6544;-19.4559
9.46574;-27.0981;28.7038;74.834;-19.6251
9.32042;-27.2407;28.7911;75.0117;-19.7677
9.17108;-27.3796;28.8748;75.1924;-19.9067
9.01161;-27.5273;28.9648;75.3854;-20.0543
8.85675;-27.6757;29.0584;75.5742;-20.2028
8.71091;-27.8067;29.1392;75.7498;-20.3337
8.57934;-27.9472;29.2344;75.9143;-20.4742
8.40994;-28.0616;29.2947;76.1083;-20.5886
8.2627;-28.2393;29.4233;76.2983;-20.7664
8.07629;-28.3365;29.4649;76.5041;-20.8635
7.91234;-28.4252;29.5059;76.6861;-20.9523
7.76154;-28.5068;29.5446;76.8534;-21.0339
7.61127;-28.5596;29.5565;77.0124;-21.0867
7.39254;-28.7009;29.6377;77.2615;-21.228
7.20551;-28.7727;29.6612;77.461;-21.2997
7.02951;-28.8709;29.7144;77.6573;-21.3979
6.79442;-29.0023;29.7875;77.9195;-21.5293
6.57562;-29.1213;29.8544;78.1627;-21.6483
6.40726;-29.2433;29.937;78.3583;-21.7704
6.23016;-29.3699;30.0235;78.5636;-21.897
6.03244;-29.4855;30.0962;78.7857;-22.0125
5.8433;-29.5656;30.1375;78.9897;-22.0927
5.7296;-29.6408;30.1895;79.1199;-22.1678
5.58343;-29.7493;30.2687;79.2907;-22.2763
5.40696;-29.8435;30.3294;79.4865;-22.3706
5.225;-29.923;30.3757;79.6835;-22.45

5.02449;29.9924;30.4103;79.8997;-22.5346
4.87669;29.8385;30.2344;80.085;-22.6885
4.78173;29.6358;30.0191;80.2337;-22.8912
4.80739;29.3879;29.7785;80.2802;-23.1391
4.87403;29.1969;29.6009;80.2717;-23.3302
4.90681;28.9966;29.4088;80.2988;-23.5305
4.89215;28.7921;29.2047;80.373;-23.735
4.84026;28.5798;28.9867;80.4855;-23.9473
4.82815;28.3729;28.7807;80.5588;-24.1542
4.83656;28.1369;28.5495;80.6219;-24.3901
4.7762;27.9511;28.3562;80.7358;-24.5759
4.71734;27.7866;28.1842;80.842;-24.7404
4.60809;27.6131;27.995;80.9992;-24.9139
4.50697;27.455;27.8224;81.1442;-25.072
4.4861;27.2308;27.5979;81.2335;-25.2962
4.44631;27.0592;27.4221;81.3249;-25.4678
4.37881;26.8787;27.233;81.4457;-25.6484
4.29842;26.6527;26.9971;81.5934;-25.8743
4.17352;26.4751;26.8021;81.7683;-26.0519
4.05392;26.2915;26.6022;81.9403;-26.2356
3.91484;26.1603;26.4516;82.1141;-26.3667
3.72865;26.0386;26.3042;82.3295;-26.4885
3.58404;25.936;26.1824;82.4994;-26.5911
3.43157;25.8194;26.0464;82.6814;-26.7077
3.28517;25.686;25.8952;82.863;-26.841
3.17254;25.5335;25.7299;83.0191;-26.9935
2.94862;25.4242;25.5947;83.2663;-27.1028
2.76235;25.2866;25.4371;83.4873;-27.2404
2.5612;25.154;25.2841;83.7207;-27.373
2.40296;25.0341;25.1492;83.9095;-27.4929
2.24742;24.9123;25.0134;84.0964;-27.6147
2.07607;24.8007;24.8874;84.2949;-27.7264
1.90385;24.6941;24.7674;84.4926;-27.8329
1.73245;24.5872;24.6481;84.6897;-27.9398
1.5901;24.4638;24.5154;84.8648;-28.0633
1.45599;24.3945;24.4379;85.0143;-28.1325
1.26854;24.3359;24.3689;85.2105;-28.1911
1.08753;24.2215;24.2459;85.4192;-28.3055
0.915337;24.1012;24.1185;85.6216;-28.4259
0.738372;24.0063;24.0176;85.82;-28.5207
0.564383;23.9082;23.9149;86.0167;-28.6188
0.398395;23.8157;23.819;86.204;-28.7113
0.218946;23.7032;23.7042;86.4107;-28.8238
0.0769048;23.6086;23.6087;86.5762;-28.9184
-0.0845201;23.4798;23.4799;86.7714;-29.0473
-0.239099;23.3699;23.3711;86.9539;-29.1572
-0.405522;23.2595;23.263;87.1477;-29.2676
-0.64046;23.1462;23.155;87.407;-29.3808
-0.807559;23.0231;23.0372;87.6058;-29.504
-0.963376;22.8658;22.8861;87.8056;-29.6612
-1.09108;22.6903;22.7165;87.9851;-29.8367
-1.24874;22.5492;22.5837;88.1813;-29.9778
-1.39914;22.4544;22.498;88.355;-30.0726
-1.55942;22.283;22.3375;88.5641;-30.244
-1.70001;22.1319;22.1971;88.7479;-30.3951
-1.85431;22.0064;22.0844;88.9359;-30.5206
-1.96783;21.8537;21.9421;89.095;-30.6733
-2.10449;21.686;21.7878;89.2811;-30.8411
-2.24785;21.5509;21.6678;89.4623;-30.9761
-2.39892;21.4181;21.5521;89.65;-31.1089
-2.54688;21.2931;21.4449;89.8322;-31.2339
-2.70674;21.127;21.2997;90.0399;-31.4
-2.8159;20.995;21.183;90.1883;-31.532
-2.9603;20.847;21.0562;90.3753;-31.68
-3.0991;20.7022;20.9329;90.5561;-31.8248
-3.2416;20.5567;20.8107;90.7407;-31.9703
-3.39855;20.3904;20.6717;90.9463;-32.1366
-3.51882;20.2483;20.5517;91.109;-32.2788
-3.64172;20.1125;20.4395;91.2721;-32.4145
-3.79744;19.9828;20.3404;91.4638;-32.5443
-3.95364;19.8808;20.2701;91.646;-32.6462
-4.12211;19.8048;20.2293;91.8305;-32.7222
-4.29487;19.7048;20.1674;92.0276;-32.8222
-4.45647;19.5868;20.0874;92.2207;-32.9402
-4.64931;19.5145;20.0607;92.4266;-33.0125
-4.86487;19.4646;20.0633;92.6458;-33.0624
-5.09007;19.425;20.0809;92.8703;-33.102
-5.24408;19.3938;20.0903;93.0253;-33.1332
-5.52536;19.3789;20.1512;93.2935;-33.1481
-5.71896;19.3033;20.1327;93.5013;-33.2237
