#1 AntPos X	#2 AntVel X	#3 AntPos Y	#4 AntVel Y	#5 AntAngle	
-2.60224;1.57141;15.265;-0.791038;-0.466359;
-2.41038;1.91864;15.1975;-0.674841;-0.338214;
-2.20176;2.08618;15.113;-0.845553;-0.385077;
-2.02214;1.79617;15.0401;-0.728659;-0.385389;
-1.88028;1.41866;14.9933;-0.468345;-0.318866;
-1.65323;2.27045;14.9062;-0.870098;-0.365963;
-1.44598;2.07256;14.8151;-0.911217;-0.41422;
-1.26801;1.77971;14.7221;-0.930656;-0.481819;
-1.10704;1.60964;14.6491;-0.729633;-0.425585;
-0.938024;1.69018;14.5888;-0.603109;-0.342749;
-0.775098;1.62926;14.5066;-0.821444;-0.466988;
-0.592015;1.83083;14.4176;-0.890754;-0.452814;
-0.407965;1.84051;14.3311;-0.864203;-0.438989;
-0.246567;1.61398;14.2059;-1.25252;-0.659965;
-0.114876;1.31691;14.0848;-1.21062;-0.743369;
-0.0187048;0.961712;13.9624;-1.22443;-0.904998;
0.12434;1.43045;13.8104;-1.51977;-0.815666;
0.252204;1.27864;13.6539;-1.56512;-0.885797;
0.390203;1.37998;13.4671;-1.86839;-0.934635;
0.488518;0.983151;13.2917;-1.75319;-1.05972;
0.574826;0.863079;13.1385;-1.53221;-1.05781;
0.690186;1.1536;12.9639;-1.74572;-0.986854;
0.727774;0.375884;12.7414;-2.22594;-1.40351;
0.741547;0.13773;12.5269;-2.1442;-1.50665;
0.725685;-0.15862;12.2779;-2.49019;-1.63441;
0.683803;-0.418816;12.0956;-1.8233;-1.79658;
0.67092;-0.128833;11.9193;-1.76235;-1.64377;
0.659627;-0.112929;11.7231;-1.96222;-1.62828;
0.651796;-0.0783097;11.5262;-1.96901;-1.61055;
0.673153;0.213566;11.3114;-2.14782;-1.47169;
0.701989;0.288362;11.1017;-2.09755;-1.43418;
0.714582;0.12593;10.9154;-1.86245;-1.50328;
0.734163;0.195813;10.7086;-2.06877;-1.47643;
0.737541;0.0337806;10.5283;-1.80309;-1.55206;
0.723308;-0.142332;10.3307;-1.97516;-1.64273;
0.725398;0.0209003;10.0823;-2.4845;-1.56238;
0.721921;-0.0347683;9.85597;-2.26324;-1.58616;
0.722029;0.00107809;9.65452;-2.01448;-1.57026;
0.724041;0.0201154;9.42222;-2.32302;-1.56214;
0.72382;-0.00220674;9.22596;-1.96254;-1.57192;
0.727053;0.0323357;9.02565;-2.00309;-1.55465;
0.738632;0.115786;8.83598;-1.89676;-1.50983;
0.760174;0.215424;8.6201;-2.15875;-1.47133;
0.776288;0.161141;8.42402;-1.96079;-1.4888;
0.777917;0.0162857;8.25205;-1.71977;-1.56133;
0.769696;-0.0822119;8.02612;-2.25927;-1.60717;
0.754997;-0.146988;7.82946;-1.96661;-1.6454;
0.737029;-0.179682;7.62504;-2.04414;-1.65847;
0.710693;-0.263359;7.41436;-2.10685;-1.69515;
0.735698;0.250051;7.17102;-2.43338;-1.4684;
0.742922;0.0722348;6.98409;-1.86936;-1.53217;
0.730172;-0.127497;6.74011;-2.43975;-1.62301;
0.722535;-0.07637;6.5525;-1.87613;-1.61148;
0.711255;-0.112799;6.34766;-2.04839;-1.62581;
0.730946;0.196912;6.1453;-2.02363;-1.4738;
0.711043;-0.199029;5.9626;-1.82692;-1.67931;
0.665947;-0.450965;5.71354;-2.49066;-1.74992;
0.638577;-0.273701;5.523;-1.9054;-1.71347;
0.648002;0.0942546;5.3189;-2.04103;-1.52465;
0.688653;0.406508;5.11197;-2.06921;-1.37681;
0.697995;0.0934183;4.91614;-1.9583;-1.52313;
0.719468;0.214732;4.72274;-1.93408;-1.46022;
0.724114;0.04646;4.51406;-2.08672;-1.54854;
0.749606;0.254915;4.35617;-1.5789;-1.41073;
0.851783;1.02177;4.1684;-1.87775;-1.07246;
0.948408;0.966256;3.99981;-1.68593;-1.05037;
1.04017;0.917611;3.8742;-1.25608;-0.939868;
1.16457;1.24404;3.75981;-1.14386;-0.74347;
1.3455;1.80922;3.62423;-1.3558;-0.643107;
1.50372;1.5822;3.50216;-1.22068;-0.657126;
1.65951;1.55798;3.38337;-1.18793;-0.651441;
1.85178;1.92264;3.26486;-1.18511;-0.552389;
2.02279;1.71016;3.16015;-1.04712;-0.549412;
2.15121;1.28422;3.03727;-1.22877;-0.763338;
2.29769;1.46479;2.89875;-1.38521;-0.757482;
2.43956;1.41865;2.77497;-1.23781;-0.717428;
2.65149;2.11927;2.71156;-0.63409;-0.290725;
2.82318;1.71696;2.63608;-0.754753;-0.414161;
3.00578;1.826;2.55682;-0.792634;-0.409537;
3.16593;1.60145;2.42108;-1.35744;-0.703118;
3.3698;2.03877;2.29989;-1.21186;-0.536296;
3.52219;1.52382;2.15927;-1.40616;-0.745265;
3.70809;1.85905;2.02921;-1.30065;-0.610481;
3.86988;1.61793;1.92042;-1.08789;-0.591959;
4.02312;1.53234;1.79919;-1.21227;-0.669303;
4.15762;1.34505;1.67603;-1.23165;-0.741415;
4.33493;1.7731;1.53718;-1.38845;-0.664328;
4.45373;1.18795;1.46293;-0.742589;-0.558672;
4.61048;1.56747;1.36132;-1.01604;-0.57511;
4.76637;1.55895;1.25181;-1.09514;-0.612393;
4.94095;1.74577;1.13969;-1.1212;-0.570899;
5.1235;1.82556;0.972313;-1.67374;-0.74204;
5.26857;1.45065;0.830178;-1.42135;-0.775197;
5.46151;1.9294;0.717567;-1.12611;-0.528316;
5.6285;1.66996;0.632274;-0.85293;-0.47221;
5.79069;1.62188;0.503122;-1.29152;-0.672487;
5.95587;1.65182;0.425837;-0.77285;-0.437621;
6.13214;1.76269;0.333598;-0.922393;-0.482102;
6.30277;1.70627;0.19875;-1.34847;-0.6688;
6.39241;0.896416;0.0549891;-1.43761;-1.01324;
6.49734;1.04929;-0.135651;-1.9064;-1.06764;
6.60934;1.11996;-0.291185;-1.55535;-0.946725;
6.72728;1.17942;-0.452901;-1.61716;-0.940666;
6.86067;1.33385;-0.625055;-1.72154;-0.911608;
6.98953;1.28867;-0.815478;-1.90423;-0.975851;
7.02713;0.375994;-1.01823;-2.02749;-1.38743;
7.07419;0.470532;-1.18254;-1.64318;-1.2919;
7.12432;0.501346;-1.37426;-1.91712;-1.31501;
7.16648;0.42159;-1.57894;-2.04682;-1.36766;
7.20645;0.399735;-1.77024;-1.91296;-1.3648;
7.24852;0.420673;-1.9655;-1.95268;-1.35861;
7.26191;0.133948;-2.18409;-2.18586;-1.50959;
7.2878;0.258878;-2.37889;-1.94804;-1.43868;
7.3387;0.508984;-2.59275;-2.13853;-1.33714;
7.40196;0.632581;-2.80395;-2.11202;-1.27978;
7.43818;0.362225;-2.97606;-1.72112;-1.36336;
7.45628;0.181036;-3.20007;-2.24007;-1.49015;
7.50722;0.509386;-3.38764;-1.87577;-1.30563;
7.54148;0.342611;-3.59267;-2.05027;-1.40522;
7.55948;0.17995;-3.76318;-1.70508;-1.46565;
7.55551;-0.0396542;-3.96601;-2.02832;-1.59034;
7.54972;-0.0579861;-4.15668;-1.90664;-1.6012;
7.6221;0.723842;-4.39625;-2.39577;-1.27738;
7.67547;0.533662;-4.58553;-1.89276;-1.29598;
7.73361;0.581426;-4.78546;-1.99932;-1.28779;
7.79022;0.566131;-4.9777;-1.92244;-1.28441;
7.83289;0.426727;-5.1597;-1.81992;-1.34048;
7.87741;0.445161;-5.34152;-1.8182;-1.33068;
7.92746;0.500467;-5.53405;-1.92534;-1.31649;
8.03603;1.08575;-5.72683;-1.92782;-1.05788;
8.08365;0.476228;-5.83538;-1.08546;-1.15735;
8.16564;0.819879;-6.0112;-1.75819;-1.13445;
8.25152;0.858783;-6.19174;-1.80541;-1.1268;
8.33238;0.808613;-6.37394;-1.82203;-1.15311;
8.41037;0.779894;-6.55214;-1.78202;-1.15826;
8.49146;0.810922;-6.69618;-1.44036;-1.05803;
8.61253;1.21069;-6.88119;-1.85008;-0.991335;
8.69019;0.776536;-7.01845;-1.37259;-1.05594;
8.74986;0.59677;-7.17142;-1.5298;-1.19886;
8.82802;0.781553;-7.40798;-2.36558;-1.2517;
8.86896;0.409416;-7.5892;-1.81222;-1.34861;
8.8605;-0.0845576;-7.82265;-2.3345;-1.607;
8.83181;-0.286917;-8.03396;-2.11305;-1.70575;
8.77639;-0.554208;-8.27198;-2.38025;-1.79956;
8.68815;-0.882406;-8.46265;-1.90665;-2.00425;
8.54466;-1.43488;-8.63015;-1.67505;-2.27912;
8.4143;-1.3036;-8.78617;-1.56013;-2.26685;
8.32092;-0.933789;-8.93784;-1.51674;-2.12265;
8.23741;-0.83511;-9.12091;-1.83065;-1.99878;
8.12128;-1.16133;-9.26281;-1.41904;-2.25665;
8.01746;-1.03823;-9.41061;-1.47799;-2.18317;
7.89704;-1.20421;-9.56517;-1.54563;-2.23267;
7.78873;-1.08311;-9.74529;-1.80116;-2.1122;
7.66207;-1.26654;-9.93212;-1.86831;-2.16654;
7.51572;-1.46355;-10.071;-1.38839;-2.38254;
7.38706;-1.28652;-10.2374;-1.66427;-2.22887;
7.28008;-1.06985;-10.4052;-1.67811;-2.13836;
7.12433;-1.55753;-10.6062;-2.01033;-2.22996;
6.99713;-1.27197;-10.761;-1.54774;-2.2587;
6.88674;-1.10387;-10.9447;-1.83739;-2.11179;
6.78714;-0.995973;-11.1109;-1.6614;-2.11083;
6.67793;-1.09219;-11.2312;-1.20297;-2.30796;
6.56681;-1.11117;-11.3836;-1.52369;-2.20089;
6.44386;-1.22947;-11.5513;-1.67705;-2.2034;
6.31835;-1.25507;-11.7181;-1.66884;-2.21562;
6.23064;-0.877142;-11.8647;-1.46518;-2.11023;
6.13731;-0.933337;-12.0283;-1.63596;-2.08925;
6.05042;-0.868882;-12.2321;-2.03798;-1.9738;
5.97778;-0.726408;-12.4233;-1.91232;-1.93382;
5.90677;-0.710052;-12.6103;-1.86993;-1.9337;
5.87091;-0.358606;-12.7778;-1.67498;-1.78171;
5.81864;-0.5227;-12.9953;-2.17509;-1.80664;
5.78072;-0.379245;-13.166;-1.70761;-1.78934;
5.74354;-0.371757;-13.3436;-1.77591;-1.77715;
5.7032;-0.403384;-13.499;-1.55346;-1.82485;
5.64937;-0.538357;-13.7299;-2.30949;-1.79981;
5.59215;-0.572193;-13.91;-1.80042;-1.87851;
5.55424;-0.379104;-14.0741;-1.6412;-1.79781;
5.51367;-0.405684;-14.2735;-1.99375;-1.77153;
5.43289;-0.807765;-14.4077;-1.34206;-2.1126;
5.32421;-1.0868;-14.5844;-1.7673;-2.12214;
5.23626;-0.879549;-14.7475;-1.63125;-2.0653;
5.13991;-0.963443;-14.9296;-1.82079;-2.05748;
5.08657;-0.533475;-15.0824;-1.52769;-1.90676;
5.00512;-0.81446;-15.2684;-1.85983;-1.98356;
4.92503;-0.800903;-15.4552;-1.86863;-1.97572;
4.8298;-0.952318;-15.6676;-2.12364;-1.99235;
4.74747;-0.823286;-15.8478;-1.80191;-1.99937;
4.62413;-1.23342;-16.0138;-1.65994;-2.20984;
4.50765;-1.16473;-16.1819;-1.68096;-2.17674;
4.40789;-0.997638;-16.3489;-1.6701;-2.10927;
4.32327;-0.846244;-16.5066;-1.57754;-2.06316;
4.23654;-0.86722;-16.6876;-1.80979;-2.01765;
4.15153;-0.850092;-16.8739;-1.86308;-1.99886;
4.09599;-0.555491;-17.0689;-1.95015;-1.84829;
4.05297;-0.430195;-17.2495;-1.80605;-1.80464;
4.05995;0.0697952;-17.4751;-2.25543;-1.53986;
4.03689;-0.230513;-17.6634;-1.88308;-1.6926;
3.98267;-0.542253;-17.8641;-2.00703;-1.83467;
3.93687;-0.457991;-18.0647;-2.00602;-1.79526;
3.93145;-0.0541598;-18.2695;-2.04761;-1.59724;
3.88241;-0.490444;-18.5009;-2.31479;-1.77958;
3.81465;-0.677592;-18.7083;-2.0741;-1.88656;
3.7559;-0.587526;-18.8913;-1.82919;-1.88158;
3.66251;-0.933838;-19.0711;-1.79883;-2.04964;
3.56998;-0.925354;-19.2505;-1.7934;-2.04714;
3.49129;-0.786861;-19.4394;-1.88877;-1.96553;
3.40092;-0.903708;-19.5846;-1.45269;-2.1273;
3.26984;-1.31085;-19.7389;-1.5429;-2.27506;
3.13953;-1.30308;-19.89;-1.51117;-2.28239;
3.01727;-1.22257;-20.0447;-1.54701;-2.23958;
2.89088;-1.26393;-20.2289;-1.84128;-2.17236;
2.79341;-0.974722;-20.3759;-1.46991;-2.15634;
2.66596;-1.27449;-20.5165;-1.4063;-2.30707;
2.52552;-1.40436;-20.648;-1.31539;-2.3889;
2.38082;-1.44698;-20.7847;-1.36635;-2.38485;
2.23419;-1.46634;-20.9232;-1.38542;-2.38456;
2.08598;-1.48206;-21.062;-1.38836;-2.38883;
1.94815;-1.37835;-21.2098;-1.47778;-2.3214;
1.8122;-1.35949;-21.3632;-1.53339;-2.29615;
1.71469;-0.975058;-21.5474;-1.84198;-2.05765;
1.63473;-0.799624;-21.7386;-1.91254;-1.9668;
1.56054;-0.741941;-21.9672;-2.28571;-1.88467;
1.55647;-0.040672;-22.2043;-2.37139;-1.58795;
1.55701;0.00541433;-22.4183;-2.13995;-1.56827;
1.53014;-0.268669;-22.6333;-2.15017;-1.6951;
1.47804;-0.521039;-22.806;-1.72654;-1.86389;
1.41616;-0.618747;-22.994;-1.87998;-1.88875;
1.3481;-0.68065;-23.1895;-1.95539;-1.90577;
1.23917;-1.08925;-23.3937;-2.04217;-2.06079;
1.14722;-0.919585;-23.5603;-1.66605;-2.07514;
1.07003;-0.771825;-23.762;-2.01651;-1.93635;
0.941673;-1.28359;-23.9056;-1.43583;-2.30027;
0.798806;-1.42867;-24.02;-1.14419;-2.46632;
0.72632;-0.724862;-24.2112;-1.91188;-1.93319;
0.637203;-0.891165;-24.3553;-1.44095;-2.12468;
0.509326;-1.27877;-24.5404;-1.85079;-2.17541;
0.409651;-0.996749;-24.772;-2.31641;-1.97715;
0.316514;-0.931372;-24.9191;-1.47096;-2.13525;
0.210449;-1.06065;-25.0872;-1.68099;-2.13368;
0.0847917;-1.25657;-25.2572;-1.70016;-2.20728;
-0.0288811;-1.13673;-25.4652;-2.0794;-2.07107;
-0.145245;-1.16364;-25.5724;-1.07286;-2.39676;
-0.284776;-1.3953;-25.7112;-1.38755;-2.35898;
-0.423439;-1.38663;-25.8445;-1.33325;-2.37582;
-0.591294;-1.67855;-26.0003;-1.55733;-2.39364;
-0.732833;-1.41539;-26.1125;-1.12255;-2.47107;
-0.887485;-1.54652;-26.2413;-1.28776;-2.44724;
-1.06015;-1.72666;-26.3919;-1.50579;-2.42442;
-1.22317;-1.63018;-26.4878;-0.959178;-2.60975;
-1.39054;-1.6737;-26.5937;-1.05911;-2.57741;
-1.55756;-1.67019;-26.6786;-0.849357;-2.67114;
-1.71647;-1.58912;-26.7647;-0.86056;-2.64527;
-1.89681;-1.80344;-26.8612;-0.965501;-2.65005;
-2.09124;-1.94423;-26.9737;-1.12459;-2.61719;
-2.2625;-1.71264;-27.0767;-1.03031;-2.6;
-2.43392;-1.7142;-27.1787;-1.01984;-2.6049;
-2.60221;-1.68285;-27.278;-0.992904;-2.60855;
-2.7793;-1.7709;-27.3896;-1.11577;-2.57936;
-3.00363;-2.24333;-27.4867;-0.971706;-2.73284;
-3.1804;-1.76775;-27.5566;-0.698215;-2.76543;
-3.37506;-1.94654;-27.6081;-0.515726;-2.8826;
-3.56849;-1.93432;-27.6616;-0.534647;-2.87193;
-3.77099;-2.02502;-27.6969;-0.35246;-2.96927;
-3.92304;-1.52046;-27.708;-0.11113;-3.06863;
-4.11553;-1.92493;-27.8168;-1.08811;-2.6271;
-4.29801;-1.82475;-27.9433;-1.26571;-2.53515;
-4.47687;-1.78867;-28.069;-1.25675;-2.52911;
-4.66431;-1.87432;-28.2088;-1.39787;-2.50078;
-4.85632;-1.92011;-28.3275;-1.18674;-2.588;
-4.98478;-1.28463;-28.4155;-0.880355;-2.5408;
-5.16559;-1.80811;-28.5454;-1.299;-2.5186;
-5.33257;-1.6698;-28.6818;-1.36351;-2.45683;
-5.50836;-1.75791;-28.8133;-1.31528;-2.49924;
-5.64246;-1.34097;-28.9258;-1.12526;-2.44344;
-5.79634;-1.53878;-29.0525;-1.26724;-2.45266;
-5.92706;-1.30724;-29.1794;-1.26844;-2.37126;
-6.06834;-1.41286;-29.3105;-1.31115;-2.39352;
-6.21497;-1.46629;-29.4465;-1.36024;-2.39369;
-6.35481;-1.39834;-29.5567;-1.10202;-2.47416;
-6.47172;-1.16915;-29.7139;-1.57215;-2.21023;
-6.62527;-1.53545;-29.8316;-1.17649;-2.4878;
-6.77661;-1.51338;-29.955;-1.23403;-2.45752;

-6.92471;-1.48107;29.9059;-1.39116;-2.38749;
-7.08459;-1.59873;29.7634;-1.42441;-2.41379;
-7.22456;-1.39971;29.6284;-1.35071;-2.37401;
-7.3793;-1.54739;29.4844;-1.43949;-2.3923;
-7.52694;-1.47642;29.3441;-1.4028;-2.38176;
-7.68051;-1.53575;29.2274;-1.16737;-2.49164;
-7.84041;-1.59898;29.1103;-1.17087;-2.50954;
-8.0036;-1.6319;29.0048;-1.05526;-2.56758;
-8.15752;-1.53914;28.9039;-1.00891;-2.56136;
-8.32025;-1.62731;28.7071;-1.96796;-2.26173;
-8.44553;-1.25283;28.5565;-1.50588;-2.26472;
-8.58483;-1.39303;28.4161;-1.40456;-2.35207;
-8.68223;-0.973943;28.2401;-1.75985;-2.07626;
-8.77252;-0.90293;28.0919;-1.48215;-2.11796;
-8.87886;-1.06336;27.9233;-1.68546;-2.13363;
-8.99591;-1.17054;27.7326;-1.907;-2.12131;
-9.09916;-1.03251;27.5612;-1.71407;-2.11296;
-9.20221;-1.03053;27.3891;-1.72158;-2.11018;
-9.34736;-1.45143;27.2166;-1.72481;-2.27034;
-9.41049;-0.631311;27.0526;-1.6395;-1.93836;
-9.48768;-0.771927;26.8425;-2.10136;-1.92284;
-9.58696;-0.99276;26.6068;-2.35642;-1.96953;
-9.65026;-0.633021;26.426;-1.80852;-1.90749;
-9.69324;-0.429805;26.2752;-1.5081;-1.84843;
-9.70555;-0.123104;26.1043;-1.70887;-1.64271;
-9.67046;0.350857;25.8676;-2.3671;-1.42365;
-9.65227;0.181983;25.6644;-2.03166;-1.48146;
-9.61885;0.334191;25.4749;-1.89533;-1.39627;
-9.55919;0.596545;25.2713;-2.03562;-1.28573;
-9.49462;0.645687;25.0694;-2.01923;-1.2613;
-9.38907;1.0555;24.8633;-2.0609;-1.09747;
-9.25998;1.29094;24.6993;-1.63968;-0.90384;
-9.0883;1.71683;24.5782;-1.21184;-0.614649;
-8.89785;1.90447;24.4578;-1.20367;-0.563632;
-8.69178;2.06068;24.3391;-1.18692;-0.522574;
-8.47368;2.18098;24.2602;-0.788456;-0.346896;
-8.30788;1.65798;24.2103;-0.49947;-0.292605;
-8.11503;1.9285;24.1546;-0.556788;-0.281072;
-7.98425;1.30786;24.0842;-0.703901;-0.493745;
-7.78449;1.99757;23.9776;-1.06684;-0.49053;
-7.57572;2.08772;23.8997;-0.778451;-0.356903;
-7.35109;2.24631;23.837;-0.62702;-0.272204;
-7.17754;1.73551;23.7744;-0.626348;-0.346354;
-6.98242;1.95112;23.7067;-0.676897;-0.333935;
-6.82836;1.54062;23.6357;-0.709883;-0.43178;
-6.66985;1.58512;23.551;-0.8466;-0.490548;
-6.44789;2.21959;23.4264;-1.24656;-0.511719;
-6.26346;1.84433;23.3301;-0.962646;-0.481052;
-6.08881;1.74648;23.2365;-0.936135;-0.49204;
-5.89842;1.90393;23.1496;-0.86888;-0.428131;
-5.72009;1.78327;23.0656;-0.840062;-0.440244;
-5.54411;1.75983;22.9774;-0.88206;-0.464621;
-5.37043;1.73678;22.886;-0.913701;-0.484301;
-5.18914;1.81291;22.7946;-0.913943;-0.466948;
-5.04325;1.45885;22.6631;-1.31548;-0.733767;
-4.83627;2.06983;22.5512;-1.11917;-0.495679;
-4.66082;1.75451;22.4302;-1.20987;-0.603697;
-4.49861;1.62212;22.3337;-0.964479;-0.536424;
-4.37418;1.24426;22.2912;-0.425718;-0.329659;
-4.17321;2.00968;22.2201;-0.710512;-0.339829;
-4.05956;1.1365;22.1021;-1.18016;-0.804241;
-3.92049;1.3907;21.9576;-1.44509;-0.804575;
-3.77938;1.41115;21.812;-1.45568;-0.800927;
-3.56265;2.1673;21.7085;-1.03475;-0.445435;
-3.39643;1.66219;21.5975;-1.11011;-0.588828;
-3.23116;1.65272;21.4666;-1.30966;-0.670105;
-3.05952;1.71632;21.3295;-1.37071;-0.673907;
-2.86283;1.96691;21.2333;-0.961911;-0.454846;
-2.67028;1.92551;21.1907;-0.426197;-0.21783;
-2.46164;2.08647;21.2463;0.555947;0.260403;
-2.29511;1.66529;21.3497;1.03384;0.555588;
-2.16573;1.29373;21.4971;1.47481;0.850712;
-2.02756;1.38171;21.6732;1.76009;0.905255;
-1.89408;1.33484;21.8776;2.04443;0.992375;
-1.75724;1.36841;22.0385;1.60939;0.866149;
-1.62694;1.30294;22.1876;1.49026;0.852361;
-1.493;1.33943;22.322;1.34464;0.787342;
-1.36228;1.30719;22.4518;1.29782;0.781801;
-1.22857;1.33714;22.5919;1.40073;0.80862;
-1.09101;1.37563;22.7264;1.3453;0.774251;
-0.955721;1.35285;22.9019;1.75515;0.914125;
-0.802456;1.53265;23.0666;1.64644;0.821175;
-0.63606;1.66396;23.1897;1.23115;0.637002;
-0.452167;1.83893;23.3045;1.14842;0.558242;
-0.280686;1.71481;23.3552;0.506801;0.287363;
-0.0472028;2.33483;23.4711;1.15941;0.460902;
0.147612;1.94814;23.5647;0.935617;0.447732;
0.358193;2.10581;23.6628;0.981177;0.436028;
0.514679;1.56486;23.7893;1.26483;0.679764;
0.740565;2.25886;23.9368;1.47463;0.578354;
0.910706;1.70141;24.046;1.09263;0.570865;
1.06182;1.51111;24.1364;0.903658;0.538953;
1.24086;1.79039;24.2739;1.3747;0.654811;
1.42016;1.79303;24.4256;1.5168;0.702135;
1.56573;1.45576;24.5621;1.36501;0.753238;
1.69415;1.28412;24.6386;0.765223;0.537408;
1.89153;1.97388;24.6933;0.547463;0.270553;
2.08386;1.92324;24.7786;0.853207;0.417544;
2.22971;1.45848;24.8713;0.92666;0.566014;
2.38849;1.5878;24.9789;1.07638;0.595743;
2.55022;1.61732;25.0999;1.20957;0.642144;
2.69133;1.41107;25.2724;1.72494;0.885154;
2.88758;1.96254;25.4527;1.80276;0.742988;
3.04453;1.56952;25.5641;1.11393;0.617225;
3.24027;1.95734;25.6512;0.871474;0.418884;
3.45911;2.18841;25.6906;0.394194;0.178217;
3.70091;2.41799;25.8463;1.55641;0.571919;
3.87109;1.7018;25.9591;1.12843;0.585515;
4.0616;1.90515;26.1015;1.42424;0.641948;
4.22326;1.61664;26.2848;1.83224;0.847831;
4.29752;0.742515;26.4705;1.85784;1.19058;
4.38845;0.909313;26.6248;1.54276;1.0382;
4.45382;0.653772;26.7843;1.59489;1.18177;
4.51244;0.586159;26.9683;1.83938;1.2623;
4.51735;0.0490847;27.1723;2.04098;1.54675;
4.57259;0.552459;27.3694;1.97022;1.29741;
4.58957;0.169717;27.5253;1.5588;1.46235;
4.63592;0.463567;27.7265;2.01284;1.34444;
4.70878;0.728525;27.8258;0.993056;0.937861;
4.77022;0.614408;28.0096;1.83768;1.24814;
4.82054;0.503251;28.2288;2.19217;1.34514;
4.91359;0.930524;28.4127;1.83873;1.10231;
5.0077;0.941068;28.5938;1.8106;1.09147;
5.17252;1.6482;28.7699;1.76192;0.818735;
5.33337;1.60846;28.9119;1.41924;0.722981;
5.53687;2.03508;28.9472;0.3532;0.171844;
5.71228;1.75403;29.002;0.547972;0.302801;
5.85325;1.40978;29.0161;0.141329;0.0999151;
6.04526;1.92004;29.0514;0.353082;0.181861;
6.2443;1.9904;29.0972;0.457546;0.225951;
6.42113;1.76832;29.2007;1.03471;0.529419;
6.57478;1.5365;29.31;1.09301;0.61831;
6.72085;1.46065;29.4393;1.29345;0.724761;
6.83964;1.18798;29.5943;1.55007;0.916878;
6.94629;1.06642;29.7418;1.47448;0.944637;
7.07538;1.2909;29.9004;1.58642;0.887747;

7.2013;1.2592;-29.9794;1.20179;0.762074;
7.36959;1.68295;-29.9103;0.691661;0.389937;
7.545;1.75407;-29.7789;1.31367;0.642813;
7.70032;1.55325;-29.5535;2.25403;0.967424;
7.75713;0.568114;-29.3465;2.06973;1.30291;
7.76701;0.0987191;-29.129;2.17558;1.52545;
7.78304;0.160316;-28.9252;2.03743;1.49227;
7.87531;0.922745;-28.7258;1.9945;1.13748;
7.9978;1.2249;-28.5456;1.80116;0.973576;
8.14678;1.48982;-28.3706;1.75007;0.865553;
8.26534;1.18558;-28.218;1.52599;0.910284;
8.39295;1.27609;-28.0743;1.43692;0.84461;
8.53289;1.39935;-27.9317;1.42698;0.795176;
8.67641;1.43528;-27.7888;1.42878;0.783129;
8.84864;1.72228;-27.6634;1.25417;0.629403;
9.09696;2.4832;-27.5476;1.15773;0.436264;
9.29308;1.96121;-27.4531;0.944914;0.448984;
9.43406;1.40977;-27.3216;1.31518;0.750701;
9.59435;1.60289;-27.1847;1.36913;0.706908;
9.74494;1.5059;-26.9841;2.00537;0.926698;
9.84455;0.996106;-26.8085;1.7561;1.05482;
9.93471;0.901565;-26.6275;1.8103;1.10873;
10.0442;1.0949;-26.4425;1.84946;1.03627;
10.1343;0.900574;-26.2611;1.81443;1.11008;
10.2072;0.729115;-26.0644;1.96726;1.21587;
10.2811;0.73973;-25.8754;1.89013;1.19776;
10.3592;0.780717;-25.6626;2.12735;1.21907;
10.4382;0.789711;-25.5564;1.06245;0.931604;
10.5437;1.05511;-25.3612;1.95211;1.07528;
10.6393;0.956063;-25.1847;1.7647;1.07429;
10.6901;0.508252;-25.0029;1.81754;1.29812;
10.7747;0.845916;-24.82;1.82919;1.13763;
10.8554;0.807028;-24.6816;1.38393;1.04286;
10.9541;0.986959;-24.4989;1.82774;1.07567;
11.048;0.939174;-24.3277;1.71151;1.06892;
11.1897;1.41694;-24.1766;1.51121;0.817583;
11.3458;1.5606;-24.0102;1.66352;0.817311;
11.5222;1.76392;-23.8483;1.61895;0.74257;
11.6635;1.41292;-23.7278;1.20514;0.7062;
11.7909;1.27403;-23.6109;1.16891;0.742395;
11.9536;1.62776;-23.4814;1.29514;0.672088;
12.0737;1.20075;-23.3054;1.7598;0.972034;
12.1824;1.0865;-23.1175;1.87932;1.04661;
12.2856;1.03223;-22.9454;1.72142;1.03065;
12.3997;1.14115;-22.79;1.55341;0.937216;
12.493;0.932748;-22.6497;1.40342;0.984207;
12.5883;0.953172;-22.5096;1.40102;0.973385;
12.7027;1.14403;-22.3254;1.84176;1.01496;
12.7852;0.824526;-22.1187;2.06723;1.19128;
12.8734;0.882588;-21.9526;1.66112;1.08241;
12.945;0.715974;-21.8034;1.4921;1.1234;
13.0242;0.79205;-21.6352;1.68129;1.13054;
13.1565;1.3226;-21.4653;1.69883;0.909282;
13.2909;1.34408;-21.2559;2.09403;1.00016;
13.4239;1.33007;-21.1429;1.13082;0.704609;
13.5574;1.3349;-21.0002;1.42617;0.81844;
13.6633;1.05967;-20.8858;1.14473;0.823962;
13.8107;1.47358;-20.7234;1.62388;0.833885;
13.9599;1.49195;-20.6129;1.10454;0.637284;
14.1496;1.89723;-20.4973;1.15652;0.547438;
14.284;1.34382;-20.3787;1.18559;0.722923;
14.4315;1.47509;-20.2245;1.54217;0.807629;
14.5792;1.47638;-20.0848;1.39681;0.757712;
14.6981;1.1898;-19.9064;1.78407;0.982632;
14.8235;1.25409;-19.7269;1.79497;0.960963;
14.9816;1.58092;-19.577;1.49886;0.758758;
15.1255;1.43891;-19.4017;1.75328;0.883562;
15.2669;1.41409;-19.2301;1.71643;0.881678;
15.373;1.06067;-19.0692;1.60896;0.98796;
15.4752;1.02202;-18.8978;1.71332;1.03294;
15.5704;0.951995;-18.7402;1.57616;1.02744;
15.6888;1.18427;-18.5775;1.62708;0.941625;
15.8074;1.18598;-18.3938;1.83744;0.997625;
15.9622;1.54798;-18.2581;1.35695;0.719732;
16.1517;1.89501;-18.0946;1.63494;0.711854;
16.2776;1.25882;-17.9517;1.42843;0.848433;
16.3963;1.18673;-17.7921;1.59637;0.93154;
16.4863;0.90016;-17.6086;1.8354;1.11482;
16.502;0.156735;-17.3849;2.2362;1.50082;
16.5477;0.456796;-17.1835;2.01444;1.34781;
16.5753;0.276706;-16.9963;1.87185;1.42403;
16.5775;0.0216259;-16.8046;1.91682;1.55951;
16.5959;0.184252;-16.6169;1.87763;1.47298;
16.6491;0.532137;-16.4437;1.73206;1.27272;
16.6705;0.213673;-16.235;2.08698;1.46877;
16.6541;-0.16358;-16.0567;1.78286;1.66229;
16.644;-0.101827;-15.8663;1.90355;1.62424;
16.6386;-0.0539788;-15.6751;1.91235;1.59902;
16.5979;-0.40631;-15.5087;1.66378;1.81032;
16.5589;-0.389753;-15.3564;1.52319;1.8213;
16.5533;-0.0568004;-15.1181;2.38323;1.59463;
16.5421;-0.111273;-14.9045;2.13533;1.62286;
16.504;-0.381812;-14.6823;2.22245;1.74093;
16.5117;0.0769159;-14.4771;2.05183;1.53333;
16.5284;0.16797;-14.2792;1.97863;1.48611;
16.5613;0.328599;-14.0718;2.07469;1.41372;
16.5445;-0.167778;-13.8725;1.99301;1.65478;
16.5426;-0.0192771;-13.6612;2.11244;1.57992;
16.552;0.0941015;-13.4828;1.78416;1.5181;
16.5821;0.300401;-13.2821;2.00754;1.42226;
16.6045;0.224236;-13.0578;2.24229;1.47112;
16.6412;0.367272;-12.8425;2.15279;1.40182;
16.738;0.968349;-12.6507;1.91866;1.1034;
16.7439;0.0587846;-12.4411;2.09531;1.54275;
16.7359;-0.0802416;-12.2647;1.76395;1.61625;
16.7183;-0.176094;-12.0032;2.6151;1.63803;
16.6289;-0.894093;-11.8262;1.77032;2.03847;
16.5825;-0.463859;-11.6953;1.3088;1.9114;
16.5277;-0.547976;-11.5089;1.86467;1.85662;
16.475;-0.527079;-11.315;1.93895;1.83622;
16.4581;-0.168716;-11.1135;2.0149;1.65434;
16.4419;-0.16239;-10.9168;1.96698;1.65317;
16.4243;-0.175601;-10.6912;2.25594;1.64848;
16.4045;-0.197772;-10.5043;1.86919;1.67621;
16.3679;-0.366531;-10.3363;1.6795;1.78567;
16.3273;-0.406192;-10.1516;1.84735;1.78723;
16.3374;0.101569;-9.98003;1.71549;1.51166;
16.3092;-0.281945;-9.78932;1.90711;1.71757;
16.302;-0.0718321;-9.5892;2.00123;1.60667;
16.262;-0.400339;-9.38389;2.05305;1.76338;
16.2434;-0.186477;-9.23129;1.52598;1.69239;
16.2659;0.225598;-9.02858;2.0271;1.45996;
16.2341;-0.318093;-8.83157;1.97014;1.73087;
16.1803;-0.538508;-8.63666;1.94912;1.84036;
16.1257;-0.545569;-8.45022;1.86443;1.85547;
16.0728;-0.528965;-8.24368;2.06533;1.82152;
15.9827;-0.900649;-8.02123;2.22453;1.95549;
15.8422;-1.40502;-7.79375;2.27475;2.1241;
15.722;-1.20261;-7.62812;1.65635;2.1988;
15.6273;-0.947255;-7.4516;1.76519;2.06332;
15.5166;-1.10669;-7.24516;2.06439;2.06289;
15.4597;-0.569156;-7.0796;1.6556;1.90192;
15.3847;-0.749947;-6.89939;1.80213;1.96514;
15.3524;-0.322707;-6.75276;1.46631;1.78742;
15.2673;-0.850721;-6.5631;1.89657;1.99245;
15.1765;-0.90859;-6.37644;1.86662;2.02379;
15.072;-1.04502;-6.19878;1.77658;2.10251;
15.0504;-0.216052;-6.02958;1.69204;1.6978;
15.0107;-0.396665;-5.87153;1.58046;1.8167;
14.9362;-0.745418;-5.71323;1.58298;2.01089;
14.8486;-0.875163;-5.52213;1.91103;2.00024;
14.7729;-0.757404;-5.39131;1.30816;2.09562;
14.6895;-0.834026;-5.20798;1.83337;1.99773;
14.6258;-0.637394;-5.0259;1.82073;1.90754;
14.563;-0.627225;-4.83715;1.88749;1.89162;
14.4879;-0.750892;-4.69434;1.42818;2.05484;
14.3907;-0.972623;-4.5175;1.76833;2.07366;
14.2902;-1.00524;-4.2825;2.34998;1.97501;
14.2257;-0.644891;-4.09337;1.89133;1.89941;
14.1635;-0.622016;-3.9251;1.68271;1.92487;
14.0862;-0.77253;-3.73801;1.87096;1.96238;
14.055;-0.312418;-3.54077;1.9724;1.72789;
13.937;-1.17996;-3.33435;2.06414;2.09011;
13.8511;-0.858793;-3.14771;1.86643;2.00204;
13.7885;-0.625605;-2.96448;1.83228;1.89982;
13.7288;-0.597026;-2.79159;1.72891;1.9033;
13.6662;-0.626815;-2.58783;2.03763;1.86923;
13.5789;-0.872187;-2.40886;1.78961;2.02428;
13.4881;-0.908284;-2.24512;1.63744;2.07724;
13.3245;-1.63586;-2.08996;1.55164;2.38261;
13.129;-1.95553;-1.88132;2.08634;2.32384;
13.0412;-0.877869;-1.70471;1.76608;2.0321;
12.9502;-0.909692;-1.52427;1.8044;2.03776;
12.8807;-0.694736;-1.35221;1.72062;1.95455;
12.7286;-1.5214;-1.1248;2.27415;2.16041;
12.5829;-1.45672;-1.01251;1.12284;2.48491;
12.3982;-1.84745;-0.93668;0.758333;2.75209;
12.2316;-1.66572;-0.814583;1.22097;2.50906;
12.0865;-1.45088;-0.677591;1.36992;2.38489;
11.9525;-1.34022;-0.562215;1.15376;2.43082;
11.8069;-1.45563;-0.423545;1.3867;2.38044;
11.6582;-1.48694;-0.287966;1.35579;2.4023;
11.4653;-1.92903;-0.147556;1.4041;2.5124;
11.3203;-1.45007;0.00175342;1.49309;2.34158;
11.1985;-1.21786;0.160965;1.59212;2.22379;
11.0647;-1.33882;0.301613;1.40648;2.33156;
10.9288;-1.35899;0.452557;1.50944;2.30379;
10.8207;-1.08066;0.638036;1.85479;2.09835;
10.6695;-1.51246;0.782526;1.4449;2.37904;
10.5088;-1.60655;0.910021;1.27495;2.47077;
10.3534;-1.55383;1.06387;1.5385;2.36115;
10.1913;-1.6214;1.17934;1.15469;2.52275;
9.99561;-1.95661;1.30953;1.30185;2.5545;
9.81696;-1.78648;1.43603;1.26505;2.52543;
9.64608;-1.70889;1.52122;0.851901;2.67914;
9.47842;-1.67655;1.61941;0.981852;2.6118;
9.33273;-1.45692;1.74593;1.26527;2.42648;
9.14158;-1.91147;1.84578;0.99842;2.66024;
8.95396;-1.87622;1.94648;1.00708;2.64897;
8.82097;-1.32986;2.01429;0.678043;2.67009;
8.68442;-1.36554;2.04401;0.29719;2.9273;
8.4768;-2.07615;2.09027;0.462591;2.92236;
8.24139;-2.35415;2.10865;0.183845;3.06366;
7.98653;-2.54855;2.25147;1.4282;2.6308;
7.81389;-1.72641;2.35129;0.998189;2.61737;
7.63893;-1.74962;2.44849;0.972004;2.6345;
7.4895;-1.4943;2.50266;0.541684;2.79383;
7.30088;-1.88626;2.64039;1.37727;2.51091;
7.15878;-1.42093;2.69756;0.571791;2.75901;
6.99818;-1.60601;2.82243;1.24867;2.48072;
6.81826;-1.79918;2.9618;1.39366;2.48253;
6.64322;-1.75044;3.05336;0.915585;2.65967;
6.45612;-1.87098;3.15196;0.986007;2.65658;
6.2936;-1.6252;3.28071;1.28754;2.47161;
6.14618;-1.47424;3.36227;0.815625;2.63626;
5.98996;-1.5622;3.4466;0.843237;2.64663;
5.82869;-1.61267;3.55268;1.06085;2.55974;
5.67777;-1.50918;3.70686;1.54179;2.34551;
5.53521;-1.42559;3.90032;1.93463;2.20585;
5.4716;-0.636069;4.06135;1.61023;1.947;
5.39527;-0.763376;4.24637;1.85027;1.9621;
5.30881;-0.864617;4.43334;1.86969;2.00395;
5.212;-0.96804;4.62071;1.87373;2.04767;
5.0962;-1.15802;4.76078;1.40065;2.26165;
4.94294;-1.53263;4.88695;1.26173;2.45284;
4.77373;-1.6921;4.98638;0.99431;2.61033;
4.60547;-1.6826;5.00938;0.229962;3.00576;
4.38371;-2.21752;5.01229;0.0291582;3.12844;
4.18388;-1.99833;4.99675;-0.155474;-3.06395;
3.97088;-2.12999;4.9798;-0.169492;-3.06219;
3.83427;-1.36608;4.9534;-0.263951;-2.95073;
3.6253;-2.08978;4.93967;-0.137304;-3.07598;
3.44621;-1.79084;4.89359;-0.460832;-2.88973;
3.25633;-1.89878;4.83398;-0.59614;-2.83738;
3.08222;-1.74111;4.81002;-0.239558;-3.00486;
2.89193;-1.90297;4.79327;-0.167542;-3.05378;
2.69515;-1.96773;4.74034;-0.529275;-2.87883;
2.50559;-1.8956;4.6747;-0.65636;-2.80826;
2.32492;-1.80676;4.61085;-0.638495;-2.8019;
2.125;-1.99916;4.59721;-0.136423;-3.07346;
1.92154;-2.03457;4.56254;-0.346739;-2.97279;
1.72659;-1.94953;4.54145;-0.210834;-3.03387;
1.52458;-2.02011;4.54268;0.0122497;3.13553;
1.32355;-2.01027;4.56598;0.232998;3.0262;
1.12402;-1.9953;4.62244;0.564658;2.86581;
0.949537;-1.74485;4.72486;1.02414;2.61082;
0.816434;-1.33104;4.88404;1.59185;2.2672;
0.703383;-1.13051;5.07028;1.86241;2.11636;
0.631137;-0.722456;5.25743;1.87144;1.93921;
0.580771;-0.503663;5.43636;1.78928;1.84518;
0.553911;-0.268595;5.65409;2.17735;1.69353;
0.541626;-0.122852;5.77395;1.19859;1.67294;
0.557669;0.160426;5.9218;1.47849;1.46271;
0.599278;0.416096;6.13548;2.13677;1.37847;
0.618618;0.193396;6.31256;1.77086;1.46202;
0.612802;-0.0581616;6.51434;2.01782;1.59961;
0.595137;-0.176643;6.71606;2.01714;1.65814;
0.58029;-0.148471;6.92663;2.10577;1.64119;
0.512616;-0.676745;7.18786;2.61222;1.82429;
0.509082;-0.0353346;7.40144;2.1358;1.58734;
0.558661;0.495782;7.63797;2.36537;1.36419;
0.594656;0.359957;7.8348;1.96826;1.38991;
0.674721;0.800647;8.02185;1.87047;1.16635;
0.753104;0.783833;8.23329;2.11439;1.21579;
0.781107;0.280023;8.44391;2.10628;1.43862;
0.759641;-0.214657;8.70751;2.63593;1.65205;
0.691862;-0.677789;8.94329;2.35782;1.85071;
0.670191;-0.216714;9.13526;1.91975;1.68321;
0.657313;-0.128776;9.33567;2.00406;1.63497;
0.644442;-0.128708;9.53195;1.96284;1.63627;
0.616566;-0.278762;9.75906;2.2711;1.69293;
0.602176;-0.143902;9.96231;2.0325;1.64148;
0.597812;-0.0436378;10.1588;1.96461;1.593;
0.652131;0.543191;10.3083;1.49512;1.22231;
0.695122;0.429911;10.5039;1.95567;1.35441;
0.700291;0.0516902;10.719;2.15137;1.54677;
0.738624;0.383327;10.8723;1.53303;1.32577;
0.77739;0.387659;11.0983;2.2604;1.40095;
0.834339;0.569487;11.3074;2.09078;1.30487;
0.908588;0.742492;11.4934;1.85967;1.19093;
1.00769;0.991029;11.6669;1.73496;1.05181;
1.14041;1.32719;11.8401;1.73251;0.9171;
1.30981;1.69402;11.9635;1.23415;0.629621;
1.4912;1.81386;12.0518;0.882263;0.452709;
1.68368;1.92479;12.1077;0.559394;0.282835;
1.86992;1.86243;12.1657;0.580184;0.301991;
2.07153;2.01605;12.1974;0.3164;0.155671;
2.27502;2.03498;12.1613;-0.360178;-0.175179;
2.4827;2.07677;12.0905;-0.708754;-0.328883;
2.63554;1.52841;11.9736;-1.16842;-0.652697;
2.76056;1.25021;11.8578;-1.15844;-0.74732;
2.84629;0.857255;11.7478;-1.10029;-0.908919;
2.97128;1.2499;11.5902;-1.57594;-0.900266;
3.06283;0.915563;11.5092;-0.809539;-0.724016;
3.22177;1.58937;11.3888;-1.20436;-0.648448;
3.39905;1.77276;11.2517;-1.37024;-0.658021;
3.58126;1.82213;11.1619;-0.89853;-0.458129;
3.75853;1.77266;11.096;-0.658875;-0.355863;
3.89983;1.413;11.0307;-0.652943;-0.432867;
4.1012;2.01374;10.971;-0.596997;-0.288208;
4.28949;1.88288;10.9192;-0.518606;-0.268768;
4.49082;2.01334;10.8547;-0.644681;-0.309888;
4.67816;1.8734;10.7806;-0.740577;-0.376459;
4.8545;1.76334;10.6871;-0.934828;-0.487472;
5.12765;2.73155;10.5524;-1.34778;-0.458363;
5.31587;1.88215;10.4828;-0.695484;-0.353953;
5.52947;2.13599;10.4516;-0.311705;-0.144907;
5.72474;1.95274;10.446;-0.0565361;-0.0289441;
5.93;2.05262;10.443;-0.0302492;-0.0147358;
6.18924;2.59243;10.4106;-0.323642;-0.124199;
6.36316;1.73919;10.3758;-0.348094;-0.197537;
6.56845;2.05282;10.3834;0.0757573;0.0368872;
6.76702;1.98578;10.4243;0.409678;0.203451;
6.95581;1.88788;10.4765;0.522099;0.269809;
7.17143;2.15617;10.5239;0.47306;0.215976;
7.34953;1.78106;10.5776;0.537492;0.293091;
7.53881;1.8928;10.633;0.554234;0.284849;
7.73322;1.94406;10.6984;0.654119;0.324571;
7.93967;2.06451;10.7831;0.846131;0.388966;
8.14749;2.07822;10.8995;1.16446;0.510728;
8.31643;1.68939;10.9795;0.799646;0.442087;
8.52026;2.03828;11.1225;1.43008;0.611806;
8.68371;1.63447;11.2325;1.10045;0.592565;
8.86572;1.82017;11.3277;0.951895;0.481854;
9.07405;2.08324;11.4604;1.32708;0.5672;
9.30879;2.34738;11.5306;0.702118;0.290638;
9.45306;1.44273;11.6415;1.10829;0.655044;
9.62436;1.713;11.7431;1.01696;0.535753;
9.80996;1.85603;11.8202;0.770176;0.393335;
9.99037;1.80403;11.9238;1.03599;0.52128;
10.1971;2.06759;12.0734;1.49624;0.626431;
10.3686;1.71431;12.2026;1.29181;0.645766;
10.5122;1.4365;12.3427;1.4013;0.772996;
10.6681;1.559;12.476;1.33337;0.707548;
10.8012;1.33095;12.6199;1.4386;0.824249;
10.8823;0.810731;12.8369;2.16974;1.21321;
10.9763;0.940042;12.9971;1.60206;1.04016;
11.0673;0.90986;13.1959;1.98787;1.14155;
11.1584;0.911447;13.3104;1.14519;0.898567;
11.3951;2.36732;13.4741;1.63749;0.605137;
11.5464;1.51243;13.5925;1.18416;0.664258;
11.698;1.51603;13.6549;0.623442;0.390153;
11.8669;1.68886;13.744;0.891349;0.485626;
12.0346;1.67746;13.8918;1.47778;0.722199;
12.1635;1.28914;14.0527;1.60922;0.895386;
12.295;1.315;14.2187;1.66004;0.900861;
12.3836;0.885607;14.4153;1.96597;1.14755;
12.4445;0.608817;14.6082;1.9288;1.26505;
12.4661;0.215967;14.7906;1.82378;1.45293;
12.5595;0.934024;14.9585;1.67878;1.06307;
12.6571;0.975786;15.1298;1.71383;1.05321;
12.7832;1.26169;15.3389;2.09041;1.02776;
12.8817;0.98452;15.5068;1.67937;1.04055;
12.9342;0.525402;15.6608;1.54024;1.24206;
13.0105;0.762693;15.8365;1.75651;1.16115;
13.1006;0.901542;16.0218;1.85309;1.118;
13.1832;0.825574;16.1909;1.69052;1.11651;
13.2573;0.740637;16.3242;1.33376;1.06389;
13.3552;0.979252;16.518;1.93802;1.10293;
13.4399;0.846762;16.6892;1.71146;1.11135;
13.5321;0.921942;16.8648;1.75611;1.08736;
13.6285;0.963987;17.0569;1.92062;1.10562;
13.7189;0.904394;17.2396;1.82732;1.11121;
13.7999;0.8101;17.4166;1.77059;1.1417;
13.8806;0.8071;17.6094;1.92731;1.17421;
13.9387;0.58087;17.8246;2.15215;1.30718;
13.9734;0.346902;18.0265;2.0191;1.40065;
14.0073;0.339394;18.2171;1.90572;1.39455;
14.0421;0.347743;18.4146;1.97554;1.39656;
14.0791;0.369518;18.6326;2.17939;1.40284;
14.1232;0.441772;18.7932;1.60618;1.30239;
14.1921;0.688732;18.9841;1.90956;1.22464;
14.263;0.709149;19.1753;1.91115;1.21549;
14.2977;0.347285;19.2902;1.1496;1.27742;
14.3347;0.369594;19.4775;1.87289;1.37596;
14.3562;0.21505;19.6746;1.97073;1.4621;
14.385;0.287746;19.87;1.95461;1.42463;
14.4172;0.322257;20.0621;1.92051;1.40455;
14.4357;0.184427;20.2551;1.92968;1.47551;
14.4414;0.0575062;20.486;2.30921;1.5459;
14.4778;0.363972;20.6858;1.99831;1.39063;
14.5292;0.514251;20.9161;2.30327;1.35113;
14.5934;0.641265;21.0993;1.83183;1.23406;
14.6355;0.421518;21.2785;1.79134;1.33969;
14.6563;0.208223;21.4578;1.79294;1.45518;
14.711;0.547168;21.6524;1.94645;1.29676;
14.7267;0.156943;21.8354;1.82982;1.48524;
14.74;0.132113;22.0167;1.813;1.49806;
14.7338;-0.0618113;22.2304;2.13682;1.59972;
14.7279;-0.059186;22.4309;2.00531;1.6003;
14.7287;0.00856609;22.6398;2.08861;1.5667;
14.7037;-0.249888;22.8371;1.97314;1.69677;
14.6901;-0.135913;23.0315;1.94386;1.6406;
14.6857;-0.0442668;23.1737;1.42221;1.60191;
14.6774;-0.0825312;23.3734;1.99723;1.6121;
14.667;-0.104718;23.5696;1.96233;1.62411;
14.6226;-0.443987;23.7876;2.17958;1.77175;
14.5849;-0.37668;23.9822;1.94637;1.76196;
14.5859;0.00948141;24.156;1.73802;1.56534;
14.5824;-0.0348039;24.4127;2.56644;1.58436;
14.5607;-0.216513;24.6399;2.27202;1.6658;
14.5182;-0.425113;24.8638;2.23934;1.7584;
14.4704;-0.478552;25.0702;2.06427;1.7986;
14.4104;-0.599927;25.2773;2.07043;1.85283;
14.3814;-0.289502;25.4574;1.80163;1.73012;
14.363;-0.184454;25.6412;1.83725;1.67086;
14.2833;-0.796656;25.8983;2.57184;1.87118;
14.2302;-0.531477;26.1128;2.14455;1.81373;
14.1891;-0.41029;26.3102;1.97384;1.77574;
14.1446;-0.445702;26.5055;1.95331;1.79513;
14.1256;-0.189163;26.6932;1.87705;1.67123;
14.0448;-0.807933;26.9184;2.2521;1.91524;
13.99;-0.548944;27.1124;1.93972;1.84659;
13.9303;-0.596486;27.2893;1.76849;1.8961;
13.8473;-0.829642;27.4636;1.74365;2.0149;
13.7594;-0.879384;27.6637;2.00083;1.98489;
13.6771;-0.823448;27.8587;1.94992;1.97038;
13.6074;-0.696659;28.0437;1.85055;1.93085;
13.5632;-0.442264;28.2192;1.7542;1.81777;
13.5157;-0.474983;28.3751;1.55909;1.86652;
13.4488;-0.668394;28.5621;1.87022;1.91404;
13.4248;-0.240166;28.7621;1.99953;1.69033;
13.4113;-0.134994;28.9694;2.07399;1.63579;
13.4033;-0.0803286;29.1815;2.12055;1.60866;
13.3958;-0.0748857;29.3688;1.87293;1.61076;
13.3854;-0.103721;29.587;2.18232;1.61829;
13.375;-0.104194;29.7878;2.00755;1.62265;

13.3885;0.13454;-29.9803;2.31908;1.51285;
13.4412;0.527489;-29.7736;2.06666;1.32089;
13.4908;0.496357;-29.5783;1.95369;1.322;
13.5602;0.694078;-29.3269;2.51351;1.30137;
13.615;0.547875;-29.0819;2.45051;1.35084;
13.6177;0.0262148;-28.8145;2.67403;1.56099;
13.6266;0.0898605;-28.6371;1.77348;1.52017;
13.5629;-0.63759;-28.4521;1.85035;1.90263;
13.4959;-0.670135;-28.2628;1.89279;1.91107;
13.4267;-0.691802;-28.0865;1.76346;1.94465;
13.3723;-0.543564;-27.8854;2.01081;1.83481;
13.3433;-0.290592;-27.7554;1.30002;1.79071;
13.3018;-0.415172;-27.562;1.93345;1.78232;
13.2533;-0.484091;-27.3991;1.62936;1.85959;
13.1725;-0.808763;-27.1442;2.54907;1.87803;
13.1903;0.177907;-26.9877;1.56446;1.45756;
13.207;0.167675;-26.8048;1.82957;1.4794;
13.2714;0.64363;-26.6274;1.7743;1.22281;
13.3436;0.722383;-26.4231;2.04244;1.23084;
13.4242;0.805216;-26.2225;2.00565;1.18902;
13.4973;0.731182;-26.0366;1.85992;1.19623;
13.5792;0.819608;-25.8525;1.84077;1.1519;
13.6444;0.651919;-25.6733;1.79185;1.22186;
13.7251;0.8072;-25.5224;1.50869;1.07952;
13.7996;0.745072;-25.3641;1.58288;1.13086;
13.8992;0.995644;-25.2185;1.45657;0.971195;
14.0292;1.30017;-25.0474;1.71079;0.920937;
14.1694;1.40136;-24.8774;1.69994;0.881378;
14.3012;1.31861;-24.6362;2.41244;1.07058;
14.4052;1.04017;-24.5093;1.26816;0.883846;
14.5241;1.18887;-24.3525;1.56857;0.922237;
14.6347;1.10553;-24.1529;1.99632;1.06505;
14.6915;0.567703;-24.0126;1.40224;1.18611;
14.7243;0.32885;-23.793;2.19585;1.42214;
14.8023;0.779218;-23.6003;1.92755;1.18663;
14.9266;1.24346;-23.4656;1.34711;0.825388;
15.1533;2.2667;-23.3677;0.978514;0.407525;
15.342;1.88743;-23.2894;0.782825;0.393164;
15.5778;2.35748;-23.3145;-0.250932;-0.106041;
15.7576;1.79854;-23.3594;-0.448375;-0.244319;
15.9543;1.96669;-23.3979;-0.384814;-0.193224;
16.1379;1.83622;-23.4864;-0.885762;-0.449455;
16.3333;1.95404;-23.571;-0.845745;-0.408473;
16.4744;1.41061;-23.6053;-0.343068;-0.238573;
16.6518;1.77455;-23.7245;-1.19156;-0.591322;
16.8018;1.50016;-23.7823;-0.578494;-0.368051;
16.9101;1.0827;-23.8608;-0.784517;-0.627042;
17.0776;1.67489;-23.968;-1.07218;-0.569419;
17.2489;1.7133;-24.1167;-1.48661;-0.714674;
17.4132;1.64273;-24.2486;-1.31902;-0.676531;
17.59;1.76763;-24.3411;-0.924963;-0.482097;
17.774;1.84042;-24.4261;-0.850292;-0.432796;
17.9412;1.67223;-24.4968;-0.70696;-0.399976;
18.1094;1.68197;-24.541;-0.44247;-0.257239;
18.3189;2.09434;-24.625;-0.839475;-0.381223;
18.488;1.69081;-24.67;-0.450288;-0.260273;
18.6739;1.85966;-24.7735;-1.03462;-0.507703;
18.8271;1.5316;-24.8606;-0.871003;-0.517079;
18.9843;1.57241;-24.9776;-1.17025;-0.639804;
19.1181;1.33763;-25.0201;-0.425381;-0.307897;
19.3215;2.03464;-25.0579;-0.377408;-0.183407;
19.513;1.91441;-25.1426;-0.847176;-0.416621;
19.6801;1.67073;-25.2601;-1.17557;-0.613155;
19.8508;1.70776;-25.3513;-0.911366;-0.490213;
20.0428;1.92007;-25.4163;-0.649918;-0.326381;
20.2586;2.15737;-25.4826;-0.663488;-0.298364;
20.4571;1.98557;-25.4727;0.0992617;0.04995;
20.5982;1.41044;-25.4346;0.381411;0.264103;
20.7754;1.77172;-25.4299;0.046354;0.0261573;
20.9655;1.90129;-25.3945;0.354202;0.184184;
21.1722;2.06674;-25.3519;0.426235;0.203384;
21.3641;1.91951;-25.274;0.779101;0.385569;
21.5604;1.96295;-25.1899;0.840195;0.404432;
21.7531;1.92685;-25.1319;0.580092;0.292426;
21.9499;1.96824;-25.0631;0.68856;0.336528;
22.1558;2.05912;-25.0019;0.611917;0.288863;
22.3832;2.27359;-24.9473;0.546262;0.235794;
22.574;1.90862;-24.8889;0.583174;0.296539;
22.7838;2.09764;-24.7817;1.07201;0.472454;
23.0077;2.23922;-24.6534;1.28331;0.52041;
23.1594;1.51621;-24.5779;0.755512;0.462278;
23.3502;1.90871;-24.5039;0.740031;0.369869;
23.537;1.86813;-24.438;0.658995;0.339129;
23.7239;1.86822;-24.3617;0.76229;0.387409;
23.9267;2.02858;-24.2592;1.025;0.467862;
24.1358;2.09114;-24.1639;0.953335;0.427743;
24.3316;1.95808;-24.0635;1.0035;0.47359;
24.5007;1.69038;-23.9726;0.909513;0.493625;
24.6528;1.52168;-23.8703;1.02305;0.591907;
24.823;1.70198;-23.8005;0.697476;0.388928;
25.0491;2.26023;-23.6189;1.81682;0.677067;
25.223;1.7391;-23.4856;1.33303;0.653979;
25.396;1.7307;-23.3338;1.51745;0.71984;
25.5918;1.9578;-23.1922;1.4165;0.626333;
25.7726;1.80728;-23.0998;0.923275;0.4723;
25.9489;1.76301;-23.0338;0.660723;0.358569;
26.1442;1.95311;-22.9521;0.817024;0.396198;
26.3195;1.75303;-22.8764;0.756548;0.407419;
26.5065;1.87029;-22.7615;1.1493;0.551015;
26.6496;1.43148;-22.6397;1.21789;0.704954;
26.835;1.85339;-22.5153;1.24356;0.590974;
27.0042;1.69172;-22.4009;1.1446;0.594842;
27.1618;1.57662;-22.2901;1.10801;0.612585;
27.3676;2.0575;-22.1802;1.09832;0.49033;
27.5159;1.48341;-22.0553;1.24974;0.700112;
27.6213;1.05403;-21.8982;1.57083;0.979795;
27.828;2.0666;-21.8066;0.915452;0.416996;
27.9691;1.41104;-21.6336;1.73082;0.886828;
28.0388;0.697527;-21.4463;1.87249;1.21421;
28.1573;1.18497;-21.2717;1.74552;0.974398;
28.1704;0.130605;-21.092;1.7979;1.49828;
28.1975;0.271251;-20.9451;1.46839;1.38813;
28.2735;0.759994;-20.6991;2.45992;1.27115;
28.4215;1.47957;-20.5371;1.62038;0.830791;
28.5037;0.822063;-20.3465;1.90557;1.16352;
28.5913;0.8758;-20.1632;1.83327;1.12513;
28.6622;0.709948;-19.9726;1.90586;1.21421;
28.713;0.50704;-19.7938;1.78796;1.29447;
28.7463;0.333741;-19.6026;1.91245;1.39803;
28.796;0.496374;-19.3831;2.19458;1.34836;
28.8563;0.603691;-19.1508;2.32271;1.31651;
28.8882;0.318775;-18.9562;1.94661;1.40848;
28.8703;-0.179137;-18.7422;2.14038;1.6543;
28.9038;0.334662;-18.5093;2.3289;1.42807;
28.9656;0.618548;-18.3334;1.75899;1.23265;
28.9816;0.160137;-18.136;1.9733;1.48982;
28.9948;0.131671;-17.9344;2.01658;1.50559;
28.9975;0.0273098;-17.7653;1.69049;1.55464;
29.0029;0.0532024;-17.5589;2.06384;1.54502;
28.9982;-0.0461573;-17.3567;2.02195;1.59362;
29.0112;0.129564;-17.1599;1.96799;1.50506;
29.0571;0.459362;-16.9065;2.53443;1.39149;
29.0849;0.278153;-16.7536;1.52951;1.3909;
29.0851;0.0011545;-16.5177;2.35804;1.57031;
29.087;0.0190184;-16.2924;2.25388;1.56236;
29.0741;-0.128771;-16.0788;2.1356;1.63102;
29.112;0.378952;-15.8423;2.36468;1.41189;
29.1438;0.318294;-15.6452;1.97101;1.41069;
29.1823;0.38456;-15.3889;2.56353;1.42189;
29.2606;0.783265;-15.162;2.26871;1.23836;
29.3281;0.674906;-14.9725;1.89524;1.22869;
29.4158;0.877385;-14.808;1.64477;1.08076;
29.4939;0.781134;-14.6174;1.90626;1.18189;
29.5821;0.881195;-14.4079;2.0953;1.17269;
29.6152;0.331391;-14.2098;1.98024;1.40498;
29.6612;0.460539;-14.0096;2.00184;1.34467;
29.7252;0.639287;-13.7689;2.40711;1.31121;
29.7163;-0.0890958;-13.5611;2.07814;1.61364;
29.7029;-0.133995;-13.3672;1.93922;1.63978;
29.7441;0.412341;-13.1584;2.08829;1.37585;
29.779;0.348835;-12.9128;2.45536;1.42967;
29.7997;0.206766;-12.6893;2.23494;1.47854;
29.8162;0.165227;-12.4788;2.10572;1.49249;
29.8496;0.334459;-12.2923;1.86424;1.39328;
29.9199;0.703019;-12.0933;1.99061;1.2313;

-29.9991;0.809627;-11.937;1.56245;1.09271;
-29.9207;0.784379;-11.7308;2.06237;1.20736;
-29.8212;0.994308;-11.5455;1.85349;1.07841;
-29.7598;0.614512;-11.3779;1.67547;1.21926;
-29.7068;0.529553;-11.175;2.02861;1.31545;
-29.6379;0.688874;-11.0141;1.60953;1.16639;
-29.6114;0.264988;-10.8256;1.88502;1.43114;
-29.548;0.634183;-10.6829;1.42708;1.15262;
-29.477;0.710776;-10.5073;1.75585;1.18616;
-29.4265;0.504616;-10.3068;2.00541;1.32429;
-29.3297;0.968085;-10.0884;2.184;1.15356;
-29.2748;0.548894;-9.90295;1.85399;1.28296;
-29.2568;0.179482;-9.67244;2.30517;1.49309;
-29.1472;1.09639;-9.4903;1.8214;1.02894;
-29.0612;0.860195;-9.31896;1.71337;1.10551;
-29.0108;0.503462;-9.14348;1.75474;1.29139;
-28.9128;0.980265;-8.95821;1.85271;1.08414;
-28.7687;1.4415;-8.82351;1.34702;0.751528;
-28.6531;1.1557;-8.64153;1.81984;1.005;
-28.5874;0.657329;-8.49533;1.46195;1.14825;
-28.4356;1.51715;-8.342;1.53333;0.790701;
-28.2895;1.46165;-8.19724;1.44764;0.780583;
-28.1387;1.5082;-8.04849;1.4875;0.778492;
-27.9358;2.02821;-7.9176;1.30887;0.573088;
-27.7965;1.39374;-7.87156;0.460437;0.319072;
-27.6184;1.78055;-7.76052;1.11039;0.557607;
-27.5126;1.05851;-7.67447;0.860474;0.682565;
-27.2761;2.36503;-7.60058;0.738887;0.302814;
-27.1056;1.70444;-7.55466;0.459236;0.263185;
-26.9128;1.92856;-7.50418;0.504775;0.255993;
-26.7788;1.33954;-7.45026;0.539241;0.382708;
-26.513;2.6579;-7.39971;0.505455;0.187927;
-26.3451;1.67958;-7.33174;0.67965;0.384513;
-26.0915;2.53531;-7.35675;-0.250094;-0.098326;
-25.8879;2.03589;-7.38437;-0.276138;-0.134812;
-25.691;1.96915;-7.45139;-0.670182;-0.328044;
-25.5012;1.89851;-7.5158;-0.644165;-0.327111;
-25.3408;1.60377;-7.59414;-0.783358;-0.454365;
-25.1754;1.65356;-7.62336;-0.292233;-0.174923;
-24.9517;2.23746;-7.70295;-0.79591;-0.341762;
-24.7325;2.19211;-7.74948;-0.465265;-0.209141;
-24.5624;1.70036;-7.8009;-0.514176;-0.29365;
-24.3927;1.69778;-7.80429;-0.0339655;-0.0200032;
-24.196;1.96677;-7.87366;-0.693659;-0.339068;
-24.0311;1.64934;-7.93875;-0.65096;-0.375912;
-23.8305;2.00563;-8.04145;-1.02696;-0.473231;
-23.6354;1.9512;-8.09809;-0.56644;-0.282537;
-23.429;2.06374;-8.13442;-0.363304;-0.174256;
-23.2104;2.18607;-8.16397;-0.295424;-0.134326;
-23.0296;1.80761;-8.18976;-0.257945;-0.141743;
-22.8264;2.03256;-8.19611;-0.0634976;-0.03123;
-22.6251;2.01244;-8.21354;-0.174234;-0.0863631;
-22.3545;2.70667;-8.22592;-0.12389;-0.0457404;
-22.1633;1.91193;-8.14487;0.810516;0.40096;
-21.9781;1.85181;-8.08484;0.600362;0.313511;
-21.7761;2.02008;-8.06032;0.245181;0.120781;
-21.5784;1.97686;-8.02543;0.348912;0.174698;
-21.3587;2.197;-7.96802;0.574096;0.255594;
-21.1837;1.74941;-7.92084;0.471766;0.263405;
-20.9754;2.08344;-7.94381;-0.229677;-0.109796;
-20.7678;2.07637;-7.91204;0.317691;0.151826;
-20.5761;1.91667;-7.88287;0.291708;0.151036;
-20.3785;1.97647;-7.89311;-0.102409;-0.0517677;
-20.203;1.75497;-7.90566;-0.125553;-0.0714196;
-19.938;2.64947;-7.88909;0.165764;0.0624835;
-19.7339;2.04145;-7.87209;0.170026;0.0830952;
-19.5343;1.99543;-7.82536;0.46728;0.23003;
-19.3296;2.04719;-7.81956;0.057974;0.0283113;
-19.1143;2.15306;-7.82302;-0.0345542;-0.0160475;
-18.9277;1.86549;-7.83608;-0.130671;-0.0699325;
-18.6969;2.30813;-7.83085;0.0522863;0.0226492;
-18.4709;2.26081;-7.81502;0.158348;0.0699262;
-18.27;2.00887;-7.78201;0.330074;0.162853;
-18.1196;1.50377;-7.71918;0.628301;0.39577;
-17.9495;1.70042;-7.65188;0.673046;0.376891;
-17.7846;1.64958;-7.56603;0.858491;0.479856;
-17.6171;1.67497;-7.52137;0.446589;0.260563;
-17.4186;1.98497;-7.44672;0.746538;0.359731;
-17.2339;1.8471;-7.30691;1.3981;0.647915;
-17.0628;1.71071;-7.1977;1.09206;0.568152;
-16.8992;1.63632;-7.07808;1.19619;0.631243;
-16.7569;1.42238;-6.95579;1.2229;0.710131;
-16.6275;1.29416;-6.81448;1.41311;0.829309;
-16.4928;1.34736;-6.6581;1.56378;0.859604;
-16.3777;1.15084;-6.49439;1.6371;0.958075;
-16.285;0.926932;-6.33019;1.64204;1.05689;
-16.222;0.629732;-6.13267;1.97518;1.26216;
-16.1095;1.12524;-5.96867;1.63995;0.969433;
-16.0398;0.69724;-5.78293;1.8574;1.21169;
-15.9458;0.939542;-5.59331;1.89626;1.11078;
-15.8698;0.760768;-5.38124;2.12066;1.22636;
-15.7708;0.990009;-5.21369;1.67552;1.03712;
-15.7239;0.468378;-5.00669;2.07003;1.34828;
-15.7193;0.0464814;-4.79438;2.12303;1.54891;
-15.7264;-0.0714877;-4.56078;2.33606;1.60139;
-15.6795;0.469314;-4.38717;1.7361;1.30678;
-15.6446;0.348676;-4.23766;1.49504;1.34167;
-15.5823;0.623058;-4.05408;1.83588;1.24361;
-15.5323;0.500579;-3.86347;1.9061;1.31398;
-15.5114;0.208254;-3.7005;1.62962;1.44369;
-15.4785;0.329567;-3.49626;2.04247;1.41082;
-15.4425;0.35953;-3.26927;2.26985;1.41371;
-15.4717;-0.291836;-3.05318;2.16092;1.70504;
-15.4976;-0.259134;-2.86396;1.8922;1.7069;
-15.5034;-0.0578782;-2.65378;2.10181;1.59833;
-15.5204;-0.17035;-2.42096;2.32821;1.64383;
-15.5352;-0.147559;-2.24598;1.74981;1.65493;
-15.5517;-0.165422;-2.04631;1.9967;1.65346;
-15.5822;-0.304371;-1.80716;2.39147;1.69739;
-15.609;-0.268469;-1.58046;2.26701;1.68867;
-15.6167;-0.0764441;-1.33773;2.42732;1.60228;
-15.6958;-0.790871;-1.13108;2.06647;1.93631;
-15.7918;-0.960756;-0.969528;1.61551;2.10732;
-15.8406;-0.487516;-0.760991;2.08537;1.80045;
-15.8998;-0.592403;-0.581407;1.79584;1.88943;
-15.9106;-0.107438;-0.347118;2.34289;1.61662;
-15.9478;-0.372766;-0.164968;1.8215;1.77266;
-15.9958;-0.479434;0.010288;1.75256;1.83782;
-16.0613;-0.654729;0.214948;2.0466;1.88042;
-16.1825;-1.21222;0.379783;1.64835;2.2049;
-16.2488;-0.663456;0.57856;1.98777;1.89294;
-16.2549;-0.0606328;0.753999;1.7544;1.60534;
-16.3036;-0.486809;0.949299;1.953;1.81508;
-16.3104;-0.0684983;1.15028;2.00982;1.60486;
-16.3532;-0.42772;1.38589;2.3561;1.75038;
-16.4232;-0.699704;1.50088;1.14987;2.11745;
-16.4955;-0.723212;1.69723;1.96354;1.9237;
-16.5049;-0.0943233;1.91009;2.12855;1.61508;
-16.4709;0.340015;2.11009;2.00004;1.4024;
-16.4038;0.671238;2.31868;2.08587;1.25946;
-16.3524;0.513717;2.526;2.07327;1.32791;
-16.2956;0.56796;2.72825;2.02241;1.29702;
-16.2741;0.215033;2.9099;1.81655;1.45297;
-16.2638;0.102937;3.13346;2.23558;1.52478;
-16.2806;-0.167588;3.33405;2.0059;1.65415;
-16.2998;-0.191891;3.52319;1.8914;1.6719;
-16.3309;-0.311487;3.72172;1.98535;1.72642;
-16.3428;-0.119198;3.91545;1.93722;1.63225;
-16.3342;0.0860934;4.0577;1.42257;1.51035;
-16.3927;-0.584126;4.26978;2.12075;1.83957;
-16.4937;-1.01006;4.46343;1.93646;2.05158;
-16.5941;-1.00485;4.64708;1.8365;2.07145;
-16.6689;-0.747656;4.8314;1.84328;1.95613;
-16.7629;-0.939642;4.99957;1.68168;2.08034;
-16.8523;-0.894396;5.19056;1.90989;2.00876;
-16.9795;-1.27163;5.34437;1.53812;2.26163;
-17.1243;-1.44839;5.48828;1.43909;2.35942;
-17.2136;-0.893097;5.69294;2.04661;1.98226;
-17.3104;-0.967772;5.91205;2.19109;1.98671;
-17.4303;-1.19874;6.0471;1.35043;2.29676;
-17.5629;-1.32583;6.25263;2.05535;2.14369;
-17.6695;-1.06653;6.43985;1.87222;2.08861;
-17.7659;-0.963761;6.6271;1.87246;2.04614;
-17.862;-0.961407;6.82817;2.01069;2.01681;
-17.9177;-0.55676;7.01324;1.85074;1.86302;
-18.0062;-0.88451;7.20065;1.87407;2.01177;
-18.0512;-0.45067;7.34242;1.41766;1.87859;
-18.1449;-0.936704;7.53718;1.94767;2.01908;
-18.1742;-0.29264;7.72087;1.83683;1.72879;
-18.2359;-0.617512;7.91553;1.9466;1.87798;
-18.325;-0.891109;8.09708;1.81559;2.02707;
-18.3853;-0.603227;8.26633;1.69246;1.91318;
-18.4531;-0.677257;8.45329;1.86956;1.91835;
-18.5562;-1.03096;8.6513;1.98017;2.05082;
-18.5899;-0.337539;8.77443;1.23123;1.83837;
-18.6685;-0.785615;8.93265;1.58225;2.03165;
-18.7656;-0.971102;9.07833;1.45682;2.15875;
-18.8797;-1.14136;9.2851;2.0677;2.07517;
-18.9865;-1.06799;9.51801;2.32903;2.00074;
-19.0651;-0.786099;9.71411;1.96103;1.95204;
-19.1314;-0.662566;9.91555;2.01442;1.88856;
-19.2502;-1.18825;10.1088;1.93283;2.12201;
-19.289;-0.387495;10.3599;2.51092;1.72391;
-19.3182;-0.292336;10.5767;2.16806;1.70483;
-19.338;-0.198451;10.7826;2.05829;1.66691;
-19.4108;-0.727438;10.9482;1.65631;1.98463;
-19.3908;0.200013;11.1949;2.46754;1.48992;
-19.4117;-0.209568;11.3921;1.97174;1.67669;
-19.4426;-0.308995;11.5955;2.03428;1.72154;
-19.4727;-0.300388;11.7934;1.97872;1.72146;
-19.5166;-0.439175;12.0269;2.33444;1.75675;
-19.5165;0.0012235;12.2242;1.97305;1.57018;
-19.5178;-0.0132257;12.4088;1.84635;1.57796;
-19.4951;0.226916;12.6101;2.01311;1.45855;
-19.4179;0.772477;12.8084;1.98284;1.1993;
-19.406;0.11812;13.0519;2.4347;1.52232;
-19.3534;0.526063;13.2362;1.84329;1.29279;
-19.282;0.714477;13.465;2.28813;1.26814;
-19.2085;0.734458;13.6197;1.54695;1.12753;
-19.09;1.18569;13.8362;2.16471;1.06969;
-19.0165;0.734897;13.9747;1.38528;1.08304;
-18.8958;1.20647;14.1077;1.33012;0.834108;
-18.775;1.20836;14.3091;2.01421;1.03044;
-18.652;1.22969;14.4685;1.5941;0.913736;
-18.5301;1.21982;14.6161;1.4756;0.88001;
-18.3844;1.45617;14.766;1.49943;0.800031;
-18.2652;1.19227;14.9239;1.57841;0.923873;
-18.1424;1.22773;15.1165;1.92567;1.00322;
-18.0851;0.572873;15.295;1.78527;1.26029;
-18.0302;0.549495;15.4883;1.93285;1.29381;
-17.9661;0.640877;15.6852;1.96894;1.25612;
-17.9035;0.62596;15.8721;1.86947;1.2477;
-17.7994;1.04106;16.0349;1.62792;1.00184;
-17.687;1.12419;16.2178;1.82918;1.01972;
-17.5412;1.4579;16.3162;0.984005;0.593712;
-17.4214;1.19848;16.4476;1.31335;0.831099;
-17.3289;0.924612;16.6336;1.86027;1.10953;
-17.2391;0.897855;16.8086;1.75013;1.09679;
-17.1383;1.00846;16.9729;1.64297;1.02029;
-16.9997;1.38565;17.1736;2.00706;0.966551;
-16.9343;0.654442;17.3404;1.6685;1.197;
-16.8182;1.1609;17.5085;1.68096;0.966395;
-16.7041;1.14085;17.6562;1.47647;0.912934;
-16.5451;1.59023;17.7895;1.33339;0.697774;
-16.3904;1.54694;17.8995;1.0992;0.61778;
-16.2296;1.60774;17.994;0.945207;0.531483;
-16.1013;1.28266;18.1183;1.24355;0.769921;
-15.9259;1.75438;18.2264;1.08068;0.552093;
-15.7639;1.62016;18.3164;0.900199;0.507149;
-15.6184;1.45432;18.4224;1.05974;0.629716;
-15.4305;1.8798;18.5401;1.17686;0.55936;
-15.2619;1.68603;18.6082;0.681366;0.384056;
-15.0814;1.80491;18.7058;0.97566;0.495565;
-14.9195;1.61814;18.7721;0.66308;0.388909;
-14.7327;1.86851;18.8441;0.720343;0.367959;
-14.513;2.19711;18.9211;0.769679;0.336955;
-14.3308;1.82153;19.1224;2.01282;0.835245;
-14.1376;1.93195;19.2483;1.25938;0.577687;
-13.9412;1.96394;19.2921;0.438405;0.219626;
-13.7037;2.37506;19.3253;0.331138;0.13853;
-13.5104;1.93353;19.3698;0.44518;0.226298;
-13.333;1.77334;19.4243;0.545155;0.298248;
-13.1703;1.62725;19.4935;0.69242;0.402306;
-12.9973;1.73006;19.5818;0.882513;0.471699;
-12.8067;1.90598;19.6815;0.997376;0.482103;
-12.6637;1.42979;19.822;1.40521;0.776728;
-12.5374;1.26313;19.9817;1.59608;0.901326;
-12.3253;2.12095;20.1371;1.55436;0.632442;
-12.1321;1.93249;20.1948;0.577481;0.29038;
-12.0106;1.21462;20.2292;0.343981;0.275974;
-11.8203;1.90282;20.2836;0.543841;0.278386;
-11.6957;1.24627;20.3312;0.475925;0.364788;
-11.53;1.65675;20.4119;0.806533;0.453046;
-11.349;1.81064;20.4902;0.783631;0.408452;
-11.1711;1.77829;20.5662;0.760175;0.403965;
-11.0044;1.66765;20.6432;0.769652;0.432393;
-10.8299;1.74527;20.6849;0.417298;0.234696;
-10.6136;2.16248;20.7276;0.426158;0.194575;
-10.4439;1.69752;20.7309;0.0338847;0.0199587;
-10.2433;2.00589;20.7133;-0.176834;-0.0879303;
-10.0885;1.54769;20.7051;-0.0812313;-0.0524375;
-9.87098;2.17511;20.6871;-0.180734;-0.0829016;
-9.67683;1.94149;20.699;0.118876;0.061153;
-9.43683;2.40005;20.748;0.490011;0.201399;
-9.20468;2.32149;20.7483;0.00311703;0.00134269;
-8.99929;2.05394;20.7431;-0.0517515;-0.0251909;
-8.78815;2.11138;20.7432;0.00136739;0.000647625;
-8.65985;1.28301;20.6685;-0.747364;-0.52746;
-8.58459;0.752582;20.5797;-0.887764;-0.867623;
-8.43808;1.46505;20.4434;-1.36324;-0.749416;
-8.30268;1.35401;20.3294;-1.13959;-0.69962;
-8.15077;1.51914;20.1833;-1.46155;-0.766078;
-7.99713;1.53642;20.0695;-1.13797;-0.637501;
-7.81135;1.8578;20.0191;-0.504257;-0.265041;
-7.64821;1.63137;19.9287;-0.90308;-0.505582;
-7.47018;1.78035;19.8198;-1.08969;-0.549244;
-7.28099;1.89187;19.7309;-0.888443;-0.439042;
-7.10728;1.73708;19.6462;-0.847193;-0.453768;
-6.89933;2.07946;19.5932;-0.529844;-0.24949;
-6.67152;2.27817;19.5371;-0.560948;-0.241425;
-6.46905;2.02466;19.453;-0.841531;-0.393916;
-6.27273;1.96317;19.3889;-0.640351;-0.315301;
-6.08498;1.87751;19.378;-0.109144;-0.0580668;
-5.84511;2.39876;19.3219;-0.56108;-0.229773;
-5.66964;1.75469;19.2723;-0.496252;-0.275616;
-5.47404;1.95595;19.2515;-0.207765;-0.105825;
-5.30938;1.64661;19.2132;-0.383137;-0.228615;
-5.1173;1.92081;19.2168;0.0355987;0.0185311;
-4.91175;2.05548;19.2365;0.197003;0.0955507;
-4.70808;2.03669;19.3099;0.734576;0.34615;
-4.54262;1.65463;19.4345;1.24547;0.645238;
-4.40224;1.40384;19.5568;1.22367;0.716935;
-4.24187;1.60363;19.6811;1.24279;0.659302;
-4.09157;1.50303;19.7453;0.641964;0.403658;
-3.90586;1.85713;19.8477;1.02339;0.503657;
-3.7181;1.87762;19.9964;1.48791;0.670118;
-3.56724;1.50852;20.1033;1.06867;0.616356;
-3.40938;1.5786;20.2657;1.62368;0.799474;
-3.27303;1.36351;20.4246;1.58881;0.861563;
-3.13003;1.43;20.5748;1.50221;0.810021;
-2.98603;1.44002;20.7379;1.63117;0.847558;
-2.86918;1.16846;20.8785;1.4056;0.877263;
-2.74526;1.23924;21.0377;1.59251;0.90951;
-2.61801;1.27248;21.198;1.60243;0.899668;
-2.48254;1.35474;21.405;2.06998;0.991286;
-2.31767;1.64869;21.603;1.98042;0.876553;
-2.14443;1.73244;21.7606;1.57574;0.738066;
-2.01395;1.30476;21.9014;1.40848;0.823606;
-1.81715;1.96801;22.0902;1.88749;0.764518;
-1.66387;1.53279;22.2383;1.48167;0.768441;
-1.49091;1.72955;22.3963;1.57948;0.74008;
-1.38031;1.10603;22.5171;1.20856;0.829668;
-1.28466;0.956507;22.738;2.20876;1.16213;
-1.13778;1.46878;22.9266;1.88586;0.909093;
-0.985171;1.52612;23.0666;1.40005;0.742342;
-0.80698;1.78192;23.1767;1.10073;0.55335;
-0.628288;1.78691;23.2545;0.778647;0.41094;
-0.461138;1.6715;23.3198;0.652305;0.372074;
-0.274361;1.86777;23.3892;0.694423;0.355956;
-0.0913203;1.83041;23.4954;1.06223;0.525827;
0.0875389;1.78859;23.6138;1.18385;0.584688;
0.262041;1.74502;23.737;1.23201;0.614749;
0.476577;2.14536;23.8822;1.45199;0.594987;
0.627508;1.50931;23.9986;1.16416;0.657006;
0.787072;1.59564;24.094;0.954037;0.538876;
0.957682;1.70609;24.1898;0.95727;0.511317;
1.13146;1.73777;24.2878;0.980529;0.513716;
1.30438;1.72923;24.3688;0.809652;0.437897;
1.46442;1.60035;24.4551;0.863194;0.494651;
1.65603;1.91611;24.568;1.1286;0.532298;
1.82551;1.69481;24.6738;1.05854;0.558296;
2.00232;1.76807;24.7575;0.836448;0.441885;
2.17882;1.76501;24.8708;1.13372;0.570967;
2.32843;1.49611;24.965;0.941899;0.561875;
2.50481;1.76386;25.0893;1.24289;0.613835;
2.63405;1.29241;25.1877;0.98391;0.650693;
2.76459;1.30536;25.2679;0.801997;0.55093;
2.92676;1.6217;25.3781;1.10154;0.596665;
3.10414;1.77382;25.5428;1.6473;0.748434;
3.23678;1.32642;25.6487;1.05903;0.673774;
3.39323;1.5645;25.6697;0.210253;0.133589;
3.59131;1.98079;25.7416;0.718769;0.348094;
3.856;2.64687;25.8205;0.788589;0.28956;
4.01928;1.63282;25.9365;1.16062;0.61794;
4.15145;1.32168;26.0961;1.59582;0.879087;
4.23459;0.831422;26.2764;1.80306;1.13874;
4.30256;0.67967;26.4477;1.71253;1.19298;
4.39834;0.957785;26.6266;1.78906;1.07927;
4.4761;0.777585;26.7945;1.67974;1.13725;
4.56367;0.875736;27.0226;2.28081;1.2042;
4.61063;0.469557;27.2718;2.49141;1.38451;
4.62839;0.17766;27.4752;2.03465;1.4837;
4.65489;0.265015;27.7;2.24741;1.45342;
4.69649;0.41598;27.8961;1.96172;1.36184;
4.73509;0.386021;28.1059;2.09754;1.3888;
4.78977;0.546749;28.2965;1.90653;1.29151;
4.87231;0.825435;28.4702;1.73617;1.12699;
5.01114;1.38828;28.6127;1.42532;0.798562;
5.17262;1.61479;28.7747;1.61995;0.786993;
5.29165;1.19027;28.9816;2.06941;1.04883;
5.3789;0.872563;29.1805;1.98876;1.15734;
5.49537;1.16465;29.344;1.63497;0.951836;
5.56881;0.734437;29.4459;1.01931;0.94643;
5.70584;1.37027;29.6058;1.5989;0.862246;
5.84142;1.35585;29.7603;1.54474;0.850429;
5.97865;1.3723;29.9467;1.86366;0.936089;

6.12907;1.50419;-29.8972;1.56159;0.80412;
6.29254;1.63465;-29.7502;1.46974;0.732326;
6.42749;1.34953;-29.5958;1.54395;0.852488;
6.51236;0.848646;-29.4272;1.68628;1.10454;
6.61389;1.01538;-29.2237;2.03457;1.1079;
6.71449;1.00592;-29.0486;1.75081;1.0493;
6.80933;0.948402;-28.8847;1.63953;1.04637;
6.95711;1.47786;-28.735;1.49731;0.791937;
7.12773;1.7062;-28.6243;1.10667;0.575403;
7.30374;1.76006;-28.5215;1.02773;0.528511;
7.50105;1.97308;-28.4614;0.601208;0.295768;
7.6809;1.79859;-28.417;0.444085;0.242066;
7.84622;1.65312;-28.368;0.489523;0.287893;
8.01754;1.71326;-28.3387;0.293638;0.169742;
8.23316;2.15622;-28.2356;1.03048;0.445821;
8.39971;1.66541;-28.1492;0.863907;0.478523;
8.5703;1.70593;-28.0447;1.04532;0.549747;
8.75992;1.89622;-27.9408;1.0386;0.501092;
8.9187;1.58775;-27.8101;1.30753;0.688911;
9.05386;1.35169;-27.6673;1.42765;0.812719;
9.18467;1.30802;-27.5407;1.26626;0.76918;
9.29614;1.11469;-27.3887;1.51991;0.938007;
9.3989;1.02761;-27.2455;1.43203;0.948364;
9.5584;1.59505;-27.0411;2.04394;0.908135;
9.6846;1.26203;-26.8788;1.62355;0.910032;
9.75146;0.668565;-26.7303;1.48464;1.14768;
9.86546;1.13994;-26.5798;1.50514;0.922599;
9.97701;1.11552;-26.3914;1.88368;1.03613;
10.0948;1.1784;-26.2222;1.69245;0.96258;
10.2103;1.15436;-26.0495;1.72643;0.98143;
10.3175;1.0721;-25.8813;1.68244;1.00345;
10.4753;1.57819;-25.7552;1.26062;0.673992;
10.5765;1.01166;-25.5999;1.5534;0.993537;
10.7051;1.28622;-25.3715;2.28353;1.05783;
10.7899;0.847985;-25.1965;1.74983;1.11954;
10.8719;0.819718;-25.019;1.775;1.13816;
10.9311;0.592725;-24.7921;2.26972;1.31536;
11.0127;0.815884;-24.6029;1.8916;1.16358;
11.1223;1.0957;-24.4283;1.74592;1.01035;
11.2041;0.817937;-24.297;1.31295;1.01365;
11.3137;1.09649;-24.1344;1.6261;0.977525;
11.4341;1.20321;-23.9741;1.60286;0.92687;
11.5522;1.18162;-23.8265;1.47612;0.895754;
11.7037;1.51477;-23.6674;1.59102;0.809943;
11.8282;1.24531;-23.5177;1.49681;0.876861;
11.9591;1.30911;-23.384;1.33687;0.79589;
12.0761;1.16991;-23.3003;0.83731;0.621188;
12.2218;1.4569;-23.1617;1.38656;0.760666;
12.3497;1.27858;-23.0552;1.06468;0.694368;
12.4688;1.19093;-22.9576;0.975434;0.686251;
12.6242;1.5542;-22.801;1.56642;0.789312;
12.7636;1.39443;-22.6566;1.44416;0.802914;
12.9384;1.74793;-22.5203;1.36259;0.662143;
13.0859;1.47507;-22.3617;1.58653;0.821788;
13.1927;1.06741;-22.189;1.7272;1.01725;
13.2498;0.571338;-22.0311;1.57822;1.22346;
13.2844;0.346036;-21.8201;2.10997;1.40824;
13.3592;0.747938;-21.6282;1.91965;1.19927;
13.4474;0.881896;-21.4221;2.06066;1.16641;
13.5581;1.10654;-21.2345;1.8765;1.038;
13.647;0.8896;-21.0215;2.12904;1.175;
13.7777;1.30679;-20.8675;1.54028;0.867228;
13.9357;1.57993;-20.7345;1.33032;0.699839;
14.0535;1.1778;-20.6136;1.2091;0.798509;
14.2064;1.52947;-20.4765;1.37052;0.730642;
14.3089;1.02493;-20.3242;1.52282;0.978391;
14.4358;1.2693;-20.1684;1.55808;0.887184;
14.5517;1.15817;-19.9825;1.85945;1.01374;
14.7236;1.71937;-19.8378;1.44706;0.699609;
14.8425;1.18946;-19.652;1.85787;1.00132;
14.9665;1.23956;-19.4946;1.57436;0.903823;
15.0958;1.2929;-19.3295;1.65018;0.906202;
15.2311;1.353;-19.1854;1.44174;0.817141;
15.3239;0.928393;-19.0489;1.36495;0.973505;
15.4309;1.06987;-18.9055;1.43373;0.929724;
15.5887;1.5775;-18.7776;1.27947;0.681459;
15.7291;1.40392;-18.6373;1.4021;0.784749;
15.8555;1.26471;-18.5087;1.28638;0.79389;
15.9792;1.23719;-18.3453;1.63422;0.922796;
16.0712;0.919651;-18.1597;1.85623;1.1108;
16.1603;0.8909;-17.975;1.84611;1.12118;
16.2366;0.763467;-17.7853;1.89788;1.18833;
16.3465;1.09877;-17.5934;1.9187;1.05072;
16.4223;0.757319;-17.4021;1.91263;1.19378;
16.4542;0.31932;-17.2419;1.6019;1.37404;
16.5481;0.93863;-17.0763;1.65684;1.05536;
16.5989;0.508341;-16.8576;2.18631;1.34234;
16.5574;-0.415326;-16.6715;1.86077;1.7904;
16.5394;-0.179775;-16.4705;2.00999;1.66;
16.5445;0.0507703;-16.2774;1.93117;1.54451;
16.5884;0.439107;-16.0761;2.01334;1.35606;
16.5631;-0.252278;-15.8734;2.02711;1.69461;
16.5624;-0.00771925;-15.618;2.55427;1.57382;
16.4896;-0.727444;-15.4217;1.96271;1.92573;
16.5155;0.2591;-15.2488;1.72898;1.42205;
16.5352;0.196512;-15.0541;1.9465;1.47018;
16.56;0.247717;-14.8586;1.9557;1.4448;
16.5944;0.344169;-14.6714;1.87206;1.38898;
16.6112;0.168659;-14.4638;2.07531;1.48971;
16.6438;0.32594;-14.2908;1.73083;1.38466;
16.6559;0.120563;-14.1346;1.56142;1.49374;
16.6504;-0.0552955;-13.9341;2.0046;1.59837;
16.6641;0.137928;-13.7305;2.03625;1.50316;
16.684;0.198971;-13.5237;2.06801;1.47488;
16.655;-0.290414;-13.3142;2.09476;1.70856;
16.6698;0.147602;-13.1143;1.99919;1.4971;
16.6665;-0.0329564;-12.9059;2.08463;1.5866;
16.6432;-0.232479;-12.711;1.94814;1.68957;
16.6473;0.0408801;-12.51;2.01079;1.55047;
16.6293;-0.18038;-12.3102;1.99753;1.66085;
16.6315;0.0226638;-12.1139;1.96305;1.55925;
16.5806;-0.509438;-11.9278;1.86121;1.83797;
16.5829;0.0226338;-11.714;2.13807;1.56021;
16.5747;-0.0817594;-11.5632;1.50793;1.62496;
16.5386;-0.360752;-11.3808;1.82367;1.76609;
16.5105;-0.280667;-11.2319;1.48944;1.75705;
16.4892;-0.213105;-11.0287;2.03217;1.67528;
16.4468;-0.424355;-10.8119;2.16753;1.76413;
16.4531;0.0633267;-10.5879;2.24046;1.54254;
16.4185;-0.345989;-10.3866;2.01269;1.74104;
16.3532;-0.653286;-10.2363;1.50288;1.98085;
16.3356;-0.175734;-10.0323;2.04003;1.65673;
16.3013;-0.343377;-9.83042;2.01887;1.73927;
16.2875;-0.137819;-9.64378;1.86642;1.6445;
16.2823;-0.0516467;-9.43712;2.06655;1.59578;
16.2323;-0.500758;-9.26799;1.69137;1.85864;
16.2519;0.196808;-9.01847;2.49519;1.49208;
16.2226;-0.29335;-8.82218;1.96285;1.71915;
16.1452;-0.774406;-8.62182;2.00364;1.93961;
16.0082;-1.36964;-8.35273;2.69088;2.04161;
15.9401;-0.680569;-8.1573;1.95426;1.90591;
15.9155;-0.246797;-7.97746;1.79846;1.70717;
15.8099;-1.05608;-7.80133;1.76133;2.11092;
15.7091;-1.00797;-7.59398;2.07346;2.02329;
15.6379;-0.711716;-7.4138;1.80183;1.94698;
15.5529;-0.849956;-7.24049;1.73309;2.02676;
15.4975;-0.553545;-7.06576;1.7473;1.87759;
15.4083;-0.892006;-6.96925;0.96509;2.31686;
15.3379;-0.704527;-6.82972;1.39534;2.03837;
15.2767;-0.61225;-6.6277;2.0202;1.86506;
15.2101;-0.66594;-6.4322;1.95492;1.89912;
15.1552;-0.548895;-6.2754;1.56801;1.90752;
15.0912;-0.639697;-6.08176;1.93642;1.88986;
15.0189;-0.722805;-5.93151;1.50253;2.01918;
14.9591;-0.598168;-5.70736;2.24147;1.83158;
14.8842;-0.74947;-5.54777;1.59593;2.00984;
14.8076;-0.765796;-5.36952;1.78243;1.97659;
14.7819;-0.25667;-5.17443;1.95099;1.7016;
14.7023;-0.796389;-4.97088;2.03549;1.94374;
14.6036;-0.986997;-4.78518;1.85695;2.05934;
14.5251;-0.784425;-4.59322;1.91957;1.95873;
14.4347;-0.904313;-4.41469;1.78533;2.03965;
14.3052;-1.29462;-4.20498;2.09711;2.12387;
14.2218;-0.83479;-4.02134;1.83643;1.99745;
14.1472;-0.745613;-3.84803;1.73302;1.9771;
14.0848;-0.624204;-3.68338;1.64649;1.93317;
14.0204;-0.643984;-3.58434;0.9904;2.14733;
13.953;-0.673861;-3.40617;1.78173;1.93238;
13.8821;-0.70944;-3.20213;2.04038;1.90542;
13.799;-0.830217;-3.01912;1.83012;1.99667;
13.7972;-0.0187802;-2.85369;1.65436;1.58215;
13.7057;-0.91417;-2.65794;1.95748;2.00771;
13.5961;-1.09672;-2.47063;1.87312;2.10049;
13.4918;-1.04242;-2.30435;1.66272;2.13079;
13.361;-1.30843;-2.14716;1.57194;2.26496;
13.2434;-1.17564;-1.99198;1.55179;2.21914;
13.1027;-1.40713;-1.79869;1.93291;2.20006;
12.9776;-1.25111;-1.57856;2.20124;2.08763;
12.8037;-1.73925;-1.39884;1.79728;2.33979;
12.6569;-1.46793;-1.29264;1.06198;2.5153;
12.5449;-1.11965;-1.15638;1.36262;2.25863;
12.504;-0.409473;-0.997473;1.58903;1.823;
12.333;-1.70961;-0.837249;1.60225;2.3886;
12.1838;-1.49194;-0.730243;1.07006;2.5194;
12.0333;-1.50543;-0.596129;1.34114;2.41384;
11.9465;-0.867568;-0.4598;1.36328;2.13754;
11.7708;-1.75738;-0.36199;0.978104;2.63372;
11.5903;-1.80468;-0.19049;1.715;2.38167;
11.4124;-1.77884;-0.00813762;1.82352;2.34379;
11.2985;-1.13924;0.106284;1.14421;2.35402;
11.1897;-1.08757;0.240939;1.34655;2.2502;
10.9995;-1.9019;0.359375;1.18436;2.58463;
10.861;-1.38557;0.506883;1.47508;2.32491;
10.6938;-1.67184;0.605516;0.986328;2.60859;
10.5477;-1.46101;0.743217;1.37701;2.38578;
10.3733;-1.74445;0.848049;1.04832;2.60048;
10.2051;-1.6819;0.997365;1.49316;2.41557;
10.0485;-1.56616;1.13302;1.35654;2.42779;
9.858;-1.9045;1.29022;1.57199;2.45155;
9.68187;-1.76138;1.38197;0.917544;2.66135;
9.52264;-1.59226;1.55689;1.7492;2.30926;
9.37393;-1.48707;1.66087;1.03973;2.53141;
9.1522;-2.21736;1.71105;0.501805;2.91903;
8.97489;-1.77309;1.81771;1.06661;2.60003;
8.79832;-1.76573;1.96124;1.43533;2.45905;
8.61736;-1.80956;2.04388;0.826362;2.71321;
8.45366;-1.63703;2.11353;0.696537;2.73931;
8.24583;-2.07825;2.19667;0.831404;2.76104;
8.13679;-1.09038;2.32281;1.26144;2.28359;
7.92987;-2.06923;2.42607;1.03256;2.67874;
7.74475;-1.85117;2.49837;0.723005;2.76924;
7.54583;-1.98921;2.5836;0.852321;2.73678;
7.34893;-1.969;2.66673;0.831254;2.74212;
7.18568;-1.63248;2.7303;0.635685;2.77026;
7.00959;-1.76094;2.84005;1.09756;2.58423;
6.84225;-1.67345;2.95477;1.14716;2.54066;
6.67416;-1.6809;3.07576;1.20992;2.5177;
6.50874;-1.65411;3.19112;1.15364;2.53259;
6.34849;-1.60256;3.34098;1.49854;2.38972;
6.19755;-1.50937;3.45978;1.18797;2.47479;
6.03454;-1.63007;3.5887;1.2892;2.47244;
5.88861;-1.45931;3.71678;1.28089;2.42121;
5.7466;-1.42012;3.84016;1.23374;2.42631;
5.61334;-1.33265;3.96856;1.28399;2.37479;
5.46949;-1.43843;4.13127;1.62715;2.29471;
5.29868;-1.70815;4.26771;1.36438;2.46761;
5.13071;-1.67971;4.38715;1.19442;2.52346;
4.95939;-1.71323;4.45476;0.676118;2.76571;
4.76402;-1.95363;4.57827;1.23508;2.57783;
4.56459;-1.99438;4.66165;0.83377;2.74562;
4.38381;-1.80779;4.72804;0.663877;2.78965;
4.175;-2.08802;4.74261;0.145724;3.07191;
3.97336;-2.01643;4.7714;0.287874;2.99979;
3.77766;-1.95698;4.75233;-0.190673;-3.04447;
3.55252;-2.25142;4.77488;0.225485;3.04177;
3.34563;-2.06892;4.76267;-0.122068;-3.08266;
3.15268;-1.92948;4.71713;-0.45545;-2.90979;
2.9537;-1.98978;4.73377;0.166443;3.05814;
2.73109;-2.22616;4.69841;-0.353642;-2.98405;
2.56569;-1.65396;4.65975;-0.386573;-2.91199;
2.39156;-1.74134;4.65896;-0.00793824;-3.13703;
2.21308;-1.78478;4.72489;0.659387;2.7877;
2.01164;-2.01443;4.73526;0.103637;3.09019;
1.82957;-1.82066;4.77619;0.409317;2.92045;
1.63827;-1.91297;4.81821;0.420175;2.92538;
1.45361;-1.84661;4.91088;0.92673;2.67646;
1.28875;-1.64867;5.02807;1.17188;2.52365;
1.10569;-1.83056;5.17946;1.51394;2.45058;
0.983657;-1.22033;5.34456;1.65099;2.20732;
0.887406;-0.962512;5.5239;1.79339;2.06337;
0.812942;-0.744641;5.71528;1.9138;1.94186;
0.755775;-0.571669;5.89845;1.8317;1.87331;
0.710493;-0.452822;6.04999;1.5154;1.86116;
0.653892;-0.56601;6.24123;1.91236;1.85856;
0.679729;0.258377;6.45054;2.09312;1.44798;
0.6622;-0.175294;6.66464;2.141;1.65249;
0.638561;-0.236392;6.90235;2.37709;1.66992;
0.596763;-0.417982;7.09829;1.95946;1.78096;
0.644574;0.478117;7.30407;2.05782;1.34251;
0.635922;-0.0865212;7.45479;1.50714;1.62814;
0.560636;-0.752864;7.68133;2.26541;1.89164;
0.597017;0.363818;7.90652;2.25193;1.41062;
0.605201;0.081839;8.11034;2.03819;1.53067;
0.61719;0.119884;8.29955;1.89208;1.50752;
0.615203;-0.0198715;8.52475;2.25196;1.57962;
0.614778;-0.00424767;8.73545;2.107;1.57281;
0.61392;-0.00858034;8.94482;2.0937;1.57489;
0.62196;0.0804039;9.15119;2.06376;1.53186;
0.644394;0.224336;9.35463;2.03433;1.46096;
0.656775;0.123807;9.47753;1.22908;1.4704;
0.670855;0.140805;9.68384;2.06303;1.50265;
0.685376;0.145207;9.85402;1.70181;1.48568;
0.727133;0.417577;9.9839;1.29878;1.25972;
0.762777;0.356436;10.1732;1.89328;1.38471;
0.775366;0.125892;10.3777;2.04447;1.5093;
0.882826;1.0746;10.5609;1.83233;1.04039;
0.879335;-0.0349109;10.6557;0.947729;1.60762;
0.960309;0.809744;10.869;2.13331;1.20802;
1.07096;1.10655;11.0648;1.95831;1.05647;
1.19461;1.23649;11.257;1.92177;0.999067;
1.38808;1.93471;11.3926;1.35613;0.611363;
1.5503;1.62214;11.5021;1.09446;0.593545;
1.75156;2.01267;11.5605;0.584526;0.282648;
1.94338;1.91812;11.6286;0.680754;0.34104;
2.15449;2.11115;11.636;0.0742713;0.035166;
2.39539;2.40901;11.6417;0.056765;0.0235592;
2.59707;2.01679;11.6039;-0.378164;-0.185355;
2.73654;1.3947;11.5195;-0.843549;-0.543958;
2.95275;2.16204;11.4698;-0.496881;-0.225898;
3.15267;1.99926;11.3903;-0.795254;-0.378586;
3.34795;1.95274;11.3273;-0.63016;-0.312155;
3.52966;1.81709;11.2396;-0.876826;-0.449585;
3.71956;1.89902;11.2259;-0.13683;-0.0719288;
3.96587;2.46315;11.0643;-1.61674;-0.58084;
4.19164;2.25767;10.9856;-0.786317;-0.335148;
4.3678;1.76158;10.922;-0.635979;-0.346466;
4.54632;1.78526;10.8458;-0.762204;-0.403516;
4.75038;2.04062;10.8111;-0.34716;-0.168512;
4.92994;1.79554;10.7292;-0.818848;-0.42787;
5.1243;1.94361;10.6881;-0.410844;-0.208315;
5.31721;1.92915;10.6446;-0.435539;-0.222045;
5.50396;1.8675;10.6066;-0.379932;-0.200705;
5.70053;1.96569;10.5756;-0.309714;-0.156275;
5.88635;1.85816;10.5601;-0.154809;-0.0831209;
6.11221;2.25864;10.5392;-0.209694;-0.0925755;
6.31654;2.04324;10.5467;0.0754046;0.0368877;
6.53105;2.14516;10.5596;0.129427;0.0602611;
6.74787;2.1682;10.6;0.403532;0.184009;
6.97482;2.26946;10.628;0.279895;0.122711;
7.17913;2.04309;10.7047;0.767044;0.35915;
7.39726;2.1813;10.7141;0.0940748;0.0431011;
7.59097;1.93715;10.7906;0.765185;0.376193;
7.77719;1.86214;10.8169;0.263044;0.14033;
7.96699;1.89804;10.9145;0.975472;0.474735;
8.16453;1.97534;10.9729;0.584153;0.287528;
8.34468;1.80157;11.0855;1.12571;0.558492;
8.52816;1.8348;11.1621;0.766017;0.395495;
8.68099;1.5283;11.2607;0.986656;0.573269;
8.86412;1.83129;11.3334;0.72656;0.3777;
9.02128;1.57156;11.4457;1.12327;0.620555;
9.21564;1.94359;11.6066;1.60908;0.691518;
9.42611;2.10471;11.6736;0.670272;0.308308;
9.58613;1.60022;11.8397;1.66038;0.803845;
9.78514;1.99005;11.9499;1.10269;0.505985;
9.96584;1.80705;12.0366;0.866352;0.447055;
10.1425;1.76681;12.1994;1.62801;0.744533;
10.2977;1.55159;12.3136;1.1426;0.634743;
10.4533;1.55572;12.4366;1.22956;0.668825;
10.5812;1.27898;12.5423;1.05671;0.690519;
10.7081;1.2694;12.6594;1.1718;0.745441;
10.826;1.17937;12.7893;1.29873;0.833526;
10.9724;1.46345;12.9224;1.33083;0.737974;
11.1123;1.3995;13.0605;1.38123;0.77883;
11.2318;1.19458;13.2608;2.00226;1.03287;
11.3936;1.61792;13.3899;1.29102;0.673491;
11.5281;1.34533;13.5939;2.04091;0.987994;
11.688;1.5994;13.7498;1.55866;0.772499;
11.8538;1.65763;13.9222;1.72435;0.805124;
11.9926;1.38756;14.0864;1.64116;0.868933;
12.1673;1.74715;14.2166;1.30235;0.640558;
12.32;1.52762;14.3018;0.852063;0.508792;
12.5292;2.09168;14.3572;0.554432;0.259107;
12.7156;1.86387;14.3107;-0.465666;-0.244826;
12.9095;1.93886;14.2276;-0.831233;-0.40502;
13.0542;1.44752;14.1839;-0.436439;-0.29284;
13.2526;1.9832;14.1176;-0.66299;-0.322623;
13.4012;1.48608;14.0438;-0.738186;-0.46103;
13.6021;2.00959;14.0039;-0.399035;-0.196016;
13.799;1.9692;13.926;-0.779126;-0.376756;
13.9862;1.8716;13.86;-0.659552;-0.338812;
14.1794;1.93183;13.7911;-0.689661;-0.342896;
14.4153;2.35933;13.7428;-0.482227;-0.201614;
14.6095;1.94153;13.6733;-0.695586;-0.34402;
14.8187;2.09233;13.6809;0.0757159;0.0361715;
15.0264;2.07686;13.5718;-1.0907;-0.483578;
15.2759;2.49558;13.5467;-0.250737;-0.100136;
15.4708;1.94901;13.456;-0.907281;-0.435677;
15.6707;1.99873;13.3987;-0.57267;-0.279041;
15.8621;1.91416;13.335;-0.637544;-0.321511;
16.0145;1.5232;13.322;-0.129796;-0.0850075;
16.2154;2.00986;13.2536;-0.684082;-0.328065;
16.413;1.97573;13.1612;-0.92354;-0.437264;
16.5987;1.85652;13.0842;-0.769938;-0.393132;
16.8126;2.13948;13.071;-0.132166;-0.0616965;
17.0081;1.95444;13.0273;-0.437487;-0.220213;
17.1907;1.82636;12.9185;-1.08752;-0.537073;
17.3505;1.59786;12.859;-0.594988;-0.35646;
17.5346;1.84081;12.802;-0.570035;-0.3003;
17.7032;1.68668;12.7198;-0.821856;-0.453406;
17.8828;1.79591;12.6218;-0.980439;-0.499713;
18.1113;2.28529;12.4979;-1.23887;-0.496764;
18.2419;1.30571;12.3949;-1.0298;-0.667804;
18.4031;1.61212;12.2839;-1.11034;-0.603132;
18.5428;1.39654;12.1949;-0.890203;-0.567492;
18.6566;1.13772;11.9998;-1.95048;-1.04274;
18.8569;2.00316;11.8426;-1.57171;-0.665289;
19.0171;1.6022;11.7255;-1.17155;-0.631367;
19.1512;1.34135;11.5596;-1.65867;-0.890778;
19.3004;1.49214;11.4991;-0.60544;-0.385457;
19.5002;1.9979;11.4024;-0.966818;-0.4507;
19.6645;1.64306;11.2646;-1.37795;-0.697867;
19.8531;1.88563;11.1182;-1.46376;-0.660101;
19.9979;1.44839;10.9657;-1.52559;-0.811352;
20.165;1.67016;10.8565;-1.0912;-0.578727;
20.3629;1.97986;10.7399;-1.16621;-0.532319;
20.4885;1.25565;10.5943;-1.45569;-0.859043;
20.6238;1.35294;10.4329;-1.61422;-0.87323;
20.7689;1.45055;10.3207;-1.1218;-0.658285;
20.9062;1.37331;10.1242;-1.96496;-0.960809;
21.0267;1.2049;9.96284;-1.61406;-0.929536;
21.1307;1.03987;9.73992;-2.22922;-1.13433;
21.2058;0.751335;9.53428;-2.05637;-1.2205;
21.3103;1.04534;9.38121;-1.53072;-0.971633;
21.4204;1.10109;9.18472;-1.96496;-1.06003;
21.5165;0.960869;9.00969;-1.75026;-1.06873;
21.5987;0.82122;8.82174;-1.87946;-1.15885;
21.6886;0.899353;8.64547;-1.76276;-1.09902;
21.7875;0.988846;8.41219;-2.33274;-1.16986;
21.8205;0.329918;8.27269;-1.39509;-1.33858;
21.9055;0.850488;8.1037;-1.68988;-1.10452;
21.9858;0.802785;7.93257;-1.71125;-1.13215;
22.0453;0.594933;7.73556;-1.97015;-1.27753;
22.1146;0.693399;7.51129;-2.24266;-1.27093;
22.157;0.423673;7.36758;-1.43707;-1.2841;
22.2136;0.566331;7.20624;-1.61349;-1.23323;
22.2567;0.430277;6.9825;-2.23736;-1.3808;
22.3979;1.41223;6.83575;-1.46751;-0.804592;
22.4181;0.202179;6.66182;-1.73933;-1.45508;
22.4844;0.662635;6.46811;-1.93708;-1.24119;
22.4955;0.111044;6.30884;-1.59271;-1.50119;
22.5689;0.734837;6.11573;-1.93105;-1.20718;
22.6637;0.947467;5.94632;-1.69418;-1.06088;
22.7328;0.690642;5.69371;-2.52603;-1.30391;
22.7782;0.454078;5.52439;-1.69321;-1.30879;
22.8539;0.756934;5.33559;-1.88806;-1.18951;
22.9361;0.822258;5.16445;-1.71132;-1.12289;
23.0043;0.681964;4.97629;-1.88161;-1.22309;
23.0977;0.934425;4.74332;-2.32976;-1.18936;
23.191;0.933209;4.58254;-1.60779;-1.04489;
23.2707;0.796344;4.37507;-2.07463;-1.20429;
23.3562;0.855715;4.18586;-1.89211;-1.14607;
23.4495;0.932069;4.01158;-1.74286;-1.0797;
23.5436;0.941242;3.83507;-1.76506;-1.08089;
23.6427;0.991332;3.67141;-1.63658;-1.02617;
23.7204;0.777154;3.49814;-1.73271;-1.14917;
23.8065;0.860535;3.34215;-1.55988;-1.06667;
23.9113;1.04816;3.16851;-1.7364;-1.0277;
24.0307;1.19388;2.96887;-1.99645;-1.03185;
24.1375;1.06767;2.79763;-1.71239;-1.01328;
24.2446;1.0712;2.6353;-1.62326;-0.987489;
24.3388;0.942135;2.53483;-1.00477;-0.817556;
24.4217;0.82866;2.33671;-1.98119;-1.17465;
24.4977;0.760388;2.13905;-1.97654;-1.20354;
24.6087;1.11013;1.94795;-1.91102;-1.04453;
24.7052;0.964577;1.791;-1.56953;-1.01974;
24.8201;1.14924;1.65939;-1.31605;-0.85296;
24.8999;0.797832;1.49928;-1.60109;-1.10851;
25.0021;1.02208;1.36271;-1.36575;-0.928343;
25.0992;0.971134;1.1972;-1.65511;-1.04018;
25.1927;0.935365;1.02238;-1.74821;-1.07951;
25.2859;0.931844;0.840239;-1.82136;-1.0979;
25.4051;1.19144;0.667129;-1.73111;-0.967998;
25.5043;0.992159;0.454066;-2.13063;-1.13499;
25.6188;1.14517;0.243468;-2.10597;-1.07275;
25.776;1.57193;0.111233;-1.32236;-0.699381;
25.8734;0.97441;-0.0832144;-1.94447;-1.10625;
25.9487;0.753268;-0.284583;-2.01369;-1.21284;
26.0656;1.16836;-0.494288;-2.09705;-1.06249;
26.11;0.444141;-0.613667;-1.19379;-1.21462;
26.1954;0.853974;-0.7902;-1.76533;-1.12023;
26.3785;1.83095;-0.948731;-1.58531;-0.713618;
26.5374;1.58907;-1.06432;-1.15593;-0.628897;
26.705;1.67642;-1.21503;-1.50708;-0.732255;
26.853;1.47981;-1.34475;-1.29719;-0.719731;
27.0292;1.76173;-1.46592;-1.2117;-0.602484;
27.2014;1.72205;-1.49352;-0.275962;-0.158902;
27.3742;1.72765;-1.55752;-0.640075;-0.35481;
27.5783;2.04132;-1.7008;-1.4328;-0.611999;
27.772;1.93739;-1.79286;-0.920544;-0.443567;
27.9485;1.7651;-1.83994;-0.470838;-0.260679;
28.1507;2.02161;-1.92243;-0.824825;-0.387388;
28.3607;2.10027;-2.01458;-0.921506;-0.413464;
28.5275;1.66742;-2.04456;-0.299808;-0.177903;
28.7227;1.95219;-2.09738;-0.528214;-0.264248;
28.9314;2.08684;-2.15484;-0.574581;-0.268678;
29.137;2.0566;-2.1811;-0.262641;-0.127019;
29.3386;2.0153;-2.24876;-0.67663;-0.323922;
29.5424;2.03813;-2.32924;-0.804818;-0.376085;
29.7221;1.79756;-2.41437;-0.851267;-0.44228;
29.9019;1.79761;-2.50358;-0.892035;-0.46063;

-29.9239;1.74165;-2.59291;-0.893382;-0.473956;
-29.7703;1.53594;-2.66182;-0.689117;-0.421741;
-29.6216;1.48749;-2.74449;-0.826678;-0.507251;
-29.4073;2.14275;-2.81254;-0.680468;-0.307495;
-29.2064;2.00957;-2.90104;-0.884978;-0.414826;
-29.031;1.75353;-2.98296;-0.819262;-0.437071;
-28.8285;2.0247;-3.03091;-0.479492;-0.232537;
-28.6273;2.01268;-3.13265;-1.01733;-0.468006;
-28.4143;2.12978;-3.14299;-0.103447;-0.0485334;
-28.213;2.01343;-3.14189;0.0109921;0.00545935;
-28.0109;2.02063;-3.21129;-0.693993;-0.330832;
-27.8235;1.87389;-3.31744;-1.06151;-0.515404;
-27.5835;2.39993;-3.44502;-1.2758;-0.488606;
-27.3929;1.90652;-3.51601;-0.709933;-0.356464;
-27.2181;1.74731;-3.58251;-0.664975;-0.363645;
-27.0183;1.99787;-3.62656;-0.440494;-0.21701;
-26.8338;1.84557;-3.67576;-0.491941;-0.260495;
-26.6685;1.65245;-3.80243;-1.26672;-0.654022;
-26.4961;1.7248;-3.87948;-0.770504;-0.420123;
-26.2933;2.02776;-3.91549;-0.360137;-0.175771;
-26.1218;1.71443;-3.96971;-0.542226;-0.306318;
-25.929;1.92843;-4.00439;-0.346804;-0.177935;
-25.7439;1.85135;-3.99073;0.136649;0.0736766;
-25.5638;1.80088;-4.02455;-0.338236;-0.185655;
-25.37;1.93747;-4.05854;-0.339855;-0.173645;
-25.1382;2.31818;-4.08526;-0.267232;-0.11477;
-24.9516;1.86611;-4.10575;-0.204923;-0.109375;
-24.7499;2.01731;-4.11205;-0.0629622;-0.0312009;
-24.586;1.63879;-4.11144;0.00612313;0.00373636;
-24.395;1.90943;-4.09746;0.13978;0.0730749;
-24.1785;2.16502;-4.0888;0.0866015;0.0399791;
-23.9582;2.20299;-4.04643;0.423694;0.190006;
-23.7836;1.74669;-4.06438;-0.179538;-0.102428;
-23.5662;2.17338;-3.99049;0.738939;0.327735;
-23.4102;1.56025;-3.83998;1.50508;0.767402;
-23.2786;1.31613;-3.70721;1.32774;0.78979;
-23.1091;1.69476;-3.55935;1.47859;0.717385;
-22.9773;1.31786;-3.40769;1.51656;0.855386;
-22.8566;1.2073;-3.23099;1.76705;0.971415;
-22.7581;0.985059;-3.0524;1.7859;1.06674;
-22.6472;1.10948;-2.88815;1.64248;0.97671;
-22.5776;0.696047;-2.69437;1.93777;1.22595;
-22.5548;0.227492;-2.51627;1.78102;1.44375;
-22.5074;0.474493;-2.32933;1.86946;1.32223;
-22.4361;0.712533;-2.12172;2.07602;1.24017;
-22.3859;0.502472;-1.95666;1.65062;1.27529;
-22.3678;0.180554;-1.75372;2.02943;1.48206;
-22.3409;0.269225;-1.55125;2.02464;1.4386;
-22.3018;0.390848;-1.36001;1.91248;1.36921;
-22.2654;0.364082;-1.16099;1.9902;1.38986;
-22.1888;0.766161;-0.995161;1.65825;1.13798;
-22.1239;0.648584;-0.799901;1.9526;1.2501;
-22.0614;0.625053;-0.605797;1.94104;1.25926;
-21.9959;0.655281;-0.414163;1.91634;1.24132;
-21.9023;0.935754;-0.246234;1.67929;1.06242;
-21.8484;0.539095;-0.00729937;2.38934;1.34889;
-21.7857;0.626446;0.179819;1.87118;1.24774;
-21.7115;0.742493;0.367705;1.87887;1.19445;
-21.6397;0.717575;0.553753;1.86047;1.20268;
-21.5978;0.418951;0.702038;1.48286;1.29544;
-21.5076;0.90236;0.880301;1.78263;1.1022;
-21.4306;0.769774;1.04887;1.68573;1.14243;
-21.3725;0.58125;1.26023;2.11352;1.30242;
-21.295;0.774656;1.46178;2.01557;1.20387;
-21.241;0.540073;1.70126;2.3948;1.34899;
-21.1825;0.584803;1.89404;1.92781;1.27627;
-21.1366;0.459806;2.09044;1.96391;1.34081;
-21.1029;0.336482;2.28142;1.90986;1.3964;
-21.0341;0.68786;2.42064;1.3922;1.11189;
-20.9433;0.908219;2.64931;2.28666;1.19272;
-21.0052;-0.619278;2.89215;2.42841;1.82049;
-21.031;-0.257664;3.09327;2.01121;1.69822;
-21.0085;0.22551;3.27748;1.84209;1.44898;
-20.9381;0.703894;3.47314;1.95666;1.22547;
-20.9947;-0.566323;3.71268;2.39533;1.80296;
-21.0713;-0.765538;3.91659;2.0391;1.92994;
-21.1278;-0.56539;4.06962;1.53038;1.92469;
-21.2368;-1.09055;4.27754;2.07912;2.05387;
-21.321;-0.841291;4.45217;1.74633;2.01974;
-21.4144;-0.934332;4.60713;1.54959;2.11338;
-21.5467;-1.32287;4.77686;1.69735;2.23283;
-21.6509;-1.04209;4.95714;1.80276;2.09492;
-21.7188;-0.678481;5.11577;1.58632;1.97496;
-21.8299;-1.11119;5.28989;1.74118;2.13882;
-21.9975;-1.67651;5.42891;1.39025;2.44927;
-22.1114;-1.13831;5.61048;1.81567;2.13079;
-22.2264;-1.15063;5.82003;2.09545;2.07295;
-22.3253;-0.989135;6.00325;1.83227;2.06581;
-22.439;-1.13706;6.13895;1.357;2.26824;
-22.5487;-1.09672;6.26566;1.26712;2.28423;
-22.6502;-1.01495;6.41672;1.51052;2.16243;
-22.7186;-0.683539;6.65191;2.35194;1.85363;
-22.8483;-1.29732;6.88644;2.34527;2.07607;
-23.0049;-1.56573;7.01512;1.28685;2.45365;
-23.1042;-0.993585;7.18201;1.66892;2.10779;
-23.1785;-0.742602;7.37301;1.90995;1.94162;
-23.2527;-0.741867;7.58393;2.10922;1.90901;
-23.2749;-0.221998;7.79348;2.09551;1.67634;
-23.3192;-0.443176;7.99;1.96517;1.7926;
-23.3797;-0.605166;8.15979;1.6979;1.91318;
-23.4196;-0.398497;8.37459;2.14802;1.75423;
-23.4428;-0.232865;8.58887;2.14282;1.67904;
-23.4545;-0.116653;8.79763;2.08758;1.62662;
-23.4335;0.21042;9.0318;2.34172;1.48118;
-23.4573;-0.238816;9.24291;2.11107;1.68344;
-23.5529;-0.955409;9.42461;1.81701;2.05488;
-23.6957;-1.42807;9.63871;2.14103;2.15903;
-23.7878;-0.920742;9.81242;1.7371;2.05819;
-23.8175;-0.296863;10.0383;2.25827;1.7015;
-23.7899;0.275155;10.2556;2.17324;1.44486;
-23.726;0.638891;10.4777;2.22145;1.29075;
-23.7157;0.103945;10.687;2.09291;1.52117;
-23.7474;-0.317922;10.8711;1.84069;1.74183;
-23.765;-0.175414;11.068;1.96883;1.65966;
-23.7851;-0.201575;11.2623;1.94384;1.67413;
-23.7277;0.574503;11.4434;1.81032;1.2635;
-23.7366;-0.0894475;11.6453;2.01904;1.61507;
-23.7585;-0.218338;11.8329;1.87658;1.68662;
-23.749;0.0950269;12.0535;2.20532;1.52773;
-23.7451;0.0388475;12.1002;0.46711;1.48782;
-23.7207;0.244254;12.293;1.9279;1.44477;
-23.6867;0.339481;12.4875;1.94522;1.39802;
-23.6283;0.58402;12.6736;1.8614;1.26677;
-23.6342;-0.0593636;12.8486;1.74932;1.60472;
-23.5879;0.463651;13.0615;2.12971;1.35644;
-23.5379;0.499789;13.2588;1.97295;1.32269;
-23.4757;0.622335;13.4445;1.8562;1.2473;
-23.4022;0.734743;13.6388;1.94296;1.20926;
-23.3273;0.749128;13.7746;1.3588;1.06694;
-23.2641;0.632292;13.9943;2.1964;1.2905;
-23.2781;-0.140536;14.1593;1.65002;1.65576;
-23.2559;0.221551;14.4415;2.82266;1.49247;
-23.2206;0.353206;14.652;2.10469;1.40453;
-23.2212;-0.00614395;14.8738;2.21759;1.57357;
-23.2138;0.0742604;15.109;2.35267;1.53924;
-23.2409;-0.270539;15.2956;1.86545;1.71482;
-23.2748;-0.339442;15.4897;1.94144;1.74389;
-23.3402;-0.654012;15.6714;1.81691;1.91632;
-23.4161;-0.758868;15.8597;1.88328;1.95384;
-23.5295;-1.13379;16.0642;2.04412;2.07721;
-23.5631;-0.336108;16.3221;2.57991;1.70035;
-23.5831;-0.19996;16.5198;1.97689;1.6716;
-23.6378;-0.5473;16.7144;1.9457;1.845;
-23.7105;-0.726662;16.9333;2.18878;1.89134;
-23.7654;-0.548756;17.101;1.6773;1.88699;
-23.8186;-0.532583;17.2908;1.8977;1.8444;
-23.8626;-0.439536;17.4782;1.87433;1.80114;
-23.9046;-0.420608;17.6803;2.02074;1.77601;
-23.9315;-0.268516;17.8468;1.66478;1.73071;
-23.9631;-0.316129;18.0547;2.07943;1.72167;
-24.0129;-0.498182;18.2543;1.9958;1.81541;
-24.0754;-0.624934;18.4394;1.85087;1.89642;
-24.1506;-0.752014;18.6025;1.63105;2.00281;
-24.2335;-0.828589;18.7913;1.88854;1.98425;
-24.3097;-0.762604;18.927;1.35638;2.08298;
-24.3712;-0.61459;19.1089;1.81893;1.89664;
-24.4204;-0.491861;19.3307;2.21873;1.78895;
-24.4671;-0.466978;19.5227;1.92006;1.80937;
-24.5295;-0.624766;19.7015;1.78766;1.90702;
-24.5978;-0.682593;19.9;1.98525;1.90197;
-24.6232;-0.254395;20.0923;1.92296;1.70233;
-24.6712;-0.479646;20.2369;1.4458;1.89112;
-24.7337;-0.625173;20.4306;1.93685;1.88302;
-24.7773;-0.43564;20.6013;1.70695;1.82068;
-24.7622;0.151128;20.7571;1.55797;1.4741;
-24.7927;-0.304907;20.9631;2.06015;1.71773;
-24.8494;-0.567025;21.1654;2.02267;1.84412;
-24.9194;-0.70015;21.3432;1.77808;1.94592;
-24.9933;-0.739348;21.5324;1.89209;1.94331;
-25.0657;-0.723395;21.7277;1.95304;1.92552;
-25.1646;-0.989153;21.9341;2.0644;2.01762;
-25.2305;-0.659057;22.1373;2.03191;1.88444;
-25.2824;-0.519643;22.3151;1.77749;1.85522;
-25.2918;-0.0937298;22.5133;1.98239;1.61804;
-25.2847;0.070902;22.7339;2.2058;1.53866;
-25.269;0.157144;22.9296;1.95756;1.49069;
-25.2615;0.0752119;23.1291;1.99484;1.53311;
-25.2345;0.269773;23.3277;1.98546;1.43575;
-25.2024;0.321528;23.5199;1.9219;1.40503;
-25.1556;0.468035;23.7137;1.9382;1.33385;
-25.1063;0.492344;23.9146;2.00926;1.33049;
-25.0624;0.43975;24.0924;1.77792;1.32832;
-25.1071;-0.447879;24.309;2.16641;1.77466;
-25.1086;-0.0144995;24.5122;2.03109;1.57794;
-25.0911;0.174774;24.7254;2.13217;1.48901;
-25.0848;0.0630357;24.9269;2.01507;1.53952;
-25.0606;0.241729;25.0909;1.63988;1.42444;
-25.0699;-0.0926336;25.2928;2.01921;1.61664;
-25.1142;-0.443159;25.4658;1.73019;1.82154;
-25.1667;-0.524873;25.6489;1.83139;1.84991;
-25.2663;-0.995502;25.817;1.68091;2.10549;
-25.3622;-0.959485;25.9749;1.57857;2.11695;
-25.4718;-1.09551;26.1427;1.67854;2.14904;
