###  Units are X_hat = 1cm.
8.15916	-8.05138
8.21637;-8.24302
8.27358;-8.43466
8.33079;-8.62631
8.388;-8.81795
8.44521;-9.00959
8.50242;-9.20124
8.55963;-9.39288
8.61684;-9.58452
8.67405;-9.77617
8.73126;-9.96781
8.78847;-10.1595
8.84568;-10.3511
8.90289;-10.5427
8.9601;-10.7344
9.01731;-10.926
9.07452;-11.1177
9.13173;-11.3093
9.18894;-11.501
9.24615;-11.6926
9.30335;-11.8842
9.36056;-12.0759
9.41777;-12.2675
9.47498;-12.4592
9.53219;-12.6508
9.5894;-12.8425
9.64661;-13.0341
9.70382;-13.2257
9.76103;-13.4174
9.81824;-13.609
9.87545;-13.8007
9.93266;-13.9923
9.98987;-14.184
10.0471;-14.3756
10.1043;-14.5672
10.1615;-14.7589
10.2187;-14.9505
10.2759;-15.1422
10.3331;-15.3338
10.3903;-15.5255
10.4475;-15.7171
10.5048;-15.9087
10.562;-16.1004
10.6192;-16.292
10.6764;-16.4837
10.7336;-16.6753
10.7908;-16.867
10.848;-17.0586
10.9052;-17.2502
10.9624;-17.4419
11.0196;-17.6335
11.0768;-17.8252
11.1341;-18.0168
11.1913;-18.2085
11.2485;-18.4001
11.3057;-18.5917
11.3629;-18.7834
11.4201;-18.975
11.4773;-19.1667
11.5345;-19.3583
11.5917;-19.55
11.6489;-19.7416
11.7062;-19.9332
11.7634;-20.1249
11.8206;-20.3165
11.8778;-20.5082
11.935;-20.6998
11.9922;-20.8915
12.0494;-21.0831
12.1066;-21.2748
12.1638;-21.4664
12.221;-21.658
12.2782;-21.8497
12.3355;-22.0413
12.3927;-22.233
12.4499;-22.4246
12.5071;-22.6163
12.5643;-22.8079
12.6215;-22.9995
12.6787;-23.1912
12.7359;-23.3828
12.7931;-23.5745
12.8503;-23.7661
12.9076;-23.9578
12.9648;-24.1494
13.022;-24.341
13.0792;-24.5327
13.1364;-24.7243
13.1936;-24.916
13.2508;-25.1076
13.308;-25.2993
13.3652;-25.4909
13.4224;-25.6825
13.4796;-25.8742
13.5369;-26.0658
13.5941;-26.2575
13.6513;-26.4491
13.7085;-26.6408
13.7657;-26.8324
13.8229;-27.024
13.8801;-27.2157
13.9373;-27.4073
13.9945;-27.599
14.0517;-27.7906
14.109;-27.9823
14.1662;-28.1739
14.2234;-28.3655
14.2806;-28.5572
14.3378;-28.7488
14.395;-28.9405
14.4522;-29.1321
14.5094;-29.3238
14.5666;-29.5154
14.6238;-29.707
14.681;-29.8987
14.7383;29.9097
14.7955;29.718
14.8527;29.5264
14.9099;29.3347
14.9671;29.1431
15.0243;28.9515
15.0815;28.7598
15.1387;28.5682
15.1959;28.3765
15.2531;28.1849
15.3104;27.9932
15.3676;27.8016
15.4248;27.6099
15.482;27.4183
15.5392;27.2267
15.5964;27.035
15.6536;26.8434
15.7108;26.6517
15.768;26.4601
15.8252;26.2684
15.8824;26.0768
15.9397;25.8852
15.9969;25.6935
16.0541;25.5019
16.1113;25.3102
16.1685;25.1186
16.2257;24.9269
16.2829;24.7353
16.3401;24.5437
16.3973;24.352
16.4545;24.1604
16.5118;23.9687
16.569;23.7771
16.6262;23.5854
16.6834;23.3938
16.7406;23.2022
16.7978;23.0105
16.855;22.8189
16.9122;22.6272
16.9694;22.4356
17.0266;22.2439
17.0838;22.0523
17.1411;21.8607
17.1983;21.669
17.2555;21.4774
17.3127;21.2857
17.3699;21.0941
17.4271;20.9024
17.4843;20.7108
17.5415;20.5192
17.5987;20.3275
17.6559;20.1359
17.7132;19.9442
17.7704;19.7526
17.8276;19.5609
17.8848;19.3693
17.942;19.1777
17.9992;18.986
18.0564;18.7944
18.1136;18.6027
18.1708;18.4111
18.228;18.2194
18.2852;18.0278
18.3425;17.8362
18.3997;17.6445
18.4569;17.4529
18.5141;17.2612
18.5713;17.0696
18.6285;16.8779
18.6857;16.6863
18.7429;16.4947
18.8001;16.303
18.8573;16.1114
18.9146;15.9197
18.9718;15.7281
19.029;15.5364
19.0862;15.3448
19.1434;15.1531
19.2006;14.9615
19.2578;14.7699
19.315;14.5782
19.3722;14.3866
19.4294;14.1949
19.4866;14.0033
19.5439;13.8116
19.6011;13.62
19.6583;13.4284
19.7155;13.2367
19.7727;13.0451
19.8299;12.8534
19.8871;12.6618
19.9443;12.4701
20.0015;12.2785
20.0587;12.0869
20.116;11.8952
20.1732;11.7036
20.2304;11.5119
20.2876;11.3203
20.3448;11.1286
20.402;10.937
20.4592;10.7454
20.5164;10.5537
20.5736;10.3621
20.6308;10.1704
20.688;9.97879
20.7453;9.78714
20.8025;9.5955
20.8597;9.40386
20.9169;9.21221
20.9739;9.02052
21.0278;8.82789
21.0629;8.63004
21.0581;8.42605
21.0318;8.22662
21.0031;8.02867
20.9802;7.8299
20.9725;7.62946
20.9743;7.42925
20.977;7.22926
20.9797;7.02928
20.9824;6.8293
20.9852;6.62932
20.9879;6.42934
20.9906;6.22936
20.9933;6.02937
20.996;5.82939
20.9988;5.62941
21.0015;5.42943
21.0042;5.22945
21.0069;5.02947
21.0097;4.82949
21.0124;4.6295
21.0151;4.42952
21.0178;4.22954
21.0206;4.02956
21.0233;3.82958
21.026;3.6296
21.0287;3.42962
21.0314;3.22963
21.0342;3.02965
21.0369;2.82967
21.0396;2.62969
21.0423;2.42971
21.0451;2.22973
21.0478;2.02975
21.0505;1.82976
21.0532;1.62978
21.056;1.4298
21.0587;1.22982
21.0614;1.02984
21.0641;0.829856
21.0669;0.629875
21.0696;0.429893
21.0723;0.229912
21.075;0.0299305
21.0777;-0.170051
21.0805;-0.370032
21.0832;-0.570014
21.0859;-0.769995
21.0886;-0.969977
21.0914;-1.16996
21.0941;-1.36994
21.0968;-1.56992
21.0995;-1.7699
21.1023;-1.96988
21.105;-2.16987
21.1077;-2.36985
21.1104;-2.56983
21.1132;-2.76981
21.1159;-2.96979
21.1186;-3.16977
21.1213;-3.36975
21.124;-3.56974
21.1268;-3.76972
21.1295;-3.9697
21.1322;-4.16968
21.1349;-4.36966
21.1377;-4.56964
21.1404;-4.76962
21.1431;-4.96961
21.1458;-5.16959
21.1486;-5.36957
21.1513;-5.56955
21.154;-5.76953
21.1567;-5.96951
21.1594;-6.16949
21.1622;-6.36948
21.1649;-6.56946
21.1676;-6.76944
21.1703;-6.96942
21.1731;-7.1694
21.1758;-7.36938
21.1785;-7.56936
21.1812;-7.76935
21.184;-7.96933
21.1867;-8.16931
21.1894;-8.36929
21.1921;-8.56927
21.1949;-8.76925
21.1976;-8.96924
21.2003;-9.16922
21.203;-9.3692
21.2057;-9.56918
21.2085;-9.76916
21.2112;-9.96914
21.2139;-10.1691
21.2166;-10.3691
21.2194;-10.5691
21.2221;-10.7691
21.2248;-10.969
21.2275;-11.169
21.2303;-11.369
21.233;-11.569
21.2357;-11.769
21.2384;-11.969
21.2412;-12.1689
21.2439;-12.3689
21.2466;-12.5689
21.2493;-12.7689
21.252;-12.9689
21.2548;-13.1688
21.2575;-13.3688
21.2602;-13.5688
21.2629;-13.7688
21.2657;-13.9688
21.2684;-14.1688
21.2711;-14.3687
21.2738;-14.5687
21.2766;-14.7687
21.2793;-14.9687
21.282;-15.1687
21.2847;-15.3686
21.2874;-15.5686
21.2902;-15.7686
21.2929;-15.9686
21.2956;-16.1686
21.2983;-16.3685
21.3011;-16.5685
21.3038;-16.7685
21.3065;-16.9685
21.3092;-17.1685
21.312;-17.3685
21.3147;-17.5684
21.3174;-17.7684
21.3201;-17.9684
21.3229;-18.1684
21.3256;-18.3684
21.3283;-18.5683
21.331;-18.7683
21.3337;-18.9683
21.3365;-19.1683
21.3392;-19.3683
21.3419;-19.5683
21.3446;-19.7682
21.3474;-19.9682
21.3501;-20.1682
21.3528;-20.3682
21.3555;-20.5682
21.3583;-20.7681
21.361;-20.9681
21.3637;-21.1681
21.3664;-21.3681
21.3692;-21.5681
21.3719;-21.768
21.3746;-21.968
21.3773;-22.168
21.38;-22.368
21.3828;-22.568
21.3855;-22.768
21.3882;-22.9679
21.3909;-23.1679
21.3937;-23.3679
21.3964;-23.5679
21.3991;-23.7679
21.4018;-23.9678
21.4046;-24.1678
21.4073;-24.3678
21.41;-24.5678
21.4127;-24.7678
21.4154;-24.9678
21.4182;-25.1677
21.4209;-25.3677
21.4236;-25.5677
21.4263;-25.7677
21.4291;-25.9677
21.4318;-26.1676
21.4345;-26.3676
21.4372;-26.5676
21.44;-26.7676
21.4427;-26.9676
21.4454;-27.1675
21.4481;-27.3675
21.4509;-27.5675
21.4536;-27.7675
21.4563;-27.9675
21.459;-28.1675
21.4617;-28.3674
21.4645;-28.5674
21.4672;-28.7674
21.4699;-28.9674
21.4726;-29.1674
21.4754;-29.3673
21.4781;-29.5673
21.4808;-29.7673
21.4835;-29.9673
21.4863;29.8327
21.489;29.6327
21.4917;29.4328
21.4944;29.2328
21.4972;29.0328
21.4999;28.8328
21.5026;28.6328
21.5053;28.4329
21.508;28.2329
21.5108;28.0329
21.5135;27.8329
21.5162;27.6329
21.5189;27.433
21.5217;27.233
21.5244;27.033
21.5271;26.833
21.5298;26.633
21.5326;26.433
21.5353;26.2331
21.538;26.0331
21.5407;25.8331
21.5434;25.6331
21.5462;25.4331
21.5489;25.2332
21.5516;25.0332
21.5543;24.8332
21.5571;24.6332
21.5598;24.4332
21.5625;24.2332
21.5652;24.0333
21.568;23.8333
21.5707;23.6333
21.5734;23.4333
21.5761;23.2333
21.5789;23.0334
21.5816;22.8334
21.5843;22.6334
21.587;22.4334
21.5897;22.2334
21.5925;22.0335
21.5952;21.8335
21.5979;21.6335
21.6006;21.4335
21.6034;21.2335
21.6061;21.0335
21.6088;20.8336
21.6115;20.6336
21.6143;20.4336
21.617;20.2336
21.6197;20.0336
21.6224;19.8337
21.6251;19.6337
21.6279;19.4337
21.6306;19.2337
21.6333;19.0337
21.636;18.8338
21.6388;18.6338
21.6415;18.4338
21.6442;18.2338
21.6469;18.0338
21.6497;17.8338
21.6524;17.6339
21.6551;17.4339
21.6578;17.2339
21.6606;17.0339
21.6633;16.8339
21.666;16.634
21.6687;16.434
21.6714;16.234
21.6742;16.034
21.6769;15.834
21.6796;15.634
21.6823;15.4341
21.6851;15.2341
21.6878;15.0341
21.6905;14.8341
21.6932;14.6341
21.696;14.4342
21.6987;14.2342
21.7014;14.0342
21.7041;13.8342
21.7069;13.6342
21.7096;13.4343
21.7123;13.2343
21.715;13.0343
21.7177;12.8343
21.7205;12.6343
21.7232;12.4343
21.7259;12.2344
21.7286;12.0344
21.7313;11.8344
21.7339;11.6344
21.7364;11.4344
21.7387;11.2344
21.7405;11.0345
21.7415;10.8345
21.7411;10.6344
21.7383;10.4345
21.7315;10.2345
21.7187;10.0348
21.697;9.83583
21.6631;9.63835
21.6142;9.44382
21.5498;9.25379
21.4721;9.06892
21.3865;8.88798
21.3007;8.70729
21.2229;8.52286
21.155;8.33442
21.0937;8.14393
21.0362;7.95231
20.9831;7.75946
20.9367;7.56478
20.8995;7.36805
20.8712;7.16986
20.8503;6.97081
20.8358;6.77124
20.827;6.57135
20.8236;6.3713
20.8253;6.17125
20.8316;5.97129
20.8418;5.77151
20.8556;5.57196
20.8722;5.37263
20.8911;5.17351
20.9116;4.97456
20.9333;4.77573
20.9555;4.57697
20.9778;4.37821
20.9997;4.17941
21.0207;3.98052
21.0404;3.78149
21.0586;3.58232
21.0749;3.38297
21.0892;3.18347
21.1012;2.98382
21.1109;2.78404
21.118;2.58415
21.1213;2.38414
21.1199;2.18409
21.1221;1.98407
21.1225;1.78406
21.1152;1.58405
21.0924;1.38474
21.0629;1.18681
21.0347;0.988813
21.0093;0.790401
20.9876;0.591553
20.9699;0.392299
20.9564;0.192706
20.9474;-0.00713704
20.9427;-0.207129
20.9421;-0.407172
20.9455;-0.607181
20.9524;-0.807093
20.9624;-1.00687
20.9751;-1.20648
20.99;-1.40594
21.0066;-1.60525
21.0245;-1.80446
21.0431;-2.00359
21.0621;-2.20269
21.0811;-2.40179
21.0995;-2.60093
21.1172;-2.80015
21.1338;-2.99947
21.149;-3.19889
21.1626;-3.39844
21.1744;-3.59809
21.1844;-3.79785
21.1925;-3.9977
21.1987;-4.19761
21.203;-4.39757
21.2056;-4.59757
21.2065;-4.79757
21.206;-4.99757
21.2041;-5.19757
21.2012;-5.39755
21.1975;-5.59752
21.193;-5.79747
21.1882;-5.99741
21.1831;-6.19735
21.1779;-6.39728
21.173;-6.59722
21.1683;-6.79717
21.1642;-6.99712
21.1607;-7.19709
21.1579;-7.39708
21.1559;-7.59707
21.1548;-7.79707
21.1545;-7.99707
21.1552;-8.19707
21.1568;-8.39706
21.1593;-8.59705
21.1625;-8.79703
21.1665;-8.99699
21.1712;-9.19693
21.1765;-9.39687
21.1822;-9.59679
21.1882;-9.79669
21.1946;-9.99659
21.2011;-10.1965
21.2077;-10.3964
21.2142;-10.5963
21.2206;-10.7962
21.2268;-10.9961
21.2327;-11.196
21.2383;-11.3959
21.2435;-11.5958
21.2484;-11.7958
21.2527;-11.9957
21.2567;-12.1957
21.2602;-12.3957
21.2633;-12.5956
21.2659;-12.7956
21.2682;-12.9956
21.2701;-13.1956
21.2718;-13.3956
21.2731;-13.5956
21.2743;-13.7956
21.2753;-13.9956
21.2762;-14.1956
21.2771;-14.3956
21.2779;-14.5956
21.2788;-14.7956
21.2797;-14.9956
21.2808;-15.1956
21.282;-15.3956
21.2834;-15.5956
21.285;-15.7956
21.2868;-15.9956
21.2888;-16.1955
21.2911;-16.3955
21.2935;-16.5955
21.2962;-16.7955
21.299;-16.9955
21.302;-17.1955
21.3052;-17.3954
21.3085;-17.5954
21.312;-17.7954
21.3155;-17.9953
21.3191;-18.1953
21.3227;-18.3953
21.3264;-18.5952
21.33;-18.7952
21.3336;-18.9952
21.3372;-19.1951
21.3407;-19.3951
21.3441;-19.5951
21.3474;-19.7951
21.3507;-19.995
21.3538;-20.195
21.3568;-20.395
21.3597;-20.595
21.3625;-20.7949
21.3653;-20.9949
21.3679;-21.1949
21.3704;-21.3949
21.3729;-21.5949
21.3753;-21.7949
21.3776;-21.9948
21.38;-22.1948
21.3822;-22.3948
21.3845;-22.5948
21.3868;-22.7948
21.3891;-22.9948
21.3914;-23.1948
21.3937;-23.3948
21.396;-23.5947
21.3984;-23.7947
21.4009;-23.9947
21.4034;-24.1947
21.4059;-24.3947
21.4085;-24.5947
21.4112;-24.7946
21.4139;-24.9946
21.4166;-25.1946
21.4194;-25.3946
21.4223;-25.5946
21.4251;-25.7946
21.428;-25.9945
21.4309;-26.1945
21.4339;-26.3945
21.4368;-26.5945
21.4398;-26.7944
21.4427;-26.9944
21.4456;-27.1944
21.4486;-27.3944
21.4515;-27.5944
21.4544;-27.7943
21.4572;-27.9943
21.4601;-28.1943
21.4629;-28.3943
21.4657;-28.5943
21.4685;-28.7942
21.4712;-28.9942
21.474;-29.1942
21.4767;-29.3942
21.4794;-29.5942
21.4821;-29.7941
21.4848;-29.9941
21.4875;29.8059
21.4902;29.6059
21.4928;29.4059
21.4955;29.2059
21.4981;29.006
21.5007;28.806
21.5034;28.606
21.506;28.406
21.5086;28.206
21.5112;28.006
21.5139;27.8061
21.5165;27.6061
21.5191;27.4061
21.5218;27.2061
21.5245;27.0061
21.5271;26.8062
21.5298;26.6062
21.5325;26.4062
21.5352;26.2062
21.5379;26.0062
21.5407;25.8062
21.5434;25.6063
21.5462;25.4063
21.5489;25.2063
21.5517;25.0063
21.5544;24.8063
21.5572;24.6064
21.56;24.4064
21.5628;24.2064
21.5655;24.0064
21.5683;23.8064
21.5711;23.6065
21.5738;23.4065
21.5766;23.2065
21.5793;23.0065
21.5821;22.8065
21.5848;22.6066
21.5876;22.4066
21.5903;22.2066
21.593;22.0066
21.5958;21.8066
21.5985;21.6066
21.6012;21.4067
21.6039;21.2067
21.6066;21.0067
21.6093;20.8067
21.612;20.6067
21.6147;20.4068
21.6174;20.2068
21.6201;20.0068
21.6228;19.8068
21.6255;19.6068
21.6282;19.4068
21.6309;19.2069
21.6336;19.0069
21.6363;18.8069
21.6391;18.6069
21.6418;18.4069
21.6445;18.207
21.6472;18.007
21.6499;17.807
21.6526;17.607
21.6554;17.407
21.6581;17.207
21.6608;17.0071
21.6636;16.8071
21.6663;16.6071
21.669;16.4071
21.6718;16.2071
21.6745;16.0072
21.6772;15.8072
21.68;15.6072
21.6827;15.4072
21.6854;15.2072
21.6881;15.0073
21.6908;14.8073
21.6935;14.6073
21.6962;14.4073
21.6988;14.2073
21.7014;14.0073
21.704;13.8074
21.7064;13.6074
21.7088;13.4074
21.711;13.2074
21.7131;13.0074
21.7149;12.8074
21.7164;12.6074
21.7175;12.4074
21.7182;12.2074
21.7182;12.0074
21.7175;11.8074
21.7159;11.6074
21.713;11.4074
21.7087;11.2075
21.7026;11.0076
21.6942;10.8077
21.6829;10.608
21.668;10.4086
21.6487;10.2094
21.6237;10.0109
21.592;9.81334
21.5527;9.61708
21.5054;9.4226
21.4504;9.23014
21.3893;9.03959
21.3248;8.85023
21.2601;8.661
21.1974;8.47108
21.1376;8.28019
21.0809;8.08837
21.0277;7.89553
20.9793;7.70142
20.9371;7.50581
20.9025;7.30868
20.8756;7.11034
20.856;6.91118
20.8428;6.7115
20.8355;6.51155
20.8335;6.31149
20.8362;6.11145
20.8433;5.91153
20.854;5.71179
20.8681;5.51225
20.8847;5.31293
20.9033;5.11379
20.9234;4.91479
20.9442;4.71588
20.9653;4.51699
20.9862;4.31809
21.0064;4.11911
21.0255;3.92002
21.0433;3.7208
21.0594;3.52145
21.0736;3.32194
21.0857;3.1223
21.0955;2.92253
21.1027;2.72264
21.108;2.5227
21.1184;2.3229
21.1361;2.12356
21.1507;1.92407
21.1564;1.72395
21.1353;1.52327
21.0696;1.32907
20.9703;1.15152
20.8585;0.984924
20.7539;0.814233
20.6717;0.630042
20.6178;0.435095
20.5936;0.234264
20.5981;0.0322877
20.6272;-0.167118
20.6753;-0.362213
20.7362;-0.553192
20.804;-0.741495
20.8734;-0.929073
20.94;-1.1177
21.0003;-1.30849
21.0524;-1.50179
21.0951;-1.69741
21.1284;-1.89485
21.1528;-2.09356
21.1694;-2.29303
21.1793;-2.49289
21.1839;-2.69291
21.1848;-2.89294
21.1832;-3.09295
21.1801;-3.29293
21.1767;-3.4929
21.1735;-3.69288
21.1711;-3.89287
21.1697;-4.09286
21.1694;-4.29287
21.1701;-4.49287
21.1716;-4.69286
21.1735;-4.89285
21.1757;-5.09284
21.1779;-5.29283
21.1797;-5.49282
21.1809;-5.69282
21.1815;-5.89282
21.1814;-6.09282
21.1805;-6.29282
21.1789;-6.49282
21.1769;-6.69281
21.1744;-6.89279
21.1718;-7.09277
21.1691;-7.29276
21.1667;-7.49274
21.1647;-7.69273
21.1633;-7.89273
21.1625;-8.09273
21.1625;-8.29273
21.1634;-8.49273
21.1652;-8.69272
21.1678;-8.89271
21.1712;-9.09268
21.1754;-9.29264
21.1802;-9.49258
21.1856;-9.69251
21.1914;-9.89242
21.1975;-10.0923
21.2038;-10.2922
21.2102;-10.4921
21.2165;-10.692
21.2227;-10.8919
21.2286;-11.0918
21.2342;-11.2918
21.2395;-11.4917
21.2444;-11.6916
21.2489;-11.8916
21.253;-12.0915
21.2567;-12.2915
21.2599;-12.4915
21.2627;-12.6915
21.2652;-12.8915
21.2674;-13.0914
21.2693;-13.2914
21.2709;-13.4914
21.2723;-13.6914
21.2736;-13.8914
21.2748;-14.0914
21.2759;-14.2914
21.277;-14.4914
21.2781;-14.6914
21.2792;-14.8914
21.2805;-15.0914
21.2819;-15.2914
21.2833;-15.4914
21.285;-15.6914
21.2868;-15.8914
21.2888;-16.0914
21.291;-16.2914
21.2934;-16.4913
21.2959;-16.6913
21.2986;-16.8913
21.3015;-17.0913
21.3045;-17.2913
21.3077;-17.4912
21.3109;-17.6912
21.3143;-17.8912
21.3177;-18.0912
21.3212;-18.2911
21.3247;-18.4911
21.3282;-18.6911
21.3317;-18.891
21.3352;-19.091
21.3386;-19.291
21.342;-19.4909
21.3453;-19.6909
21.3485;-19.8909
21.3517;-20.0909
21.3547;-20.2908
21.3577;-20.4908
21.3605;-20.6908
21.3633;-20.8908
21.366;-21.0908
21.3686;-21.2907
21.3712;-21.4907
21.3737;-21.6907
21.3761;-21.8907
21.3785;-22.0907
21.3808;-22.2907
21.3832;-22.4907
21.3855;-22.6906
21.3878;-22.8906
21.3902;-23.0906
21.3926;-23.2906
21.3949;-23.4906
21.3974;-23.6906
21.3998;-23.8906
21.4023;-24.0905
21.4049;-24.2905
21.4074;-24.4905
21.4101;-24.6905
21.4127;-24.8905
21.4155;-25.0905
21.4182;-25.2904
21.421;-25.4904
21.4238;-25.6904
21.4267;-25.8904
21.4296;-26.0904
21.4325;-26.2903
21.4354;-26.4903
21.4383;-26.6903
21.4412;-26.8903
21.4441;-27.0902
21.447;-27.2902
21.4499;-27.4902
21.4528;-27.6902
21.4557;-27.8902
21.4585;-28.0901
21.4613;-28.2901
21.4641;-28.4901
21.4669;-28.6901
21.4697;-28.8901
21.4724;-29.09
21.4752;-29.29
21.4779;-29.49
21.4806;-29.69
21.4833;-29.89
21.486;29.91
21.4887;29.7101
21.4914;29.5101
21.4941;29.3101
21.4967;29.1101
21.4994;28.9101
21.502;28.7101
21.5046;28.5102
21.5072;28.3102
21.5099;28.1102
21.5125;27.9102
21.5151;27.7102
21.5178;27.5103
21.5204;27.3103
21.5231;27.1103
21.5258;26.9103
21.5285;26.7103
21.5312;26.5103
21.5339;26.3104
21.5366;26.1104
21.5393;25.9104
21.542;25.7104
21.5448;25.5104
21.5475;25.3105
21.5503;25.1105
21.553;24.9105
21.5558;24.7105
21.5586;24.5105
21.5613;24.3105
21.5641;24.1106
21.5669;23.9106
21.5696;23.7106
21.5724;23.5106
21.5751;23.3106
21.5779;23.1107
21.5806;22.9107
21.5834;22.7107
21.5861;22.5107
21.5889;22.3107
21.5916;22.1108
21.5943;21.9108
21.597;21.7108
21.5998;21.5108
21.6025;21.3108
21.6052;21.1109
21.6079;20.9109
21.6106;20.7109
21.6133;20.5109
21.616;20.3109
21.6187;20.1109
21.6214;19.911
21.6241;19.711
21.6268;19.511
21.6295;19.311
21.6322;19.111
21.6349;18.9111
21.6377;18.7111
21.6404;18.5111
21.6431;18.3111
21.6458;18.1111
21.6485;17.9111
21.6512;17.7112
21.654;17.5112
21.6567;17.3112
21.6594;17.1112
21.6621;16.9112
21.6648;16.7113
21.6676;16.5113
21.6703;16.3113
21.673;16.1113
21.6757;15.9113
21.6784;15.7113
21.681;15.5114
21.6837;15.3114
21.6863;15.1114
21.6888;14.9114
21.6913;14.7114
21.6938;14.5114
21.6961;14.3115
21.6984;14.1115
21.7005;13.9115
21.7025;13.7115
21.7042;13.5115
21.7057;13.3115
21.707;13.1115
21.7079;12.9115
21.7084;12.7115
21.7083;12.5115
21.7078;12.3115
21.7065;12.1115
21.7044;11.9115
21.7014;11.7115
21.6973;11.5116
21.6918;11.3117
21.6847;11.1118
21.6756;10.912
21.6642;10.7123
21.6497;10.5128
21.6315;10.3136
21.6087;10.1148
21.5806;9.91674
21.5465;9.71958
21.5059;9.52363
21.459;9.3291
21.4066;9.136
21.3501;8.94409
21.2913;8.75291
21.2319;8.56193
21.1733;8.37073
21.1163;8.179
21.0621;7.98647
21.0117;7.79288
20.9664;7.59801
20.9275;7.40173
20.8956;7.20415
20.8711;7.00553
20.8536;6.80617
20.8425;6.60637
20.8373;6.40635
20.8373;6.20628
20.8418;6.00628
20.8503;5.80642
20.8622;5.60675
20.877;5.40728
20.8941;5.208
20.9129;5.00888
20.9329;4.80987
20.9535;4.61093
20.9741;4.412
20.9944;4.21303
21.0139;4.01398
21.0322;3.81482
21.0491;3.61552
21.0642;3.41609
21.0773;3.21651
21.0884;3.01681
21.0982;2.81704
21.1103;2.61739
21.1353;2.41854
21.167;2.22096
21.1941;2.02275
21.2071;1.82266
21.178;1.62036
21.0735;1.43334
20.9035;1.29919
20.707;1.22534
20.5001;1.20734
20.2976;1.22789
20.0991;1.25284
19.8994;1.26807
19.6992;1.27299
19.4991;1.26997
19.2992;1.26138
19.0995;1.24909
18.9001;1.23442
18.7007;1.21827
18.5014;1.20121
18.3022;1.18359
18.103;1.16563
17.9038;1.14747
17.7047;1.12919
17.5055;1.11084
17.3064;1.09244
17.1072;1.07402
16.9081;1.05559
16.7089;1.03714
16.5098;1.01869
16.3106;1.00023
16.1115;0.981775
15.9123;0.963314
15.7132;0.944852
15.514;0.926387
15.3149;0.90792
15.1158;0.889452
14.9166;0.870981
14.7175;0.85251
14.5183;0.834038
14.3192;0.815566
14.12;0.797095
13.9209;0.778627
13.7217;0.760164
13.5226;0.741706
13.3234;0.723256
13.1243;0.704813
12.9252;0.686377
12.726;0.667948
12.5269;0.649524
12.3277;0.6311
12.1286;0.612671
11.9294;0.594232
11.7303;0.575776
11.5311;0.557293
11.332;0.538778
11.1328;0.520224
10.9337;0.501628
10.7346;0.482993
10.5354;0.464325
10.3363;0.445637
10.1372;0.42695
9.93807;0.408294
9.73893;0.389702
9.53979;0.371216
9.34063;0.352875
9.14146;0.334716
8.94226;0.316768
8.74305;0.299042
8.54382;0.281526
8.34457;0.264179
8.14532;0.246925
7.94607;0.22965
7.74683;0.212207
7.54762;0.194425
7.34846;0.176117
7.14936;0.157108
6.95035;0.137258
6.75143;0.116498
6.5526;0.0948568
6.35385;0.0725024
6.15515;0.0497771
5.95642;0.0272427
5.75758;0.00572937
5.5585;-0.0136247
5.35909;-0.0293835
5.1593;-0.039921
4.95922;-0.0436541
4.75911;-0.0393819
4.55933;-0.0266747
4.36023;-0.00620779
4.16188;0.0201299
3.96403;0.0494877
3.76616;0.0786346
3.56784;0.104664
3.36888;0.125633
3.16939;0.141027
2.96964;0.151907
2.76981;0.160564
2.57002;0.169751
2.37037;0.181855
2.171;0.198376
1.97209;0.219836
1.77375;0.245971
1.57599;0.276053
1.37873;0.309177
1.18185;0.344474
0.985251;0.381219
0.788824;0.418868
0.592501;0.457046
0.396236;0.495515
0.199999;0.534133
0.00377712;0.572822
-0.192439;0.61154
-0.388654;0.65027
-0.584867;0.689001
-0.781082;0.72773
-0.977297;0.766456
-1.17351;0.805176
-1.36973;0.843886
-1.56595;0.882583
-1.76218;0.92126
-1.95841;0.959908
-2.15464;0.998517
-2.35089;1.03707
-2.54715;1.07557
-2.74343;1.11398
-2.93972;1.1523
-3.13604;1.19051
-3.33238;1.2286
-3.52875;1.26655
-3.72514;1.30435
-3.92157;1.342
-4.11802;1.37951
-4.3145;1.41686
-4.51101;1.45406
-4.70754;1.49113
-4.90411;1.52806
-5.10069;1.56485
-5.2973;1.60152
-5.49394;1.63804
-5.69061;1.67439
-5.88731;1.71056
-6.08406;1.74649
-6.28085;1.78214
-6.47771;1.81747
-6.67463;1.85243
-6.87162;1.88701
-7.06867;1.9212
-7.26579;1.95504
-7.46295;1.98862
-7.66013;2.02209
-7.85729;2.05566
-8.0544;2.08958
-8.25138;2.12417
-8.44819;2.15976
-8.64477;2.19666
-8.84104;2.23512
-9.03697;2.27528
-9.23256;2.31711
-9.42784;2.36032
-9.62294;2.40435
-9.81805;2.44826
-10.0135;2.4908
-10.2096;2.53034
-10.4066;2.56505
-10.6047;2.59299
-10.804;2.61238
-11.004;2.62173
-11.2043;2.62007
-11.4042;2.60697
-11.6031;2.58267
-11.8003;2.54804
-11.9957;2.50456
-12.1894;2.45422
-12.3818;2.39939
-12.5736;2.34251
-12.7654;2.2859
-12.9578;2.23144
-13.1513;2.18044
-13.3458;2.13368
-13.5413;2.09147
-13.7378;2.05387
-13.9351;2.02072
-14.1331;1.99182
-14.3315;1.96686
-14.5304;1.94549
-14.7296;1.92732
-14.929;1.91194
-15.1286;1.89892
-15.3283;1.88788
-15.5281;1.87845
-15.728;1.87035
-15.9278;1.86333
-16.1277;1.8572
-16.3277;1.85179
-16.5276;1.847
-16.7276;1.84272
-16.9275;1.83887
-17.1275;1.8354
-17.3275;1.83225
-17.5275;1.82938
-17.7274;1.82676
-17.9274;1.82436
-18.1274;1.82214
-18.3274;1.82009
-18.5274;1.8182
-18.7274;1.81642
-18.9274;1.81477
-19.1274;1.81321
-19.3274;1.81174
-19.5274;1.81034
-19.7274;1.809
-19.9274;1.80771
-20.1274;1.80645
-20.3274;1.8052
-20.5273;1.80396
-20.7273;1.8027
-20.9273;1.8014
-21.1273;1.80004
-21.3273;1.79859
-21.5273;1.79704
-21.7273;1.79534
-21.9273;1.79349
-22.1273;1.79144
-22.3273;1.78919
-22.5273;1.78671
-22.7273;1.78398
-22.9272;1.781
-23.1272;1.77776
-23.3272;1.77426
-23.5271;1.7705
-23.7271;1.76649
-23.9271;1.76224
-24.127;1.75778
-24.327;1.75312
-24.5269;1.7483
-24.7268;1.74333
-24.9268;1.73825
-25.1267;1.73311
-25.3266;1.72796
-25.5266;1.72289
-25.7265;1.71802
-25.9265;1.71354
-26.1264;1.7097
-26.3264;1.70693
-26.5264;1.70576
-26.7264;1.70695
-26.9264;1.71131
-27.1263;1.71932
-27.326;1.73007
-27.5258;1.73986
-27.7259;1.74165
-27.926;1.72818
-28.1243;1.69553
-28.3187;1.6453
-28.5103;1.58738
-28.7059;1.54329
-28.9082;1.5309
-29.1092;1.54182
-29.3083;1.56312
-29.5068;1.58788
-29.7052;1.61349
-29.9035;1.63927
29.8981;1.66504
29.6947;1.65162
29.4955;1.6325
29.2963;1.61516
29.0967;1.60127
28.897;1.59046
28.6972;1.5819
28.4973;1.57481
28.2974;1.56863
28.0975;1.563
27.8975;1.5577
27.6976;1.55261
27.4977;1.54765
27.2977;1.54275
27.0978;1.53787
26.8979;1.53298
26.6979;1.52802
26.498;1.52295
26.298;1.51774
26.0981;1.51234
25.8982;1.50673
25.6983;1.50091
25.4984;1.49487
25.2985;1.48868
25.0986;1.48239
24.8987;1.47611
24.6988;1.47
24.4988;1.46421
24.2989;1.45898
24.099;1.45456
23.899;1.45125
23.699;1.44944
23.499;1.44958
23.299;1.45224
23.099;1.45812
22.8992;1.46794
22.6997;1.48235
22.5006;1.50141
22.3018;1.52408
22.1032;1.54789
21.9044;1.56913
21.7046;1.58256
21.504;1.58015
21.3044;1.55147
21.1106;1.49403
20.9219;1.42668
20.73;1.36952
20.5332;1.32963
20.3337;1.30672
20.1338;1.29463
19.9339;1.28678
19.7341;1.2794
19.5342;1.27072
19.3345;1.26014
19.1349;1.24765
18.9354;1.23354
18.736;1.21817
18.5366;1.20187
18.3374;1.1849
18.1381;1.16746
17.9389;1.1497
17.7397;1.13172
17.5405;1.11358
17.3414;1.09534
17.1422;1.07702
16.9431;1.05866
16.7439;1.04027
16.5448;1.02186
16.3456;1.00343
16.1465;0.984984
15.9473;0.966535
15.7482;0.948081
15.549;0.929622
15.3499;0.91116
15.1507;0.892695
14.9516;0.874228
14.7524;0.85576
14.5533;0.837291
14.3541;0.818823
14.155;0.800357
13.9559;0.781893
13.7567;0.763433
13.5576;0.744978
13.3584;0.726528
13.1593;0.708083
12.9601;0.689643
12.761;0.671206
12.5618;0.65277
12.3627;0.634331
12.1635;0.615886
11.9644;0.597428
11.7652;0.578953
11.5661;0.560455
11.367;0.541931
11.1678;0.523379
10.9687;0.504798
10.7695;0.486194
10.5704;0.467575
10.3713;0.448956
10.1722;0.430356
9.97302;0.4118
9.77387;0.393314
9.57472;0.374927
9.37555;0.356665
9.17638;0.338549
8.97719;0.320587
8.77798;0.302775
8.57876;0.285087
8.37954;0.267473
8.18032;0.249861
7.9811;0.232153
7.78191;0.214236
7.58274;0.195987
7.38362;0.177288
7.18454;0.158047
6.98553;0.138216
6.78657;0.117819
6.58766;0.0969813
6.38877;0.075955
6.18985;0.0551521
5.99085;0.0351677
5.79169;0.0167907
5.5923;0.000983362
5.39264;-0.0111842
5.19272;-0.018656
4.99265;-0.0205598
4.7926;-0.016401
4.59277;-0.00623591
4.3933;0.00923189
4.19421;0.0286913
3.99538;0.0504238
3.79661;0.0726255
3.59773;0.093762
3.39864;0.112863
3.19933;0.12969
2.99989;0.144729
2.8004;0.159009
2.60095;0.173791
2.40162;0.190257
2.20251;0.209285
2.00371;0.231358
1.80528;0.256579
1.60725;0.284751
1.40961;0.315497
1.21232;0.348356
1.01531;0.38287
0.818528;0.418632
0.621917;0.455304
0.425428;0.492624
0.229027;0.530396
0.0326857;0.568478
-0.163614;0.60677
-0.359887;0.645204
-0.556141;0.683732
-0.752383;0.72232
-0.948618;0.760946
-1.14485;0.799591
-1.34108;0.838242
-1.53731;0.876888
-1.73354;0.915518
-1.92978;0.954119
-2.12603;0.992681
-2.32229;1.03119
-2.51856;1.06964
-2.71484;1.10801
-2.91114;1.14628
-3.10747;1.18446
-3.30381;1.22251
-3.50018;1.26044
-3.69658;1.29824
-3.893;1.3359
-4.08945;1.37342
-4.28593;1.41079
-4.48243;1.44802
-4.67897;1.4851
-4.87552;1.52204
-5.07211;1.55884
-5.26873;1.59548
-5.46537;1.63196
-5.66205;1.66825
-5.85877;1.70434
-6.05553;1.74019
-6.25234;1.77579
-6.44919;1.8111
-6.64611;1.84611
-6.84307;1.88082
-7.04008;1.91527
-7.23713;1.94951
-7.4342;1.98364
-7.63126;2.01778
-7.82829;2.05212
-8.02525;2.08685
-8.2221;2.1222
-8.41881;2.15837
-8.61533;2.19553
-8.81164;2.23378
-9.00774;2.27311
-9.20365;2.31334
-9.39946;2.35409
-9.59528;2.39474
-9.7913;2.43446
-9.98773;2.47213
-10.1848;2.50648
-10.3826;2.5361
-10.5814;2.55956
-10.7809;2.57557
-10.9809;2.58305
-11.1811;2.58127
-11.381;2.56993
-11.5802;2.54922
-11.7782;2.51984
-11.9749;2.48296
-12.1704;2.44012
-12.3648;2.39311
-12.5586;2.34375
-12.7523;2.29375
-12.9461;2.2446
-13.1405;2.19747
-13.3356;2.1532
-13.5314;2.11232
-13.7279;2.07514
-13.9252;2.04173
-14.123;2.01206
-14.3213;1.98596
-14.52;1.96319
-14.7191;1.94346
-14.9184;1.92645
-15.1179;1.91182
-15.3175;1.89926
-15.5172;1.88845
-15.717;1.87912
-15.9168;1.87104
-16.1167;1.86398
-16.3166;1.8578
-16.5165;1.85233
-16.7165;1.84748
-16.9164;1.84315
-17.1164;1.83925
-17.3164;1.83573
-17.5163;1.83254
-17.7163;1.82963
-17.9163;1.82697
-18.1163;1.82452
-18.3163;1.82226
-18.5163;1.82016
-18.7163;1.81821
-18.9162;1.81639
-19.1162;1.81467
-19.3162;1.81305
-19.5162;1.81151
-19.7162;1.81004
-19.9162;1.80861
-20.1162;1.80722
-20.3162;1.80585
-20.5162;1.80447
-20.7162;1.80308
-20.9162;1.80165
-21.1162;1.80016
-21.3162;1.79859
-21.5162;1.7969
-21.7162;1.79509
-21.9162;1.79313
-22.1161;1.79099
-22.3161;1.78865
-22.5161;1.7861
-22.7161;1.78333
-22.9161;1.78033
-23.116;1.77708
-23.316;1.77359
-23.516;1.76987
-23.7159;1.76591
-23.9159;1.76175
-24.1158;1.75739
-24.3158;1.75285
-24.5157;1.74818
-24.7157;1.7434
-24.9156;1.73857
-25.1156;1.73374
-25.3155;1.72901
-25.5155;1.72448
-25.7154;1.72031
-25.9154;1.7167
-26.1154;1.71394
-26.3154;1.71233
-26.5154;1.71221
-26.7154;1.71377
-26.9154;1.71688
-27.1153;1.72068
-27.3153;1.72342
-27.5153;1.72262
-27.7153;1.71578
-27.9149;1.70119
-28.1138;1.67889
-28.312;1.65159
-28.5102;1.62469
-28.7093;1.6043
-28.9092;1.59366
-29.1094;1.59151
-29.3094;1.59471
-29.5094;1.60088
-29.7092;1.60849
-29.9091;1.61666
29.8911;1.62501
29.6904;1.61252
29.4904;1.607
29.2905;1.59941
29.0906;1.59277
28.8907;1.58625
28.6908;1.58011
28.4909;1.57423
28.291;1.56861
28.0911;1.56319
27.8911;1.55792
27.6912;1.55278
27.4912;1.54771
27.2913;1.54269
27.0914;1.53767
26.8914;1.53263
26.6915;1.52753
26.4916;1.52234
26.2916;1.51702
26.0917;1.51157
25.8918;1.50598
25.6919;1.50025
25.492;1.49442
25.292;1.48854
25.0921;1.4827
24.8922;1.47703
24.6923;1.47166
24.4923;1.46678
24.2924;1.46263
24.0924;1.45947
23.8924;1.45763
23.6924;1.45749
23.4924;1.45946
23.2924;1.46401
23.0926;1.47154
22.8928;1.48235
22.6933;1.49633
22.494;1.51281
22.2947;1.53023
22.0953;1.54603
21.8956;1.55683
21.6954;1.55874
21.4953;1.54804
21.2963;1.52268
21.0995;1.48478
20.9043;1.44107
20.7088;1.39896
20.5119;1.36296
20.3138;1.33461
20.1148;1.3131
19.9155;1.29645
19.7159;1.28259
19.5163;1.26985
19.3167;1.25711
19.1172;1.24374
18.9177;1.22949
18.7183;1.21434
18.5189;1.19839
18.3196;1.18178
18.1203;1.16468
17.9211;1.14719
17.7219;1.12942
17.5227;1.11145
17.3235;1.09333
17.1243;1.07511
16.9252;1.05682
16.726;1.03848
16.5269;1.0201
16.3277;1.0017
16.1286;0.983276
15.9294;0.964841
15.7303;0.946396
15.5311;0.927944
15.332;0.909488
15.1328;0.891028
14.9337;0.872565
14.7345;0.854101
14.5354;0.835636
14.3362;0.817172
14.1371;0.798708
13.938;0.780248
13.7388;0.76179
13.5397;0.743335
13.3405;0.724884
13.1414;0.706436
12.9422;0.68799
12.7431;0.669545
12.5439;0.651099
12.3448;0.632647
12.1456;0.614188
11.9465;0.595717
11.7473;0.577231
11.5482;0.558728
11.3491;0.540204
11.1499;0.521662
10.9508;0.503103
10.7517;0.484533
10.5525;0.465963
10.3534;0.447406
10.1542;0.428877
9.95509;0.410395
9.75594;0.391981
9.55678;0.373654
9.35762;0.355427
9.15844;0.337311
8.95925;0.319303
8.76005;0.301389
8.56085;0.283539
8.36165;0.265708
8.16245;0.247835
7.96326;0.229847
7.76409;0.211666
7.56494;0.193216
7.36582;0.17444
7.16674;0.155311
6.96769;0.135855
6.76866;0.116169
6.56964;0.0964409
6.37058;0.0769717
6.17147;0.0581866
5.97224;0.0406393
5.77284;0.0249984
5.57324;0.0120094
5.37344;0.00243041
5.17348;-0.0030577
4.97343;-0.00395659
4.77341;-5.42332e-05
4.57354;0.00849756
4.37389;0.0211593
4.1745;0.0370552
3.9753;0.0551002
3.77621;0.0741796
3.57713;0.093337
3.378;0.111929
3.17879;0.129712
2.97952;0.146848
2.78025;0.163821
2.58101;0.181302
2.38188;0.199995
2.18293;0.220502
1.98421;0.243239
1.78579;0.268404
1.58768;0.295991
1.38991;0.325833
1.19245;0.357661
0.995264;0.391157
0.798318;0.425999
0.601562;0.461891
0.404954;0.49858
0.208458;0.535858
0.0120444;0.573564
-0.18431;0.611575
-0.380624;0.6498
-0.576908;0.688172
-0.773173;0.726644
-0.969426;0.765179
-1.16567;0.803752
-1.36191;0.842343
-1.55815;0.880934
-1.7544;0.919511
-1.95065;0.958062
-2.1469;0.996572
-2.34317;1.03503
-2.53945;1.07342
-2.73575;1.11174
-2.93206;1.14996
-3.12839;1.18809
-3.32475;1.2261
-3.52113;1.26399
-3.71753;1.30176
-3.91396;1.33939
-4.11041;1.37688
-4.30689;1.41422
-4.5034;1.45143
-4.69994;1.48848
-4.89651;1.52539
-5.0931;1.56214
-5.28973;1.59873
-5.48638;1.63513
-5.68308;1.67135
-5.87981;1.70737
-6.07658;1.74316
-6.2734;1.77871
-6.47025;1.81402
-6.66716;1.84909
-6.8641;1.88394
-7.06107;1.91861
-7.25806;1.95316
-7.45506;1.9877
-7.65204;2.02232
-7.84898;2.05718
-8.04585;2.0924
-8.24263;2.12815
-8.43929;2.16453
-8.63583;2.2016
-8.83224;2.23935
-9.02853;2.27765
-9.22478;2.31624
-9.42105;2.35467
-9.61747;2.39234
-9.81419;2.42844
-10.0114;2.46202
-10.2091;2.49202
-10.4076;2.51729
-10.6067;2.53675
-10.8065;2.54939
-11.0065;2.55443
-11.2067;2.55137
-11.4065;2.54004
-11.6057;2.52067
-11.8041;2.49388
-12.0014;2.46062
-12.1977;2.42213
-12.3933;2.37981
-12.5882;2.33512
-12.7829;2.28944
-12.9777;2.24404
-13.1728;2.19996
-13.3684;2.15802
-13.5645;2.11881
-13.7612;2.0827
-13.9586;2.04989
-14.1564;2.02042
-14.3547;1.99422
-14.5534;1.97112
-14.7524;1.9509
-14.9516;1.9333
-15.1511;1.91803
-15.3506;1.90482
-15.5503;1.89339
-15.7501;1.88348
-15.9499;1.87488
-16.1498;1.86738
-16.3496;1.8608
-16.5496;1.855
-16.7495;1.84986
-16.9494;1.84528
-17.1494;1.84118
-17.3494;1.83747
-17.5493;1.83412
-17.7493;1.83107
-17.9493;1.82828
-18.1493;1.82571
-18.3493;1.82335
-18.5493;1.82115
-18.7492;1.81911
-18.9492;1.81719
-19.1492;1.81539
-19.3492;1.81368
-19.5492;1.81205
-19.7492;1.81049
-19.9492;1.80897
-20.1492;1.80749
-20.3492;1.80601
-20.5492;1.80454
-20.7492;1.80304
-20.9492;1.8015
-21.1492;1.79989
-21.3492;1.7982
-21.5492;1.7964
-21.7491;1.79447
-21.9491;1.79239
-22.1491;1.79014
-22.3491;1.78771
-22.5491;1.78508
-22.7491;1.78223
-22.949;1.77917
-23.149;1.77588
-23.349;1.77237
-23.549;1.76864
-23.7489;1.76471
-23.9489;1.76059
-24.1488;1.75631
-24.3488;1.75188
-24.5487;1.74735
-24.7487;1.74277
-24.9486;1.73819
-25.1486;1.73369
-25.3485;1.72936
-25.5485;1.72533
-25.7485;1.72172
-25.9484;1.71872
-26.1484;1.71648
-26.3484;1.71514
-26.5484;1.71469
-26.7484;1.71496
-26.9484;1.71541
-27.1484;1.71521
-27.3484;1.71323
-27.5484;1.70828
-27.7482;1.69948
-27.9479;1.68657
-28.1472;1.67028
-28.3464;1.65239
-28.5457;1.6353
-28.7452;1.62124
-28.945;1.61144
-29.145;1.60591
-29.345;1.60391
-29.545;1.60446
-29.745;1.60656
-29.945;1.60946
29.855;1.61267
29.6549;1.60504
29.4549;1.60176
29.2549;1.59565
29.055;1.59033
28.8551;1.58448
28.6552;1.57885
28.4552;1.57323
28.2553;1.56776
28.0554;1.56239
27.8555;1.55713
27.6555;1.55195
27.4556;1.54683
27.2557;1.54174
27.0557;1.53664
26.8558;1.53152
26.6558;1.52635
26.4559;1.52111
26.256;1.51578
26.0561;1.51036
25.8561;1.50486
25.6562;1.49931
25.4563;1.49374
25.2564;1.48825
25.0564;1.48291
24.8565;1.47785
24.6566;1.47324
24.4566;1.46926
24.2566;1.46613
24.0566;1.46411
23.8566;1.46348
23.6566;1.46453
23.4566;1.46755
23.2567;1.47277
23.0568;1.48027
22.857;1.48991
22.6573;1.50118
22.4577;1.51312
22.258;1.52424
22.0582;1.53259
21.8581;1.53595
21.658;1.53219
21.4582;1.51975
21.2592;1.49841
21.0611;1.46977
20.8638;1.43696
20.6666;1.40349
20.469;1.37216
20.2709;1.34456
20.0723;1.32106
19.8732;1.3012
19.6739;1.28405
19.4745;1.26858
19.2751;1.25392
19.0756;1.23938
18.8761;1.22455
18.6767;1.20922
18.4774;1.19332
18.278;1.17688
18.0788;1.15995
17.8795;1.14264
17.6803;1.12503
17.4811;1.10719
17.2819;1.08917
17.0827;1.07103
16.8835;1.0528
16.6844;1.0345
16.4852;1.01615
16.2861;0.997774
16.0869;0.979369
15.8878;0.960946
15.6886;0.942511
15.4895;0.924066
15.2903;0.905615
15.0912;0.887159
14.892;0.8687
14.6929;0.850239
14.4937;0.831777
14.2946;0.813315
14.0955;0.794855
13.8963;0.776396
13.6972;0.757939
13.498;0.739484
13.2989;0.721031
13.0997;0.70258
12.9006;0.684129
12.7014;0.665677
12.5023;0.647222
12.3031;0.628761
12.104;0.610293
11.9048;0.591814
11.7057;0.573323
11.5066;0.554818
11.3074;0.5363
11.1083;0.51777
10.9091;0.499233
10.71;0.480696
10.5109;0.462167
10.3117;0.443659
10.1126;0.425184
9.91343;0.406757
9.71427;0.388393
9.51511;0.370102
9.31594;0.351892
9.11676;0.333765
8.91758;0.315711
8.71839;0.297714
8.5192;0.279745
8.32001;0.261765
8.12082;0.243729
7.92165;0.225586
7.72249;0.20729
7.52334;0.188807
7.32422;0.170129
7.12511;0.151283
6.926;0.132351
6.7269;0.113481
6.52776;0.0949017
6.32857;0.0769332
6.12929;0.0599862
5.92988;0.0445551
5.73031;0.0311941
5.53058;0.0204792
5.3307;0.012955
5.1307;0.00907031
4.93066;0.009113
4.73066;0.0131535
4.53078;0.0210127
4.33107;0.0322655
4.13154;0.0462878
3.93218;0.0623416
3.73293;0.079683
3.53374;0.0976717
3.33457;0.115859
3.13539;0.13404
2.93623;0.152257
2.73708;0.170758
2.538;0.189931
2.33903;0.210208
2.14021;0.231992
1.9416;0.25559
1.74324;0.281182
1.54514;0.308812
1.34734;0.338404
1.14981;0.369795
0.952535;0.402761
0.755493;0.437057
0.558644;0.472437
0.361953;0.508677
0.165385;0.545579
-0.0310868;0.582981
-0.227488;0.620753
-0.423837;0.658793
-0.62015;0.697022
-0.816436;0.735383
-1.01271;0.77383
-1.20897;0.81233
-1.40522;0.850858
-1.60147;0.889393
-1.79773;0.927916
-1.99399;0.966413
-2.19025;1.00487
-2.38653;1.04327
-2.58282;1.08161
-2.77913;1.11987
-2.97545;1.15804
-3.1718;1.19611
-3.36816;1.23407
-3.56455;1.27191
-3.76096;1.30963
-3.9574;1.34721
-4.15386;1.38465
-4.35035;1.42196
-4.54687;1.45911
-4.74342;1.49612
-4.93999;1.53297
-5.1366;1.56966
-5.33324;1.60618
-5.52991;1.64251
-5.72662;1.67866
-5.92336;1.71461
-6.12014;1.75035
-6.31696;1.78588
-6.51381;1.8212
-6.7107;1.85633
-6.90762;1.8913
-7.10456;1.92616
-7.30151;1.96097
-7.49845;1.99581
-7.69537;2.03077
-7.89225;2.06595
-8.08908;2.10146
-8.28583;2.13735
-8.4825;2.17368
-8.6791;2.21042
-8.87564;2.24746
-9.07217;2.28459
-9.26873;2.32148
-9.46543;2.35767
-9.66237;2.39255
-9.85967;2.42537
-10.0574;2.4553
-10.2558;2.48142
-10.4547;2.50282
-10.6541;2.51861
-10.854;2.52805
-11.0541;2.53057
-11.2542;2.52585
-11.454;2.51384
-11.6532;2.49481
-11.8517;2.46933
-12.0493;2.43824
-12.2462;2.40256
-12.4423;2.36346
-12.638;2.32215
-12.8335;2.27979
-13.029;2.23746
-13.2246;2.19608
-13.4207;2.15641
-13.6172;2.11901
-13.8141;2.08429
-14.0116;2.05247
-14.2095;2.02366
-14.4079;1.99782
-14.6066;1.97487
-14.8056;1.95462
-15.0048;1.93686
-15.2042;1.92136
-15.4038;1.90786
-15.6034;1.89612
-15.8032;1.88591
-16.003;1.87702
-16.2028;1.86925
-16.4027;1.86244
-16.6026;1.85644
-16.8026;1.85113
-17.0025;1.8464
-17.2025;1.84217
-17.4024;1.83836
-17.6024;1.83492
-17.8024;1.83178
-18.0024;1.82892
-18.2023;1.82629
-18.4023;1.82386
-18.6023;1.82161
-18.8023;1.81951
-19.0023;1.81754
-19.2023;1.81568
-19.4023;1.81391
-19.6023;1.81222
-19.8023;1.81059
-20.0023;1.80901
-20.2023;1.80744
-20.4022;1.80589
-20.6022;1.80433
-20.8022;1.80273
-21.0022;1.80109
-21.2022;1.79938
-21.4022;1.79758
-21.6022;1.79567
-21.8022;1.79363
-22.0022;1.79144
-22.2022;1.78909
-22.4022;1.78656
-22.6021;1.78383
-22.8021;1.78091
-23.0021;1.77778
-23.2021;1.77444
-23.402;1.7709
-23.602;1.76717
-23.802;1.76325
-24.0019;1.75917
-24.2019;1.75496
-24.4018;1.75064
-24.6018;1.74626
-24.8017;1.74187
-25.0017;1.73754
-25.2016;1.73334
-25.4016;1.72936
-25.6016;1.7257
-25.8015;1.72246
-26.0015;1.71973
-26.2015;1.71756
-26.4015;1.71592
-26.6015;1.71464
-26.8015;1.71342
-27.0015;1.71176
-27.2015;1.70907
-27.4014;1.70469
-27.6013;1.69811
-27.8011;1.68909
-28.0008;1.67782
-28.2004;1.66498
-28.4;1.65165
-28.5996;1.63908
-28.7993;1.62831
-28.9992;1.61996
-29.1991;1.61411
-29.3991;1.61043
-29.5991;1.60835
-29.7991;1.60728
-29.9991;1.60677
29.8009;1.60651
29.6009;1.60204
29.401;1.59837
29.201;1.59336
29.0011;1.58827
28.8012;1.58285
28.6012;1.5774
28.4013;1.57193
28.2014;1.56651
28.0015;1.56117
27.8015;1.55589
27.6016;1.55067
27.4017;1.54549
27.2017;1.54034
27.0018;1.53519
26.8019;1.53001
26.6019;1.52481
26.402;1.51955
26.2021;1.51425
26.0022;1.50891
25.8022;1.50355
25.6023;1.49822
25.4024;1.49296
25.2024;1.48787
25.0025;1.48304
24.8025;1.47861
24.6026;1.47473
24.4026;1.47159
24.2026;1.46937
24.0026;1.4683
23.8026;1.46859
23.6026;1.47042
23.4026;1.47392
23.2027;1.47911
23.0028;1.48584
22.8029;1.49375
22.6031;1.50217
22.4033;1.51014
22.2034;1.51643
22.0034;1.51961
21.8033;1.51829
21.6034;1.51131
21.4037;1.49809
21.2045;1.47886
21.0059;1.45475
20.8078;1.42757
20.6098;1.39933
20.4117;1.37177
20.2133;1.3461
20.0147;1.32289
19.8157;1.30215
19.6166;1.28352
19.4173;1.26647
19.218;1.25039
19.0186;1.23478
18.8192;1.21923
18.6198;1.20348
18.4204;1.18739
18.2211;1.17091
18.0218;1.15404
17.8226;1.13682
17.6233;1.1193
17.4241;1.10155
17.2249;1.08362
17.0258;1.06554
16.8266;1.04736
16.6274;1.0291
16.4283;1.01079
16.2291;0.992428
16.0299;0.974039
15.8308;0.955629
15.6316;0.937202
15.4325;0.918765
15.2334;0.900319
15.0342;0.881867
14.8351;0.863412
14.6359;0.844954
14.4368;0.826495
14.2376;0.808035
14.0385;0.789576
13.8393;0.771118
13.6402;0.752662
13.441;0.734206
13.2419;0.715751
13.0427;0.697297
12.8436;0.678842
12.6444;0.660384
12.4453;0.641922
12.2462;0.623455
12.047;0.60498
11.8479;0.586497
11.6487;0.568004
11.4496;0.549502
11.2504;0.530992
11.0513;0.512477
10.8522;0.493962
10.653;0.475454
10.4539;0.456962
10.2547;0.438495
10.0556;0.420064
9.85642;0.401679
9.65726;0.38335
9.4581;0.365083
9.25893;0.346881
9.05975;0.328738
8.86057;0.310646
8.66139;0.292587
8.46221;0.274536
8.26303;0.256466
8.06385;0.238345
7.86468;0.220148
7.66552;0.201857
7.46636;0.183477
7.26721;0.165038
7.06806;0.146614
6.8689;0.128327
6.66971;0.110361
6.47047;0.0929662
6.27115;0.0764624
6.07172;0.0612319
5.87217;0.0477055
5.67249;0.0363375
5.47266;0.027572
5.27272;0.021801
5.07271;0.0193204
4.87268;0.0202896
4.6727;0.0247024
4.47282;0.0323768
4.27308;0.0429691
4.07349;0.0560137
3.87404;0.0709819
3.67471;0.0873521
3.47546;0.104677
3.27627;0.122638
3.07712;0.141072
2.87801;0.15998
2.67897;0.179498
2.48;0.199858
2.28116;0.221332
2.08246;0.244187
1.88396;0.268634
1.68567;0.294807
1.48762;0.322749
1.28983;0.35242
1.09228;0.383707
0.894975;0.416447
0.697882;0.450448
0.500977;0.485511
0.304229;0.521441
0.107609;0.558062
-0.0889096;0.595221
-0.28535;0.63279
-0.481731;0.670663
-0.67807;0.708758
-0.874378;0.74701
-1.07067;0.785367
-1.26694;0.823793
-1.46321;0.862254
-1.65947;0.900728
-1.85574;0.939194
-2.05201;0.977635
-2.24829;1.01603
-2.44458;1.05438
-2.64088;1.09266
-2.8372;1.13086
-3.03353;1.16897
-3.22989;1.20698
-3.42626;1.24488
-3.62266;1.28266
-3.81909;1.32032
-4.01553;1.35784
-4.21201;1.39523
-4.40851;1.43248
-4.60504;1.46957
-4.8016;1.50652
-4.99819;1.5433
-5.19481;1.57992
-5.39146;1.61637
-5.58814;1.65263
-5.78486;1.68871
-5.98161;1.72461
-6.1784;1.76031
-6.37522;1.79583
-6.57207;1.83117
-6.76895;1.86637
-6.96585;1.90145
-7.16276;1.93646
-7.35968;1.97146
-7.55658;2.00652
-7.75346;2.04169
-7.95031;2.07705
-8.14712;2.11264
-8.34388;2.14847
-8.54061;2.18452
-8.73731;2.22069
-8.93402;2.25681
-9.13079;2.29261
-9.32769;2.32771
-9.52479;2.36164
-9.7222;2.3938
-9.92;2.42351
-10.1183;2.45003
-10.317;2.47258
-10.5163;2.49041
-10.716;2.50283
-10.916;2.50927
-11.1161;2.50933
-11.3161;2.50285
-11.5157;2.48987
-11.7149;2.4707
-11.9135;2.44589
-12.1113;2.41618
-12.3085;2.38246
-12.5051;2.34574
-12.7013;2.30704
-12.8974;2.26736
-13.0934;2.22763
-13.2895;2.18865
-13.486;2.15111
-13.6828;2.11554
-13.88;2.08232
-14.0777;2.05168
-14.2758;2.02376
-14.4742;1.99857
-14.6729;1.97604
-14.8719;1.95604
-15.0712;1.93839
-15.2706;1.92289
-15.4701;1.90933
-15.6698;1.89748
-15.8695;1.88714
-16.0693;1.8781
-16.2692;1.87019
-16.4691;1.86325
-16.669;1.85713
-16.8689;1.85172
-17.0688;1.8469
-17.2688;1.84259
-17.4688;1.83872
-17.6687;1.83522
-17.8687;1.83204
-18.0687;1.82913
-18.2687;1.82646
-18.4687;1.824
-18.6686;1.82171
-18.8686;1.81957
-19.0686;1.81756
-19.2686;1.81567
-19.4686;1.81386
-19.6686;1.81212
-19.8686;1.81044
-20.0686;1.80879
-20.2686;1.80716
-20.4686;1.80554
-20.6686;1.80389
-20.8686;1.80221
-21.0685;1.80048
-21.2685;1.79867
-21.4685;1.79676
-21.6685;1.79475
-21.8685;1.7926
-22.0685;1.79031
-22.2685;1.78786
-22.4685;1.78523
-22.6684;1.78242
-22.8684;1.77941
-23.0684;1.77622
-23.2684;1.77284
-23.4683;1.76927
-23.6683;1.76552
-23.8683;1.76162
-24.0682;1.75759
-24.2682;1.75345
-24.4681;1.74925
-24.6681;1.74502
-24.868;1.74082
-25.068;1.73671
-25.268;1.73277
-25.4679;1.72905
-25.6679;1.72563
-25.8679;1.72255
-26.0679;1.71983
-26.2678;1.71744
-26.4678;1.71525
-26.6678;1.71306
-26.8678;1.71058
-27.0678;1.70743
-27.2677;1.70323
-27.4677;1.69765
-27.6675;1.69051
-27.8674;1.68182
-28.0671;1.67189
-28.2668;1.66125
-28.4666;1.6506
-28.6663;1.64063
-28.8661;1.6319
-29.066;1.6247
-29.2659;1.61903
-29.4659;1.61468
-29.6659;1.61123
-29.8658;1.60828
29.9342;1.60556
29.7342;1.60382
29.5342;1.60011
29.3343;1.59613
29.1343;1.5914
28.9344;1.58638
28.7344;1.5811
28.5345;1.57573
28.3346;1.57033
28.1347;1.56494
27.9347;1.5596
27.7348;1.5543
27.5349;1.54905
27.3349;1.54383
27.135;1.53864
26.9351;1.53345
26.7351;1.52825
26.5352;1.52304
26.3353;1.51782
26.1353;1.51258
25.9354;1.50736
25.7355;1.50219
25.5355;1.49711
25.3356;1.49219
25.1357;1.48753
24.9357;1.48323
24.7357;1.47941
24.5358;1.47623
24.3358;1.47384
24.1358;1.47241
23.9358;1.47208
23.7358;1.47299
23.5358;1.47522
23.3358;1.47874
23.1359;1.48345
22.9359;1.48904
22.736;1.49505
22.5361;1.50079
22.3362;1.50543
22.1362;1.50798
21.9361;1.50746
21.7362;1.503
21.5363;1.49399
21.3367;1.48029
21.1375;1.46222
20.9386;1.44064
20.7401;1.41673
20.5416;1.39178
20.3432;1.36695
20.1446;1.3431
19.9458;1.32074
19.7469;1.30005
19.5478;1.28091
19.3486;1.26304
19.1493;1.24607
18.95;1.22965
18.7507;1.21345
18.5513;1.19725
18.352;1.18087
18.1527;1.16424
17.9534;1.14731
17.7541;1.13009
17.5549;1.11261
17.3557;1.09491
17.1565;1.07703
16.9573;1.05901
16.7581;1.04087
16.559;1.02264
16.3598;1.00435
16.1606;0.986016
15.9615;0.967644
15.7623;0.949246
15.5632;0.930829
15.364;0.912398
15.1649;0.893958
14.9657;0.87551
14.7666;0.857059
14.5674;0.838604
14.3683;0.820147
14.1692;0.801689
13.97;0.783232
13.7709;0.764774
13.5717;0.746317
13.3726;0.727861
13.1734;0.709404
12.9743;0.690946
12.7751;0.672487
12.576;0.654025
12.3768;0.635558
12.1777;0.617086
11.9785;0.598608
11.7794;0.580124
11.5803;0.561633
11.3811;0.543136
11.182;0.524637
10.9828;0.506138
10.7837;0.487646
10.5845;0.469166
10.3854;0.450706
10.1862;0.432274
9.98709;0.413878
9.78794;0.395527
9.58878;0.377224
9.38961;0.358974
9.19044;0.340774
8.99127;0.322621
8.79209;0.304502
8.59291;0.286405
8.39373;0.268313
8.19455;0.25021
7.99537;0.232081
7.7962;0.213925
7.59703;0.195752
7.39785;0.177599
7.19867;0.159532
6.99947;0.141658
6.80024;0.124128
6.60096;0.107149
6.40161;0.0909771
6.20218;0.075919
6.00264;0.0623209
5.80297;0.0505514
5.60319;0.0409791
5.4033;0.0339442
5.20332;0.0297272
5.0033;0.0285196
4.80329;0.0304
4.60333;0.0353204
4.40346;0.0431075
4.20371;0.0534795
4.00409;0.0660781
3.80461;0.0805117
3.60523;0.0964016
3.40596;0.113426
3.20676;0.131353
3.00764;0.150057
2.80858;0.169522
2.60961;0.189825
2.41075;0.211108
2.21201;0.233544
2.01342;0.257306
1.81501;0.282532
1.61681;0.309312
1.41882;0.337674
1.22106;0.367582
1.02353;0.398951
0.826219;0.431651
0.629106;0.465528
0.43217;0.500417
0.235386;0.536152
0.0387299;0.572577
-0.157823;0.609552
-0.354295;0.646955
-0.550704;0.684685
-0.747066;0.722658
-0.943395;0.760806
-1.1397;0.799075
-1.33599;0.837423
-1.53227;0.875815
-1.72855;0.914225
-1.92482;0.95263
-2.12111;0.99101
-2.3174;1.02935
-2.5137;1.06764
-2.71001;1.10585
-2.90634;1.14399
-3.10269;1.18204
-3.29906;1.21998
-3.49545;1.25782
-3.69186;1.29553
-3.88829;1.33312
-4.08476;1.37058
-4.28124;1.4079
-4.47776;1.44508
-4.6743;1.48211
-4.87087;1.51898
-5.06747;1.55569
-5.26411;1.59224
-5.46077;1.62861
-5.65747;1.66481
-5.8542;1.70084
-6.05096;1.73668
-6.24775;1.77236
-6.44457;1.80787
-6.64142;1.84324
-6.83829;1.8785
-7.03517;1.91367
-7.23206;1.9488
-7.42895;1.98393
-7.62583;2.01911
-7.8227;2.05437
-8.01955;2.08975
-8.21637;2.12523
-8.41319;2.1608
-8.61;2.19634
-8.80685;2.23173
-9.00376;2.26672
-9.2008;2.30101
-9.39803;2.33421
-9.59552;2.36582
-9.79335;2.39528
-9.99158;2.42198
-10.1903;2.44525
-10.3894;2.46445
-10.5889;2.47896
-10.7888;2.48823
-10.9888;2.49187
-11.1889;2.48962
-11.3888;2.4814
-11.5884;2.46736
-11.7875;2.44783
-11.9861;2.42334
-12.184;2.39456
-12.3814;2.3623
-12.5784;2.32743
-12.775;2.29084
-12.9715;2.2534
-13.168;2.21591
-13.3645;2.17908
-13.5614;2.14352
-13.7585;2.10971
-13.956;2.07801
-14.1538;2.04864
-14.352;2.02174
-14.5505;1.99734
-14.7493;1.97541
-14.9484;1.95583
-15.1477;1.93847
-15.3471;1.92315
-15.5466;1.90968
-15.7463;1.89786
-15.946;1.8875
-16.1458;1.87843
-16.3457;1.87047
-16.5455;1.86347
-16.7455;1.85729
-16.9454;1.85183
-17.1453;1.84696
-17.3453;1.84261
-17.5452;1.8387
-17.7452;1.83517
-17.9452;1.83197
-18.1452;1.82904
-18.3451;1.82635
-18.5451;1.82386
-18.7451;1.82155
-18.9451;1.81939
-19.1451;1.81735
-19.3451;1.81542
-19.5451;1.81358
-19.7451;1.8118
-19.9451;1.81007
-20.145;1.80837
-20.345;1.80668
-20.545;1.80499
-20.745;1.80327
-20.945;1.8015
-21.145;1.79968
-21.345;1.79778
-21.545;1.79577
-21.745;1.79366
-21.945;1.79141
-22.145;1.78902
-22.3449;1.78646
-22.5449;1.78374
-22.7449;1.78085
-22.9449;1.77777
-23.1448;1.77452
-23.3448;1.77109
-23.5448;1.7675
-23.7448;1.76376
-23.9447;1.75988
-24.1447;1.7559
-24.3446;1.75184
-24.5446;1.74775
-24.7445;1.74367
-24.9445;1.73964
-25.1445;1.73572
-25.3444;1.73196
-25.5444;1.7284
-25.7444;1.72508
-25.9444;1.722
-26.1443;1.71912
-26.3443;1.71636
-26.5443;1.71357
-26.7443;1.71057
-26.9442;1.70711
-27.1442;1.70295
-27.3441;1.69787
-27.544;1.69172
-27.7439;1.68448
-27.9438;1.6763
-28.1436;1.66744
-28.3433;1.65831
-28.5431;1.64937
-28.743;1.64104
-28.9428;1.6336
-29.1427;1.62715
-29.3427;1.62163
-29.5426;1.61685
-29.7426;1.61249
-29.9425;1.60832
29.8575;1.6042
29.6575;1.60239
29.4575;1.59831
29.2576;1.5942
29.0576;1.58941
28.8577;1.58439
28.6578;1.57915
28.4578;1.57381
28.2579;1.56844
28.058;1.56307
27.8581;1.55773
27.6581;1.55243
27.4582;1.54716
27.2583;1.54192
27.0583;1.53671
26.8584;1.53151
26.6585;1.52632
26.4585;1.52114
26.2586;1.51598
26.0587;1.51085
25.8587;1.50579
25.6588;1.50084
25.4589;1.49606
25.2589;1.49151
25.059;1.4873
24.859;1.48352
24.659;1.4803
24.459;1.47776
24.259;1.47602
24.059;1.4752
23.859;1.4754
23.659;1.47665
23.459;1.47893
23.2591;1.48214
23.0591;1.48605
22.8591;1.4903
22.6592;1.49439
22.4592;1.49771
22.2592;1.49955
22.0592;1.49917
21.8592;1.4959
21.6593;1.48921
21.4595;1.47883
21.26;1.46477
21.0607;1.4474
20.8617;1.42737
20.6629;1.40553
20.4642;1.38275
20.2655;1.35985
20.0668;1.33747
19.8679;1.31602
19.6689;1.29569
19.4699;1.27648
19.2707;1.25824
19.0715;1.24076
18.8722;1.2238
18.6729;1.2071
18.4736;1.19049
18.2743;1.17382
18.075;1.15698
17.8757;1.13994
17.6765;1.12267
17.4772;1.10518
17.278;1.08749
17.0788;1.06964
16.8796;1.05164
16.6804;1.03353
16.4813;1.01533
16.2821;0.997068
16.0829;0.978749
15.8838;0.960392
15.6846;0.942006
15.4855;0.923598
15.2863;0.905174
15.0872;0.88674
14.888;0.868297
14.6889;0.849849
14.4897;0.831396
14.2906;0.812942
14.0914;0.794486
13.8923;0.776029
13.6932;0.757572
13.494;0.739114
13.2949;0.720656
13.0957;0.702197
12.8966;0.683737
12.6974;0.665274
12.4983;0.646809
12.2991;0.628339
12.1;0.609865
11.9008;0.591386
11.7017;0.572903
11.5026;0.554417
11.3034;0.535929
11.1043;0.517442
10.9051;0.498961
10.706;0.480491
10.5068;0.462037
10.3077;0.443607
10.1085;0.425206
9.90938;0.40684
9.71022;0.388516
9.51105;0.370235
9.31189;0.351999
9.11272;0.333805
8.91354;0.315649
8.71437;0.297524
8.51519;0.279421
8.31601;0.261334
8.11682;0.24326
7.91764;0.225204
7.71845;0.207185
7.51926;0.189241
7.32005;0.171435
7.12083;0.153863
6.92157;0.136655
6.72226;0.119984
6.5229;0.104064
6.32345;0.0891473
6.12391;0.0755201
5.92427;0.0634883
5.72452;0.0533629
5.52466;0.0454399
5.32472;0.0399771
5.12472;0.037173
4.9247;0.0371469
4.7247;0.039926
4.52476;0.0454412
4.32491;0.0535329
4.12517;0.0639679
3.92555;0.0764654
3.72605;0.0907278
3.52666;0.106473
3.32738;0.123463
3.1282;0.141526
2.9291;0.160564
2.7301;0.180555
2.5312;0.201541
2.33242;0.223607
2.13377;0.246862
1.93528;0.271415
1.73697;0.297351
1.53884;0.324722
1.34092;0.353535
1.14321;0.383755
0.945715;0.415306
0.748414;0.44808
0.551299;0.481946
0.354351;0.516764
0.157548;0.552391
-0.0391316;0.588689
-0.23571;0.625532
-0.432206;0.662809
-0.628637;0.700421
-0.82502;0.738287
-1.02137;0.776339
-1.21769;0.814523
-1.41399;0.852794
-1.61029;0.891116
-1.80658;0.929459
-2.00287;0.967799
-2.19916;1.00612
-2.39547;1.04439
-2.59178;1.08261
-2.78811;1.12076
-2.98445;1.15883
-3.18081;1.19681
-3.37719;1.23469
-3.57359;1.27245
-3.77002;1.3101
-3.96647;1.34762
-4.16294;1.38501
-4.35944;1.42226
-4.55597;1.45936
-4.75253;1.49631
-4.94911;1.53311
-5.14573;1.56974
-5.34238;1.60622
-5.53905;1.64252
-5.73576;1.67866
-5.9325;1.71463
-6.12927;1.75044
-6.32607;1.78609
-6.52289;1.8216
-6.71973;1.857
-6.91659;1.89229
-7.11347;1.92752
-7.31034;1.96272
-7.50723;1.9979
-7.7041;2.0331
-7.90098;2.06833
-8.09785;2.10356
-8.29473;2.13876
-8.49162;2.17385
-8.68857;2.20868
-8.88559;2.24307
-9.08274;2.27673
-9.28006;2.30935
-9.47763;2.34051
-9.67549;2.36974
-9.87371;2.3965
-10.0723;2.42025
-10.2713;2.44041
-10.4707;2.45643
-10.6705;2.46783
-10.8704;2.47419
-11.0705;2.47523
-11.2705;2.47081
-11.4703;2.46096
-11.6698;2.44586
-11.8689;2.42588
-12.0675;2.40152
-12.2655;2.37343
-12.4631;2.34231
-12.6603;2.30895
-12.8573;2.27413
-13.0541;2.2386
-13.2509;2.20308
-13.4478;2.16819
-13.645;2.13446
-13.8424;2.10233
-14.0401;2.07211
-14.2381;2.04403
-14.4365;2.01821
-14.6351;1.9947
-14.834;1.97346
-15.0331;1.95443
-15.2324;1.93748
-15.4318;1.92245
-15.6314;1.90918
-15.8311;1.89749
-16.0308;1.88722
-16.2306;1.87818
-16.4304;1.87024
-16.6303;1.86324
-16.8302;1.85706
-17.0302;1.85158
-17.2301;1.8467
-17.43;1.84234
-17.63;1.83842
-17.83;1.83488
-18.03;1.83166
-18.2299;1.82872
-18.4299;1.82602
-18.6299;1.82352
-18.8299;1.82119
-19.0299;1.81901
-19.2299;1.81696
-19.4299;1.815
-19.6298;1.81313
-19.8298;1.81131
-20.0298;1.80953
-20.2298;1.80778
-20.4298;1.80603
-20.6298;1.80427
-20.8298;1.80248
-21.0298;1.80063
-21.2298;1.79872
-21.4298;1.79672
-21.6298;1.79463
-21.8297;1.79241
-22.0297;1.79006
-22.2297;1.78757
-22.4297;1.78493
-22.6297;1.78212
-22.8297;1.77915
-23.0296;1.77601
-23.2296;1.7727
-23.4296;1.76924
-23.6295;1.76564
-23.8295;1.7619
-24.0295;1.75806
-24.2294;1.75413
-24.4294;1.75016
-24.6294;1.74617
-24.8293;1.74222
-25.0293;1.73832
-25.2292;1.73454
-25.4292;1.73089
-25.6292;1.7274
-25.8291;1.72407
-26.0291;1.72086
-26.2291;1.71772
-26.4291;1.71454
-26.629;1.7112
-26.829;1.70752
-27.029;1.70335
-27.2289;1.69852
-27.4288;1.69294
-27.6287;1.68657
-27.8286;1.67946
-28.0285;1.67177
-28.2283;1.66374
-28.4281;1.65567
-28.628;1.64784
-28.8279;1.64051
-29.0277;1.63382
-29.2277;1.62782
-29.4276;1.62247
-29.6275;1.61758
-29.8275;1.61293
29.9726;1.60834
29.7726;1.60596
29.5726;1.60167
29.3727;1.59747
29.1727;1.59268
28.9728;1.58767
28.7729;1.58246
28.5729;1.57714
28.373;1.57177
28.1731;1.56638
27.9731;1.561
27.7732;1.55566
27.5733;1.55034
27.3734;1.54507
27.1734;1.53982
26.9735;1.53461
26.7736;1.52943
26.5736;1.52427
26.3737;1.51916
26.1738;1.5141
25.9738;1.50912
25.7739;1.50427
25.5739;1.49958
25.374;1.49512
25.174;1.49097
24.9741;1.48721
24.7741;1.48394
24.5741;1.48126
24.3741;1.47927
24.1741;1.47805
23.9741;1.47767
23.7741;1.47816
23.5741;1.47949
23.3741;1.48156
23.1741;1.48419
22.9742;1.4871
22.7742;1.48992
22.5742;1.49217
22.3742;1.49332
22.1742;1.4928
21.9742;1.49009
21.7742;1.48471
21.5744;1.47639
21.3747;1.46499
21.1752;1.45066
20.9759;1.43373
20.7768;1.41472
20.5778;1.39425
20.379;1.37298
20.1801;1.35148
19.9813;1.33024
19.7823;1.30958
19.5833;1.28969
19.3842;1.27059
19.1851;1.25223
18.9859;1.23448
18.7866;1.21716
18.5873;1.20011
18.3881;1.18317
18.1888;1.16623
17.9895;1.1492
17.7902;1.13202
17.591;1.11466
17.3918;1.09713
17.1925;1.07943
16.9933;1.06158
16.7942;1.04359
16.595;1.0255
16.3958;1.00732
16.1966;0.989071
15.9975;0.970767
15.7983;0.952423
15.5992;0.934047
15.4;0.915647
15.2009;0.897231
15.0017;0.878801
14.8026;0.860363
14.6034;0.841918
14.4043;0.823468
14.2051;0.805016
14.006;0.786561
13.8068;0.768105
13.6077;0.749647
13.4085;0.731189
13.2094;0.71273
13.0102;0.694269
12.8111;0.675807
12.612;0.657342
12.4128;0.638874
12.2137;0.620403
12.0145;0.601928
11.8154;0.583451
11.6162;0.564972
11.4171;0.546493
11.2179;0.528015
11.0188;0.509544
10.8196;0.491081
10.6205;0.472633
10.4214;0.454205
10.2222;0.435802
10.023;0.417429
9.82389;0.399091
9.62473;0.380791
9.42556;0.362532
9.22639;0.344314
9.02722;0.326135
8.82805;0.307995
8.62887;0.28989
8.42969;0.271821
8.2305;0.253793
8.03131;0.235817
7.83211;0.217917
7.6329;0.200133
7.43368;0.182526
7.23443;0.165183
7.03515;0.148218
6.83583;0.131782
6.63645;0.116056
6.43699;0.101254
6.23746;0.0876165
6.03782;0.0754038
5.83809;0.0648819
5.63827;0.0563099
5.43836;0.0499223
5.23838;0.0459129
5.03837;0.0444191
4.83836;0.0455102
4.63838;0.0491814
4.43846;0.0553542
4.23863;0.0638848
4.0389;0.0745795
3.83929;0.0872143
3.6398;0.101559
3.44042;0.117399
3.24115;0.134553
3.04199;0.152892
2.84294;0.172336
2.64399;0.192861
2.44516;0.214486
2.24646;0.23726
2.0479;0.261247
1.84949;0.286511
1.65126;0.313098
1.45322;0.341031
1.25537;0.370301
1.05771;0.400865
0.860252;0.432652
0.662976;0.465566
0.465872;0.499494
0.268924;0.534312
0.0721131;0.569895
-0.12458;0.606122
-0.321174;0.642878
-0.517688;0.680061
-0.714137;0.717579
-0.910538;0.755354
-1.1069;0.793322
-1.30324;0.831426
-1.49956;0.869622
-1.69586;0.907873
-1.89217;0.946148
-2.08847;0.984421
-2.28478;1.02267
-2.4811;1.06088
-2.67742;1.09903
-2.87376;1.13712
-3.07012;1.17512
-3.2665;1.21302
-3.46289;1.25083
-3.65931;1.28852
-3.85575;1.32609
-4.05221;1.36353
-4.2487;1.40084
-4.44521;1.43801
-4.64176;1.47504
-4.83833;1.51191
-5.03493;1.54863
-5.23156;1.58519
-5.42822;1.62159
-5.62491;1.65782
-5.82163;1.6939
-6.01838;1.72982
-6.21515;1.76559
-6.41195;1.80123
-6.60878;1.83673
-6.80562;1.87213
-7.00248;1.90745
-7.19935;1.94269
-7.39622;1.97788
-7.59311;2.01303
-7.79001;2.04814
-7.98691;2.08318
-8.18384;2.11811
-8.3808;2.15284
-8.57782;2.18725
-8.77492;2.22116
-8.97215;2.25435
-9.16955;2.28651
-9.36717;2.3173
-9.56507;2.34631
-9.76328;2.37309
-9.96184;2.39716
-10.1608;2.41802
-10.3601;2.43518
-10.5597;2.4482
-10.7596;2.45667
-10.9596;2.46033
-11.1596;2.45897
-11.3596;2.45255
-11.5593;2.44118
-11.7588;2.42507
-11.9578;2.40463
-12.1563;2.38033
-12.3544;2.35276
-12.5522;2.3226
-12.7496;2.29052
-12.9468;2.25723
-13.1439;2.22339
-13.341;2.18963
-13.5383;2.15649
-13.7357;2.12446
-13.9334;2.0939
-14.1313;2.06512
-14.3295;2.03831
-14.528;2.01359
-14.7267;1.991
-14.9257;1.97054
-15.1248;1.95212
-15.3242;1.93565
-15.5236;1.921
-15.7232;1.90801
-15.9229;1.89653
-16.1226;1.88641
-16.3224;1.87748
-16.5223;1.86961
-16.7222;1.86266
-16.9221;1.85651
-17.122;1.85105
-17.3219;1.84618
-17.5219;1.84183
-17.7219;1.83792
-17.9218;1.83438
-18.1218;1.83116
-18.3218;1.82822
-18.5218;1.82552
-18.7217;1.82302
-18.9217;1.82068
-19.1217;1.81849
-19.3217;1.81641
-19.5217;1.81443
-19.7217;1.81252
-19.9217;1.81067
-20.1217;1.80885
-20.3217;1.80704
-20.5217;1.80523
-20.7216;1.8034
-20.9216;1.80154
-21.1216;1.79961
-21.3216;1.79761
-21.5216;1.79553
-21.7216;1.79333
-21.9216;1.79102
-22.1216;1.78858
-22.3216;1.786
-22.5215;1.78327
-22.7215;1.78038
-22.9215;1.77734
-23.1215;1.77414
-23.3214;1.77079
-23.5214;1.7673
-23.7214;1.76369
-23.9213;1.75997
-24.1213;1.75616
-24.3213;1.75229
-24.5212;1.7484
-24.7212;1.7445
-24.9212;1.74065
-25.1211;1.73685
-25.3211;1.73315
-25.521;1.72954
-25.721;1.72604
-25.921;1.72261
-26.121;1.71921
-26.3209;1.71576
-26.5209;1.71218
-26.7209;1.70835
-26.9208;1.70415
-27.1208;1.69947
-27.3207;1.69423
-27.5206;1.68839
-27.7205;1.68199
-27.9204;1.67509
-28.1203;1.66786
-28.3201;1.66048
-28.52;1.65317
-28.7199;1.64612
-28.9198;1.63946
-29.1197;1.63328
-29.3196;1.62755
-29.5195;1.62219
-29.7194;1.61706
-29.9194;1.612
29.8807;1.60693
29.6807;1.60409
29.4807;1.5996
29.2808;1.59517
29.0808;1.59029
28.8809;1.58524
28.681;1.58002
28.481;1.57472
28.2811;1.56938
28.0812;1.56402
27.8813;1.55867
27.6813;1.55334
27.4814;1.54804
27.2815;1.54279
27.0815;1.53756
26.8816;1.53238
26.6817;1.52725
26.4817;1.52216
26.2818;1.51715
26.0819;1.51223
25.8819;1.50744
25.682;1.50282
25.482;1.49842
25.2821;1.49431
25.0821;1.49056
24.8821;1.48724
24.6821;1.48443
24.4822;1.48223
24.2822;1.48068
24.0822;1.47984
23.8822;1.47971
23.6822;1.48028
23.4822;1.48146
23.2822;1.4831
23.0822;1.48497
22.8822;1.48677
22.6822;1.48814
22.4822;1.48866
22.2822;1.48789
22.0822;1.48539
21.8822;1.48077
21.6823;1.47375
21.4826;1.46416
21.2829;1.45202
21.0834;1.43746
20.8841;1.42082
20.6849;1.4025
20.4859;1.38298
20.2869;1.36277
20.088;1.3423
19.889;1.32193
19.69;1.30193
19.491;1.28245
19.2919;1.26354
19.0927;1.24518
18.8935;1.22729
18.6943;1.20976
18.495;1.19245
18.2958;1.17527
18.0965;1.15811
17.8972;1.1409
17.698;1.12358
17.4988;1.10613
17.2995;1.08854
17.1003;1.07081
16.9011;1.05294
16.7019;1.03495
16.5027;1.01687
16.3036;0.998695
16.1044;0.980457
15.9052;0.962165
15.7061;0.94383
15.5069;0.925463
15.3078;0.907071
15.1086;0.88866
14.9095;0.870236
14.7103;0.851801
14.5112;0.833359
14.312;0.814912
14.1129;0.796461
13.9137;0.778007
13.7146;0.759551
13.5154;0.741094
13.3163;0.722635
13.1172;0.704175
12.918;0.685713
12.7189;0.667248
12.5197;0.648782
12.3206;0.630314
12.1214;0.611843
11.9223;0.59337
11.7231;0.574897
11.524;0.556424
11.3248;0.537954
11.1257;0.51949
10.9266;0.501034
10.7274;0.482592
10.5283;0.464166
10.3291;0.445763
10.1299;0.427387
9.93079;0.409041
9.73163;0.390731
9.53247;0.372458
9.3333;0.354226
9.13413;0.336036
8.93496;0.317889
8.73578;0.29979
8.53659;0.281741
8.3374;0.263755
8.13821;0.245847
7.939;0.228044
7.73978;0.210388
7.54054;0.192938
7.34128;0.175773
7.14198;0.158998
6.94265;0.142744
6.74325;0.12717
6.54379;0.112461
6.34425;0.0988222
6.14463;0.0864789
5.94492;0.0756623
5.74512;0.0666008
5.54523;0.059507
5.34528;0.0545655
5.14529;0.0519194
4.94527;0.0516612
4.74527;0.0538258
4.54531;0.0583886
4.34541;0.0652691
4.14561;0.0743394
3.9459;0.0854374
3.74631;0.0983826
3.54684;0.112993
3.34749;0.129103
3.14825;0.146571
2.94912;0.165296
2.75011;0.185212
2.55122;0.206293
2.35246;0.228542
2.15383;0.251982
1.95536;0.276646
1.75704;0.302566
1.55889;0.329759
1.36092;0.358227
1.16314;0.387944
0.965541;0.418863
0.768122;0.450914
0.570877;0.484008
0.373792;0.518044
0.176852;0.55291
-0.0199574;0.588497
-0.216656;0.624694
-0.413259;0.661398
-0.609786;0.698515
-0.806249;0.735961
-1.00266;0.773661
-1.19904;0.811554
-1.39539;0.849585
-1.59173;0.887709
-1.78805;0.925889
-1.98436;0.964095
-2.18068;1.0023
-2.377;1.04048
-2.57333;1.07862
-2.76967;1.1167
-2.96603;1.15471
-3.1624;1.19264
-3.35879;1.23047
-3.5552;1.2682
-3.75163;1.30581
-3.94808;1.3433
-4.14456;1.38067
-4.34107;1.41789
-4.5376;1.45498
-4.73416;1.49192
-4.93074;1.52872
-5.12736;1.56536
-5.324;1.60184
-5.52068;1.63817
-5.71738;1.67434
-5.91411;1.71036
-6.11087;1.74623
-6.30765;1.78196
-6.50445;1.81756
-6.70128;1.85305
-6.89813;1.88843
-7.09499;1.92371
-7.29187;1.95891
-7.48876;1.99403
-7.68567;2.02904
-7.88261;2.06393
-8.07957;2.09864
-8.27658;2.13309
-8.47366;2.16717
-8.67083;2.20071
-8.86812;2.2335
-9.06558;2.26529
-9.26325;2.29578
-9.46117;2.32461
-9.65938;2.35138
-9.85791;2.37568
-10.0568;2.39706
-10.256;2.41509
-10.4555;2.42937
-10.6553;2.43953
-10.8553;2.44528
-11.0553;2.44642
-11.2553;2.44285
-11.4552;2.43461
-11.6549;2.42185
-11.8542;2.40483
-12.0531;2.38394
-12.2517;2.35967
-12.4499;2.33256
-12.6477;2.30322
-12.8453;2.27227
-13.0428;2.24033
-13.2401;2.20801
-13.4375;2.17584
-13.635;2.14431
-13.8327;2.11385
-14.0306;2.08479
-14.2287;2.05738
-14.4271;2.03181
-14.6257;2.00818
-14.8245;1.98654
-15.0235;1.96687
-15.2228;1.94911
-15.4221;1.93318
-15.6216;1.91896
-15.8212;1.90631
-16.0209;1.8951
-16.2207;1.88518
-16.4205;1.87641
-16.6204;1.86865
-16.8202;1.86179
-17.0201;1.8557
-17.2201;1.85029
-17.42;1.84546
-17.62;1.84114
-17.8199;1.83725
-18.0199;1.83372
-18.2199;1.83052
-18.4199;1.82759
-18.6198;1.82489
-18.8198;1.82238
-19.0198;1.82004
-19.2198;1.81783
-19.4198;1.81574
-19.6198;1.81373
-19.8198;1.81179
-20.0198;1.8099
-20.2197;1.80803
-20.4197;1.80617
-20.6197;1.8043
-20.8197;1.8024
-21.0197;1.80046
-21.2197;1.79845
-21.4197;1.79637
-21.6197;1.79419
-21.8197;1.79191
-22.0197;1.78951
-22.2196;1.78697
-22.4196;1.7843
-22.6196;1.78149
-22.8196;1.77853
-23.0196;1.77542
-23.2195;1.77217
-23.4195;1.76879
-23.6195;1.76528
-23.8194;1.76167
-24.0194;1.75797
-24.2194;1.7542
-24.4193;1.75038
-24.6193;1.74655
-24.8193;1.74273
-25.0192;1.73894
-25.2192;1.7352
-25.4192;1.73152
-25.6191;1.7279
-25.8191;1.72432
-26.0191;1.72074
-26.219;1.71711
-26.419;1.71336
-26.6189;1.70942
-26.8189;1.70519
-27.0188;1.70059
-27.2188;1.69557
-27.4187;1.69008
-27.6186;1.68414
-27.8185;1.6778
-28.0184;1.67114
-28.2183;1.6643
-28.4182;1.65742
-28.6181;1.65065
-28.818;1.64411
-29.0179;1.63788
-29.2178;1.63199
-29.4177;1.62641
-29.6176;1.62103
-29.8176;1.61575
29.9825;1.61048
29.7825;1.60716
29.5826;1.60249
29.3826;1.59795
29.1827;1.59305
28.9828;1.588
28.7828;1.58281
28.5829;1.57754
28.383;1.57221
28.183;1.56686
27.9831;1.56152
27.7832;1.55619
27.5833;1.55088
27.3833;1.54561
27.1834;1.54039
26.9835;1.53521
26.7835;1.53008
26.5836;1.52502
26.3836;1.52004
26.1837;1.51516
25.9838;1.51042
25.7838;1.50585
25.5839;1.50149
25.3839;1.4974
25.1839;1.49363
24.984;1.49026
24.784;1.48735
24.584;1.48496
24.384;1.48313
24.184;1.4819
23.984;1.48128
23.784;1.48124
23.584;1.4817
23.384;1.48254
23.184;1.48357
22.984;1.48455
22.784;1.48519
22.584;1.48516
22.384;1.48408
22.184;1.48161
21.9841;1.47742
21.7841;1.47124
21.5843;1.4629
21.3846;1.45233
21.185;1.43958
20.9855;1.42484
20.7862;1.40838
20.587;1.39054
20.3879;1.37171
20.1888;1.35227
19.9898;1.33256
19.7907;1.31287
19.5917;1.2934
19.3926;1.27428
19.1935;1.25557
18.9943;1.23726
18.7951;1.21931
18.5959;1.20164
18.3967;1.18417
18.1974;1.1668
17.9982;1.14947
17.7989;1.1321
17.5997;1.11466
17.4005;1.09712
17.2013;1.07946
17.0021;1.06168
16.8029;1.04379
16.6037;1.02579
16.4045;1.0077
16.2053;0.989531
16.0061;0.971298
15.807;0.953012
15.6078;0.934684
15.4087;0.916324
15.2095;0.897938
15.0104;0.879532
14.8112;0.861112
14.6121;0.842681
14.4129;0.824242
14.2138;0.805797
14.0146;0.787347
13.8155;0.768894
13.6163;0.750439
13.4172;0.731981
13.218;0.713522
13.0189;0.695061
12.8197;0.676598
12.6206;0.658133
12.4215;0.639667
12.2223;0.621199
12.0232;0.60273
11.824;0.584262
11.6249;0.565795
11.4257;0.547331
11.2266;0.528872
11.0274;0.510422
10.8283;0.491985
10.6291;0.473563
10.43;0.455161
10.2308;0.436784
10.0317;0.418435
9.83251;0.40012
9.63335;0.381841
9.43418;0.363602
9.23501;0.345409
9.03584;0.327264
8.83666;0.309175
8.63747;0.29115
8.43828;0.273203
8.23907;0.255354
8.03986;0.237634
7.84063;0.220084
7.64138;0.202761
7.44211;0.18574
7.2428;0.169117
7.04345;0.153009
6.84405;0.137557
6.64458;0.122923
6.44504;0.109287
6.24543;0.0968466
6.04573;0.0858043
5.84594;0.0763638
5.64608;0.0687182
5.44615;0.0630407
5.24617;0.0594742
5.04617;0.058123
4.84616;0.0590463
4.64617;0.0622556
4.44623;0.0677147
4.24636;0.0753452
4.04659;0.0850339
3.84692;0.0966444
3.64736;0.11003
3.44791;0.125044
3.24859;0.141554
3.04939;0.15945
2.85031;0.178647
2.65135;0.199091
2.45252;0.220751
2.25383;0.24362
2.05528;0.267701
1.85689;0.293007
1.65865;0.319543
1.46058;0.347308
1.26269;0.376283
1.06497;0.406435
0.867429;0.43771
0.670057;0.470038
0.472845;0.503335
0.275784;0.537507
0.0788597;0.572454
-0.117944;0.608077
-0.314641;0.644274
-0.51125;0.680954
-0.707784;0.718028
-0.904258;0.75542
-1.10068;0.793059
-1.29707;0.830886
-1.49344;0.86885
-1.68978;0.906906
-1.88612;0.945017
-2.08245;0.983153
-2.27878;1.02129
-2.47512;1.0594
-2.67146;1.09747
-2.86782;1.13547
-3.06418;1.17341
-3.26057;1.21126
-3.45698;1.24901
-3.6534;1.28666
-3.84985;1.32419
-4.04632;1.3616
-4.24281;1.39888
-4.43933;1.43602
-4.63588;1.47303
-4.83245;1.50988
-5.02906;1.54659
-5.22569;1.58315
-5.42234;1.61956
-5.61903;1.65582
-5.81575;1.69192
-6.01249;1.72788
-6.20925;1.7637
-6.40604;1.79938
-6.60286;1.83494
-6.79969;1.87037
-6.99655;1.90569
-7.19343;1.94089
-7.39033;1.97597
-7.58725;2.01091
-7.78421;2.04568
-7.9812;2.08021
-8.17825;2.11443
-8.37538;2.14824
-8.5726;2.18147
-8.76994;2.21395
-8.96745;2.24545
-9.16516;2.27568
-9.3631;2.30435
-9.56131;2.3311
-9.75982;2.35556
-9.95865;2.37735
-10.1578;2.39607
-10.3572;2.41135
-10.5569;2.42286
-10.7568;2.43032
-10.9569;2.43352
-11.1569;2.43234
-11.3569;2.42676
-11.5567;2.41686
-11.7562;2.40285
-11.9555;2.38501
-12.1544;2.36374
-12.3529;2.33949
-12.5511;2.31279
-12.7491;2.2842
-12.9469;2.25427
-13.1445;2.22357
-13.3421;2.19262
-13.5397;2.16191
-13.7374;2.13188
-13.9353;2.10289
-14.1334;2.07523
-14.3317;2.04913
-14.5302;2.02476
-14.729;2.0022
-14.9279;1.98149
-15.127;1.96263
-15.3263;1.94556
-15.5257;1.93021
-15.7252;1.91646
-15.9249;1.90419
-16.1246;1.89328
-16.3243;1.88361
-16.5242;1.87502
-16.724;1.86742
-16.9239;1.86067
-17.1238;1.85468
-17.3237;1.84934
-17.5237;1.84457
-17.7236;1.84029
-17.9236;1.83643
-18.1236;1.83294
-18.3236;1.82975
-18.5235;1.82683
-18.7235;1.82414
-18.9235;1.82163
-19.1235;1.81928
-19.3235;1.81707
-19.5235;1.81495
-19.7234;1.81292
-19.9234;1.81095
-20.1234;1.80901
-20.3234;1.8071
-20.5234;1.80518
-20.7234;1.80325
-20.9234;1.80128
-21.1234;1.79926
-21.3234;1.79717
-21.5234;1.795
-21.7233;1.79274
-21.9233;1.79036
-22.1233;1.78787
-22.3233;1.78525
-22.5233;1.7825
-22.7233;1.77961
-22.9232;1.77658
-23.1232;1.77342
-23.3232;1.77013
-23.5232;1.76672
-23.7231;1.7632
-23.9231;1.75959
-24.1231;1.75591
-24.323;1.75217
-24.523;1.7484
-24.723;1.74462
-24.9229;1.74084
-25.1229;1.73708
-25.3228;1.73336
-25.5228;1.72965
-25.7228;1.72596
-25.9227;1.72226
-26.1227;1.7185
-26.3227;1.71464
-26.5226;1.71062
-26.7226;1.70636
-26.9225;1.70182
-27.1225;1.69694
-27.3224;1.69169
-27.5223;1.68608
-27.7222;1.68013
-27.9221;1.67389
-28.122;1.66747
-28.3219;1.66096
-28.5218;1.65447
-28.7217;1.6481
-28.9216;1.64192
-29.1215;1.63596
-29.3215;1.63021
-29.5214;1.62464
-29.7213;1.61915
-29.9212;1.61366
29.8788;1.60814
29.6789;1.60464
29.4789;1.59989
29.279;1.59523
29.079;1.59028
28.8791;1.5852
28.6792;1.58002
28.4792;1.57476
28.2793;1.56946
28.0794;1.56415
27.8794;1.55884
27.6795;1.55355
27.4796;1.54829
27.2797;1.54306
27.0797;1.53789
26.8798;1.53278
26.6798;1.52773
26.4799;1.52278
26.28;1.51793
26.08;1.51322
25.8801;1.50868
25.6801;1.50435
25.4802;1.50027
25.2802;1.49649
25.0802;1.49307
24.8802;1.49005
24.6803;1.48749
24.4803;1.48543
24.2803;1.48388
24.0803;1.48284
23.8803;1.4823
23.6803;1.48217
23.4803;1.48236
23.2803;1.4827
23.0803;1.48301
22.8803;1.48303
22.6803;1.4825
22.4803;1.48112
22.2803;1.47858
22.0803;1.47462
21.8804;1.46899
21.6805;1.4615
21.4807;1.45208
21.2811;1.44071
21.0815;1.42749
20.882;1.41258
20.6827;1.39623
20.4835;1.37873
20.2843;1.3604
20.0852;1.34153
19.8861;1.32239
19.687;1.30322
19.4879;1.28417
19.2888;1.26535
19.0897;1.24683
18.8905;1.2286
18.6913;1.21063
18.4921;1.19289
18.2929;1.17529
18.0937;1.15779
17.8944;1.14032
17.6952;1.12282
17.496;1.10528
17.2967;1.08765
17.0975;1.06992
16.8983;1.05209
16.6991;1.03417
16.4999;1.01615
16.3008;0.998051
16.1016;0.979879
15.9024;0.961646
15.7033;0.943363
15.5041;0.92504
15.305;0.906684
15.1058;0.888302
14.9066;0.869901
14.7075;0.851484
14.5083;0.833056
14.3092;0.814619
14.1101;0.796175
13.9109;0.777727
13.7118;0.759275
13.5126;0.740819
13.3135;0.722362
13.1143;0.703902
12.9152;0.685441
12.716;0.666978
12.5169;0.648514
12.3177;0.630049
12.1186;0.611584
11.9194;0.59312
11.7203;0.574657
11.5211;0.556198
11.322;0.537745
11.1229;0.5193
10.9237;0.500867
10.7246;0.482449
10.5254;0.46405
10.3263;0.445674
10.1271;0.427326
9.92793;0.409009
9.72877;0.390729
9.5296;0.372491
9.33043;0.354299
9.13126;0.336162
8.93208;0.318088
8.73289;0.300088
8.53369;0.28218
8.33448;0.264386
8.13526;0.246738
7.93603;0.229279
7.73677;0.212063
7.53748;0.195162
7.33817;0.178664
7.13881;0.162676
6.93939;0.147323
6.73992;0.132752
6.54039;0.119121
6.34078;0.106606
6.14109;0.095387
5.94132;0.0856469
5.74148;0.0775617
5.54157;0.0712931
5.3416;0.0669804
5.1416;0.064733
4.94159;0.064625
4.74159;0.0666913
4.54162;0.0709274
4.34171;0.0772912
4.14188;0.0857082
3.94214;0.0960785
3.74251;0.108287
3.54298;0.122211
3.34358;0.137732
3.1443;0.154742
2.94514;0.173152
2.74611;0.192888
2.54722;0.213903
2.34846;0.236164
2.14984;0.259653
1.95137;0.284361
1.75305;0.310281
1.55489;0.337404
1.3569;0.365712
1.15908;0.395174
0.961428;0.425746
0.763941;0.457372
0.566615;0.48998
0.36944;0.523492
0.172406;0.557818
-0.0245;0.592868
-0.221293;0.628548
-0.417986;0.664769
-0.614595;0.701444
-0.811134;0.738494
-1.00762;0.775845
-1.20405;0.813435
-1.40045;0.851205
-1.59683;0.889107
-1.79319;0.927098
-1.98954;0.965142
-2.18588;1.00321
-2.38222;1.04127
-2.57857;1.07931
-2.77493;1.1173
-2.9713;1.15523
-3.16769;1.19309
-3.36409;1.23086
-3.56051;1.26853
-3.75695;1.30609
-3.95341;1.34354
-4.1499;1.38087
-4.34641;1.41806
-4.54295;1.45512
-4.73951;1.49203
-4.9361;1.52881
-5.13272;1.56543
-5.32936;1.60191
-5.52604;1.63824
-5.72274;1.67442
-5.91946;1.71046
-6.11622;1.74635
-6.313;1.7821
-6.5098;1.81771
-6.70663;1.85319
-6.90348;1.88853
-7.10036;1.92374
-7.29726;1.95879
-7.4942;1.99366
-7.69117;2.02832
-7.88819;2.06271
-8.08528;2.09674
-8.28244;2.13032
-8.4797;2.16331
-8.67709;2.19553
-8.87464;2.22677
-9.07237;2.2568
-9.27033;2.28533
-9.46855;2.31205
-9.66704;2.33664
-9.86583;2.35874
-10.0649;2.37801
-10.2643;2.39411
-10.4639;2.40673
-10.6638;2.4156
-10.8637;2.42051
-11.0638;2.42133
-11.2638;2.41801
-11.4637;2.41059
-11.6634;2.39921
-11.8629;2.38408
-12.0621;2.36553
-12.2609;2.34394
-12.4595;2.31975
-12.6577;2.29345
-12.8558;2.26555
-13.0537;2.23657
-13.2515;2.20701
-13.4493;2.17734
-13.6471;2.14799
-13.845;2.11935
-14.0431;2.09173
-14.2414;2.0654
-14.4398;2.04055
-14.6385;2.01733
-14.8373;1.99581
-15.0364;1.97603
-15.2356;1.95798
-15.4349;1.94161
-15.6344;1.92684
-15.8339;1.91358
-16.0336;1.90173
-16.2333;1.89116
-16.4331;1.88175
-16.6329;1.87339
-16.8328;1.86596
-17.0327;1.85936
-17.2326;1.85348
-17.4325;1.84823
-17.6325;1.84353
-17.8324;1.83931
-18.0324;1.83549
-18.2324;1.83203
-18.4323;1.82887
-18.6323;1.82597
-18.8323;1.82328
-19.0323;1.82078
-19.2323;1.81843
-19.4323;1.8162
-19.6322;1.81406
-19.8322;1.812
-20.0322;1.80999
-20.2322;1.80801
-20.4322;1.80605
-20.6322;1.80407
-20.8322;1.80208
-21.0322;1.80004
-21.2322;1.79794
-21.4321;1.79577
-21.6321;1.79352
-21.8321;1.79116
-22.0321;1.7887
-22.2321;1.78613
-22.4321;1.78342
-22.6321;1.7806
-22.832;1.77764
-23.032;1.77455
-23.232;1.77134
-23.432;1.76801
-23.6319;1.76458
-23.8319;1.76105
-24.0319;1.75745
-24.2318;1.75378
-24.4318;1.75006
-24.6318;1.74632
-24.8317;1.74257
-25.0317;1.73881
-25.2316;1.73505
-25.4316;1.7313
-25.6316;1.72754
-25.8315;1.72375
-26.0315;1.71991
-26.2315;1.71596
-26.4314;1.71188
-26.6314;1.70761
-26.8313;1.7031
-27.0313;1.69832
-27.2312;1.69324
-27.4311;1.68785
-27.6311;1.68218
-27.831;1.67626
-28.0309;1.67016
-28.2308;1.66393
-28.4307;1.65768
-28.6306;1.65147
-28.8305;1.64537
-29.0304;1.63941
-29.2303;1.63363
-29.4302;1.62798
-29.6302;1.62242
-29.8301;1.6169
29.97;1.61136
29.77;1.60741
29.5701;1.6025
29.3701;1.59772
29.1702;1.59272
28.9703;1.58764
28.7703;1.58246
28.5704;1.57722
28.3705;1.57195
28.1705;1.56665
27.9706;1.56136
27.7707;1.55608
27.5707;1.55083
27.3708;1.54562
27.1709;1.54045
26.9709;1.53535
26.771;1.53032
26.5711;1.52539
26.3711;1.52056
26.1712;1.51588
25.9712;1.51136
25.7713;1.50704
25.5713;1.50296
25.3714;1.49915
25.1714;1.49568
24.9714;1.49257
24.7714;1.48986
24.5714;1.48759
24.3715;1.48576
24.1715;1.48438
23.9715;1.48341
23.7715;1.4828
23.5715;1.48244
23.3715;1.48222
23.1715;1.48196
22.9715;1.48146
22.7715;1.48049
22.5715;1.47881
22.3715;1.47616
22.1715;1.4723
21.9716;1.46701
21.7717;1.46014
21.5719;1.45156
21.3721;1.44124
21.1725;1.42921
20.9729;1.41559
20.7735;1.40052
20.5742;1.38424
20.3749;1.36699
20.1757;1.34902
19.9766;1.33057
19.7774;1.31187
19.5783;1.29309
19.3792;1.27438
19.1801;1.25581
18.9809;1.23745
18.7817;1.2193
18.5825;1.20134
18.3833;1.18355
18.1841;1.16587
17.9849;1.14827
17.7857;1.13068
17.5864;1.11309
17.3872;1.09545
17.188;1.07774
16.9888;1.05995
16.7896;1.04207
16.5904;1.02412
16.3912;1.00607
16.1921;0.98796
15.9929;0.96978
15.7937;0.951544
15.5946;0.933261
15.3954;0.914939
15.1962;0.896585
14.9971;0.878206
14.7979;0.859808
14.5988;0.841394
14.3996;0.822968
14.2005;0.804532
14.0013;0.78609
13.8022;0.767643
13.603;0.749191
13.4039;0.730737
13.2047;0.71228
13.0056;0.693821
12.8065;0.67536
12.6073;0.656898
12.4082;0.638436
12.209;0.619974
12.0099;0.601513
11.8107;0.583055
11.6116;0.5646
11.4124;0.546152
11.2133;0.527712
11.0141;0.509284
10.815;0.49087
10.6158;0.472475
10.4167;0.454102
10.2175;0.435756
10.0184;0.417442
9.81919;0.399164
9.62003;0.38093
9.42086;0.362746
9.22168;0.34462
9.0225;0.326564
8.8233;0.308592
8.6241;0.290722
8.42489;0.27298
8.22567;0.255398
8.02642;0.238018
7.82716;0.220895
7.62786;0.204096
7.42854;0.187703
7.22917;0.171816
7.02975;0.156548
6.83028;0.14203
6.63074;0.128406
6.43113;0.115833
6.23145;0.104474
6.0317;0.0944928
5.83187;0.0860519
5.63197;0.0793019
5.43203;0.0743764
5.23204;0.0713863
5.03203;0.070414
4.83202;0.0715102
4.63204;0.0746924
4.4321;0.0799455
4.23222;0.0872244
4.03242;0.0964597
3.83272;0.107563
3.63313;0.120436
3.43365;0.134976
3.2343;0.151083
3.03506;0.168669
2.83596;0.187656
2.63699;0.207983
2.43816;0.229602
2.23947;0.252479
2.04093;0.276589
1.84253;0.301912
1.64429;0.328428
1.44621;0.356115
1.2483;0.384942
1.05055;0.414869
0.852959;0.445847
0.655528;0.477815
0.458249;0.510704
0.261112;0.544435
0.0641068;0.578925
-0.132779;0.61409
-0.329558;0.649843
-0.526244;0.686103
-0.722851;0.722788
-0.919392;0.759826
-1.11588;0.79715
-1.31232;0.834699
-1.50873;0.872419
-1.70512;0.910263
-1.90149;0.948192
-2.09785;0.98617
-2.29421;1.02417
-2.49057;1.06216
-2.68693;1.10012
-2.8833;1.13804
-3.07969;1.17589
-3.27609;1.21367
-3.47251;1.25135
-3.66894;1.28894
-3.8654;1.32642
-4.06188;1.36378
-4.25838;1.40101
-4.45491;1.43812
-4.65147;1.47509
-4.84805;1.51192
-5.04465;1.5486
-5.24129;1.58514
-5.43795;1.62154
-5.63463;1.65778
-5.83135;1.69388
-6.02809;1.72984
-6.22486;1.76564
-6.42165;1.80131
-6.61848;1.83682
-6.81532;1.87219
-7.0122;1.90739
-7.20911;1.94241
-7.40606;1.97723
-7.60305;2.01179
-7.80009;2.04605
-7.9972;2.07993
-8.1944;2.11332
-8.3917;2.14609
-8.58912;2.17809
-8.7867;2.20912
-8.98446;2.23897
-9.18244;2.26738
-9.38066;2.29408
-9.57914;2.31876
-9.7779;2.34112
-9.97694;2.36084
-10.1763;2.3776
-10.3758;2.39114
-10.5756;2.40118
-10.7755;2.40754
-10.9756;2.41006
-11.1756;2.40869
-11.3756;2.40341
-11.5754;2.39433
-11.775;2.38161
-11.9744;2.36551
-12.1735;2.34635
-12.3723;2.32451
-12.5709;2.30041
-12.7692;2.27452
-12.9674;2.24729
-13.1654;2.21921
-13.3633;2.19072
-13.5613;2.16224
-13.7593;2.13417
-13.9574;2.10683
-14.1557;2.0805
-14.3541;2.05543
-14.5527;2.03177
-14.7515;2.00965
-14.9505;1.98914
-15.1496;1.97027
-15.3488;1.95301
-15.5482;1.93734
-15.7477;1.92317
-15.9473;1.91042
-16.147;1.89899
-16.3467;1.88878
-16.5465;1.87966
-16.7464;1.87155
-16.9463;1.86432
-17.1461;1.85787
-17.3461;1.85212
-17.546;1.84698
-17.746;1.84236
-17.9459;1.8382
-18.1459;1.83444
-18.3458;1.83102
-18.5458;1.82789
-18.7458;1.82501
-18.9458;1.82234
-19.1458;1.81983
-19.3458;1.81748
-19.5457;1.81523
-19.7457;1.81308
-19.9457;1.81098
-20.1457;1.80894
-20.3457;1.80691
-20.5457;1.80489
-20.7457;1.80286
-20.9457;1.80079
-21.1457;1.79868
-21.3456;1.79651
-21.5456;1.79426
-21.7456;1.79192
-21.9456;1.78948
-22.1456;1.78694
-22.3456;1.78428
-22.5455;1.7815
-22.7455;1.7786
-22.9455;1.77558
-23.1455;1.77244
-23.3455;1.76919
-23.5454;1.76583
-23.7454;1.76238
-23.9454;1.75884
-24.1453;1.75524
-24.3453;1.75158
-24.5453;1.74787
-24.7452;1.74414
-24.9452;1.74039
-25.1452;1.73663
-25.3451;1.73284
-25.5451;1.72904
-25.745;1.72519
-25.945;1.72128
-26.145;1.71728
-26.3449;1.71316
-26.5449;1.70887
-26.7448;1.70439
-26.9448;1.69968
-27.1447;1.69472
-27.3446;1.68951
-27.5446;1.68405
-27.7445;1.67837
-27.9444;1.67251
-28.1443;1.66652
-28.3442;1.66047
-28.5441;1.65442
-28.744;1.64842
-28.944;1.64251
-29.1439;1.6367
-29.3438;1.63099
-29.5437;1.62535
-29.7436;1.61973
-29.9436;1.61409
29.8565;1.60842
29.6566;1.60442
29.4566;1.59952
29.2567;1.59469
29.0567;1.58968
28.8568;1.58459
28.6569;1.57942
28.4569;1.5742
28.257;1.56895
28.0571;1.5637
27.8571;1.55845
27.6572;1.55322
27.4573;1.54803
27.2573;1.54288
27.0574;1.53779
26.8575;1.53278
26.6575;1.52787
26.4576;1.52306
26.2576;1.51839
26.0577;1.51389
25.8577;1.50957
25.6578;1.50548
25.4578;1.50166
25.2579;1.49813
25.0579;1.49493
24.8579;1.49209
24.6579;1.48964
24.4579;1.48757
24.2579;1.48589
24.0579;1.48456
23.8579;1.48353
23.6579;1.48273
23.4579;1.48202
23.2579;1.48128
23.0579;1.48033
22.8579;1.47898
22.658;1.47701
22.458;1.47422
22.258;1.47038
22.0581;1.46532
21.8582;1.45887
21.6583;1.45092
21.4585;1.4414
21.2588;1.43033
21.0592;1.41775
20.8597;1.40378
20.6603;1.38857
20.4609;1.37233
20.2617;1.35524
20.0625;1.33754
19.8633;1.31941
19.6641;1.30104
19.465;1.28257
19.2658;1.26412
19.0667;1.24575
18.8675;1.22752
18.6683;1.20944
18.4691;1.1915
18.2699;1.17368
18.0707;1.15595
17.8715;1.13826
17.6723;1.1206
17.4731;1.10291
17.2739;1.08519
17.0747;1.06741
16.8754;1.04957
16.6763;1.03165
16.4771;1.01366
16.2779;0.99559
16.0787;0.977458
15.8795;0.959267
15.6804;0.941025
15.4812;0.922739
15.282;0.904416
15.0829;0.886063
14.8837;0.867685
14.6846;0.849288
14.4854;0.830876
14.2863;0.812451
14.0871;0.794018
13.888;0.775577
13.6888;0.75713
13.4897;0.73868
13.2905;0.720226
13.0914;0.70177
12.8923;0.683312
12.6931;0.664853
12.494;0.646393
12.2948;0.627934
12.0957;0.609477
11.8965;0.591022
11.6974;0.572572
11.4982;0.554128
11.2991;0.535693
11.0999;0.517269
10.9008;0.49886
10.7016;0.48047
10.5025;0.462101
10.3033;0.44376
10.1042;0.425451
9.90499;0.407179
9.70582;0.388953
9.50665;0.370779
9.30747;0.352669
9.10828;0.334634
8.90909;0.316691
8.70989;0.29886
8.51067;0.281167
8.31144;0.263645
8.11219;0.246338
7.91292;0.229297
7.71362;0.212587
7.51428;0.196286
7.31491;0.180486
7.11548;0.16529
6.91601;0.15082
6.71647;0.137205
6.51686;0.124587
6.31719;0.113115
6.11744;0.102939
5.91763;0.0942064
5.71775;0.0870594
5.51782;0.0816254
5.31784;0.0780139
5.11784;0.0763119
4.91783;0.0765803
4.71783;0.0788519
4.51787;0.0831314
4.31796;0.0893968
4.11812;0.0976023
3.91836;0.107683
3.71871;0.119562
3.51916;0.133152
3.31973;0.148367
3.12043;0.165121
2.92126;0.183339
2.72222;0.202953
2.52331;0.223907
2.32455;0.246155
2.12593;0.269659
1.92746;0.29439
1.72915;0.320317
1.53099;0.347412
1.33299;0.375642
1.13514;0.404967
0.937462;0.435342
0.739935;0.466711
0.542558;0.499012
0.345325;0.532176
0.148226;0.566127
-0.0487492;0.600786
-0.245613;0.636073
-0.442377;0.671909
-0.639054;0.708217
-0.835657;0.744924
-1.0322;0.78196
-1.22869;0.819264
-1.42514;0.856778
-1.62156;0.894453
-1.81796;0.932245
-2.01434;0.970114
-2.21071;1.00803
-2.40708;1.04596
-2.60345;1.08387
-2.79983;1.12176
-2.99622;1.1596
-3.19262;1.19737
-3.38904;1.23506
-3.58547;1.27266
-3.78192;1.31016
-3.9784;1.34755
-4.1749;1.38482
-4.37142;1.42197
-4.56796;1.45898
-4.76453;1.49586
-4.96113;1.5326
-5.15775;1.56919
-5.3544;1.60564
-5.55108;1.64195
-5.74778;1.6781
-5.94452;1.71411
-6.14128;1.74997
-6.33806;1.78567
-6.53488;1.82122
-6.73173;1.85659
-6.92861;1.89179
-7.12552;1.92678
-7.32248;1.96154
-7.51948;1.99603
-7.71654;2.03018
-7.91368;2.06391
-8.1109;2.09714
-8.30823;2.12973
-8.50568;2.16154
-8.70329;2.1924
-8.90108;2.22209
-9.09907;2.2504
-9.29729;2.27707
-9.49576;2.30182
-9.6945;2.32439
-9.8935;2.34447
-10.0928;2.3618
-10.2923;2.37609
-10.492;2.38713
-10.6919;2.39471
-10.8919;2.39869
-11.0919;2.39899
-11.2919;2.39558
-11.4918;2.38852
-11.6916;2.37794
-11.8911;2.36405
-12.0904;2.34711
-12.2895;2.32745
-12.4883;2.30543
-12.6868;2.28147
-12.8852;2.25599
-13.0835;2.22943
-13.2816;2.2022
-13.4797;2.17473
-13.6778;2.14738
-13.876;2.12051
-14.0743;2.0944
-14.2727;2.0693
-14.4713;2.04542
-14.67;2.02289
-14.8689;2.00184
-15.068;1.9823
-15.2672;1.9643
-15.4665;1.94783
-15.6659;1.93284
-15.8655;1.91927
-16.0651;1.90703
-16.2648;1.89604
-16.4646;1.8862
-16.6644;1.87739
-16.8642;1.86953
-17.0641;1.86251
-17.264;1.85624
-17.4639;1.85063
-17.6639;1.8456
-17.8638;1.84108
-18.0638;1.837
-18.2637;1.8333
-18.4637;1.82992
-18.6637;1.82682
-18.8637;1.82396
-19.0637;1.8213
-19.2636;1.8188
-19.4636;1.81644
-19.6636;1.81418
-19.8636;1.812
-20.0636;1.80987
-20.2636;1.80778
-20.4636;1.80571
-20.6636;1.80364
-20.8635;1.80154
-21.0635;1.79941
-21.2635;1.79722
-21.4635;1.79497
-21.6635;1.79264
-21.8635;1.79022
-22.0635;1.7877
-22.2634;1.78507
-22.4634;1.78234
-22.6634;1.77949
-22.8634;1.77652
-23.0634;1.77345
-23.2633;1.77026
-23.4633;1.76697
-23.6633;1.76358
-23.8632;1.76011
-24.0632;1.75656
-24.2632;1.75295
-24.4632;1.74929
-24.6631;1.74559
-24.8631;1.74185
-25.063;1.73808
-25.263;1.73429
-25.463;1.73045
-25.6629;1.72657
-25.8629;1.72262
-26.0629;1.71858
-26.2628;1.71443
-26.4628;1.71014
-26.6627;1.70568
-26.8627;1.70102
-27.0626;1.69615
-27.2625;1.69106
-27.4625;1.68576
-27.6624;1.68026
-27.8623;1.6746
-28.0622;1.6688
-28.2621;1.66293
-28.4621;1.65702
-28.662;1.65111
-28.8619;1.64526
-29.0618;1.63947
-29.2617;1.63375
-29.4616;1.6281
-29.6616;1.62248
-29.8615;1.61686
29.9386;1.61122
29.7386;1.60688
29.5387;1.60185
29.3388;1.59693
29.1388;1.59187
28.9389;1.58676
28.739;1.58159
28.539;1.57639
28.3391;1.57116
28.1392;1.56593
27.9392;1.5607
27.7393;1.55549
27.5394;1.55032
27.3394;1.54519
27.1395;1.54012
26.9396;1.53513
26.7396;1.53022
26.5397;1.52544
26.3397;1.52078
26.1398;1.51628
25.9398;1.51197
25.7399;1.50787
25.5399;1.50401
25.3399;1.50043
25.14;1.49715
24.94;1.49419
24.74;1.49157
24.54;1.4893
24.34;1.48736
24.14;1.48572
23.94;1.48434
23.74;1.48315
23.54;1.48203
23.34;1.48088
23.1401;1.47954
22.9401;1.47785
22.7401;1.47562
22.5401;1.47267
22.3401;1.46881
22.1402;1.46388
21.9403;1.45772
21.7404;1.45024
21.5406;1.44135
21.3409;1.43103
21.1412;1.41931
20.9416;1.40626
20.7421;1.39199
20.5427;1.37665
20.3434;1.36041
20.1441;1.34344
19.9449;1.32593
19.7457;1.30804
19.5465;1.28992
19.3473;1.27169
19.1482;1.25344
18.949;1.23523
18.7498;1.21711
18.5506;1.19909
18.3514;1.18117
18.1522;1.16334
17.953;1.14556
17.7538;1.12781
17.5546;1.11008
17.3554;1.09233
17.1562;1.07454
16.957;1.0567
16.7578;1.0388
16.5586;1.02084
16.3594;1.00281
16.1602;0.98472
15.961;0.96657
15.7619;0.948366
15.5627;0.930116
15.3635;0.911825
15.1644;0.893499
14.9652;0.875145
14.7661;0.856768
14.5669;0.838371
14.3678;0.81996
14.1686;0.801537
13.9695;0.783104
13.7703;0.764664
13.5712;0.746219
13.372;0.727769
13.1729;0.709317
12.9737;0.690862
12.7746;0.672406
12.5754;0.653949
12.3763;0.635494
12.1771;0.61704
11.978;0.598589
11.7789;0.580143
11.5797;0.561704
11.3806;0.543273
11.1814;0.524855
10.9823;0.506451
10.7831;0.488065
10.5839;0.469703
10.3848;0.451367
10.1856;0.433065
9.98646;0.414802
9.7873;0.396586
9.58812;0.378427
9.38894;0.360334
9.18975;0.342323
8.99056;0.32441
8.79135;0.306618
8.59213;0.288972
8.39289;0.271508
8.19364;0.254268
7.99436;0.237302
7.79505;0.220672
7.59571;0.204453
7.39633;0.188729
7.1969;0.173599
6.99742;0.159171
6.79788;0.145567
6.59828;0.132916
6.39861;0.121352
6.19888;0.111016
5.99907;0.102043
5.79921;0.0945659
5.59929;0.088706
5.39932;0.0845705
5.19933;0.0822483
4.99932;0.0818065
4.79931;0.0832889
4.59933;0.0867145
4.3994;0.0920787
4.19952;0.0993552
3.99972;0.108499
3.80001;0.119449
3.60041;0.132137
3.40092;0.146486
3.20155;0.162421
3.0023;0.179868
2.80319;0.19876
2.60422;0.219036
2.40538;0.240643
2.20669;0.263536
2.00815;0.287674
1.80976;0.313022
1.61152;0.339543
1.41344;0.367201
1.21552;0.395955
1.01775;0.425761
0.82013;0.456565
0.622664;0.488311
0.42534;0.520935
0.228153;0.554367
0.0310915;0.588534
-0.165854;0.623363
-0.362694;0.658776
-0.559442;0.6947
-0.756109;0.731063
-0.952707;0.767797
-1.14925;0.804838
-1.34574;0.842128
-1.5422;0.879613
-1.73862;0.917247
-1.93503;0.954988
-2.13142;0.992799
-2.32781;1.03065
-2.52419;1.06851
-2.72058;1.10635
-2.91697;1.14416
-3.11338;1.18192
-3.30979;1.21961
-3.50623;1.25721
-3.70268;1.29473
-3.89915;1.33214
-4.09564;1.36944
-4.29215;1.40661
-4.48869;1.44366
-4.68525;1.48058
-4.88184;1.51737
-5.07846;1.55401
-5.2751;1.59051
-5.47177;1.62687
-5.66846;1.66307
-5.86519;1.69912
-6.06194;1.73502
-6.25872;1.77075
-6.45553;1.80632
-6.65238;1.84171
-6.84926;1.87689
-7.04618;1.91186
-7.24314;1.94657
-7.44016;1.98098
-7.63724;2.01503
-7.8344;2.04864
-8.03164;2.08172
-8.229;2.11415
-8.42648;2.1458
-8.62411;2.1765
-8.82192;2.20606
-9.01992;2.23427
-9.21815;2.26091
-9.41661;2.28573
-9.61533;2.30846
-9.8143;2.32885
-10.0135;2.34664
-10.213;2.36159
-10.4127;2.37347
-10.6125;2.3821
-10.8125;2.38733
-11.0125;2.38907
-11.2125;2.38729
-11.4125;2.38201
-11.6123;2.37334
-11.812;2.36144
-12.0114;2.34652
-12.2107;2.32886
-12.4097;2.3088
-12.6085;2.28668
-12.8071;2.2629
-13.0055;2.23786
-13.2038;2.21195
-13.4021;2.18556
-13.6003;2.15907
-13.7986;2.1328
-13.9969;2.10707
-14.1953;2.08212
-14.3939;2.05819
-14.5926;2.03544
-14.7915;2.014
-14.9905;1.99395
-15.1896;1.97535
-15.3889;1.95821
-15.5883;1.9425
-15.7877;1.92818
-15.9873;1.9152
-16.187;1.90348
-16.3867;1.89293
-16.5865;1.88346
-16.7863;1.87497
-16.9862;1.86737
-17.1861;1.86057
-17.386;1.85449
-17.5859;1.84903
-17.7858;1.84412
-17.9858;1.8397
-18.1857;1.8357
-18.3857;1.83206
-18.5857;1.82873
-18.7857;1.82567
-18.9856;1.82283
-19.1856;1.82018
-19.3856;1.81768
-19.5856;1.81531
-19.7856;1.81303
-19.9856;1.81082
-20.1856;1.80867
-20.3855;1.80653
-20.5855;1.80441
-20.7855;1.80228
-20.9855;1.80012
-21.1855;1.79791
-21.3855;1.79565
-21.5855;1.79332
-21.7855;1.79091
-21.9854;1.78842
-22.1854;1.78582
-22.3854;1.78312
-22.5854;1.78031
-22.7854;1.77739
-22.9853;1.77437
-23.1853;1.77124
-23.3853;1.768
-23.5853;1.76468
-23.7852;1.76126
-23.9852;1.75777
-24.1852;1.75421
-24.3851;1.75059
-24.5851;1.74691
-24.7851;1.74319
-24.985;1.73943
-25.185;1.73563
-25.385;1.73178
-25.5849;1.72788
-25.7849;1.7239
-25.9848;1.71984
-26.1848;1.71567
-26.3848;1.71138
-26.5847;1.70693
-26.7847;1.70232
-26.9846;1.69752
-27.1845;1.69253
-27.3845;1.68735
-27.5844;1.682
-27.7843;1.67649
-27.9842;1.67085
-28.1842;1.66512
-28.3841;1.65933
-28.584;1.65353
-28.7839;1.64773
-28.9838;1.64198
-29.1837;1.63626
-29.3837;1.63059
-29.5836;1.62493
-29.7835;1.61928
-29.9834;1.61361
29.8167;1.60793
29.6167;1.6036
29.4168;1.5986
29.2168;1.59368
29.0169;1.58862
28.817;1.58352
28.617;1.57837
28.4171;1.57319
28.2172;1.568
28.0172;1.5628
27.8173;1.55763
27.6174;1.55248
27.4174;1.54737
27.2175;1.54232
27.0175;1.53735
26.8176;1.53246
26.6177;1.52769
26.4177;1.52305
26.2178;1.51855
26.0178;1.51424
25.8179;1.51012
25.6179;1.50624
25.4179;1.5026
25.218;1.49924
25.018;1.49618
24.818;1.49341
24.618;1.49096
24.418;1.48879
24.218;1.48689
24.018;1.4852
23.818;1.48367
23.618;1.4822
23.4181;1.48069
23.2181;1.47901
23.0181;1.47701
22.8181;1.47454
22.6181;1.47143
22.4181;1.46752
22.2182;1.46266
22.0183;1.45671
21.8184;1.44957
21.6186;1.44117
21.4188;1.43145
21.2191;1.42043
21.0195;1.40815
20.8199;1.39469
20.6205;1.38016
20.4211;1.36469
20.2217;1.34843
20.0224;1.33154
19.8232;1.31417
19.624;1.29646
19.4248;1.27853
19.2256;1.26048
19.0264;1.24238
18.8272;1.22431
18.6281;1.20627
18.4289;1.18831
18.2297;1.1704
18.0305;1.15255
17.8313;1.13474
17.632;1.11695
17.4328;1.09916
17.2336;1.08134
17.0344;1.0635
16.8352;1.04561
16.636;1.02766
16.4369;1.00966
16.2377;0.991601
16.0385;0.973485
15.8393;0.955316
15.6402;0.937099
15.441;0.918839
15.2418;0.900542
15.0427;0.882213
14.8435;0.863856
14.6444;0.845478
14.4452;0.827082
14.2461;0.808671
14.0469;0.790248
13.8478;0.771816
13.6486;0.753377
13.4495;0.734933
13.2503;0.716485
13.0512;0.698034
12.852;0.679582
12.6529;0.661129
12.4537;0.642677
12.2546;0.624227
12.0554;0.60578
11.8563;0.587338
11.6571;0.568903
11.458;0.550478
11.2588;0.532064
11.0597;0.513666
10.8605;0.495287
10.6614;0.476931
10.4622;0.458603
10.2631;0.44031
10.0639;0.422057
9.86472;0.403854
9.66554;0.385711
9.46636;0.367639
9.26717;0.349653
9.06797;0.331772
8.86876;0.314018
8.66954;0.29642
8.4703;0.279011
8.27103;0.261833
8.07175;0.244936
7.87244;0.22838
7.67309;0.212235
7.4737;0.196582
7.27427;0.18151
7.07479;0.167124
6.87525;0.153532
6.67565;0.140856
6.47598;0.12922
6.27625;0.118752
6.07646;0.109579
5.8766;0.101825
5.6767;0.0956065
5.47674;0.0910262
5.27675;0.0881737
5.07675;0.08712
4.87674;0.0879159
4.67675;0.0905914
4.47679;0.0951551
4.27689;0.101596
4.07705;0.109884
3.8773;0.119975
3.67764;0.131814
3.47809;0.145338
3.27866;0.160479
3.07935;0.177169
2.88017;0.195342
2.68113;0.214938
2.48223;0.235901
2.28347;0.258179
2.08485;0.281726
1.88639;0.306499
1.68808;0.332459
1.48992;0.359562
1.29192;0.387768
1.09407;0.41703
0.896367;0.447297
0.698816;0.478515
0.501408;0.510623
0.304136;0.543557
0.106993;0.577249
-0.090031;0.611629
-0.286946;0.646624
-0.483764;0.682164
-0.680496;0.718178
-0.877152;0.754599
-1.07374;0.791364
-1.27028;0.828414
