#1 AntPos X;#2 AntPos Y;#3 Distance form nest;#4 Total Distance;#5 Total Y Distance
-4.1736;19.4148;19.8583;0.097696;0.0850152
-4.12249;19.4983;19.9294;0.195621;0.168575
-4.08034;19.5833;20.0039;0.290303;0.253542
-4.03505;19.6684;20.078;0.386682;0.338629
-3.98964;19.7489;20.1478;0.479067;0.419088
-3.94049;19.8374;20.225;0.580352;0.507652
-3.89205;19.9234;20.3;0.679021;0.593611
-3.84259;20.009;20.3747;0.777923;0.679269
-3.78671;20.0853;20.4392;0.871835;0.755541
-3.72912;20.1633;20.5053;0.968241;0.83356
-3.67053;20.2485;20.5785;1.07136;0.91869
-3.61623;20.3293;20.6484;1.16863;0.999535
-3.56305;20.4203;20.7288;1.27404;1.09055
-3.50416;20.5227;20.8198;1.39216;1.19297
-3.44683;20.6147;20.9009;1.50052;1.28494
-3.39717;20.7032;20.9801;1.60196;1.37345
-3.34662;20.783;21.0507;1.69637;1.45322
-3.29108;20.8635;21.1214;1.79398;1.5337
-3.23705;20.9454;21.1941;1.89209;1.61567
-3.18217;21.0316;21.271;1.99423;1.70184
-3.11237;21.1265;21.3545;2.1116;1.79671
-3.04348;21.2191;21.4363;2.22663;1.88934
-2.98416;21.2983;21.5063;2.32519;1.96848
-2.92533;21.3709;21.5702;2.41805;2.04115
-2.85622;21.4366;21.626;2.51065;2.10682
-2.78756;21.5037;21.6836;2.60437;2.1739
-2.71686;21.5773;21.7477;2.70484;2.24755
-2.65005;21.6522;21.8138;2.80428;2.32245
-2.58008;21.7283;21.881;2.90655;2.39854
-2.51138;21.8037;21.9479;3.0076;2.47393
-2.44437;21.8806;22.0167;3.10894;2.55078
-2.36139;21.956;22.0827;3.21841;2.62626
-2.29341;22.0349;22.1539;3.32206;2.70511
-2.21014;22.1162;22.2264;3.43671;2.78648
-2.12916;22.1892;22.2911;3.54331;2.8594
-2.06417;22.2527;22.3482;3.63298;2.92292
-2.00018;22.3208;22.4103;3.72584;2.99108
-1.93703;22.3913;22.475;3.8201;3.06158
-1.87232;22.463;22.5409;3.9162;3.13318
-1.81336;22.5365;22.6093;4.01041;3.20673
-1.75781;22.6091;22.6773;4.1018;3.2793
-1.69969;22.6872;22.7508;4.19918;3.35744
-1.64017;22.7664;22.8254;4.2982;3.43658
-1.56926;22.8378;22.8916;4.39792;3.508
-1.5026;22.9071;22.9563;4.49341;3.57729
-1.43499;22.9817;23.0265;4.59379;3.65197
-1.36677;23.0577;23.0982;4.69558;3.72795
-1.29421;23.1356;23.1718;4.80153;3.80582
-1.22159;23.2111;23.2433;4.9057;3.88136
-1.15399;23.2831;23.3117;5.00402;3.95337
-1.08799;23.3508;23.3762;5.09798;4.02107
-1.02771;23.4256;23.4481;5.19398;4.09581
-0.953384;23.484;23.5033;5.28578;4.1542
-0.880445;23.5506;23.567;5.38326;4.22081
-0.806405;23.6245;23.6382;5.48716;4.29469
-0.749745;23.7122;23.724;5.59107;4.38239
-0.693209;23.7975;23.8076;5.69309;4.46775
-0.646015;23.8881;23.8968;5.79342;4.55829
-0.601629;23.9806;23.9882;5.89368;4.65084
-0.565949;24.0621;24.0687;5.97993;4.73231
-0.532804;24.1464;24.1522;6.06695;4.8166
-0.503343;24.2305;24.2357;6.15171;4.90072
-0.475316;24.3203;24.325;6.24029;4.99055
-0.443291;24.4245;24.4286;6.34297;5.09477
-0.410362;24.5211;24.5245;6.44024;5.19134
-0.374451;24.6174;24.6202;6.53914;5.2876
-0.329057;24.7096;24.7118;6.64044;5.37982
-0.287313;24.791;24.7927;6.7309;5.46125
-0.243588;24.8762;24.8774;6.82557;5.54642
-0.196425;24.9666;24.9674;6.92657;5.63686
-0.149446;25.0559;25.0564;7.02655;5.72615
-0.102163;25.1447;25.1449;7.12633;5.81495
-0.0541883;25.2344;25.2344;7.22723;5.9046
-0.00858686;25.328;25.328;7.33004;5.99823
0.0333416;25.4221;25.4221;7.43113;6.09229
0.0701461;25.5291;25.5292;7.54006;6.19937
0.10703;25.6296;25.6299;7.64372;6.29986
0.141716;25.727;25.7274;7.74367;6.39725
0.194385;25.8155;25.8162;7.84646;6.48573
0.249632;25.9013;25.9025;7.94844;6.57149
0.305721;25.9825;25.9843;8.04715;6.65273
0.361675;26.0565;26.059;8.13981;6.72673
0.424149;26.1305;26.1339;8.23614;6.80071
0.486623;26.2048;26.2093;8.33272;6.87499
0.553581;26.271;26.2768;8.42523;6.94124
0.624308;26.3367;26.3441;8.51942;7.00688
0.68188;26.4081;26.4169;8.6109;7.07829
0.747173;26.4721;26.4826;8.7007;7.14228
0.814822;26.5384;26.5509;8.79385;7.20867
0.883435;26.6069;26.6216;8.88929;7.27713
0.950612;26.6814;26.6983;8.98886;7.35163
1.01713;26.7555;26.7749;9.08777;7.42575
1.0791;26.83;26.8516;9.18431;7.50018
1.13984;26.9091;26.9333;9.28404;7.57937
1.19405;26.97;26.9964;9.36505;7.64025
1.23803;27.0468;27.0752;9.45316;7.71707
1.28766;27.1229;27.1535;9.54393;7.79315
1.33793;27.2026;27.2355;9.638;7.87281
1.3963;27.2815;27.3172;9.73614;7.95173
1.4477;27.3573;27.3955;9.82767;8.02749
1.5003;27.4467;27.4877;9.93106;8.11691
1.55551;27.5365;27.5804;10.0363;8.20669
1.61256;27.6177;27.6647;10.1355;8.28793
1.66901;27.7044;27.7546;10.2389;8.37465
1.71768;27.7974;27.8504;10.343;8.46761
1.766;27.8876;27.9435;10.4446;8.55783
1.81772;27.9776;28.0366;10.548;8.64779
1.86275;28.0581;28.1198;10.6397;8.72828
1.91017;28.1499;28.2146;10.7422;8.8201
1.95207;28.244;28.3114;10.8434;8.91426
1.98932;28.333;28.4028;10.9378;9.00327
2.03147;28.4193;28.4918;11.0328;9.08953
2.08079;28.5099;28.5858;11.1354;9.18016
2.13034;28.5932;28.6724;11.2321;9.26339
2.17577;28.678;28.7604;11.3277;9.34822
2.22244;28.7639;28.8496;11.425;9.43409
2.26775;28.8555;28.9444;11.5262;9.5257
2.31463;28.9492;29.0416;11.63;9.61942
2.35857;29.0382;29.1338;11.7283;9.7084
2.40169;29.1288;29.2276;11.8275;9.79902
2.4405;29.2229;29.3246;11.9272;9.89309
2.48609;29.3031;29.4083;12.0192;9.9733
2.52887;29.3964;29.505;12.1205;10.0666
2.55355;29.497;29.6073;12.2179;10.1673
2.57742;29.5933;29.7054;12.3114;10.2636
2.59917;29.6864;29.8;12.401;10.3566
2.62442;29.7803;29.8958;12.4934;10.4506
2.65047;29.8716;29.9889;12.584;10.5418
2.67414;29.9642;30.0833;12.6745;10.6344

2.70193;-29.9471;30.0688;12.7641;10.7231
2.73216;-29.8558;29.9806;12.8572;10.8144
2.77372;-29.7738;29.9027;12.9487;10.8964
2.82447;-29.6801;29.8142;13.055;10.9901
2.86713;-29.594;29.7325;13.1505;11.0762
2.91262;-29.5075;29.6509;13.2478;11.1627
2.95801;-29.4299;29.5782;13.3377;11.2403
3.00413;-29.3484;29.5017;13.4312;11.3219
3.05596;-29.2746;29.4337;13.5213;11.3956
3.11493;-29.2069;29.3725;13.6101;11.4634
3.16999;-29.1336;29.3055;13.7015;11.5367
3.22744;-29.0562;29.2349;13.7977;11.614
3.28708;-28.9753;29.1611;13.898;11.695
3.34394;-28.8988;29.0916;13.9931;11.7715
3.40069;-28.8277;29.0276;14.0835;11.8425
3.45995;-28.7534;28.9608;14.1782;11.9169
3.51759;-28.6753;28.8902;14.275;11.995
3.58027;-28.5929;28.8162;14.3782;12.0773
3.64234;-28.5098;28.7416;14.4817;12.1604
3.68708;-28.4375;28.6756;14.5667;12.2327
3.73618;-28.3597;28.6047;14.6587;12.3105
3.78673;-28.2799;28.5323;14.7532;12.3904
3.83976;-28.1971;28.4574;14.8515;12.4731
3.89779;-28.0933;28.3624;14.9701;12.5769
3.95024;-27.9903;28.2677;15.0851;12.6799
3.99725;-27.8974;28.1823;15.1887;12.7728
4.04354;-27.8098;28.1022;15.2875;12.8605
4.09228;-27.7219;28.0223;15.3878;12.9484
4.13802;-27.6423;27.9503;15.4794;13.0279
4.18733;-27.5592;27.8755;15.576;13.111
4.23847;-27.4865;27.8114;15.6648;13.1837
4.29858;-27.409;27.7441;15.7625;13.2612
4.35847;-27.3257;27.6711;15.865;13.3446
4.4108;-27.2356;27.5905;15.969;13.4346
4.47666;-27.1455;27.5122;16.0804;13.5247
4.53655;-27.0642;27.4418;16.1812;13.606
4.59724;-26.9796;27.3685;16.2852;13.6906
4.65623;-26.8987;27.2988;16.3851;13.7715
4.72151;-26.8142;27.2267;16.4915;13.856
4.78723;-26.7215;27.1469;16.6051;13.9487
4.84667;-26.634;27.0714;16.7108;14.0362
4.9156;-26.5473;26.9986;16.8211;14.1229
4.98014;-26.4637;26.9283;16.9263;14.2065
5.04133;-26.3884;26.8657;17.0227;14.2818
5.106;-26.3104;26.8013;17.1234;14.3598
5.16938;-26.2311;26.7357;17.2244;14.4391
5.23252;-26.1546;26.6729;17.323;14.5156
5.3016;-26.079;26.6124;17.4241;14.5913
5.3716;-26.0033;26.5524;17.5257;14.6669
5.4441;-25.9235;26.4889;17.6322;14.7468
5.51668;-25.8401;26.4224;17.7418;14.8302
5.57551;-25.7555;26.3521;17.8447;14.9147
5.64708;-25.6774;26.291;17.9493;14.9928
5.71237;-25.6211;26.2501;18.0323;15.0492
5.77579;-25.5508;26.1955;18.1259;15.1194
5.84128;-25.4779;26.1389;18.2228;15.1923
5.92012;-25.4083;26.0888;18.3244;15.262
6.01365;-25.3396;26.0434;18.4335;15.3307
6.10637;-25.2776;26.0047;18.5366;15.3927
6.19387;-25.2201;25.9695;18.6331;15.4501
6.28705;-25.1657;25.9391;18.7304;15.5046
6.38433;-25.1084;25.9074;18.8324;15.5618
6.48046;-25.0582;25.8826;18.9281;15.612
6.57549;-25.013;25.8628;19.0192;15.6572
6.66629;-24.9685;25.8431;19.1074;15.7017
6.74742;-24.9246;25.8218;19.1898;15.7456
6.82127;-24.8698;25.7883;19.2769;15.8004
6.88368;-24.8208;25.7576;19.3529;15.8495
6.9671;-24.7754;25.7364;19.438;15.8948
7.05393;-24.7287;25.7151;19.5262;15.9415
7.14684;-24.6802;25.6942;19.6195;15.99
7.24273;-24.6349;25.6775;19.7121;16.0353
7.34513;-24.5966;25.6699;19.8028;16.0736
7.44128;-24.553;25.6558;19.8945;16.1173
7.54395;-24.5094;25.6441;19.9901;16.1608
7.63852;-24.4617;25.6265;20.0844;16.2086
7.73014;-24.4156;25.6101;20.1758;16.2546
7.80867;-24.3675;25.5881;20.261;16.3027
7.87462;-24.3197;25.5628;20.3387;16.3506
7.95512;-24.2702;25.5407;20.4264;16.4
8.0335;-24.2228;25.5202;20.5112;16.4474
8.11574;-24.1776;25.5034;20.5966;16.4926
8.18905;-24.1283;25.4801;20.68;16.5419
8.26565;-24.0767;25.456;20.7673;16.5935
8.34053;-24.022;25.4287;20.856;16.6482
8.41155;-23.9703;25.4033;20.9401;16.6999
8.49384;-23.9163;25.3798;21.0329;16.754
8.577;-23.8634;25.3579;21.1253;16.8069
8.65987;-23.8065;25.3327;21.2208;16.8637
8.73853;-23.7497;25.3064;21.3136;16.9205
8.82217;-23.6845;25.2742;21.4163;16.9857
8.90432;-23.6214;25.2439;21.5164;17.0489
8.98315;-23.5563;25.211;21.6161;17.1139
9.06461;-23.4881;25.1766;21.7198;17.1821
9.14242;-23.4241;25.145;21.8181;17.2462
9.22671;-23.3695;25.125;21.9129;17.3007
9.31176;-23.3141;25.1049;22.0089;17.3561
9.3892;-23.2547;25.0786;22.1034;17.4155
9.4688;-23.195;25.0532;22.1995;17.4753
9.54574;-23.1397;25.0313;22.2904;17.5305
9.62528;-23.0832;25.0096;22.384;17.5871
9.69715;-23.0182;24.9774;22.4795;17.652
9.76144;-22.9496;24.9393;22.5732;17.7206
9.81547;-22.898;24.913;22.6472;17.7723
9.86912;-22.8287;24.8706;22.7349;17.8416
9.93149;-22.7549;24.8278;22.8314;17.9153
9.99149;-22.6844;24.7873;22.9239;17.9859
10.0467;-22.6093;24.741;23.0171;18.0609
10.1013;-22.5471;24.7065;23.0997;18.1231
10.1571;-22.4825;24.6704;23.185;18.1877
10.2114;-22.4119;24.6286;23.2741;18.2583
10.2698;-22.3274;24.576;23.3766;18.3428
10.3228;-22.2476;24.5258;23.472;18.4226
10.3753;-22.1652;24.4733;23.5693;18.505
10.4343;-22.0875;24.4281;23.6668;18.5827
10.5017;-22.0099;24.3869;23.7694;18.6603
10.5681;-21.9352;24.3483;23.8692;18.735
10.6353;-21.8569;24.3071;23.9723;18.8133
10.6998;-21.7834;24.2694;24.07;18.8868
10.7666;-21.7084;24.2317;24.1702;18.9618
10.8315;-21.6388;24.1983;24.2651;19.0314
10.9056;-21.5653;24.1659;24.3687;19.105
10.9811;-21.4914;24.1343;24.4736;19.1788
11.0537;-21.4219;24.1057;24.5731;19.2483
11.128;-21.3531;24.0788;24.6731;19.3171
11.2016;-21.2851;24.0527;24.7722;19.3851
11.2748;-21.2169;24.0266;24.8711;19.4533
11.3475;-21.1547;24.006;24.9651;19.5155
11.4211;-21.0915;23.9852;25.0605;19.5788
11.4956;-21.0273;23.9645;25.157;19.6429
11.5703;-20.9579;23.9396;25.2579;19.7123
11.6372;-20.8825;23.9061;25.3586;19.7877
11.6928;-20.798;23.8596;25.4593;19.8722
11.7399;-20.7089;23.8051;25.5583;19.9613
11.7974;-20.6102;23.7478;25.6713;20.06
11.845;-20.502;23.6778;25.7857;20.1683
11.8888;-20.4096;23.6198;25.8851;20.2606
11.9362;-20.3109;23.5585;25.9919;20.3593
11.9851;-20.2222;23.507;26.0919;20.4481
12.0326;-20.1395;23.4603;26.1862;20.5307
12.0823;-20.0575;23.4155;26.2813;20.6128
12.1401;-19.9648;23.3661;26.3899;20.7055
12.2037;-19.8715;23.3197;26.5025;20.7987
12.2619;-19.7879;23.2791;26.6041;20.8823
12.3173;-19.6995;23.2333;26.7079;20.9707
12.3838;-19.6091;23.1921;26.82;21.0611
12.4582;-19.5209;23.1576;26.9354;21.1493
12.5244;-19.4465;23.1307;27.0348;21.2237
12.5848;-19.3839;23.1109;27.1214;21.2863
12.6381;-19.3166;23.0836;27.2072;21.3536
12.688;-19.2357;23.0434;27.3016;21.4345
12.7324;-19.1489;22.9955;27.3973;21.5214
12.7871;-19.0656;22.9567;27.4966;21.6046
12.8405;-18.9762;22.9124;27.5998;21.694
12.9005;-18.8919;22.8763;27.7032;21.7784
12.9796;-18.822;22.8634;27.807;21.8482
13.0694;-18.7715;22.8731;27.9023;21.8988
13.1613;-18.7347;22.8956;27.9882;21.9355
13.2537;-18.7063;22.9257;28.0678;21.9639
13.3566;-18.6801;22.964;28.1526;21.9902
13.4675;-18.6699;23.0204;28.2299;22.0003
13.5683;-18.6732;23.0822;28.2906;21.997
13.6659;-18.6857;23.1498;28.3423;21.9845
13.7621;-18.7013;23.2192;28.3911;21.969
13.8606;-18.7174;23.2907;28.4411;21.9528
13.9481;-18.7414;23.3621;28.4784;21.9289
14.0324;-18.7769;23.441;28.505;21.8934
14.1188;-18.8163;23.5243;28.5302;21.8539
14.2014;-18.8539;23.604;28.5546;21.8163
14.2825;-18.8884;23.6804;28.5807;21.7818
14.3707;-18.9275;23.7649;28.6081;21.7427
14.4606;-18.9668;23.8506;28.6368;21.7034
14.553;-19.0078;23.9392;28.6661;21.6624
14.6434;-19.0492;24.0271;28.6943;21.6211
14.7504;-19.0808;24.1174;28.741;21.5894
14.8589;-19.1055;24.2034;28.7942;21.5648
14.9671;-19.1232;24.2839;28.8528;21.547
15.0797;-19.1449;24.3706;28.9117;21.5254
15.1788;-19.1729;24.454;28.9571;21.4973
15.2734;-19.2042;24.5373;28.9974;21.466
15.3807;-19.2493;24.6394;29.0364;21.4209
15.4827;-19.2887;24.7339;29.0763;21.3815
15.5858;-19.3226;24.825;29.1214;21.3476
15.6757;-19.3609;24.9113;29.1547;21.3094
15.7756;-19.4027;25.0067;29.1925;21.2675
15.8709;-19.4458;25.1003;29.2265;21.2244
15.9658;-19.4917;25.1959;29.2586;21.1785
16.0644;-19.5374;25.2938;29.2937;21.1328
16.1507;-19.591;25.39;29.315;21.0792
16.2397;-19.651;25.493;29.3339;21.0192
16.3273;-19.7076;25.5924;29.3546;20.9626
16.4022;-19.7707;25.6888;29.3622;20.8995
16.4763;-19.8348;25.7854;29.3688;20.8355
16.5539;-19.9094;25.8924;29.3707;20.7608
16.6244;-19.9855;25.996;29.367;20.6847
16.6953;-20.0532;26.0934;29.3698;20.617
16.7695;-20.1224;26.194;29.3743;20.5479
16.8423;-20.1923;26.2943;29.3775;20.4779
16.9198;-20.263;26.3983;29.384;20.4072
16.986;-20.3353;26.4962;29.3816;20.335
17.0468;-20.4026;26.5868;29.379;20.2676
17.1152;-20.4752;26.6864;29.3786;20.195
17.1843;-20.545;26.7843;29.381;20.1252
17.2527;-20.623;26.888;29.3776;20.0472
17.3186;-20.7009;26.99;29.3728;19.9694
17.375;-20.7798;27.0868;29.3607;19.8904
17.4299;-20.8524;27.1776;29.352;19.8178
17.4865;-20.9316;27.2747;29.3404;19.7386
17.5335;-21.0188;27.3718;29.3167;19.6514
17.5735;-21.0991;27.459;29.2927;19.5711
17.6125;-21.1844;27.5496;29.2649;19.4858
17.6432;-21.2625;27.6293;29.2358;19.4077
17.6699;-21.3547;27.7173;29.1947;19.3155
17.7054;-21.4555;27.8176;29.1548;19.2147
17.7447;-21.5487;27.9146;29.1232;19.1215
17.7697;-21.6611;28.0172;29.0684;19.0091
17.7858;-21.7556;28.1006;29.0189;18.9146
17.804;-21.8528;28.1874;28.9694;18.8174
17.8208;-21.9513;28.2744;28.9184;18.7189
17.8416;-22.05;28.3641;28.8705;18.6203
17.8611;-22.148;28.4526;28.8223;18.5222
17.8713;-22.2519;28.54;28.7634;18.4183
17.8787;-22.3555;28.6255;28.7029;18.3147
17.8956;-22.4598;28.7175;28.6495;18.2104
17.9272;-22.5524;28.8096;28.6153;18.1179
17.9579;-22.6437;28.9002;28.5813;18.0265
17.9904;-22.7378;28.9942;28.5474;17.9324
18.026;-22.8336;29.0914;28.515;17.8366
18.0676;-22.9204;29.1854;28.4933;17.7498
18.1185;-23.0175;29.2931;28.4729;17.6527
18.1721;-23.1059;29.3957;28.4603;17.5643
18.2249;-23.1928;29.4966;28.4484;17.4774
18.2656;-23.275;29.5864;28.4301;17.3952
18.3219;-23.3578;29.6863;28.4242;17.3125
18.3782;-23.4405;29.7862;28.4187;17.2298
18.4396;-23.5415;29.9035;28.4065;17.1287
18.4931;-23.6331;30.0087;28.3941;17.0371
18.553;-23.7251;30.118;28.3871;16.9452
18.6147;-23.809;30.2221;28.3867;16.8612
18.6703;-23.906;30.3328;28.374;16.7642
18.7187;-23.999;30.4359;28.3584;16.6713
18.7631;-24.1;30.5428;28.3351;16.5703
18.8005;-24.1975;30.6428;28.3085;16.4727
18.8354;-24.2948;30.741;28.2804;16.3754
18.8663;-24.395;30.8392;28.2479;16.2753
18.8893;-24.4909;30.9291;28.2115;16.1793
18.9146;-24.5861;31.02;28.1778;16.0841
18.928;-24.6833;31.1052;28.1335;15.9869
18.9277;-24.7866;31.1871;28.0747;15.8836
18.9309;-24.9067;31.2846;28.0095;15.7635
18.9326;-25.0167;31.3732;27.9491;15.6535
18.9292;-25.119;31.4528;27.8892;15.5512
18.9229;-25.2305;31.5381;27.8219;15.4397
18.9203;-25.3356;31.6207;27.7616;15.3346
18.9157;-25.4368;31.6991;27.7019;15.2334
18.9193;-25.5343;31.7796;27.6515;15.1359
18.9293;-25.6362;31.8674;27.6042;15.034
18.9381;-25.7322;31.9499;27.5594;14.9381
18.9481;-25.8348;32.0385;27.5124;14.8355
18.9537;-25.9312;32.1196;27.4653;14.7391
18.957;-26.0302;32.2015;27.4151;14.6401
18.9423;-26.1202;32.2657;27.3547;14.5501
18.9262;-26.217;32.3347;27.2896;14.4532
18.9069;-26.3081;32.3973;27.2251;14.3621
18.8889;-26.3874;32.4513;27.168;14.2828
18.8788;-26.4875;32.5268;27.1069;14.1827
18.8753;-26.6028;32.6188;27.0438;14.0675
18.8702;-26.7044;32.6987;26.9867;13.9658
18.8672;-26.8034;32.7779;26.933;13.8668
18.867;-26.9076;32.8631;26.8793;13.7626
18.8618;-27.0109;32.9448;26.8222;13.6593
18.8569;-27.1123;33.0252;26.7664;13.5579
18.8496;-27.2107;33.1018;26.7104;13.4595
18.8457;-27.3166;33.1866;26.6538;13.3537
18.8335;-27.4064;33.2537;26.5983;13.2638
18.8083;-27.5117;33.3263;26.5241;13.1586
18.7841;-27.615;33.3981;26.452;13.0553
18.7615;-27.715;33.4681;26.3832;12.9553
18.7382;-27.8106;33.5343;26.3159;12.8596
18.7056;-27.9051;33.5946;26.2414;12.7651
18.6709;-27.997;33.6516;26.1664;12.6733
18.6324;-28.0909;33.7086;26.0874;12.5793
18.5936;-28.1739;33.7563;26.0135;12.4964
18.5544;-28.2578;33.8049;25.9388;12.4124
18.5108;-28.3479;33.8564;25.8574;12.3223
18.478;-28.4361;33.9123;25.7866;12.2341
18.4487;-28.5238;33.97;25.7193;12.1465
18.412;-28.6184;34.0296;25.6424;12.0519
18.3796;-28.7156;34.094;25.5682;11.9546
18.3481;-28.8121;34.1583;25.4954;11.8582
18.3372;-28.9065;34.2321;25.4419;11.7638
18.3252;-29.0021;34.3065;25.3872;11.6681
18.3268;-29.1071;34.3961;25.3405;11.5631
18.3279;-29.2092;34.4832;25.2951;11.461
18.3274;-29.3067;34.5655;25.2506;11.3635
18.3159;-29.4191;34.6548;25.19;11.2511
18.2951;-29.5437;34.7497;25.1159;11.1266
18.2778;-29.6557;34.8358;25.0509;11.0146
18.2637;-29.7617;34.9188;24.9918;10.9086
18.257;-29.8525;34.9927;24.9463;10.8177
18.2489;-29.9462;35.0684;24.8985;10.7241

18.2424;29.9578;35.0749;24.8514;10.628
18.2366;29.8589;34.9875;24.804;10.5291
18.2305;29.7587;34.8988;24.7561;10.4289
18.2305;29.653;34.8088;24.7118;10.3233
18.234;29.5492;34.7222;24.6718;10.2194
18.2425;29.4461;34.639;24.637;10.1164
18.2498;29.3458;34.5576;24.6026;10.016
18.2479;29.2442;34.4704;24.5597;9.91438
18.2431;29.1451;34.3838;24.5155;9.81529
18.24;29.0544;34.3054;24.4765;9.72465
18.2326;28.9515;34.2143;24.4289;9.62175
18.2268;28.8461;34.122;24.3823;9.51628
18.2179;28.7464;34.0331;24.3354;9.41664
18.198;28.6572;33.947;24.2826;9.3274
18.1731;28.5651;33.856;24.2244;9.23531
18.147;28.4638;33.7565;24.1617;9.13401
18.1229;28.3642;33.6596;24.1019;9.0344
18.0947;28.2678;33.5632;24.0398;8.93805
18.0554;28.172;33.4613;23.9678;8.84225
18.0091;28.0757;33.3553;23.8894;8.74592
17.9752;27.9767;33.2536;23.8217;8.64692
17.9371;27.8799;33.1516;23.7512;8.55009
17.8893;27.7976;33.0565;23.677;8.4678
17.8333;27.7097;32.9523;23.5934;8.37995
17.7731;27.6211;32.8452;23.5058;8.2913
17.713;27.5373;32.7422;23.42;8.20748
17.6541;27.456;32.642;23.3364;8.12625
17.5955;27.3756;32.5426;23.2535;8.04578
17.543;27.2882;32.4408;23.1741;7.95847
17.4879;27.2013;32.3379;23.0927;7.87153
17.4288;27.1188;32.2365;23.009;7.789
17.3417;27.0419;32.1247;22.9011;7.71212
17.2617;26.9745;32.0248;22.8031;7.64471
17.1969;26.9107;31.9362;22.7207;7.58095
17.1269;26.8433;31.8417;22.6322;7.51355
17.0577;26.774;31.7461;22.544;7.44425
16.983;26.7049;31.6476;22.4507;7.3751
16.9093;26.6443;31.557;22.3612;7.31454
16.8235;26.5827;31.459;22.26;7.2529
16.7351;26.5253;31.3632;22.1577;7.1955
16.6538;26.4716;31.2745;22.0634;7.14185
16.5674;26.425;31.1891;21.9666;7.09522
16.478;26.3794;31.103;21.8672;7.0496
16.3963;26.3436;31.0294;21.7784;7.01386
16.3091;26.3087;30.9537;21.6845;6.97893
16.2122;26.2735;30.8728;21.5815;6.94369
16.1127;26.2411;30.7931;21.4769;6.9113
16.0161;26.2079;30.7143;21.3748;6.87811
15.9238;26.1685;30.6326;21.2746;6.83871
15.8316;26.1294;30.5513;21.1747;6.7996
15.7484;26.0889;30.4736;21.083;6.75913
15.6737;26.0416;30.3946;20.9971;6.7118
15.5889;25.9955;30.3114;20.902;6.66571
15.5018;25.9543;30.2313;20.8063;6.62456
15.415;25.9131;30.1515;20.7109;6.58331
15.3369;25.8886;30.0906;20.6291;6.55886
15.2615;25.8632;30.0303;20.5495;6.53342
15.1798;25.855;29.9817;20.4694;6.5252
15.0962;25.8348;29.9221;20.3838;6.50502
15.014;25.8082;29.8577;20.2974;6.47841
14.9212;25.7736;29.7812;20.1984;6.44381
14.8279;25.7387;29.7043;20.0988;6.40892
14.7214;25.6925;29.6112;19.9831;6.36269
14.6257;25.6491;29.526;19.8786;6.31933
14.5324;25.6012;29.4382;19.7749;6.27141
14.4357;25.5497;29.3459;19.667;6.21997
14.3476;25.5037;29.2625;19.5688;6.17398
14.2575;25.4659;29.1854;19.4714;6.13613
14.1671;25.4293;29.1094;19.374;6.09953
14.0749;25.3928;29.0327;19.275;6.06301
13.98;25.3512;28.9504;19.1719;6.02143
13.889;25.3122;28.8723;19.0732;5.98243
13.7987;25.2758;28.7971;18.9761;5.94604
13.7014;25.239;28.7182;18.8722;5.90925
13.6053;25.2034;28.6411;18.7697;5.87358
13.5119;25.1613;28.5598;18.6679;5.83148
13.4189;25.121;28.4803;18.5669;5.79121
13.3278;25.0648;28.3879;18.4628;5.73501
13.2455;25.013;28.3036;18.3686;5.68324
13.1554;24.9642;28.2183;18.2678;5.6344
13.0649;24.9233;28.1401;18.1691;5.59355
12.9692;24.8917;28.0677;18.0683;5.56189
12.8759;24.8543;27.9915;17.9681;5.52452
12.7824;24.8152;27.9139;17.867;5.48544
12.6885;24.7508;27.8136;17.7579;5.42101
12.5892;24.6984;27.7219;17.6474;5.36867
12.497;24.6478;27.635;17.5442;5.31806
12.4038;24.6043;27.5541;17.4422;5.27454
12.3063;24.5717;27.4812;17.3394;5.24196
12.2203;24.5369;27.4116;17.2469;5.20715
12.1378;24.5088;27.3497;17.1598;5.17901
12.0598;24.4943;27.3022;17.081;5.16455
11.9778;24.4829;27.2558;16.9994;5.15313
11.9064;24.4742;27.2167;16.9288;5.14445
11.833;24.475;27.1854;16.859;5.14523
11.7486;24.4757;27.1494;16.7789;5.14592
11.6541;24.4764;27.1093;16.6892;5.14663
11.5602;24.4772;27.0698;16.6002;5.14746
11.4652;24.4816;27.0333;16.5112;5.15185
11.3801;24.4933;27.0079;16.4341;5.16354
11.2877;24.506;26.9807;16.3504;5.17626
11.1919;24.5188;26.9524;16.2637;5.18903
11.1024;24.5336;26.9289;16.1837;5.20387
10.9908;24.56;26.9071;16.0865;5.23023
10.8848;24.5775;26.88;15.9921;5.24778
10.7782;24.5859;26.8446;15.8941;5.2561
10.6728;24.5888;26.8052;15.7957;5.25903
10.5702;24.5869;26.7627;15.6984;5.25709
10.4692;24.5809;26.7175;15.6012;5.25117
10.3464;24.5639;26.6539;15.4799;5.23409
10.2328;24.547;26.5945;15.3673;5.21727
10.1255;24.5294;26.5371;15.2604;5.19965
10.0229;24.5087;26.479;15.1569;5.17898
9.92245;24.4888;26.4227;15.0557;5.15903
9.82415;24.4695;26.368;14.9567;5.13971
9.7258;24.4549;26.318;14.8594;5.12517
9.63092;24.4388;26.268;14.7648;5.10899
9.53074;24.432;26.2251;14.6684;5.10222
9.42891;24.4243;26.1811;14.5703;5.09451
9.32993;24.4144;26.1364;14.4742;5.08464
9.22996;24.4036;26.0908;14.3768;5.07382
9.1302;24.3964;26.0489;14.2809;5.06662
9.027;24.3922;26.009;14.183;5.06242
8.91935;24.3864;25.9663;14.0804;5.0566
8.81362;24.3882;25.9319;13.9824;5.0584
8.7132;24.4017;25.9107;13.8938;5.07196
8.62098;24.4237;25.9006;13.8161;5.09394
8.52771;24.4498;25.8943;13.7391;5.12005
8.43499;24.4761;25.8887;13.663;5.1463
8.3435;24.5101;25.8913;13.5912;5.18035
8.24707;24.5389;25.8877;13.5132;5.20915
8.15625;24.5632;25.882;13.4389;5.23344
8.05968;24.5961;25.883;13.3629;5.26637
7.9674;24.6326;25.889;13.2927;5.30279
7.86372;24.6724;25.8953;13.2137;5.34261
7.76087;24.7216;25.9112;13.1398;5.39185
7.66103;24.7671;25.9249;13.0677;5.43734
7.5581;24.8103;25.936;12.9923;5.48055
7.45139;24.8622;25.9548;12.9178;5.5324
7.3599;24.8941;25.9593;12.849;5.56437
7.26358;24.9454;25.9814;12.7847;5.61565
7.17948;24.9924;26.0032;12.73;5.66263
7.0892;25.0396;26.0238;12.6704;5.70979
6.99262;25.0795;26.0361;12.6024;5.74971
6.89637;25.1184;26.0479;12.5348;5.78859
6.79589;25.1559;26.0577;12.4632;5.82613
6.70222;25.1966;26.0727;12.3997;5.86678
6.60669;25.2359;26.0864;12.3344;5.90616
6.51352;25.2821;26.1077;12.275;5.95235
6.42413;25.3286;26.1306;12.2197;5.99881
6.32554;25.3888;26.1649;12.1638;6.05903
6.23167;25.4496;26.2014;12.113;6.11979
6.144;25.5147;26.244;12.0707;6.18495
6.06451;25.5804;26.2895;12.0365;6.25067
5.98638;25.6422;26.3317;12.0022;6.31243
5.9045;25.7088;26.3782;11.968;6.37907
5.82044;25.7719;26.421;11.9309;6.44213
5.74314;25.8328;26.4635;11.8991;6.50303
5.66731;25.8948;26.5077;11.8698;6.56503
5.59995;25.9574;26.5546;11.8487;6.62763
5.53076;26.0188;26.6002;11.826;6.68908
5.46382;26.0782;26.6445;11.8047;6.74846
5.40326;26.1605;26.7127;11.8025;6.83071
5.3433;26.2398;26.7783;11.7999;6.91
5.27468;26.328;26.8512;11.7965;6.99824
5.20662;26.4052;26.9137;11.788;7.07547
5.13288;26.4798;26.9727;11.7742;7.14998
5.04745;26.5576;27.033;11.7541;7.22782
4.96407;26.6145;27.0735;11.7238;7.28477
4.87253;26.6615;27.1031;11.6816;7.33174
4.78022;26.6907;27.1154;11.6283;7.36091
4.66918;26.7071;27.1122;11.553;7.3773
4.5438;26.7228;27.1063;11.467;7.393
4.42967;26.7195;27.0842;11.3778;7.38975
4.33201;26.7026;27.0517;11.2927;7.37278
4.23171;26.6791;27.0126;11.2015;7.34935
4.13789;26.6434;26.9628;11.1073;7.31364
4.04579;26.6025;26.9084;11.0111;7.27276
3.95645;26.5658;26.8588;10.9198;7.23604
3.86677;26.5202;26.8006;10.8225;7.19044
3.7745;26.4608;26.7287;10.7141;7.13105
3.68947;26.3992;26.6558;10.6096;7.06944
3.60908;26.3385;26.5846;10.5092;7.00868
3.53325;26.2695;26.506;10.4067;6.93973
3.45198;26.2118;26.4382;10.3077;6.88206
3.3794;26.1474;26.3648;10.2106;6.81759
3.30946;26.0722;26.2814;10.1084;6.74244
3.24805;25.9914;26.1935;10.0087;6.6616
3.18159;25.9255;26.12;9.9153;6.59575
3.11287;25.8533;26.04;9.81593;6.5235
3.04135;25.7831;25.9618;9.71583;6.45328
2.97403;25.7137;25.8851;9.61942;6.38391
2.9175;25.6377;25.8032;9.52674;6.30794
2.86451;25.559;25.719;9.43495;6.22923
2.80782;25.4796;25.6338;9.33997;6.14982
2.74669;25.4084;25.5565;9.24711;6.07865
2.68543;25.3349;25.4769;9.15265;6.00516
2.61778;25.2655;25.4007;9.05604;5.93572
2.54646;25.1964;25.3248;8.95691;5.86665
2.4723;25.1305;25.2518;8.85766;5.80069
2.39482;25.0686;25.1827;8.75857;5.7388
2.31756;25.0051;25.1123;8.65861;5.67531
2.23757;24.9399;25.0401;8.55548;5.61013
2.1616;24.8751;24.9689;8.45566;5.54537
2.08333;24.8128;24.9001;8.3557;5.48305
1.99654;24.7509;24.8313;8.2496;5.42116
1.90862;24.6893;24.763;8.14284;5.35953
1.8146;24.6179;24.6847;8.02504;5.2881
1.7253;24.543;24.6036;7.90855;5.21323
1.6378;24.4805;24.5352;7.80153;5.15069
1.54547;24.4218;24.4707;7.69347;5.09204
1.45314;24.3664;24.4097;7.5876;5.0366
1.35082;24.3178;24.3552;7.47887;4.98799
1.25111;24.2842;24.3164;7.38232;4.95446
1.16022;24.2515;24.2793;7.29309;4.92176
1.06911;24.2158;24.2394;7.20185;4.88606
0.984452;24.1863;24.2063;7.11969;4.85649
0.89953;24.171;24.1877;7.04731;4.84119
0.807709;24.1389;24.1524;6.95865;4.8091
0.71537;24.1037;24.1143;6.86772;4.77395
0.623953;24.0671;24.0752;6.77663;4.7373
0.529928;24.0168;24.0227;6.67435;4.68707
0.434636;23.9646;23.9685;6.56987;4.6348
0.347741;23.9161;23.9186;6.47415;4.58634
0.248673;23.8768;23.8781;6.3765;4.547
0.160329;23.8328;23.8334;6.28332;4.50307
0.0736197;23.7835;23.7836;6.18753;4.4537
-0.0244716;23.7321;23.7321;6.08259;4.40236
-0.109183;23.6869;23.6871;5.99143;4.35708
-0.193952;23.6465;23.6473;5.90403;4.31677
-0.280658;23.595;23.5967;5.80725;4.26521
-0.366532;23.5383;23.5412;5.70742;4.20856
-0.446312;23.4693;23.4735;5.60264;4.13953
-0.52255;23.3924;23.3982;5.49442;4.06259
-0.598082;23.3306;23.3383;5.39792;4.00084
-0.687186;23.2755;23.2857;5.29735;3.94574
-0.770106;23.223;23.2357;5.20295;3.89319
-0.856422;23.1713;23.1871;5.10712;3.84153
-0.942352;23.12;23.1392;5.01198;3.79019
-1.03292;23.0675;23.0906;4.91318;3.73775
-1.12904;23.0187;23.0464;4.81383;3.68893
-1.22187;22.9659;22.9983;4.71385;3.63609
-1.31043;22.9146;22.952;4.61805;3.58479
-1.40206;22.8579;22.9008;4.51641;3.52808
-1.4904;22.8048;22.8534;4.41993;3.47499
-1.56902;22.7504;22.8044;4.32867;3.4206
-1.65551;22.6807;22.741;4.22069;3.35092
-1.73961;22.6096;22.6765;4.1132;3.27986
-1.81305;22.5425;22.6153;4.01543;3.21277
-1.89064;22.4861;22.5655;3.92385;3.15635
-1.97889;22.445;22.5321;3.83864;3.11525
-2.07846;22.3912;22.4875;3.73715;3.06147
-2.16975;22.3376;22.4427;3.64111;3.00782
-2.25629;22.2892;22.4032;3.55267;2.95947
-2.33856;22.2331;22.3557;3.46055;2.90328
-2.41492;22.1711;22.3022;3.36714;2.8413
-2.48934;22.1055;22.2452;3.27196;2.7757
-2.56227;22.0359;22.1843;3.17439;2.70609
-2.62968;21.9601;22.117;3.07462;2.63033
-2.70219;21.8861;22.0522;2.97382;2.55628
-2.77226;21.811;21.9865;2.87359;2.48124
-2.8392;21.7342;21.9189;2.77358;2.40444
-2.89992;21.6646;21.8578;2.68298;2.33478
-2.96558;21.5962;21.7989;2.5913;2.26647
-3.03126;21.5251;21.7375;2.49731;2.1953
-3.09849;21.4486;21.6713;2.39816;2.11884
-3.1577;21.3776;21.6096;2.30779;2.04785
-3.20677;21.2958;21.5359;2.21254;1.96601
-3.26206;21.2176;21.4669;2.11774;1.88781
-3.31254;21.1296;21.3877;2.01647;1.79987
-3.35804;21.0408;21.3071;1.91665;1.71102
-3.41351;20.9449;21.2213;1.8061;1.61517
-3.46105;20.8518;21.1371;1.70154;1.52203
-3.49736;20.7605;21.053;1.60363;1.4307
-3.53225;20.6685;20.9681;1.50582;1.33869
-3.57324;20.5755;20.8835;1.4044;1.24571
-3.62131;20.4815;20.7992;1.29887;1.15176
-3.67703;20.3898;20.7187;1.19177;1.06
-3.73681;20.3152;20.656;1.09831;0.985457
-3.79421;20.2396;20.5922;1.0053;0.909867
-3.85465;20.1733;20.5383;0.919954;0.843541
-3.91213;20.1145;20.4915;0.843638;0.784774
-3.97481;20.049;20.4392;0.760404;0.719194
-4.03622;19.9775;20.3811;0.673738;0.647694
-4.10332;19.9036;20.3221;0.585897;0.573805
-4.16991;19.8302;20.2638;0.503063;0.500387
-4.23409;19.7572;20.2058;0.427621;0.427443
-4.29849;19.6848;20.1487;0.363248;0.355047
-4.36773;19.6117;20.0921;0.317451;0.28189
-4.44101;19.5387;20.0371;0.302881;0.208939
-4.51093;19.464;19.9799;0.318838;0.134265
-4.5803;19.3854;19.9191;0.36285;0.0556023
-4.64894;19.3043;19.8562;0.427954;-0.0254403
-4.70024;19.2162;19.7827;0.491789;-0.113562
-4.75341;19.1303;19.712;0.567855;-0.199458
-4.80796;19.047;19.6444;0.650872;-0.2828
-4.86187;18.9611;19.5745;0.738712;-0.368686
-4.92282;18.8654;19.4971;0.840929;-0.464371
-4.97575;18.7783;19.4264;0.934151;-0.55146
-5.03011;18.693;19.3579;1.02906;-0.63679
-5.08985;18.6129;19.2963;1.12584;-0.716872
-5.15147;18.5242;19.2271;1.2302;-0.805599
-5.2069;18.4369;19.1581;1.32957;-0.892864
-5.26576;18.3582;19.0985;1.42615;-0.971563
-5.32618;18.2722;19.0326;1.52915;-1.05759
-5.38717;18.1905;18.9714;1.62979;-1.13929
-5.44709;18.1187;18.9198;1.72283;-1.21106
-5.51935;18.0527;18.8776;1.82066;-1.27711
-5.59655;17.9901;18.8405;1.91958;-1.33966
-5.67661;17.929;18.8062;2.01963;-1.4008
-5.76005;17.8715;18.7768;2.11964;-1.45825
-5.84754;17.808;18.7435;2.22691;-1.52182
-5.93205;17.7546;18.7193;2.32518;-1.57522
-6.02329;17.7048;18.7013;2.42613;-1.62496
-6.1187;17.6574;18.6875;2.52886;-1.67233
-6.21697;17.6341;18.6979;2.61843;-1.69565
-6.32574;17.6429;18.7426;2.69675;-1.6869
-6.42905;17.6682;18.8015;2.76281;-1.66159
-6.52398;17.6978;18.862;2.82198;-1.63195
-6.60626;17.7305;18.9213;2.87115;-1.59923
-6.69912;17.7718;18.9925;2.92656;-1.55798
-6.79286;17.8256;19.076;2.97879;-1.50417
-6.87945;17.8759;19.154;3.02937;-1.45383
-6.95993;17.9265;19.2302;3.07683;-1.40326
-7.04604;17.9811;19.3123;3.1298;-1.34868
-7.12889;18.0343;19.3922;3.18272;-1.29544
-7.21405;18.0819;19.4679;3.24207;-1.24783
-7.29654;18.1212;19.535;3.30379;-1.20857
-7.38199;18.1592;19.6023;3.37008;-1.17057
-7.46892;18.2014;19.6743;3.43764;-1.12835
-7.5733;18.245;19.7543;3.52275;-1.08481
-7.659;18.2833;19.8227;3.59305;-1.04651
-7.73275;18.3264;19.891;3.65157;-1.00338
-7.81287;18.3735;19.9656;3.71628;-0.956314
-7.88975;18.4234;20.0417;3.77832;-0.906329
-7.96901;18.4764;20.1217;3.84321;-0.853339
-8.04033;18.528;20.1974;3.90185;-0.801748
-8.1129;18.5879;20.2812;3.96126;-0.741883
-8.19536;18.6379;20.3601;4.03341;-0.6919
-8.27175;18.6833;20.4325;4.10128;-0.646453
-8.35599;18.7279;20.5075;4.17784;-0.601894
-8.44667;18.7778;20.5901;4.26083;-0.551955
-8.53876;18.8192;20.6657;4.34711;-0.510574
-8.63667;18.8762;20.7582;4.43817;-0.453592
-8.73361;18.9151;20.8341;4.53088;-0.414627
-8.82938;18.9506;20.9065;4.62322;-0.379194
-8.92946;18.9808;20.9763;4.72064;-0.34899
-9.02408;19.0202;21.0524;4.8123;-0.309552
-9.11236;19.0621;21.1282;4.89794;-0.267627
-9.19822;19.1129;21.2111;4.98121;-0.216887
-9.27138;19.1724;21.2965;5.05209;-0.157344
-9.33528;19.2281;21.3744;5.11455;-0.101679
-9.40232;19.2832;21.4533;5.18079;-0.0465767
-9.47078;19.347;21.5407;5.24907;0.0171813
-9.54325;19.4074;21.6269;5.32208;0.0776326
-9.60831;19.4637;21.7061;5.38823;0.133914
-9.67728;19.5347;21.8003;5.45939;0.204888
-9.75269;19.5986;21.8911;5.53748;0.26885
-9.83971;19.6698;21.9937;5.62825;0.340056
-9.93949;19.7312;22.0933;5.73182;0.401393
-10.0259;19.7938;22.1882;5.82269;0.464065
-10.1083;19.8452;22.2713;5.90912;0.515448
-10.191;19.9;22.3577;5.99644;0.570181
-10.2775;19.9467;22.4388;6.0871;0.616925
-10.3613;19.9912;22.5168;6.17513;0.661423
-10.4353;20.0145;22.5716;6.2512;0.684699
-10.5151;20.0416;22.6325;6.33349;0.711805
-10.6043;20.0707;22.6998;6.42542;0.740885
-10.693;20.1011;22.7682;6.51702;0.771316
-10.7894;20.1219;22.832;6.61524;0.792143
-10.8805;20.1523;22.902;6.70941;0.822574
-10.9836;20.1816;22.9769;6.81531;0.851835
-11.0832;20.2155;23.0544;6.91836;0.885777
-11.1779;20.2491;23.1294;7.01664;0.919298
-11.2775;20.2851;23.2092;7.12016;0.955344
-11.3974;20.3231;23.3008;7.2441;0.993324
-11.5118;20.3521;23.3822;7.36137;1.02232
-11.6123;20.3867;23.462;7.46575;1.05696
-11.7102;20.4256;23.5443;7.56825;1.09579
-11.7992;20.4605;23.619;7.66141;1.13077
-11.8791;20.4908;23.6852;7.74484;1.16107
-11.9742;20.5228;23.7606;7.84377;1.193
-12.0729;20.5458;23.8303;7.94474;1.21598
-12.1706;20.575;23.9051;8.04584;1.24526
-12.2581;20.5992;23.9706;8.13604;1.2694
-12.3453;20.6243;24.0368;8.22604;1.29455
-12.4419;20.6451;24.1044;8.32473;1.3153
-12.538;20.6673;24.1731;8.42311;1.33757
-12.6348;20.6929;24.2452;8.52273;1.36309
-12.7321;20.7298;24.3275;8.6247;1.39999
-12.8321;20.7503;24.3975;8.72676;1.42055
-12.9249;20.7732;24.4659;8.82206;1.44346
-13.0191;20.8;24.5385;8.91941;1.47027
-13.1136;20.8275;24.612;9.01713;1.49769
-13.2054;20.8542;24.6836;9.11213;1.52446
-13.2978;20.8848;24.7589;9.20827;1.555
-13.3888;20.9083;24.8278;9.302;1.57856
-13.4765;20.9452;24.9062;9.39471;1.61547
-13.5695;20.982;24.9875;9.49266;1.65222
-13.6597;21.0141;25.0635;9.58706;1.6843
-13.7625;21.0521;25.1515;9.69495;1.7223
-13.8434;21.0951;25.2318;9.78223;1.76533
-13.9244;21.1251;25.3014;9.86735;1.79533
-14.0141;21.1555;25.3762;9.96115;1.82571
-14.1028;21.1964;25.4593;10.0559;1.86663
-14.1893;21.2254;25.5314;10.1462;1.89565
-14.2759;21.264;25.6117;10.2386;1.93422
-14.3648;21.3077;25.6975;10.3341;1.97789
-14.4513;21.3596;25.789;10.429;2.02984
-14.5357;21.4101;25.8782;10.5217;2.08033
-14.6174;21.4552;25.9614;10.6107;2.12538
-14.6966;21.4878;26.0329;10.6948;2.15799
-14.782;21.5257;26.1125;10.7862;2.19595
-14.8646;21.5679;26.1941;10.8757;2.2381
-14.9504;21.6116;26.2788;10.9687;2.28187
-15.0425;21.661;26.3719;11.069;2.33124
-15.1321;21.7229;26.4738;11.1697;2.39312
-15.2251;21.7821;26.5757;11.2734;2.45237
-15.3263;21.8363;26.6781;11.3839;2.50652
-15.4136;21.8796;26.7637;11.4786;2.54978
-15.5003;21.9342;26.8583;11.5753;2.60443
-15.5806;21.9787;26.9411;11.6637;2.64896
-15.6685;22.0228;27.0279;11.7593;2.69305
-15.7579;22.0542;27.1054;11.8535;2.72447
-15.8574;22.1053;27.2048;11.9621;2.7755
-15.9505;22.1559;27.3002;12.0644;2.82615
-16.0457;22.2028;27.394;12.168;2.87303
-16.1343;22.2531;27.4866;12.266;2.9233
-16.2366;22.3076;27.5909;12.3784;2.97786
-16.3327;22.3645;27.6935;12.4854;3.03473
-16.4272;22.4184;27.7927;12.5902;3.08858
-16.5101;22.4761;27.8884;12.6848;3.14635
-16.5812;22.5431;27.9845;12.7704;3.21337
-16.6531;22.601;28.0737;12.8546;3.27126
-16.7301;22.658;28.1653;12.9436;3.32826
-16.8073;22.7111;28.2539;13.0319;3.38137
-16.8854;22.7694;28.3471;13.1224;3.43959
-16.9637;22.8281;28.441;13.2134;3.49834
-17.0417;22.8874;28.5351;13.3045;3.5576
-17.1211;22.9466;28.6301;13.3968;3.61687
-17.1942;23.0033;28.7192;13.4826;3.67351
-17.271;23.0631;28.8131;13.5728;3.73337
-17.3429;23.1249;28.9056;13.6589;3.79509
-17.4199;23.1778;28.9942;13.7476;3.84807
-17.5081;23.2228;29.0832;13.845;3.89304
-17.5914;23.2779;29.1774;13.9405;3.94813
-17.6677;23.3374;29.2708;14.0305;4.00766
-17.7536;23.3979;29.3709;14.1302;4.06808
-17.8329;23.4507;29.461;14.2213;4.12094
-17.9081;23.5156;29.5582;14.3122;4.18587
-17.9807;23.586;29.6582;14.4023;4.25624
-18.0603;23.6544;29.7608;14.4985;4.32467
-18.1356;23.7231;29.8611;14.591;4.39336
-18.2022;23.7891;29.954;14.6745;4.45933
-18.2794;23.8659;30.0619;14.7714;4.53612
-18.3557;23.9386;30.166;14.8664;4.60883
-18.4393;24.0117;30.2749;14.9686;4.68196
-18.5138;24.0874;30.3803;15.0631;4.75766
-18.5889;24.1549;30.4796;15.1557;4.82518
-18.6622;24.2187;30.5749;15.2456;4.88894
-18.731;24.2877;30.6716;15.333;4.95795
-18.787;24.348;30.7535;15.4055;5.01823
-18.8455;24.4022;30.8321;15.4785;5.07243
-18.9201;24.4586;30.9224;15.5675;5.12882
-18.9902;24.5286;31.0206;15.6568;5.19881
-19.0641;24.5945;31.118;15.7485;5.26472
-19.1316;24.6727;31.2212;15.8383;5.34292
-19.1945;24.7519;31.3222;15.9242;5.42211
-19.2647;24.844;31.4381;16.0218;5.51422
-19.3248;24.9354;31.5472;16.1098;5.60567
-19.3793;25.0263;31.6524;16.1926;5.69652
-19.437;25.127;31.7674;16.2823;5.79726
-19.4984;25.2168;31.8759;16.3717;5.88704
-19.5596;25.3044;31.9826;16.4604;5.97461
-19.6112;25.3869;32.0795;16.5385;6.05715
-19.6621;25.4741;32.1796;16.618;6.14428
-19.7143;25.5622;32.2812;16.6991;6.23242
-19.7588;25.6562;32.3829;16.7757;6.32647
-19.8097;25.7516;32.4895;16.8589;6.4218
-19.8581;25.8462;32.594;16.9399;6.51643
-19.916;25.9237;32.6908;17.0232;6.59392
-19.9628;26.0137;32.7906;17.1014;6.6839
-20.0056;26.103;32.8875;17.1757;6.77318
-20.048;26.1878;32.9806;17.2483;6.85802
-20.091;26.2745;33.0757;17.3224;6.94476
-20.1341;26.3612;33.1707;17.3966;7.03144
-20.1809;26.4497;33.2694;17.4753;7.11991
-20.2356;26.5409;33.3751;17.5625;7.21112
-20.2897;26.6332;33.4814;17.65;7.30345
-20.3333;26.7288;33.5838;17.7293;7.39902
-20.3562;26.8142;33.6657;17.7859;7.48445
-20.3805;26.9096;33.7564;17.8482;7.57985
-20.4;27.0126;33.8503;17.9099;7.68283
-20.4302;27.111;33.947;17.9795;7.78122
-20.4629;27.2052;34.0419;18.0498;7.87541
-20.4931;27.2963;34.1329;18.1169;7.96648
-20.517;27.3825;34.2162;18.1764;8.05276
-20.5459;27.48;34.3115;18.2456;8.15019
-20.592;27.5753;34.4155;18.3296;8.24555
-20.632;27.673;34.5178;18.4094;8.34323
-20.6688;27.7719;34.6191;18.4872;8.44217
-20.7004;27.8703;34.7169;18.5604;8.54056
-20.7442;27.9695;34.8226;18.645;8.63975
-20.7761;28.0753;34.9266;18.7224;8.74551
-20.803;28.1787;35.0258;18.7948;8.84893
-20.8278;28.2783;35.1206;18.8636;8.94848
-20.8584;28.3784;35.2194;18.9382;9.0486
-20.8872;28.4742;35.3137;19.0094;9.14442
-20.904;28.5617;35.3942;19.0664;9.23193
-20.9287;28.6538;35.4831;19.1327;9.32402
-20.9617;28.7519;35.5818;19.2095;9.42216
-20.9993;28.8358;35.6717;19.2834;9.50603
-21.023;28.9259;35.7586;19.3486;9.59617
-21.0527;29.0172;35.8499;19.4198;9.6874
-21.0706;29.1102;35.9357;19.4818;9.7804
-21.1038;29.2038;36.0309;19.5576;9.87399
-21.1366;29.3003;36.1284;19.6347;9.97051
-21.1736;29.3983;36.2296;19.7165;10.0686
-21.2107;29.4941;36.329;19.7975;10.1644
-21.2678;29.5883;36.4388;19.8949;10.2585
-21.3195;29.6814;36.5446;19.9872;10.3516
-21.3582;29.7823;36.6491;20.0727;10.4525
-21.3943;29.8708;36.742;20.1496;10.541
-21.4224;29.9652;36.8351;20.2231;10.6354

-21.4522;-29.9404;36.8323;20.2982;10.7299
-21.5013;-29.8634;36.7984;20.3806;10.8069
-21.5292;-29.7705;36.7395;20.4536;10.8997
-21.5611;-29.6665;36.674;20.5362;11.0038
-21.5878;-29.5632;36.6062;20.6142;11.107
-21.6159;-29.4624;36.5415;20.6923;11.2078
-21.6374;-29.3506;36.4642;20.7711;11.3196
-21.654;-29.2348;36.3809;20.8483;11.4354
-21.69;-29.1235;36.313;20.9396;11.5467
-21.7223;-29.0225;36.2514;21.0224;11.6478
-21.7338;-28.9368;36.1897;21.0795;11.7335
-21.743;-28.8519;36.1274;21.1345;11.8183
-21.7699;-28.7437;36.0572;21.2174;11.9266
-21.8088;-28.6396;35.998;21.3083;12.0306
-21.8256;-28.5288;35.9201;21.3848;12.1414
-21.8251;-28.4332;35.8439;21.4389;12.2371
-21.8428;-28.3252;35.7691;21.5151;12.345
-21.8579;-28.2208;35.6957;21.5876;12.4494
-21.8661;-28.1341;35.6322;21.6443;12.5361
-21.8772;-28.0381;35.5633;21.7091;12.6321
-21.8847;-27.939;35.4898;21.7731;12.7312
-21.9086;-27.8488;35.4336;21.8452;12.8215
-21.929;-27.751;35.3695;21.9193;12.9192
-21.9495;-27.6503;35.3033;21.9953;13.0199
-21.9681;-27.5524;35.2382;22.0683;13.1178
-21.9838;-27.4587;35.1748;22.1368;13.2115
-22.001;-27.3687;35.1154;22.2044;13.3015
-22.0181;-27.2722;35.0509;22.2759;13.398
-22.033;-27.1711;34.9817;22.3488;13.4991
-22.0425;-27.0686;34.9082;22.4184;13.6016
-22.0575;-26.9698;34.8412;22.4904;13.7004
-22.0755;-26.8704;34.7756;22.5653;13.7999
-22.094;-26.7642;34.7055;22.645;13.906
-22.0908;-26.6644;34.6265;22.7039;14.0058
-22.1157;-26.5662;34.5669;22.7842;14.104
-22.1299;-26.4613;34.4953;22.8603;14.209
-22.1522;-26.3567;34.4296;22.9429;14.3135
-22.1589;-26.2687;34.3666;23.0031;14.4015
-22.1586;-26.1714;34.2921;23.064;14.4989
-22.1557;-26.0642;34.2085;23.1293;14.606
-22.1573;-25.9564;34.1274;23.1987;14.7138
-22.1611;-25.8511;34.0499;23.2686;14.8191
-22.1685;-25.7573;33.9835;23.3342;14.913
-22.1622;-25.6603;33.906;23.3914;15.0099
-22.1471;-25.5636;33.8229;23.4421;15.1067
-22.1264;-25.46;33.7312;23.4931;15.2102
-22.1001;-25.3576;33.6366;23.5395;15.3126
-22.0937;-25.2576;33.5571;23.5999;15.4126
-22.0663;-25.1699;33.473;23.6366;15.5004
-22.0349;-25.0788;33.3839;23.6728;15.5914
-22.004;-24.9888;33.2959;23.709;15.6814
-21.9685;-24.8984;33.2046;23.7423;15.7718
-21.9317;-24.807;33.1118;23.7757;15.8632
-21.9011;-24.7181;33.0248;23.8124;15.9522
-21.8641;-24.6287;32.9334;23.845;16.0415
-21.8322;-24.5395;32.8456;23.8816;16.1308
-21.7858;-24.4424;32.7422;23.9132;16.2279
-21.7417;-24.3492;32.6433;23.9442;16.321
-21.7018;-24.2612;32.551;23.9752;16.4091
-21.6678;-24.1662;32.4576;24.0156;16.5041
-21.6265;-24.0742;32.3616;24.049;16.5961
-21.5832;-23.9779;32.2611;24.0843;16.6923
-21.5285;-23.8828;32.1537;24.111;16.7874
-21.4846;-23.7828;32.0501;24.1494;16.8875
-21.4387;-23.6961;31.9551;24.1774;16.9741
-21.3929;-23.615;31.8641;24.2019;17.0553
-21.3515;-23.5376;31.779;24.2271;17.1326
-21.3124;-23.4504;31.6882;24.2614;17.2198
-21.277;-23.3597;31.5973;24.3009;17.3105
-21.2537;-23.2639;31.5108;24.3529;17.4063
-21.23;-23.1714;31.4265;24.4026;17.4988
-21.2047;-23.062;31.3288;24.4636;17.6082
-21.1801;-22.9605;31.2374;24.5198;17.7098
-21.1507;-22.8649;31.1473;24.5687;17.8053
-21.1147;-22.7666;31.0507;24.6152;17.9036
-21.0797;-22.6659;30.9532;24.6647;18.0043
-21.0559;-22.5768;30.8717;24.7136;18.0934
-21.0401;-22.4689;30.7821;24.7819;18.2013
-21.0167;-22.3691;30.6933;24.8395;18.3011
-21.0044;-22.272;30.6142;24.9029;18.3982
-21.0018;-22.1661;30.5354;24.9795;18.5042
-20.9892;-22.0597;30.4496;25.0499;18.6105
-20.9913;-21.9495;30.3712;25.1333;18.7208
-20.98;-21.8433;30.2868;25.205;18.8269
-20.9734;-21.7228;30.1954;25.2907;18.9474
-20.9759;-21.614;30.119;25.374;19.0562
-20.9791;-21.508;30.0453;25.4559;19.1622
-20.98;-21.4169;29.9808;25.5251;19.2533
-20.9852;-21.3171;29.9131;25.6038;19.3531
-20.9975;-21.2141;29.8485;25.6898;19.4561
-21.0138;-21.0995;29.7787;25.7873;19.5707
-21.018;-20.9846;29.7004;25.8774;19.6856
-21.0263;-20.8776;29.6307;25.9642;19.7926
-21.0409;-20.7719;29.5667;26.0543;19.8983
-21.05;-20.682;29.5101;26.1289;19.9882
-21.0658;-20.5876;29.4553;26.2114;20.0826
-21.0844;-20.4989;29.4068;26.2912;20.1713
-21.1107;-20.405;29.3602;26.3803;20.2653
-21.121;-20.2968;29.2926;26.4701;20.3735
-21.1282;-20.1847;29.2203;26.561;20.4855
-21.1381;-20.0865;29.1597;26.6431;20.5838
-21.1534;-19.986;29.1017;26.7305;20.6842
-21.1702;-19.8828;29.0431;26.8211;20.7875
-21.1941;-19.7849;28.9937;26.912;20.8853
-21.2196;-19.6906;28.9481;27.0014;20.9797
-21.2543;-19.5968;28.9098;27.0961;21.0735
-21.2829;-19.5012;28.8662;27.1885;21.169
-21.33;-19.3925;28.8277;27.3026;21.2777
-21.3699;-19.2831;28.7839;27.4129;21.3871
-21.4048;-19.1793;28.7405;27.5158;21.4909
-21.445;-19.075;28.7009;27.6224;21.5953
-21.4775;-18.9755;28.6593;27.7204;21.6947
-21.5082;-18.8748;28.6158;27.8184;21.7955
-21.5425;-18.7808;28.5796;27.9134;21.8895
-21.5631;-18.6856;28.5328;28.0008;21.9846
-21.5891;-18.5936;28.4923;28.0892;22.0766
-21.6196;-18.503;28.4564;28.1793;22.1673
-21.6507;-18.4146;28.4227;28.268;22.2556
-21.6968;-18.3377;28.4081;28.357;22.3326
-21.7328;-18.2432;28.3748;28.4536;22.427
-21.76;-18.1535;28.3381;28.541;22.5167
-21.7925;-18.0624;28.3048;28.633;22.6078
-21.8296;-17.9684;28.2736;28.73;22.7018
-21.86;-17.8675;28.2331;28.8283;22.8027
-21.9038;-17.7678;28.2041;28.934;22.9024
-21.9291;-17.6607;28.1565;29.0343;23.0095
-21.9538;-17.5571;28.1109;29.1315;23.1131
-21.9771;-17.4557;28.0659;29.2261;23.2145
-22.0007;-17.3671;28.0294;29.3109;23.3031
-22.019;-17.2724;27.9852;29.3973;23.3979
-22.0342;-17.1736;27.9363;29.4852;23.4967
-22.0444;-17.0767;27.885;29.5686;23.5935
-22.0513;-16.981;27.8319;29.6491;23.6892
-22.0511;-16.8883;27.7753;29.7232;23.7819
-22.0492;-16.8075;27.7247;29.7867;23.8628
-22.0625;-16.708;27.6751;29.8744;23.9622
-22.0492;-16.6094;27.6051;29.9456;24.0608
-22.0449;-16.5097;27.5417;30.0233;24.1606
-22.0427;-16.4102;27.4805;30.1021;24.26
-22.0437;-16.3128;27.4232;30.1812;24.3575
-22.0451;-16.2163;27.3671;30.2599;24.4539
-22.0391;-16.1215;27.3061;30.3331;24.5487
-22.0317;-16.0281;27.2452;30.4044;24.6421
-22.0191;-15.9412;27.1839;30.4675;24.729
-22.0179;-15.8491;27.129;30.5416;24.8211
-22.0098;-15.7544;27.0672;30.6139;24.9158
-22.0062;-15.6336;26.9941;30.7103;25.0366
-21.9877;-15.5172;26.9118;30.7946;25.153
-21.9738;-15.4099;26.8386;30.8743;25.2604
-21.9618;-15.2996;26.7656;30.9577;25.3706
-21.9463;-15.1943;26.6929;31.0352;25.4759
-21.934;-15.0911;26.6241;31.1129;25.5791
-21.9083;-14.9825;26.5414;31.1877;25.6877
-21.8883;-14.8767;26.4653;31.2636;25.7935
-21.8763;-14.7664;26.3936;31.348;25.9039
-21.8567;-14.6543;26.3147;31.4296;26.0159
-21.8462;-14.5427;26.244;31.5162;26.1275
-21.8327;-14.4354;26.1735;31.5977;26.2348
-21.8253;-14.3503;26.1204;31.6643;26.32
-21.8137;-14.256;26.059;31.7363;26.4143
-21.7998;-14.1661;25.9982;31.8034;26.5041
-21.7929;-14.0842;25.9479;31.8679;26.586
-21.7795;-13.995;25.8883;31.935;26.6752
-21.7766;-13.8943;25.8316;32.0176;26.776
-21.7705;-13.791;25.771;32.1007;26.8793
-21.7687;-13.6802;25.7105;32.1925;26.99
-21.7663;-13.5822;25.6563;32.2734;27.088
-21.7721;-13.4819;25.6083;32.3608;27.1884
-21.7913;-13.3836;25.5731;32.4538;27.2866
-21.8065;-13.2795;25.5318;32.5496;27.3907
-21.8224;-13.1726;25.4899;32.6482;27.4976
-21.8301;-13.0756;25.4465;32.734;27.5946
-21.8538;-12.9822;25.419;32.8256;27.6881
-21.8759;-12.8946;25.3935;32.9113;27.7756
-21.8888;-12.796;25.3546;33.0015;27.8742
-21.9214;-12.695;25.332;33.1042;27.9752
-21.9533;-12.5887;25.3066;33.2111;28.0815
-21.9906;-12.4871;25.2886;33.3169;28.1831
-22.0323;-12.3843;25.2743;33.4262;28.2859
-22.0797;-12.3067;25.2778;33.5171;28.3636
-22.1183;-12.2358;25.2771;33.5977;28.4345
-22.1687;-12.1616;25.2855;33.6873;28.5086
-22.2129;-12.0877;25.2888;33.7734;28.5825
-22.2581;-12.0119;25.2924;33.8616;28.6583
-22.3066;-11.9282;25.2956;33.9583;28.7421
-22.3534;-11.8578;25.3038;34.0428;28.8124
-22.4004;-11.785;25.3113;34.1295;28.8853
-22.4339;-11.7035;25.3032;34.2163;28.9668
-22.4662;-11.6254;25.2959;34.2997;29.0449
-22.5208;-11.5451;25.3076;34.3967;29.1251
-22.5663;-11.4576;25.3084;34.495;29.2127
-22.613;-11.3651;25.3084;34.5981;29.3052
-22.6734;-11.2695;25.3196;34.7112;29.4007
-22.7227;-11.1782;25.3234;34.8148;29.4921
-22.7743;-11.0911;25.3314;34.916;29.5792
-22.8194;-10.9953;25.3302;35.021;29.6749
-22.8626;-10.899;25.3276;35.1256;29.7712
-22.9061;-10.806;25.3271;35.2275;29.8642
-22.9473;-10.7231;25.3291;35.3197;29.9471
-22.9838;-10.6362;25.3256;35.4127;30.034
-23.0263;-10.5474;25.327;35.5105;30.1228
-23.0891;-10.4577;25.347;35.6199;30.2126
-23.1254;-10.3583;25.3393;35.7234;30.312
-23.1435;-10.2531;25.313;35.8223;30.4172
-23.1619;-10.151;25.2886;35.9187;30.5192
-23.178;-10.0492;25.2627;36.0137;30.6211
-23.1926;-9.94103;25.2333;36.1134;30.7292
-23.2143;-9.83295;25.2109;36.2168;30.8373
-23.2283;-9.72699;25.1827;36.3144;30.9432
-23.2273;-9.62878;25.144;36.3976;31.0414
-23.2284;-9.53342;25.1087;36.4795;31.1368
-23.2291;-9.43582;25.0724;36.5632;31.2344
-23.238;-9.33067;25.0413;36.6577;31.3396
-23.2461;-9.22905;25.0111;36.7488;31.4412
-23.2614;-9.12481;24.9871;36.8459;31.5454
-23.2719;-9.02515;24.9607;36.9367;31.6451
-23.2708;-8.92724;24.9244;37.0201;31.743
-23.2704;-8.83145;24.8899;37.102;31.8388
-23.2677;-8.73978;24.855;37.1793;31.9304
-23.2611;-8.65362;24.8186;37.25;32.0166
-23.2519;-8.56213;24.7783;37.324;32.1081
-23.2469;-8.4684;24.7413;37.4021;32.2018
-23.2457;-8.36794;24.706;37.488;32.3023
-23.2463;-8.26711;24.6725;37.5752;32.4031
-23.2317;-8.16695;24.6254;37.6543;32.5033
-23.2178;-8.07099;24.5806;37.7301;32.5992
-23.2047;-7.97564;24.5371;37.8059;32.6946
-23.1878;-7.88685;24.4923;37.8743;32.7834
-23.1723;-7.79169;24.4472;37.949;32.8785
-23.152;-7.68745;24.395;38.0292;32.9828
-23.1418;-7.58041;24.3517;38.117;33.0898
-23.1242;-7.47942;24.3037;38.196;33.1908
-23.1057;-7.38363;24.2567;38.2701;33.2866
-23.0851;-7.28589;24.2076;38.345;33.3843
-23.0606;-7.18328;24.1535;38.4224;33.4869
-23.0369;-7.08387;24.1015;38.4975;33.5864
-22.9928;-6.9924;24.0326;38.5558;33.6778
-22.9698;-6.89109;23.9812;38.6331;33.7791
-22.9638;-6.78421;23.9449;38.7237;33.886
-22.9551;-6.6798;23.9072;38.8109;33.9904
-22.969;-6.58792;23.8951;38.8981;34.0823
-22.9634;-6.48976;23.8628;38.9814;34.1805
-22.965;-6.37944;23.8346;39.079;34.2908
-22.9606;-6.27689;23.8032;39.1669;34.3933
-22.9558;-6.17059;23.7707;39.258;34.4996
-22.9545;-6.0745;23.7447;39.3419;34.5957
-22.9493;-5.97764;23.7151;39.4246;34.6926
-22.9355;-5.87992;23.6772;39.5041;34.7903
-22.9218;-5.77958;23.6392;39.586;34.8906
-22.9013;-5.67791;23.5946;39.6659;34.9923
-22.8713;-5.57855;23.5418;39.7395;35.0917
-22.8413;-5.4793;23.4893;39.8132;35.1909
-22.8076;-5.38988;23.4358;39.8765;35.2804
-22.7596;-5.30265;23.3692;39.9314;35.3676
-22.7074;-5.21107;23.2977;39.9884;35.4592
-22.6654;-5.11761;23.2359;40.0519;35.5526
-22.6121;-5.04337;23.1678;40.0934;35.6269
-22.5486;-4.96491;23.0888;40.1341;35.7053
-22.478;-4.89615;23.0051;40.1631;35.7741
-22.4164;-4.82158;22.9291;40.2016;35.8486
-22.3396;-4.75792;22.8407;40.2238;35.9123
-22.271;-4.69471;22.7604;40.2494;35.9755
-22.2;-4.62647;22.677;40.2787;36.0438
-22.1323;-4.55428;22.596;40.3131;36.1159
-22.0639;-4.4842;22.515;40.3456;36.186
-21.9587;-4.41665;22.3985;40.3599;36.2536
-21.8608;-4.35266;22.2899;40.3745;36.3176
-21.7818;-4.28656;22.1996;40.3996;36.3837
-21.7021;-4.22337;22.1092;40.422;36.4469
-21.629;-4.15025;22.0236;40.4564;36.52
-21.5585;-4.07705;21.9406;40.4923;36.5932
-21.4833;-4.00377;21.8532;40.5264;36.6665
-21.4064;-3.93213;21.7645;40.5586;36.7381
-21.3404;-3.84088;21.6832;40.6134;36.8293
-21.2726;-3.75317;21.6012;40.6645;36.9171
-21.2148;-3.6644;21.529;40.721;37.0058
-21.1561;-3.58206;21.4573;40.7714;37.0882
-21.0919;-3.49881;21.3801;40.8205;37.1714
-21.0296;-3.40951;21.3042;40.8762;37.2607
-20.9693;-3.34063;21.2337;40.9143;37.3296
-20.9237;-3.28179;21.1795;40.9494;37.3884
-20.8669;-3.21969;21.1138;40.983;37.4505
-20.8027;-3.14399;21.0389;41.0262;37.5262
-20.7511;-3.06958;20.9769;41.0734;37.6007
-20.6919;-2.99676;20.9078;41.1164;37.6735
-20.6329;-2.93903;20.8412;41.1457;37.7312
-20.5695;-2.87008;20.7688;41.1837;37.8002
-20.5022;-2.78288;20.6902;41.2372;37.8873
-20.4367;-2.69505;20.6136;41.2921;37.9752
-20.372;-2.60579;20.538;41.3489;38.0644
-20.314;-2.51438;20.469;41.4105;38.1559
-20.2614;-2.42667;20.4062;41.471;38.2436
-20.2016;-2.33659;20.3363;41.531;38.3336
-20.1451;-2.24858;20.2702;41.5906;38.4217
-20.0939;-2.15694;20.2093;41.6557;38.5133
-20.0445;-2.06231;20.1503;41.7245;38.6079
-19.996;-1.97752;20.0935;41.7846;38.6927
-19.9491;-1.89232;20.0387;41.8459;38.7779
-19.9063;-1.80393;19.9879;41.9118;38.8663
-19.8599;-1.71133;19.9335;41.9803;38.9589
-19.7997;-1.62191;19.8661;42.041;39.0483
-19.7486;-1.53109;19.8078;42.1065;39.1391
-19.7088;-1.44238;19.7616;42.1743;39.2278
-19.6768;-1.34311;19.7226;42.2549;39.3271
-19.6343;-1.24993;19.6741;42.3262;39.4203
-19.5956;-1.14276;19.6289;42.412;39.5275
-19.5491;-1.04179;19.5769;42.4893;39.6284
-19.4993;-0.949668;19.5225;42.5573;39.7206
-19.4666;-0.855933;19.4854;42.6331;39.8143
-19.4181;-0.766118;19.4332;42.6997;39.9041
-19.3664;-0.681448;19.3784;42.7605;39.9888
-19.3088;-0.600332;19.3182;42.8161;40.0699
-19.2509;-0.524397;19.258;42.8668;40.1458
-19.208;-0.441746;19.213;42.9292;40.2285
-19.1456;-0.373393;19.1492;42.9716;40.2968
-19.0819;-0.301667;19.0843;43.0168;40.3686
-19.017;-0.228222;19.0183;43.0634;40.442
-18.9499;-0.155084;18.9505;43.1091;40.5151
-18.8678;-0.087845;18.868;43.1444;40.5824
-18.7887;-0.0198291;18.7887;43.1816;40.6504
-18.7126;0.0402139;18.7127;43.2126;40.7104
-18.6513;0.106786;18.6516;43.2548;40.777
-18.5793;0.174324;18.5801;43.2945;40.8446
-18.4982;0.228056;18.4996;43.3184;40.8983
-18.4219;0.286438;18.4242;43.3485;40.9567
-18.3359;0.348827;18.3392;43.3794;41.0191
-18.252;0.402245;18.2564;43.4027;41.0725
-18.1838;0.456414;18.1895;43.432;41.1266
-18.0942;0.499067;18.1011;43.4437;41.1693
-18.0076;0.552565;18.016;43.4669;41.2228
-17.9184;0.616916;17.929;43.4997;41.2871
-17.824;0.677698;17.8368;43.5278;41.3479
-17.7388;0.732467;17.7539;43.5533;41.4027
-17.6546;0.785386;17.6721;43.5776;41.4556
-17.5638;0.83923;17.5838;43.601;41.5095
-17.4744;0.898792;17.4975;43.6305;41.569
-17.3788;0.960452;17.4053;43.6603;41.6307
-17.2856;1.01768;17.3156;43.6869;41.6879
-17.1929;1.06666;17.2259;43.7061;41.7369
-17.1093;1.11818;17.1458;43.7305;41.7884
-17.0267;1.1684;17.0667;43.7543;41.8386
-16.9429;1.22169;16.9869;43.7808;41.8919
-16.8571;1.27309;16.9051;43.8052;41.9433
-16.7775;1.31697;16.8291;43.8243;41.9872
-16.7068;1.36991;16.7628;43.8549;42.0401
-16.6345;1.42932;16.6958;43.8913;42.0996
-16.5513;1.47482;16.6169;43.9116;42.1451
-16.4637;1.51693;16.5335;43.9275;42.1872
-16.3771;1.5519;16.4505;43.937;42.2221
-16.2946;1.58686;16.3717;43.9479;42.2571
-16.2101;1.61545;16.2904;43.9522;42.2857
-16.124;1.64797;16.208;43.9601;42.3182
-16.0344;1.68798;16.123;43.9745;42.3582
-15.9495;1.71682;16.0417;43.9796;42.3871
-15.857;1.76337;15.9547;43.9999;42.4336
-15.775;1.81649;15.8793;44.0295;42.4867
-15.6875;1.8642;15.7979;44.0527;42.5344
-15.5878;1.89948;15.7031;44.061;42.5697
-15.48;1.94277;15.6014;44.0751;42.613
-15.3713;1.96794;15.4968;44.0718;42.6382
-15.28;1.98176;15.408;44.0622;42.652
-15.1826;1.99326;15.3128;44.049;42.6635
-15.0906;2.0088;15.2237;44.0412;42.679
-14.993;2.00534;15.1265;44.0139;42.6756
-14.8973;2.00135;15.0312;43.9867;42.6716
-14.8009;2.00019;14.9354;43.9623;42.6704
-14.7056;2.0049;14.8416;43.944;42.6751
-14.62;2.0046;14.7568;43.9234;42.6748
-14.5208;1.97862;14.655;43.8748;42.6488
-14.422;1.94218;14.5522;43.8162;42.6124
-14.3253;1.91723;14.4531;43.7696;42.5875
-14.2329;1.88191;14.3568;43.7139;42.5521
-14.1401;1.83906;14.2592;43.651;42.5093
-14.0501;1.79756;14.1646;43.5902;42.4678
-13.9589;1.75193;14.0684;43.5253;42.4222
-13.8646;1.70607;13.9692;43.4596;42.3763
-13.7703;1.66099;13.8701;43.3948;42.3312
-13.6806;1.62662;13.7769;43.3416;42.2968
-13.5924;1.58283;13.6842;43.2797;42.2531
-13.5092;1.5297;13.5955;43.2098;42.1999
-13.4299;1.47522;13.5107;43.1396;42.1454
-13.3534;1.41807;13.4285;43.0675;42.0883
-13.2717;1.35034;13.3402;42.9841;42.0206
-13.1915;1.28414;13.2538;42.9025;41.9544
-13.11;1.2241;13.167;42.8268;41.8943
-13.0291;1.16326;13.0809;42.7506;41.8335
-12.9446;1.08813;12.9902;42.6597;41.7584
-12.8718;1.02553;12.9126;42.5836;41.6958
-12.8026;0.959431;12.8385;42.5048;41.6297
-12.7233;0.89659;12.7549;42.4273;41.5668
-12.6435;0.830047;12.6707;42.3462;41.5003
-12.5674;0.771612;12.5911;42.2738;41.4418
-12.497;0.703933;12.5168;42.1936;41.3742
-12.4328;0.641493;12.4493;42.1198;41.3117
-12.3593;0.577469;12.3728;42.0428;41.2477
-12.3016;0.517637;12.3125;41.9729;41.1879
-12.2401;0.45393;12.2485;41.8986;41.1242
-12.1621;0.381457;12.1681;41.8126;41.0517
-12.0918;0.312177;12.0958;41.7312;40.9824
-12.0322;0.26155;12.035;41.6703;40.9318
-11.9511;0.205355;11.9529;41.6;40.8756
-11.868;0.124899;11.8687;41.5055;40.7951
-11.7959;0.0441011;11.796;41.4129;40.7143
-11.7224;-0.0390659;11.7224;41.3177;40.6312
-11.6563;-0.129222;11.657;41.217;40.541
-11.5931;-0.200238;11.5949;41.1358;40.47
-11.5231;-0.276298;11.5264;41.0485;40.3939
-11.4683;-0.359272;11.4739;40.9571;40.311
-11.4001;-0.436176;11.4085;40.8694;40.2341
-11.3231;-0.503696;11.3343;40.7895;40.1665
-11.2489;-0.569475;11.2633;40.7118;40.1008
-11.1685;-0.634369;11.1865;40.6341;40.0359
-11.0974;-0.709185;11.12;40.5482;39.961
-11.0276;-0.780932;11.0552;40.4657;39.8893
-10.9355;-0.836116;10.9674;40.3959;39.8341
-10.8609;-0.910536;10.899;40.3102;39.7597
-10.7825;-0.978255;10.8268;40.2305;39.692
-10.7045;-1.04304;10.7551;40.1539;39.6272
-10.6058;-1.0999;10.6627;40.082;39.5703
-10.5098;-1.15364;10.5729;40.0137;39.5166
-10.4215;-1.20081;10.4904;39.9534;39.4694
-10.3303;-1.25177;10.4058;39.889;39.4185
-10.2271;-1.29916;10.3093;39.8264;39.3711
-10.1343;-1.35986;10.2252;39.7525;39.3104
-10.0428;-1.41435;10.1419;39.6851;39.2559
-9.95582;-1.46969;10.0637;39.6177;39.2005
-9.86699;-1.52063;9.98348;39.5545;39.1496
-9.78556;-1.5867;9.91336;39.4776;39.0835
-9.71035;-1.64859;9.8493;39.4057;39.0216
-9.64864;-1.6918;9.79584;39.3544;38.9784
-9.579;-1.75176;9.73786;39.2855;38.9185
-9.50441;-1.81248;9.67568;39.2152;38.8577
-9.42946;-1.86673;9.61246;39.1514;38.8035
-9.35291;-1.92985;9.54994;39.0787;38.7404
-9.28182;-1.99281;9.49334;39.007;38.6774
-9.2121;-2.05615;9.43878;38.9352;38.6141
-9.14998;-2.1165;9.39158;38.8674;38.5537
-9.08356;-2.18221;9.342;38.7939;38.488
-9.02154;-2.24801;9.2974;38.7209;38.4222
-8.95703;-2.31596;9.25159;38.6455;38.3543
-8.89391;-2.39192;9.20994;38.5624;38.2783
-8.83807;-2.4842;9.18056;38.4641;38.186
-8.7756;-2.56576;9.14299;38.3756;38.1045
-8.70568;-2.65488;9.1015;38.2789;38.0153
-8.64273;-2.74018;9.06672;38.1868;37.93
-8.56489;-2.81808;9.01659;38.1005;37.8521
-8.49116;-2.89157;8.97001;38.0191;37.7787
-8.42393;-2.99013;8.93887;37.9137;37.6801
-8.36358;-3.09148;8.91665;37.8063;37.5787
-8.29934;-3.19796;8.89415;37.6935;37.4723
-8.24514;-3.29325;8.8785;37.5929;37.377
-8.18885;-3.3817;8.85963;37.499;37.2885
-8.13664;-3.46696;8.84447;37.4087;37.2033
-8.08175;-3.55009;8.82711;37.3203;37.1201
-8.03488;-3.63576;8.81919;37.2303;37.0345
-7.98097;-3.72;8.80535;37.141;36.9502
-7.92919;-3.80861;8.79646;37.0476;36.8616
-7.88076;-3.89103;8.789;36.9608;36.7792
-7.82521;-3.9734;8.77621;36.8733;36.6968
-7.77871;-4.06158;8.77524;36.781;36.6086
-7.71073;-4.13536;8.74966;36.7011;36.5349
-7.66397;-4.22038;8.74917;36.612;36.4498
-7.61335;-4.30402;8.74572;36.524;36.3662
-7.5618;-4.39003;8.74375;36.4336;36.2802
-7.51159;-4.47654;8.74434;36.3429;36.1937
-7.46509;-4.55191;8.74342;36.2637;36.1183
-7.4181;-4.63403;8.74657;36.1777;36.0362
-7.37252;-4.72314;8.75569;36.0849;35.9471
-7.32576;-4.81158;8.76459;35.9927;35.8586
-7.27462;-4.89433;8.76781;35.9059;35.7759
-7.22535;-4.98062;8.77566;35.8158;35.6896
-7.18904;-5.08394;8.80504;35.7098;35.5863
-7.1454;-5.1806;8.82584;35.6099;35.4896
-7.10001;-5.27223;8.84345;35.5148;35.398
-7.05316;-5.3607;8.85913;35.4229;35.3095
-7.00473;-5.44795;8.87392;35.3321;35.2223
-6.95716;-5.53806;8.89225;35.2385;35.1322
-6.91615;-5.62235;8.91314;35.1513;35.0479
-6.87025;-5.7049;8.93007;35.0655;34.9653
-6.81721;-5.80543;8.95418;34.9613;34.8648
-6.76557;-5.89878;8.976;34.8644;34.7714
-6.71361;-5.99126;8.99821;34.7684;34.679
-6.66137;-6.0878;9.02414;34.6684;34.5824
-6.61891;-6.17521;9.05225;34.5782;34.495
-6.56546;-6.27676;9.08312;34.4732;34.3935
-6.51878;-6.36748;9.11258;34.3796;34.3028
-6.47512;-6.45102;9.14018;34.2933;34.2192
-6.44733;-6.53388;9.17931;34.2088;34.1363
-6.41417;-6.6212;9.21856;34.1195;34.049
-6.38763;-6.71194;9.26563;34.0273;33.9583
-6.34723;-6.81336;9.31178;33.9235;33.8569
-6.31162;-6.91211;9.36023;33.8227;33.7581
-6.25985;-7.01425;9.40135;33.7176;33.656
-6.21929;-7.11469;9.44978;33.6149;33.5555
-6.1944;-7.21792;9.51152;33.5104;33.4523
-6.17073;-7.32333;9.57648;33.4038;33.3469
-6.1512;-7.41772;9.63638;33.3084;33.2525
-6.12009;-7.51644;9.6929;33.2081;33.1538
-6.08543;-7.60422;9.73944;33.1185;33.066
-6.0369;-7.68992;9.77645;33.0302;32.9803
-5.99953;-7.78318;9.82711;32.9351;32.887
-5.95797;-7.87642;9.876;32.8397;32.7938
-5.92293;-7.97047;9.93023;32.744;32.6998
-5.88821;-8.06572;9.98633;32.6471;32.6045
-5.8625;-8.15146;10.0407;32.5601;32.5188
-5.83052;-8.24968;10.1021;32.4604;32.4205
-5.80725;-8.35216;10.1726;32.3569;32.3181
-5.78653;-8.45318;10.244;32.255;32.2171
-5.76466;-8.55184;10.3134;32.1554;32.1184
-5.74505;-8.64764;10.3821;32.0588;32.0226
-5.72459;-8.74699;10.4537;31.9586;31.9232
-5.71184;-8.8416;10.5261;31.8635;31.8286
-5.69661;-8.93917;10.6;31.7653;31.7311
-5.68128;-9.03689;10.6744;31.667;31.6333
-5.66635;-9.13493;10.7496;31.5684;31.5353
-5.6457;-9.23932;10.8277;31.4631;31.4309
-5.62618;-9.34011;10.9037;31.3616;31.3301
-5.6171;-9.43165;10.9776;31.2697;31.2386
-5.60588;-9.53277;11.0589;31.1682;31.1375
-5.59813;-9.64397;11.151;31.0568;31.0263
-5.59388;-9.75727;11.247;30.9434;30.913
-5.59265;-9.8662;11.3411;30.8345;30.804
-5.58491;-9.97358;11.4308;30.7269;30.6966
-5.58059;-10.0804;11.5221;30.6199;30.5898
-5.57445;-10.183;11.609;30.5172;30.4872
-5.57447;-10.2869;11.7003;30.4134;30.3833
-5.57031;-10.4078;11.8047;30.2925;30.2624
-5.55656;-10.5231;11.9;30.1767;30.1472
-5.54933;-10.6169;11.9797;30.0826;30.0533
-5.55273;-10.7162;12.0694;29.9836;29.954
-5.55937;-10.832;12.1753;29.8682;29.8382
-5.56938;-10.9388;12.275;29.762;29.7315
-5.57569;-11.0421;12.3699;29.6591;29.6282
-5.57906;-11.163;12.4796;29.5384;29.5072
-5.58588;-11.2703;12.5786;29.4316;29.4
-5.5754;-11.3707;12.664;29.3308;29.2996
-5.58099;-11.4727;12.7582;29.2291;29.1975
-5.59671;-11.5733;12.8555;29.1294;29.0969
-5.60744;-11.6757;12.9524;29.0276;28.9945
-5.61202;-11.8018;13.0682;28.9019;28.8684
-5.62779;-11.9225;13.184;28.7821;28.7478
-5.64426;-12.0327;13.2907;28.6728;28.6375
-5.66609;-12.1431;13.4;28.5637;28.5271
-5.68671;-12.2354;13.4924;28.4725;28.4348
-5.71089;-12.3327;13.5908;28.3766;28.3375
-5.73576;-12.4322;13.6915;28.2786;28.2381
-5.75719;-12.5312;13.7904;28.1809;28.139
-5.77014;-12.6356;13.8907;28.0774;28.0346
-5.78849;-12.7367;13.9904;27.9774;27.9335
-5.8062;-12.8393;14.0911;27.876;27.831
-5.84136;-12.9461;14.2029;27.7714;27.7241
-5.86805;-13.0517;14.3101;27.6676;27.6186
-5.89147;-13.146;14.4058;27.5748;27.5242
-5.90958;-13.2335;14.4931;27.4886;27.4367
-5.93089;-13.3123;14.5737;27.4113;27.358
-5.95;-13.404;14.6653;27.3209;27.2662
-5.96985;-13.4995;14.7607;27.2269;27.1707
-5.99214;-13.585;14.8479;27.143;27.0852
-6.01272;-13.691;14.9531;27.0386;26.9793
-6.02354;-13.7794;15.0384;26.9511;26.8908
-6.03708;-13.8727;15.1294;26.859;26.7976
-6.06157;-13.9657;15.2244;26.7679;26.7046
-6.08311;-14.0614;15.3208;26.6738;26.6088
-6.09961;-14.1562;15.4143;26.5805;26.5141
-6.12901;-14.2596;15.521;26.4794;26.4106
-6.15218;-14.3616;15.6239;26.3793;26.3086
-6.17625;-14.4536;15.7179;26.2893;26.2166
-6.19814;-14.5407;15.8066;26.2041;26.1295
-6.21584;-14.6351;15.9004;26.1114;26.0352
-6.23824;-14.7319;15.9983;26.0166;25.9383
-6.25413;-14.8427;16.1065;25.9074;25.8275
-6.25962;-14.9452;16.2031;25.8056;25.725
-6.27964;-15.0496;16.3072;25.7031;25.6206
-6.30456;-15.1494;16.4089;25.6056;25.5208
-6.32501;-15.2478;16.5076;25.5093;25.4225
-6.35373;-15.3408;16.6045;25.419;25.3294
-6.39149;-15.4384;16.7091;25.325;25.2318
-6.42103;-15.537;16.8116;25.2292;25.1332
-6.44306;-15.6401;16.9153;25.1285;25.0301
-6.4676;-15.7373;17.0145;25.0339;24.9329
-6.48959;-15.8334;17.1117;24.9402;24.8368
-6.52063;-15.9274;17.2105;24.8494;24.7428
-6.55231;-16.0251;17.3129;24.755;24.6451
-6.57527;-16.1232;17.4124;24.6596;24.5471
-6.58089;-16.2162;17.5006;24.5676;24.454
-6.58735;-16.3155;17.5951;24.4693;24.3547
-6.5952;-16.4112;17.6868;24.3748;24.259
-6.61765;-16.5091;17.7861;24.2796;24.1611
-6.64072;-16.5992;17.8783;24.1922;24.071
-6.66233;-16.693;17.9734;24.1011;23.9772
-6.69975;-16.7826;18.0705;24.0158;23.8876
-6.73131;-16.8785;18.1712;23.9238;23.7918
-6.76442;-16.9743;18.2725;23.832;23.6959
-6.80562;-17.0603;18.3677;23.7509;23.6099
-6.84101;-17.1481;18.4623;23.6675;23.5221
-6.88148;-17.2389;18.5616;23.5818;23.4314
-6.92053;-17.334;18.6645;23.4918;23.3362
-6.95193;-17.4172;18.7534;23.4127;23.253
-6.99499;-17.5044;18.8503;23.3312;23.1658
-7.0355;-17.602;18.9559;23.2392;23.0683
-7.07251;-17.6966;19.0575;23.1499;22.9737
-7.10768;-17.7918;19.159;23.0598;22.8785
-7.14632;-17.8795;19.2548;22.9776;22.7907
-7.18971;-17.9667;19.3518;22.8967;22.7036
-7.23594;-18.0545;19.4505;22.8157;22.6158
-7.28115;-18.1485;19.5546;22.7286;22.5217
-7.33324;-18.2313;19.6509;22.6536;22.4389
-7.3914;-18.3269;19.7613;22.567;22.3433
-7.44229;-18.4177;19.8645;22.4844;22.2525
-7.48955;-18.4979;19.9566;22.4119;22.1724
-7.54249;-18.5812;20.0537;22.3372;22.089
-7.5953;-18.6717;20.1574;22.2557;21.9985
-7.64416;-18.7606;20.2582;22.1753;21.9096
-7.6935;-18.8488;20.3584;22.0959;21.8215
-7.73485;-18.9426;20.4609;22.0098;21.7277
-7.7889;-19.0314;20.5636;21.9309;21.6388
-7.83671;-19.1169;20.6608;21.8544;21.5533
-7.8923;-19.1934;20.7527;21.7882;21.4768
-7.95489;-19.2655;20.8433;21.7278;21.4047
-8.02282;-19.3326;20.9312;21.6735;21.3376
-8.08691;-19.3977;21.016;21.6208;21.2725
-8.15048;-19.4703;21.1074;21.5609;21.2
-8.21214;-19.5462;21.2013;21.4976;21.124
-8.26518;-19.6282;21.2974;21.427;21.0421
-8.32205;-19.6958;21.3817;21.3715;20.9745
-8.38018;-19.7748;21.4772;21.3052;20.8954
-8.44138;-19.8455;21.5662;21.2479;20.8247
-8.50843;-19.91;21.6518;21.1982;20.7602
-8.56018;-19.9889;21.7447;21.1315;20.6813
-8.61789;-20.0681;21.8402;21.066;20.6022
-8.67434;-20.1411;21.9296;21.0065;20.5292
-8.73084;-20.2136;22.0186;20.9477;20.4566
-8.77357;-20.2914;22.107;20.8809;20.3788
-8.82994;-20.3611;22.1933;20.8254;20.3091
-8.88711;-20.4381;22.2867;20.763;20.2321
-8.9425;-20.5151;22.3794;20.7006;20.1552
-9.00663;-20.588;22.4719;20.6444;20.0822
-9.07524;-20.6483;22.5547;20.6018;20.0219
-9.15157;-20.7095;22.6414;20.5605;19.9608
-9.22705;-20.7797;22.7362;20.5106;19.8905
-9.29858;-20.8557;22.8347;20.4546;19.8146
-9.36578;-20.936;22.9354;20.3936;19.7342
-9.43049;-21.0108;23.0301;20.3378;19.6594
-9.49516;-21.0863;23.1255;20.2815;19.584
-9.56198;-21.1661;23.2257;20.222;19.5041
-9.62658;-21.2438;23.3231;20.1643;19.4265
-9.67342;-21.3102;23.403;20.1129;19.36
-9.72886;-21.377;23.4868;20.0638;19.2932
-9.7976;-21.4473;23.5792;20.0153;19.2229
-9.86276;-21.505;23.6588;19.9781;19.1652
-9.93147;-21.5695;23.7461;19.9358;19.1007
-9.9999;-21.6203;23.8209;19.907;19.05
-10.066;-21.6838;23.9063;19.8655;18.9864
-10.1327;-21.7307;23.9769;19.8405;18.9396
-10.2015;-21.7939;24.0633;19.8009;18.8763
-10.2569;-21.8504;24.138;19.7638;18.8198
-10.3118;-21.9206;24.2249;19.7139;18.7496
-10.3844;-22.0061;24.3332;19.6552;18.6641
-10.4628;-22.0803;24.4338;19.6096;18.5899
-10.5511;-22.156;24.5401;19.5662;18.5142
-10.6305;-22.2315;24.6423;19.5208;18.4388
-10.6943;-22.3118;24.7424;19.466;18.3584
-10.7548;-22.3935;24.8422;19.4092;18.2767
-10.8137;-22.4751;24.9412;19.3524;18.1951
-10.8686;-22.5735;25.0537;19.2788;18.0967
-10.9224;-22.6613;25.1562;19.2151;18.0089
-10.9783;-22.748;25.2586;19.1535;17.9222
-11.0309;-22.8345;25.3593;19.0913;17.8358
-11.0787;-22.9272;25.4636;19.0219;17.743
-11.1211;-23.0174;25.5632;18.9533;17.6529
-11.1663;-23.1073;25.6638;18.8861;17.563
-11.2089;-23.1965;25.7627;18.8189;17.4738
-11.2459;-23.2945;25.867;18.7418;17.3757
-11.2822;-23.3878;25.9668;18.669;17.2824
-11.3113;-23.4746;26.0576;18.5998;17.1957
-11.3229;-23.568;26.1469;18.5179;17.1022
-11.3416;-23.6618;26.2395;18.4386;17.0085
-11.3492;-23.7533;26.3254;18.3571;16.9169
-11.3714;-23.8445;26.4172;18.2817;16.8257
-11.3909;-23.9348;26.5071;18.2063;16.7354
-11.4144;-24.0167;26.5911;18.1405;16.6536
-11.4448;-24.1025;26.6817;18.0738;16.5677
-11.4668;-24.1958;26.7755;17.9971;16.4744
-11.4971;-24.2974;26.8802;17.9165;16.3729
-11.5162;-24.3968;26.9783;17.8335;16.2734
-11.539;-24.4934;27.0754;17.7548;16.1768
-11.5556;-24.5926;27.1722;17.6713;16.0776
-11.5687;-24.6929;27.2685;17.5856;15.9773
-11.5835;-24.7877;27.3607;17.5057;15.8825
-11.5993;-24.888;27.4583;17.4214;15.7822
-11.6155;-24.9877;27.5554;17.3381;15.6826
-11.629;-25.0869;27.6512;17.2542;15.5833
-11.646;-25.1851;27.7474;17.1729;15.4851
-11.6659;-25.275;27.8374;17.1006;15.3952
-11.7013;-25.3615;27.9308;17.0382;15.3087
-11.7327;-25.4535;28.0275;16.9694;15.2167
-11.757;-25.5478;28.1233;16.8958;15.1224
-11.7806;-25.6404;28.2173;16.8236;15.0298
-11.7932;-25.7423;28.3151;16.7383;14.9279
-11.8192;-25.8406;28.4153;16.6625;14.8296
-11.8496;-25.9383;28.5168;16.5896;14.7319
-11.8814;-26.0301;28.6135;16.5229;14.6402
-11.9322;-26.1082;28.7057;16.4774;14.562
-11.9676;-26.2025;28.8062;16.4108;14.4677
-12.0095;-26.2929;28.9058;16.351;14.3773
-12.0552;-26.3805;29.0045;16.296;14.2897
-12.0856;-26.4881;29.1149;16.2165;14.1822
-12.111;-26.5847;29.2135;16.1444;14.0855
-12.1341;-26.6867;29.3159;16.0668;13.9835
-12.1677;-26.7779;29.4127;16.0043;13.8924
-12.2034;-26.8718;29.513;15.9406;13.7984
-12.24;-26.9695;29.6171;15.8745;13.7007
-12.2728;-27.0586;29.7118;15.8144;13.6116
-12.3086;-27.1498;29.8096;15.7544;13.5205
-12.3483;-27.2461;29.9137;15.6923;13.4241
-12.3868;-27.3337;30.0094;15.6375;13.3366
-12.4244;-27.4249;30.108;15.5796;13.2453
-12.4513;-27.5108;30.1973;15.5208;13.1594
-12.4787;-27.6034;30.293;15.457;13.0668
-12.5025;-27.6997;30.3906;15.3885;12.9705
-12.528;-27.799;30.4915;15.3187;12.8712
-12.5489;-27.8948;30.5875;15.2496;12.7754
-12.579;-27.9844;30.6816;15.1912;12.6858
-12.6055;-28.078;30.7778;15.1279;12.5923
-12.6385;-28.1831;30.8872;15.0589;12.4871
-12.6666;-28.2843;30.991;14.9909;12.386
-12.688;-28.3822;31.0891;14.9223;12.2881
-12.7117;-28.4777;31.186;14.8572;12.1925
-12.74;-28.5743;31.2858;14.7944;12.0959
-12.7673;-28.6704;31.3846;14.7317;11.9999
-12.7995;-28.7659;31.485;14.6728;11.9043
-12.8105;-28.87;31.5845;14.595;11.8003
-12.8439;-28.9669;31.6867;14.5366;11.7034
-12.8745;-29.0545;31.7792;14.4843;11.6157
-12.9175;-29.153;31.8866;14.4313;11.5173
-12.9632;-29.2488;31.9927;14.3827;11.4215
-13.0089;-29.3487;32.1026;14.3315;11.3216
-13.0587;-29.4258;32.1933;14.3013;11.2444
-13.1077;-29.5084;32.2886;14.267;11.1619
-13.1539;-29.5985;32.3898;14.2255;11.0717
-13.1967;-29.6841;32.4853;14.1861;10.9862
-13.2345;-29.7549;32.5654;14.1554;10.9154
-13.2789;-29.8312;32.6532;14.125;10.839
-13.326;-29.9095;32.7439;14.0954;10.7607
-13.3753;-29.9947;32.8417;14.0625;10.6755

-13.4294;29.9222;32.7977;14.035;10.5925
-13.4786;29.8349;32.7382;14.0017;10.5051
-13.5345;29.7551;32.6887;13.9791;10.4253
-13.5867;29.6699;32.6329;13.9507;10.3402
-13.6383;29.5837;32.576;13.9217;10.2539
-13.6822;29.497;32.5158;13.8878;10.1672
-13.7386;29.4151;32.4653;13.8667;10.0854
-13.7927;29.3322;32.4132;13.8438;10.0024
-13.8458;29.2547;32.3658;13.8248;9.92494
-13.8933;29.1645;32.3047;13.7935;9.8347
-13.9443;29.0771;32.2478;13.7673;9.74728
-14.0112;28.9934;32.2014;13.7556;9.66359
-14.0719;28.9021;32.1457;13.7352;9.57232
-14.1302;28.8152;32.0932;13.7168;9.4854
-14.1786;28.7302;32.0384;13.6933;9.40042
-14.2309;28.6413;31.9819;13.6707;9.31154
-14.2836;28.544;31.9184;13.6435;9.21424
-14.3326;28.4452;31.8521;13.6133;9.11548
-14.3707;28.3493;31.7837;13.5777;9.01956
-14.409;28.2555;31.7174;13.5444;8.92575
-14.45;28.1611;31.652;13.5133;8.83131
-14.4927;28.0692;31.5898;13.4859;8.73944
-14.535;27.9737;31.5245;13.4566;8.6439
-14.5702;27.8876;31.4644;13.4286;8.55779
-14.6105;27.7972;31.403;13.4024;8.46744
-14.6371;27.7173;31.3448;13.3728;8.38752
-14.6622;27.6439;31.2916;13.3465;8.3141
-14.6888;27.5666;31.2358;13.3193;8.23683
-14.7089;27.4794;31.1684;13.2815;8.14967
-14.7256;27.388;31.0958;13.2389;8.05827
-14.745;27.2931;31.0214;13.1967;7.96332
-14.7712;27.1924;30.9454;13.1572;7.86267
-14.7942;27.0914;30.8677;13.1156;7.76162
-14.8185;26.9931;30.7931;13.0774;7.6633
-14.8369;26.8967;30.7175;13.0361;7.56688
-14.8509;26.7994;30.6392;12.9913;7.46966
-14.8688;26.7029;30.5635;12.9508;7.37313
-14.8805;26.602;30.4811;12.9033;7.27227
-14.8992;26.5014;30.4025;12.8624;7.17168
-14.9242;26.3993;30.3258;12.8266;7.0695
-14.9441;26.2994;30.2487;12.7885;6.9696
-14.9697;26.205;30.1794;12.7589;6.87527
-14.9939;26.1086;30.1078;12.7276;6.77883
-15.0202;26.0079;30.0336;12.6967;6.67813
-15.0485;25.9155;29.9678;12.6724;6.58569
-15.0654;25.8089;29.8842;12.6319;6.47917
-15.0584;25.6974;29.7844;12.569;6.36759
-15.0658;25.5977;29.7022;12.5252;6.26789
-15.0958;25.4998;29.6332;12.5026;6.17004
-15.1209;25.4075;29.5665;12.4792;6.07769
-15.1312;25.3243;29.5004;12.448;5.99456
-15.145;25.2336;29.4296;12.4166;5.90379
-15.1591;25.1378;29.3549;12.3839;5.80806
-15.1793;25.0419;29.2833;12.3571;5.71216
-15.1984;24.9558;29.2195;12.3344;5.626
-15.2204;24.8679;29.156;12.3143;5.53813
-15.2558;24.7813;29.1008;12.3073;5.45155
-15.2761;24.6918;29.0352;12.2862;5.36199
-15.2986;24.5981;28.9675;12.2659;5.26832
-15.3251;24.501;28.8991;12.2485;5.17124
-15.3527;24.4061;28.8333;12.2338;5.0763
-15.3788;24.3083;28.7646;12.2174;4.97855
-15.4081;24.2107;28.6978;12.2048;4.88088
-15.4397;24.1105;28.6304;12.1942;4.78075
-15.4717;24.0196;28.5712;12.1884;4.6898
-15.5041;23.9249;28.5093;12.1822;4.59516
-15.5407;23.8409;28.4588;12.1848;4.51114
-15.5862;23.7505;28.408;12.194;4.4207
-15.6147;23.6626;28.3502;12.189;4.33279
-15.6533;23.5783;28.3012;12.1955;4.24848
-15.7049;23.4966;28.2618;12.2157;4.1668
-15.7532;23.4269;28.2309;12.2377;4.09714
-15.8059;23.3456;28.193;12.2605;4.01581
-15.8728;23.2752;28.1723;12.3009;3.9454
-15.9365;23.1925;28.1401;12.3352;3.8627
-16.0072;23.1174;28.1184;12.3792;3.78767
-16.0884;23.0489;28.1085;12.4358;3.71911
-16.1752;22.9876;28.1081;12.5006;3.65787
-16.2845;22.9268;28.1216;12.5876;3.59704
-16.396;22.8842;28.1517;12.6826;3.55446
-16.5141;22.8582;28.1995;12.7887;3.52844
-16.599;22.8458;28.2392;12.8669;3.51598
-16.6852;22.8459;28.2901;12.9499;3.51614
-16.77;22.8657;28.3562;13.0369;3.53592
-16.8525;22.8886;28.4234;13.1225;3.55878
-16.9382;22.921;28.5004;13.2138;3.59124
-17.0202;22.9585;28.5793;13.3029;3.62868
-17.1154;23.0064;28.6746;13.4077;3.67667
-17.213;23.045;28.7639;13.5121;3.71521
-17.3028;23.1037;28.8646;13.6146;3.77392
-17.3898;23.1629;28.9642;13.7146;3.83311
-17.4743;23.2262;29.0656;13.8135;3.89642
-17.5583;23.289;29.1663;13.9118;3.95926
-17.643;23.3477;29.2641;14.0098;4.01789
-17.7199;23.4001;29.3523;14.0985;4.07029
-17.7964;23.4582;29.4449;14.1886;4.12841
-17.8759;23.5147;29.538;14.2811;4.18494
-17.9529;23.5716;29.6299;14.3714;4.24187
-18.0311;23.6305;29.7241;14.4636;4.30071
-18.1164;23.6806;29.8157;14.5599;4.35084
-18.1989;23.7332;29.9076;14.6544;4.40338
-18.2797;23.7846;29.9976;14.7469;4.45483
-18.357;23.8471;30.0943;14.8396;4.51735
-18.4355;23.9142;30.1953;14.9348;4.5844
-18.4989;23.987;30.2917;15.0175;4.65723
-18.5587;24.0552;30.3822;15.0956;4.72542
-18.6245;24.1247;30.4774;15.1799;4.79491
-18.691;24.1961;30.5746;15.2657;4.86637
-18.7545;24.2689;30.671;15.3491;4.93909
-18.8023;24.3386;30.7554;15.417;5.00884
-18.8635;24.4188;30.8563;15.501;5.08904
-18.9231;24.4972;30.9548;15.5831;5.16747
-18.9878;24.5745;31.0554;15.6698;5.24468
-19.052;24.6544;31.1579;15.7572;5.32461
-19.1173;24.739;31.2649;15.8474;5.40927
-19.1808;24.8203;31.368;15.9348;5.4905
-19.2427;24.9107;31.4774;16.0242;5.58091
-19.3092;25.003;31.5911;16.1188;5.67325
-19.3568;25.0879;31.6874;16.1934;5.75817
-19.4168;25.169;31.7882;16.2784;5.83923
-19.4683;25.2548;31.8876;16.3574;5.92506
-19.523;25.3389;31.9876;16.4389;6.00909
-19.5759;25.4217;32.0855;16.5185;6.09191
-19.627;25.5091;32.1859;16.5984;6.1793
-19.6704;25.5919;32.278;16.6696;6.26215
-19.7166;25.6604;32.3604;16.7382;6.3306
-19.7673;25.7406;32.455;16.8155;6.41087
-19.8166;25.8265;32.5531;16.8939;6.4967
-19.8624;25.9156;32.6517;16.9707;6.58586
-19.9076;26.0061;32.751;17.0475;6.67632
-19.9561;26.0966;32.8524;17.1278;6.76686
-20.0068;26.1924;32.9593;17.2123;6.86265
-20.0605;26.2909;33.0702;17.301;6.96115
-20.1048;26.3862;33.1728;17.38;7.05647
-20.1423;26.4719;33.2637;17.4492;7.14213
-20.1861;26.5393;33.3438;17.5168;7.20951
-20.224;26.6215;33.4322;17.5852;7.2917
-20.2612;26.7056;33.5217;17.6541;7.3758
-20.3002;26.7926;33.6146;17.726;7.46287
-20.3413;26.8814;33.7102;17.8008;7.55165
-20.3802;26.9703;33.8046;17.8738;7.64056
-20.4175;27.0753;33.9109;17.9526;7.74553
-20.45;27.178;34.0124;18.0264;7.84819
-20.4805;27.2726;34.1064;18.0952;7.94281
-20.5136;27.374;34.2074;18.1696;8.04422
-20.5359;27.4694;34.2971;18.232;8.13963
-20.5712;27.5624;34.3928;18.3053;8.23263
-20.6052;27.6517;34.4846;18.3759;8.32189
-20.6342;27.7444;34.5763;18.4438;8.41464
-20.6661;27.8358;34.6687;18.514;8.50601
-20.6855;27.9261;34.7528;18.5729;8.59637
-20.7205;28.0177;34.8472;18.6464;8.68788
-20.7572;28.1115;34.9445;18.7227;8.78175
-20.798;28.2113;35.049;18.8057;8.88152
-20.8338;28.314;35.153;18.8859;8.98426
-20.8652;28.4101;35.249;18.9594;9.08029
-20.905;28.5121;35.3548;19.0433;9.18233
-20.9293;28.6065;35.4453;19.1102;9.2767
-20.9478;28.7043;35.5352;19.174;9.37455
-20.9817;28.7991;35.6317;19.25;9.46929
-21.0161;28.894;35.7287;19.3268;9.56419
-21.0502;28.9884;35.8251;19.4032;9.65864
-21.0959;29.0996;35.9419;19.4984;9.76981
-21.1368;29.2097;36.0551;19.5891;9.87988
-21.1722;29.3113;36.1582;19.671;9.98155
-21.2134;29.4127;36.2645;19.7581;10.0829
-21.25;29.4995;36.3564;19.834;10.1698
-21.2684;29.5791;36.4317;19.8906;10.2493
-21.2951;29.6638;36.5161;19.9573;10.334
-21.3221;29.7432;36.5963;20.0216;10.4134
-21.3503;29.8237;36.6781;20.0875;10.4939
-21.3878;29.9135;36.773;20.1665;10.5837

-21.4267;-29.9976;36.8641;20.2463;10.6726
-21.4578;-29.9045;36.8065;20.322;10.7657
-21.4873;-29.8152;36.7512;20.3943;10.855
-21.5163;-29.7228;36.6933;20.4682;10.9474
-21.5541;-29.6229;36.6347;20.5537;11.0473
-21.5848;-29.5273;36.5754;20.631;11.1429
-21.612;-29.4354;36.5174;20.7036;11.2348
-21.6418;-29.3404;36.4586;20.7803;11.3298
-21.6588;-29.2581;36.4025;20.8395;11.4121
-21.697;-29.1701;36.3546;20.9198;11.5001
-21.7178;-29.0698;36.2866;20.9924;11.6004
-21.7371;-28.9705;36.2186;21.0635;11.6998
-21.7692;-28.8699;36.1576;21.1462;11.8003
-21.7928;-28.7733;36.0947;21.2197;11.8969
-21.8034;-28.6779;36.0251;21.2822;11.9923
-21.8188;-28.581;35.9574;21.3496;12.0892
-21.8427;-28.4929;35.9019;21.4192;12.1773
-21.8489;-28.4169;35.8454;21.4676;12.2533
-21.8687;-28.3302;35.7889;21.5335;12.34
-21.8847;-28.2395;35.7269;21.5987;12.4307
-21.8982;-28.1435;35.6593;21.6651;12.5267
-21.9121;-28.0468;35.5916;21.7324;12.6234
-21.9327;-27.9485;35.5269;21.8065;12.7218
-21.9339;-27.8504;35.4505;21.8648;12.8198
-21.9465;-27.7542;35.3828;21.9315;12.916
-21.9576;-27.655;35.3119;21.999;13.0153
-21.9732;-27.5482;35.2381;22.075;13.122
-21.9906;-27.4437;35.1674;22.1511;13.2265
-22.0011;-27.3315;35.0864;22.2267;13.3387
-22.0119;-27.2273;35.0122;22.298;13.4429
-22.0366;-27.1362;34.9569;22.3727;13.534
-22.0476;-27.037;34.8869;22.4416;13.6332
-22.0545;-26.9178;34.799;22.5197;13.7524
-22.0682;-26.8089;34.7236;22.5972;13.8613
-22.0861;-26.6969;34.6485;22.6801;13.9733
-22.1029;-26.5873;34.5749;22.761;14.0829
-22.1077;-26.4701;34.4879;22.8375;14.2001
-22.1084;-26.355;34.4001;22.9098;14.3152
-22.1115;-26.2464;34.319;22.9802;14.4238
-22.1064;-26.1381;34.2329;23.0444;14.5321
-22.1154;-26.0388;34.163;23.1141;14.6315
-22.1111;-25.9369;34.0826;23.1755;14.7334
-22.105;-25.8524;34.0143;23.2246;14.8179
-22.0957;-25.7588;33.9372;23.2772;14.9114
-22.0881;-25.6621;33.859;23.3334;15.0081
-22.0787;-25.5675;33.7812;23.3873;15.1027
-22.0604;-25.4734;33.698;23.4342;15.1969
-22.0432;-25.3755;33.6128;23.4847;15.2947
-22.0283;-25.2604;33.5162;23.5486;15.4098
-21.995;-25.1448;33.4072;23.5993;15.5254
-21.9727;-25.0311;33.307;23.6576;15.6392
-21.9274;-24.933;33.2034;23.6886;15.7372
-21.8906;-24.8355;33.1059;23.7261;15.8347
-21.8556;-24.7422;33.0127;23.7625;15.9281
-21.8313;-24.6464;32.9249;23.8088;16.0238
-21.787;-24.5473;32.8214;23.843;16.1229
-21.7452;-24.4497;32.7206;23.8784;16.2205
-21.705;-24.3535;32.6221;23.9144;16.3167
-21.6674;-24.2585;32.5262;23.9519;16.4117
-21.6298;-24.1645;32.431;23.9892;16.5058
-21.595;-24.0692;32.3368;24.0297;16.601
-21.5503;-23.9721;32.2347;24.0647;16.6982
-21.5003;-23.8847;32.1363;24.0894;16.7855
-21.4674;-23.7851;32.0402;24.1355;16.8852
-21.429;-23.6905;31.9443;24.1744;16.9797
-21.4001;-23.5957;31.8547;24.2205;17.0745
-21.368;-23.5075;31.7678;24.2601;17.1627
-21.3301;-23.4172;31.6755;24.2974;17.2531
-21.2996;-23.3158;31.58;24.3481;17.3544
-21.2666;-23.2168;31.4847;24.3956;17.4534
-21.2284;-23.132;31.3964;24.4298;17.5383
-21.2017;-23.0403;31.3108;24.4772;17.6299
-21.1737;-22.9437;31.2208;24.5275;17.7265
-21.1382;-22.8424;31.1223;24.5764;17.8278
-21.1171;-22.746;31.0373;24.6318;17.9242
-21.0979;-22.6504;30.9542;24.6884;18.0198
-21.0825;-22.5595;30.8772;24.7444;18.1107
-21.0728;-22.4611;30.7987;24.8099;18.2092
-21.0579;-22.3619;30.7163;24.8727;18.3083
-21.0384;-22.2652;30.6325;24.9308;18.4051
-21.0281;-22.1658;30.5533;24.9973;18.5044
-21.0208;-22.0662;30.4761;25.0663;18.6041
-21.0219;-21.9599;30.4;25.146;18.7103
-21.0272;-21.8396;30.3168;25.2392;18.8307
-21.0126;-21.7292;30.2273;25.3119;18.941
-21.0105;-21.6153;30.1441;25.3959;19.0549
-21.0251;-21.4888;30.0637;25.5006;19.1814
-21.0342;-21.3746;29.9885;25.5926;19.2956
-21.0374;-21.2613;29.9102;25.6802;19.4089
-21.0379;-21.1534;29.8339;25.7622;19.5168
-21.0467;-21.0503;29.7671;25.8461;19.6199
-21.0584;-20.9515;29.7055;25.9288;19.7188
-21.0471;-20.8546;29.6293;25.9952;19.8156
-21.0539;-20.7478;29.5591;26.0812;19.9225
-21.0734;-20.6524;29.5061;26.1666;20.0179
-21.0976;-20.5521;29.4533;26.259;20.1181
-21.1212;-20.4622;29.4076;26.343;20.208
-21.1383;-20.3572;29.347;26.4346;20.313
-21.1552;-20.259;29.2911;26.521;20.4112
-21.1755;-20.1675;29.2426;26.6044;20.5028
-21.1965;-20.0743;29.1936;26.6896;20.5959
-21.217;-19.9798;29.1436;26.7756;20.6905
-21.2374;-19.8818;29.0914;26.8643;20.7884
-21.2588;-19.7858;29.0416;26.9522;20.8845
-21.2831;-19.6935;28.9966;27.0391;20.9767
-21.299;-19.6064;28.9493;27.1168;21.0638
-21.3224;-19.5153;28.9049;27.2023;21.1549
-21.3554;-19.4266;28.8695;27.292;21.2436
-21.3975;-19.32;28.829;27.4014;21.3503
-21.4304;-19.219;28.7859;27.5008;21.4513
-21.4406;-19.135;28.7376;27.5727;21.5352
-21.4893;-19.0524;28.7191;27.6677;21.6178
-21.5306;-18.9589;28.6881;27.7665;21.7113
-21.5522;-18.8734;28.6479;27.8468;21.7968
-21.5708;-18.7771;28.5985;27.9339;21.8932
-21.5982;-18.6809;28.5563;28.0263;21.9893
-21.6314;-18.5873;28.5202;28.1203;22.083
-21.6655;-18.4936;28.4852;28.215;22.1766
-21.6915;-18.4048;28.4475;28.3009;22.2654
-21.726;-18.3156;28.4162;28.3924;22.3546
-21.7468;-18.2156;28.3678;28.484;22.4546
-21.7762;-18.1182;28.3279;28.5788;22.552
-21.801;-18.0278;28.2893;28.6655;22.6424
-21.8276;-17.9316;28.2486;28.7578;22.7387
-21.839;-17.8284;28.1921;28.8464;22.8418
-21.8616;-17.7193;28.1408;28.9467;22.9509
-21.8924;-17.6185;28.1014;29.0454;23.0517
-21.9181;-17.5243;28.0625;29.1358;23.1459
-21.9357;-17.4242;28.0139;29.2261;23.246
