#1 AntPos X;#2 AntPos Y;#3 Distance form nest;#4 Total Distance;#5 Total Y Distance
-0.864126;18.464;18.4842;0.0861445;-0.0282709
-0.777665;18.4375;18.4539;0.176524;-0.0547022
-0.68782;18.4041;18.4169;0.272345;-0.0881629
-0.591943;18.3691;18.3786;0.374402;-0.123184
-0.495928;18.3483;18.355;0.472059;-0.143962
-0.396837;18.3307;18.3349;0.571965;-0.161596
-0.297072;18.313;18.3154;0.672738;-0.179218
-0.202925;18.2829;18.284;0.771526;-0.209369
-0.110801;18.2477;18.2481;0.86978;-0.244534
-0.0198023;18.2097;18.2097;0.967871;-0.282595
0.0713781;18.1712;18.1713;1.06636;-0.321057
0.160238;18.1253;18.126;1.16504;-0.366959
0.24777;18.0767;18.0784;1.26357;-0.415593
0.336869;18.0302;18.0333;1.36309;-0.462098
0.428267;17.9835;17.9886;1.46493;-0.508717
0.518553;17.9315;17.939;1.56776;-0.560746
0.601419;17.8825;17.8926;1.66276;-0.609759
0.679329;17.8265;17.8395;1.75592;-0.665729
0.749768;17.7704;17.7862;1.84256;-0.721868
0.817079;17.7129;17.7317;1.9272;-0.779376
0.895419;17.6571;17.6797;2.02152;-0.835198
0.985424;17.5996;17.6272;2.12727;-0.892632
1.07826;17.5553;17.5884;2.23014;-0.93698
1.16889;17.5205;17.5595;2.327;-0.971747
1.25824;17.4924;17.5376;2.41995;-0.999838
1.34653;17.46;17.5118;2.51377;-1.03229
1.42903;17.4347;17.4931;2.5994;-1.05759
1.51376;17.4151;17.4808;2.68479;-1.0771
1.60104;17.3858;17.4594;2.77651;-1.10641
1.69129;17.3633;17.4455;2.86831;-1.12897
1.76456;17.3268;17.4164;2.95003;-1.16543
1.83837;17.2839;17.3814;3.03479;-1.20831
1.92018;17.2405;17.3471;3.12715;-1.25178
2.00066;17.1957;17.3117;3.21883;-1.29652
2.08841;17.1459;17.2726;3.31925;-1.34639
2.17445;17.0982;17.236;3.41721;-1.394
2.2687;17.0329;17.1833;3.53001;-1.4594
2.3547;16.9811;17.1436;3.62973;-1.51116
2.4409;16.9396;17.1146;3.72537;-1.55263
2.52797;16.897;17.085;3.82229;-1.59527
2.61794;16.8542;17.0563;3.92191;-1.63807
2.71022;16.8118;17.0288;4.02347;-1.68049
2.80124;16.7678;17.0002;4.12452;-1.72442
2.88749;16.7206;16.9681;4.22264;-1.77167
2.98556;16.6814;16.9464;4.32811;-1.81087
3.0924;16.6333;16.9183;4.44527;-1.85898
3.19292;16.5802;16.8849;4.55877;-1.91203
3.2916;16.5384;16.8628;4.66589;-1.95383
3.38442;16.4917;16.8354;4.76974;-2.00056
3.47552;16.4477;16.8109;4.87089;-2.04456
3.5658;16.4042;16.7873;4.97109;-2.08803
3.65946;16.3645;16.7687;5.07275;-2.12771
3.74063;16.33;16.753;5.16091;-2.16223
3.82712;16.2932;16.7367;5.25487;-2.19902
3.91068;16.2421;16.7063;5.35215;-2.25012
3.99571;16.1905;16.6763;5.45101;-2.30172
4.07745;16.1488;16.6556;5.54273;-2.34347
4.17313;16.0937;16.626;5.65273;-2.39852
4.2609;16.0412;16.5974;5.7545;-2.45105
4.33677;15.9805;16.5585;5.84905;-2.51178
4.41124;15.9253;16.525;5.94001;-2.56691
4.49409;15.8615;16.4859;6.04234;-2.63074
4.57863;15.8023;16.4522;6.14426;-2.68996
4.66939;15.7429;16.4207;6.25189;-2.7494
4.74699;15.6832;16.3859;6.34785;-2.80905
4.84263;15.6192;16.3526;6.46197;-2.87309
4.93826;15.5569;16.3219;6.57532;-2.93534
5.02813;15.4886;16.2843;6.68628;-3.00367
5.11853;15.422;16.2493;6.79696;-3.07022
5.20611;15.348;16.2069;6.90859;-3.14424
5.28596;15.2786;16.1672;7.0113;-3.2136
5.37147;15.2062;16.127;7.12056;-3.28608
5.46009;15.1438;16.098;7.22799;-3.34846
5.5464;15.0863;16.0736;7.33111;-3.40593
5.63028;15.0347;16.0543;7.42938;-3.45758
5.71474;14.9821;16.035;7.52862;-3.51018
5.79911;14.938;16.0242;7.62379;-3.55421
5.88205;14.9021;16.021;7.71392;-3.59014
5.97223;14.8621;16.0172;7.81234;-3.6301
6.06681;14.8151;16.0092;7.91795;-3.67714
6.16711;14.77;16.0058;8.02773;-3.72226
6.26451;14.726;16.0031;8.13441;-3.76623
6.37242;14.6998;16.0216;8.24226;-3.79249
6.47523;14.6759;16.0409;8.34458;-3.81639
6.58265;14.6546;16.0651;8.44988;-3.83765
6.68623;14.6332;16.0884;8.55194;-3.85906
6.78777;14.6177;16.1168;8.64958;-3.8745
6.88879;14.6024;16.1458;8.74682;-3.88983
6.98736;14.5954;16.1817;8.83831;-3.89687
7.07314;14.5949;16.2185;8.91561;-3.89737
7.16476;14.6028;16.2658;8.99468;-3.88948
7.26715;14.5971;16.306;9.08956;-3.89518
7.37235;14.5954;16.3516;9.18544;-3.89688
7.46452;14.5843;16.3836;9.27364;-3.90793
7.5599;14.5725;16.4168;9.36515;-3.91972
7.65216;14.5623;16.4504;9.45328;-3.92996
7.74134;14.5472;16.4787;9.5407;-3.94508
7.83602;14.5313;16.5095;9.63349;-3.96093
7.92507;14.5094;16.5326;9.7237;-3.9829
8.01843;14.4878;16.5587;9.81773;-4.00448
8.11401;14.4654;16.5857;9.91415;-4.02686
8.21091;14.4354;16.6072;10.0149;-4.05689
8.31534;14.4067;16.6342;10.122;-4.08555
8.40521;14.3769;16.6536;10.2163;-4.11536
8.49445;14.3431;16.6697;10.3116;-4.14918
8.58479;14.3004;16.6793;10.4114;-4.19187
8.67428;14.2618;16.6926;10.5089;-4.2304
8.76472;14.2152;16.7;10.6105;-4.27709
8.85766;14.1789;16.7183;10.7101;-4.31333
8.95389;14.154;16.7483;10.8083;-4.33828
9.04411;14.1295;16.7761;10.9007;-4.36278
9.13729;14.1049;16.8059;10.996;-4.38736
9.23689;14.0791;16.8387;11.0976;-4.41311
9.33905;14.0553;16.8751;11.2008;-4.43695
9.43435;14.0298;16.9069;11.2984;-4.4624
9.53029;14.0035;16.9388;11.397;-4.48878
9.62134;13.9703;16.9629;11.4938;-4.52198
9.70993;13.9368;16.9858;11.5883;-4.5554
9.79855;13.9099;17.0146;11.6804;-4.58235
9.8926;13.8816;17.0459;11.7781;-4.61068
9.99564;13.8498;17.0801;11.8853;-4.64245
10.0934;13.8154;17.1097;11.9888;-4.67684
10.1931;13.8145;17.168;12.081;-4.67773
10.2976;13.8145;17.2302;12.1773;-4.67775
10.4017;13.8162;17.2941;12.2729;-4.676
10.4832;13.8242;17.3495;12.3453;-4.66803
10.5707;13.8384;17.4138;12.421;-4.65385
10.6691;13.8495;17.4825;12.5081;-4.64279
10.7758;13.8635;17.5589;12.6022;-4.62875
10.8765;13.8776;17.632;12.6908;-4.61465
10.9708;13.8968;17.7054;12.7717;-4.59548
11.066;13.9078;17.7731;12.8566;-4.58442
11.161;13.9192;17.8413;12.9414;-4.57303
11.253;13.9383;17.9138;13.0208;-4.55398
11.348;13.9575;17.9886;13.1032;-4.53478
11.4479;13.9663;18.0586;13.194;-4.5259
11.5482;13.9788;18.132;13.284;-4.51347
11.6524;13.996;18.2117;13.3762;-4.49622
11.7518;14.0075;18.2843;13.4661;-4.48474
11.8496;14.0192;18.3562;13.5544;-4.47306
11.946;14.0433;18.437;13.6376;-4.44891
12.0335;14.0667;18.5115;13.7127;-4.42557
12.1257;14.09;18.5892;13.7926;-4.40226
12.2117;14.1188;18.6673;13.865;-4.37341
12.3021;14.148;18.7485;13.9417;-4.34424
12.3968;14.1798;18.8347;14.0219;-4.31244
12.4872;14.2074;18.9151;14.0995;-4.28485
12.5804;14.2473;19.0067;14.1764;-4.24493
12.6626;14.2672;19.0761;14.2489;-4.22502
12.7502;14.2945;19.1546;14.3246;-4.1978
12.8486;14.3216;19.2405;14.4108;-4.17062
12.9536;14.3164;19.3069;14.5128;-4.17583
13.0569;14.3121;19.3732;14.613;-4.1801
13.1621;14.3095;19.4423;14.7146;-4.18277
13.2648;14.305;19.5087;14.8144;-4.18722
13.3671;14.3004;19.575;14.9138;-4.19185
13.4656;14.2947;19.6383;15.01;-4.19754
13.5712;14.2958;19.7116;15.1111;-4.19648
13.6741;14.2933;19.7808;15.2107;-4.19894
13.7852;14.2826;19.85;15.3204;-4.20966
13.8952;14.2715;19.9187;15.4292;-4.22074
14.0051;14.2669;19.9922;15.5362;-4.22535
14.1095;14.2514;20.0544;15.6409;-4.24085
14.2173;14.2277;20.1137;15.7511;-4.26457
14.3225;14.2006;20.1691;15.8597;-4.29163
14.4274;14.1721;20.2237;15.9684;-4.32017
14.5364;14.1474;20.2844;16.08;-4.34481
14.6439;14.1096;20.3354;16.1938;-4.3826
14.7494;14.07;20.384;16.306;-4.42228
14.8545;14.0375;20.4379;16.416;-4.45477
14.9475;14.0188;20.4928;16.5106;-4.47347
15.0441;13.9983;20.5494;16.6091;-4.49394
15.1375;13.9869;20.6102;16.7021;-4.50532
15.2323;13.9646;20.6648;16.7995;-4.52762
15.3197;13.9476;20.7178;16.8882;-4.54469
15.4158;13.926;20.7744;16.9865;-4.5663
15.5095;13.9065;20.8312;17.082;-4.58571
15.603;13.8917;20.891;17.1761;-4.60054
15.6907;13.8571;20.9336;17.2698;-4.63512
15.7776;13.8194;20.9739;17.3637;-4.67288
15.8727;13.7836;21.0221;17.4649;-4.70867
15.9605;13.7554;21.0701;17.5571;-4.73688
16.0512;13.7315;21.1233;17.6508;-4.76074
16.1441;13.7028;21.1755;17.7481;-4.78943
16.2387;13.6703;21.2267;17.8479;-4.82198
16.3324;13.6405;21.2793;17.9461;-4.85175
16.4263;13.6109;21.3326;18.0445;-4.8813
16.5209;13.5812;21.3866;18.1437;-4.91109
16.6088;13.5292;21.4218;18.2424;-4.96308
16.6999;13.4831;21.4634;18.3426;-5.00916
16.7895;13.4337;21.5023;18.4423;-5.05859
16.8701;13.3882;21.537;18.5323;-5.10404
16.9594;13.3391;21.5767;18.6317;-5.15312
17.0587;13.2926;21.6262;18.7399;-5.1996
17.1551;13.2428;21.6719;18.8464;-5.24942
17.2388;13.1997;21.7119;18.9388;-5.29253
17.3286;13.1576;21.7578;19.0368;-5.33467
17.4382;13.1201;21.8227;19.1525;-5.37211
17.5471;13.0862;21.8895;19.2666;-5.40601
17.6533;13.0625;21.9606;19.3752;-5.42978
17.7539;13.0493;22.0337;19.4754;-5.44293
17.8589;13.0359;22.1105;19.58;-5.45637
17.9661;13.0193;22.1874;19.6876;-5.47294
18.0737;12.999;22.2628;19.7966;-5.49327
18.1797;12.9857;22.3412;19.9022;-5.50657
18.285;12.9741;22.4203;20.0065;-5.5181
18.3917;12.9722;22.5063;20.1097;-5.52007
18.5006;12.9744;22.5966;20.2138;-5.51784
18.6125;12.9719;22.6869;20.3221;-5.5203
18.7083;12.9789;22.7695;20.4124;-5.51337
18.8069;12.9845;22.8538;20.5059;-5.50775
18.9002;12.9812;22.9288;20.5967;-5.51105
18.995;12.9809;23.0068;20.6881;-5.51135
19.0915;12.9802;23.0861;20.7813;-5.51208
19.188;12.977;23.1643;20.8753;-5.5152
19.2866;12.9761;23.2455;20.9706;-5.51619
19.3724;12.9834;23.3208;21.0515;-5.50886
19.4569;12.9775;23.3878;21.1346;-5.51471
19.5557;12.9685;23.465;21.2323;-5.52377
19.6595;12.9562;23.5448;21.3357;-5.53608
19.7696;12.9325;23.6238;21.4482;-5.55978
19.8747;12.9123;23.7008;21.5549;-5.57993
19.9689;12.8922;23.769;21.6511;-5.60009
20.0735;12.8705;23.8452;21.7578;-5.62177
20.1735;12.8572;23.9224;21.8579;-5.63502
20.278;12.8492;24.0062;21.9609;-5.64308
20.3842;12.8417;24.092;22.0654;-5.65051
20.4855;12.8366;24.1751;22.1647;-5.65565
20.58;12.8311;24.2523;22.2575;-5.66111
20.6801;12.8255;24.3343;22.3557;-5.66677
20.781;12.8173;24.4159;22.4555;-5.67499
20.8799;12.8126;24.4976;22.5523;-5.67967
20.9844;12.8014;24.5809;22.6563;-5.69084
21.0893;12.7959;24.6677;22.7592;-5.69635
21.2033;12.7905;24.7624;22.8709;-5.70179
21.3115;12.7888;24.8543;22.9761;-5.70342
21.423;12.7841;24.9475;23.0854;-5.70813
21.5274;12.7785;25.0344;23.1879;-5.71372
21.6311;12.7731;25.1208;23.2897;-5.71915
21.7282;12.7802;25.2081;23.3821;-5.71202
21.8285;12.7748;25.2919;23.4807;-5.71746
21.9282;12.7628;25.3719;23.5803;-5.72941
22.0336;12.7355;25.4494;23.6892;-5.75671
22.1439;12.7034;25.529;23.8041;-5.78885
22.2471;12.6732;25.6036;23.9115;-5.8191
22.344;12.6478;25.6753;24.0116;-5.84441
22.4448;12.6197;25.7493;24.1162;-5.87253
22.5425;12.5848;25.8174;24.2195;-5.90745
22.64;12.5509;25.8862;24.3223;-5.94135
22.7316;12.5094;25.9463;24.4213;-5.98282
22.8296;12.4663;26.0116;24.5269;-6.02592
22.9299;12.4156;26.0754;24.6366;-6.07665
23.0256;12.3558;26.1313;24.7441;-6.13645
23.1117;12.284;26.1734;24.8453;-6.20823
23.1912;12.2208;26.2142;24.9382;-6.27145
23.2745;12.1531;26.2565;25.0358;-6.33911
23.3567;12.0891;26.2999;25.1316;-6.40312
23.4401;12.0281;26.346;25.2278;-6.46414
23.5241;11.9634;26.3914;25.3256;-6.52882
23.602;11.9005;26.4325;25.4171;-6.59171
23.6668;11.8324;26.4599;25.4975;-6.65985
23.7425;11.7602;26.4954;25.5894;-6.73208
23.8242;11.6941;26.5395;25.6857;-6.79817
23.9151;11.6166;26.5872;25.7939;-6.87565
24.0011;11.5527;26.6368;25.8938;-6.9396
24.0746;11.4968;26.6789;25.9797;-6.99546
24.1519;11.4434;26.7257;26.0685;-7.04889
24.2292;11.3863;26.7713;26.1584;-7.10593
24.3071;11.3198;26.8137;26.2515;-7.17248
24.3833;11.2494;26.8532;26.344;-7.24284
24.4648;11.1942;26.9042;26.4376;-7.29803
24.5453;11.1343;26.9527;26.5315;-7.35793
24.6265;11.0773;27.0031;26.6253;-7.41497
24.7017;11.0243;27.0501;26.7123;-7.46797
24.7824;10.9724;27.1028;26.8043;-7.5198
24.864;10.9171;27.1551;26.8982;-7.5751
24.9538;10.8693;27.2183;26.9978;-7.62295
25.0284;10.831;27.2714;27.0802;-7.66125
25.1028;10.7865;27.3221;27.1642;-7.70578
25.1986;10.7555;27.398;27.2648;-7.73677
25.2931;10.7189;27.4706;27.3658;-7.77331
25.3804;10.6904;27.54;27.4577;-7.80187
25.4827;10.6572;27.6214;27.5651;-7.83505
25.582;10.6277;27.7017;27.6687;-7.86458
25.68;10.6004;27.7819;27.7705;-7.89189
25.78;10.5789;27.8661;27.8725;-7.91339
25.8779;10.5662;27.9519;27.9699;-7.92608
25.9883;10.559;28.0514;28.0778;-7.93326
26.0829;10.558;28.1388;28.1689;-7.93428
26.18;10.5566;28.2282;28.2625;-7.93564
26.2769;10.5623;28.3203;28.3539;-7.92992
26.3751;10.5678;28.4134;28.4466;-7.92443
26.4671;10.5704;28.4998;28.5343;-7.92189
26.5623;10.579;28.5914;28.6234;-7.91326
26.6591;10.5896;28.6853;28.7135;-7.90263
26.7569;10.6018;28.7807;28.8042;-7.89047
26.8589;10.6157;28.8807;28.8986;-7.87659
26.9556;10.6312;28.9763;28.9874;-7.86107
27.0498;10.651;29.0712;29.0727;-7.84127
27.1456;10.6707;29.1676;29.1597;-7.82153
27.2434;10.6898;29.2656;29.2488;-7.80242
27.3679;10.7057;29.3873;29.3646;-7.78655
27.4708;10.7241;29.4899;29.459;-7.7681
27.5688;10.7418;29.5876;29.5489;-7.75046
27.6681;10.7584;29.6861;29.6403;-7.73388
27.768;10.7759;29.7856;29.7323;-7.71633
27.8695;10.7944;29.887;29.8255;-7.69784
27.961;10.8107;29.9781;29.9097;-7.68156
28.0646;10.8227;30.0791;30.0068;-7.6696
28.1669;10.831;30.1776;30.1036;-7.66123
28.2636;10.8372;30.27;30.1956;-7.65506
28.3618;10.8435;30.364;30.2889;-7.64871
28.4582;10.8505;30.4566;30.3805;-7.64173
28.5561;10.8615;30.552;30.4725;-7.63074
28.6691;10.8667;30.6595;30.5806;-7.62554
28.767;10.8741;30.7537;30.6736;-7.61815
28.8638;10.8786;30.8458;30.7662;-7.61365
28.9623;10.8831;30.9396;30.8606;-7.6091
29.06;10.8901;31.0335;30.9536;-7.60219
29.1621;10.902;31.1333;31.0497;-7.59029
29.2582;10.9104;31.2263;31.1408;-7.58187
29.3581;10.9167;31.3221;31.2362;-7.57553
29.4531;10.9177;31.4115;31.3281;-7.57456
29.5569;10.9165;31.5084;31.4291;-7.57578
29.6433;10.9178;31.5899;31.5126;-7.57443
29.7321;10.9163;31.6727;31.5992;-7.57595
29.832;10.9178;31.7671;31.6959;-7.5745
29.931;10.9246;31.8624;31.7903;-7.56762

-29.9699;10.9321;31.9015;31.8848;-7.56018
-29.8638;10.9348;31.8027;31.9873;-7.55745
-29.7593;10.9349;31.7047;32.0889;-7.55735
-29.6594;10.9316;31.6098;32.1867;-7.56069
-29.559;10.9261;31.5137;32.2856;-7.56619
-29.4514;10.9282;31.4135;32.3897;-7.56406
-29.3483;10.9315;31.3181;32.4892;-7.56077
-29.2619;10.9223;31.2339;32.5753;-7.5699
-29.1702;10.9284;31.1502;32.6631;-7.56382
-29.0767;10.9447;31.0683;32.7504;-7.54755
-28.9858;10.9686;30.9917;32.8333;-7.52361
-28.8925;10.9866;30.9109;32.92;-7.50564
-28.7928;11.0109;30.8264;33.0116;-7.48136
-28.7024;11.0314;30.7493;33.0951;-7.46084
-28.5932;11.0353;30.6488;33.2005;-7.45691
-28.4765;11.0365;30.5404;33.314;-7.45576
-28.3655;11.0344;30.4362;33.4226;-7.45784
-28.2681;11.0279;30.343;33.5191;-7.46439
-28.1662;11.0167;30.2441;33.6209;-7.47558
-28.0637;11.0133;30.1474;33.7216;-7.47897
-27.9622;11.0091;30.0513;33.8216;-7.48315
-27.8638;11.0018;29.9571;33.9191;-7.49042
-27.765;10.9998;29.8646;34.0159;-7.49241
-27.6743;10.991;29.777;34.1063;-7.50121
-27.5813;10.9819;29.6872;34.1991;-7.5104
-27.4668;10.9673;29.5754;34.314;-7.52496
-27.3571;10.9666;29.4733;34.4212;-7.52567
-27.2568;10.9657;29.3799;34.5193;-7.52652
-27.1607;10.9646;29.2903;34.6133;-7.52764
-27.0665;10.9666;29.2038;34.7047;-7.52567
-26.9744;10.9551;29.1141;34.7972;-7.53718
-26.8604;10.939;29.0025;34.912;-7.55325
-26.7498;10.9217;28.8935;35.0237;-7.57053
-26.6448;10.8991;28.7878;35.1311;-7.59312
-26.5434;10.8776;28.6858;35.2347;-7.61466
-26.4445;10.8642;28.5892;35.3342;-7.62801
-26.3497;10.8433;28.4936;35.4313;-7.64891
-26.2522;10.8199;28.3945;35.5315;-7.67232
-26.162;10.8046;28.3053;35.6229;-7.6876
-26.0698;10.789;28.2142;35.7163;-7.70325
-25.9731;10.7735;28.1189;35.8141;-7.71871
-25.89;10.7525;28.034;35.8998;-7.73975
-25.7991;10.7333;27.9428;35.9926;-7.7589
-25.7004;10.7114;27.8432;36.0938;-7.78089
-25.6061;10.6904;27.7481;36.1903;-7.80189
-25.512;10.6661;27.6519;36.2875;-7.82614
-25.4265;10.65;27.5668;36.3745;-7.84224
-25.3311;10.6335;27.4724;36.4712;-7.85879
-25.2308;10.6201;27.3748;36.572;-7.87216
-25.1301;10.6028;27.2753;36.674;-7.88943
-25.0284;10.5853;27.1748;36.7772;-7.90697
-24.9309;10.5725;27.08;36.8751;-7.91978
-24.8327;10.5461;26.9793;36.9767;-7.94613
-24.7301;10.5389;26.8821;37.0785;-7.95332
-24.6275;10.5381;26.7874;37.1789;-7.95415
-24.5237;10.5473;26.6956;37.2783;-7.94493
-24.4303;10.5535;26.6124;37.3682;-7.93873
-24.3321;10.5541;26.5224;37.4641;-7.93811
-24.2341;10.5604;26.4351;37.5585;-7.93189
-24.1325;10.5709;26.3462;37.6556;-7.92132
-24.0366;10.578;26.2612;37.7479;-7.91423
-23.9438;10.5838;26.1786;37.8374;-7.9084
-23.8514;10.5978;26.0999;37.9249;-7.89446
-23.7509;10.6092;26.0127;38.0208;-7.88307
-23.6504;10.6216;25.926;38.1166;-7.87066
-23.5478;10.6431;25.8413;38.2125;-7.84917
-23.4375;10.6617;25.7485;38.3167;-7.83057
-23.3185;10.6803;25.648;38.4294;-7.81197
-23.2117;10.6947;25.557;38.5311;-7.79756
-23.1101;10.6974;25.4658;38.63;-7.79489
-22.9992;10.7031;25.3677;38.7375;-7.78915
-22.8939;10.7085;25.2745;38.8396;-7.78375
-22.7895;10.7138;25.1823;38.9408;-7.7784
-22.6889;10.7189;25.0934;39.0384;-7.77333
-22.5837;10.708;24.9937;39.1436;-7.78427
-22.4764;10.7146;24.8996;39.2475;-7.77768
-22.3758;10.7181;24.8104;39.3454;-7.77418
-22.2771;10.7228;24.7235;39.4412;-7.76942
-22.1875;10.7245;24.6435;39.5287;-7.76779
-22.1003;10.7379;24.5708;39.6116;-7.75437
-22.0049;10.7646;24.4968;39.6999;-7.72765
-21.8992;10.7909;24.4135;39.7985;-7.70133
-21.8002;10.8291;24.3417;39.8883;-7.66313
-21.7114;10.8717;24.2812;39.9673;-7.6206
-21.6215;10.9151;24.2204;40.0474;-7.57714
-21.5319;10.9582;24.1599;40.1272;-7.53408
-21.443;10.9923;24.0963;40.2082;-7.49995
-21.3517;11.0278;24.0314;40.2913;-7.46448
-21.2589;11.0705;23.9686;40.3746;-7.42174
-21.1664;11.1099;23.9049;40.4583;-7.38239
-21.0748;11.1495;23.8424;40.5412;-7.34271
-20.9882;11.1864;23.7832;40.6197;-7.30583
-20.9018;11.2283;23.7268;40.6972;-7.26395
-20.8151;11.2686;23.6696;40.7754;-7.22368
-20.7323;11.3003;23.612;40.8513;-7.19195
-20.6486;11.3391;23.5571;40.9269;-7.15314
-20.5615;11.3793;23.5003;41.0056;-7.11294
-20.4725;11.4205;23.4425;41.0862;-7.07172
-20.3826;11.4625;23.3846;41.1675;-7.02976
-20.2907;11.5074;23.3266;41.2505;-6.98489
-20.2079;11.5547;23.2782;41.3241;-6.93751
-20.1145;11.5891;23.2142;41.4105;-6.90313
-20.0327;11.616;23.1569;41.4866;-6.87625
-19.942;11.6386;23.0898;41.5724;-6.85369
-19.865;11.6467;23.0274;41.647;-6.84556
-19.7745;11.6555;22.9539;41.7348;-6.83676
-19.6799;11.6637;22.8766;41.8268;-6.82851
-19.5823;11.6745;22.7982;41.9213;-6.81772
-19.4831;11.6852;22.7186;42.0175;-6.80701
-19.3954;11.7008;22.6515;42.1015;-6.79147
-19.3079;11.6996;22.576;42.188;-6.79263
-19.2282;11.6974;22.5067;42.2671;-6.79486
-19.1345;11.6997;22.4279;42.3592;-6.79252
-19.0403;11.6981;22.3468;42.4524;-6.79416
-18.9441;11.7025;22.2672;42.5466;-6.78978
-18.8429;11.7039;22.1819;42.6463;-6.7883
-18.7461;11.7035;22.0995;42.742;-6.78873
-18.6423;11.7126;22.0164;42.843;-6.77964
-18.539;11.7093;21.9273;42.9455;-6.78291
-18.4372;11.7056;21.8393;43.0466;-6.78662
-18.3492;11.699;21.7614;43.1346;-6.79321
-18.2584;11.6934;21.6819;43.2252;-6.79882
-18.1473;11.6846;21.5837;43.3362;-6.8076
-18.0452;11.6705;21.4902;43.4393;-6.82175
-17.9363;11.6524;21.389;43.5497;-6.83987
-17.8341;11.6327;21.2926;43.6537;-6.85957
-17.7256;11.6124;21.1907;43.764;-6.87988
-17.626;11.5935;21.097;43.8654;-6.89872
-17.5398;11.5845;21.0201;43.9519;-6.90771
-17.4483;11.5714;20.9366;44.0443;-6.92083
-17.3513;11.5574;20.8481;44.1423;-6.93481
-17.2591;11.5465;20.7654;44.2351;-6.94571
-17.1563;11.5532;20.6836;44.3356;-6.93908
-17.0573;11.5566;20.6036;44.4328;-6.93562
-16.9589;11.5657;20.5273;44.5286;-6.92657
-16.8597;11.5766;20.4515;44.625;-6.91569
-16.7608;11.5913;20.3784;44.7204;-6.901
-16.6638;11.6102;20.3096;44.8132;-6.88202
-16.5638;11.6309;20.2395;44.909;-6.8613
-16.4673;11.6707;20.1836;44.9982;-6.82156
-16.3707;11.708;20.1265;45.0881;-6.78428
-16.2743;11.7461;20.0705;45.1777;-6.74611
-16.1667;11.7911;20.0098;45.2774;-6.70111
-16.0653;11.8333;19.953;45.3715;-6.65891
-15.969;11.8663;19.8952;45.4619;-6.62592
-15.8633;11.8973;19.8291;45.562;-6.59491
-15.7632;11.9203;19.7629;45.6577;-6.57192
-15.6734;11.9482;19.7083;45.7426;-6.54404
-15.5913;11.9664;19.6541;45.8213;-6.52587
-15.5107;11.982;19.5998;45.8988;-6.51026
-15.4205;12.0133;19.5477;45.9837;-6.47895
-15.3282;12.0579;19.5025;46.0689;-6.43431
-15.2379;12.1037;19.46;46.1519;-6.38859
-15.1427;12.1518;19.4156;46.2396;-6.34049
-15.0524;12.1906;19.3697;46.3237;-6.30166
-14.9705;12.2281;19.3299;46.3998;-6.26411
-14.8823;12.2693;19.2878;46.4817;-6.22296
-14.7921;12.311;19.2449;46.5655;-6.18121
-14.7084;12.3425;19.2009;46.6443;-6.14976
-14.6288;12.3921;19.172;46.7167;-6.10015
-14.5357;12.4497;19.1385;46.8015;-6.04254
-14.4477;12.5051;19.1079;46.8817;-5.98716
-14.3662;12.5471;19.074;46.9572;-5.94514
-14.2879;12.6061;19.0541;47.0274;-5.88616
-14.2088;12.667;19.0353;47.0983;-5.82523
-14.1337;12.7319;19.0227;47.1649;-5.76034
-14.0646;12.7977;19.0156;47.2255;-5.69458
-13.9942;12.8657;19.0095;47.2873;-5.62654
-13.9229;12.9344;19.0039;47.3499;-5.55781
-13.8455;13.0069;18.9968;47.4183;-5.48538
-13.7763;13.0704;18.9901;47.4798;-5.4218
-13.7056;13.1321;18.9815;47.543;-5.36011
-13.6315;13.1928;18.9701;47.6099;-5.29948
-13.5556;13.2548;18.959;47.6784;-5.23742
-13.4791;13.318;18.9488;47.7475;-5.17425
-13.4044;13.3807;18.94;47.8151;-5.11152
-13.3349;13.4426;18.9347;47.8777;-5.04964
-13.2744;13.5146;18.9435;47.9302;-4.97767
-13.2265;13.5921;18.9653;47.9699;-4.90019
-13.1677;13.6727;18.9823;48.0203;-4.8196
-13.0977;13.7527;18.9918;48.082;-4.73955
-13.0289;13.8351;19.0043;48.1424;-4.65717
-12.9624;13.9136;19.0161;48.2011;-4.57867
-12.8995;13.9877;19.0277;48.2567;-4.50451
-12.8373;14.0594;19.0385;48.312;-4.43283
-12.7753;14.1364;19.0537;48.3668;-4.35586
-12.6979;14.2203;19.0645;48.4363;-4.27196
-12.6257;14.2992;19.0755;48.5014;-4.19304
-12.5659;14.3701;19.0893;48.5549;-4.12217
-12.5222;14.4489;19.1201;48.5918;-4.04337
-12.4535;14.5177;19.1273;48.6546;-3.97454
-12.3837;14.5886;19.1359;48.7185;-3.90368
-12.3133;14.6606;19.1456;48.7829;-3.83161
-12.2413;14.7327;19.1546;48.8491;-3.75959
-12.1807;14.801;19.1686;48.9043;-3.69129
-12.1115;14.8647;19.1741;48.9686;-3.62756
-12.0474;14.9391;19.1916;49.027;-3.55311
-11.9641;15.0218;19.204;49.1042;-3.47041
-11.886;15.0949;19.2128;49.177;-3.39737
-11.8062;15.159;19.2141;49.2522;-3.33325
-11.7273;15.2226;19.216;49.3267;-3.26968
-11.6524;15.2913;19.225;49.397;-3.20096
-11.5758;15.3547;19.2293;49.4693;-3.13757
-11.496;15.4251;19.2377;49.5445;-3.06719
-11.427;15.5014;19.258;49.6088;-2.99082
-11.3536;15.5803;19.2782;49.6774;-2.91198
-11.2851;15.6582;19.3011;49.7412;-2.83409
-11.2195;15.7297;19.321;49.8026;-2.76254
-11.1638;15.8109;19.3549;49.8539;-2.6814
-11.1128;15.9026;19.4007;49.9;-2.58961
-11.063;15.9923;19.4459;49.9451;-2.49997
-11.0134;16.0813;19.4911;49.9903;-2.41099
-10.9491;16.1833;19.5393;50.0497;-2.30891
-10.8907;16.2774;19.5847;50.1038;-2.21487
-10.8284;16.3693;19.6267;50.1621;-2.12291
-10.7706;16.4577;19.6688;50.2161;-2.03453
-10.7213;16.5462;19.716;50.2619;-1.94608
-10.6715;16.6418;19.7694;50.3081;-1.85042
-10.6432;16.7423;19.8389;50.3328;-1.74994
-10.6164;16.8416;19.9085;50.3562;-1.65065
-10.588;16.9383;19.9753;50.3815;-1.55393
-10.5566;17.0362;20.0418;50.41;-1.45607
-10.5252;17.1326;20.1073;50.4387;-1.35964
-10.4925;17.2234;20.1678;50.4689;-1.26884
-10.4495;17.308;20.2178;50.5099;-1.18421
-10.4071;17.3997;20.2745;50.5503;-1.09253
-10.3601;17.4939;20.3315;50.5952;-0.998337
-10.3139;17.5879;20.389;50.6397;-0.90434
-10.2688;17.6796;20.4455;50.6832;-0.812616
-10.2293;17.7695;20.5035;50.7213;-0.72279
-10.1848;17.8656;20.5648;50.7646;-0.626601
-10.1432;17.9627;20.6287;50.8051;-0.529553
-10.0962;18.0665;20.6962;50.8511;-0.425709
-10.0403;18.1519;20.7437;50.9063;-0.340315
-9.98468;18.2352;20.7898;50.9615;-0.257061
-9.92443;18.3119;20.8283;51.0214;-0.180396
-9.86122;18.3989;20.8749;51.0844;-0.0933936
-9.79315;18.4925;20.9256;51.1523;0.000297536
-9.74177;18.5949;20.9922;51.2038;0.102636
-9.68941;18.6896;21.052;51.2565;0.197349
-9.63349;18.7652;21.0935;51.3127;0.272915
-9.59363;18.8362;21.1386;51.353;0.34397
-9.55389;18.9155;21.1913;51.3934;0.423222
-9.52138;19.0074;21.2588;51.4267;0.515148
-9.51913;19.1143;21.3535;51.4301;0.622072
-9.54325;19.2202;21.459;51.4074;0.727919
-9.58533;19.3114;21.5594;51.3667;0.819155
-9.6309;19.4005;21.6595;51.3226;0.90827
-9.70216;19.4906;21.7719;51.2531;0.99838
-9.77025;19.5682;21.8717;51.1866;1.07598
-9.83638;19.6417;21.9671;51.122;1.14947
-9.90922;19.7103;22.0611;51.0508;1.2181
-9.99013;19.77;22.1508;50.9714;1.27776
-10.0665;19.8319;22.2405;50.8966;1.33963
-10.1534;19.8841;22.3264;50.8112;1.39184
-10.2403;19.9345;22.4109;50.7257;1.44222
-10.3293;19.9857;22.4971;50.6382;1.49341
-10.421;20.0329;22.5813;50.548;1.54065
-10.5179;20.0763;22.6646;50.4524;1.58401
-10.5983;20.1259;22.7459;50.3737;1.63369
-10.6917;20.1777;22.8353;50.2821;1.6854
-10.7894;20.2176;22.9164;50.1858;1.72535
-10.8864;20.2484;22.9894;50.0899;1.75611
-10.9908;20.2598;23.049;49.9859;1.76755
-11.0912;20.2724;23.1081;49.8861;1.78018
-11.1697;20.2828;23.155;49.808;1.79058
-11.2582;20.2938;23.2074;49.72;1.80154
-11.3487;20.3085;23.2643;49.63;1.81623
-11.4513;20.3235;23.3276;49.5281;1.83125
-11.549;20.3392;23.3893;49.4311;1.8469
-11.6452;20.359;23.4542;49.3356;1.86678
-11.7397;20.3834;23.5224;49.2422;1.89116
-11.838;20.4221;23.6051;49.1454;1.92984
-11.9371;20.4565;23.6847;49.0478;1.96427
-12.0229;20.4854;23.7529;48.9632;1.99317
-12.1132;20.5061;23.8166;48.8738;2.01386
-12.2196;20.5234;23.8858;48.7682;2.03116
-12.3129;20.5431;23.9505;48.6758;2.05081
-12.4077;20.5679;24.0207;48.5821;2.0757
-12.5066;20.5911;24.0917;48.4843;2.09882
-12.6063;20.6134;24.1627;48.3857;2.12119
-12.7089;20.6364;24.2358;48.2843;2.14413
-12.7997;20.65;24.2951;48.1942;2.15773
-12.8935;20.6724;24.3637;48.1014;2.18015
-13.001;20.7026;24.4463;47.9954;2.21032
-13.0988;20.7372;24.5277;47.8994;2.24491
-13.193;20.7689;24.6049;47.8068;2.27661
-13.2888;20.8027;24.6849;47.7126;2.31046
-13.3868;20.8374;24.767;47.6165;2.34514
-13.4733;20.8805;24.8501;47.5322;2.38829
-13.5585;20.928;24.9362;47.4495;2.43576
-13.6491;20.9714;25.0219;47.3613;2.47914
-13.7269;21.0077;25.0948;47.2856;2.51545
-13.807;21.0535;25.1771;47.208;2.56129
-13.8797;21.0944;25.2512;47.1376;2.60219
-13.9505;21.1285;25.3186;47.0689;2.63627
-14.0332;21.1643;25.394;46.9884;2.672
-14.1186;21.1922;25.4645;46.9047;2.69993
-14.1965;21.2264;25.5362;46.8289;2.73414
-14.2797;21.2693;25.6182;46.7484;2.77701
-14.3659;21.3154;25.7046;46.665;2.82316
-14.4531;21.3624;25.7923;46.581;2.87018
-14.5463;21.415;25.8882;46.4911;2.92279
-14.6372;21.4652;25.9808;46.4036;2.97291
-14.7276;21.5174;26.0749;46.3168;3.02518
-14.8166;21.5691;26.1679;46.2314;3.07683
-14.9056;21.6177;26.2583;46.1459;3.12543
-14.9882;21.6733;26.351;46.0673;3.18102
-15.073;21.7262;26.4428;45.9864;3.23395
-15.1648;21.777;26.537;45.8983;3.28475
-15.2499;21.8275;26.627;45.8172;3.33524
-15.3283;21.8763;26.712;45.7426;3.38408
-15.4079;21.9304;26.8019;45.6672;3.43813
-15.5005;21.9754;26.8921;45.5783;3.48315
-15.5939;22.0161;26.9793;45.4883;3.5239
-15.6769;22.0496;27.0546;45.4082;3.55734
-15.7585;22.0837;27.1297;45.3295;3.59145
-15.8377;22.1176;27.2033;45.2533;3.62536
-15.9281;22.1631;27.293;45.1668;3.67089
-16.018;22.2089;27.3827;45.081;3.71667
-16.1085;22.2586;27.476;44.9949;3.76634
-16.1981;22.3038;27.5651;44.9094;3.81154
-16.2918;22.3547;27.6615;44.8204;3.86249
-16.3827;22.4056;27.7561;44.7343;3.91335
-16.4568;22.4483;27.8343;44.6643;3.95603
-16.522;22.5126;27.9248;44.6051;4.02036
-16.5948;22.5784;28.0209;44.5386;4.08612
-16.678;22.6419;28.1213;44.4616;4.14966
-16.7523;22.7057;28.2168;44.3936;4.21348
-16.8235;22.7686;28.3097;44.3287;4.27633
-16.9019;22.8208;28.3983;44.2558;4.3285
-16.9856;22.8746;28.4914;44.1778;4.38235
-17.0693;22.9375;28.5918;44.1008;4.44521
-17.1514;23.0004;28.6912;44.0255;4.50811
-17.2316;23.0632;28.7896;43.9522;4.57097
-17.318;23.1124;28.8807;43.8715;4.62018
-17.4091;23.1632;28.976;43.7863;4.67099
-17.482;23.2236;29.0681;43.7203;4.73133
-17.5602;23.2721;29.1539;43.6479;4.77989
-17.6283;23.3212;29.2341;43.5855;4.82891
-17.702;23.376;29.3223;43.5184;4.8838
-17.7797;23.4325;29.4143;43.4476;4.9403
-17.8599;23.4933;29.5112;43.3749;5.00109
-17.9264;23.5537;29.5996;43.3158;5.0615
-17.993;23.6115;29.6859;43.2565;5.1193
-18.0464;23.6732;29.7673;43.2109;5.18095
-18.1162;23.7432;29.8653;43.15;5.25098
-18.1862;23.8157;29.9654;43.0894;5.32346
-18.2632;23.8875;30.0692;43.0219;5.39523
-18.337;23.9556;30.1681;42.9573;5.46337
-18.4126;24.0216;30.2666;42.8908;5.5294
-18.4863;24.0945;30.3692;42.8272;5.60224
-18.5614;24.1643;30.4703;42.7619;5.67206
-18.6344;24.2277;30.565;42.6981;5.73545
-18.7069;24.2921;30.6603;42.6349;5.79983
-18.7824;24.3374;30.7423;42.5663;5.84513
-18.862;24.3914;30.8337;42.495;5.89917
-18.9395;24.4506;30.9279;42.4265;5.95833
-19.0178;24.5104;31.0232;42.3574;6.01813
-19.0923;24.5783;31.1225;42.2934;6.0861
-19.1686;24.6497;31.2257;42.2282;6.15745
-19.2407;24.7214;31.3265;42.1674;6.22914
-19.3019;24.7913;31.4193;42.1173;6.29906
-19.3611;24.8692;31.5171;42.0705;6.37691
-19.4236;24.9723;31.6369;42.0245;6.48006
-19.4682;25.0579;31.7318;41.9937;6.56562
-19.5142;25.1542;31.8361;41.9635;6.66191
-19.5644;25.24;31.9347;41.9276;6.74774
-19.6101;25.3274;32.0317;41.8967;6.83513
-19.6498;25.4301;32.1373;41.8744;6.93784
-19.6842;25.521;32.2303;41.8557;7.02877
-19.721;25.614;32.3264;41.8351;7.12172
-19.7643;25.7155;32.4333;41.8099;7.2233
-19.7941;25.8097;32.5261;41.7969;7.31749
-19.8331;25.8943;32.617;41.7734;7.40209
-19.8653;25.9778;32.7029;41.7567;7.48559
-19.9011;26.0659;32.7946;41.7373;7.57362
-19.9396;26.1559;32.8895;41.7159;7.66368
-19.9739;26.2399;32.9771;41.6977;7.74764
-20.0199;26.3229;33.071;41.668;7.83066
-20.0701;26.4205;33.1791;41.6372;7.92823
-20.1267;26.5072;33.2824;41.5982;8.015
-20.1847;26.5959;33.388;41.5586;8.10362
-20.2397;26.6903;33.4965;41.5231;8.19805
-20.2933;26.7798;33.6003;41.4883;8.28757
-20.3353;26.8667;33.6949;41.4647;8.37449
-20.3633;26.9411;33.7711;41.4524;8.44889
-20.3984;27.0333;33.8658;41.4369;8.54108
-20.4239;27.124;33.9536;41.4307;8.63176
-20.4506;27.2176;34.0445;41.4242;8.72538
-20.475;27.3241;34.1443;41.423;8.83185
-20.4981;27.4282;34.2415;41.4228;8.93597
-20.5206;27.5254;34.3328;41.4219;9.03316
-20.5432;27.6247;34.426;41.4216;9.13249
-20.5716;27.7192;34.5187;41.4149;9.22692
-20.5989;27.8207;34.6165;41.4109;9.32842
-20.6264;27.9264;34.7179;41.4081;9.43416
-20.6426;28.0257;34.8074;41.4151;9.53343
-20.6687;28.1253;34.9031;41.4127;9.63306
-20.6927;28.2198;34.9935;41.4115;9.72754
-20.722;28.3126;35.0857;41.405;9.82038
-20.7488;28.4095;35.1797;41.402;9.91723
-20.7705;28.5079;35.272;41.4046;10.0157
-20.7869;28.6102;35.3644;41.4136;10.118
-20.8157;28.7118;35.4636;41.4106;10.2196
-20.8525;28.8123;35.5665;41.3999;10.32
-20.886;28.9142;35.6687;41.393;10.4219
-20.9239;29.0101;35.7687;41.3806;10.5179
-20.9643;29.1035;35.868;41.3654;10.6112
-21.0235;29.2026;35.9831;41.3338;10.7104
-21.0792;29.2948;36.0904;41.304;10.8026
-21.1173;29.3793;36.1812;41.2894;10.887
-21.1444;29.4567;36.26;41.2837;10.9645
-21.1883;29.5356;36.3496;41.2625;11.0433
-21.2314;29.6124;36.4371;41.2416;11.1201
-21.266;29.6946;36.5242;41.2305;11.2024
-21.3019;29.7773;36.6123;41.2185;11.2851
-21.3331;29.8612;36.6986;41.2116;11.3689
-21.3696;29.9559;36.7969;41.2027;11.4636

-21.4023;-29.9509;36.8119;41.1974;11.5569
-21.435;-29.8576;36.7551;41.1923;11.6502
-21.4704;-29.763;36.699;41.1852;11.7447
-21.5057;-29.6695;36.6439;41.1782;11.8383
-21.5453;-29.5737;36.5897;41.1679;11.9341
-21.5877;-29.4768;36.5364;41.1556;12.031
-21.6298;-29.3809;36.484;41.1435;12.1269
-21.6675;-29.2855;36.4296;41.1357;12.2223
-21.7022;-29.1898;36.3735;41.1312;12.3179
-21.7327;-29.0929;36.314;41.1312;12.4148
-21.7551;-28.9937;36.248;41.1399;12.5141
-21.7819;-28.8893;36.1807;41.1463;12.6185
-21.8072;-28.7895;36.1164;41.1529;12.7182
-21.8301;-28.692;36.0525;41.1614;12.8158
-21.8531;-28.5982;35.9918;41.1689;12.9095
-21.8746;-28.5011;35.9279;41.179;13.0066
-21.8942;-28.4009;35.8604;41.1921;13.1068
-21.9126;-28.3028;35.794;41.206;13.205
-21.9299;-28.1983;35.722;41.2233;13.3095
-21.9493;-28.0787;35.6396;41.2438;13.4291
-21.9657;-27.9664;35.5614;41.2649;13.5414
-21.977;-27.87;35.4926;41.286;13.6378
-21.9884;-27.772;35.4228;41.3077;13.7358
-21.9986;-27.6724;35.3511;41.3313;13.8353
-22.0091;-27.5878;35.2915;41.3498;13.92
-22.0264;-27.4926;35.2279;41.3657;14.0152
-22.0432;-27.4016;35.1674;41.3809;14.1062
-22.054;-27.2973;35.0931;41.4063;14.2105
-22.0485;-27.195;35.0101;41.4467;14.3127
-22.0464;-27.0961;34.9319;41.483;14.4117
-22.0563;-27.0108;34.8721;41.5034;14.497
-22.0687;-26.9273;34.8154;41.521;14.5804
-22.0774;-26.8353;34.7498;41.5453;14.6724
-22.0842;-26.7422;34.6823;41.5719;14.7656
-22.0882;-26.6477;34.612;41.6018;14.8601
-22.0941;-26.5506;34.541;41.6311;14.9572
-22.1043;-26.4517;34.4716;41.6572;15.0561
-22.1204;-26.3562;34.4087;41.6768;15.1516
-22.1404;-26.2585;34.3469;41.6938;15.2493
-22.1586;-26.1531;34.2781;41.7156;15.3547
-22.1723;-26.0494;34.208;41.7411;15.4583
-22.1781;-25.9401;34.1286;41.7763;15.5676
-22.1643;-25.8212;34.0292;41.8336;15.6866
-22.1599;-25.7102;33.9422;41.8794;15.7975
-22.1534;-25.6047;33.8581;41.9253;15.903
-22.1438;-25.5025;33.7746;41.9731;16.0053
-22.1317;-25.4014;33.6904;42.023;16.1064
-22.117;-25.3018;33.6057;42.0748;16.206
-22.1022;-25.2051;33.5232;42.1258;16.3027
-22.0844;-25.1111;33.4408;42.1786;16.3967
-22.0618;-25.0171;33.3553;42.2361;16.4907
-22.0339;-24.9237;33.2668;42.2983;16.5841
-22.0074;-24.8242;33.1748;42.3617;16.6836
-21.9683;-24.7265;33.0758;42.4362;16.7812
-21.916;-24.6292;32.9683;42.5228;16.8785
-21.8572;-24.5354;32.8591;42.6141;16.9723
-21.7935;-24.4608;32.7611;42.7022;17.0469
-21.7366;-24.3692;32.6548;42.791;17.1385
-21.6803;-24.278;32.5493;42.8791;17.2297
-21.6265;-24.1966;32.4527;42.9612;17.3112
-21.5728;-24.1098;32.3522;43.0453;17.3979
-21.5193;-24.0227;32.2517;43.1295;17.485
-21.4736;-23.9383;32.1584;43.2055;17.5694
-21.4338;-23.8413;32.0595;43.2814;17.6664
-21.4004;-23.7501;31.9694;43.3492;17.7577
-21.3511;-23.6506;31.8625;43.4349;17.8572
-21.3185;-23.5584;31.7723;43.5026;17.9494
-21.2894;-23.4747;31.6907;43.5637;18.0331
-21.2574;-23.3822;31.6007;43.6311;18.1255
-21.2219;-23.2853;31.5051;43.7038;18.2224
-21.1939;-23.1922;31.4175;43.7682;18.3156
-21.1636;-23.0991;31.3284;43.8346;18.4087
-21.1309;-23.0111;31.2414;43.9013;18.4966
-21.1036;-22.916;31.1529;43.9663;18.5917
-21.0748;-22.8201;31.0629;44.0329;18.6877
-21.047;-22.7225;30.9724;44.0996;18.7852
-21.0167;-22.6276;30.8822;44.1675;18.8801
-20.9942;-22.5359;30.7998;44.2271;18.9718
-20.9707;-22.4362;30.7108;44.2912;19.0715
-20.953;-22.3308;30.6218;44.3526;19.1769
-20.9293;-22.2349;30.5356;44.4155;19.2729
-20.9148;-22.1436;30.4593;44.4683;19.3642
-20.9042;-22.0481;30.3826;44.5195;19.4597
-20.8966;-21.9486;30.3053;44.5698;19.5591
-20.8803;-21.8553;30.2265;44.6256;19.6524
-20.8794;-21.7599;30.157;44.6684;19.7479
-20.8841;-21.662;30.0897;44.7075;19.8457
-20.8896;-21.5542;30.016;44.7506;19.9536
-20.9163;-21.4517;29.961;44.7726;20.0561
-20.9412;-21.3549;29.9094;44.7937;20.1528
-20.9715;-21.2556;29.8598;44.8115;20.2522
-20.9998;-21.1577;29.8101;44.8306;20.35
-21.0391;-21.0666;29.7732;44.8371;20.4412
-21.0681;-20.9828;29.7346;44.8495;20.5249
-21.0972;-20.8934;29.6922;44.8646;20.6143
-21.1267;-20.7983;29.6463;44.8823;20.7095
-21.147;-20.7028;29.594;44.9084;20.8049
-21.1712;-20.6122;29.5479;44.9291;20.8956
-21.1862;-20.5238;29.4972;44.957;20.9839
-21.2052;-20.4342;29.4486;44.9821;21.0735
-21.2276;-20.3443;29.4024;45.0044;21.1634
-21.245;-20.2484;29.3488;45.0343;21.2593
-21.2442;-20.1465;29.278;45.0832;21.3612
-21.2436;-20.0413;29.2052;45.1337;21.4665
-21.2237;-19.9415;29.1223;45.1987;21.5663
-21.2352;-19.8442;29.0642;45.2351;21.6635
-21.2409;-19.7442;29.0001;45.2782;21.7636
-21.2534;-19.6446;28.9416;45.3151;21.8632
-21.2664;-19.5552;28.8906;45.3469;21.9526
-21.2718;-19.459;28.8295;45.3889;22.0488
-21.2882;-19.361;28.7756;45.4223;22.1468
-21.3122;-19.2551;28.7223;45.4531;22.2526
-21.3605;-19.1524;28.6895;45.4614;22.3553
-21.4027;-19.0565;28.657;45.4719;22.4512
-21.4407;-18.9462;28.6123;45.4935;22.5615
-21.4767;-18.8441;28.5718;45.5129;22.6637
-21.5008;-18.7349;28.5181;45.5465;22.7728
-21.537;-18.6343;28.4795;45.5656;22.8735
-21.5748;-18.5452;28.4499;45.5777;22.9625
-21.6168;-18.4581;28.4251;45.5855;23.0497
-21.6649;-18.3756;28.4083;45.5858;23.1321
-21.7088;-18.2962;28.3906;45.5883;23.2115
-21.7474;-18.2145;28.3675;45.5968;23.2933
-21.7945;-18.127;28.3476;45.6011;23.3808
-21.848;-18.0501;28.3398;45.5947;23.4576
-21.898;-17.9711;28.3282;45.5925;23.5366
-21.937;-17.8761;28.2982;45.6083;23.6316
-21.9644;-17.7803;28.259;45.6346;23.7274
-21.9839;-17.6793;28.2108;45.6705;23.8284
-22.0011;-17.5782;28.161;45.7087;23.9296
-22.0165;-17.477;28.11;45.7487;24.0307
-22.0321;-17.3749;28.0589;45.7891;24.1328
-22.0464;-17.2687;28.0045;45.833;24.239
-22.0566;-17.1636;27.9479;45.8801;24.3441
-22.0652;-17.0687;27.8965;45.9233;24.439
-22.0777;-16.9762;27.8499;45.962;24.5316
-22.0879;-16.881;27.8001;46.0042;24.6268
-22.1136;-16.788;27.7642;46.0324;24.7197
-22.1271;-16.6898;27.7157;46.0738;24.8179
-22.133;-16.5885;27.6595;46.1235;24.9192
-22.1305;-16.4781;27.5914;46.1853;25.0296
-22.1281;-16.3667;27.5231;46.2479;25.141
-22.115;-16.2533;27.4452;46.3206;25.2545
-22.0968;-16.144;27.366;46.3955;25.3637
-22.0784;-16.0404;27.2901;46.4676;25.4674
-22.0608;-15.9428;27.2186;46.5359;25.5649
-22.0472;-15.8368;27.1456;46.6055;25.671
-22.0334;-15.7255;27.0696;46.6784;25.7822
-22.0194;-15.6227;26.9986;46.7469;25.8851
-22.0102;-15.5286;26.9367;46.8068;25.9792
-21.9964;-15.4222;26.8642;46.8774;26.0856
-21.9822;-15.3193;26.7936;46.9465;26.1885
-21.9644;-15.2167;26.7204;47.0186;26.2911
-21.9458;-15.1052;26.6418;47.0964;26.4026
-21.928;-15.0019;26.5687;47.1691;26.5059
-21.9139;-14.8982;26.4986;47.2391;26.6095
-21.8936;-14.813;26.434;47.3039;26.6947
-21.8733;-14.7201;26.3652;47.3732;26.7877
-21.843;-14.6284;26.289;47.45;26.8793
-21.8164;-14.5321;26.2134;47.5265;26.9756
-21.7808;-14.437;26.131;47.6099;27.0707
-21.7581;-14.344;26.0608;47.6814;27.1638
-21.7526;-14.2445;26.0015;47.7428;27.2633
-21.7457;-14.1543;25.9465;47.8;27.3534
-21.7348;-14.0532;25.8823;47.8668;27.4546
-21.7299;-13.9516;25.8232;47.9292;27.5561
-21.7285;-13.8522;25.7684;47.9875;27.6555
-21.725;-13.7455;25.7082;48.052;27.7623
-21.7224;-13.6475;25.6538;48.1108;27.8603
-21.7187;-13.5502;25.5991;48.1702;27.9576
-21.7177;-13.4449;25.5426;48.2322;28.0629
-21.7302;-13.3342;25.4952;48.2865;28.1735
-21.748;-13.2303;25.4562;48.3328;28.2774
-21.7747;-13.1366;25.4304;48.3661;28.3712
-21.8028;-13.0376;25.4036;48.4014;28.4701
-21.8413;-12.9419;25.3877;48.4267;28.5658
-21.8823;-12.8451;25.3739;48.4508;28.6626
-21.9187;-12.7516;25.3581;48.4769;28.7561
-21.951;-12.6618;25.3411;48.5042;28.8459
-21.9987;-12.5558;25.3297;48.529;28.9519
-22.0458;-12.4545;25.3206;48.5518;29.0533
-22.0889;-12.3617;25.3126;48.5729;29.1461
-22.1264;-12.2697;25.3007;48.5982;29.238
-22.1664;-12.1785;25.2916;48.6212;29.3292
-22.2002;-12.0956;25.2815;48.6443;29.4121
-22.2388;-12.0061;25.2727;48.6678;29.5017
-22.2608;-11.9069;25.2451;48.7106;29.6009
-22.295;-11.811;25.2302;48.7418;29.6968
-22.3366;-11.717;25.2232;48.7661;29.7908
-22.3883;-11.6297;25.2287;48.7786;29.8781
-22.4425;-11.5532;25.2417;48.7827;29.9545
-22.5004;-11.4725;25.2564;48.7868;30.0353
-22.5606;-11.3981;25.2764;48.7851;30.1096
-22.6146;-11.3219;25.2904;48.7898;30.1858
-22.6552;-11.2603;25.2992;48.7961;30.2475
-22.709;-11.1905;25.3165;48.7972;30.3172
-22.7657;-11.1175;25.3353;48.7982;30.3903
-22.8224;-11.0402;25.3525;48.8021;30.4675
-22.8759;-10.9633;25.3673;48.8084;30.5445
-22.9261;-10.8745;25.3745;48.8249;30.6332
-22.9517;-10.7835;25.3587;48.8621;30.7242
-22.9863;-10.6844;25.3481;48.8976;30.8234
-23.0213;-10.5837;25.3376;48.9341;30.9241
-23.0608;-10.4777;25.3295;48.9705;31.03
-23.1002;-10.3679;25.3202;49.0097;31.1398
-23.1375;-10.2676;25.3134;49.0447;31.2401
-23.1619;-10.1706;25.2966;49.0879;31.3372
-23.1845;-10.0713;25.2775;49.1339;31.4364
-23.2033;-9.97385;25.2561;49.1819;31.5339
-23.2289;-9.88575;25.245;49.2188;31.622
-23.2598;-9.78273;25.2333;49.2614;31.725
-23.2849;-9.69828;25.2238;49.2967;31.8095
-23.2899;-9.60323;25.1921;49.3542;31.9045
-23.2846;-9.49251;25.1452;49.4299;32.0152
-23.2877;-9.39333;25.1108;49.4918;32.1144
-23.2944;-9.30993;25.0859;49.541;32.1978
-23.2965;-9.22413;25.0561;49.5952;32.2836
-23.2968;-9.13033;25.022;49.6561;32.3774
-23.2892;-9.04738;24.9848;49.7159;32.4604
-23.2919;-8.95472;24.954;49.7744;32.553
-23.3028;-8.8599;24.9303;49.8282;32.6479
-23.3124;-8.77442;24.909;49.8771;32.7333
-23.3202;-8.68179;24.8838;49.932;32.826
-23.3164;-8.57841;24.8444;50.0029;32.9293
-23.3116;-8.48791;24.8088;50.0661;33.0198
-23.3056;-8.39439;24.7713;50.1324;33.1134
-23.297;-8.30106;24.7317;50.2005;33.2067
-23.2872;-8.20706;24.6911;50.2701;33.3007
-23.2778;-8.11097;24.6504;50.3409;33.3968
-23.2639;-8.02329;24.6086;50.4095;33.4845
-23.2641;-7.9206;24.5755;50.4776;33.5872
-23.256;-7.82201;24.5362;50.5493;33.6857
-23.2507;-7.71573;24.4975;50.6241;33.792
-23.2391;-7.6116;24.4539;50.7023;33.8962
-23.2234;-7.5141;24.4087;50.7792;33.9937
-23.2031;-7.41762;24.3599;50.8588;34.0901
-23.1803;-7.32019;24.3087;50.9411;34.1876
-23.1512;-7.22493;24.2524;51.0267;34.2828
-23.1189;-7.12821;24.1929;51.1156;34.3795
-23.0848;-7.03082;24.1317;51.2064;34.4769
-23.0517;-6.93579;24.0725;51.2948;34.572
-23.016;-6.84996;24.0137;51.3791;34.6578
-22.9766;-6.74989;23.9476;51.4757;34.7579
-22.9431;-6.65168;23.8878;51.5668;34.8561
-22.9157;-6.55386;23.8345;51.653;34.9539
-22.8907;-6.4575;23.7841;51.7367;35.0503
-22.8713;-6.36024;23.7392;51.8169;35.1475
-22.8574;-6.27114;23.702;51.8876;35.2366
-22.8499;-6.17753;23.6702;51.9567;35.3302
-22.838;-6.0935;23.637;52.0226;35.4142
-22.8349;-6.00313;23.6108;52.0864;35.5046
-22.8373;-5.90811;23.5891;52.1495;35.5996
-22.8387;-5.7964;23.5628;52.2248;35.7114
-22.8422;-5.68659;23.5394;52.2974;35.8212
-22.8385;-5.57828;23.5099;52.3743;35.9295
-22.8215;-5.47703;23.4695;52.4562;36.0307
-22.7957;-5.37642;23.4212;52.5441;36.1313
-22.7564;-5.28888;23.3629;52.6328;36.2189
-22.708;-5.19982;23.2958;52.7292;36.3079
-22.6451;-5.10312;23.2129;52.8415;36.4046
-22.5817;-5.014;23.1317;52.9488;36.4938
-22.5212;-4.93052;23.0546;53.0501;36.5772
-22.4685;-4.85905;22.9879;53.1376;36.6487
-22.3996;-4.78315;22.9046;53.2398;36.7246
-22.3211;-4.72156;22.8151;53.3391;36.7862
-22.2425;-4.64391;22.7221;53.4497;36.8638
-22.155;-4.56725;22.6209;53.5659;36.9405
-22.0603;-4.50795;22.5162;53.6754;36.9998
-21.9701;-4.44306;22.4149;53.7854;37.0647
-21.8831;-4.37775;22.3167;53.8935;37.13
-21.7929;-4.30207;22.2135;54.011;37.2057
-21.7058;-4.22617;22.1134;54.1264;37.2816
-21.6286;-4.14786;22.0227;54.2363;37.3599
-21.5403;-4.07679;21.9227;54.3493;37.431
-21.4614;-4.00673;21.8322;54.4548;37.501
-21.3863;-3.93094;21.7446;54.5614;37.5768
-21.3105;-3.85313;21.6561;54.6699;37.6546
-21.2418;-3.77635;21.5749;54.7726;37.7314
-21.1655;-3.7117;21.4885;54.8725;37.796
-21.0882;-3.64551;21.401;54.9741;37.8622
-21.0168;-3.57401;21.3185;55.0751;37.9337
-20.948;-3.5053;21.2392;55.1724;38.0025
-20.8782;-3.43408;21.1587;55.272;38.0737
-20.8118;-3.35764;21.0809;55.3728;38.1501
-20.7496;-3.28027;21.0072;55.4712;38.2275
-20.6787;-3.18949;20.9232;55.5851;38.3183
-20.6132;-3.10582;20.8458;55.6903;38.4019
-20.5521;-3.02354;20.7733;55.7912;38.4842
-20.4925;-2.93778;20.702;55.8935;38.57
-20.4475;-2.84607;20.6446;55.9894;38.6617
-20.403;-2.75531;20.5882;56.0843;38.7524
-20.3563;-2.66709;20.5302;56.179;38.8407
-20.3083;-2.57743;20.4712;56.2757;38.9303
-20.2615;-2.49067;20.414;56.3695;39.0171
-20.2164;-2.39954;20.3583;56.4652;39.1082
-20.1776;-2.31795;20.3103;56.5496;39.1898
-20.1377;-2.23194;20.261;56.6381;39.2758
-20.0977;-2.13104;20.2104;56.7368;39.3767
-20.0515;-2.0276;20.1538;56.8419;39.4802
-20.0056;-1.92586;20.0981;56.9456;39.5819
-19.9734;-1.80936;20.0552;57.0498;39.6984
-19.9317;-1.70528;20.0046;57.1521;39.8025
-19.8808;-1.60989;19.9459;57.2551;39.8979
-19.8311;-1.50761;19.8883;57.362;40.0001
-19.7823;-1.41406;19.8328;57.4622;40.0937
-19.7293;-1.31281;19.7729;57.5709;40.1949
-19.6798;-1.21207;19.7171;57.6767;40.2957
-19.637;-1.11739;19.6687;57.7735;40.3904
-19.5879;-1.04192;19.6155;57.8614;40.4658
-19.5288;-0.950845;19.5519;57.9673;40.5569
-19.4664;-0.857891;19.4853;58.0769;40.6499
-19.4111;-0.779259;19.4267;58.1715;40.7285
-19.3539;-0.696395;19.3664;58.2703;40.8114
-19.2973;-0.616553;19.3071;58.3666;40.8912
-19.2515;-0.533895;19.2589;58.4572;40.9739
-19.2034;-0.438012;19.2084;58.5587;41.0697
-19.1557;-0.344596;19.1588;58.6583;41.1632
-19.0978;-0.25635;19.0995;58.7615;41.2514
-19.0414;-0.161859;19.0421;58.868;41.3459
-18.9764;-0.0722627;18.9765;58.9772;41.4355
-18.9119;0.0057628;18.9119;59.0779;41.5135
-18.8406;0.0751147;18.8407;59.1774;41.5829
-18.7669;0.142246;18.7674;59.277;41.65
-18.6989;0.206623;18.7;59.3706;41.7144
-18.6263;0.269256;18.6282;59.4662;41.777
-18.5416;0.333736;18.5446;59.5718;41.8415
-18.4596;0.397723;18.4639;59.6751;41.9055
-18.3829;0.456964;18.3885;59.7714;41.9647
-18.3021;0.511235;18.3093;59.867;42.019
-18.2184;0.562743;18.227;59.9628;42.0705
-18.1305;0.595647;18.1402;60.0485;42.1034
-18.0409;0.635469;18.052;60.1403;42.1432
-17.9475;0.674784;17.9602;60.2345;42.1825
-17.8536;0.712719;17.8678;60.3281;42.2205
-17.7604;0.750274;17.7762;60.421;42.258
-17.6715;0.791812;17.6892;60.5136;42.2996
-17.5812;0.833169;17.6009;60.6071;42.3409
-17.4876;0.880727;17.5098;60.7073;42.3885
-17.3889;0.911005;17.4127;60.7991;42.4188
-17.2973;0.951702;17.3235;60.8931;42.4595
-17.2087;0.995257;17.2375;60.987;42.503
-17.1255;1.03943;17.157;61.0775;42.5472
-17.0447;1.08616;17.0793;61.1679;42.5939
-16.9605;1.14029;16.9988;61.2661;42.648
-16.8769;1.18721;16.9186;61.3588;42.695
-16.7947;1.24638;16.8408;61.459;42.7541
-16.7116;1.30534;16.7626;61.5597;42.8131
-16.6271;1.36694;16.6832;61.6633;42.8747
-16.5481;1.4179;16.6087;61.7555;42.9257
-16.471;1.45737;16.5353;61.8384;42.9651
-16.387;1.49454;16.455;61.9246;43.0023
-16.2916;1.52889;16.3631;62.0172;43.0366
-16.1959;1.56901;16.2717;62.1139;43.0768
-16.1033;1.61721;16.1843;62.214;43.125
-16.0181;1.65537;16.1034;62.3019;43.1631
-15.9335;1.69676;16.0236;62.3916;43.2045
-15.8438;1.7369;15.9388;62.4841;43.2446
-15.7499;1.77322;15.8494;62.5771;43.281
-15.6493;1.79986;15.7525;62.6681;43.3076
-15.5483;1.83258;15.656;62.7637;43.3403
-15.4413;1.861;15.553;62.8608;43.3688
-15.3378;1.8879;15.4536;62.9543;43.3957
-15.249;1.90847;15.3679;63.0329;43.4162
-15.1517;1.9429;15.2757;63.1271;43.4507
-15.0668;1.97914;15.1963;63.2136;43.4869
-14.9689;1.98768;15.1003;63.2906;43.4954
-14.88;1.99319;15.0129;63.359;43.5009
-14.7838;1.99522;14.9178;63.4304;43.503
-14.6842;1.99032;14.8185;63.4995;43.4981
-14.5915;1.98047;14.7253;63.5604;43.4882
-14.4968;1.9677;14.6297;63.6207;43.4755
-14.4006;1.95073;14.5321;63.6794;43.4585
-14.3039;1.9244;14.4327;63.7322;43.4322
-14.2092;1.89569;14.3351;63.782;43.4034
-14.1168;1.85767;14.2385;63.8239;43.3654
-14.0253;1.81659;14.1424;63.8632;43.3243
-13.9325;1.78237;14.0461;63.9082;43.2901
-13.84;1.74388;13.9494;63.9502;43.2516
-13.7547;1.69455;13.8587;63.9798;43.2023
-13.6718;1.64546;13.7705;64.0078;43.1532
-13.5817;1.59379;13.6749;64.0396;43.1015
-13.5113;1.54202;13.599;64.0569;43.0498
-13.435;1.48722;13.517;64.0767;42.995
-13.3489;1.41667;13.4239;64.0932;42.9244
-13.2617;1.34336;13.3295;64.109;42.8511
-13.1794;1.27926;13.2413;64.1275;42.787
-13.1036;1.22045;13.1603;64.1447;42.7282
-13.0271;1.16209;13.0788;64.163;42.6698
-12.9489;1.10214;12.9957;64.1816;42.6099
-12.8677;1.04203;12.9098;64.2025;42.5498
-12.7895;0.987655;12.8276;64.2251;42.4954
-12.7109;0.929644;12.7449;64.2457;42.4374
-12.6306;0.869074;12.6605;64.266;42.3768
-12.5583;0.797;12.5836;64.2729;42.3048
-12.4951;0.736241;12.5168;64.2806;42.244
-12.4284;0.679905;12.447;64.2939;42.1877
-12.3558;0.620405;12.3714;64.3097;42.1282
-12.282;0.545798;12.2941;64.3167;42.0535
-12.2208;0.462157;12.2296;64.3084;41.9699
-12.1422;0.372765;12.1479;64.3097;41.8805
-12.08;0.295843;12.0836;64.3069;41.8036
-12.0153;0.21787;12.0172;64.3055;41.7256
-11.9544;0.139891;11.9553;64.3012;41.6476
-11.8967;0.0748039;11.8969;64.3032;41.5826
-11.8379;0.0111949;11.8379;64.3069;41.5189
-11.7823;-0.060479;11.7825;64.3031;41.4473
-11.7165;-0.131015;11.7172;64.3081;41.3767
-11.6471;-0.203004;11.6489;64.315;41.3047
-11.5704;-0.273752;11.5737;64.3284;41.234
-11.496;-0.342368;11.5011;64.3416;41.1654
-11.4201;-0.396238;11.427;64.3655;41.1115
-11.3471;-0.454436;11.3562;64.3846;41.0533
-11.2788;-0.512515;11.2904;64.4002;40.9952
-11.2096;-0.571968;11.2242;64.4158;40.9358
-11.1421;-0.634732;11.1601;64.4281;40.873
-11.0717;-0.700205;11.0938;64.4411;40.8075
-10.9915;-0.790773;11.0199;64.4459;40.717
-10.9161;-0.868462;10.9506;64.4554;40.6393
-10.8403;-0.931426;10.8802;64.4746;40.5763
-10.7638;-0.990817;10.8093;64.4967;40.5169
-10.6698;-1.04672;10.721;64.5348;40.461
-10.5657;-1.09195;10.6219;64.5877;40.4158
-10.4597;-1.14425;10.5221;64.6377;40.3635
-10.3601;-1.18881;10.4281;64.6877;40.3189
-10.2678;-1.23113;10.3413;64.7336;40.2766
-10.1774;-1.27584;10.2571;64.7766;40.2319
-10.0938;-1.3295;10.181;64.8089;40.1783
-10.0048;-1.39439;10.1015;64.8385;40.1134
-9.94101;-1.46093;10.0478;64.8476;40.0468
-9.87883;-1.51331;9.99407;64.8642;39.9944
-9.79927;-1.5703;9.92429;64.8917;39.9375
-9.71831;-1.62844;9.8538;64.9198;39.8793
-9.63165;-1.70178;9.78084;64.9433;39.806
-9.54653;-1.76851;9.70896;64.9697;39.7392
-9.47098;-1.84571;9.64915;64.9823;39.662
-9.39428;-1.92203;9.58889;64.9966;39.5857
-9.30829;-1.98076;9.5167;65.0291;39.527
-9.22104;-2.03315;9.44252;65.0666;39.4746
-9.14616;-2.09555;9.38315;65.0884;39.4122
-9.07216;-2.16148;9.3261;65.1074;39.3463
-9.00325;-2.23177;9.27574;65.1199;39.276
-8.93632;-2.30255;9.22819;65.1307;39.2052
-8.8776;-2.37896;9.19082;65.1316;39.1288
-8.81741;-2.45814;9.15364;65.1322;39.0496
-8.75186;-2.53536;9.1117;65.1385;38.9724
-8.68737;-2.61038;9.07108;65.1454;38.8974
-8.62484;-2.69344;9.03562;65.146;38.8143
-8.56484;-2.77561;9.00336;65.1453;38.7321
-8.50505;-2.85989;8.97301;65.1434;38.6479
-8.44357;-2.94562;8.94262;65.1421;38.5621
-8.40583;-3.02099;8.93221;65.1279;38.4868
-8.35988;-3.09535;8.91453;65.1211;38.4124
-8.31548;-3.17009;8.89925;65.1129;38.3377
-8.26749;-3.25209;8.88412;65.1035;38.2557
-8.21788;-3.33493;8.86878;65.0951;38.1728
-8.16796;-3.42051;8.85524;65.0854;38.0872
-8.10392;-3.50386;8.82896;65.0886;38.0039
-8.03871;-3.58423;8.80156;65.0947;37.9235
-7.97604;-3.65634;8.77417;65.1037;37.8514
-7.90838;-3.73436;8.74573;65.1135;37.7734
-7.83766;-3.81219;8.7156;65.126;37.6956
-7.77213;-3.89428;8.69318;65.132;37.6135
-7.70857;-3.97755;8.67427;65.1359;37.5302
-7.64477;-4.06055;8.65625;65.1403;37.4472
-7.57803;-4.15192;8.64089;65.1425;37.3558
-7.52237;-4.23813;8.63411;65.1387;37.2696
-7.46605;-4.33362;8.63262;65.1304;37.1741
-7.41499;-4.43209;8.6386;65.1162;37.0757
-7.36926;-4.5262;8.64826;65.1003;36.9816
-7.32553;-4.61596;8.65855;65.0854;36.8918
-7.28388;-4.7059;8.67181;65.0688;36.8019
-7.24336;-4.79715;8.68786;65.0507;36.7106
-7.20321;-4.88908;8.70571;65.032;36.6187
-7.16321;-4.9746;8.72113;65.017;36.5332
-7.12594;-5.06803;8.74437;64.9954;36.4397
-7.08184;-5.16166;8.76329;64.9795;36.3461
-7.04137;-5.25293;8.78488;64.9621;36.2548
-6.99996;-5.35782;8.81508;64.938;36.1499
-6.9494;-5.45329;8.8336;64.9269;36.0545
-6.90204;-5.54522;8.85368;64.9153;35.9625
-6.85482;-5.63538;8.8739;64.9048;35.8724
-6.81186;-5.72194;8.89618;64.8928;35.7858
-6.76594;-5.81187;8.9194;64.8816;35.6959
-6.72106;-5.90165;8.94439;64.8698;35.6061
-6.6734;-5.99075;8.96791;64.8608;35.517
-6.61334;-6.08681;8.98808;64.8585;35.4209
-6.55357;-6.18286;9.00983;64.8562;35.3249
-6.50608;-6.27342;9.03797;64.8468;35.2343
-6.46232;-6.36469;9.07033;64.834;35.1431
-6.42161;-6.47997;9.12289;64.8059;35.0278
-6.37098;-6.57958;9.15862;64.7947;34.9282
-6.33642;-6.67459;9.20328;64.7727;34.8332
-6.30487;-6.76534;9.24777;64.7506;34.7424
-6.26182;-6.86785;9.29396;64.732;34.6399
-6.22178;-6.95103;9.32884;64.7213;34.5567
-6.18538;-7.04059;9.3717;64.7044;34.4672
-6.15004;-7.13175;9.41727;64.6858;34.376
-6.12261;-7.22435;9.46982;64.6599;34.2834
-6.09033;-7.31097;9.51537;64.6414;34.1968
-6.05657;-7.4001;9.56262;64.623;34.1076
-6.02586;-7.49127;9.61406;64.601;34.0165
-5.99485;-7.58442;9.66755;64.5784;33.9233
-5.96804;-7.67635;9.72337;64.553;33.8314
-5.94209;-7.77185;9.78315;64.5251;33.7359
-5.9167;-7.86528;9.84225;64.4979;33.6425
-5.89138;-7.96105;9.90387;64.4697;33.5467
-5.87969;-8.06413;9.98002;64.4261;33.4436
-5.8672;-8.1668;10.0559;64.3835;33.341
-5.85949;-8.27149;10.1366;64.336;33.2363
-5.84484;-8.36549;10.2051;64.3;33.1423
-5.83066;-8.45735;10.2725;64.2649;33.0504
-5.81733;-8.55758;10.3476;64.2248;32.9502
-5.8046;-8.65727;10.4231;64.1847;32.8505
-5.78801;-8.75903;10.4986;64.1469;32.7487
-5.7703;-8.85727;10.5711;64.1121;32.6505
-5.74831;-8.96151;10.6467;64.078;32.5462
-5.72374;-9.05896;10.7157;64.0497;32.4488
-5.70671;-9.1679;10.7989;64.0093;32.3399
-5.68833;-9.27448;10.8799;63.9714;32.2333
-5.66431;-9.37832;10.9562;63.9399;32.1294
-5.63635;-9.487;11.035;63.9096;32.0208
-5.61606;-9.57869;11.1037;63.8812;31.9291
-5.6134;-9.6753;11.1858;63.8353;31.8325
-5.61053;-9.76855;11.2651;63.7913;31.7392
-5.6203;-9.87048;11.3584;63.7322;31.6373
-5.62714;-9.97172;11.4499;63.6761;31.536
-5.63458;-10.0725;11.5414;63.6198;31.4353
-5.63784;-10.1682;11.6266;63.5697;31.3396
-5.6472;-10.2673;11.7179;63.5127;31.2405
-5.64779;-10.3646;11.8035;63.4644;31.1431
-5.65503;-10.4749;11.9039;63.4041;31.0329
-5.66554;-10.5775;11.9993;63.3447;30.9302
-5.67174;-10.6873;12.0991;63.2857;30.8204
-5.68599;-10.7997;12.2051;63.2186;30.708
-5.69343;-10.9019;12.299;63.1626;30.6059
-5.694;-11.0032;12.3892;63.113;30.5046
-5.69143;-11.101;12.4749;63.0681;30.4068
-5.68795;-11.2002;12.5617;63.0234;30.3076
-5.68091;-11.293;12.6414;62.985;30.2148
-5.6824;-11.3831;12.7226;62.9405;30.1247
-5.68349;-11.4765;12.8067;62.8949;30.0312
-5.68343;-11.5731;12.8933;62.8489;29.9347
-5.68308;-11.6708;12.9809;62.8027;29.837
-5.68249;-11.7655;13.0659;62.7583;29.7423
-5.68261;-11.8629;13.1537;62.7121;29.6449
-5.68377;-11.9618;13.2435;62.6644;29.546
-5.68878;-12.0681;13.3417;62.6099;29.4396
-5.68646;-12.1724;13.4352;62.5629;29.3353
-5.69767;-12.2717;13.5299;62.5066;29.2361
-5.71433;-12.3807;13.6358;62.4409;29.1271
-5.72889;-12.484;13.7358;62.3799;29.0237
-5.74512;-12.5798;13.8296;62.321;28.928
-5.76116;-12.6737;13.9217;62.2633;28.834
-5.77614;-12.7733;14.0186;62.2039;28.7345
-5.79276;-12.8726;14.1159;62.1434;28.6352
-5.80824;-12.9726;14.2135;62.0836;28.5351
-5.84378;-13.066;14.3133;62.0091;28.4417
-5.87769;-13.1583;14.4114;61.9367;28.3495
-5.90808;-13.2608;14.5174;61.8628;28.2469
-5.9347;-13.357;14.6161;61.7953;28.1508
-5.95649;-13.4554;14.7148;61.7311;28.0524
-5.97757;-13.5542;14.8138;61.6674;27.9535
-5.99562;-13.6698;14.9268;61.5991;27.838
-6.00559;-13.7723;15.0247;61.5439;27.7355
-6.00374;-13.8819;15.1246;61.4962;27.6258
-5.99934;-13.992;15.224;61.4507;27.5157
-5.99486;-14.0914;15.3136;61.4103;27.4163
-5.99433;-14.1955;15.4093;61.3644;27.3122
-6.00229;-14.3019;15.5104;61.31;27.2058
-6.0195;-14.4051;15.6122;61.2488;27.1027
-6.03976;-14.4979;15.7057;61.1896;27.0099
-6.06827;-14.5896;15.8013;61.1236;26.9181
-6.1022;-14.6777;15.8957;61.0544;26.83
-6.13732;-14.7618;15.9868;60.9859;26.746
-6.18071;-14.8344;16.0705;60.9151;26.6734
-6.21533;-14.9163;16.1594;60.8481;26.5914
-6.25018;-15.0045;16.2542;60.7783;26.5033
-6.28155;-15.1089;16.3627;60.7046;26.3988
-6.31576;-15.2011;16.461;60.6337;26.3066
-6.34716;-15.3022;16.5664;60.5616;26.2055
-6.36893;-15.3922;16.6578;60.5031;26.1156
-6.4017;-15.4902;16.7609;60.4313;26.0176
-6.44314;-15.5868;16.866;60.3523;25.9209
-6.48235;-15.6802;16.9673;60.2769;25.8276
-6.51489;-15.7759;17.0682;60.2065;25.7318
-6.5413;-15.8681;17.1635;60.1432;25.6396
-6.57028;-15.959;17.2586;60.0783;25.5488
-6.60443;-16.0385;17.3451;60.0136;25.4692
-6.62778;-16.1324;17.4408;59.9527;25.3753
-6.64912;-16.2169;17.5271;59.8976;25.2908
-6.67352;-16.3232;17.6347;59.8306;25.1845
-6.69512;-16.4267;17.7387;59.7676;25.081
-6.70947;-16.5417;17.8507;59.7064;24.966
-6.72204;-16.6486;17.9544;59.6503;24.8591
-6.73519;-16.7452;18.0489;59.5982;24.7626
-6.74945;-16.8327;18.1355;59.5489;24.675
-6.76832;-16.9235;18.2268;59.4941;24.5843
-6.78094;-17.0295;18.3299;59.4389;24.4783
-6.78135;-17.1281;18.4217;59.398;24.3796
-6.80734;-17.2256;18.5219;59.3343;24.2822
-6.82683;-17.323;18.6197;59.2767;24.1847
-6.85876;-17.4183;18.7201;59.2087;24.0894
-6.8955;-17.5088;18.8177;59.1384;23.9989
-6.92471;-17.5993;18.9126;59.075;23.9085
-6.9625;-17.6911;19.0119;59.0034;23.8166
-6.99823;-17.7804;19.1081;58.9347;23.7273
-7.04186;-17.8679;19.2054;58.8595;23.6399
-7.08961;-17.9558;19.3047;58.7805;23.552
-7.13182;-18.0607;19.4179;58.6999;23.447
-7.17515;-18.1523;19.5189;58.6236;23.3555
-7.22461;-18.2406;19.6192;58.5431;23.2672
-7.27487;-18.3241;19.7154;58.4638;23.1836
-7.31363;-18.4147;19.8139;58.3923;23.093
-7.36006;-18.5048;19.9147;58.3141;23.003
-7.41746;-18.5975;20.0221;58.2248;22.9102
-7.47292;-18.6857;20.1247;58.1391;22.822
-7.53494;-18.7707;20.2266;58.0488;22.737
-7.59145;-18.8547;20.3256;57.9639;22.653
-7.64597;-18.94;20.4251;57.8804;22.5678
-7.70442;-19.0383;20.5381;57.7883;22.4695
-7.75609;-19.1363;20.6484;57.7026;22.3714
-7.81703;-19.226;20.7544;57.6117;22.2818
-7.87769;-19.3097;20.8548;57.5234;22.198
-7.92339;-19.3802;20.9373;57.4541;22.1276
-7.97776;-19.452;21.0244;57.3763;22.0558
-8.03451;-19.5211;21.1098;57.2974;21.9867
-8.10776;-19.6047;21.2151;57.1977;21.9031
-8.18162;-19.6773;21.3105;57.1016;21.8304
-8.24739;-19.7461;21.3993;57.0146;21.7616
-8.31872;-19.7866;21.4642;56.9332;21.7211
-8.38814;-19.8496;21.5492;56.845;21.6581
-8.45929;-19.915;21.6371;56.7543;21.5928
-8.54206;-19.9812;21.7306;56.6525;21.5265
-8.62364;-20.0421;21.8186;56.554;21.4657
-8.68835;-20.1094;21.906;56.4686;21.3984
-8.75736;-20.1754;21.994;56.3797;21.3324
-8.82082;-20.2309;22.0703;56.3;21.2768
-8.87779;-20.3009;22.1572;56.2208;21.2069
-8.93137;-20.3779;22.2493;56.1421;21.1298
-8.98484;-20.469;22.3542;56.0583;21.0387
-9.04262;-20.5563;22.4573;55.9721;20.9515
-9.09409;-20.6287;22.5443;55.8973;20.8791
-9.14396;-20.702;22.6315;55.8236;20.8057
-9.19498;-20.7847;22.7278;55.7455;20.723
-9.24823;-20.8667;22.8243;55.6656;20.6411
-9.30257;-20.9368;22.9104;55.5892;20.571
-9.35971;-21.011;23.0014;55.5086;20.4968
-9.41817;-21.0802;23.0884;55.4288;20.4276
-9.47463;-21.1557;23.1804;55.3485;20.3521
-9.53968;-21.2304;23.2752;55.2606;20.2774
-9.61354;-21.3044;23.373;55.1647;20.2034
-9.70262;-21.3848;23.483;55.0524;20.123
-9.78646;-21.4563;23.5828;54.9482;20.0515
-9.86708;-21.5233;23.6773;54.8487;19.9844
-9.959;-21.5921;23.7782;54.7381;19.9156
-10.0448;-21.6563;23.8724;54.6348;19.8514
-10.1295;-21.7188;23.9648;54.5332;19.7889
-10.2373;-21.7753;24.0617;54.4123;19.7325
-10.3291;-21.8463;24.1651;54.301;19.6614
-10.4087;-21.9046;24.2519;54.2056;19.6032
-10.4883;-21.9703;24.3454;54.1077;19.5375
-10.5623;-22.0464;24.446;54.0112;19.4613
-10.6329;-22.1224;24.545;53.918;19.3854
-10.7048;-22.1956;24.6421;53.8246;19.3122
-10.7721;-22.2705;24.7389;53.7349;19.2373
-10.8468;-22.3496;24.8427;53.6368;19.1582
-10.9154;-22.4444;24.958;53.5389;19.0633
-10.9904;-22.538;25.0749;53.4355;18.9697
-11.0514;-22.6293;25.1837;53.3462;18.8785
-11.1043;-22.72;25.2884;53.2647;18.7878
-11.1499;-22.8047;25.3845;53.1921;18.7031
-11.1917;-22.8952;25.4842;53.1212;18.6126
-11.2295;-22.9879;25.5841;53.0534;18.5199
-11.2707;-23.0969;25.7001;52.9769;18.4108
-11.3084;-23.1994;25.8088;52.9059;18.3084
-11.3481;-23.304;25.9202;52.8325;18.2037
-11.3787;-23.4055;26.0249;52.7689;18.1022
-11.3945;-23.4864;26.1045;52.7264;18.0214
-11.4172;-23.5662;26.1863;52.6778;17.9415
-11.4376;-23.6559;26.2758;52.6282;17.8519
-11.4581;-23.7461;26.366;52.5783;17.7617
-11.4745;-23.8421;26.4596;52.5305;17.6656
-11.4851;-23.9512;26.5626;52.4839;17.5565
-11.4997;-24.051;26.6589;52.4369;17.4567
-11.5182;-24.149;26.7552;52.3869;17.3587
-11.5332;-24.2382;26.8422;52.3432;17.2695
-11.5494;-24.3315;26.9334;52.2973;17.1763
-11.567;-24.4164;27.0177;52.2527;17.0913
-11.5855;-24.4938;27.0956;52.21;17.0139
-11.6015;-24.5608;27.163;52.1731;16.947
-11.6308;-24.6586;27.2639;52.1137;16.8492
-11.646;-24.7607;27.3628;52.0664;16.747
-11.6599;-24.8527;27.4519;52.0237;16.6551
-11.6796;-24.9409;27.5402;51.9768;16.5668
-11.6902;-25.0478;27.6415;51.9328;16.4599
-11.7037;-25.1551;27.7444;51.8861;16.3527
-11.7182;-25.2576;27.8435;51.8401;16.2502
-11.7415;-25.3574;27.9438;51.7868;16.1504
-11.7667;-25.4498;28.0383;51.734;16.0579
-11.7818;-25.5439;28.13;51.6906;15.9639
-11.79;-25.631;28.2126;51.6559;15.8767
-11.7964;-25.7118;28.2887;51.6251;15.796
-11.8055;-25.8004;28.3731;51.5893;15.7073
-11.8116;-25.9169;28.4816;51.5481;15.5908
-11.8324;-26.0248;28.5884;51.4958;15.4829
-11.862;-26.1252;28.6921;51.4374;15.3825
-11.8976;-26.2257;28.7982;51.3735;15.2821
-11.9333;-26.3144;28.8938;51.3131;15.1934
-11.9726;-26.4095;28.9967;51.2475;15.0982
-12.0184;-26.4942;29.0927;51.1788;15.0135
-12.065;-26.5788;29.189;51.1094;14.9289
-12.1084;-26.6704;29.2904;51.0413;14.8373
-12.1425;-26.7605;29.3865;50.9825;14.7473
-12.175;-26.8572;29.488;50.9235;14.6505
-12.2046;-26.9477;29.5826;50.8691;14.5601
-12.2348;-27.037;29.6764;50.8147;14.4708
-12.2671;-27.1284;29.773;50.7577;14.3793
-12.3045;-27.2189;29.8709;50.6963;14.2889
-12.3445;-27.3024;29.9634;50.6345;14.2054
-12.3879;-27.3967;30.0672;50.5664;14.1111
-12.4232;-27.4882;30.1651;50.5071;14.0196
-12.4439;-27.5764;30.2541;50.4628;13.9313
-12.4655;-27.6628;30.3417;50.4182;13.8449
-12.5045;-27.7522;30.4392;50.3562;13.7556
-12.5421;-27.8434;30.5378;50.2951;13.6644
-12.5777;-27.9359;30.6368;50.2358;13.5718
-12.6106;-28.0283;30.7346;50.1792;13.4795
-12.6427;-28.1227;30.8339;50.123;13.385
-12.6737;-28.2253;30.9401;50.0659;13.2824
-12.703;-28.3246;31.0428;50.0113;13.1831
-12.7317;-28.4224;31.1436;49.958;13.0854
-12.7541;-28.523;31.2446;49.91;12.9848
-12.7741;-28.6235;31.3446;49.8647;12.8842
-12.7997;-28.7183;31.4415;49.8156;12.7895
-12.8272;-28.8082;31.5349;49.7659;12.6995
-12.8465;-28.9009;31.6274;49.7237;12.6069
-12.8687;-28.9957;31.7231;49.6782;12.5121
-12.8828;-29.1072;31.8307;49.6367;12.4006
-12.9053;-29.2002;31.9249;49.5917;12.3075
-12.9222;-29.2966;32.0199;49.5515;12.2112
-12.9381;-29.3892;32.1111;49.5133;12.1185
-12.9564;-29.4767;32.1986;49.4742;12.031
-12.9858;-29.5708;32.2965;49.4229;11.937
-13.0236;-29.676;32.408;49.3609;11.8317
-13.0517;-29.7839;32.5181;49.3079;11.7239
-13.07;-29.892;32.6244;49.2645;11.6158
-13.0857;-29.9941;32.7243;49.2252;11.5136

-13.1009;29.8962;32.6407;49.1849;11.404
-13.157;29.7977;32.5731;49.1076;11.3054
-13.2275;29.7136;32.5248;49.0196;11.2213
-13.2878;29.6428;32.4848;48.9448;11.1506
-13.3551;29.5707;32.4466;48.8629;11.0784
-13.4229;29.5028;32.4128;48.7814;11.0105
-13.4939;29.4336;32.3793;48.6967;10.9413
-13.5908;29.3548;32.3484;48.5846;10.8626
-13.677;29.2866;32.3228;48.4854;10.7944
-13.7606;29.2184;32.2966;48.3887;10.7262
-13.8422;29.1513;32.2708;48.2942;10.6591
-13.9224;29.0824;32.2431;48.2008;10.5901
-13.9976;29.0128;32.2129;48.1122;10.5205
-14.0565;28.9327;32.1666;48.0373;10.4405
-14.1182;28.8536;32.1225;47.9599;10.3613
-14.1664;28.7674;32.0663;47.8942;10.2751
-14.2039;28.6863;32.0102;47.8403;10.194
-14.2274;28.6149;31.9567;47.8022;10.1226
-14.2566;28.5313;31.8949;47.756;10.0391
-14.3031;28.439;31.8333;47.6912;9.94678
-14.3494;28.3488;31.7736;47.6271;9.85652
-14.39;28.2597;31.7125;47.5691;9.76743
-14.4179;28.1663;31.642;47.5227;9.67408
-14.4506;28.0728;31.5738;47.4717;9.58059
-14.4859;27.9783;31.506;47.4181;9.48604
-14.532;27.8852;31.4446;47.3544;9.393
-14.5801;27.7858;31.3788;47.2877;9.29352
-14.6192;27.6834;31.3064;47.2292;9.19111
-14.6508;27.586;31.2351;47.1794;9.09376
-14.6709;27.4901;31.1599;47.1413;8.99785
-14.6815;27.393;31.0793;47.1124;8.90072
-14.6779;27.2917;30.9883;47.0969;8.79944
-14.686;27.1947;30.9068;47.071;8.70242
-14.7056;27.099;30.832;47.034;8.60671
-14.7118;27.0076;30.7547;47.0114;8.5154
-14.7237;26.9153;30.6793;46.983;8.42303
-14.7416;26.829;30.6123;46.95;8.33675
-14.7626;26.7361;30.541;46.9129;8.24384
-14.7863;26.6407;30.4691;46.8729;8.1485
-14.8359;26.5337;30.3997;46.8056;8.04149
-14.8799;26.4286;30.3296;46.7443;7.93635
-14.915;26.3313;30.2621;46.6932;7.83904
-14.9479;26.2374;30.1967;46.6451;7.74512
-14.9873;26.1278;30.1211;46.5882;7.63553
-15.0216;26.0066;30.0332;46.5346;7.51434
-15.0548;25.8983;29.9561;46.4845;7.40606
-15.08;25.7892;29.8745;46.4423;7.29691
-15.106;25.6842;29.7971;46.4003;7.19195
-15.1194;25.5836;29.7173;46.3715;7.09132
-15.1239;25.4862;29.6357;46.3523;6.9939
-15.1295;25.3794;29.5468;46.3308;6.88714
-15.1367;25.2757;29.4615;46.3084;6.78342
-15.1457;25.1744;29.3793;46.2847;6.6822
-15.1547;25.0631;29.2886;46.2599;6.57082
-15.1711;24.9423;29.1938;46.2266;6.45001
-15.1662;24.824;29.0903;46.2151;6.33178
-15.1777;24.7139;29.0024;46.1887;6.22161
-15.2006;24.6077;28.924;46.1519;6.11545
-15.2201;24.5073;28.8489;46.1194;6.01509
-15.2446;24.4123;28.7812;46.0827;5.92004
-15.2715;24.3169;28.7146;46.0439;5.82464
-15.2941;24.2208;28.6453;46.0094;5.72853
-15.333;24.1092;28.5719;45.957;5.61695
-15.3515;24.0003;28.49;45.9255;5.50801
-15.3826;23.8984;28.4211;45.8825;5.40617
-15.4267;23.8056;28.3671;45.8279;5.31339
-15.4662;23.7142;28.312;45.7782;5.22199
-15.512;23.6243;28.2618;45.7225;5.13209
-15.5757;23.5301;28.2183;45.6486;5.03789
-15.6343;23.4444;28.1793;45.581;4.9522
-15.6834;23.3599;28.1363;45.5231;4.86761
-15.7344;23.2772;28.0962;45.4637;4.78496
-15.788;23.1932;28.0568;45.4015;4.70093
-15.8449;23.1119;28.0218;45.3365;4.61963
-15.9002;23.0345;27.9894;45.2737;4.54226
-15.97;22.957;27.9654;45.1966;4.46475
-16.0476;22.9008;27.9637;45.1139;4.40856
-16.1238;22.8511;27.9669;45.0331;4.35882
-16.2159;22.8136;27.9896;44.9378;4.32138
-16.3078;22.783;28.018;44.8435;4.29079
-16.4185;22.7586;28.0628;44.7309;4.26639
-16.5291;22.7493;28.1201;44.6199;4.25704
-16.6193;22.7505;28.1742;44.5302;4.25821
-16.7017;22.7762;28.2436;44.4507;4.28395
-16.7818;22.8089;28.3174;44.3742;4.31666
-16.8721;22.842;28.3976;44.2876;4.34971
-16.9633;22.8745;28.478;44.2;4.38224
-17.0532;22.9144;28.5637;44.1145;4.42219
-17.1426;22.9677;28.6598;44.0309;4.47547
-17.2368;23.0352;28.7702;43.9441;4.54293
-17.3321;23.0954;28.8756;43.8556;4.60314
-17.4121;23.163;28.9777;43.7833;4.67078
-17.4923;23.2258;29.0761;43.7103;4.73353
-17.5768;23.2869;29.1757;43.633;4.79464
-17.6523;23.3519;29.2731;43.5651;4.85964
-17.7399;23.4106;29.3728;43.4846;4.91835
-17.8243;23.4619;29.4647;43.4066;4.96968
-17.9034;23.5195;29.5584;43.3347;5.0273
-17.9815;23.5815;29.655;43.2644;5.08923
-18.0647;23.6432;29.7546;43.1891;5.15098
-18.1383;23.7052;29.8485;43.1234;5.21292
-18.2228;23.7635;29.9462;43.0466;5.27125
-18.3137;23.8073;30.0363;42.9618;5.31505
-18.3959;23.8658;30.1327;42.8876;5.37351
-18.4737;23.9372;30.2369;42.8194;5.44496
-18.5416;24.0123;30.3378;42.7617;5.52005
-18.6071;24.0722;30.4252;42.7046;5.57995
-18.6724;24.1439;30.5219;42.6492;5.65165
-18.75;24.2094;30.6212;42.5811;5.71718
-18.8153;24.2826;30.7191;42.5262;5.79035
-18.8779;24.361;30.8194;42.475;5.86872
-18.9414;24.441;30.9215;42.4232;5.94879
-19.0037;24.5209;31.0228;42.3729;6.02867
-19.0626;24.6009;31.1221;42.326;6.10863
-19.1208;24.6818;31.2217;42.2802;6.18958
-19.1704;24.7695;31.3214;42.2441;6.27726
-19.2281;24.8545;31.424;42.1998;6.36229
-19.2858;24.9378;31.5252;42.1553;6.44558
-19.3335;25.0247;31.6231;42.1216;6.53241
-19.3887;25.1205;31.7326;42.0821;6.62822
-19.4452;25.2329;31.8562;42.0441;6.74061
-19.505;25.3218;31.9631;41.9995;6.82956
-19.5616;25.4032;32.0621;41.957;6.91092
-19.5987;25.4812;32.1466;41.9333;6.98899
-19.6445;25.5621;32.2385;41.9018;7.06982
-19.6996;25.6521;32.3435;41.8627;7.15981
-19.7557;25.7398;32.4473;41.8226;7.24758
-19.8104;25.8266;32.5494;41.7839;7.3343
-19.8697;25.9094;32.6512;41.7401;7.41714
-19.9157;25.9986;32.75;41.7108;7.50632
-19.9654;26.0838;32.8478;41.6773;7.59152
-20.016;26.1724;32.949;41.6438;7.68019
-20.0686;26.2489;33.0417;41.6063;7.75661
-20.1042;26.3483;33.1423;41.59;7.85603
-20.1495;26.4332;33.2372;41.5617;7.94093
-20.2009;26.5189;33.3366;41.5277;8.02663
-20.2441;26.6091;33.4345;41.5029;8.11686
-20.2834;26.7014;33.5318;41.4825;8.20916
-20.3307;26.8088;33.6459;41.4576;8.31658
-20.3706;26.896;33.7395;41.4361;8.40378
-20.4076;26.989;33.836;41.4187;8.49674
-20.4442;27.0841;33.9339;41.4026;8.5918
-20.477;27.1796;34.03;41.3904;8.68735
-20.4873;27.2698;34.1082;41.3994;8.77753
-20.5235;27.3614;34.2032;41.3836;8.86919
-20.5634;27.4477;34.2962;41.3632;8.95544
-20.5997;27.5518;34.4013;41.3505;9.05953
-20.6315;27.6526;34.5011;41.3416;9.16032
-20.6635;27.7486;34.5971;41.3318;9.2563
-20.6925;27.8455;34.6923;41.3254;9.35329
-20.7218;27.9417;34.787;41.3187;9.44946
-20.7499;28.0401;34.8828;41.314;9.54789
-20.7835;28.1298;34.9749;41.3022;9.63759
-20.8149;28.2262;35.071;41.2943;9.73398
-20.8582;28.3082;35.1627;41.2716;9.81594
-20.8953;28.3981;35.2571;41.2571;9.90585
-20.9228;28.4945;35.3511;41.2536;10.0023
-20.9582;28.5902;35.4492;41.2426;10.0979
-20.9918;28.6862;35.5465;41.2337;10.194
-21.0189;28.7888;35.6453;41.2329;10.2965
-21.0458;28.8877;35.7411;41.2317;10.3954
-21.0729;28.9902;35.84;41.2314;10.498
-21.1031;29.0929;35.9407;41.2285;10.6006
-21.1322;29.2005;36.045;41.2282;10.7083
-21.1677;29.3015;36.1477;41.2203;10.8093
-21.2024;29.3981;36.2463;41.2123;10.9059
-21.2243;29.4967;36.3391;41.2173;11.0045
-21.2535;29.6002;36.4401;41.217;11.1079
-21.2884;29.6977;36.5397;41.2098;11.2055
-21.3164;29.794;36.6343;41.2092;11.3018
-21.3509;29.8903;36.7327;41.2025;11.3981
-21.3869;29.9904;36.8351;41.1958;11.4982

-21.4225;-29.9155;36.7948;41.188;11.5923
-21.4704;-29.8199;36.7452;41.169;11.6878
-21.5051;-29.7227;36.6866;41.1635;11.7851
-21.5356;-29.6338;36.6325;41.1598;11.874
-21.569;-29.5468;36.5819;41.1531;11.9609
-21.5927;-29.4542;36.5211;41.1574;12.0536
-21.6125;-29.3609;36.4576;41.1659;12.1469
-21.6403;-29.2667;36.3984;41.1672;12.241
-21.6649;-29.1687;36.3343;41.1731;12.3391
-21.6905;-29.0713;36.2715;41.1779;12.4364
-21.709;-28.9603;36.1936;41.194;12.5475
-21.7352;-28.8589;36.1283;41.2;12.6488
-21.756;-28.7644;36.0654;41.2093;12.7433
-21.7735;-28.6786;36.0076;41.2193;12.8291
-21.7842;-28.591;35.9443;41.2365;12.9168
-21.8064;-28.5023;35.8873;41.2433;13.0055
-21.8245;-28.4041;35.8204;41.2572;13.1036
-21.8452;-28.3055;35.7549;41.2691;13.2022
-21.8621;-28.2099;35.6896;41.2837;13.2979
-21.8794;-28.1137;35.6242;41.2985;13.394
-21.909;-28.0334;35.5792;41.2966;13.4743
-21.9224;-27.9485;35.5206;41.3117;13.5593
-21.9389;-27.8623;35.463;41.3245;13.6455
-21.9557;-27.7688;35.4;41.3396;13.7389
-21.9724;-27.6665;35.3302;41.358;13.8413
-21.9939;-27.5884;35.2825;41.3639;13.9193
-22.0158;-27.5014;35.2282;41.3727;14.0064
-22.0236;-27.4149;35.1656;41.3947;14.0928
-22.0272;-27.327;35.0993;41.4214;14.1807
-22.0382;-27.2371;35.0363;41.4419;14.2707
-22.0489;-27.1427;34.9697;41.4645;14.3651
-22.0605;-27.0439;34.9004;41.4879;14.4638
-22.0728;-26.9471;34.8333;41.5102;14.5606
-22.078;-26.853;34.7638;41.5384;14.6547
-22.0854;-26.7571;34.6945;41.5655;14.7506
-22.1016;-26.6607;34.6305;41.5847;14.847
-22.1117;-26.563;34.5618;41.6102;14.9448
-22.1244;-26.4564;34.4881;41.6368;15.0514
-22.1348;-26.3458;34.41;41.6672;15.1619
-22.137;-26.2405;34.331;41.7035;15.2672
-22.1271;-26.1473;34.2533;41.747;15.3605
-22.1247;-26.0496;34.1772;41.7853;15.4582
-22.1193;-25.9518;34.0993;41.8266;15.5559
-22.1136;-25.8517;34.0194;41.8692;15.6561
-22.1123;-25.7594;33.9485;41.905;15.7484
-22.0999;-25.6743;33.8758;41.9485;15.8335
-22.0908;-25.5674;33.7889;41.9975;15.9404
-22.0772;-25.4581;33.6974;42.0516;16.0496
-22.0495;-25.3657;33.6095;42.1125;16.142
-22.0333;-25.2648;33.5228;42.1662;16.2429
-22.0111;-25.1682;33.4354;42.224;16.3395
-21.9841;-25.0725;33.3457;42.286;16.4352
-21.9716;-24.9769;33.2655;42.3348;16.5308
-21.9354;-24.883;33.1711;42.4049;16.6248
-21.8929;-24.7818;33.0671;42.4837;16.7259
-21.8535;-24.6831;32.9671;42.5588;16.8247
-21.8189;-24.5869;32.8722;42.6287;16.9208
-21.7824;-24.495;32.7793;42.6987;17.0127
-21.7353;-24.4004;32.6772;42.7797;17.1074
-21.6986;-24.3024;32.5797;42.8526;17.2054
-21.6657;-24.2097;32.4886;42.92;17.2981
-21.6279;-24.1175;32.3948;42.9918;17.3902
-21.5886;-24.0221;32.2976;43.0663;17.4856
-21.5509;-23.9341;32.2069;43.1366;17.5736
-21.5104;-23.8261;32.0995;43.2177;17.6817
-21.465;-23.7293;31.9972;43.2988;17.7785
-21.4235;-23.6357;31.9;43.3751;17.8721
-21.3856;-23.543;31.8059;43.4479;17.9647
-21.3491;-23.4463;31.7098;43.5212;18.0614
-21.3061;-23.3566;31.6146;43.5975;18.1512
-21.2881;-23.2554;31.5277;43.6562;18.2524
-21.2598;-23.1588;31.4374;43.7223;18.3489
-21.23;-23.0602;31.3446;43.7908;18.4476
-21.1989;-22.962;31.2513;43.8604;18.5457
-21.1623;-22.8629;31.1537;43.9356;18.6449
-21.1333;-22.767;31.0637;44.0025;18.7407
-21.1012;-22.6689;30.97;44.0735;18.8389
-21.0757;-22.5774;30.8857;44.1356;18.9303
-21.061;-22.5077;30.8247;44.1789;19
-21.0386;-22.4266;30.7502;44.2341;19.0812
-21.0157;-22.3305;30.6645;44.2962;19.1773
-21.0047;-22.2316;30.5851;44.349;19.2761
-20.9964;-22.1308;30.5061;44.4004;19.377
-20.9963;-22.0287;30.4321;44.4451;19.479
-21.0048;-21.9232;30.3616;44.4839;19.5846
-21.005;-21.82;30.2873;44.5292;19.6877
-21.0018;-21.7196;30.2128;44.5766;19.7882
-21.002;-21.6192;30.141;44.621;19.8885
-21.0088;-21.5337;30.0844;44.6531;19.974
-21.0146;-21.4376;30.0197;44.6911;20.0701
-21.0182;-21.3334;29.9479;44.7347;20.1743
-21.0236;-21.232;29.8796;44.7757;20.2757
-21.0342;-21.1363;29.8191;44.8097;20.3714
-21.0574;-21.0285;29.7592;44.8382;20.4793
-21.0692;-20.923;29.6932;44.876;20.5847
-21.0808;-20.8223;29.6305;44.912;20.6855
-21.0974;-20.7223;29.5722;44.9433;20.7855
-21.1114;-20.6219;29.5119;44.9775;20.8859
-21.1178;-20.5222;29.4469;45.0182;20.9856
-21.1276;-20.4226;29.3847;45.0561;21.0852
-21.1436;-20.3282;29.3307;45.0862;21.1796
-21.158;-20.2296;29.2729;45.1199;21.2781
-21.1721;-20.1265;29.2119;45.1562;21.3813
-21.1924;-20.0202;29.1534;45.1888;21.4876
-21.219;-19.9286;29.11;45.209;21.5791
-21.2287;-19.8445;29.0596;45.2407;21.6633
-21.2483;-19.7519;29.0108;45.2679;21.7559
-21.2727;-19.6565;28.9638;45.2925;21.8513
-21.2877;-19.5542;28.9056;45.3288;21.9535
-21.3002;-19.4682;28.8567;45.3596;22.0396
-21.3398;-19.3783;28.8254;45.3688;22.1295
-21.3838;-19.2723;28.7869;45.3822;22.2354
-21.4124;-19.1726;28.7417;45.4062;22.3351
-21.4513;-19.0696;28.7021;45.4232;22.4381
-21.4836;-18.9683;28.659;45.4452;22.5394
-21.5173;-18.8704;28.6197;45.4646;22.6373
-21.5551;-18.7783;28.5875;45.4778;22.7294
-21.5802;-18.6831;28.544;45.5038;22.8247
-21.6104;-18.5966;28.5104;45.5211;22.9112
-21.6493;-18.5058;28.4808;45.5333;23.002
-21.6945;-18.4129;28.455;45.5413;23.0948
-21.7218;-18.3052;28.4063;45.5726;23.2026
-21.7519;-18.2124;28.3697;45.5939;23.2953
-21.779;-18.114;28.3274;45.6211;23.3938
-21.805;-18.0125;28.2827;45.6509;23.4952
-21.8344;-17.9154;28.2436;45.6758;23.5924
-21.8605;-17.8187;28.2027;45.7034;23.689
-21.8804;-17.7193;28.1554;45.7381;23.7885
-21.9076;-17.6249;28.1173;45.764;23.8828
-21.921;-17.5386;28.0737;45.7977;23.9691
-21.9414;-17.4422;28.0296;45.8309;24.0656
-21.965;-17.3401;27.9847;45.8645;24.1676
-21.9841;-17.2371;27.9359;45.9027;24.2707
-22.0015;-17.1368;27.8879;45.9411;24.371
-22.0147;-17.0359;27.8365;45.9835;24.4718
-22.0244;-16.9383;27.7845;46.0273;24.5695
-22.0272;-16.8486;27.7322;46.0729;24.6591
-22.0271;-16.7602;27.6785;46.1203;24.7475
-22.0341;-16.664;27.6259;46.1661;24.8437
-22.039;-16.5662;27.5709;46.2147;24.9416
-22.0348;-16.4577;27.5025;46.2769;25.0501
-22.0443;-16.3425;27.4413;46.3314;25.1653
-22.0512;-16.2388;27.3853;46.3819;25.2689
-22.048;-16.1356;27.3216;46.441;25.3722
-22.0504;-16.0375;27.2657;46.4926;25.4703
-22.0466;-15.9425;27.2069;46.5479;25.5652
-22.0327;-15.8451;27.1386;46.6131;25.6627
-22.0232;-15.7627;27.0829;46.6664;25.745
-22.0133;-15.6719;27.0221;46.7248;25.8359
-21.9885;-15.5707;26.9433;46.8015;25.937
-21.9739;-15.4697;26.8731;46.8696;26.0381
-21.9629;-15.3662;26.8046;46.9364;26.1415
-21.9654;-15.2718;26.7527;46.987;26.236
-21.9533;-15.1732;26.6865;47.0522;26.3346
-21.9391;-15.0763;26.6199;47.1181;26.4314
-21.9212;-14.9791;26.5502;47.1876;26.5287
-21.9117;-14.8801;26.4866;47.2511;26.6277
-21.8967;-14.7652;26.4098;47.3284;26.7425
-21.8794;-14.6613;26.3375;47.4014;26.8465
-21.8642;-14.5626;26.27;47.4699;26.9451
-21.835;-14.459;26.1884;47.5527;27.0487
-21.8209;-14.3507;26.1169;47.626;27.1571
-21.8145;-14.2298;26.0453;47.7004;27.278
-21.8059;-14.1194;25.978;47.7706;27.3884
-21.7993;-14.0156;25.9161;47.8356;27.4921
-21.7966;-13.9135;25.8588;47.8966;27.5943
-21.7963;-13.8181;25.8074;47.9518;27.6896
-21.8051;-13.72;25.7624;48.0014;27.7878
-21.8129;-13.6158;25.7137;48.0554;27.892
-21.8235;-13.52;25.6721;48.1024;27.9877
-21.8308;-13.4322;25.6322;48.1476;28.0755
-21.8353;-13.3339;25.5846;48.2014;28.1739
-21.8537;-13.2285;25.5456;48.2482;28.2793
-21.8806;-13.1164;25.5108;48.2922;28.3913
-21.8975;-13.0007;25.466;48.3466;28.5071
-21.9213;-12.8934;25.4319;48.3908;28.6144
-21.9555;-12.7889;25.4087;48.4251;28.7189
-21.9837;-12.6939;25.3854;48.4589;28.8138
-22.0153;-12.5895;25.3608;48.4956;28.9182
-22.0541;-12.4827;25.3417;48.5283;29.025
-22.0927;-12.3827;25.3263;48.5573;29.1251
-22.1332;-12.2884;25.3157;48.5815;29.2193
-22.1794;-12.1977;25.3122;48.5993;29.31
-22.229;-12.1019;25.3097;48.6176;29.4059
-22.2755;-12.0053;25.3047;48.6391;29.5025
-22.3236;-11.916;25.3048;48.6552;29.5917
-22.3691;-11.8269;25.3032;48.6733;29.6808
-22.4147;-11.7388;25.3026;48.691;29.769
-22.459;-11.6476;25.2997;48.7118;29.8601
-22.5;-11.5627;25.2972;48.7315;29.945
-22.5427;-11.4856;25.3001;48.7453;30.0221
-22.5876;-11.403;25.3027;48.7609;30.1048
-22.6209;-11.3125;25.2919;48.7906;30.1952
-22.6764;-11.2298;25.3047;48.7983;30.278
-22.7322;-11.1305;25.3108;48.8164;30.3773
-22.7809;-11.0353;25.313;48.8375;30.4724
-22.8301;-10.9339;25.3133;48.8625;30.5739
-22.8845;-10.8515;25.327;48.8717;30.6562
-22.9221;-10.7617;25.3227;48.8988;30.746
-22.96;-10.6601;25.314;48.9334;30.8477
-22.995;-10.5569;25.3026;48.9714;30.9508
-23.0345;-10.4577;25.2973;49.0036;31.0501
-23.0692;-10.3663;25.2913;49.0347;31.1414
-23.102;-10.2683;25.2812;49.0717;31.2394
-23.1248;-10.1682;25.2617;49.1179;31.3395
-23.1442;-10.0755;25.2422;49.1622;31.4322
-23.164;-9.9829;25.2236;49.2063;31.5248
-23.1841;-9.89195;25.2062;49.2492;31.6158
-23.1962;-9.79686;25.1802;49.301;31.7109
-23.2117;-9.69854;25.1564;49.3525;31.8092
-23.2221;-9.59894;25.1278;49.4088;31.9088
-23.2376;-9.49786;25.1036;49.4623;32.0099
-23.2251;-9.39682;25.0541;49.5373;32.1109
-23.2223;-9.28373;25.0092;49.6128;32.224
-23.2378;-9.17155;24.9823;49.6739;32.3362
-23.2462;-9.06719;24.9519;49.7356;32.4406
-23.2555;-8.96908;24.9252;49.7926;32.5387
-23.256;-8.85274;24.884;49.8683;32.655
-23.2481;-8.74662;24.839;49.9438;32.7611
-23.2615;-8.65713;24.8202;49.9925;32.8506
-23.2671;-8.56834;24.7947;50.0466;32.9394
-23.2592;-8.47254;24.7542;50.1157;33.0352
-23.2523;-8.37642;24.7151;50.1843;33.1313
-23.2373;-8.28063;24.6686;50.2588;33.2271
-23.2163;-8.18597;24.6172;50.3372;33.3218
-23.2026;-8.08807;24.5719;50.4123;33.4197
-23.1869;-7.98258;24.5225;50.4941;33.5252
-23.1734;-7.87644;24.4754;50.5747;33.6313
-23.1596;-7.77516;24.4299;50.6524;33.7326
-23.1478;-7.66302;24.3832;50.7359;33.8447
-23.1287;-7.54144;24.3272;50.8313;33.9663
-23.1094;-7.43178;24.275;50.919;34.076
-23.0975;-7.31917;24.2294;51.0032;34.1886
-23.0869;-7.2127;24.1874;51.0825;34.295
-23.0658;-7.11431;24.138;51.1643;34.3934
-23.0447;-7.0173;24.0894;51.2451;34.4904
-23.0242;-6.92329;24.0426;51.3236;34.5845
-23.0105;-6.82821;24.0023;51.3978;34.6795
-22.9989;-6.73966;23.9661;51.4661;34.7681
-22.9797;-6.64781;23.922;51.5424;34.8599
-22.9564;-6.55006;23.8726;51.6257;34.9577
-22.9401;-6.4509;23.8298;51.7049;35.0568
-22.9529;-6.33817;23.8119;51.772;35.1696
-22.9302;-6.21391;23.7572;51.8731;35.2938
-22.9106;-6.10334;23.7096;51.9627;35.4044
-22.891;-5.9931;23.6625;52.0522;35.5146
-22.8687;-5.88068;23.6127;52.1453;35.6271
-22.8528;-5.77366;23.5708;52.2301;35.7341
-22.8243;-5.66423;23.5166;52.3257;35.8435
-22.8007;-5.56757;23.4706;52.4092;35.9402
-22.7607;-5.47091;23.409;52.5046;36.0368
-22.7145;-5.37331;23.3414;52.6052;36.1344
-22.6678;-5.28221;23.2751;52.7018;36.2255
-22.6099;-5.19428;23.1989;52.8042;36.3135
-22.5557;-5.11381;23.1282;52.8989;36.3939
-22.4961;-5.02966;23.0515;53.0001;36.4781
-22.4289;-4.95138;22.9689;53.1027;36.5564
-22.3663;-4.87454;22.8914;53.201;36.6332
-22.2986;-4.79798;22.809;53.3028;36.7098
-22.2305;-4.72271;22.7266;53.404;36.785
-22.1696;-4.65139;22.6523;53.4973;36.8564
-22.0996;-4.58145;22.5695;53.5962;36.9263
-22.0294;-4.5136;22.4871;53.6938;36.9942
-21.9487;-4.44683;22.3946;53.7984;37.0609
-21.8736;-4.36867;22.3056;53.9067;37.1391
-21.7963;-4.28725;22.214;54.0187;37.2205
-21.7232;-4.21265;22.1279;54.1231;37.2951
-21.6495;-4.14657;22.0431;54.222;37.3612
-21.5811;-4.07885;21.9632;54.3183;37.4289
-21.5109;-4.00157;21.8799;54.4224;37.5062
-21.4416;-3.92565;21.798;54.5249;37.5821
-21.3801;-3.85106;21.7242;54.6209;37.6567
-21.3152;-3.77846;21.6475;54.718;37.7293
-21.2523;-3.69407;21.571;54.8217;37.8137
-21.191;-3.61631;21.4973;54.9198;37.8914
-21.1331;-3.54159;21.4278;55.0132;37.9662
-21.0678;-3.46994;21.3517;55.1099;38.0378
-21.006;-3.3967;21.2788;55.2052;38.1111
-20.9567;-3.33203;21.2199;55.2855;38.1757
-20.8997;-3.25384;21.1515;55.3808;38.2539
-20.8365;-3.17845;21.0775;55.4785;38.3293
-20.7766;-3.10425;21.0073;55.5731;38.4035
-20.7095;-3.02778;20.9297;55.6744;38.48
-20.6571;-2.94962;20.8667;55.7663;38.5581
-20.5972;-2.87147;20.7963;55.8637;38.6363
-20.5444;-2.78852;20.7328;55.9592;38.7192
-20.492;-2.70862;20.6702;56.0523;38.7991
-20.4317;-2.62661;20.5998;56.1526;38.8811
-20.3732;-2.54749;20.5319;56.2495;38.9603
-20.3114;-2.46864;20.4609;56.3487;39.0391
-20.2468;-2.38244;20.3865;56.4551;39.1253
-20.1942;-2.29827;20.3245;56.5513;39.2095
-20.1388;-2.21776;20.2605;56.6471;39.29
-20.075;-2.14266;20.189;56.7451;39.3651
-20.034;-2.05705;20.1393;56.8341;39.4507
-19.9903;-1.97591;20.0877;56.9219;39.5318
-19.9499;-1.89436;20.0396;57.0076;39.6134
-19.9069;-1.80336;19.9885;57.1017;39.7044
-19.8592;-1.71173;19.9328;57.1997;39.796
-19.8194;-1.62511;19.8859;57.2886;39.8826
-19.7717;-1.54232;19.8317;57.3805;39.9654
-19.729;-1.45748;19.7828;57.4702;40.0503
-19.6875;-1.36431;19.7347;57.5649;40.1434
-19.644;-1.28831;19.6862;57.6491;40.2194
-19.5975;-1.20545;19.6346;57.7402;40.3023
-19.5499;-1.12223;19.5821;57.8324;40.3855
-19.516;-1.03707;19.5435;57.9161;40.4707
-19.4771;-0.946832;19.5001;58.007;40.5609
-19.445;-0.84672;19.4634;58.1;40.661
-19.3797;-0.762131;19.3947;58.2058;40.7456
-19.3253;-0.659942;19.3366;58.3162;40.8478
-19.2489;-0.573592;19.2575;58.4312;40.9342
-19.1705;-0.492098;19.1768;58.5443;41.0157
-19.1005;-0.417112;19.1051;58.6468;41.0906
-19.035;-0.338946;19.038;58.7483;41.1688
-18.9696;-0.260932;18.9714;58.8496;41.2468
-18.8999;-0.189641;18.9008;58.9493;41.3181
-18.8401;-0.135348;18.8406;59.03;41.3724
-18.7595;-0.0682871;18.7596;59.1345;41.4395
-18.6872;0.000837368;18.6872;59.2345;41.5086
-18.6219;0.067828;18.622;59.328;41.5756
-18.5511;0.130047;18.5515;59.4222;41.6378
-18.4784;0.196829;18.4794;59.5208;41.7046
-18.406;0.260395;18.4079;59.617;41.7681
-18.3314;0.342163;18.3346;59.7275;41.8499
-18.2479;0.411139;18.2525;59.8354;41.9189
-18.1597;0.474395;18.1659;59.9427;41.9821
-18.0677;0.53246;18.0756;60.049;42.0402
-17.9782;0.597336;17.9881;60.1584;42.1051
-17.8897;0.646797;17.9014;60.2562;42.1545
-17.8082;0.710931;17.8224;60.3593;42.2187
-17.7284;0.764762;17.7449;60.454;42.2725
-17.6482;0.811467;17.6668;60.544;42.3192
-17.5524;0.857339;17.5734;60.6445;42.3651
