#1 AntPos X	#2 AntVel X	#3 AntPos Y	#4 AntVel Y	#5 AntAngle	
-2.67503;1.6871;15.3027;-0.828521;-0.456496;
-2.58467;1.80726;15.2655;-0.74285;-0.389984;
-2.48825;1.92828;15.2234;-0.842572;-0.411952;
-2.39566;1.8518;15.1829;-0.810384;-0.412512;
-2.31443;1.62469;15.1497;-0.664356;-0.388165;
-2.21825;1.92359;15.1081;-0.832228;-0.408327;
-2.11914;1.98208;15.0625;-0.910948;-0.430802;
-2.02544;1.8741;15.0157;-0.935925;-0.463168;
-1.93792;1.75036;14.9749;-0.816172;-0.436316;
-1.85213;1.71578;14.9389;-0.719391;-0.397014;
-1.76949;1.65291;14.8979;-0.821007;-0.461008;
-1.68226;1.74454;14.8554;-0.850533;-0.453629;
-1.59265;1.79217;14.8124;-0.8581;-0.446549;
-1.50766;1.69983;14.7593;-1.06214;-0.558492;
-1.42934;1.56641;14.7067;-1.0532;-0.591937;
-1.36145;1.35773;14.6557;-1.02001;-0.644308;
-1.28266;1.57592;14.6015;-1.08411;-0.602575;
-1.20437;1.56578;14.5433;-1.1632;-0.638935;
-1.12222;1.64294;14.4764;-1.33772;-0.683353;
-1.0475;1.49439;14.4078;-1.37247;-0.742895;
-0.976194;1.42613;14.345;-1.25655;-0.722268;
-0.898725;1.54939;14.2804;-1.29094;-0.694654;
-0.839745;1.17959;14.2022;-1.56426;-0.924684;
-0.785033;1.09424;14.1189;-1.66662;-0.989821;
-0.737405;0.952548;14.0231;-1.91639;-1.10951;
-0.698629;0.775537;13.9347;-1.76734;-1.15728;
-0.651176;0.949054;13.8494;-1.70594;-1.06311;
-0.60232;0.977125;13.7639;-1.71062;-1.05181;
-0.552177;1.00286;13.6784;-1.70979;-1.04033;
-0.494482;1.15389;13.5888;-1.79217;-0.998756;
-0.436306;1.16353;13.4992;-1.79056;-0.994554;
-0.383635;1.05341;13.4155;-1.67434;-1.00922;
-0.329152;1.08967;13.3295;-1.72025;-1.00615;
-0.279021;1.00261;13.249;-1.6109;-1.01407;
-0.23203;0.939815;13.1669;-1.6422;-1.051;
-0.179584;1.04894;13.0702;-1.93386;-1.0738;
-0.130811;0.975457;12.9713;-1.9776;-1.11256;
-0.0835109;0.945994;12.8766;-1.893;-1.10736;
-0.0370338;0.929542;12.7765;-2.00253;-1.13621;
0.00676838;0.876044;12.682;-1.88961;-1.13668;
0.0505644;0.875921;12.5894;-1.8536;-1.12935;
0.0959126;0.906963;12.5004;-1.77945;-1.09943;
0.143631;0.954369;12.4073;-1.8619;-1.09714;
0.189361;0.914602;12.317;-1.80619;-1.10207;
0.231126;0.835292;12.2341;-1.65849;-1.10424;
0.27197;0.816889;12.1414;-1.85204;-1.15539;
0.310714;0.774877;12.0502;-1.82494;-1.16926;
0.348862;0.762963;11.9573;-1.85778;-1.18111;
0.384725;0.717261;11.8618;-1.91119;-1.21177;
0.432678;0.959059;11.7559;-2.11624;-1.14529;
0.473988;0.826205;11.6605;-1.90887;-1.16232;
0.509386;0.707956;11.5559;-2.09278;-1.2446;
0.543807;0.688426;11.4592;-1.93308;-1.22867;
0.577006;0.663975;11.3625;-1.93361;-1.24003;
0.617516;0.810199;11.2662;-1.92592;-1.17259;
0.647341;0.596502;11.1761;-1.80288;-1.25127;
0.672101;0.495184;11.071;-2.10204;-1.33944;
0.698011;0.518204;10.9713;-1.99307;-1.31643;
0.733013;0.700051;10.8716;-1.99504;-1.23332;
0.774925;0.838243;10.7727;-1.97678;-1.16974;
0.812304;0.74758;10.6782;-1.89042;-1.19421;
0.849124;0.736386;10.5859;-1.84641;-1.19131;
0.885823;0.733987;10.4913;-1.89237;-1.20079;
0.927862;0.840784;10.4079;-1.66805;-1.10391;
0.988962;1.222;10.3239;-1.67866;-0.941551;
1.0492;1.20469;10.2433;-1.61239;-0.929123;
1.10732;1.16244;10.1749;-1.36772;-0.866355;
1.17037;1.26095;10.1144;-1.21028;-0.764897;
1.24639;1.52042;10.0495;-1.29866;-0.706897;
1.32196;1.51145;9.98402;-1.30946;-0.713917;
1.3969;1.49877;9.91938;-1.29265;-0.711693;
1.48054;1.67275;9.8551;-1.28566;-0.655295;
1.56219;1.63305;9.79255;-1.25106;-0.65372;
1.63217;1.39963;9.72625;-1.32588;-0.758345;
1.70395;1.43565;9.65866;-1.35193;-0.755371;
1.77538;1.4286;9.59399;-1.29333;-0.735744;
1.86347;1.76177;9.54512;-0.977403;-0.50651;
1.94626;1.65577;9.49189;-1.06456;-0.571396;
2.02959;1.66658;9.43854;-1.06698;-0.569471;
2.10753;1.5589;9.37088;-1.35321;-0.714885;
2.19709;1.79117;9.30631;-1.29147;-0.624693;
2.27754;1.60903;9.23517;-1.42271;-0.724018;
2.36496;1.74828;9.16788;-1.34591;-0.656085;
2.44776;1.65612;9.1052;-1.25366;-0.647958;
2.52585;1.5617;9.04127;-1.27853;-0.686029;
2.59799;1.44289;8.97786;-1.26812;-0.721021;
2.67907;1.62161;8.91221;-1.31311;-0.680659;
2.7488;1.39461;8.86018;-1.04062;-0.641049;
2.82053;1.43455;8.80536;-1.09631;-0.652538;
2.89314;1.45216;8.74741;-1.159;-0.673594;
2.97125;1.56227;8.68796;-1.18907;-0.650577;
3.05366;1.64824;8.61312;-1.49666;-0.737239;
3.1313;1.55268;8.54035;-1.45546;-0.753091;
3.21912;1.75634;8.47661;-1.27483;-0.627861;
3.30205;1.65878;8.41925;-1.14721;-0.605068;
3.38067;1.57223;8.35258;-1.33333;-0.703362;
3.46029;1.59242;8.29874;-1.07694;-0.594636;
3.54029;1.60015;8.24193;-1.13609;-0.617399;
3.61942;1.58258;8.17405;-1.35756;-0.709013;
3.68012;1.21393;8.10262;-1.42862;-0.866463;
3.74262;1.25003;8.02357;-1.581;-0.901779;
3.80877;1.32302;7.94975;-1.47654;-0.840181;
3.87548;1.3342;7.87574;-1.48011;-0.837195;
3.9462;1.41433;7.79896;-1.53564;-0.826498;
4.01702;1.41648;7.71571;-1.66501;-0.865876;
4.06621;0.983747;7.62672;-1.77973;-1.06584;
4.11764;1.02857;7.54655;-1.60342;-1.00043;
4.16912;1.0296;7.46452;-1.64061;-1.01035;
4.21933;1.00416;7.37836;-1.72327;-1.04319;
4.26951;1.00368;7.29322;-1.70269;-1.03816;
4.32029;1.01553;7.20771;-1.71025;-1.03496;
4.3804;1.20223;7.12592;-1.63584;-0.937009;
4.47103;1.81272;7.06619;-1.19456;-0.58267;
4.55547;1.68871;6.9916;-1.49169;-0.72353;
4.65239;1.93843;6.93176;-1.19689;-0.553156;
4.75032;1.95866;6.90023;-0.630634;-0.311491;
4.85071;2.00763;6.89186;-0.1674;-0.0831896;
4.95947;2.17533;6.88696;-0.0979407;-0.044993;
5.05981;2.00678;6.89135;0.0878046;0.0437262;
5.15578;1.91949;6.91168;0.406571;0.208727;
5.24644;1.8132;6.93123;0.39107;0.212425;
5.33993;1.86979;6.95501;0.475519;0.249037;
5.45365;2.27423;6.97366;0.372917;0.162529;
5.55318;1.99068;7.02542;1.03526;0.479561;
5.64827;1.90183;7.07251;0.941934;0.459863;
5.74072;1.84889;7.1184;0.917742;0.460742;
5.82761;1.7378;7.16738;0.979471;0.513245;
5.9142;1.73184;7.21986;1.0497;0.544906;
6.00083;1.73273;7.27252;1.05313;0.546125;
6.10136;2.01051;7.32515;1.05266;0.482334;
6.1796;1.56488;7.39812;1.45949;0.750565;
6.2557;1.52192;7.47055;1.44844;0.760667;
6.3303;1.4921;7.54141;1.41723;0.759668;
6.4026;1.44587;7.61087;1.38932;0.765456;
6.47401;1.4283;7.6814;1.41055;0.779144;
6.54552;1.4302;7.76159;1.60387;0.842578;
6.62029;1.49539;7.83633;1.49465;0.78515;
6.68508;1.29569;7.91656;1.60473;0.891548;
6.73919;1.08222;8.00086;1.68598;1.00014;
6.79471;1.1105;8.07257;1.4341;0.911892;
6.84828;1.07141;8.15034;1.55539;0.9676;
6.89219;0.87814;8.22123;1.41793;1.0163;
6.94119;0.979954;8.29604;1.49615;0.990925;
6.99602;1.09658;8.36268;1.33277;0.882317;
7.05091;1.09783;8.43411;1.42856;0.915566;
7.10799;1.1416;8.50284;1.37474;0.877785;
7.18442;1.52867;8.56139;1.17098;0.65367;
7.2665;1.64149;8.62533;1.27863;0.661769;
7.34783;1.62669;8.6875;1.24352;0.652682;
7.41684;1.38018;8.75908;1.43158;0.803677;
7.50825;1.82828;8.8159;1.13647;0.556156;
7.5917;1.66901;8.87396;1.16105;0.607801;
7.69;1.96597;8.90792;0.679248;0.332663;
7.77896;1.77905;8.93831;0.607765;0.329193;
7.86198;1.66052;8.9765;0.763856;0.431147;
7.9531;1.82231;9.00915;0.653022;0.344093;
8.04956;1.92919;9.03995;0.615959;0.309052;
8.13336;1.67601;9.06246;0.450195;0.262417;
8.22237;1.78024;9.08752;0.501149;0.274405;
8.31915;1.93569;9.10629;0.375423;0.191569;
8.41748;1.96655;9.12652;0.404608;0.202913;
8.51402;1.93083;9.15952;0.660032;0.329385;
8.61555;2.03063;9.19077;0.625085;0.298623;
8.71289;1.94671;9.21939;0.572399;0.285974;
8.80775;1.89722;9.24628;0.537764;0.276203;
8.91143;2.07347;9.27664;0.607208;0.28488;
9.0136;2.04356;9.30785;0.62415;0.296424;
9.11557;2.03931;9.33053;0.453634;0.218881;
9.21681;2.02478;9.35091;0.407678;0.198688;
9.31645;1.99279;9.37097;0.401085;0.198615;
9.42407;2.15242;9.39573;0.495233;0.226146;
9.52401;1.99875;9.41384;0.362134;0.179236;
9.62538;2.02739;9.43773;0.477861;0.231477;
9.72627;2.01796;9.46556;0.556605;0.269134;
9.82508;1.97618;9.50287;0.746256;0.36107;
9.92037;1.90576;9.52985;0.539559;0.275899;
10.0132;1.85599;9.56064;0.615871;0.320396;
10.1127;1.99043;9.59841;0.755306;0.362682;
10.2103;1.95239;9.63391;0.709903;0.348745;
10.2959;1.71151;9.68418;1.00556;0.531199;
10.3804;1.69023;9.73331;0.982479;0.526532;
10.4701;1.79373;9.78481;1.02998;0.52124;
10.5579;1.75694;9.83394;0.982754;0.509998;
10.6555;1.95217;9.88892;1.0996;0.512972;
10.744;1.76983;9.94166;1.05474;0.537442;
10.8313;1.74463;9.99271;1.02101;0.529491;
10.9139;1.65316;10.0364;0.872916;0.485817;
10.9993;1.70841;10.0821;0.914888;0.491658;
11.0761;1.53465;10.1326;1.00906;0.581642;
11.157;1.61911;10.1832;1.01282;0.558989;
11.2443;1.74448;10.2331;0.997412;0.51939;
11.3387;1.88838;10.2812;0.962789;0.471496;
11.4376;1.97929;10.3165;0.705771;0.342522;
11.5365;1.97763;10.344;0.549696;0.271114;
11.6364;1.99846;10.3843;0.805434;0.383114;
11.7248;1.76793;10.453;1.37529;0.661122;
11.8129;1.76048;10.5219;1.37733;0.663893;
11.8699;1.13991;10.6144;1.85077;1.01876;
11.9088;0.779497;10.7078;1.86771;1.17542;
11.942;0.664071;10.8017;1.87862;1.23102;
11.9726;0.611843;10.8978;1.92126;1.26249;
11.9704;-0.0446643;10.9925;1.89434;1.59437;
11.9586;-0.236895;11.0869;1.88673;1.6957;
11.952;-0.131351;11.186;1.98345;1.63692;
11.9265;-0.509205;11.2874;2.02789;1.81681;
11.8896;-0.738597;11.3832;1.91477;1.93895;
11.8388;-1.01665;11.4681;1.69867;2.11011;
11.7712;-1.35211;11.5554;1.74678;2.22952;
11.6887;-1.64894;11.6335;1.56102;2.38358;
11.6036;-1.70302;11.6994;1.31787;2.483;
11.5173;-1.72591;11.754;1.09283;2.57713;
11.4262;-1.8214;11.7933;0.784797;2.73476;
11.3368;-1.78754;11.8328;0.791642;2.72469;
11.2384;-1.96801;11.8709;0.761006;2.77261;
11.1371;-2.02564;11.902;0.622001;2.84367;
11.0359;-2.02558;11.922;0.399239;2.94699;
10.9342;-2.03294;11.9329;0.219776;3.0339;
10.8322;-2.03915;11.9368;0.0774817;3.10361;
10.7331;-1.98225;11.9326;-0.0842889;-3.0991;
10.6339;-1.98504;11.9232;-0.187061;-3.04763;
10.5435;-1.80778;11.9029;-0.407329;-2.91997;
10.4531;-1.80878;11.8775;-0.507554;-2.86802;
10.3605;-1.85127;11.8401;-0.748348;-2.75744;
10.282;-1.56992;11.7916;-0.969712;-2.58827;
10.1963;-1.71335;11.7455;-0.922697;-2.6476;
10.0993;-1.94101;11.7012;-0.886138;-2.71332;
9.9967;-2.05161;11.6685;-0.652936;-2.83347;
9.89648;-2.00429;11.6387;-0.596287;-2.85243;
9.79694;-1.99084;11.6086;-0.602652;-2.84765;
9.68843;-2.17024;11.5755;-0.661704;-2.84565;
9.58682;-2.03213;11.547;-0.56887;-2.86864;
9.49271;-1.88234;11.5128;-0.684596;-2.79277;
9.38429;-2.16837;11.4898;-0.45958;-2.93274;
9.27877;-2.11038;11.4767;-0.263384;-3.01743;
9.19731;-1.62911;11.4472;-0.588572;-2.7949;
9.10488;-1.8487;11.4266;-0.412386;-2.92212;
9.00419;-2.0137;11.4017;-0.499071;-2.89865;
8.90882;-1.90741;11.3604;-0.825598;-2.7331;
8.81126;-1.95126;11.3301;-0.605196;-2.84084;
8.71491;-1.92701;11.3005;-0.591566;-2.84374;
8.61418;-2.01468;11.2709;-0.591849;-2.85586;
8.51713;-1.94086;11.2303;-0.813048;-2.74489;
8.4172;-1.99861;11.2081;-0.443079;-2.92343;
8.32034;-1.93727;11.1853;-0.457409;-2.90973;
8.22408;-1.92525;11.1641;-0.423659;-2.92499;
8.12126;-2.05643;11.1382;-0.518022;-2.89482;
8.02269;-1.97135;11.1187;-0.389151;-2.94669;
7.92497;-1.95435;11.0976;-0.421624;-2.92911;
7.82261;-2.04728;11.0704;-0.545227;-2.88132;
7.72013;-2.04963;11.0524;-0.358881;-2.96825;
7.62105;-1.9816;11.0328;-0.392655;-2.94598;
7.52311;-1.95868;11.018;-0.296359;-2.99143;
7.42975;-1.86729;11.0029;-0.301216;-2.98166;
7.33279;-1.93906;10.9858;-0.34243;-2.9668;
7.23076;-2.04064;10.9629;-0.458984;-2.92035;
7.13159;-1.98343;10.939;-0.477693;-2.90525;
7.03352;-1.96151;10.9151;-0.4783;-2.90242;
6.93691;-1.93216;10.8916;-0.470006;-2.90297;
6.83889;-1.96024;10.8652;-0.528041;-2.87846;
6.72788;-2.22029;10.8411;-0.480645;-2.9284;
6.62524;-2.0529;10.8207;-0.40754;-2.94562;
6.52274;-2.04994;10.8062;-0.291825;-3.00018;
6.42199;-2.01507;10.7911;-0.301122;-2.99326;
6.31973;-2.04504;10.7806;-0.209237;-3.03963;
6.23012;-1.79228;10.7761;-0.0913837;-3.09065;
6.13712;-1.85991;10.7476;-0.568864;-2.84477;
6.04058;-1.93087;10.7122;-0.708472;-2.78993;
5.94146;-1.98235;10.6751;-0.742257;-2.78332;
5.83889;-2.05138;10.6334;-0.833086;-2.75583;
5.73307;-2.11641;10.5947;-0.774128;-2.79094;
5.64346;-1.7922;10.5629;-0.636338;-2.80042;
5.54743;-1.92076;10.5265;-0.728159;-2.77923;
5.45105;-1.92749;10.4869;-0.792367;-2.75156;
5.34629;-2.09518;10.4592;-0.553065;-2.88351;
5.25184;-1.88901;10.4354;-0.477333;-2.89408;
5.15552;-1.92641;10.4134;-0.43879;-2.91764;
5.06406;-1.82915;10.3935;-0.399488;-2.92657;
4.96935;-1.8943;10.378;-0.308202;-2.98031;
4.8724;-1.93891;10.3637;-0.286329;-2.99498;
4.77589;-1.9302;10.3576;-0.123463;-3.07772;
4.68774;-1.76303;10.3435;-0.280167;-2.984;
4.58502;-2.05441;10.3439;0.00715942;3.13811;
4.48552;-1.99007;10.3443;0.00837407;3.13738;
4.38749;-1.9605;10.3422;-0.0424553;-3.11994;
4.28494;-2.05105;10.34;-0.0449108;-3.1197;
4.18598;-1.97927;10.339;-0.0195242;-3.13173;
4.08377;-2.04407;10.3387;-0.00563741;-3.13883;
3.98236;-2.0282;10.3398;0.0211984;3.13114;
3.87954;-2.05644;10.3486;0.176419;3.05601;
3.77823;-2.02618;10.3593;0.21387;3.03643;
3.67748;-2.01508;10.3738;0.290395;2.99847;
3.58117;-1.92609;10.3905;0.33382;2.96998;
3.48492;-1.92507;10.3857;-0.0945931;-3.09249;
3.38722;-1.954;10.3854;-0.0071745;-3.13792;
3.28551;-2.03412;10.3906;0.105004;3.09002;
3.19565;-1.79733;10.3885;-0.0428295;-3.11777;
3.10228;-1.86745;10.3968;0.165237;3.05334;
3.00531;-1.93938;10.4069;0.203128;3.03723;
2.90462;-2.01368;10.4129;0.119592;3.08227;
2.80491;-1.99426;10.4219;0.180776;3.05119;
2.70562;-1.98589;10.4343;0.247454;3.01763;
2.59619;-2.18855;10.45;0.313859;2.99915;
2.50898;-1.74413;10.4663;0.326601;2.95648;
2.41542;-1.87128;10.4806;0.284992;2.99046;
2.31231;-2.06224;10.4877;0.142554;3.07258;
2.21501;-1.94586;10.5036;0.318661;2.97927;
2.1231;-1.83828;10.531;0.547621;2.85207;
2.03866;-1.68878;10.5604;0.586702;2.80723;
1.95944;-1.58442;10.576;0.31251;2.94685;
1.86662;-1.85627;10.5852;0.184567;3.04249;
1.77368;-1.85884;10.5904;0.10389;3.08576;
1.68316;-1.81039;10.5877;-0.053274;-3.11217;
1.59004;-1.86242;10.5812;-0.130766;-3.07149;
1.50435;-1.71378;10.5764;-0.0965591;-3.08531;
1.4205;-1.67712;10.5848;0.168713;3.04133;
1.34129;-1.58421;10.6078;0.458771;2.85971;
1.26069;-1.61199;10.6328;0.501011;2.84025;
1.18266;-1.56052;10.6597;0.537613;2.80982;
1.10883;-1.47661;10.6983;0.772448;2.65962;
1.02299;-1.71689;10.7471;0.976206;2.62459;
0.938396;-1.69181;10.7993;1.04377;2.5888;
0.840226;-1.96341;10.8512;1.03784;2.65534;
0.756305;-1.67842;10.9041;1.05758;2.57933;
0.683974;-1.44661;10.9674;1.26576;2.42277;
0.620146;-1.27657;11.0345;1.34227;2.33111;
0.542013;-1.56266;11.0954;1.21848;2.47932;
0.465881;-1.52263;11.1575;1.24101;2.45775;
0.378518;-1.74727;11.2165;1.18049;2.54742;
0.287506;-1.82022;11.2736;1.14184;2.58134;
0.209894;-1.55225;11.3193;0.913898;2.60948;
0.128573;-1.62641;11.3646;0.906737;2.633;
0.0411106;-1.74926;11.4069;0.84644;2.69092;
-0.0458468;-1.73915;11.4481;0.824526;2.69888;
-0.137117;-1.82541;11.4863;0.763796;2.7453;
-0.231041;-1.87848;11.5218;0.708708;2.78083;
-0.32653;-1.90978;11.5555;0.673909;2.80236;
-0.420586;-1.88112;11.5887;0.665082;2.80175;
-0.523071;-2.04969;11.6112;0.450381;2.9253;
-0.608542;-1.70943;11.6387;0.549216;2.83072;
-0.699013;-1.80942;11.6612;0.450434;2.89761;
-0.793378;-1.8873;11.6888;0.552143;2.85698;
-0.90042;-2.14083;11.7316;0.855046;2.7616;
-0.99744;-1.9404;11.7699;0.766887;2.76521;
-1.11118;-2.27475;11.7946;0.494281;2.92763;
-1.21673;-2.11095;11.8179;0.466147;2.92426;
-1.31737;-2.01291;11.8416;0.473231;2.91069;
-1.3963;-1.57868;11.8782;0.732466;2.70718;
-1.4828;-1.72989;11.9154;0.742372;2.73622;
-1.56839;-1.71172;11.9547;0.787138;2.71058;
-1.6515;-1.66228;11.9942;0.789703;2.69809;
-1.7293;-1.55591;12.0416;0.94855;2.59411;
-1.8161;-1.73606;12.0853;0.874397;2.67501;
-1.90483;-1.77453;12.1332;0.957987;2.64657;
-1.9942;-1.78743;12.1805;0.944289;2.65557;
-2.08699;-1.85597;12.2359;1.10925;2.60289;
-2.17144;-1.68898;12.2979;1.23942;2.50852;
-2.25079;-1.58687;12.3716;1.47329;2.39329;
-2.32378;-1.45982;12.4434;1.43669;2.36418;
-2.39684;-1.46133;12.5147;1.42572;2.36853;
-2.46971;-1.45733;12.5824;1.35398;2.39294;
-2.54561;-1.5179;12.6478;1.3095;2.42977;
-2.6235;-1.55785;12.714;1.3231;2.4375;
-2.70118;-1.55361;12.779;1.29917;2.44515;
-2.78032;-1.58282;12.8553;1.52586;2.37451;
-2.85532;-1.49998;12.9365;1.6246;2.31633;
-2.92665;-1.42666;13.0156;1.58296;2.30431;
-2.99265;-1.31991;13.0957;1.60086;2.2603;
-3.05854;-1.31777;13.1633;1.35351;2.34282;
-3.1144;-1.11728;13.2453;1.63814;2.16937;
-3.16621;-1.03628;13.328;1.65508;2.1302;
-3.21025;-0.880754;13.4129;1.69872;2.04912;
-3.26002;-0.995315;13.5072;1.88424;2.05677;
-3.2915;-0.629687;13.6049;1.95564;1.8823;
-3.34957;-1.16136;13.6918;1.73653;2.16026;
-3.40997;-1.20799;13.7712;1.5884;2.22099;
-3.46713;-1.14327;13.857;1.7156;2.15861;
-3.51819;-1.0212;13.9488;1.83681;2.07821;
-3.57506;-1.13738;14.0392;1.80701;2.13257;
-3.63922;-1.28319;14.1138;1.4936;2.28056;
-3.69736;-1.16283;14.177;1.26285;2.31498;
-3.7578;-1.20868;14.2439;1.3385;2.30527;
-3.82871;-1.41829;14.3127;1.37659;2.37111;
-3.90218;-1.46939;14.3815;1.37493;2.38939;
-3.97695;-1.49534;14.453;1.43119;2.37811;
-4.05723;-1.60558;14.5393;1.72437;2.32054;
-4.12536;-1.36271;14.6346;1.90676;2.1913;
-4.19433;-1.37934;14.7259;1.82651;2.2176;
-4.25573;-1.22807;14.8113;1.70756;2.19429;
-4.3073;-1.03138;14.8857;1.4873;2.17712;
-4.34768;-0.807575;14.9791;1.86846;1.97876;
-4.41387;-1.32377;15.0576;1.57099;2.271;
-4.46848;-1.09213;15.136;1.56637;2.17967;
-4.5156;-0.94249;15.2204;1.68822;2.07997;
-4.57975;-1.28298;15.3023;1.63934;2.23485;
-4.63845;-1.17392;15.3748;1.44959;2.2515;
-4.70235;-1.27815;15.4432;1.36766;2.32237;
-4.7695;-1.34303;15.5123;1.3822;2.34182;
-4.84993;-1.6085;15.5855;1.46359;2.40333;
-4.92148;-1.43093;15.6552;1.3937;2.36938;
-5.00248;-1.62014;15.7158;1.21214;2.49926;
-5.08224;-1.59516;15.7776;1.23574;2.48248;
-5.15691;-1.49328;15.8162;0.77366;2.66358;
-5.23582;-1.57831;15.8645;0.964893;2.59287;
-5.31234;-1.53029;15.9284;1.27886;2.44546;
-5.38685;-1.49035;15.9948;1.3267;2.41422;
-5.45881;-1.43917;16.0643;1.3908;2.37329;
-5.51701;-1.16406;16.1386;1.48578;2.23537;
-5.58502;-1.36014;16.2278;1.784;2.22219;
-5.64956;-1.29085;16.3039;1.52116;2.27448;
-5.7187;-1.3827;16.385;1.62281;2.27647;
-5.79712;-1.56836;16.4527;1.35432;2.4293;
-5.87038;-1.46525;16.5271;1.48712;2.34879;
-5.93726;-1.33769;16.5998;1.45401;2.31455;
-6.00255;-1.30583;16.6751;1.50682;2.28486;
-6.06622;-1.27336;16.7537;1.57252;2.25146;
-6.1235;-1.14561;16.8406;1.73749;2.15372;
-6.17485;-1.02701;16.9391;1.97046;2.05126;
-6.21254;-0.753815;17.0376;1.96899;1.93643;
-6.23052;-0.359491;17.1387;2.02182;1.74676;
-6.2486;-0.361514;17.2297;1.81976;1.7669;
-6.26503;-0.328713;17.3047;1.50121;1.78636;
-6.28973;-0.49393;17.3836;1.57671;1.87438;
-6.32496;-0.704645;17.4744;1.817;1.94075;
-6.38354;-1.17156;17.5611;1.73311;2.16523;
-6.45198;-1.36893;17.6391;1.56012;2.29101;
-6.52177;-1.39581;17.7088;1.39378;2.35692;
-6.59233;-1.41106;17.7731;1.28658;2.4023;
-6.6689;-1.53147;17.836;1.25819;2.45384;
-6.74285;-1.4789;17.8974;1.2278;2.4487;
-6.82667;-1.67644;17.9532;1.11599;2.55427;
-6.91362;-1.73907;18.0038;1.01295;2.61416;
-7.00161;-1.75982;18.0527;0.976371;2.63506;
-7.09104;-1.78847;18.1018;0.983017;2.63902;
-7.17523;-1.68385;18.1481;0.924888;2.63931;
-7.23939;-1.28315;18.1928;0.895825;2.53211;
-7.30818;-1.37588;18.236;0.863383;2.58119;
-7.38996;-1.63564;18.2803;0.886354;2.64499;
-7.46863;-1.57342;18.3221;0.835934;2.65323;
-7.54465;-1.52028;18.3738;1.03326;2.54465;
-7.62617;-1.63053;18.425;1.02438;2.58066;
-7.71027;-1.68199;18.4757;1.01309;2.59947;
-7.79018;-1.59815;18.5264;1.01468;2.5759;
-7.87387;-1.67384;18.5775;1.02232;2.5933;
-7.96276;-1.77785;18.6319;1.08832;2.59228;
-8.0509;-1.76271;18.6849;1.06006;2.60016;
-8.13816;-1.74525;18.7433;1.1679;2.55185;
-8.22346;-1.706;18.7789;0.712083;2.74618;
-8.31365;-1.80371;18.8231;0.882503;2.68656;
-8.4038;-1.80298;18.8672;0.883649;2.68589;
-8.5058;-2.04011;18.9132;0.919623;2.7181;
-8.60606;-2.00508;18.9575;0.885339;2.72579;
-8.70821;-2.04301;18.9916;0.681429;2.81965;
-8.80969;-2.02956;19.0284;0.737344;2.79312;
-8.91173;-2.04097;19.065;0.731055;2.79764;
-9.00444;-1.85403;19.0976;0.651734;2.80356;
-9.09303;-1.77179;19.1366;0.781056;2.72639;
-9.173;-1.59956;19.1804;0.874811;2.64113;
-9.25725;-1.68497;19.2213;0.819721;2.68881;
-9.3484;-1.82302;19.2582;0.737853;2.75701;
-9.43287;-1.6893;19.2952;0.739754;2.72884;
-9.52426;-1.82774;19.3432;0.959846;2.65803;
-9.61412;-1.7973;19.3961;1.05825;2.60945;
-9.7011;-1.7396;19.4479;1.03638;2.6043;
-9.78458;-1.6696;19.4959;0.958827;2.6203;
-9.87502;-1.80877;19.54;0.882351;2.68774;
-9.96715;-1.84261;19.58;0.800747;2.73164;
-10.0546;-1.74892;19.6297;0.992445;2.62544;
-10.1447;-1.80249;19.689;1.1873;2.55913;
-10.2302;-1.7106;19.7429;1.07805;2.57925;
-10.3214;-1.82249;19.7907;0.955658;2.65864;
-10.4147;-1.8674;19.8373;0.931625;2.67884;
-10.498;-1.66504;19.8837;0.927386;2.63341;
-10.5811;-1.66181;19.9455;1.23608;2.50206;
-10.6609;-1.59656;19.995;0.991143;2.58602;
-10.7478;-1.73851;20.0492;1.08409;2.58402;
-10.8421;-1.88505;20.0954;0.923329;2.68613;
-10.932;-1.79759;20.1451;0.993777;2.63657;
-11.0181;-1.7234;20.1857;0.812006;2.70128;
-11.0983;-1.60324;20.2252;0.790595;2.68346;
-11.1884;-1.8018;20.2642;0.780041;2.73303;
-11.2778;-1.78838;20.3066;0.848404;2.69863;
-11.3637;-1.71842;20.3465;0.79721;2.70722;
-11.4554;-1.83308;20.3943;0.955216;2.66121;
-11.5418;-1.72897;20.4443;1.00132;2.61665;
-11.6179;-1.52133;20.4901;0.916101;2.59958;
-11.6982;-1.60646;20.5409;1.01586;2.57772;
-11.7867;-1.769;20.5778;0.737732;2.74649;
-11.88;-1.86679;20.6146;0.735313;2.76636;
-11.9752;-1.90426;20.6516;0.740931;2.77052;
-12.0734;-1.96359;20.6847;0.660753;2.81699;
-12.1697;-1.92525;20.7165;0.637027;2.82205;
-12.2676;-1.9593;20.7547;0.763856;2.76986;
-12.3591;-1.83017;20.7848;0.601853;2.82388;
-12.4422;-1.66097;20.8208;0.720461;2.73233;
-12.536;-1.87663;20.8485;0.553516;2.85477;
-12.6314;-1.90835;20.8735;0.500275;2.88521;
-12.7302;-1.97587;20.8988;0.506047;2.89087;
-12.8443;-2.28152;20.9318;0.660486;2.8598;
-12.9491;-2.09654;20.9607;0.577621;2.87275;
-13.0561;-2.13964;20.9852;0.490015;2.91646;
-13.1673;-2.22454;21.0068;0.431051;2.95019;
-13.2719;-2.09186;21.0238;0.341454;2.97979;
-13.3662;-1.88556;21.0341;0.204467;3.03358;
-13.4644;-1.96365;21.0469;0.256695;3.01161;
-13.569;-2.09193;21.0549;0.159119;3.06568;
-13.6696;-2.01149;21.063;0.163391;3.06054;
-13.7677;-1.96181;21.0733;0.205061;3.03744;
-13.8732;-2.1102;21.0805;0.143388;3.07375;
-13.9774;-2.08553;21.0864;0.119894;3.08417;
-14.0743;-1.93704;21.1183;0.637473;2.82366;
-14.1711;-1.9367;21.1556;0.746266;2.7738;
-14.2744;-2.06606;21.1994;0.87532;2.74085;
-14.3715;-1.94189;21.2423;0.858135;2.72549;
-14.4668;-1.90534;21.2848;0.84984;2.72205;
-14.5586;-1.83538;21.3299;0.90202;2.6848;
-14.6617;-2.06266;21.3757;0.91623;2.72357;
-14.7646;-2.05868;21.4221;0.9286;2.71785;
-14.8664;-2.03483;21.4614;0.785822;2.77305;
-14.9641;-1.95409;21.502;0.810806;2.74828;
-15.0624;-1.96592;21.5502;0.965468;2.68509;
-15.1543;-1.83751;21.6015;1.0258;2.63243;
-15.2258;-1.43108;21.6502;0.973121;2.54442;
-15.3056;-1.59672;21.7012;1.01939;2.5734;
-15.3833;-1.55316;21.7475;0.926776;2.6036;
-15.4599;-1.53152;21.8121;1.29265;2.44057;
-15.5464;-1.73047;21.8714;1.18611;2.54071;
-15.6239;-1.55008;21.9154;0.879998;2.62525;
-15.7047;-1.61566;21.9611;0.913104;2.62719;
-15.7891;-1.68735;22.0087;0.95136;2.6282;
-15.8685;-1.58937;22.0585;0.995992;2.5818;
-15.9494;-1.61777;22.1094;1.01822;2.57984;
-16.0323;-1.65715;22.1681;1.17392;2.52525;
-16.1162;-1.67921;22.2231;1.10147;2.56105;
-16.2061;-1.79712;22.2702;0.940279;2.65955;
-16.3013;-1.90402;22.313;0.857024;2.71865;
-16.3888;-1.74976;22.3486;0.712578;2.75486;
-16.487;-1.96551;22.3872;0.770692;2.76791;
-16.5798;-1.85543;22.432;0.896732;2.69139;
-16.678;-1.96365;22.4829;1.01798;2.66332;
-16.7678;-1.79529;22.5256;0.854662;2.69728;
-16.8423;-1.49001;22.5797;1.08107;2.51393;
-16.9157;-1.46918;22.636;1.12581;2.48775;
-16.9918;-1.521;22.6963;1.2073;2.47067;
-17.066;-1.48401;22.7581;1.23452;2.44771;
-17.1369;-1.41751;22.8265;1.36835;2.37384;
-17.2117;-1.49787;22.9045;1.56092;2.33558;
-17.297;-1.70576;22.9915;1.73922;2.34648;
-17.3806;-1.67208;23.0682;1.53483;2.39897;
-17.4587;-1.56067;23.1404;1.44411;2.39497;
-17.5412;-1.65038;23.2166;1.52353;2.39614;
-17.6133;-1.44127;23.2841;1.35025;2.38879;
-17.6874;-1.48199;23.3502;1.321;2.41357;
-17.7511;-1.27548;23.4068;1.13226;2.41561;
-17.8253;-1.48242;23.4682;1.2278;2.44987;
-17.9037;-1.56903;23.5316;1.26925;2.46142;
-17.9885;-1.6959;23.5932;1.23192;2.51336;
-18.0572;-1.37442;23.6496;1.12807;2.45432;
-18.1284;-1.42425;23.7004;1.01599;2.52196;
-18.2087;-1.60555;23.7474;0.938529;2.61261;
-18.2945;-1.71674;23.8003;1.05802;2.58928;
-18.3806;-1.72169;23.8415;0.82376;2.69533;
-18.4664;-1.71592;23.894;1.05126;2.59192;
-18.5493;-1.65691;23.9498;1.11643;2.54867;
-18.6305;-1.62369;24.0098;1.19891;2.50556;
-18.712;-1.63131;24.0615;1.03379;2.57675;
-18.7954;-1.66687;24.1214;1.19882;2.5181;
-18.8798;-1.6887;24.2;1.57096;2.3923;
-18.9559;-1.523;24.2762;1.52477;2.35561;
-19.0262;-1.40444;24.3472;1.41967;2.3508;
-19.0951;-1.37849;24.4216;1.48728;2.31825;
-19.1501;-1.09948;24.5012;1.59196;2.17522;
-19.2167;-1.33279;24.5864;1.70493;2.2343;
-19.2795;-1.25671;24.6709;1.68965;2.2103;
-19.3352;-1.11337;24.7543;1.66865;2.15919;
-19.3856;-1.00836;24.8353;1.61932;2.12775;
-19.4321;-0.930123;24.9237;1.76859;2.05496;
-19.4786;-0.929298;25.0114;1.75408;2.05799;
-19.5239;-0.905684;25.0965;1.70187;2.05985;
-19.5858;-1.23774;25.1787;1.64469;2.21594;
-19.6645;-1.57438;25.2708;1.84054;2.27841;
-19.7237;-1.18484;25.362;1.8242;2.14683;
-19.7761;-1.04653;25.453;1.82035;2.09256;
-19.8145;-0.769746;25.5441;1.82293;1.97034;
-19.8569;-0.847533;25.6526;2.16888;1.94332;
-19.894;-0.742366;25.7471;1.89114;1.94486;
-19.9375;-0.870018;25.8292;1.64198;2.05804;
-19.9831;-0.911931;25.9134;1.68259;2.06746;
-20.0284;-0.904943;26.0003;1.73832;2.05078;
-20.0708;-0.848501;26.083;1.65462;2.04464;
-20.1142;-0.867236;26.1699;1.73755;2.03373;
-20.1585;-0.886722;26.2581;1.7645;2.03647;
-20.2143;-1.11619;26.3484;1.80507;2.12461;
-20.2673;-1.05862;26.4392;1.81628;2.09851;
-20.3129;-0.912306;26.5328;1.87255;2.02415;
-20.3549;-0.84005;26.6243;1.82957;2.00123;
-20.3937;-0.777388;26.719;1.89491;1.96011;
-20.4222;-0.570061;26.8248;2.11475;1.8341;
-20.4485;-0.525693;26.9268;2.03978;1.82303;
-20.4744;-0.516643;27.0275;2.01399;1.82191;
-20.4983;-0.479664;27.1349;2.14886;1.79041;
-20.5208;-0.448933;27.2366;2.03394;1.78803;
-20.55;-0.58491;27.3411;2.09062;1.8436;
-20.5807;-0.613676;27.4461;2.09992;1.85512;
-20.6101;-0.587985;27.5417;1.91078;1.86932;
-20.6384;-0.564904;27.6361;1.88823;1.86149;
-20.6605;-0.442136;27.7369;2.0163;1.78666;
-20.6855;-0.500544;27.8361;1.98439;1.81788;
-20.7119;-0.527549;27.9381;2.03881;1.824;
-20.7244;-0.250604;28.0352;1.9421;1.69913;
-20.724;0.00819516;28.1233;1.76255;1.56615;
-20.7292;-0.10325;28.2133;1.80068;1.62807;
-20.7473;-0.362064;28.295;1.63408;1.78884;
-20.7824;-0.703557;28.3986;2.07167;1.89818;
-20.8157;-0.664462;28.4982;1.99261;1.89266;
-20.8481;-0.648676;28.5956;1.94633;1.8925;
-20.8737;-0.512188;28.6811;1.71033;1.86176;
-20.9039;-0.604831;28.7813;2.00528;1.86374;
-20.926;-0.440131;28.8682;1.73648;1.81903;
-20.9471;-0.422865;28.9658;1.9517;1.78416;
-20.9745;-0.548407;29.0717;2.11968;1.82397;
-21.0052;-0.613789;29.1704;1.97263;1.87245;
-21.0427;-0.750632;29.2666;1.9239;1.94279;
-21.08;-0.74442;29.3663;1.99568;1.92783;
-21.1148;-0.696242;29.4542;1.75682;1.94812;
-21.1516;-0.735975;29.5352;1.61976;1.99728;
-21.1937;-0.842997;29.6133;1.56278;2.06548;
-21.2423;-0.971686;29.6959;1.65247;2.10236;
-21.2995;-1.14297;29.7863;1.80761;2.13463;
-21.3468;-0.946368;29.8695;1.66391;2.08793;
-21.3955;-0.974401;29.9545;1.69921;2.09146;

-21.4481;-1.05146;-29.9595;1.72097;2.11924;
-21.4984;-1.00653;-29.8695;1.80029;2.08059;
-21.544;-0.912082;-29.7849;1.6906;2.06555;
-21.5832;-0.783181;-29.6955;1.78854;1.98353;
-21.6149;-0.634575;-29.6;1.90951;1.89164;
-21.6371;-0.443783;-29.5118;1.76527;1.81709;
-21.6645;-0.548083;-29.4152;1.93221;1.84719;
-21.691;-0.529852;-29.3158;1.98719;1.83137;
-21.7203;-0.586866;-29.2134;2.04891;1.84976;
-21.7328;-0.249159;-29.1118;2.03105;1.69286;
-21.7487;-0.317987;-29.0035;2.16589;1.71657;
-21.7592;-0.210866;-28.9021;2.02898;1.67435;
-21.7694;-0.204385;-28.8022;1.99738;1.67277;
-21.7759;-0.130078;-28.693;2.18276;1.63032;
-21.7817;-0.116288;-28.5808;2.24556;1.62254;
-21.7884;-0.132104;-28.4763;2.08986;1.63392;
-21.7958;-0.148335;-28.3745;2.03521;1.64355;
-21.802;-0.124023;-28.2737;2.01713;1.6322;
-21.8115;-0.190702;-28.1629;2.21616;1.65664;
-21.823;-0.229191;-28.0596;2.06498;1.68133;
-21.834;-0.220631;-27.9583;2.02673;1.67923;
-21.846;-0.240915;-27.8574;2.01812;1.68961;
-21.859;-0.2587;-27.7578;1.99068;1.70003;
-21.8735;-0.289543;-27.6573;2.01065;1.71382;
-21.8859;-0.248143;-27.5532;2.08135;1.68946;
-21.8931;-0.145559;-27.4447;2.17113;1.63774;
-21.9041;-0.219814;-27.3376;2.14155;1.67308;
-21.9151;-0.219887;-27.2348;2.05681;1.6773;
-21.9279;-0.256328;-27.1381;1.93365;1.70259;
-21.9405;-0.251734;-27.0355;2.05043;1.69296;
-21.9537;-0.262485;-26.9548;1.61525;1.73189;
-21.9621;-0.169197;-26.8782;1.5324;1.68076;
-21.9647;-0.0524208;-26.7869;1.82506;1.59951;
-21.9692;-0.08985;-26.6975;1.78917;1.62097;
-21.9784;-0.183891;-26.6028;1.89389;1.66759;
-21.9907;-0.246192;-26.5053;1.9492;1.69644;
-22.0045;-0.275042;-26.4043;2.01921;1.70618;
-22.0342;-0.595149;-26.2891;2.3043;1.82355;
-22.0582;-0.479092;-26.1802;2.1776;1.78735;
-22.0725;-0.286592;-26.0679;2.24708;1.69765;
-22.0859;-0.267379;-25.9621;2.11532;1.69653;
-22.0854;0.0102862;-25.8624;1.99407;1.56564;
-22.0763;0.180739;-25.7594;2.06116;1.48333;
-22.068;0.166686;-25.6559;2.06883;1.4904;
-22.0636;0.0877242;-25.5391;2.33616;1.53326;
-22.0683;-0.0926827;-25.4213;2.35593;1.61012;
-22.0641;0.0824858;-25.3131;2.16517;1.53272;
-22.0557;0.169001;-25.2085;2.09071;1.49014;
-22.0444;0.224649;-25.1073;2.02497;1.46031;
-22.0338;0.21279;-25.0002;2.14079;1.47172;
-22.0166;0.343337;-24.8965;2.07479;1.4068;
-21.9937;0.458733;-24.797;1.99043;1.34428;
-21.9536;0.801229;-24.7121;1.69782;1.12987;
-21.9117;0.8391;-24.625;1.74065;1.1216;
-21.8747;0.739019;-24.5324;1.85285;1.19128;
-21.8327;0.839987;-24.4516;1.61666;1.09161;
-21.7926;0.802902;-24.3585;1.86213;1.16371;
-21.7524;0.803332;-24.2622;1.92485;1.17543;
-21.7135;0.778054;-24.1682;1.88043;1.17848;
-21.6744;0.782175;-24.0758;1.84834;1.17047;
-21.6325;0.838774;-23.9805;1.90655;1.15634;
-21.5847;0.955455;-23.8918;1.7737;1.07669;
-21.537;0.953404;-23.8041;1.75339;1.07277;
-21.4899;0.942051;-23.7165;1.75298;1.07768;
-21.4466;0.866595;-23.6196;1.93644;1.15001;
-21.4044;0.843514;-23.5242;1.90824;1.15458;
-21.363;0.828403;-23.4388;1.70927;1.1195;
-21.3164;0.932098;-23.3521;1.73225;1.07715;
-21.2763;0.801029;-23.2715;1.61252;1.10975;
-21.2414;0.698372;-23.1836;1.75914;1.19288;
-21.2214;0.400851;-23.0873;1.92442;1.36544;
-21.2032;0.363085;-22.9932;1.88275;1.38029;
-21.196;0.144196;-22.8821;2.2227;1.50601;
-21.1822;0.275998;-22.7774;2.09418;1.43976;
-21.1629;0.38641;-22.683;1.88775;1.36889;
-21.1387;0.483754;-22.5823;2.01325;1.33498;
-21.1157;0.459533;-22.4791;2.0649;1.35182;
-21.1046;0.22337;-22.377;2.04049;1.46176;
-21.0884;0.322626;-22.2708;2.1258;1.42018;
-21.0731;0.306919;-22.165;2.11432;1.42664;
-21.0554;0.353439;-22.0631;2.03822;1.3991;
-21.0384;0.340757;-21.9646;1.97084;1.39959;
-21.0241;0.285327;-21.8714;1.86433;1.41893;
-20.9876;0.729471;-21.7893;1.64132;1.15257;
-20.9649;0.45465;-21.6971;1.8436;1.32901;
-20.9447;0.404383;-21.5973;1.99701;1.371;
-20.9333;0.227381;-21.4947;2.05087;1.46038;
-20.9251;0.164164;-21.3943;2.0088;1.48926;
-20.9063;0.375875;-21.3028;1.83062;1.36828;
-20.9074;-0.0207345;-21.2124;1.80715;1.58227;
-20.9106;-0.064515;-21.1127;1.99404;1.60314;
-20.917;-0.128667;-21.0092;2.07046;1.63286;
-20.9276;-0.212091;-20.9066;2.05087;1.67385;
-20.9345;-0.138334;-20.8081;1.96974;1.64091;
-20.9504;-0.316328;-20.7093;1.97623;1.72952;
-20.9687;-0.367342;-20.6131;1.92439;1.75942;
-20.9882;-0.388955;-20.5164;1.93462;1.7692;
-21.0052;-0.341035;-20.4164;1.99915;1.73976;
-21.02;-0.296085;-20.3089;2.1499;1.70766;
-21.0427;-0.453635;-20.2097;1.98548;1.79542;
-21.0623;-0.392748;-20.0976;2.24163;1.74424;
-21.0886;-0.526036;-19.991;2.13113;1.81279;
-21.1151;-0.528103;-19.8905;2.01099;1.82761;
-21.1366;-0.431625;-19.7806;2.19681;1.7648;
-21.1477;-0.221999;-19.6839;1.93535;1.685;
-21.1802;-0.648694;-19.5768;2.14073;1.86503;
-21.212;-0.637593;-19.4785;1.9656;1.88446;
-21.2418;-0.594166;-19.3883;1.80395;1.88897;
-21.2729;-0.622123;-19.2935;1.89596;1.88786;
-21.2947;-0.437723;-19.1899;2.07239;1.77895;
-21.3157;-0.418499;-19.0904;1.98984;1.77809;
-21.3432;-0.549645;-18.9922;1.96435;1.84363;
-21.3681;-0.498659;-18.9006;1.83241;1.83649;
-21.4003;-0.643232;-18.8081;1.84946;1.9055;
-21.4469;-0.93375;-18.6999;2.16534;1.97793;
-21.4879;-0.818589;-18.6058;1.88036;1.98139;
-21.5359;-0.960951;-18.504;2.03678;2.01163;
-21.589;-1.06116;-18.4204;1.67108;2.13656;
-21.6224;-0.669107;-18.3282;1.84572;1.91858;
-21.661;-0.771841;-18.232;1.92276;1.95253;
-21.7005;-0.790015;-18.1528;1.58478;2.03324;
-21.7451;-0.89128;-18.0689;1.67844;2.05895;
-21.7905;-0.908428;-17.974;1.89635;2.01753;
-21.8341;-0.87272;-17.8811;1.85836;2.00984;
-21.8677;-0.670862;-17.7932;1.75823;1.9353;
-21.9063;-0.773167;-17.6964;1.93619;1.95072;
-21.9425;-0.722545;-17.602;1.88836;1.93624;
-21.9815;-0.780738;-17.5119;1.80078;1.97989;
-21.9929;-0.228632;-17.4283;1.67214;1.70668;
-22.0051;-0.242755;-17.338;1.80695;1.70434;
-22.0109;-0.116845;-17.2345;2.07055;1.62717;
-22.0179;-0.140246;-17.1336;2.01727;1.64021;
-22.037;-0.38164;-17.0379;1.91377;1.76763;
-22.0513;-0.284789;-16.944;1.87797;1.7213;
-22.0614;-0.2029;-16.8469;1.94257;1.67487;
-22.0714;-0.200239;-16.7511;1.91502;1.67498;
-22.0827;-0.225706;-16.6649;1.7253;1.70088;
-22.09;-0.147003;-16.5668;1.96092;1.64562;
-22.0957;-0.112187;-16.4695;1.94563;1.62839;
-22.0973;-0.0333666;-16.3717;1.95653;1.58785;
-22.096;0.0265222;-16.269;2.05377;1.55788;
-22.0929;0.0613295;-16.1667;2.04631;1.54083;
-22.0905;0.049026;-16.0662;2.01096;1.54642;
-22.0871;0.0682126;-15.9632;2.05872;1.53767;
-22.087;0.00200861;-15.8542;2.18148;1.56988;
-22.0887;-0.0337259;-15.7474;2.13479;1.58659;
-22.0865;0.0422202;-15.6456;2.03575;1.55006;
-22.0817;0.0971641;-15.5446;2.01974;1.52273;
-22.074;0.152833;-15.4391;2.1114;1.49854;
-22.0623;0.235842;-15.3457;1.86785;1.4452;
-22.0455;0.335921;-15.2499;1.91502;1.39715;
-22.0275;0.359645;-15.1521;1.95702;1.38905;
-22.0182;0.185525;-15.0721;1.60022;1.45537;
-22.0131;0.102921;-14.9833;1.77474;1.51287;
-22.0113;0.0359325;-14.8887;1.89215;1.55181;
-22.0044;0.137572;-14.7923;1.9292;1.49961;
-21.9939;0.210287;-14.6958;1.92854;1.46219;
-21.9841;0.19465;-14.5993;1.92982;1.47027;
-21.9739;0.204862;-14.4938;2.11172;1.47409;
-21.9519;0.439313;-14.3915;2.04423;1.35911;
-21.9257;0.524306;-14.2833;2.16426;1.33312;
-21.8954;0.605943;-14.1837;1.99263;1.27559;
-21.8717;0.474604;-14.0885;1.90478;1.3266;
-21.854;0.354408;-13.9962;1.84571;1.38109;
-21.8277;0.524532;-13.9019;1.88471;1.29936;
-21.8115;0.325608;-13.8089;1.86148;1.39763;
-21.7959;0.310371;-13.7175;1.82687;1.40251;
-21.7858;0.202321;-13.6189;1.97322;1.46862;
-21.7764;0.187781;-13.5196;1.98597;1.47652;
-21.7672;0.185418;-13.4177;2.03673;1.48001;
-21.7685;-0.0274012;-13.3173;2.00826;1.58444;
-21.769;-0.0090293;-13.2181;1.98335;1.57535;
-21.7716;-0.0527341;-13.1329;1.70479;1.60172;
-21.7808;-0.182724;-13.0405;1.84745;1.66938;
-21.7954;-0.293545;-12.9459;1.89172;1.72474;
-21.823;-0.550773;-12.8453;2.01253;1.83793;
-21.8508;-0.555877;-12.7475;1.9565;1.84762;
-21.8706;-0.396496;-12.6567;1.81604;1.78575;
-21.899;-0.56802;-12.5497;2.13907;1.83035;
-21.937;-0.760242;-12.4428;2.13898;1.91229;
-21.982;-0.90096;-12.3372;2.11167;1.97407;
-22.0288;-0.935016;-12.2368;2.00851;2.00649;
-22.0785;-0.994348;-12.1389;1.95759;2.04078;
-22.1204;-0.837511;-12.0489;1.79998;2.00629;
-22.161;-0.812706;-11.9629;1.71973;2.01227;
-22.2194;-1.16719;-11.8611;2.03722;2.09108;
-22.2721;-1.05519;-11.7611;1.99935;2.05641;
-22.3202;-0.961368;-11.6663;1.8963;2.04;
-22.368;-0.955869;-11.5746;1.8326;2.05157;
-22.409;-0.820257;-11.4866;1.76099;2.00671;
-22.4679;-1.17702;-11.3916;1.89966;2.1255;
-22.5209;-1.06101;-11.3004;1.82402;2.09764;
-22.5746;-1.07372;-11.2158;1.69186;2.1363;
-22.6333;-1.17448;-11.1353;1.61124;2.20068;
-22.6927;-1.18737;-11.0497;1.71049;2.1776;
-22.7514;-1.17395;-10.9629;1.73578;2.16546;
-22.8067;-1.10654;-10.8779;1.70026;2.14774;
-22.8551;-0.966839;-10.7964;1.62995;2.10618;
-22.9044;-0.985739;-10.7222;1.48545;2.15667;
-22.9582;-1.07691;-10.644;1.56221;2.17434;
-23.0005;-0.845522;-10.5594;1.69289;2.03401;
-23.0408;-0.806563;-10.4699;1.79082;1.99397;
-23.0795;-0.77457;-10.3761;1.87615;1.96233;
-23.1169;-0.746787;-10.2856;1.80854;1.96239;
-23.1528;-0.717861;-10.1886;1.9408;1.92507;
-23.1852;-0.648057;-10.0918;1.93628;1.89377;
-23.2073;-0.442337;-9.98657;2.10409;1.77801;
-23.2168;-0.190533;-9.88296;2.07208;1.66249;
-23.2258;-0.179321;-9.78095;2.04036;1.65846;
-23.2292;-0.0678982;-9.66571;2.30463;1.60025;
-23.2318;-0.0523312;-9.54505;2.41331;1.59248;
-23.2443;-0.249949;-9.41667;2.56759;1.66784;
-23.253;-0.17394;-9.30831;2.16712;1.65089;
-23.2792;-0.524955;-9.20793;2.00773;1.82654;
-23.299;-0.394707;-9.10761;2.00629;1.76505;
-23.3144;-0.308063;-9.01051;1.94199;1.72812;
-23.3214;-0.14111;-8.90825;2.04521;1.63968;
-23.3212;0.00474568;-8.82291;1.70686;1.56802;
-23.3199;0.0252278;-8.7307;1.84421;1.55712;
-23.3199;0.000276501;-8.64275;1.75889;1.57064;
-23.3256;-0.113552;-8.53298;2.19539;1.62247;
-23.3108;0.294857;-8.43668;1.92603;1.41889;
-23.2973;0.27002;-8.34305;1.87263;1.42759;
-23.2719;0.509049;-8.25218;1.81734;1.29769;
-23.2449;0.540397;-8.1545;1.95373;1.30095;
-23.2148;0.601527;-8.05441;2.00166;1.27887;
-23.1863;0.570603;-7.95626;1.96316;1.28793;
-23.1564;0.598153;-7.85957;1.93368;1.2708;
-23.1317;0.494059;-7.7641;1.90937;1.31759;
-23.104;0.553478;-7.67721;1.73789;1.26248;
-23.0814;0.450943;-7.59025;1.73914;1.31709;
-23.0545;0.537947;-7.50714;1.66233;1.25782;
-23.0231;0.628994;-7.41608;1.82119;1.23825;
-22.9886;0.68961;-7.31988;1.92394;1.22663;
-22.9563;0.646291;-7.20203;2.35706;1.30318;
-22.9258;0.610224;-7.10684;1.90364;1.26059;
-22.898;0.555066;-7.01159;1.90503;1.28728;
-22.87;0.560051;-6.90885;2.05482;1.30471;
-22.8455;0.48964;-6.82261;1.72484;1.2942;
-22.8204;0.503219;-6.7273;1.90625;1.3127;
-22.8;0.408351;-6.62941;1.95768;1.36516;
-22.7897;0.205734;-6.53597;1.86888;1.46115;
-22.7816;0.162516;-6.42992;2.12089;1.49432;
-22.7788;0.0543356;-6.31637;2.27108;1.54688;
-22.7746;0.0849143;-6.21186;2.09026;1.53019;
-22.7784;-0.0759148;-6.11451;1.94701;1.60977;
-22.7843;-0.119214;-6.01601;1.96999;1.63124;
-22.7963;-0.239163;-5.9293;1.7342;1.70784;
-22.8089;-0.251005;-5.84064;1.77305;1.71143;
-22.8342;-0.506208;-5.73803;2.05233;1.81262;
-22.8475;-0.267199;-5.64901;1.78038;1.71976;
-22.8545;-0.140091;-5.54204;2.13941;1.63618;
-22.8646;-0.202187;-5.43739;2.09301;1.6671;
-22.8406;0.480733;-5.33128;2.12224;1.34803;
-22.8035;0.741499;-5.24405;1.74453;1.16889;
-22.7602;0.86749;-5.16501;1.58085;1.06891;
-22.7092;1.01971;-5.08489;1.6024;1.00407;
-22.6505;1.17301;-5.00729;1.55192;0.923562;
-22.5903;1.20513;-4.93082;1.52951;0.903464;
-22.5278;1.24901;-4.84994;1.61746;0.913237;
-22.454;1.47703;-4.77801;1.43865;0.772235;
-22.3799;1.48032;-4.7012;1.53623;0.803932;
-22.3012;1.57484;-4.63066;1.41072;0.730481;
-22.2248;1.52777;-4.56225;1.3683;0.730389;
-22.1486;1.52515;-4.50231;1.19879;0.666153;
-22.0759;1.45244;-4.42829;1.4804;0.794932;
-21.9959;1.60084;-4.34535;1.65885;0.803193;
-21.9173;1.57227;-4.26533;1.60033;0.794242;
-21.8444;1.45667;-4.19757;1.35524;0.749344;
-21.7731;1.42702;-4.13079;1.33559;0.752315;
-21.7004;1.45445;-4.06381;1.33948;0.744272;
-21.6225;1.55808;-4.00369;1.20251;0.657298;
-21.546;1.52846;-3.93921;1.28965;0.700862;
-21.4842;1.23605;-3.86844;1.41531;0.852907;
-21.4256;1.17211;-3.80223;1.32421;0.846255;
-21.3653;1.20589;-3.73045;1.43567;0.872164;
-21.3;1.30654;-3.65674;1.4741;0.845582;
-21.2345;1.31107;-3.57625;1.60984;0.887329;
-21.1685;1.31987;-3.49212;1.68256;0.905614;
-21.1045;1.28027;-3.41087;1.62505;0.903517;
-21.0406;1.27728;-3.32648;1.68772;0.922952;
-20.9754;1.30465;-3.24205;1.68863;0.912984;
-20.9036;1.43477;-3.15946;1.65182;0.855603;
-20.8353;1.367;-3.07996;1.59008;0.860697;
-20.7634;1.4379;-2.99173;1.76449;0.887032;
-20.6865;1.53798;-2.89543;1.92596;0.896938;
-20.6256;1.21707;-2.80839;1.74084;0.960656;
-20.5654;1.20505;-2.72409;1.68598;0.950242;
-20.5057;1.19302;-2.6438;1.60581;0.931829;
-20.445;1.21371;-2.56531;1.56976;0.912625;
-20.3782;1.33701;-2.48347;1.63697;0.885919;
-20.3049;1.46572;-2.40368;1.59567;0.827819;
-20.2293;1.51099;-2.32621;1.54955;0.797996;
-20.1576;1.43584;-2.25442;1.43565;0.785333;
-20.091;1.33198;-2.18392;1.41012;0.813889;
-20.0226;1.36673;-2.12235;1.23131;0.733322;
-19.9394;1.66358;-2.03849;1.67729;0.789503;
-19.8619;1.55113;-1.95498;1.67016;0.822333;
-19.791;1.4174;-1.8632;1.83566;0.91327;
-19.7221;1.3779;-1.76634;1.93714;0.952524;
-19.661;1.22292;-1.67528;1.82113;0.979444;
-19.6065;1.08872;-1.59128;1.6801;0.995822;
-19.5523;1.08407;-1.5066;1.69343;1.00137;
-19.5042;0.962108;-1.4238;1.65613;1.04451;
-19.4564;0.957136;-1.33351;1.80574;1.0834;
-19.4193;0.742138;-1.23848;1.90064;1.19854;
-19.3799;0.787783;-1.13971;1.97529;1.19131;
-19.3426;0.746096;-1.04141;1.96611;1.20811;
-19.3085;0.682131;-0.945848;1.91122;1.22798;
-19.2628;0.912926;-0.854245;1.83206;1.1085;
-19.2177;0.901553;-0.769852;1.68785;1.08021;
-19.1777;0.801643;-0.683801;1.72103;1.13489;
-19.1145;1.26256;-0.612878;1.41845;0.843478;
-19.0522;1.24705;-0.538163;1.4943;0.87535;
-18.9924;1.19529;-0.463068;1.5019;0.898588;
-18.9194;1.45952;-0.389364;1.47408;0.790361;
-18.8645;1.09869;-0.318616;1.41496;0.910561;
-18.8193;0.9036;-0.25567;1.25891;0.948248;
-18.7719;0.949368;-0.168619;1.74103;1.07158;
-18.7128;1.18005;-0.0853025;1.66632;0.954602;
-18.6588;1.08007;-8.12378e-05;1.70442;1.00597;
-18.6024;1.1282;0.0840573;1.68277;0.980186;
-18.5437;1.17382;0.1665;1.64885;0.952126;
-18.4829;1.2173;0.241996;1.50992;0.892287;
-18.4204;1.24966;0.314363;1.44735;0.858566;
-18.3492;1.42314;0.389738;1.50749;0.814173;
-18.2682;1.62169;0.467479;1.55482;0.764348;
-18.186;1.64232;0.534494;1.3403;0.684485;
-18.1139;1.44262;0.599579;1.30171;0.734094;
-18.0335;1.60726;0.666412;1.33665;0.693734;
-17.9417;1.83752;0.720049;1.07276;0.528427;
-17.8528;1.77743;0.768581;0.970623;0.49983;
-17.7619;1.81765;0.816028;0.948942;0.481147;
-17.6711;1.81592;0.854221;0.763863;0.398179;
-17.5776;1.87008;0.894077;0.797123;0.402929;
-17.4856;1.84033;0.933988;0.798212;0.409244;
-17.3926;1.85951;0.972881;0.77786;0.396195;
-17.2924;2.00536;1.02513;1.04497;0.480378;
-17.1957;1.9337;1.06253;0.748097;0.36914;
-17.1055;1.80313;1.10866;0.922503;0.472893;
-17.0153;1.8049;1.16086;1.04406;0.524431;
-16.9314;1.67646;1.21535;1.08976;0.576399;
-16.8404;1.82054;1.27859;1.26477;0.607176;
-16.756;1.68799;1.33878;1.20381;0.619503;
-16.6743;1.63347;1.41276;1.47966;0.73603;
-16.5858;1.77159;1.48809;1.50666;0.704759;
-16.4986;1.74414;1.55412;1.3206;0.64807;
-16.4053;1.86448;1.60729;1.06337;0.518317;
-16.3117;1.87314;1.65753;1.00471;0.492323;
-16.2109;2.01521;1.70898;1.02913;0.472156;
-16.1186;1.84688;1.75663;0.952879;0.476318;
-16.0207;1.95673;1.8023;0.91351;0.436782;
-15.9165;2.0849;1.85565;1.06699;0.47302;
-15.8282;1.76573;1.90475;0.981877;0.507495;
-15.7392;1.78094;1.94652;0.835387;0.4386;
-15.636;2.06229;1.98677;0.80515;0.372216;
-15.5368;1.98493;2.03446;0.953629;0.447873;
-15.4391;1.95355;2.07688;0.848519;0.409762;
-15.3401;1.97982;2.10994;0.661066;0.322263;
-15.2356;2.0912;2.12965;0.394224;0.186329;
-15.1243;2.22473;2.14459;0.298962;0.133581;
-15.0147;2.19287;2.14537;0.0155232;0.00707886;
-14.9095;2.10291;2.14925;0.0775873;0.0368785;
-14.8003;2.18482;2.14663;-0.0523147;-0.0239401;
-14.6949;2.10819;2.13057;-0.321352;-0.151266;
-14.5942;2.0134;2.11476;-0.316134;-0.155744;
-14.4945;1.99497;2.08664;-0.562443;-0.274798;
-14.4042;1.8054;2.05544;-0.623914;-0.332734;
-14.3156;1.77286;2.0098;-0.912846;-0.475496;
-14.2246;1.81963;1.95995;-0.997047;-0.50126;
-14.1374;1.74459;1.91296;-0.939695;-0.494075;
-14.0433;1.8806;1.87304;-0.79852;-0.401539;
-13.9519;1.82924;1.83017;-0.857298;-0.438266;
-13.8742;1.55345;1.79684;-0.666633;-0.405365;
-13.7864;1.75636;1.75483;-0.840184;-0.446191;
-13.6975;1.77776;1.70685;-0.959576;-0.494954;
-13.6178;1.59277;1.65591;-1.01882;-0.569067;
-13.537;1.61646;1.60451;-1.02798;-0.566432;
-13.4442;1.85588;1.54193;-1.25162;-0.593342;
-13.3528;1.8284;1.48129;-1.21285;-0.585697;
-13.2754;1.54909;1.41661;-1.29359;-0.69576;
-13.1932;1.64353;1.3504;-1.32412;-0.67818;
-13.1099;1.66606;1.28454;-1.31733;-0.669039;
-13.0286;1.62607;1.22418;-1.20719;-0.638617;
-12.9397;1.77836;1.16852;-1.1132;-0.559296;
-12.8631;1.5314;1.10086;-1.35309;-0.723659;
-12.7876;1.509;1.03764;-1.26454;-0.697485;
-12.7329;1.09435;0.977091;-1.21089;-0.835911;
-12.6637;1.38413;0.91146;-1.31263;-0.75889;
-12.5984;1.30593;0.841906;-1.39108;-0.816958;
-12.5313;1.34302;0.769309;-1.45193;-0.824347;
-12.4783;1.05837;0.697102;-1.44415;-0.938348;
-12.4035;1.49732;0.624065;-1.46073;-0.773029;
-12.3387;1.29449;0.567544;-1.13043;-0.717844;
-12.2623;1.52809;0.504421;-1.26246;-0.690493;
-12.1853;1.54007;0.445373;-1.18097;-0.654183;
-12.1092;1.52355;0.380708;-1.29328;-0.703834;
-12.0352;1.47923;0.31319;-1.35037;-0.73989;
-11.9709;1.28609;0.23935;-1.4768;-0.854315;
-11.9147;1.12465;0.170561;-1.37577;-0.885494;
-11.8487;1.31983;0.0911775;-1.58767;-0.87726;
-11.7781;1.41124;0.0149832;-1.52389;-0.823756;
-11.715;1.26213;-0.0574118;-1.4479;-0.853842;
-11.656;1.18037;-0.116166;-1.17508;-0.783156;
-11.592;1.28016;-0.181243;-1.30155;-0.793684;
-11.5301;1.23724;-0.246579;-1.30671;-0.8127;
-11.4615;1.37235;-0.32351;-1.53862;-0.842452;
-11.3942;1.3458;-0.399572;-1.52125;-0.846518;
-11.3249;1.38553;-0.473915;-1.48685;-0.820656;
-11.251;1.47904;-0.547463;-1.47096;-0.782658;
-11.1832;1.35544;-0.62147;-1.48016;-0.829351;
-11.1151;1.36308;-0.695835;-1.48729;-0.828949;
-11.0469;1.3635;-0.776265;-1.60861;-0.867681;
-10.9628;1.68154;-0.863043;-1.73556;-0.801206;
-10.8883;1.4905;-0.932197;-1.38307;-0.748029;
-10.8178;1.40891;-0.995532;-1.2667;-0.732296;
-10.7446;1.46405;-1.06164;-1.32212;-0.734503;
-10.6701;1.49004;-1.12576;-1.28241;-0.71065;
-10.5885;1.63339;-1.18252;-1.13518;-0.607352;
-10.5126;1.5163;-1.23377;-1.02497;-0.594414;
-10.4316;1.62075;-1.2973;-1.27071;-0.664924;
-10.3495;1.64163;-1.3554;-1.16196;-0.615948;
-10.2689;1.61242;-1.41049;-1.10171;-0.599408;
-10.1874;1.62967;-1.47131;-1.21654;-0.641255;
-10.1116;1.51639;-1.53573;-1.28845;-0.704309;
-10.016;1.91139;-1.59527;-1.19071;-0.557128;
-9.92427;1.83513;-1.64975;-1.08964;-0.535823;
-9.83532;1.77917;-1.69286;-0.862215;-0.451265;
-9.74583;1.78964;-1.73581;-0.858838;-0.447435;
-9.6524;1.86863;-1.77952;-0.874235;-0.437596;
-9.56434;1.76119;-1.82812;-0.971992;-0.504297;
-9.46971;1.89267;-1.88031;-1.04394;-0.504047;
-9.37305;1.93327;-1.93571;-1.10785;-0.520362;
-9.28251;1.81078;-1.99374;-1.1606;-0.569979;
-9.20831;1.48395;-2.05049;-1.13509;-0.652977;
-9.13869;1.39246;-2.10835;-1.15715;-0.693367;
-9.07337;1.30624;-2.16423;-1.11759;-0.707725;
-9.01045;1.2585;-2.23153;-1.34608;-0.819012;
-8.94223;1.36448;-2.30305;-1.43044;-0.808995;
-8.8724;1.39643;-2.36529;-1.24482;-0.728058;
-8.80309;1.38618;-2.43223;-1.33875;-0.767993;
-8.73476;1.36672;-2.50289;-1.41325;-0.802136;
-8.67049;1.28538;-2.57897;-1.52154;-0.869336;
-8.60997;1.21041;-2.657;-1.56066;-0.911128;
-8.54826;1.23416;-2.73543;-1.56859;-0.904158;
-8.48723;1.2207;-2.815;-1.59139;-0.916462;
-8.42922;1.16006;-2.89724;-1.64469;-0.956496;
-8.37898;1.00481;-2.97458;-1.54677;-0.994692;
-8.3209;1.16168;-3.05969;-1.70229;-0.971965;
-8.26646;1.08876;-3.14415;-1.68917;-0.998258;
-8.20629;1.20352;-3.22789;-1.67478;-0.947686;
-8.14373;1.2511;-3.30554;-1.55304;-0.892664;
-8.07019;1.47088;-3.38998;-1.68872;-0.854236;
-8.00165;1.3707;-3.46984;-1.59719;-0.861564;
-7.9434;1.16498;-3.5448;-1.49928;-0.910223;
-7.89665;0.934969;-3.61368;-1.37755;-0.974496;
-7.84655;1.00199;-3.69671;-1.66067;-1.02791;
-7.79965;0.938178;-3.79216;-1.90893;-1.114;
-7.74935;1.00599;-3.88771;-1.91097;-1.08623;
-7.69577;1.07155;-3.98242;-1.89425;-1.05599;
-7.64335;1.04832;-4.08327;-2.01703;-1.09149;
-7.58834;1.10018;-4.17716;-1.87771;-1.04079;
-7.52714;1.22413;-4.26133;-1.68351;-0.942091;
-7.47399;1.06291;-4.34268;-1.62705;-0.992122;
-7.42539;0.971962;-4.42914;-1.72923;-1.05873;
-7.3772;0.963901;-4.51416;-1.70024;-1.05505;
-7.33184;0.90709;-4.59257;-1.56821;-1.04639;
-7.28641;0.908589;-4.68208;-1.79026;-1.10115;
-7.24197;0.888939;-4.77173;-1.79301;-1.11053;
-7.19991;0.841104;-4.85159;-1.59713;-1.08607;
-7.15517;0.894922;-4.929;-1.54825;-1.0467;
-7.10111;1.08107;-5.00062;-1.43238;-0.924271;
-7.05685;0.8853;-5.08006;-1.58887;-1.06245;
-7.02176;0.701781;-5.17229;-1.84463;-1.20726;
-6.98437;0.74784;-5.2626;-1.80617;-1.17824;
-6.94883;0.710707;-5.35758;-1.89947;-1.21276;
-6.9029;0.918652;-5.44158;-1.68015;-1.07044;
-6.84999;1.05822;-5.5317;-1.80224;-1.03986;
-6.79179;1.16396;-5.62361;-1.83826;-1.00633;
-6.73311;1.17359;-5.70748;-1.67733;-0.960286;
-6.68751;0.912037;-5.7964;-1.77846;-1.09694;
-6.64162;0.917784;-5.8853;-1.77799;-1.09428;
-6.58752;1.08191;-5.97981;-1.89023;-1.05094;
-6.54069;0.936664;-6.07196;-1.8431;-1.10061;
-6.49046;1.00466;-6.16268;-1.81424;-1.06507;
-6.45064;0.796337;-6.24473;-1.6411;-1.11902;
-6.42652;0.482466;-6.35368;-2.17902;-1.3529;
-6.41346;0.26118;-6.46138;-2.15397;-1.45013;
-6.40401;0.18889;-6.56534;-2.07914;-1.4802;
-6.39497;0.180884;-6.66748;-2.04275;-1.48248;
-6.37839;0.331543;-6.76472;-1.94483;-1.40195;
-6.35706;0.426695;-6.86013;-1.90819;-1.3508;
-6.32617;0.61782;-6.95606;-1.91868;-1.25928;
-6.29227;0.67783;-7.05744;-2.02761;-1.24818;
-6.25537;0.738164;-7.15016;-1.85439;-1.19196;
-6.21854;0.736452;-7.24309;-1.85863;-1.19354;
-6.18059;0.759115;-7.33845;-1.90717;-1.19199;
-6.1434;0.743698;-7.43246;-1.88015;-1.19413;
-6.09963;0.875366;-7.52661;-1.88307;-1.13565;
-6.04167;1.15934;-7.6328;-2.12372;-1.0711;
-5.98937;1.04588;-7.72789;-1.90182;-1.068;
-5.9428;0.931413;-7.81689;-1.77997;-1.0887;
-5.89814;0.893324;-7.90401;-1.74236;-1.09703;
-5.8479;1.00467;-7.98994;-1.71867;-1.04181;
-5.79799;0.998212;-8.07912;-1.78359;-1.06056;
-5.74734;1.01313;-8.16366;-1.69085;-1.03098;
-5.70884;0.77001;-8.25773;-1.88144;-1.18233;
-5.68044;0.56788;-8.35722;-1.98966;-1.29277;
-5.64792;0.650478;-8.44731;-1.80198;-1.22437;
-5.61777;0.603043;-8.52968;-1.64734;-1.21988;
-5.59579;0.439481;-8.62954;-1.99717;-1.3542;
-5.58245;0.266737;-8.72048;-1.81875;-1.42517;
-5.57318;0.185544;-8.81339;-1.85819;-1.47127;
-5.56718;0.119899;-8.90831;-1.89846;-1.50772;
-5.56588;0.0260368;-9.00151;-1.86392;-1.55683;
-5.5603;0.111622;-9.09843;-1.93846;-1.51328;
-5.55986;0.00886455;-9.19689;-1.96922;-1.56629;
-5.55284;0.140278;-9.30736;-2.20943;-1.50739;
-5.55339;-0.0110009;-9.41082;-2.06918;-1.57611;
-5.54325;0.202877;-9.51324;-2.04831;-1.47207;
-5.53267;0.211489;-9.61348;-2.00487;-1.4657;
-5.52495;0.154552;-9.71362;-2.00282;-1.49378;
-5.51008;0.297335;-9.81512;-2.02989;-1.42535;
-5.49252;0.351205;-9.91358;-1.9693;-1.39431;
-5.48174;0.215555;-10.0075;-1.8783;-1.45654;
-5.45622;0.510413;-10.1158;-2.16698;-1.33947;
-5.43789;0.366682;-10.2268;-2.21819;-1.40697;
-5.42604;0.237031;-10.3386;-2.23703;-1.46523;
-5.42279;0.0650049;-10.4353;-1.93484;-1.53721;
-5.42603;-0.064891;-10.5197;-1.68791;-1.60922;
-5.43061;-0.0916731;-10.6087;-1.77913;-1.62228;
-5.43596;-0.106856;-10.6998;-1.82179;-1.62938;
-5.45791;-0.439147;-10.795;-1.90333;-1.79755;
-5.4755;-0.35166;-10.8783;-1.66788;-1.7786;
-5.49627;-0.415396;-10.9645;-1.7227;-1.80741;
-5.51778;-0.430193;-11.0544;-1.79842;-1.80559;
-5.55259;-0.69633;-11.1563;-2.0372;-1.90015;
-5.5714;-0.376093;-11.2433;-1.74082;-1.78357;
-5.59336;-0.439269;-11.3368;-1.87057;-1.80145;
-5.61701;-0.472903;-11.431;-1.88374;-1.81676;
-5.64236;-0.507122;-11.5268;-1.91563;-1.82959;
-5.67436;-0.64003;-11.6146;-1.75579;-1.92035;
-5.70508;-0.614309;-11.7069;-1.84515;-1.89219;
-5.73965;-0.691395;-11.8044;-1.95082;-1.9114;
-5.77212;-0.649491;-11.9006;-1.92399;-1.89636;
-5.7926;-0.409486;-11.9966;-1.91996;-1.78093;
-5.82509;-0.649945;-12.0805;-1.67834;-1.94027;
-5.84317;-0.361547;-12.1792;-1.97364;-1.75198;
-5.86454;-0.427311;-12.2665;-1.74526;-1.81091;
-5.89265;-0.562154;-12.3649;-1.96822;-1.849;
-5.91579;-0.462976;-12.4511;-1.724;-1.83315;
-5.94955;-0.675207;-12.5493;-1.96448;-1.90185;
-5.9707;-0.422819;-12.6572;-2.1582;-1.76426;
-5.99266;-0.43931;-12.7481;-1.81767;-1.80794;
-6.01453;-0.43736;-12.8423;-1.88413;-1.79888;
-6.03767;-0.462826;-12.9397;-1.94742;-1.80413;
-6.05516;-0.349698;-13.0382;-1.97163;-1.74634;
-6.07386;-0.374071;-13.1366;-1.96651;-1.75877;
-6.08834;-0.289583;-13.2291;-1.84971;-1.72609;
-6.11131;-0.459431;-13.325;-1.91838;-1.80586;
-6.13547;-0.483186;-13.4208;-1.91738;-1.81766;
-6.15553;-0.401166;-13.5166;-1.91437;-1.77736;
-6.17346;-0.358637;-13.6146;-1.96111;-1.75167;
-6.18073;-0.145362;-13.7195;-2.09724;-1.64;
-6.18496;-0.0845857;-13.8191;-1.99336;-1.6132;
-6.17865;0.126128;-13.9371;-2.35831;-1.51736;
-6.17924;-0.0118361;-14.049;-2.2388;-1.57608;
-6.18591;-0.133269;-14.1497;-2.01344;-1.63689;
-6.19362;-0.154311;-14.2503;-2.01321;-1.6473;
-6.20174;-0.162292;-14.3525;-2.04424;-1.65002;
-6.20398;-0.0448913;-14.4444;-1.8366;-1.59523;
-6.22214;-0.363234;-14.5376;-1.86474;-1.76318;
-6.23981;-0.353382;-14.634;-1.92765;-1.75211;
-6.26458;-0.495295;-14.7308;-1.93529;-1.82135;
-6.28735;-0.455455;-14.8282;-1.94795;-1.80048;
-6.31365;-0.526086;-14.9254;-1.94411;-1.83507;
-6.34308;-0.588629;-15.0232;-1.95727;-1.86293;
-6.38357;-0.809698;-15.112;-1.77627;-1.9985;
-6.41615;-0.651686;-15.2052;-1.86291;-1.90731;
-6.44935;-0.663902;-15.2995;-1.88642;-1.9092;
-6.48692;-0.751533;-15.3891;-1.79262;-1.96778;
-6.51241;-0.509701;-15.4791;-1.80004;-1.84673;
-6.53886;-0.52899;-15.5773;-1.96255;-1.83408;
-6.56432;-0.509149;-15.6674;-1.80268;-1.84607;
-6.59274;-0.568401;-15.7653;-1.959;-1.85319;
-6.61721;-0.48948;-15.8638;-1.9686;-1.8145;
-6.63076;-0.271056;-15.9619;-1.96166;-1.7081;
-6.64459;-0.276517;-16.0298;-1.35959;-1.77144;
-6.65602;-0.228703;-16.1094;-1.59138;-1.71353;
-6.66502;-0.179894;-16.2094;-2.00063;-1.66047;
-6.66286;0.043185;-16.314;-2.09101;-1.55015;
-6.66115;0.0341916;-16.4181;-2.08283;-1.55438;
-6.66284;-0.0338865;-16.5231;-2.0999;-1.58693;
-6.67059;-0.154967;-16.6274;-2.08523;-1.64498;
-6.68027;-0.193583;-16.7292;-2.03567;-1.66561;
-6.68704;-0.135273;-16.8283;-1.98267;-1.63892;
-6.70507;-0.360637;-16.916;-1.75378;-1.7736;
-6.73639;-0.626351;-16.9962;-1.60393;-1.9431;
-6.76629;-0.598041;-17.0689;-1.45478;-1.96082;
-6.80035;-0.681285;-17.1556;-1.73413;-1.94514;
-6.85358;-1.06449;-17.2502;-1.89117;-2.08347;
-6.90499;-1.02827;-17.3416;-1.8274;-2.08333;
-6.97135;-1.32711;-17.435;-1.86933;-2.18816;
-7.03769;-1.32679;-17.5214;-1.72676;-2.22595;
-7.10007;-1.24778;-17.6061;-1.69515;-2.20533;
-7.16128;-1.22405;-17.6895;-1.66689;-2.2042;
-7.22458;-1.26612;-17.7711;-1.63227;-2.23053;
-7.28674;-1.2431;-17.86;-1.77922;-2.18063;
-7.338;-1.02531;-17.947;-1.73968;-2.10336;
-7.3946;-1.132;-18.0404;-1.86823;-2.11556;
-7.44622;-1.03244;-18.1374;-1.93948;-2.05997;
-7.50558;-1.1872;-18.2312;-1.8764;-2.13491;
-7.55336;-0.955568;-18.3266;-1.90632;-2.03545;
-7.59984;-0.929538;-18.4153;-1.77546;-2.05311;
-7.63452;-0.693565;-18.4934;-1.56156;-1.98877;
-7.66385;-0.586645;-18.5814;-1.76055;-1.89244;
-7.6929;-0.58101;-18.6797;-1.96577;-1.85818;
-7.71902;-0.522362;-18.7779;-1.96415;-1.83073;
-7.76369;-0.893498;-18.891;-2.26164;-1.94704;
-7.82628;-1.25165;-18.9863;-1.90521;-2.15205;
-7.88168;-1.10802;-19.0726;-1.7257;-2.14158;
-7.93968;-1.15999;-19.1528;-1.6053;-2.19653;
-7.99877;-1.18186;-19.2386;-1.71478;-2.17425;
-8.05682;-1.16099;-19.319;-1.60901;-2.19585;
-8.1102;-1.06756;-19.3845;-1.30966;-2.2547;
-8.17458;-1.28761;-19.4607;-1.52347;-2.27249;
-8.23795;-1.26752;-19.5396;-1.57854;-2.24734;
-8.29704;-1.18174;-19.6155;-1.51785;-2.23233;
-8.35931;-1.24545;-19.6933;-1.55606;-2.24578;
-8.41547;-1.12309;-19.7643;-1.42101;-2.23963;
-8.46572;-1.00503;-19.8396;-1.50487;-2.15962;
-8.51641;-1.01381;-19.9272;-1.7521;-2.09535;
-8.56555;-0.98282;-20.0145;-1.74706;-2.08323;
-8.61695;-1.02788;-20.0928;-1.5645;-2.15208;
-8.66022;-0.865521;-20.1849;-1.84198;-2.01006;
-8.71238;-1.04324;-20.2807;-1.91652;-2.06929;
-8.76593;-1.07099;-20.3701;-1.78803;-2.11046;
-8.82954;-1.27214;-20.4678;-1.95404;-2.1479;
-8.8931;-1.27124;-20.5553;-1.74991;-2.19906;
-8.95355;-1.20889;-20.6458;-1.81091;-2.15942;
-9.01106;-1.1502;-20.7325;-1.73427;-2.15641;
-9.07165;-1.21182;-20.8139;-1.62661;-2.21109;
-9.13931;-1.35325;-20.8918;-1.55916;-2.28561;
-9.20653;-1.34447;-20.9672;-1.50664;-2.29937;
-9.27861;-1.44158;-21.053;-1.71568;-2.2696;
-9.34847;-1.39712;-21.1264;-1.46934;-2.33101;
-9.41382;-1.30708;-21.1889;-1.24944;-2.37874;
-9.48272;-1.37791;-21.2609;-1.44049;-2.33399;
-9.55106;-1.36686;-21.3249;-1.2787;-2.38951;
-9.62073;-1.39341;-21.3888;-1.27831;-2.39925;
-9.68796;-1.34457;-21.4558;-1.34158;-2.35731;
-9.75384;-1.3176;-21.5216;-1.31511;-2.35714;
-9.82515;-1.42626;-21.5928;-1.42379;-2.35706;
-9.89717;-1.44038;-21.6622;-1.38747;-2.3749;
-9.96918;-1.44023;-21.7299;-1.35473;-2.38678;
-10.0405;-1.42706;-21.784;-1.08133;-2.49316;
-10.107;-1.32866;-21.8304;-0.928329;-2.53174;
-10.1733;-1.32759;-21.8783;-0.959173;-2.51593;
-10.2521;-1.57554;-21.9293;-1.01865;-2.56765;
-10.3204;-1.36575;-21.9694;-0.80263;-2.61028;
-10.3961;-1.51287;-22.0117;-0.846419;-2.6315;
-10.4707;-1.49318;-22.0521;-0.808038;-2.64557;
-10.5609;-1.8044;-22.1005;-0.966415;-2.64988;
-10.6598;-1.97799;-22.1324;-0.639346;-2.82896;
-10.7384;-1.57051;-22.1956;-1.26399;-2.46392;
-10.815;-1.53345;-22.2597;-1.28226;-2.44517;
-10.8856;-1.41131;-22.329;-1.38474;-2.3657;
-10.9531;-1.34923;-22.4048;-1.51626;-2.29797;
-11.0202;-1.34221;-22.486;-1.62359;-2.2616;
-11.0792;-1.1801;-22.5712;-1.70454;-2.17635;
-11.1324;-1.06391;-22.6514;-1.60389;-2.15648;
-11.179;-0.933335;-22.732;-1.61172;-2.0957;
-11.2208;-0.835519;-22.8136;-1.63335;-2.04363;
-11.248;-0.544339;-22.8915;-1.55809;-1.9069;
-11.2818;-0.675605;-22.9747;-1.66413;-1.95645;
-11.3159;-0.682753;-23.0673;-1.85195;-1.924;
-11.3474;-0.629892;-23.1625;-1.90211;-1.89058;
-11.3757;-0.564196;-23.2585;-1.92024;-1.85657;
-11.401;-0.507337;-23.36;-2.03063;-1.81563;
-11.4276;-0.531165;-23.4623;-2.04603;-1.8248;
-11.4456;-0.360154;-23.5601;-1.95695;-1.7528;
-11.4623;-0.333868;-23.6587;-1.97172;-1.73853;
-11.4757;-0.269051;-23.7637;-2.09986;-1.69823;
-11.4877;-0.23857;-23.8625;-1.97595;-1.69095;
-11.5035;-0.316195;-23.9658;-2.06508;-1.72273;
-11.5163;-0.256375;-24.0632;-1.94787;-1.70166;
-11.5381;-0.435727;-24.1649;-2.03559;-1.78167;
-11.5675;-0.587801;-24.2733;-2.16663;-1.83572;
-11.5963;-0.577691;-24.3747;-2.02898;-1.84818;
-11.6209;-0.491175;-24.4602;-1.70858;-1.85072;
-11.6528;-0.637397;-24.5552;-1.90112;-1.89429;
-11.6846;-0.637204;-24.6744;-2.38463;-1.83191;
-11.7115;-0.537657;-24.7816;-2.14217;-1.8167;
-11.7141;-0.052258;-24.8907;-2.1831;-1.59473;
-11.72;-0.117374;-24.993;-2.0467;-1.62808;
-11.7265;-0.12961;-25.0931;-2.00087;-1.63548;
-11.7366;-0.202542;-25.1926;-1.99042;-1.67221;
-11.7463;-0.193605;-25.2967;-2.08241;-1.6635;
-11.747;-0.0133947;-25.4016;-2.09805;-1.57718;
-11.7459;0.0214827;-25.5094;-2.15466;-1.56083;
-11.7386;0.144876;-25.6042;-1.89714;-1.49458;
-11.7362;0.0489434;-25.6881;-1.67742;-1.54163;
-11.7418;-0.112526;-25.7784;-1.80646;-1.63301;
-11.7507;-0.177378;-25.8667;-1.76546;-1.67093;
-11.7618;-0.221569;-25.9605;-1.87595;-1.68836;
-11.7799;-0.363175;-26.0525;-1.83997;-1.76567;
-11.7997;-0.395647;-26.148;-1.91018;-1.77503;
-11.8177;-0.359232;-26.2482;-2.00368;-1.7482;
-11.8337;-0.320019;-26.3551;-2.1389;-1.71931;
-11.8715;-0.756969;-26.4517;-1.93197;-1.94422;
-11.9124;-0.817783;-26.5325;-1.61495;-2.03954;
-11.9566;-0.884789;-26.6122;-1.59416;-2.07748;
-11.9926;-0.719381;-26.7013;-1.78179;-1.95452;
-12.0407;-0.962511;-26.8069;-2.11344;-1.99815;
-12.0814;-0.812962;-26.9052;-1.96621;-1.96286;
-12.1206;-0.784197;-26.999;-1.87533;-1.96686;
-12.1591;-0.77004;-27.0822;-1.66404;-2.00421;
-12.1919;-0.656726;-27.17;-1.75606;-1.92867;
-12.2128;-0.417985;-27.2666;-1.9324;-1.78382;
-12.2313;-0.3691;-27.3657;-1.98066;-1.75503;
-12.2566;-0.506102;-27.4645;-1.97652;-1.82147;
-12.2782;-0.432338;-27.5565;-1.83929;-1.80166;
-12.3009;-0.454392;-27.6505;-1.88099;-1.80783;
-12.3308;-0.597248;-27.7454;-1.89723;-1.87577;
-12.3566;-0.515459;-27.8419;-1.9301;-1.83177;
-12.3821;-0.510744;-27.9392;-1.9468;-1.82737;
-12.4112;-0.58279;-28.029;-1.79582;-1.8846;
-12.4409;-0.592374;-28.1218;-1.85581;-1.87977;
-12.4758;-0.699132;-28.2125;-1.81486;-1.9385;
-12.5194;-0.872377;-28.3005;-1.75885;-2.03123;
-12.5692;-0.995604;-28.3939;-1.86899;-2.06026;
-12.6125;-0.865804;-28.4703;-1.52714;-2.08655;
-12.6613;-0.975371;-28.554;-1.67511;-2.09808;
-12.7106;-0.985604;-28.6399;-1.71649;-2.09203;
-12.7526;-0.840831;-28.7307;-1.81741;-2.00412;
-12.7948;-0.843782;-28.8202;-1.78856;-2.0116;
-12.8381;-0.867136;-28.9109;-1.8148;-2.01654;
-12.8802;-0.841822;-29.0087;-1.9562;-1.97718;
-12.9254;-0.9024;-29.1042;-1.91017;-2.01214;
-12.9718;-0.929015;-29.2027;-1.96954;-2.01154;
-13.0046;-0.654996;-29.2875;-1.69543;-1.93946;
-13.0362;-0.632462;-29.377;-1.79011;-1.91042;
-13.0803;-0.883235;-29.4732;-1.92463;-2.00104;
-13.1176;-0.74554;-29.5737;-2.0096;-1.92605;
-13.1535;-0.717268;-29.6655;-1.83579;-1.94327;
-13.1849;-0.628461;-29.7591;-1.87218;-1.89466;
-13.2137;-0.576031;-29.8529;-1.87685;-1.86858;
-13.2411;-0.548019;-29.9489;-1.92005;-1.84882;

-13.2534;-0.246042;29.9427;-2.16697;-1.68385;
-13.2913;-0.756981;29.8407;-2.04057;-1.92602;
-13.3297;-0.76831;29.7593;-1.62867;-2.01158;
-13.3781;-0.969148;29.6754;-1.67804;-2.09454;
-13.4315;-1.06631;29.5912;-1.68257;-2.13565;
-13.4936;-1.24309;29.5199;-1.42577;-2.28785;
-13.5557;-1.24234;29.4473;-1.45335;-2.27808;
-13.6163;-1.2106;29.3727;-1.49091;-2.2528;
-13.6865;-1.40412;29.2886;-1.68301;-2.2661;
-13.7553;-1.37671;29.208;-1.61157;-2.27776;
-13.8225;-1.34316;29.1299;-1.56153;-2.28115;
-13.8908;-1.36643;29.0511;-1.57565;-2.2852;
-13.9522;-1.22926;28.9756;-1.5098;-2.25413;
-14.0173;-1.30048;28.8997;-1.51803;-2.27916;
-14.0823;-1.30016;28.8194;-1.60684;-2.25109;
-14.1511;-1.3763;28.7247;-1.89372;-2.19926;
-14.2149;-1.27661;28.6366;-1.76197;-2.1978;
-14.2785;-1.27213;28.5422;-1.88753;-2.16383;
-14.3437;-1.3027;28.4421;-2.00312;-2.14741;
-14.4001;-1.12974;28.3537;-1.76673;-2.13972;
-14.456;-1.11665;28.2684;-1.70661;-2.15019;
-14.501;-0.899677;28.1809;-1.75102;-2.04542;
-14.5433;-0.846872;28.0945;-1.72692;-2.02673;
-14.5827;-0.787009;28.0027;-1.8365;-1.97566;
-14.62;-0.746613;27.8991;-2.07195;-1.91665;
-14.6552;-0.704814;27.8028;-1.92536;-1.92171;
-14.6837;-0.570158;27.7071;-1.91532;-1.86013;
-14.7089;-0.503533;27.6164;-1.81308;-1.84169;
-14.7311;-0.444523;27.5257;-1.81454;-1.81104;
-14.7599;-0.575219;27.4435;-1.64441;-1.9073;
-14.7899;-0.599208;27.3528;-1.81385;-1.88986;
-14.8152;-0.506293;27.2568;-1.91847;-1.82882;
-14.8451;-0.598832;27.1536;-2.06392;-1.85319;
-14.8683;-0.463907;27.0504;-2.06567;-1.79171;
-14.897;-0.574252;26.9486;-2.03467;-1.84587;
-14.9244;-0.547204;26.8494;-1.98503;-1.83978;
-14.9537;-0.586978;26.7592;-1.80392;-1.88538;
-14.9733;-0.390911;26.6641;-1.9012;-1.77358;
-14.9952;-0.438806;26.5743;-1.7963;-1.81039;
-15.0182;-0.458961;26.4808;-1.8706;-1.8114;
-15.0407;-0.450356;26.3879;-1.85765;-1.80864;
-15.0616;-0.417893;26.2903;-1.95262;-1.78163;
-15.0907;-0.582699;26.1877;-2.05224;-1.84745;
-15.1234;-0.654276;26.0849;-2.05408;-1.87916;
-15.1468;-0.46796;25.9791;-2.11686;-1.78836;
-15.1653;-0.368743;25.8714;-2.15375;-1.74036;
-15.1791;-0.2766;25.7576;-2.27727;-1.69167;
-15.187;-0.15867;25.6472;-2.20672;-1.64258;
-15.1943;-0.146422;25.5431;-2.08227;-1.641;
-15.2007;-0.126893;25.4422;-2.01907;-1.63356;
-15.2086;-0.158925;25.3437;-1.96895;-1.65134;
-15.2089;-0.00458263;25.2466;-1.94124;-1.57316;
-15.2069;0.0386456;25.1479;-1.97465;-1.55123;
-15.2099;-0.0596332;25.0399;-2.1596;-1.5984;
-15.2007;0.184775;24.9287;-2.22543;-1.48796;
-15.19;0.213428;24.8261;-2.0521;-1.46716;
-15.1969;-0.138173;24.7204;-2.11265;-1.63611;
-15.2106;-0.274587;24.6162;-2.08392;-1.70181;
-15.2282;-0.350266;24.5122;-2.08105;-1.73755;
-15.2399;-0.235657;24.4113;-2.01712;-1.6871;
-15.2617;-0.434609;24.3115;-1.9965;-1.78514;
-15.2854;-0.47451;24.226;-1.71025;-1.84144;
-15.3311;-0.914836;24.1341;-1.83718;-2.03281;
-15.3706;-0.789854;24.033;-2.02166;-1.94326;
-15.4104;-0.795506;23.9351;-1.95969;-1.95641;
-15.4481;-0.754245;23.8389;-1.92226;-1.94471;
-15.4807;-0.652639;23.7414;-1.95116;-1.89359;
-15.5125;-0.634575;23.6472;-1.88356;-1.89575;
-15.5405;-0.559922;23.5472;-1.9999;-1.84378;
-15.5752;-0.693626;23.4401;-2.14177;-1.88399;
-15.6204;-0.904291;23.343;-1.94248;-2.00649;
-15.6662;-0.917217;23.2532;-1.79641;-2.04287;
-15.7106;-0.887534;23.1677;-1.71028;-2.04948;
-15.765;-1.08762;23.0846;-1.66139;-2.15043;
-15.8137;-0.973791;23.0004;-1.68447;-2.09496;
-15.8716;-1.15917;22.9226;-1.55636;-2.21096;
-15.9397;-1.3608;22.8473;-1.50504;-2.30591;
-16.0134;-1.47434;22.7824;-1.29881;-2.41941;
-16.0999;-1.72987;22.7302;-1.0429;-2.59906;
-16.1863;-1.72885;22.6887;-0.830804;-2.69362;
-16.2887;-2.04783;22.6607;-0.560022;-2.87465;
-16.3841;-1.90793;22.6512;-0.189981;-3.04235;
-16.4772;-1.86192;22.6415;-0.194417;-3.03755;
-16.5758;-1.97193;22.6477;0.124481;3.07855;
-16.6724;-1.93235;22.66;0.247054;3.01443;
-16.7656;-1.86382;22.6944;0.687366;2.78827;
-16.8585;-1.85727;22.7456;1.02349;2.63793;
-16.9383;-1.59662;22.807;1.2287;2.48569;
-17.0219;-1.67149;22.866;1.17936;2.52714;
-17.1138;-1.83809;22.9125;0.930542;2.67295;
-17.1967;-1.65767;22.9678;1.10593;2.55325;
-17.2815;-1.69561;23.028;1.20351;2.52434;
-17.3609;-1.58793;23.087;1.18039;2.50236;
-17.4336;-1.45592;23.1509;1.27717;2.4215;
-17.5118;-1.56333;23.2067;1.11747;2.521;
-17.5726;-1.21475;23.2813;1.49159;2.25426;
-17.638;-1.30825;23.3471;1.31646;2.35307;
-17.7112;-1.4647;23.4125;1.30801;2.41264;
-17.8017;-1.8107;23.4969;1.6883;2.39116;
-17.8861;-1.68729;23.571;1.4804;2.42142;
-17.9568;-1.41344;23.6355;1.29131;2.40132;
-18.0409;-1.68213;23.6915;1.12035;2.55403;
-18.1276;-1.73358;23.7549;1.26642;2.51067;
-18.2114;-1.6779;23.812;1.14179;2.54408;
-18.2977;-1.72418;23.8637;1.03484;2.60103;
-18.3771;-1.58882;23.9142;1.00916;2.57572;
-18.4604;-1.66616;23.946;0.636332;2.77677;
-18.5378;-1.54734;23.9838;0.756878;2.68667;
-18.6125;-1.49416;24.0435;1.19302;2.46779;
-18.6812;-1.37407;24.1163;1.45725;2.32683;
-18.7413;-1.20157;24.1863;1.40026;2.27998;
-18.7989;-1.15215;24.2639;1.55089;2.20974;
-18.8578;-1.1778;24.3334;1.39087;2.27343;
-18.9134;-1.11357;24.4181;1.69346;2.15248;
-18.9725;-1.18029;24.4928;1.49327;2.23966;
-19.0316;-1.18254;24.5686;1.51586;2.23329;
-19.0778;-0.924411;24.6494;1.6166;2.09024;
-19.1325;-1.09455;24.7321;1.65323;2.15561;
-19.1924;-1.19653;24.8146;1.64994;2.19823;
-19.249;-1.13258;24.8993;1.6959;2.15961;
-19.3073;-1.16565;24.9817;1.64712;2.18666;
-19.3751;-1.35722;25.0715;1.79639;2.21783;
-19.4358;-1.21329;25.1589;1.74797;2.17756;
-19.491;-1.10477;25.2428;1.67669;2.1534;
-19.54;-0.978888;25.3229;1.60388;2.11877;
-19.586;-0.920128;25.3849;1.23949;2.20938;
-19.6287;-0.854285;25.4591;1.48276;2.09349;
-19.6732;-0.88917;25.5445;1.70881;2.05059;
-19.7213;-0.962974;25.6302;1.71478;2.08248;
-19.7496;-0.565052;25.7126;1.6468;1.90133;
-19.7956;-0.921391;25.7959;1.66571;2.07606;
-19.8452;-0.991931;25.8845;1.77216;2.08108;
-19.8942;-0.979249;25.9715;1.73989;2.08343;
-19.9486;-1.0874;26.056;1.69032;2.14245;
-20.0002;-1.03311;26.1398;1.67703;2.12292;
-20.0557;-1.10877;26.2334;1.87129;2.1057;
-20.107;-1.02727;26.3399;2.12946;2.02027;
-20.166;-1.17948;26.4437;2.07641;2.08738;
-20.2177;-1.03496;26.5316;1.7586;2.10273;
-20.2544;-0.733412;26.6197;1.76113;1.9654;
-20.2682;-0.276683;26.7125;1.85589;1.71879;
-20.3094;-0.823659;26.8027;1.80354;1.9992;
-20.3473;-0.757066;26.8892;1.73042;1.98321;
-20.3836;-0.725931;26.9802;1.82146;1.95005;
-20.4036;-0.400998;27.0736;1.86723;1.78234;
-20.4402;-0.730925;27.1567;1.66234;1.98505;
-20.4815;-0.826429;27.2558;1.98192;1.96586;
-20.526;-0.890213;27.3646;2.17476;1.95933;
-20.5549;-0.577401;27.4616;1.94077;1.85997;
-20.5761;-0.423603;27.5574;1.91594;1.78839;
-20.6148;-0.775107;27.6484;1.82046;1.97332;
-20.6454;-0.612781;27.7451;1.93454;1.87756;
-20.6816;-0.723377;27.8314;1.72605;1.96765;
-20.7119;-0.606298;27.9229;1.8285;1.89097;
-20.7489;-0.739608;28.0079;1.7002;1.98112;
-20.7839;-0.700595;28.1019;1.88024;1.92747;
-20.816;-0.640835;28.1973;1.90903;1.89466;
-20.8537;-0.753977;28.3004;2.0604;1.9216;
-20.8879;-0.684599;28.3935;1.86338;1.92288;
-20.9148;-0.537024;28.5032;2.193;1.81095;
-20.9356;-0.41744;28.6039;2.01377;1.77519;
-20.9728;-0.74366;28.6907;1.73685;1.97535;
-21.0024;-0.59223;28.7854;1.89322;1.87397;
-21.0323;-0.597263;28.8914;2.11954;1.84546;
-21.0626;-0.605537;28.9891;1.95551;1.87109;
-21.089;-0.528971;29.0822;1.86159;1.84765;
-21.1256;-0.731388;29.1758;1.87169;1.94331;
-21.1431;-0.349833;29.2792;2.06823;1.73836;
-21.1728;-0.59422;29.3795;2.00644;1.85872;
-21.2053;-0.6494;29.476;1.93046;1.8953;
-21.2437;-0.768769;29.5725;1.9287;1.95009;
-21.2868;-0.862881;29.6658;1.86654;2.00382;
-21.3266;-0.794979;29.7498;1.6794;2.01292;
-21.3688;-0.843406;29.8383;1.76984;2.0155;
-21.4113;-0.851662;29.9293;1.81975;2.00853;

-21.4542;-0.856596;-29.9772;1.87094;2.00015;
-21.4886;-0.687767;-29.8805;1.93325;1.91259;
-21.5187;-0.602953;-29.7755;2.1014;1.85022;
-21.5454;-0.533289;-29.6752;2.00572;1.83067;
-21.5745;-0.581799;-29.5756;1.99244;1.8549;
-21.601;-0.530006;-29.4781;1.94929;1.83628;
-21.6262;-0.504574;-29.3842;1.87815;1.83325;
-21.6486;-0.448796;-29.2913;1.85706;1.80792;
-21.6722;-0.47082;-29.1902;2.02295;1.79946;
-21.7;-0.556637;-29.0893;2.01853;1.83987;
-21.726;-0.519351;-28.9892;2.00147;1.82468;
-21.749;-0.460063;-28.8991;1.80131;1.82085;
-21.7743;-0.506906;-28.7978;2.02649;1.81591;
-21.7977;-0.467558;-28.695;2.05497;1.79451;
-21.8138;-0.321685;-28.5903;2.09515;1.72314;
-21.8328;-0.380053;-28.4923;1.95892;1.76243;
-21.8512;-0.36814;-28.3917;2.01317;1.75166;
-21.867;-0.316762;-28.2975;1.88414;1.73736;
-21.8893;-0.444517;-28.1945;2.05937;1.78339;
-21.9079;-0.372732;-28.0907;2.07667;1.74839;
-21.9226;-0.294258;-27.9924;1.96462;1.71947;
-21.9372;-0.291932;-27.8824;2.19991;1.70273;
-21.9568;-0.391255;-27.7778;2.09288;1.75561;
-21.9645;-0.153908;-27.6781;1.99393;1.64783;
-21.9694;-0.0994845;-27.5775;2.01276;1.62018;
-21.9766;-0.142937;-27.4609;2.33066;1.63205;
-21.9885;-0.239142;-27.3521;2.17735;1.68019;
-22.0006;-0.240839;-27.2448;2.14509;1.6826;
-22.0163;-0.313504;-27.1433;2.02977;1.72404;
-22.0333;-0.34149;-27.0427;2.01169;1.73895;
-22.0493;-0.319192;-26.9413;2.02843;1.72688;
-22.0731;-0.477119;-26.8366;2.09388;1.79484;
-22.0901;-0.33906;-26.7346;2.03975;1.73552;
-22.1021;-0.239167;-26.6326;2.04156;1.68741;
-22.1108;-0.175246;-26.5298;2.05426;1.6559;
-22.1175;-0.133649;-26.4304;1.98888;1.63789;
-22.1231;-0.112163;-26.3416;1.77685;1.63384;
-22.1335;-0.207013;-26.2491;1.84946;1.68226;
-22.1276;0.11629;-26.1513;1.95534;1.51139;
-22.1235;0.0831716;-26.0499;2.02747;1.5298;
-22.1224;0.0215959;-25.9397;2.20574;1.56101;
-22.1274;-0.100182;-25.8357;2.0794;1.61894;
-22.1133;0.281419;-25.7337;2.04036;1.43373;
-22.1006;0.255085;-25.6471;1.73072;1.42446;
-22.1065;-0.117438;-25.5478;1.98706;1.62983;
-22.0931;0.267144;-25.4461;2.03452;1.44024;
-22.0735;0.391723;-25.3458;2.00501;1.37785;
-22.0487;0.495677;-25.2501;1.91338;1.31731;
-22.023;0.515283;-25.1481;2.04023;1.32341;
-21.9949;0.56155;-25.047;2.02325;1.30006;
-21.9647;0.604219;-24.947;1.99956;1.27734;
-21.9305;0.684278;-24.8488;1.96387;1.23552;
-21.8899;0.81243;-24.7525;1.92548;1.17152;
-21.8477;0.842389;-24.6775;1.50003;1.0591;
-21.8066;0.822607;-24.5906;1.7381;1.12875;
-21.7672;0.787697;-24.5074;1.66404;1.12868;
-21.7242;0.861254;-24.4359;1.42958;1.02858;
-21.6809;0.864464;-24.3553;1.61176;1.0785;
-21.647;0.677804;-24.2649;1.80823;1.21216;
-21.6043;0.85449;-24.1759;1.78033;1.12331;
-21.5806;0.473492;-24.1104;1.3093;1.22379;
-21.5575;0.462332;-24.0285;1.63973;1.29597;
-21.5277;0.596724;-23.9346;1.87795;1.26313;
-21.4976;0.601966;-23.8307;2.07668;1.28866;
-21.459;0.771604;-23.7288;2.03898;1.20903;
-21.4225;0.729659;-23.6298;1.97912;1.21758;
-21.3842;0.766071;-23.5347;1.9016;1.18783;
-21.3466;0.752652;-23.4367;1.96021;1.20419;
-21.3099;0.733112;-23.3384;1.96695;1.21403;
-21.2636;0.926568;-23.2385;1.99711;1.1364;
-21.2256;0.759189;-23.136;2.05111;1.2163;
-21.2052;0.409335;-23.0426;1.86716;1.35498;
-21.1763;0.577311;-22.9511;1.83105;1.26537;
-21.1447;0.633018;-22.8588;1.8444;1.24018;
-21.1148;0.596397;-22.7623;1.93032;1.27114;
-21.0892;0.512302;-22.665;1.94711;1.31352;
-21.0654;0.476099;-22.5513;2.27442;1.36445;
-21.031;0.687776;-22.4549;1.92657;1.2279;
-21.003;0.560689;-22.3574;1.95135;1.291;
-20.9899;0.262301;-22.2521;2.10479;1.44681;
-20.9832;0.133801;-22.1493;2.05613;1.50581;
-20.9755;0.153044;-22.0422;2.14129;1.49944;
-20.9743;0.024504;-21.9381;2.08189;1.55903;
-20.9759;-0.0322966;-21.8363;2.03678;1.58665;
-20.9777;-0.035666;-21.7324;2.07754;1.58796;
-20.983;-0.106178;-21.6293;2.06361;1.6222;
-20.9887;-0.113733;-21.5278;2.02821;1.62681;
-20.9987;-0.199889;-21.4266;2.02504;1.66919;
-21.0008;-0.0427432;-21.3284;1.96308;1.59257;
-21.0079;-0.140463;-21.2305;1.95939;1.64236;
-21.0144;-0.13163;-21.1313;1.98263;1.63709;
-21.0213;-0.136361;-21.0279;2.06901;1.63661;
-21.0271;-0.116909;-20.9244;2.07065;1.6272;
-21.0386;-0.229813;-20.815;2.18641;1.67552;
-21.0517;-0.261323;-20.7149;2.00277;1.70054;
-21.0698;-0.362777;-20.6164;1.96931;1.75297;
-21.0906;-0.416837;-20.5254;1.82037;1.7959;
-21.1097;-0.380807;-20.4306;1.89573;1.76903;
-21.1265;-0.336744;-20.337;1.87265;1.74872;
-21.1446;-0.362349;-20.2387;1.96642;1.75302;
-21.1658;-0.423534;-20.14;1.97309;1.78224;
-21.1927;-0.53797;-20.0415;1.97031;1.83734;
-21.2164;-0.474145;-19.9452;1.92687;1.81207;
-21.242;-0.512292;-19.8478;1.94758;1.82801;
-21.2624;-0.4078;-19.7319;2.3177;1.74496;
-21.2824;-0.399157;-19.6281;2.0757;1.76078;
-21.3093;-0.538339;-19.5191;2.18087;1.8128;
-21.3369;-0.551346;-19.4117;2.14711;1.82215;
-21.3636;-0.53409;-19.3165;1.90455;1.8442;
-21.3889;-0.506718;-19.2145;2.0402;1.81424;
-21.424;-0.701848;-19.1157;1.97465;1.9123;
-21.4592;-0.70337;-19.0199;1.91639;1.92256;
-21.5;-0.817268;-18.9315;1.76766;2.00387;
-21.541;-0.819592;-18.8443;1.7442;2.01007;
-21.5834;-0.847526;-18.7541;1.8036;2.01008;
-21.6203;-0.738862;-18.6599;1.88413;1.94452;
-21.6537;-0.667472;-18.566;1.87902;1.91212;
-21.69;-0.725187;-18.4578;2.16391;1.89416;
-21.7243;-0.687316;-18.3575;2.00497;1.90105;
-21.7541;-0.596178;-18.2498;2.15538;1.84065;
-21.7819;-0.555448;-18.1452;2.09056;1.83049;
-21.8022;-0.404989;-18.0417;2.07015;1.76399;
-21.832;-0.59608;-17.9356;2.12203;1.84464;
-21.8653;-0.667454;-17.8283;2.14616;1.87231;
-21.9045;-0.78375;-17.7248;2.06968;1.93279;
-21.9314;-0.537376;-17.6215;2.06684;1.82516;
-21.961;-0.591566;-17.5261;1.90891;1.87131;
-21.9811;-0.402202;-17.4329;1.86372;1.78334;
-22.0087;-0.552752;-17.3315;2.02765;1.83694;
-22.0234;-0.293259;-17.2311;2.00845;1.71578;
-22.0444;-0.420882;-17.1336;1.94874;1.78351;
-22.0535;-0.181051;-17.0294;2.08512;1.65741;
-22.0572;-0.074195;-16.9293;2.00192;1.60784;
-22.0604;-0.0650294;-16.8291;2.00427;1.60323;
-22.0612;-0.0154301;-16.7296;1.98963;1.57855;
-22.0501;0.222667;-16.6261;2.07061;1.46367;
-22.0457;0.0879101;-16.5234;2.05394;1.52802;
-22.0398;0.11792;-16.4044;2.37947;1.52128;
-22.0366;0.063805;-16.2986;2.1147;1.54063;
-22.0202;0.32802;-16.1855;2.26227;1.4268;
-22.0132;0.1404;-16.079;2.13112;1.50501;
-22.0068;0.127156;-15.9721;2.13774;1.51138;
-22.0019;0.0985391;-15.8663;2.11517;1.52424;
-22.0063;-0.0871807;-15.7495;2.33738;1.60808;
-22.0007;0.111352;-15.6377;2.23587;1.52103;
-21.9889;0.235767;-15.5364;2.02608;1.45495;
-21.9789;0.200194;-15.4397;1.93243;1.46757;
-21.962;0.33723;-15.3311;2.17248;1.4168;
-21.9473;0.294963;-15.2156;2.31002;1.4438;
-21.9328;0.289542;-15.1116;2.07998;1.43248;
-21.9251;0.153737;-15.0064;2.1048;1.49788;
-21.9109;0.284439;-14.8975;2.1771;1.44088;
-21.8968;0.281029;-14.789;2.17089;1.44206;
-21.8792;0.353266;-14.6856;2.06823;1.40162;
-21.8481;0.621862;-14.59;1.91203;1.25635;
-21.8375;0.212491;-14.4869;2.06041;1.46803;
-21.8265;0.218637;-14.3853;2.03316;1.46367;
-21.8193;0.14549;-14.2756;2.19327;1.50456;
-21.8179;0.0273451;-14.1847;1.81767;1.55575;
-21.805;0.257663;-14.0969;1.75647;1.42514;
-21.7957;0.185265;-14.0016;1.90548;1.47387;
-21.7949;0.0178055;-13.9137;1.75915;1.56067;
-21.8003;-0.10813;-13.8071;2.13077;1.6215;
-21.7916;0.173729;-13.6951;2.2406;1.49341;
-21.7887;0.0583138;-13.5876;2.14958;1.54368;
-21.784;0.0928512;-13.4875;2.00275;1.52447;
-21.7934;-0.188324;-13.3918;1.91352;1.6689;
-21.8058;-0.246576;-13.2911;2.01449;1.69259;
-21.8105;-0.0942361;-13.186;2.10156;1.61561;
-21.8327;-0.445488;-13.081;2.10128;1.77971;
-21.8594;-0.533408;-12.9844;1.931;1.84031;
-21.886;-0.532328;-12.88;2.08886;1.82033;
-21.9132;-0.542487;-12.7873;1.85429;1.85541;
-21.9455;-0.646065;-12.6946;1.85253;1.90635;
-21.9821;-0.733614;-12.6158;1.57721;2.00616;
-22.0285;-0.926416;-12.5392;1.53095;2.11498;
-22.0722;-0.874937;-12.4485;1.81371;2.02027;
-22.1095;-0.745242;-12.362;1.73025;1.9775;
-22.1463;-0.737299;-12.2719;1.80151;1.95927;
-22.1852;-0.777588;-12.1824;1.79079;1.98045;
-22.2229;-0.754516;-12.0904;1.84041;1.95987;
-22.2561;-0.663474;-12.0101;1.60614;1.96253;
-22.303;-0.937351;-11.9125;1.95233;2.01841;
-22.3465;-0.870826;-11.8149;1.95173;1.99047;
-22.3874;-0.81672;-11.7163;1.97112;1.96361;
-22.4325;-0.90222;-11.6239;1.84742;2.02509;
-22.4786;-0.922239;-11.5435;1.60837;2.09143;
-22.5316;-1.06101;-11.4489;1.89269;2.08173;
-22.5854;-1.07475;-11.3518;1.94269;2.07611;
-22.6422;-1.13585;-11.2686;1.66293;2.17005;
-22.6776;-0.708618;-11.1719;1.93405;1.922;
-22.7351;-1.15099;-11.0709;2.02062;2.08858;
-22.7878;-1.05324;-10.9764;1.88872;2.07949;
-22.8495;-1.23453;-10.8768;1.99251;2.12549;
-22.9025;-1.05922;-10.7795;1.9465;2.06915;
-22.9427;-0.804371;-10.6798;1.9939;1.95424;
-22.9794;-0.734586;-10.5981;1.6331;1.99349;
-23.0205;-0.821756;-10.5049;1.86493;1.98584;
-23.055;-0.69043;-10.41;1.89738;1.91979;
-23.0821;-0.540237;-10.31;1.99997;1.83462;
-23.1071;-0.501459;-10.2112;1.97752;1.81914;
-23.1252;-0.362164;-10.1246;1.73163;1.77697;
-23.1408;-0.311053;-10.0266;1.95953;1.72822;
-23.1572;-0.3276;-9.93342;1.86345;1.74482;
-23.1743;-0.341605;-9.83969;1.87461;1.75105;
-23.1895;-0.304774;-9.74241;1.94573;1.72617;
-23.2029;-0.267433;-9.64396;1.96884;1.7058;
-23.2142;-0.225738;-9.54217;2.03595;1.68122;
-23.2288;-0.293677;-9.44089;2.02551;1.71478;
-23.2438;-0.299625;-9.33637;2.09035;1.71316;
-23.2524;-0.171511;-9.23489;2.02963;1.6551;
-23.2534;-0.0201779;-9.14159;1.86606;1.58161;
-23.2544;-0.0189644;-9.04533;1.92517;1.58065;
-23.2539;0.00846983;-8.94497;2.00711;1.56658;
-23.2547;-0.0161313;-8.82646;2.37039;1.5776;
-23.2568;-0.0421473;-8.72073;2.11459;1.59073;
-23.261;-0.082996;-8.62359;1.94271;1.61349;
-23.2583;0.0546454;-8.52981;1.87562;1.54167;
-23.2555;0.0553379;-8.43051;1.98596;1.54294;
-23.2466;0.177684;-8.32205;2.16914;1.48906;
-23.2415;0.101886;-8.21388;2.16344;1.52374;
-23.2324;0.182397;-8.10189;2.23978;1.48954;
-23.2202;0.24443;-7.99436;2.15066;1.45763;
-23.2072;0.258707;-7.89217;2.04387;1.44489;
-23.1936;0.272794;-7.7947;1.94934;1.43176;
-23.1722;0.427987;-7.69727;1.94859;1.35459;
-23.1502;0.440433;-7.60777;1.79;1.32954;
-23.1241;0.521627;-7.52166;1.72229;1.27671;
-23.0857;0.768515;-7.41638;2.10543;1.22081;
-23.0612;0.49017;-7.31235;2.08064;1.33943;
-23.0408;0.407548;-7.21327;1.98159;1.36796;
-23.0171;0.474367;-7.12125;1.84048;1.31855;
-23.0151;0.0387836;-7.0117;2.19091;1.5531;
-23.0135;0.0327509;-6.90924;2.04935;1.55482;
-22.9916;0.437301;-6.80962;1.99224;1.35472;
-22.9709;0.414259;-6.70476;2.09731;1.37579;
-22.9509;0.401147;-6.6072;1.95124;1.36804;
-22.9409;0.198091;-6.5118;1.90787;1.46734;
-22.9304;0.210481;-6.4194;1.848;1.45739;
-22.9224;0.160035;-6.30875;2.21301;1.49861;
-22.9152;0.1448;-6.19733;2.22842;1.50591;
-22.8963;0.378518;-6.1038;1.87054;1.37114;
-22.8788;0.348967;-6.00948;1.88651;1.38788;
-22.8652;0.272424;-5.90631;2.06345;1.43953;
-22.8434;0.436342;-5.80746;1.97698;1.35357;
-22.8149;0.569809;-5.71409;1.86738;1.27463;
-22.794;0.417472;-5.60968;2.08824;1.37348;
-22.7638;0.60436;-5.50578;2.07791;1.28775;
-22.7224;0.828363;-5.40336;2.04851;1.18652;
-22.6743;0.961366;-5.29433;2.18055;1.15555;
-22.6221;1.04328;-5.19583;1.97001;1.08377;
-22.5628;1.18685;-5.10379;1.84072;0.998105;
-22.5045;1.16633;-5.01745;1.7268;0.976753;
-22.4439;1.21158;-4.935;1.649;0.937136;
-22.382;1.23728;-4.85559;1.58825;0.90898;
-22.323;1.1798;-4.77325;1.64672;0.949112;
-22.2645;1.17126;-4.69531;1.55894;0.926455;
-22.1892;1.50481;-4.61887;1.52864;0.793256;
-22.1105;1.57413;-4.54934;1.39069;0.723606;
-22.0376;1.45896;-4.48242;1.33846;0.742347;
-21.9616;1.52037;-4.41041;1.4402;0.758324;
-21.8841;1.54982;-4.34917;1.22473;0.668762;
-21.8052;1.57829;-4.27032;1.57702;0.784995;
-21.7287;1.52936;-4.17998;1.8068;0.868368;
-21.6527;1.52002;-4.10009;1.59771;0.81031;
-21.5766;1.52238;-4.03028;1.39635;0.742243;
-21.4894;1.74282;-3.97137;1.17822;0.594467;
-21.4124;1.54124;-3.90184;1.39059;0.73406;
-21.3453;1.34181;-3.82754;1.48585;0.836292;
-21.2766;1.37267;-3.74629;1.62512;0.869413;
-21.211;1.31349;-3.66214;1.68298;0.90809;
-21.1503;1.2125;-3.59543;1.33414;0.833128;
-21.0938;1.13053;-3.52429;1.42291;0.899404;
-21.031;1.256;-3.44658;1.55404;0.891066;
-20.973;1.15946;-3.3718;1.49576;0.911383;
-20.912;1.22006;-3.29398;1.55641;0.905953;
-20.8519;1.20309;-3.20415;1.79657;0.980723;
-20.7935;1.16703;-3.12191;1.64466;0.953664;
-20.7312;1.24624;-3.04184;1.6015;0.90951;
-20.659;1.44514;-2.96289;1.579;0.829633;
-20.5958;1.26302;-2.88381;1.58165;0.896945;
-20.5338;1.2402;-2.80408;1.59445;0.909727;
-20.4825;1.02574;-2.72468;1.58806;0.997304;
-20.4287;1.07621;-2.6453;1.58758;0.975064;
-20.3678;1.21892;-2.56999;1.50617;0.890419;
-20.3047;1.26125;-2.49207;1.55838;0.890391;
-20.2514;1.06525;-2.43197;1.20214;0.845702;
-20.1993;1.04301;-2.35968;1.44578;0.945838;
-20.1526;0.934601;-2.27404;1.71284;1.0713;
-20.1098;0.856076;-2.18705;1.73978;1.11352;
-20.0572;1.05147;-2.09749;1.79113;1.03996;
-20.0072;0.998736;-2.00903;1.76915;1.05687;
-19.9575;0.994367;-1.91766;1.82744;1.07247;
-19.9094;0.962156;-1.82683;1.81664;1.08372;
-19.8553;1.08149;-1.74163;1.70388;1.00524;
-19.8074;0.959039;-1.65325;1.76777;1.07372;
-19.7689;0.770262;-1.56776;1.70964;1.14749;
-19.726;0.857346;-1.48254;1.70456;1.10477;
-19.6756;1.00763;-1.39184;1.81384;1.06372;
-19.6263;0.986155;-1.30927;1.65141;1.03247;
-19.5847;0.832368;-1.22095;1.76646;1.13045;
-19.5428;0.838066;-1.13086;1.8018;1.13543;
-19.499;0.875913;-1.04283;1.76066;1.10916;
-19.4565;0.850846;-0.953672;1.78311;1.12558;
-19.4051;1.02639;-0.872721;1.61901;1.00578;
-19.3545;1.01262;-0.787589;1.70265;1.03426;
-19.3032;1.02712;-0.701357;1.72463;1.03365;
-19.25;1.06276;-0.615834;1.71046;1.01484;
-19.1883;1.23436;-0.53723;1.5721;0.905165;
-19.1329;1.10741;-0.444462;1.85534;1.03268;
-19.0737;1.1837;-0.360211;1.68502;0.958403;
-19.0102;1.27115;-0.280273;1.59878;0.899063;
-18.9444;1.31635;-0.203714;1.53118;0.860698;
-18.8833;1.22224;-0.139445;1.28538;0.810571;
-18.8117;1.43203;-0.074487;1.29915;0.736785;
-18.7378;1.47664;-0.0118783;1.25217;0.703325;
-18.6655;1.44647;0.0595815;1.42919;0.779391;
-18.5861;1.58744;0.130827;1.42491;0.731495;
-18.508;1.5635;0.210263;1.58872;0.7934;
-18.4251;1.65622;0.279381;1.38236;0.695513;
-18.3422;1.65962;0.343294;1.27827;0.656317;
-18.26;1.64328;0.402303;1.18017;0.622823;
-18.1678;1.84421;0.445247;0.858894;0.435853;
-18.0655;2.04595;0.50312;1.15744;0.514836;
-17.9904;1.50183;0.569772;1.33304;0.725927;
-17.9113;1.58142;0.629088;1.18632;0.643604;
-17.8194;1.8379;0.680539;1.02903;0.510407;
-17.7074;2.23999;0.731525;1.01972;0.427199;
-17.6194;1.76137;0.792082;1.21113;0.602359;
-17.5318;1.75223;0.853511;1.22859;0.611505;
-17.4371;1.89239;0.903129;0.992356;0.482972;
-17.3524;1.69572;0.9633;1.20343;0.617196;
-17.264;1.76744;1.01835;1.101;0.557113;
-17.1758;1.76339;1.06667;0.966488;0.501372;
-17.0975;1.5664;1.11677;1.00192;0.569049;
-17.0166;1.61794;1.16791;1.02285;0.563755;
-16.9252;1.82852;1.21426;0.926855;0.469143;
-16.8382;1.74021;1.26432;1.00127;0.522114;
-16.7662;1.43848;1.30724;0.858445;0.538044;
-16.6874;1.57583;1.3533;0.921251;0.529029;
-16.6094;1.56047;1.4081;1.09591;0.612263;
-16.5245;1.6978;1.45888;1.01552;0.539049;
-16.4391;1.70894;1.4961;0.744441;0.410827;
-16.3535;1.71147;1.52539;0.585925;0.329844;
-16.2671;1.72808;1.5576;0.644177;0.356814;
-16.174;1.86302;1.61199;1.08777;0.528478;
-16.0887;1.70442;1.6726;1.2121;0.618172;
-16.0092;1.59123;1.70797;0.70754;0.418395;
-15.9197;1.7895;1.73849;0.610415;0.328732;
-15.8282;1.83037;1.77176;0.665307;0.348634;
-15.7376;1.81226;1.80918;0.74847;0.391666;
-15.6352;2.04653;1.84415;0.699426;0.329317;
-15.5338;2.02817;1.87239;0.564682;0.271542;
-15.4381;1.91375;1.88931;0.338386;0.17501;
-15.343;1.90249;1.91066;0.427047;0.220808;
-15.2468;1.92356;1.92993;0.385442;0.197761;
-15.1484;1.96848;1.94369;0.27523;0.138918;
-15.0411;2.14585;1.9589;0.30405;0.140755;
-14.9382;2.05818;1.96352;0.0924749;0.0449003;
-14.8541;1.68318;1.95494;-0.171682;-0.101647;
-14.7895;1.292;1.94676;-0.163478;-0.125862;
-14.721;1.36904;1.92578;-0.419654;-0.297438;
-14.6393;1.63305;1.91242;-0.267208;-0.162188;
-14.5499;1.7897;1.89969;-0.254513;-0.141263;
-14.4471;2.05556;1.88674;-0.259032;-0.125354;
-14.3471;2.00027;1.86418;-0.45121;-0.221862;
-14.2541;1.86017;1.83057;-0.672135;-0.346732;
-14.1604;1.87249;1.79547;-0.702031;-0.358699;
-14.0693;1.82255;1.75729;-0.763555;-0.396735;
-13.9619;2.14744;1.71302;-0.885502;-0.39111;
-13.8669;1.90031;1.66649;-0.930603;-0.455383;
-13.7779;1.78094;1.61697;-0.990461;-0.507548;
-13.6868;1.82246;1.57348;-0.869682;-0.445243;
-13.6012;1.71065;1.487;-1.72956;-0.790895;
-13.5086;1.85176;1.41964;-1.34726;-0.628982;
-13.4153;1.86698;1.36252;-1.14239;-0.549116;
-13.3197;1.9124;1.3066;-1.11853;-0.529228;
-13.2422;1.54917;1.24648;-1.2024;-0.660032;
-13.1589;1.66595;1.19367;-1.05617;-0.565027;
-13.0794;1.58934;1.14046;-1.06417;-0.590008;
-13.0006;1.57726;1.08359;-1.13746;-0.624786;
-12.9196;1.6202;1.02664;-1.13892;-0.612702;
-12.8364;1.66375;0.952718;-1.47843;-0.726488;
-12.7532;1.66286;0.89096;-1.23516;-0.638874;
-12.6848;1.36957;0.818398;-1.45123;-0.814339;
-12.6079;1.53617;0.771508;-0.937801;-0.54809;
-12.5268;1.6228;0.714299;-1.14419;-0.614121;
-12.4504;1.52737;0.653542;-1.21513;-0.672034;
-12.3696;1.61597;0.595195;-1.16694;-0.625424;
-12.2932;1.52957;0.523249;-1.43893;-0.754873;
-12.216;1.5427;0.449902;-1.46693;-0.760227;
-12.145;1.41987;0.372876;-1.54053;-0.826133;
-12.0775;1.35004;0.297583;-1.50586;-0.839906;
-12.0218;1.11512;0.22705;-1.41066;-0.901877;
-11.9517;1.40151;0.17176;-1.10579;-0.667998;
-11.8776;1.48105;0.105672;-1.32176;-0.728626;
-11.8099;1.35487;0.0335019;-1.44341;-0.817026;
-11.7475;1.24874;-0.0335803;-1.34164;-0.821247;
-11.6836;1.27718;-0.110882;-1.54603;-0.880338;
-11.6181;1.31026;-0.186869;-1.51976;-0.859291;
-11.5498;1.36629;-0.262302;-1.50865;-0.834875;
-11.4793;1.41026;-0.333215;-1.41826;-0.788228;
-11.4031;1.52362;-0.410504;-1.54576;-0.792612;
-11.3234;1.59337;-0.47982;-1.38633;-0.716026;
-11.245;1.56861;-0.547596;-1.35553;-0.712656;
-11.1676;1.54748;-0.616803;-1.38414;-0.729738;
-11.0919;1.51527;-0.690538;-1.47471;-0.771833;
-11.0165;1.50704;-0.758038;-1.34998;-0.730481;
-10.9403;1.52352;-0.835469;-1.54863;-0.793571;
-10.857;1.66629;-0.904343;-1.37748;-0.690794;
-10.7707;1.72533;-0.95916;-1.09633;-0.566067;
-10.6839;1.73734;-1.01632;-1.14311;-0.581956;
-10.5993;1.69121;-1.07713;-1.21625;-0.62347;
-10.5156;1.67394;-1.13305;-1.11851;-0.589059;
-10.4225;1.86179;-1.18853;-1.10944;-0.537398;
-10.3328;1.79554;-1.25807;-1.39098;-0.659113;
-10.2442;1.77133;-1.31837;-1.20593;-0.597727;
-10.1532;1.82025;-1.38074;-1.24739;-0.600782;
-10.0475;2.11412;-1.4483;-1.35125;-0.568715;
-9.95226;1.90413;-1.51032;-1.24033;-0.577352;
-9.86184;1.80839;-1.5682;-1.15757;-0.569394;
-9.77556;1.72563;-1.62994;-1.23475;-0.621077;
-9.69204;1.67032;-1.69017;-1.20474;-0.624853;
-9.61195;1.60194;-1.74973;-1.19116;-0.639377;
-9.54313;1.3764;-1.80778;-1.16105;-0.700733;
-9.47326;1.39739;-1.86685;-1.18137;-0.701824;
-9.40554;1.35437;-1.93451;-1.35311;-0.78493;
-9.33054;1.50002;-2.00139;-1.33763;-0.728234;
-9.25542;1.50239;-2.06324;-1.23707;-0.68885;
-9.18228;1.46275;-2.13069;-1.34891;-0.744931;
-9.11456;1.35437;-2.20015;-1.38922;-0.7981;
-9.0459;1.3733;-2.27109;-1.4188;-0.801691;
-8.97883;1.34129;-2.34472;-1.47265;-0.832045;
-8.91017;1.37322;-2.41959;-1.49727;-0.828588;
-8.84159;1.37163;-2.49422;-1.49278;-0.827668;
-8.77419;1.3479;-2.57594;-1.63431;-0.881144;
-8.72816;0.920592;-2.6519;-1.51926;-1.02601;
-8.67225;1.1182;-2.72847;-1.53128;-0.94006;
-8.61228;1.19954;-2.80231;-1.47684;-0.888639;
-8.55331;1.17938;-2.87875;-1.52879;-0.913712;
-8.48651;1.33596;-2.96617;-1.74837;-0.918322;
-8.42395;1.25118;-3.05085;-1.69358;-0.934514;
-8.36413;1.19639;-3.14028;-1.78868;-0.981271;
-8.30041;1.27438;-3.22679;-1.73019;-0.935955;
-8.24447;1.1188;-3.31536;-1.77151;-1.0075;
-8.18485;1.19245;-3.40333;-1.75926;-0.975116;
-8.12604;1.17621;-3.48798;-1.69297;-0.963595;
