#1 AntPos X	#2 AntVel X	#3 AntPos Y	#4 AntVel Y	#5 AntAngle	
5.43598;1.96053;10.7916;-0.36201;-0.182593;
5.53671;2.01458;10.7715;-0.400628;-0.196303;
5.64156;2.09708;10.7435;-0.561275;-0.261517;
5.74328;2.03448;10.7169;-0.532318;-0.255912;
5.84291;1.99247;10.6912;-0.512706;-0.251858;
5.94243;1.99037;10.6668;-0.487394;-0.24015;
6.03746;1.90061;10.6409;-0.518185;-0.266172;
6.13648;1.98045;10.6318;-0.182321;-0.0918015;
6.23407;1.9519;10.6279;-0.077755;-0.0398145;
6.33199;1.95839;10.6328;0.0975381;0.0497641;
6.43079;1.97586;10.6376;0.0966484;0.0488757;
6.52769;1.93815;10.6447;0.140256;0.0722399;
6.62609;1.96791;10.6518;0.143403;0.072742;
6.71944;1.86694;10.6631;0.225872;0.1204;
6.81846;1.98054;10.6825;0.387414;0.193171;
6.91983;2.02732;10.6999;0.348389;0.170185;
7.02259;2.05515;10.7171;0.344563;0.166113;
7.12425;2.03315;10.7301;0.258742;0.126581;
7.22508;2.01671;10.7583;0.564413;0.272886;
7.32386;1.97564;10.7863;0.55954;0.275991;
7.42294;1.98157;10.8105;0.48541;0.240231;
7.52005;1.94206;10.8393;0.575259;0.287976;
7.61661;1.93137;10.8755;0.724405;0.358834;
7.72527;2.17319;10.9093;0.675299;0.301281;
7.83668;2.22806;10.9449;0.71126;0.309002;
7.93907;2.04787;10.9776;0.654706;0.309431;
8.03548;1.92826;11.0112;0.672058;0.335366;
8.13048;1.89994;11.042;0.616704;0.313862;
8.22647;1.91987;11.0857;0.872489;0.426551;
8.31968;1.86421;11.1292;0.870187;0.436724;
8.3996;1.59823;11.1727;0.870889;0.498927;
8.49297;1.86743;11.2218;0.982083;0.484153;
8.58189;1.77841;11.2676;0.916119;0.475682;
8.66864;1.73514;11.3046;0.73901;0.402639;
8.76456;1.91835;11.3361;0.62965;0.317146;
8.85762;1.86115;11.3656;0.591251;0.307598;
8.95867;2.02092;11.3887;0.461547;0.224534;
9.05837;1.99418;11.4113;0.452899;0.223322;
9.15556;1.94372;11.4346;0.464361;0.234507;
9.23846;1.65796;11.4543;0.394895;0.233824;
9.33156;1.86194;11.4818;0.549764;0.287107;
9.4204;1.7769;11.4956;0.276164;0.154186;
9.51872;1.96641;11.513;0.348186;0.17525;
9.61817;1.98894;11.5299;0.338718;0.168682;
9.71873;2.01117;11.5475;0.351953;0.173245;
9.8325;2.27541;11.5592;0.232586;0.101863;
9.93043;1.95867;11.561;0.0373518;0.0190677;
10.0323;2.03831;11.5676;0.131984;0.0646615;
10.1223;1.80006;11.5847;0.341965;0.187737;
10.2185;1.9239;11.6046;0.398306;0.204147;
10.3156;1.94104;11.6247;0.401296;0.20387;
10.4133;1.95386;11.6481;0.467811;0.235005;
10.5047;1.82769;11.6845;0.727317;0.378732;
10.598;1.86585;11.7171;0.652129;0.336236;
10.6934;1.90781;11.7463;0.584035;0.29707;
10.796;2.05216;11.7684;0.442058;0.212169;
10.897;2.02169;11.7899;0.4312;0.210138;
10.9891;1.84049;11.7927;0.0556906;0.0302493;
11.0827;1.87327;11.7957;0.0601054;0.0320748;
11.1745;1.83433;11.806;0.205596;0.111617;
11.2689;1.88893;11.822;0.31919;0.167398;
11.3748;2.118;11.8371;0.302784;0.141995;
11.4774;2.05145;11.8519;0.295638;0.143127;
11.5811;2.07545;11.8669;0.299252;0.1432;
11.6809;1.9948;11.8731;0.124414;0.0622885;
11.7813;2.00832;11.8739;0.0165611;0.00824607;
11.8682;1.73821;11.863;-0.2176;-0.124538;
11.9566;1.76715;11.8464;-0.331932;-0.185671;
12.0388;1.64498;11.837;-0.188128;-0.113871;
12.1286;1.79506;11.8279;-0.183196;-0.101704;
12.23;2.02867;11.8227;-0.103636;-0.0510414;
12.3376;2.15116;11.8161;-0.13115;-0.0608917;
12.447;2.18966;11.813;-0.0630058;-0.0287663;
12.5516;2.0916;11.8107;-0.0452792;-0.0216447;
12.651;1.98661;11.8082;-0.0500831;-0.025205;
12.7471;1.92263;11.804;-0.0845186;-0.0439317;
12.8406;1.8703;11.7866;-0.346556;-0.183216;
12.947;2.12725;11.7761;-0.211628;-0.0991578;
13.051;2.08039;11.7684;-0.15369;-0.0737413;
13.1573;2.12588;11.7622;-0.123141;-0.0578601;
13.256;1.97401;11.7607;-0.0303407;-0.0153689;
13.3544;1.96876;11.7582;-0.050192;-0.0254887;
13.4475;1.86086;11.7561;-0.042535;-0.0228537;
13.5361;1.7719;11.7632;0.143441;0.080777;
13.6295;1.86795;11.7685;0.105257;0.0562896;
13.7225;1.8607;11.766;-0.0504957;-0.0271314;
13.8226;2.0026;11.7728;0.136505;0.0680587;
13.929;2.12862;11.7944;0.4325;0.200455;
14.0336;2.09163;11.8029;0.168487;0.0803794;
14.1422;2.17071;11.8144;0.23036;0.105726;
14.2461;2.07801;11.825;0.213346;0.10231;
14.3426;1.93049;11.8369;0.238003;0.122668;
14.4184;1.5167;11.8522;0.306033;0.199102;
14.5217;2.06629;11.8727;0.408815;0.195328;
14.626;2.08574;11.8933;0.411561;0.194818;
14.7345;2.16966;11.907;0.273866;0.125561;
14.8328;1.96593;11.9293;0.445971;0.223075;
14.9339;2.02185;11.9483;0.380546;0.18604;
15.0323;1.96775;11.9718;0.470806;0.234847;
15.1207;1.76815;11.989;0.342713;0.191451;
15.2239;2.06464;12.0052;0.325147;0.156201;
15.3195;1.91126;12.0153;0.201006;0.104784;
15.418;1.97081;12.0264;0.221776;0.112059;
15.5194;2.02786;12.0354;0.180535;0.0887931;
15.6303;2.21846;12.0423;0.139182;0.0626558;
15.7426;2.24469;12.0473;0.0996048;0.0443444;
15.8481;2.1106;12.0515;0.0838307;0.039698;
15.9502;2.04183;12.0554;0.0786925;0.0385212;
16.0474;1.94427;12.0615;0.121184;0.0622481;
16.1475;2.00178;12.0663;0.0960368;0.0479389;
16.2469;1.98838;12.0713;0.0993164;0.049907;
16.3514;2.08929;12.0788;0.150849;0.0720761;
16.4534;2.04041;12.0876;0.174839;0.0854793;
16.5654;2.23983;12.0961;0.171785;0.0765459;
16.6651;1.99325;12.1088;0.252537;0.126025;
16.7646;1.99028;12.1213;0.251068;0.125484;
16.8637;1.98176;12.1345;0.26371;0.132291;
16.9648;2.02355;12.1502;0.312869;0.153399;
17.0682;2.06756;12.1644;0.284987;0.136975;
17.1663;1.96138;12.1818;0.347396;0.175301;
17.2759;2.19172;12.1941;0.246009;0.111777;
17.3812;2.10658;12.2056;0.231055;0.109246;
17.4823;2.02108;12.2161;0.209063;0.103075;
17.5943;2.24152;12.2163;0.00383068;0.00170897;
17.6938;1.98988;12.222;0.115003;0.0577298;
17.7959;2.04184;12.2326;0.211151;0.103046;
17.8999;2.08048;12.2498;0.344022;0.163874;
17.9971;1.94397;12.2673;0.350245;0.178258;
18.0756;1.56863;12.2842;0.338887;0.21277;
18.1569;1.62723;12.3031;0.377904;0.228193;
18.2427;1.71491;12.3262;0.461105;0.262668;
18.3419;1.98364;12.3575;0.625955;0.305669;
18.4182;1.52643;12.3779;0.408578;0.261539;
18.5015;1.66542;12.3904;0.250608;0.149357;
18.5993;1.95624;12.3946;0.0824029;0.0420983;
18.6978;1.9707;12.3953;0.0145673;0.0073918;
18.7944;1.93252;12.39;-0.10504;-0.0543006;
18.8953;2.01781;12.3834;-0.132265;-0.0654551;
18.9916;1.92522;12.3622;-0.425057;-0.217298;
19.0961;2.09063;12.3331;-0.58205;-0.271532;
19.1997;2.07098;12.3116;-0.42852;-0.204037;
19.2941;1.88878;12.2798;-0.636801;-0.325181;
19.3885;1.88734;12.2269;-1.05862;-0.511175;
19.4701;1.63256;12.1774;-0.989445;-0.544869;
19.5534;1.66579;12.1279;-0.990123;-0.536282;
19.6407;1.74587;12.0769;-1.01911;-0.528365;
19.7369;1.92409;12.0336;-0.867519;-0.423579;
19.8241;1.74469;11.9945;-0.780725;-0.420762;
19.9143;1.8027;11.9586;-0.719176;-0.379596;
20.0036;1.78788;11.9216;-0.738657;-0.391788;
20.0949;1.82539;11.8883;-0.666358;-0.350018;
20.1875;1.85252;11.857;-0.626589;-0.326157;
20.2794;1.83764;11.8091;-0.957693;-0.480426;
20.356;1.53159;11.7592;-0.997645;-0.577343;
20.4346;1.57264;11.7087;-1.01;-0.570895;
20.5245;1.79677;11.6506;-1.16211;-0.574106;
20.6236;1.98176;11.5962;-1.08836;-0.502218;
20.7131;1.79048;11.5453;-1.01849;-0.517192;
20.8039;1.81604;11.4973;-0.959487;-0.486062;
20.8919;1.75979;11.4507;-0.932598;-0.487319;
20.981;1.78277;11.4045;-0.924025;-0.478186;
21.0695;1.76876;11.3573;-0.943067;-0.489838;
21.145;1.51117;11.3051;-1.045;-0.605007;
21.2239;1.57868;11.2346;-1.40914;-0.728715;
21.292;1.36205;11.1658;-1.37551;-0.790313;
21.3462;1.08237;11.0975;-1.36726;-0.901176;
21.4032;1.14;11.0243;-1.46345;-0.909003;
21.4603;1.14323;10.9464;-1.55866;-0.937958;
21.5302;1.39748;10.8565;-1.79659;-0.909709;
21.5937;1.26935;10.7758;-1.61505;-0.904682;
21.6519;1.16548;10.6961;-1.59335;-0.939264;
21.7154;1.26952;10.6158;-1.6062;-0.901944;
21.7836;1.36431;10.5267;-1.78305;-0.917667;
21.8412;1.15204;10.4544;-1.44581;-0.898003;
21.9047;1.26846;10.3657;-1.77302;-0.949796;
21.9708;1.32374;10.2747;-1.82056;-0.942112;
22.0277;1.1369;10.1888;-1.71682;-0.985885;
22.0796;1.03848;10.1074;-1.62869;-1.00317;
22.1395;1.19718;10.0418;-1.31218;-0.831192;
22.2022;1.25423;9.96949;-1.44626;-0.85639;
22.2626;1.20903;9.90059;-1.37796;-0.850606;
22.3259;1.26582;9.83118;-1.38818;-0.831469;
22.3975;1.4312;9.75206;-1.58238;-0.835524;
22.4594;1.23861;9.67494;-1.54247;-0.894225;
22.5213;1.23837;9.59694;-1.56005;-0.899845;
22.5834;1.24217;9.51883;-1.56205;-0.898976;
22.6474;1.27914;9.43467;-1.68328;-0.920982;
22.7044;1.139;9.35772;-1.53904;-0.933681;
22.7641;1.1943;9.27709;-1.61253;-0.933314;
22.8228;1.17416;9.19945;-1.55277;-0.92336;
22.8759;1.06237;9.11671;-1.6549;-1.0001;
22.9359;1.20007;9.02677;-1.79877;-0.98245;
23.0028;1.33828;8.94512;-1.63306;-0.884281;
23.0661;1.26567;8.86707;-1.56098;-0.889493;
23.131;1.29901;8.79735;-1.39428;-0.820757;
23.1978;1.33546;8.72602;-1.42661;-0.818387;
23.2671;1.38543;8.65426;-1.43519;-0.803036;
23.3405;1.46861;8.59261;-1.23306;-0.698429;
23.4075;1.33967;8.52903;-1.2717;-0.759376;
23.4758;1.36636;8.48053;-0.969945;-0.617322;
23.5393;1.26918;8.43876;-0.83545;-0.58216;
23.6034;1.28252;8.38438;-1.08748;-0.703285;
23.6736;1.40292;8.32786;-1.13045;-0.67826;
23.7503;1.53564;8.2649;-1.25917;-0.686796;
23.8282;1.55812;8.19737;-1.35061;-0.714176;
23.9096;1.62796;8.1263;-1.42141;-0.717765;
23.986;1.52675;8.0604;-1.31796;-0.712132;
24.0683;1.64652;7.99137;-1.3806;-0.697777;
24.1522;1.67832;7.91862;-1.45505;-0.714262;
24.2284;1.52352;7.84554;-1.4616;-0.76466;
24.2997;1.42687;7.77436;-1.42365;-0.784269;
24.3556;1.11666;7.69693;-1.54845;-0.946018;
24.4105;1.09948;7.61493;-1.6401;-0.980229;
24.4652;1.09354;7.53348;-1.62892;-0.979573;
24.5282;1.25952;7.44568;-1.75611;-0.948605;
24.5942;1.31977;7.3374;-2.16564;-1.02348;
24.6569;1.25375;7.23016;-2.14467;-1.04178;
24.7131;1.12517;7.13305;-1.94219;-1.04571;
24.7603;0.943364;7.02041;-2.25284;-1.17424;
24.8038;0.870215;6.91838;-2.04065;-1.16771;
24.8448;0.820192;6.81988;-1.97002;-1.17629;
24.862;0.344464;6.71545;-2.08851;-1.40734;
24.8802;0.363508;6.6243;-1.82308;-1.37399;
24.9057;0.509781;6.52998;-1.88643;-1.30686;
24.9278;0.442557;6.44896;-1.62034;-1.30417;
24.9543;0.529961;6.36867;-1.60587;-1.25204;
24.9914;0.741299;6.28138;-1.74576;-1.16924;
25.0267;0.70511;6.18215;-1.98465;-1.22942;
25.054;0.54688;6.09215;-1.79995;-1.27583;
25.0827;0.574859;5.99606;-1.92169;-1.28013;
25.1181;0.706624;5.89031;-2.11516;-1.24838;
25.1403;0.443497;5.78318;-2.14241;-1.36667;
25.1613;0.421104;5.68256;-2.01256;-1.36453;
25.1903;0.580693;5.59123;-1.82654;-1.26298;
25.2218;0.628742;5.4948;-1.92851;-1.25564;
25.2432;0.428327;5.40223;-1.8515;-1.34345;
25.2664;0.46423;5.28996;-2.24544;-1.36692;
25.3019;0.710471;5.18976;-2.00405;-1.2301;
25.3344;0.650024;5.09145;-1.96614;-1.2515;
25.36;0.511627;4.99611;-1.90672;-1.30864;
25.3898;0.596267;4.90663;-1.78974;-1.2492;
25.4263;0.729402;4.82045;-1.72348;-1.17044;
25.4627;0.728451;4.73094;-1.79016;-1.18434;
25.4997;0.738904;4.63975;-1.82384;-1.18587;
25.5305;0.616947;4.56883;-1.41844;-1.16053;
25.5741;0.872153;4.4846;-1.68455;-1.09306;
25.6241;1.00052;4.38119;-2.06831;-1.12024;
25.6696;0.909589;4.28533;-1.91702;-1.12777;
25.7077;0.762383;4.1915;-1.87677;-1.18494;
25.7515;0.874884;4.10107;-1.80859;-1.12024;
25.7874;0.717912;4.01793;-1.66284;-1.16323;
25.8328;0.908647;3.92797;-1.79908;-1.10311;
25.8732;0.807969;3.83691;-1.8212;-1.15324;
25.9233;1.00177;3.75162;-1.70578;-1.03978;
25.9774;1.0821;3.65593;-1.91382;-1.0562;
26.029;1.03237;3.56347;-1.84924;-1.06163;
26.0843;1.10624;3.47983;-1.67273;-0.986491;
26.1447;1.20771;3.39153;-1.76607;-0.970996;
26.2016;1.13847;3.30861;-1.65837;-0.96919;
26.263;1.2268;3.22703;-1.63152;-0.926058;
26.3321;1.38242;3.14118;-1.71709;-0.892957;
26.3919;1.19643;3.05126;-1.79835;-0.983748;
26.4459;1.07967;2.96916;-1.6421;-0.989174;
26.4909;0.898872;2.89133;-1.55649;-1.04709;
26.5483;1.14793;2.81315;-1.56372;-0.937545;
26.6058;1.15104;2.73488;-1.56541;-0.936773;
26.6587;1.05828;2.65305;-1.63646;-0.996753;
26.7059;0.943183;2.56199;-1.82131;-1.09296;
26.7458;0.79747;2.4827;-1.5858;-1.10484;
26.7901;0.887547;2.39979;-1.65823;-1.07936;
26.846;1.11827;2.30541;-1.88752;-1.03594;
26.8958;0.994439;2.22443;-1.61959;-1.02014;
26.9418;0.921119;2.13444;-1.79975;-1.09775;
26.9885;0.934065;2.04115;-1.86586;-1.10666;
27.0324;0.877542;1.95063;-1.81039;-1.11944;
27.0751;0.853648;1.86423;-1.72811;-1.11198;
27.123;0.959354;1.78032;-1.67811;-1.05146;
27.1777;1.09275;1.70344;-1.53752;-0.952911;
27.2506;1.45888;1.62447;-1.57958;-0.825101;
27.3273;1.53287;1.54562;-1.57689;-0.799555;
27.3996;1.44682;1.47021;-1.50827;-0.806192;
27.4675;1.35853;1.39307;-1.54283;-0.848833;
27.5451;1.55177;1.31196;-1.62221;-0.807586;
27.6181;1.45902;1.24202;-1.39864;-0.764274;
27.6922;1.48305;1.17329;-1.37459;-0.747464;
27.7728;1.61171;1.09666;-1.53276;-0.760295;
27.8456;1.45564;1.01684;-1.59639;-0.831482;
27.9158;1.40372;0.939639;-1.54395;-0.832933;
27.9879;1.44312;0.851063;-1.77151;-0.887197;
28.0536;1.31391;0.761005;-1.80117;-0.940561;
28.1065;1.05644;0.674298;-1.73414;-1.02364;
28.1631;1.13374;0.580849;-1.86899;-1.02553;
28.2177;1.09109;0.494197;-1.73303;-1.00891;
28.2686;1.01758;0.410103;-1.68188;-1.02669;
28.3142;0.913164;0.326292;-1.67621;-1.07197;
28.3603;0.92218;0.234769;-1.83047;-1.10412;
28.407;0.932076;0.143471;-1.82597;-1.09882;
28.4484;0.828302;0.0516554;-1.8363;-1.14705;
28.502;1.07218;-0.0368823;-1.77076;-1.02635;
28.5621;1.20263;-0.127036;-1.80307;-0.982569;
28.6087;0.931392;-0.218024;-1.81975;-1.09773;
28.6538;0.903253;-0.309381;-1.82715;-1.11168;
28.6987;0.896386;-0.399615;-1.80468;-1.10979;
28.7443;0.913367;-0.497074;-1.94918;-1.13259;
28.7875;0.863789;-0.59041;-1.86671;-1.1374;
28.8376;1.00076;-0.682207;-1.83595;-1.07173;
28.8905;1.05849;-0.779449;-1.94484;-1.07238;
28.9411;1.0122;-0.873234;-1.8757;-1.07594;
28.9965;1.10732;-0.959725;-1.72981;-1.00138;
29.047;1.01045;-1.03635;-1.53261;-0.987911;
29.0983;1.02598;-1.12206;-1.71417;-1.03146;
29.1477;0.988917;-1.2095;-1.74879;-1.05614;
29.2071;1.18747;-1.29103;-1.63056;-0.941354;
29.2643;1.14493;-1.37667;-1.71285;-0.981568;
29.3115;0.943809;-1.45739;-1.61439;-1.04176;
29.3604;0.976798;-1.54115;-1.67506;-1.04286;
29.4162;1.11728;-1.62461;-1.66927;-0.980958;
29.4712;1.09829;-1.70152;-1.53821;-0.950733;
29.5267;1.11179;-1.773;-1.4297;-0.909838;
29.5854;1.17391;-1.84731;-1.4862;-0.902262;
29.6465;1.22203;-1.91835;-1.42078;-0.86046;
29.7048;1.16547;-2.0007;-1.647;-0.954966;
29.7629;1.16257;-2.07956;-1.57722;-0.935601;
29.8035;0.810597;-2.15884;-1.58553;-1.09819;
29.8428;0.787144;-2.23645;-1.55214;-1.10146;
29.8854;0.850526;-2.31941;-1.65918;-1.0971;
29.9289;0.870725;-2.40466;-1.70514;-1.09867;
29.9803;1.02835;-2.48264;-1.55957;-0.987856;

-29.9627;1.13945;-2.56561;-1.65943;-0.969086;
-29.9091;1.07166;-2.64779;-1.64357;-0.992993;
-29.8549;1.08421;-2.72962;-1.63654;-0.985685;
-29.7978;1.14199;-2.81018;-1.61121;-0.954203;
-29.7401;1.15379;-2.89127;-1.62181;-0.952444;
-29.6814;1.17433;-2.96898;-1.55429;-0.923758;
-29.631;1.0085;-3.05223;-1.66482;-1.02614;
-29.5802;1.01632;-3.13708;-1.69716;-1.03123;
-29.5308;0.987098;-3.22491;-1.75643;-1.05879;
-29.4872;0.872327;-3.31362;-1.77433;-1.11386;
-29.4453;0.838142;-3.4048;-1.82351;-1.13996;
-29.4087;0.731115;-3.49466;-1.79718;-1.18443;
-29.375;0.675352;-3.57866;-1.67999;-1.18857;
-29.3337;0.826403;-3.66779;-1.78264;-1.1367;
-29.2923;0.827735;-3.75688;-1.78188;-1.13593;
-29.2451;0.943601;-3.84831;-1.82862;-1.09442;
-29.204;0.821716;-3.93245;-1.68266;-1.11652;
-29.1614;0.852113;-4.01948;-1.74066;-1.11556;
-29.1138;0.951561;-4.11736;-1.9576;-1.11834;
-29.0563;1.15109;-4.20403;-1.7334;-0.984596;
-29.0006;1.11336;-4.29139;-1.74717;-1.00345;
-28.9452;1.10894;-4.37838;-1.73993;-1.00337;
-28.8912;1.07893;-4.46429;-1.71813;-1.01006;
-28.8275;1.27378;-4.56279;-1.97011;-0.996848;
-28.7563;1.42363;-4.65316;-1.80732;-0.903599;
-28.6922;1.28201;-4.7314;-1.56469;-0.884375;
-28.6285;1.27544;-4.80583;-1.48866;-0.862387;
-28.5654;1.26129;-4.89131;-1.70969;-0.935196;
-28.5099;1.11095;-4.96897;-1.55308;-0.949861;
-28.4416;1.36431;-5.04717;-1.564;-0.853485;
-28.3712;1.4093;-5.11838;-1.42432;-0.790699;
-28.3019;1.38447;-5.18325;-1.29744;-0.752959;
-28.2317;1.40556;-5.25105;-1.35597;-0.767443;
-28.1571;1.49203;-5.31177;-1.21423;-0.683106;
-28.0774;1.5933;-5.37055;-1.17577;-0.635743;
-27.9945;1.65833;-5.43193;-1.22744;-0.63718;
-27.9127;1.63493;-5.49527;-1.26692;-0.659251;
-27.8382;1.49096;-5.56624;-1.41938;-0.760808;
-27.7649;1.46667;-5.63063;-1.28773;-0.720525;
-27.6963;1.37147;-5.69129;-1.21322;-0.724247;
-27.6247;1.43173;-5.75747;-1.32364;-0.746187;
-27.5479;1.53518;-5.83921;-1.63485;-0.816829;
-27.4891;1.17772;-5.90006;-1.21703;-0.80181;
-27.4291;1.19961;-5.97635;-1.52563;-0.904461;
-27.3805;0.97152;-6.05408;-1.55461;-1.01225;
-27.3269;1.0717;-6.13224;-1.56332;-0.96985;
-27.2759;1.02047;-6.21318;-1.61878;-1.00833;
-27.2303;0.911654;-6.31058;-1.94797;-1.13307;
-27.188;0.846466;-6.40079;-1.80427;-1.13214;
-27.1348;1.06423;-6.48913;-1.76674;-1.02864;
-27.0773;1.1486;-6.5692;-1.60131;-0.948561;
-27.0223;1.1014;-6.65191;-1.65428;-0.983403;
-26.968;1.08468;-6.7383;-1.72776;-1.01019;
-26.9137;1.0858;-6.82752;-1.78439;-1.02415;
-26.8542;1.19094;-6.91997;-1.84902;-0.998584;
-26.7998;1.08736;-7.01617;-1.92406;-1.0564;
-26.7338;1.31997;-7.11975;-2.07157;-1.00348;
-26.685;0.976175;-7.21541;-1.91317;-1.09899;
-26.649;0.720927;-7.31403;-1.97237;-1.22037;
-26.6142;0.696404;-7.41013;-1.92207;-1.22319;
-26.5799;0.684417;-7.50581;-1.91352;-1.2273;
-26.5476;0.646854;-7.60287;-1.94128;-1.24916;
-26.5154;0.64362;-7.69849;-1.91241;-1.24615;
-26.5126;0.0556256;-7.79798;-1.98976;-1.54285;
-26.4996;0.259923;-7.89921;-2.02455;-1.44311;
-26.4804;0.383895;-8.01035;-2.22285;-1.39978;
-26.4617;0.375619;-8.11518;-2.09655;-1.39352;
-26.4385;0.462928;-8.20606;-1.81759;-1.32141;
-26.409;0.590318;-8.29683;-1.81539;-1.25641;
-26.3846;0.488642;-8.38687;-1.80098;-1.30586;
-26.356;0.572276;-8.49344;-2.13129;-1.30847;
-26.3251;0.616328;-8.59893;-2.1099;-1.28659;
-26.2977;0.549029;-8.71207;-2.26268;-1.33275;
-26.2731;0.492263;-8.81462;-2.05113;-1.33525;
-26.2441;0.579471;-8.90991;-1.90563;-1.2756;
-26.2151;0.580366;-9.00545;-1.91085;-1.27593;
-26.1834;0.634244;-9.10292;-1.94935;-1.25624;
-26.1476;0.714431;-9.20342;-2.01002;-1.22929;
-26.1142;0.669269;-9.29972;-1.92601;-1.23636;
-26.0808;0.666988;-9.39667;-1.93912;-1.23951;
-26.048;0.656056;-9.4917;-1.90057;-1.23841;
-26.029;0.379867;-9.58734;-1.91284;-1.37476;
-26.015;0.280493;-9.68983;-2.04968;-1.43479;
-26.0062;0.177163;-9.79207;-2.04478;-1.48437;
-25.9827;0.468689;-9.8976;-2.11069;-1.35229;
-25.9586;0.481548;-10.0013;-2.07425;-1.34268;
-25.9406;0.360048;-10.1036;-2.04508;-1.39653;
-25.9219;0.375506;-10.2035;-1.99916;-1.38513;
-25.9093;0.252119;-10.304;-2.00983;-1.44601;
-25.9001;0.184034;-10.3996;-1.91152;-1.47482;
-25.8933;0.134517;-10.4938;-1.8838;-1.49951;
-25.8832;0.202796;-10.5984;-2.09133;-1.47413;
-25.8727;0.209941;-10.701;-2.05292;-1.46889;
-25.8621;0.211295;-10.802;-2.01933;-1.46654;
-25.8551;0.140214;-10.9034;-2.02885;-1.5018;
-25.8495;0.112733;-11.0169;-2.27028;-1.52118;
-25.8389;0.211579;-11.1268;-2.19787;-1.47483;
-25.8277;0.22364;-11.2302;-2.06743;-1.46304;
-25.8168;0.21906;-11.3316;-2.02911;-1.46325;
-25.7968;0.39909;-11.4272;-1.91036;-1.36485;
-25.7788;0.360566;-11.5061;-1.57967;-1.34639;
-25.7589;0.397935;-11.5934;-1.74579;-1.34669;
-25.7356;0.465946;-11.6842;-1.81593;-1.31963;
-25.7109;0.493463;-11.7854;-2.02305;-1.33155;
-25.6901;0.415538;-11.8793;-1.87761;-1.35299;
-25.6651;0.501784;-11.9731;-1.87642;-1.3095;
-25.6327;0.647147;-12.0692;-1.9216;-1.24595;
-25.5965;0.723151;-12.1537;-1.69172;-1.16684;
-25.5583;0.765549;-12.2447;-1.81978;-1.17259;
-25.5204;0.757828;-12.3357;-1.81876;-1.176;
-25.4707;0.99264;-12.4269;-1.82516;-1.07268;
-25.4325;0.76438;-12.5108;-1.67721;-1.14318;
-25.3828;0.995163;-12.5966;-1.71612;-1.04529;
-25.3357;0.941029;-12.6846;-1.76059;-1.07994;
-25.2946;0.822431;-12.7802;-1.9121;-1.1646;
-25.2545;0.80178;-12.8739;-1.87277;-1.16628;
-25.217;0.749625;-12.9648;-1.81786;-1.17967;
-25.184;0.661187;-13.0582;-1.86948;-1.23085;
-25.1596;0.486287;-13.1556;-1.94803;-1.32617;
-25.145;0.29202;-13.2512;-1.9107;-1.41914;
-25.1147;0.606719;-13.3461;-1.89856;-1.26149;
-25.0787;0.720302;-13.4393;-1.86359;-1.20197;
-25.0536;0.502114;-13.532;-1.8547;-1.30641;
-25.0266;0.538734;-13.6266;-1.89201;-1.2934;
-24.998;0.573005;-13.7204;-1.8749;-1.27419;
-24.9739;0.48261;-13.8232;-2.0574;-1.34039;
-24.9474;0.528697;-13.9304;-2.14242;-1.32885;
-24.9193;0.562665;-14.037;-2.13357;-1.31295;
-24.8932;0.522621;-14.1385;-2.02878;-1.31867;
-24.8667;0.528903;-14.2421;-2.07256;-1.32094;
-24.8396;0.54297;-14.3399;-1.95547;-1.29995;
-24.813;0.531717;-14.4377;-1.95582;-1.30535;
-24.7876;0.507329;-14.5341;-1.92958;-1.31369;
-24.7805;0.142416;-14.6237;-1.79212;-1.49149;
-24.7743;0.124091;-14.718;-1.88486;-1.50506;
-24.7753;-0.0194888;-14.8161;-1.9612;-1.58073;
-24.7744;0.0183877;-14.9168;-2.01476;-1.56167;
-24.7695;0.0962923;-15.018;-2.02486;-1.52328;
-24.7562;0.266429;-15.1253;-2.14552;-1.44725;
-24.7435;0.254941;-15.2303;-2.10078;-1.45003;
-24.7348;0.172752;-15.3477;-2.34673;-1.49731;
-24.7184;0.328273;-15.4422;-1.89058;-1.39887;
-24.6962;0.444573;-15.5545;-2.24594;-1.37538;
-24.6658;0.607044;-15.6594;-2.09854;-1.28921;
-24.6373;0.571352;-15.7639;-2.08997;-1.30394;
-24.6125;0.495104;-15.8651;-2.02284;-1.33076;
-24.5867;0.516185;-15.9619;-1.93664;-1.31032;
-24.5622;0.490312;-16.0592;-1.94509;-1.32386;
-24.546;0.323332;-16.1475;-1.76613;-1.38973;
-24.5263;0.393631;-16.2425;-1.90155;-1.36667;
-24.522;0.0866174;-16.3433;-2.016;-1.52786;
-24.5177;0.0859337;-16.444;-2.0135;-1.52814;
-24.5107;0.139875;-16.5449;-2.01757;-1.50158;
-24.5048;0.118709;-16.65;-2.1027;-1.5144;
-24.5012;0.0715204;-16.7606;-2.21068;-1.53846;
-24.5077;-0.130774;-16.8588;-1.96368;-1.63729;
-24.5096;-0.0367155;-16.9649;-2.12225;-1.58809;
-24.5087;0.0172634;-17.0657;-2.01582;-1.56223;
-24.5127;-0.0792565;-17.1661;-2.00802;-1.61025;
-24.5063;0.128537;-17.2707;-2.09212;-1.50943;
-24.4996;0.133362;-17.3728;-2.0428;-1.5056;
-24.5056;-0.119996;-17.4711;-1.96642;-1.63174;
-24.5111;-0.111244;-17.5714;-2.00518;-1.62622;
-24.5147;-0.0713265;-17.6739;-2.05057;-1.60557;
-24.5171;-0.0477135;-17.7697;-1.91594;-1.59569;
-24.5264;-0.185983;-17.8629;-1.86378;-1.67026;
-24.5441;-0.353172;-17.9569;-1.88013;-1.75648;
-24.5698;-0.513925;-18.0579;-2.01986;-1.81995;
-24.6023;-0.65157;-18.1598;-2.037;-1.88038;
-24.6264;-0.481389;-18.257;-1.94406;-1.81353;
-24.6659;-0.790664;-18.3502;-1.86472;-1.97183;
-24.7058;-0.79756;-18.444;-1.87596;-1.97279;
-24.738;-0.644215;-18.5449;-2.01745;-1.87988;
-24.7758;-0.755804;-18.642;-1.94358;-1.94167;
-24.7992;-0.467721;-18.7426;-2.01025;-1.7994;
-24.8218;-0.451904;-18.8406;-1.96124;-1.79726;
-24.8348;-0.26044;-18.9491;-2.16969;-1.69026;
-24.8473;-0.249721;-19.053;-2.07744;-1.69043;
-24.8522;-0.0978274;-19.1524;-1.98768;-1.61997;
-24.857;-0.0956544;-19.2447;-1.847;-1.62254;
-24.868;-0.219596;-19.3252;-1.60999;-1.70636;
-24.901;-0.660792;-19.4129;-1.75485;-1.93093;
-24.934;-0.660681;-19.5009;-1.75931;-1.93003;
-24.9681;-0.6815;-19.5918;-1.81732;-1.92957;
-25.0085;-0.808598;-19.6884;-1.93242;-1.9671;
-25.0449;-0.726749;-19.7839;-1.91;-1.93438;
-25.0818;-0.738843;-19.8775;-1.87242;-1.94663;
-25.1184;-0.730846;-19.9715;-1.87863;-1.94181;
-25.1463;-0.559623;-20.0609;-1.78956;-1.87388;
-25.1646;-0.365436;-20.1585;-1.95127;-1.75593;
-25.1863;-0.43305;-20.2526;-1.88167;-1.797;
-25.2103;-0.481082;-20.352;-1.98911;-1.8081;
-25.2207;-0.208407;-20.4367;-1.69351;-1.69324;
-25.2354;-0.293496;-20.5265;-1.79677;-1.73271;
-25.2412;-0.116522;-20.6259;-1.9866;-1.62938;
-25.2435;-0.0457094;-20.7235;-1.95272;-1.5942;
-25.2491;-0.111956;-20.8107;-1.7444;-1.63489;
-25.26;-0.218158;-20.9028;-1.84104;-1.68874;
-25.268;-0.159061;-20.9909;-1.76221;-1.66081;
-25.2709;-0.0591234;-21.0784;-1.75075;-1.60455;
-25.273;-0.0404359;-21.173;-1.891;-1.59218;
-25.279;-0.120094;-21.2764;-2.06737;-1.62882;
-25.2937;-0.294634;-21.3807;-2.08739;-1.71102;
-25.3131;-0.388878;-21.478;-1.94523;-1.76811;
-25.3389;-0.515843;-21.579;-2.01971;-1.82086;
-25.3625;-0.471664;-21.674;-1.89968;-1.81416;
-25.3752;-0.253473;-21.7629;-1.77874;-1.71234;
-25.3807;-0.110972;-21.8624;-1.98987;-1.62651;
-25.3863;-0.110723;-21.9612;-1.9757;-1.62678;
-25.3897;-0.0683923;-22.0741;-2.25856;-1.60107;
-25.3899;-0.0036843;-22.1926;-2.37012;-1.57235;
-25.3906;-0.0146335;-22.3031;-2.20982;-1.57742;
-25.4146;-0.479642;-22.4247;-2.4321;-1.76551;
-25.436;-0.427622;-22.5353;-2.21152;-1.7618;
-25.466;-0.600812;-22.6366;-2.0261;-1.85907;
-25.4959;-0.597133;-22.7337;-1.94275;-1.869;
-25.5245;-0.572636;-22.8361;-2.04802;-1.84344;
-25.5532;-0.574554;-22.9282;-1.84173;-1.87319;
-25.5729;-0.393789;-23.0194;-1.82434;-1.78339;
-25.5976;-0.493363;-23.1196;-2.00352;-1.81224;
-25.6249;-0.546405;-23.2256;-2.12001;-1.82304;
-25.6552;-0.605852;-23.3395;-2.27878;-1.83065;
-25.6716;-0.326994;-23.4409;-2.02637;-1.73079;
-25.6853;-0.275828;-23.5334;-1.85087;-1.71873;
-25.7041;-0.375998;-23.6278;-1.88868;-1.76731;
-25.7233;-0.383325;-23.7241;-1.92509;-1.76735;
-25.737;-0.272996;-23.8322;-2.16133;-1.69644;
-25.7489;-0.238597;-23.933;-2.01708;-1.68854;
-25.7505;-0.0331633;-24.0204;-1.74816;-1.58976;
-25.7573;-0.135638;-24.1317;-2.2263;-1.63165;
-25.7647;-0.147857;-24.2381;-2.12827;-1.64016;
-25.7747;-0.199653;-24.3384;-2.00519;-1.67004;
-25.7827;-0.160649;-24.4401;-2.03319;-1.64965;
-25.7952;-0.248359;-24.5415;-2.02957;-1.69256;
-25.8151;-0.398138;-24.6422;-2.01415;-1.76595;
-25.8352;-0.402095;-24.7415;-1.98425;-1.77073;
-25.8564;-0.42508;-24.8494;-2.15899;-1.7652;
-25.8791;-0.454418;-24.9601;-2.21329;-1.7733;
-25.8901;-0.220049;-25.0591;-1.9802;-1.68147;
-25.8976;-0.148764;-25.1589;-1.99542;-1.64521;
-25.9082;-0.21228;-25.2582;-1.98674;-1.67724;
-25.9238;-0.312209;-25.3509;-1.85461;-1.73757;
-25.934;-0.203473;-25.4567;-2.11466;-1.66672;
-25.9443;-0.207025;-25.5664;-2.19549;-1.66481;
-25.9496;-0.105493;-25.6759;-2.18877;-1.61896;
-25.9553;-0.113591;-25.7887;-2.25669;-1.62109;
-25.9503;0.100543;-25.9031;-2.2886;-1.52689;
-25.9537;-0.0694271;-26.0061;-2.06006;-1.60449;
-25.955;-0.0257489;-26.1092;-2.06191;-1.58328;
-25.9467;0.16558;-26.2056;-1.92797;-1.48512;
-25.9345;0.24383;-26.314;-2.16691;-1.45874;
-25.9252;0.186221;-26.419;-2.09995;-1.48235;
-25.9164;0.176648;-26.5237;-2.09411;-1.48664;
-25.9171;-0.0133233;-26.6235;-1.99634;-1.57747;
-25.9154;0.0339703;-26.7234;-1.99881;-1.5538;
-25.91;0.106781;-26.8329;-2.19001;-1.52208;
-25.9091;0.0190406;-26.9364;-2.06969;-1.5616;
-25.9017;0.148223;-27.0253;-1.77667;-1.48756;
-25.8942;0.149631;-27.1194;-1.88331;-1.49151;
-25.8862;0.159905;-27.2019;-1.64889;-1.47412;
-25.864;0.443233;-27.2955;-1.87287;-1.33841;
-25.8422;0.436537;-27.3918;-1.92599;-1.34791;
-25.8051;0.742329;-27.4862;-1.88749;-1.19609;
-25.7697;0.707581;-27.5814;-1.90481;-1.21512;
-25.7358;0.678811;-27.6752;-1.87466;-1.22339;
-25.6918;0.879628;-27.7733;-1.96189;-1.14931;
-25.6499;0.836748;-27.8678;-1.89092;-1.15419;
-25.6103;0.793265;-27.9701;-2.04675;-1.20105;
-25.5679;0.84772;-28.068;-1.95685;-1.162;
-25.5245;0.867566;-28.162;-1.88081;-1.13861;
-25.4849;0.792728;-28.2557;-1.87426;-1.17066;
-25.4446;0.806406;-28.3382;-1.64874;-1.1159;
-25.4117;0.656635;-28.4247;-1.73121;-1.20827;
-25.3823;0.588159;-28.5025;-1.55503;-1.2092;
-25.3485;0.676029;-28.587;-1.69107;-1.19049;
-25.3116;0.737547;-28.6745;-1.75027;-1.17199;
-25.2743;0.746225;-28.7662;-1.8338;-1.18433;
-25.2355;0.777423;-28.8592;-1.86007;-1.17491;
-25.1957;0.794871;-28.953;-1.87494;-1.16982;
-25.1571;0.772838;-29.047;-1.88115;-1.18099;
-25.1157;0.826714;-29.1448;-1.95548;-1.17082;
-25.0963;0.388371;-29.2523;-2.14864;-1.39198;
-25.0762;0.402541;-29.35;-1.95542;-1.36777;
-25.0554;0.414974;-29.4467;-1.93419;-1.35945;
-25.0317;0.474677;-29.5442;-1.95007;-1.33202;
-25.008;0.473657;-29.6415;-1.94549;-1.33198;
-24.9822;0.51631;-29.7164;-1.49736;-1.23875;
-24.9547;0.550334;-29.8095;-1.86289;-1.28355;
-24.9257;0.579516;-29.9109;-2.02695;-1.29232;

-24.8983;0.548259;29.9903;-1.97634;-1.30019;
-24.8643;0.679803;29.889;-2.02716;-1.24723;
-24.8305;0.676427;29.7911;-1.95782;-1.23814;
-24.795;0.709275;29.6902;-2.01639;-1.23256;
-24.7749;0.403577;29.5905;-1.99545;-1.37124;
-24.7356;0.785927;29.4933;-1.94273;-1.18638;
-24.6975;0.760195;29.3991;-1.88477;-1.18742;
-24.6591;0.76895;29.3066;-1.85072;-1.17701;
-24.6292;0.598797;29.207;-1.99143;-1.27871;
-24.6082;0.418346;29.1024;-2.09144;-1.37337;
-24.584;0.485333;29.0082;-1.88488;-1.31878;
-24.5597;0.484813;28.9131;-1.90181;-1.32119;
-24.5371;0.452203;28.8213;-1.83523;-1.32921;
-24.5079;0.584024;28.7242;-1.94326;-1.27885;
-24.479;0.579266;28.6277;-1.92967;-1.27917;
-24.4427;0.726255;28.5332;-1.88966;-1.20387;
-24.4053;0.747913;28.4396;-1.87107;-1.19053;
-24.3652;0.800239;28.346;-1.87286;-1.16699;
-24.324;0.825234;28.2515;-1.89055;-1.15922;
-24.2832;0.815069;28.1581;-1.86678;-1.15913;
-24.2388;0.888044;28.0526;-2.11012;-1.17245;
-24.1904;0.969204;27.951;-2.03158;-1.12566;
-24.1447;0.914218;27.8565;-1.89106;-1.12048;
-24.1014;0.865905;27.7621;-1.88804;-1.14079;
-24.0602;0.822649;27.6692;-1.85721;-1.15382;
-24.0172;0.859943;27.5702;-1.98157;-1.16135;
-23.9764;0.817377;27.4747;-1.90848;-1.16614;
-23.9357;0.813409;27.3802;-1.89052;-1.16448;
-23.8967;0.779887;27.2855;-1.89347;-1.18009;
-23.8569;0.795139;27.1884;-1.94267;-1.1823;
-23.8175;0.78854;27.094;-1.88791;-1.17514;
-23.7791;0.769015;27.0011;-1.85814;-1.1784;
-23.7353;0.874675;26.9275;-1.47132;-1.03444;
-23.6886;0.93552;26.8496;-1.55952;-1.03047;
-23.6506;0.759448;26.763;-1.73113;-1.15738;
-23.6118;0.77613;26.6753;-1.75335;-1.15407;
-23.5759;0.71818;26.5839;-1.82924;-1.19668;
-23.5422;0.672363;26.4937;-1.80337;-1.21392;
-23.5082;0.681557;26.4028;-1.81795;-1.21211;
-23.4767;0.628731;26.3073;-1.91023;-1.25283;
-23.4459;0.61674;26.2153;-1.84068;-1.24749;
-23.4149;0.620561;26.1248;-1.8085;-1.24025;
-23.3783;0.731129;26.0376;-1.74436;-1.1739;
-23.3345;0.876984;25.9432;-1.88852;-1.13605;
-23.2799;1.09195;25.8649;-1.56645;-0.962029;
-23.2289;1.01976;25.7818;-1.6612;-1.02024;
-23.1826;0.92539;25.6909;-1.81829;-1.10003;
-23.1199;1.25404;25.6262;-1.29449;-0.801268;
-23.0506;1.3869;25.5572;-1.37836;-0.78231;
-22.9805;1.40042;25.4965;-1.21451;-0.714421;
-22.9042;1.52621;25.4296;-1.3382;-0.719856;
-22.8318;1.44794;25.3619;-1.35397;-0.751874;
-22.7612;1.41237;25.2932;-1.37411;-0.771669;
-22.6907;1.41005;25.2278;-1.3073;-0.747601;
-22.6171;1.47303;25.17;-1.15734;-0.66595;
-22.5347;1.64631;25.1094;-1.21155;-0.634428;
-22.4567;1.56027;25.051;-1.16783;-0.642529;
-22.3784;1.5665;24.99;-1.22008;-0.661718;
-22.2966;1.63545;24.9302;-1.19551;-0.631227;
-22.2062;1.80921;24.8682;-1.24133;-0.601347;
-22.1195;1.73409;24.81;-1.16267;-0.590638;
-22.0341;1.70692;24.7521;-1.15816;-0.596154;
-21.9483;1.71652;24.695;-1.14321;-0.587542;
-21.8627;1.71169;24.6396;-1.10695;-0.574054;
-21.7799;1.65589;24.5896;-1.00069;-0.543591;
-21.6952;1.69525;24.5361;-1.06958;-0.56285;
-21.6034;1.8346;24.4846;-1.02992;-0.511541;
-21.5175;1.71827;24.427;-1.15279;-0.590932;
-21.4331;1.68749;24.3712;-1.11471;-0.583769;
-21.3434;1.79487;24.3229;-0.965824;-0.493662;
-21.2495;1.87811;24.2867;-0.724395;-0.368123;
-21.1598;1.79305;24.2491;-0.752603;-0.397402;
-21.0538;2.11991;24.2011;-0.960285;-0.425333;
-20.9567;1.9428;24.1534;-0.954041;-0.456474;
-20.8593;1.94731;24.101;-1.04797;-0.493708;
-20.7705;1.77679;24.0493;-1.03246;-0.526392;
-20.6809;1.79231;23.9877;-1.23259;-0.602429;
-20.5975;1.66702;23.9262;-1.23128;-0.636175;
-20.5198;1.55421;23.8602;-1.31969;-0.703976;
-20.443;1.53701;23.7916;-1.37051;-0.728195;
-20.3674;1.51197;23.7237;-1.35821;-0.731879;
-20.2932;1.4838;23.6481;-1.51283;-0.795087;
-20.2188;1.48741;23.5733;-1.49504;-0.787956;
-20.1447;1.48249;23.5047;-1.37282;-0.747007;
-20.0897;1.10016;23.4443;-1.20823;-0.83218;
-20.031;1.17248;23.3796;-1.29447;-0.834806;
-19.9689;1.24345;23.3116;-1.35965;-0.830005;
-19.9179;1.01907;23.2513;-1.20617;-0.869281;
-19.8551;1.25671;23.1791;-1.44246;-0.854109;
-19.7903;1.29641;23.1039;-1.5057;-0.85995;
-19.7318;1.16906;23.0366;-1.34429;-0.855005;
-19.6817;1.00284;22.9639;-1.45411;-0.967044;
-19.6296;1.0407;22.8809;-1.66023;-1.01087;
-19.5788;1.01682;22.7992;-1.63435;-1.01425;
-19.5264;1.0471;22.7156;-1.67261;-1.01146;
-19.4705;1.11877;22.6307;-1.6986;-0.98837;
-19.4141;1.12745;22.5465;-1.68282;-0.980507;
-19.3614;1.0555;22.4662;-1.60652;-0.989509;
-19.3123;0.980591;22.3867;-1.59015;-1.01821;
-19.2714;0.819428;22.316;-1.41386;-1.04554;
-19.2252;0.922766;22.2416;-1.4885;-1.01585;
-19.1781;0.94186;22.1551;-1.72894;-1.07198;
-19.1312;0.93796;22.0654;-1.79366;-1.08897;
-19.0733;1.15878;21.9857;-1.59387;-0.942164;
-19.016;1.14569;21.9057;-1.60107;-0.949694;
-18.9521;1.27899;21.8264;-1.58547;-0.891988;
-18.8982;1.07619;21.7437;-1.65406;-0.993974;
-18.8383;1.19811;21.656;-1.75328;-0.971328;
-18.7861;1.04404;21.5628;-1.8645;-1.06034;
-18.7282;1.15797;21.4525;-2.20603;-1.08742;
-18.6752;1.06106;21.3569;-1.91263;-1.0643;
-18.6168;1.16787;21.2781;-1.57528;-0.93284;
-18.5567;1.20156;21.1966;-1.63093;-0.935838;
-18.4937;1.26044;21.1135;-1.66054;-0.921526;
-18.4392;1.09076;21.0281;-1.70862;-1.00263;
-18.3925;0.93354;20.9508;-1.54667;-1.02775;
-18.355;0.749331;20.8654;-1.70687;-1.15712;
-18.319;0.72014;20.7671;-1.96703;-1.21985;
-18.2772;0.8363;20.661;-2.12169;-1.19533;
-18.2346;0.850791;20.5598;-2.02389;-1.17285;
-18.2027;0.639706;20.4554;-2.08849;-1.27357;
-18.1818;0.418058;20.3499;-2.11013;-1.37521;
-18.1616;0.404036;20.2481;-2.03478;-1.37478;
-18.1546;0.138778;20.1541;-1.88035;-1.49713;
-18.1457;0.178847;20.0598;-1.88621;-1.47626;
-18.1336;0.240838;19.9693;-1.81124;-1.4386;
-18.1312;0.0490986;19.8628;-2.12932;-1.54774;
-18.1247;0.129382;19.7535;-2.18597;-1.51168;
-18.1074;0.346703;19.651;-2.0494;-1.40321;
-18.0907;0.333326;19.5565;-1.88954;-1.39619;
-18.0654;0.50652;19.4613;-1.90405;-1.3108;
-18.0399;0.509358;19.3654;-1.91884;-1.31133;
-18.0133;0.532023;19.2839;-1.62919;-1.25516;
-17.9838;0.591135;19.1933;-1.81317;-1.25564;
-17.9535;0.604618;19.1004;-1.85677;-1.25599;
-17.9337;0.397323;19.0095;-1.81891;-1.35573;
-17.9142;0.389026;18.9118;-1.95373;-1.37425;
-17.8937;0.410664;18.8239;-1.75868;-1.3414;
-17.8704;0.466377;18.7317;-1.84406;-1.32308;
-17.8454;0.498171;18.6349;-1.93603;-1.31894;
-17.8213;0.483437;18.5368;-1.96156;-1.32916;
-17.7941;0.543992;18.4554;-1.62869;-1.24844;
-17.7711;0.459742;18.3654;-1.79928;-1.32063;
-17.7465;0.492223;18.2838;-1.63149;-1.27778;
-17.7226;0.478499;18.1959;-1.75793;-1.30504;
-17.6981;0.488209;18.1044;-1.83085;-1.3102;
-17.6623;0.715934;18.0131;-1.82514;-1.19698;
-17.6262;0.723076;17.921;-1.84201;-1.19673;
-17.5891;0.74249;17.828;-1.86101;-1.19118;
-17.5532;0.71719;17.7303;-1.95263;-1.2188;
-17.5173;0.717501;17.6352;-1.90176;-1.21003;
-17.4892;0.563368;17.5491;-1.72239;-1.25468;
-17.4661;0.460606;17.456;-1.8626;-1.32837;
-17.4365;0.592951;17.3608;-1.90325;-1.26878;
-17.4071;0.587776;17.2656;-1.90495;-1.27151;
-17.3776;0.590745;17.1683;-1.94624;-1.2761;
-17.3475;0.600343;17.0715;-1.93648;-1.27017;
-17.3181;0.587898;16.9754;-1.92047;-1.27373;
-17.2715;0.932544;16.8752;-2.004;-1.13526;
-17.229;0.850517;16.7785;-1.93551;-1.15677;
-17.1863;0.852958;16.6891;-1.78732;-1.12553;
-17.1529;0.668038;16.6136;-1.509;-1.15403;
-17.1013;1.03326;16.533;-1.6124;-1.0009;
-17.0497;1.03169;16.4529;-1.60271;-0.998849;
-16.9933;1.12873;16.3683;-1.69103;-0.982232;
-16.9338;1.18838;16.3008;-1.3506;-0.849201;
-16.8742;1.19211;16.2296;-1.42353;-0.873644;
-16.8057;1.37001;16.1519;-1.55467;-0.848455;
-16.7455;1.20468;16.0797;-1.44403;-0.875519;
-16.6827;1.25514;16.0041;-1.51274;-0.878199;
-16.6262;1.13161;15.9292;-1.49657;-0.923378;
-16.5685;1.15368;15.8518;-1.54857;-0.930507;
-16.5068;1.23334;15.7839;-1.35832;-0.833586;
-16.436;1.41599;15.715;-1.37822;-0.771882;
-16.3563;1.59361;15.6415;-1.47026;-0.745161;
-16.2801;1.52565;15.5709;-1.41085;-0.746325;
-16.2034;1.53207;15.4998;-1.4213;-0.747907;
-16.1289;1.49065;15.4328;-1.34028;-0.732332;
-16.063;1.31866;15.3746;-1.16432;-0.723319;
-15.9891;1.47864;15.3187;-1.11888;-0.647772;
-15.9122;1.53658;15.2592;-1.19036;-0.65911;
-15.828;1.68469;15.2001;-1.18168;-0.611683;
-15.7327;1.90553;15.1413;-1.17528;-0.552661;
-15.6434;1.78555;15.0787;-1.25149;-0.611329;
-15.5548;1.7736;15.0154;-1.26586;-0.619875;
-15.4617;1.86103;14.9615;-1.0781;-0.525064;
-15.3764;1.70568;14.9102;-1.02742;-0.542147;
-15.2928;1.67294;14.8558;-1.08814;-0.576684;
-15.2139;1.57769;14.7934;-1.2478;-0.669169;
-15.1217;1.84384;14.7286;-1.29611;-0.612697;
-15.0236;1.96262;14.6951;-0.668814;-0.328435;
-14.9295;1.88121;14.6631;-0.639833;-0.327844;
-14.8325;1.93996;14.6418;-0.426954;-0.216631;
-14.7337;1.97677;14.6159;-0.518131;-0.256343;
-14.6474;1.72442;14.5902;-0.513862;-0.289613;
-14.5691;1.56731;14.5629;-0.544993;-0.334647;
-14.4824;1.73367;14.5325;-0.60772;-0.337156;
-14.3874;1.89921;14.4946;-0.758627;-0.380027;
-14.2925;1.89863;14.4561;-0.769708;-0.385155;
-14.2066;1.71778;14.4218;-0.686158;-0.380028;
-14.1157;1.819;14.4016;-0.404886;-0.219017;
-14.025;1.81237;14.38;-0.432464;-0.234237;
-13.9352;1.79647;14.3457;-0.684185;-0.363889;
-13.8492;1.71951;14.2789;-1.33748;-0.661073;
-13.7677;1.63005;14.2099;-1.37992;-0.702487;
-13.6931;1.49222;14.1365;-1.46781;-0.777152;
-13.6191;1.47985;14.0667;-1.39658;-0.756454;
-13.5456;1.47051;14.002;-1.29384;-0.721575;
-13.4728;1.45695;13.9388;-1.26416;-0.714665;
-13.3915;1.62591;13.8706;-1.36395;-0.698005;
-13.3083;1.66266;13.808;-1.2515;-0.64523;
-13.2253;1.66154;13.749;-1.17907;-0.617159;
-13.1406;1.69369;13.6973;-1.03457;-0.548353;
-13.0525;1.76206;13.642;-1.10653;-0.560734;
-12.9706;1.63673;13.5945;-0.948992;-0.525441;
-12.8847;1.71874;13.5475;-0.941435;-0.501112;
-12.8036;1.62207;13.4995;-0.959708;-0.534261;
-12.726;1.55234;13.4543;-0.903684;-0.527186;
-12.6439;1.6418;13.406;-0.965753;-0.531719;
-12.5563;1.75201;13.3575;-0.970907;-0.506036;
-12.4685;1.75494;13.3114;-0.92113;-0.483352;
-12.3911;1.5492;13.2629;-0.96948;-0.55917;
-12.3109;1.60421;13.2122;-1.01484;-0.564053;
-12.2339;1.54046;13.1515;-1.21419;-0.667505;
-12.1549;1.57917;13.0855;-1.31885;-0.695813;
-12.0775;1.54881;13.0318;-1.07358;-0.606123;
-11.9957;1.63533;12.9734;-1.16871;-0.620497;
-11.9104;1.7064;12.9179;-1.11018;-0.576798;
-11.8201;1.80496;12.8757;-0.843148;-0.437006;
-11.7243;1.91609;12.836;-0.794287;-0.392973;
-11.6306;1.87369;12.7965;-0.789615;-0.398836;
-11.5373;1.86611;12.7501;-0.928378;-0.46164;
-11.4464;1.81777;12.7027;-0.948171;-0.480788;
-11.3587;1.75564;12.6493;-1.06898;-0.546928;
-11.2775;1.62236;12.5962;-1.0608;-0.579084;
-11.1943;1.6646;12.5467;-0.990417;-0.536726;
-11.1133;1.62016;12.4965;-1.00405;-0.554798;
-11.0217;1.83159;12.442;-1.09;-0.536819;
-10.9391;1.65148;12.3962;-0.916694;-0.506731;
-10.8565;1.6529;12.3489;-0.944542;-0.519159;
-10.7675;1.78047;12.2934;-1.11103;-0.557886;
-10.6656;2.03731;12.2409;-1.04988;-0.475836;
-10.5836;1.64013;12.2011;-0.796962;-0.452315;
-10.4973;1.72701;12.1583;-0.855103;-0.459748;
-10.4084;1.77668;12.1197;-0.772911;-0.410337;
-10.3192;1.78458;12.0813;-0.767996;-0.406395;
-10.2264;1.85521;12.0497;-0.630784;-0.327744;
-10.1295;1.9388;12.0167;-0.660821;-0.328492;
-10.0275;2.03917;11.979;-0.75351;-0.353956;
-9.92892;1.97216;11.9423;-0.734803;-0.356655;
-9.83276;1.92332;11.9067;-0.711775;-0.354447;
-9.7342;1.97124;11.8708;-0.717353;-0.349012;
-9.64227;1.83852;11.836;-0.69564;-0.361722;
-9.54508;1.94383;11.8071;-0.579033;-0.289514;
-9.44531;1.99544;11.7746;-0.649293;-0.314584;
-9.3435;2.03605;11.7387;-0.718948;-0.339441;
-9.2436;1.99809;11.7029;-0.714281;-0.343325;
-9.13897;2.09251;11.6614;-0.831705;-0.378321;
-9.04803;1.8188;11.6143;-0.940741;-0.477338;
-8.97578;1.44497;11.5721;-0.84426;-0.528776;
-8.89654;1.58483;11.5224;-0.994997;-0.560628;
-8.81968;1.53716;11.4787;-0.8727;-0.516356;
-8.74823;1.4291;11.4299;-0.976329;-0.599347;
-8.66811;1.60238;11.3759;-1.07989;-0.593012;
-8.58697;1.6228;11.3221;-1.077;-0.585922;
-8.50287;1.68211;11.2797;-0.846422;-0.466197;
-8.42128;1.63179;11.2392;-0.809997;-0.460751;
-8.32466;1.9323;11.2035;-0.71445;-0.354151;
-8.23109;1.8714;11.1687;-0.696655;-0.356371;
-8.13743;1.8732;11.1311;-0.752327;-0.381909;
-8.04327;1.88327;11.0965;-0.692307;-0.352275;
-7.94175;2.03034;11.0642;-0.645663;-0.307895;
-7.84919;1.85126;11.0404;-0.47535;-0.251341;
-7.75896;1.80458;11.0173;-0.462159;-0.250715;
-7.6545;2.0892;10.9902;-0.542828;-0.254205;
-7.55008;2.08827;10.9633;-0.536585;-0.25151;
-7.44985;2.00469;10.9355;-0.555525;-0.270329;
-7.3517;1.96291;10.9083;-0.545748;-0.271181;
-7.2545;1.94418;10.8803;-0.559509;-0.280215;
-7.15784;1.93317;10.8535;-0.53588;-0.270413;
-7.05579;2.04091;10.8336;-0.397097;-0.192168;
-6.95576;2.00071;10.8175;-0.322744;-0.159937;
-6.86646;1.78598;10.797;-0.409614;-0.225451;
-6.7745;1.83908;10.7732;-0.475578;-0.253053;
-6.67917;1.90675;10.7492;-0.480682;-0.246949;
-6.57986;1.9862;10.7225;-0.534631;-0.262941;
-6.48225;1.95219;10.697;-0.510094;-0.255578;
-6.38658;1.91324;10.68;-0.339377;-0.175557;
-6.29205;1.8907;10.6542;-0.515246;-0.266055;
-6.18866;2.06782;10.6303;-0.479177;-0.227711;
-6.08137;2.14572;10.5954;-0.696956;-0.314062;
-5.9873;1.8814;10.5603;-0.702413;-0.357319;
-5.91501;1.44581;10.5123;-0.960037;-0.586164;
-5.84486;1.40297;10.465;-0.94698;-0.593738;
-5.75832;1.73078;10.4168;-0.962883;-0.507688;
-5.67175;1.73149;10.3696;-0.944491;-0.499365;
-5.58812;1.6726;10.3234;-0.924283;-0.50484;
-5.51692;1.42391;10.2783;-0.901238;-0.564281;
-5.4509;1.32051;10.2278;-1.00953;-0.652715;
-5.37929;1.43212;10.1686;-1.18482;-0.691181;
-5.30305;1.52481;10.1093;-1.18645;-0.661242;
-5.2267;1.52705;10.0506;-1.17331;-0.655145;
-5.14996;1.53473;9.98957;-1.22079;-0.671956;
-5.08159;1.36756;9.92896;-1.21215;-0.725226;
-5.02305;1.17071;9.87542;-1.07078;-0.740842;
-4.9551;1.35891;9.8094;-1.32037;-0.771015;
-4.87172;1.66761;9.74117;-1.36471;-0.685838;
-4.78926;1.64918;9.67394;-1.34451;-0.683977;
-4.71613;1.46271;9.60948;-1.28926;-0.722455;
-4.65122;1.29826;9.53966;-1.39644;-0.821817;
-4.59253;1.17366;9.45841;-1.62495;-0.945276;
-4.53902;1.07024;9.38298;-1.5087;-0.953805;
-4.48211;1.13825;9.30399;-1.57983;-0.946448;
-4.42572;1.12787;9.22277;-1.6244;-0.963885;
-4.36821;1.15008;9.1429;-1.59739;-0.946789;
-4.30205;1.32316;9.06088;-1.64022;-0.891984;
-4.23662;1.30875;8.97953;-1.62703;-0.893388;
-4.16905;1.35133;8.89544;-1.68189;-0.893951;
-4.10949;1.19119;8.8191;-1.5268;-0.908254;
-4.05251;1.13966;8.73285;-1.72507;-0.986975;
-3.9884;1.28209;8.65614;-1.53414;-0.874658;
-3.93466;1.07479;8.56281;-1.8666;-1.04836;
-3.8948;0.797157;8.47571;-1.74188;-1.14161;
-3.84504;0.995368;8.3961;-1.59238;-1.01214;
-3.79753;0.950042;8.31486;-1.62463;-1.04165;
-3.75262;0.898287;8.229;-1.71735;-1.08887;
-3.70406;0.971165;8.14402;-1.6995;-1.05164;
-3.65632;0.954825;8.05553;-1.76981;-1.07605;
-3.61738;0.778721;7.96696;-1.77142;-1.15662;
-3.57521;0.843494;7.88339;-1.6714;-1.10342;
-3.5278;0.948245;7.79975;-1.67284;-1.05511;
-3.47064;1.14314;7.7263;-1.46888;-0.909466;
-3.41067;1.19944;7.66227;-1.28059;-0.818107;
-3.35679;1.07746;7.60342;-1.17709;-0.82956;
-3.29015;1.33297;7.54245;-1.21945;-0.740953;
-3.21392;1.52461;7.4781;-1.28695;-0.701068;
-3.13635;1.5513;7.41378;-1.28639;-0.692313;
-3.0584;1.55911;7.35401;-1.19547;-0.654145;
-2.97257;1.71647;7.29487;-1.18266;-0.603312;
-2.88781;1.69529;7.23024;-1.29271;-0.651474;
-2.80129;1.73028;7.16771;-1.25054;-0.625825;
-2.7157;1.71197;7.11132;-1.12775;-0.582499;
-2.62842;1.74543;7.04656;-1.29528;-0.638424;
-2.54593;1.64983;6.98903;-1.15051;-0.608945;
-2.46309;1.65681;6.93493;-1.0821;-0.578568;
-2.37296;1.80257;6.89722;-0.754234;-0.396286;
-2.28047;1.84995;6.86676;-0.60923;-0.318137;
-2.18656;1.87819;6.8387;-0.561185;-0.290346;
-2.09919;1.74738;6.82112;-0.351621;-0.198576;
-1.99973;1.98912;6.80153;-0.391715;-0.194441;
-1.90068;1.98094;6.7831;-0.368588;-0.183963;
-1.80367;1.9403;6.7608;-0.446037;-0.225955;
-1.71135;1.84637;6.74127;-0.39047;-0.208409;
-1.61006;2.02587;6.73044;-0.216734;-0.106578;
-1.51981;1.8049;6.75391;0.469389;0.254428;
-1.44476;1.50099;6.80694;1.06065;0.615163;
-1.37939;1.30747;6.88478;1.55676;0.872215;
-1.31966;1.19468;6.96645;1.63341;0.939306;
-1.29283;0.53647;7.07079;2.08677;1.31916;
-1.26185;0.619662;7.17861;2.15638;1.29097;
-1.27547;-0.272457;7.28286;2.08504;1.70073;
-1.28631;-0.216815;7.38888;2.1205;1.67269;
-1.28887;-0.0510781;7.50765;2.37534;1.5923;
-1.33138;-0.850371;7.61453;2.13753;1.94943;
-1.36727;-0.717799;7.70891;1.8876;1.93418;
-1.40039;-0.662303;7.797;1.7618;1.93038;
-1.42883;-0.568873;7.88539;1.76782;1.88213;
-1.4884;-1.19135;7.97194;1.73101;2.17359;
-1.55496;-1.33114;8.06042;1.76963;2.21571;
-1.61257;-1.1523;8.14191;1.62989;2.18619;
-1.66781;-1.10473;8.2132;1.42581;2.22999;
-1.72391;-1.12201;8.29026;1.54121;2.20007;
-1.78011;-1.1239;8.37052;1.60518;2.18163;
-1.86333;-1.66453;8.43188;1.22708;2.50634;
-1.95093;-1.7519;8.49443;1.25104;2.52146;
-2.03425;-1.66649;8.56533;1.4181;2.43655;
-2.11089;-1.53274;8.62966;1.28655;2.4433;
-2.19728;-1.72784;8.69758;1.35839;2.47533;
-2.27298;-1.51394;8.77069;1.46214;2.3736;
-2.37973;-2.13512;8.83311;1.24847;2.61248;
-2.47915;-1.98826;8.89482;1.23412;2.58609;
-2.56902;-1.79751;8.95465;1.19657;2.55427;
-2.67427;-2.10505;8.98181;0.543247;2.88903;
-2.7743;-2.00044;9.0074;0.511804;2.89112;
-2.87291;-1.97229;9.03387;0.529502;2.87931;
-2.98331;-2.20809;9.07128;0.748067;2.81494;
-3.09907;-2.31506;9.06346;-0.156408;-3.07413;
-3.20062;-2.03098;9.05812;-0.106761;-3.08907;
-3.31436;-2.27495;9.04968;-0.168829;-3.06752;
-3.42027;-2.11816;9.01915;-0.610659;-2.86091;
-3.53092;-2.21301;8.96574;-1.06807;-2.69194;
-3.62737;-1.92899;8.90919;-1.13101;-2.61129;
-3.72118;-1.87611;8.86073;-0.9692;-2.66475;
-3.8195;-1.96648;8.84785;-0.257582;-3.01135;
-3.92842;-2.17829;8.85703;0.183502;3.05755;
-4.03466;-2.12493;8.87644;0.388262;2.96087;
-4.13128;-1.93229;8.90123;0.495881;2.89039;
-4.20837;-1.54195;8.92874;0.550201;2.79885;
-4.28593;-1.55121;8.97392;0.903499;2.61418;
-4.36486;-1.57845;9.02638;1.04915;2.55497;
-4.43998;-1.50247;9.07994;1.07129;2.52218;
-4.51793;-1.55909;9.13665;1.13426;2.51264;
-4.59522;-1.54562;9.19148;1.09661;2.52452;
-4.67463;-1.58825;9.24669;1.10407;2.53413;
-4.75496;-1.60653;9.30479;1.16204;2.51539;
-4.84533;-1.80747;9.36438;1.19174;2.55868;
-4.92858;-1.66511;9.4252;1.21639;2.51068;
-5.01172;-1.66269;9.48999;1.29577;2.47959;
-5.1089;-1.9436;9.53605;0.921352;2.69893;
-5.18713;-1.56468;9.59788;1.23656;2.47279;
-5.26568;-1.57102;9.67085;1.45945;2.39299;
-5.33844;-1.45512;9.74094;1.40163;2.37491;
-5.40857;-1.40265;9.8174;1.52924;2.31304;
-5.47617;-1.35205;9.9018;1.68811;2.2461;
-5.54087;-1.29384;9.99255;1.81491;2.19013;
-5.58658;-0.914292;10.076;1.66845;2.07209;
-5.63683;-1.00505;10.1655;1.79017;2.08237;
-5.68887;-1.04079;10.2553;1.79654;2.09588;
-5.74741;-1.17082;10.3412;1.71711;2.16924;
-5.81854;-1.42257;10.4339;1.85553;2.22488;
-5.89232;-1.47549;10.5069;1.45992;2.3615;
-5.96485;-1.45061;10.5672;1.20433;2.44869;
-6.03832;-1.46935;10.6269;1.1954;2.45864;
-6.11793;-1.5923;10.6831;1.12298;2.52734;
-6.20261;-1.69365;10.738;1.09796;2.56643;
-6.29293;-1.80641;10.7968;1.17647;2.56432;
-6.38167;-1.77476;10.8529;1.12167;2.57796;
-6.46482;-1.66304;10.8939;0.81958;2.6837;
-6.55732;-1.84992;10.9343;0.80799;2.7298;
-6.6637;-2.12757;10.9596;0.506711;2.90778;
-6.75283;-1.78262;10.9811;0.431098;2.90431;
-6.84058;-1.75502;11.0124;0.624372;2.79979;
-6.92674;-1.72313;11.0373;0.499494;2.85945;
-7.02808;-2.02687;11.0592;0.437296;2.9291;
-7.12799;-1.99827;11.0739;0.293144;2.99593;
-7.22359;-1.91196;11.1106;0.734602;2.77477;
-7.31882;-1.90456;11.1437;0.663058;2.80657;
-7.41345;-1.89254;11.1776;0.67614;2.79846;
-7.51007;-1.93255;11.2142;0.73224;2.77941;
-7.59879;-1.77428;11.2472;0.6608;2.78507;
-7.70449;-2.11409;11.2739;0.53494;2.89376;
-7.81376;-2.18539;11.302;0.561518;2.89009;
-7.91726;-2.06991;11.3263;0.486135;2.91092;
-8.02533;-2.1615;11.3433;0.339185;2.98594;
-8.12314;-1.95611;11.3555;0.243593;3.0177;
-8.22694;-2.07605;11.3828;0.54582;2.8845;
-8.32737;-2.00857;11.4094;0.533254;2.88209;
-8.4235;-1.92267;11.4539;0.890378;2.7079;
-8.51773;-1.88449;11.4982;0.884203;2.70289;
-8.60746;-1.79461;11.5433;0.902053;2.67583;
-8.69882;-1.82724;11.5846;0.827798;2.71622;
-8.77756;-1.57485;11.625;0.807878;2.66761;
-8.86504;-1.74957;11.6749;0.997903;2.62324;
-8.96277;-1.95459;11.7168;0.836592;2.73717;
-9.05628;-1.87014;11.7561;0.78581;2.74381;
-9.15332;-1.94088;11.8033;0.945165;2.68842;
-9.24017;-1.73704;11.8439;0.81257;2.70404;
-9.3237;-1.67052;11.8816;0.752638;2.71829;
-9.41698;-1.86565;11.9286;0.94061;2.67461;
-9.50789;-1.81816;11.9668;0.764145;2.74372;
-9.5998;-1.83817;12.0046;0.756492;2.75117;
-9.69193;-1.84274;12.0386;0.678966;2.78857;
-9.7806;-1.7733;12.0748;0.723636;2.75415;
-9.87012;-1.7904;12.1075;0.654377;2.79118;
-9.96419;-1.88136;12.1421;0.69324;2.78855;
-10.0579;-1.87379;12.1803;0.763966;2.75446;
-10.1532;-1.90585;12.2236;0.865136;2.71547;
-10.2494;-1.92522;12.2577;0.682385;2.80096;
-10.3419;-1.85016;12.2931;0.708076;2.77608;
-10.435;-1.86156;12.3267;0.671955;2.79518;
-10.5321;-1.94249;12.361;0.685933;2.80214;
-10.6263;-1.88355;12.3915;0.609523;2.82863;
-10.7176;-1.82618;12.4262;0.693435;2.77869;
-10.7957;-1.5618;12.4633;0.742928;2.69759;
-10.8779;-1.64361;12.502;0.772739;2.70211;
-10.9796;-2.03365;12.5352;0.664129;2.82594;
-11.0774;-1.95648;12.5638;0.572493;2.85693;
-11.1739;-1.92934;12.5928;0.579518;2.8498;
-11.27;-1.92251;12.6219;0.582336;2.84747;
-11.3446;-1.49194;12.6478;0.517997;2.80742;
-11.422;-1.54884;12.674;0.524606;2.81501;
-11.5086;-1.73041;12.7107;0.733306;2.74076;
-11.5942;-1.71367;12.7452;0.691083;2.75826;
-11.6846;-1.80794;12.7764;0.624402;2.80905;
-11.7835;-1.97725;12.8084;0.63826;2.82935;
-11.878;-1.88987;12.8398;0.629291;2.82016;
-11.9692;-1.82489;12.875;0.703615;2.77359;
-12.0639;-1.89339;12.9161;0.821496;2.73223;
-12.1426;-1.57463;12.9604;0.885933;2.62911;
-12.2166;-1.47881;13.0229;1.24959;2.44001;
-12.2845;-1.35815;13.0835;1.21264;2.41273;
-12.3597;-1.50405;13.1428;1.18658;2.47364;
-12.4607;-2.02047;13.1907;0.956929;2.69927;
-12.5588;-1.96097;13.2462;1.11062;2.62628;
-12.6236;-1.29591;13.2949;0.974895;2.49663;
-12.6997;-1.52193;13.344;0.98149;2.56881;
-12.7797;-1.60192;13.4006;1.13125;2.52673;
-12.8677;-1.75995;13.4682;1.35324;2.4861;
-12.9498;-1.6412;13.5337;1.30957;2.46811;
-13.0247;-1.49812;13.5964;1.25411;2.44462;
-13.0999;-1.50442;13.6761;1.59373;2.32738;
-13.179;-1.582;13.7532;1.5421;2.36896;
-13.2512;-1.44372;13.8295;1.52525;2.32874;
-13.3185;-1.34552;13.903;1.47118;2.31161;
-13.3901;-1.43273;13.9745;1.42937;2.35737;
-13.4625;-1.44706;14.047;1.44941;2.35538;
-13.5343;-1.43676;14.1144;1.34933;2.38756;
-13.5938;-1.19031;14.1774;1.25967;2.32789;
-13.6603;-1.32962;14.2435;1.32073;2.35955;
-13.7269;-1.33107;14.3102;1.33526;2.35462;
-13.7921;-1.304;14.3735;1.26558;2.37115;
-13.8596;-1.35009;14.4318;1.16551;2.42944;
-13.9343;-1.49376;14.4863;1.09105;2.51075;
-14.017;-1.65562;14.5397;1.06827;2.56857;
-14.0993;-1.64575;14.5875;0.955351;2.61564;
-14.1868;-1.75033;14.6408;1.06551;2.59476;
-14.2684;-1.63185;14.6903;0.989351;2.59657;
-14.3565;-1.76077;14.7387;0.968838;2.63857;
-14.4509;-1.88862;14.7744;0.715069;2.77965;
-14.5446;-1.87348;14.8071;0.65269;2.80636;
-14.6373;-1.85472;14.839;0.637614;2.81047;
-14.7286;-1.82559;14.875;0.720478;2.7657;
-14.8189;-1.80533;14.9318;1.13715;2.57949;
-14.9176;-1.974;14.9865;1.09315;2.63586;
-15.0135;-1.91949;15.0437;1.14487;2.60379;
-15.1037;-1.80226;15.0993;1.11128;2.58905;
-15.2047;-2.02189;15.1399;0.810832;2.7602;
-15.3112;-2.12958;15.1824;0.850698;2.76155;
-15.4101;-1.97731;15.222;0.792918;2.76022;
-15.5068;-1.93508;15.2675;0.908622;2.7026;
-15.6042;-1.94633;15.3154;0.957994;2.6842;
-15.697;-1.85621;15.3611;0.91496;2.68363;
-15.8055;-2.17033;15.3839;0.45514;2.93488;
-15.9099;-2.08765;15.4039;0.400162;2.95221;
-16.0152;-2.10581;15.4396;0.715331;2.81413;
-16.1157;-2.01165;15.4758;0.722876;2.79662;
-16.2126;-1.9367;15.508;0.643474;2.82081;
-16.3118;-1.98382;15.5661;1.16323;2.61126;
-16.4157;-2.07754;15.6234;1.14647;2.63734;
-16.5109;-1.90445;15.6786;1.10334;2.6165;
-16.6156;-2.09446;15.736;1.14748;2.64039;
-16.7082;-1.85229;15.7921;1.12287;2.59662;
-16.8119;-2.0731;15.8627;1.41099;2.54399;
-16.9045;-1.85212;15.9253;1.2527;2.54691;
-17.0089;-2.08904;15.9777;1.04784;2.67668;
-17.0963;-1.74814;16.0211;0.867505;2.68095;
-17.1848;-1.77022;16.0618;0.814989;2.71013;
-17.2575;-1.45265;16.1398;1.55991;2.3206;
-17.3252;-1.35472;16.2237;1.67679;2.25035;
-17.3916;-1.32726;16.311;1.74734;2.22041;
-17.4479;-1.12611;16.3944;1.66765;2.16473;
-17.5069;-1.18096;16.4786;1.68388;2.18242;
-17.5597;-1.05537;16.5556;1.53962;2.17171;
-17.6151;-1.10813;16.6499;1.88631;2.10195;
-17.6559;-0.816924;16.737;1.74127;2.00946;
-17.69;-0.681424;16.824;1.74022;1.94402;
-17.7194;-0.587597;16.9261;2.04258;1.85091;
-17.7544;-0.700508;17.0311;2.10043;1.8927;
-17.7855;-0.620819;17.1301;1.97982;1.87466;
-17.8155;-0.6008;17.2245;1.88688;1.87906;
-17.841;-0.509246;17.3308;2.12685;1.80581;
-17.859;-0.359873;17.4361;2.10571;1.74006;
-17.863;-0.0810583;17.5403;2.08395;1.60967;
-17.8617;0.0268229;17.6389;1.97216;1.5572;
-17.8623;-0.0121244;17.7377;1.97537;1.57693;
-17.8607;0.0321574;17.8337;1.92005;1.55405;
-17.8589;0.0358862;17.9386;2.09948;1.55371;
-17.8571;0.0362034;18.0422;2.07161;1.55332;
-17.8607;-0.0730058;18.1344;1.84338;1.61038;
-17.877;-0.326595;18.221;1.73294;1.75707;
-17.877;0.000179443;18.317;1.92012;1.5707;
-17.8737;0.0670065;18.4092;1.84289;1.53445;
-17.8745;-0.016806;18.5067;1.94996;1.57941;
-17.8764;-0.036914;18.6088;2.04287;1.58886;
-17.8783;-0.0378203;18.7107;2.03654;1.58937;
-17.8736;0.0941547;18.8069;1.92429;1.52191;
-17.8702;0.0663003;18.9075;2.01159;1.53785;
-17.8645;0.114725;18.9974;1.79839;1.50709;
-17.8762;-0.234165;19.0857;1.76567;1.70265;
-17.9035;-0.545601;19.1732;1.75153;1.87277;
-17.9354;-0.637221;19.2795;2.12587;1.86202;
-17.9586;-0.464957;19.3806;2.02188;1.79683;
-17.976;-0.348559;19.4819;2.02534;1.74123;
-18.0016;-0.510482;19.576;1.88141;1.83575;
-18.0268;-0.505242;19.6774;2.02841;1.81491;
-18.0566;-0.595697;19.7626;1.70363;1.90717;
-18.089;-0.648877;19.8495;1.73794;1.92813;
-18.1352;-0.924004;19.9359;1.72816;2.0618;
-18.186;-1.01572;20.0316;1.9154;2.05838;
-18.2445;-1.16973;20.1536;2.43901;2.01799;
-18.2881;-0.870754;20.2556;2.04007;1.97421;
-18.3342;-0.922547;20.359;2.0692;1.99019;
-18.3862;-1.04016;20.4519;1.85753;2.08126;
-18.4314;-0.903492;20.5418;1.79777;2.03649;
-18.4711;-0.794866;20.6373;1.91024;1.96511;
-18.5196;-0.97048;20.7336;1.926;2.03755;
-18.563;-0.8674;20.835;2.02742;1.97507;
-18.6035;-0.809906;20.926;1.81989;1.98951;
-18.6447;-0.824839;21.0136;1.75139;2.01095;
-18.6836;-0.77759;21.1018;1.7657;1.98563;
-18.7208;-0.744317;21.1904;1.77034;1.9688;
-18.7537;-0.656967;21.2838;1.86904;1.90881;
-18.7883;-0.691673;21.4008;2.33955;1.85825;
-18.8152;-0.538111;21.5039;2.06294;1.82596;
-18.8388;-0.473179;21.605;2.02037;1.80085;
-18.8678;-0.578756;21.6906;1.71215;1.89677;
-18.9012;-0.66885;21.7826;1.84121;1.91924;
-18.9209;-0.393782;21.8723;1.79374;1.7869;
-18.9451;-0.483667;21.9654;1.86177;1.82497;
-18.9683;-0.465189;22.0588;1.86836;1.81482;
-18.9959;-0.55137;22.1559;1.94215;1.84741;
-19.0259;-0.599969;22.2486;1.85262;1.88399;
-19.0584;-0.649572;22.3415;1.85805;1.90711;
-19.0936;-0.70361;22.4351;1.87328;1.9301;
-19.1226;-0.580705;22.5249;1.79467;1.88374;
-19.1553;-0.653826;22.6294;2.09074;1.87389;
-19.1846;-0.5861;22.7342;2.09515;1.84356;
-19.2208;-0.723013;22.8265;1.84696;1.94392;
-19.2547;-0.6791;22.9203;1.87524;1.91825;
-19.2824;-0.553251;23.0214;2.02303;1.83775;
-19.2991;-0.334258;23.1206;1.98339;1.73776;
-19.3075;-0.167411;23.221;2.00809;1.65397;
-19.314;-0.130798;23.3291;2.16134;1.63124;
-19.3044;0.192479;23.4279;1.97617;1.4737;
-19.2651;0.784855;23.5176;1.79482;1.15856;
-19.2118;1.06655;23.597;1.58714;0.979113;
-19.1461;1.31369;23.6725;1.5107;0.855039;
-19.0784;1.35418;23.7516;1.58139;0.862643;
-19.0182;1.20389;23.8239;1.44655;0.876698;
-18.9486;1.39145;23.8933;1.38801;0.784161;
-18.8993;0.986574;23.973;1.59451;1.01672;
-18.8612;0.763126;24.0603;1.7448;1.15849;
-18.8387;0.449664;24.1685;2.16416;1.36593;
-18.8356;0.0616985;24.2727;2.0853;1.54122;
-18.8616;-0.520418;24.3755;2.05561;1.81876;
-18.9098;-0.964471;24.4881;2.25115;1.97557;
-18.9682;-1.16746;24.5802;1.84298;2.13546;
-19.0461;-1.55798;24.6515;1.4247;2.40085;
-19.1143;-1.36326;24.7312;1.59488;2.27806;
-19.1769;-1.25257;24.8072;1.52002;2.26003;
-19.239;-1.24116;24.8856;1.56814;2.24032;
-19.2872;-0.964849;24.9607;1.50237;2.14168;
-19.343;-1.11567;25.0402;1.5891;2.18292;
-19.3874;-0.887509;25.1286;1.76745;2.03615;
-19.4437;-1.12771;25.2205;1.83851;2.121;
-19.5008;-1.14147;25.307;1.72953;2.15416;
-19.5567;-1.11793;25.3919;1.69947;2.15264;
-19.6112;-1.08891;25.4744;1.64849;2.15455;
-19.6669;-1.11529;25.5645;1.80206;2.125;
-19.7194;-1.05015;25.647;1.65081;2.13737;
-19.7674;-0.959287;25.7305;1.67075;2.092;
-19.8172;-0.99536;25.8156;1.70232;2.0999;
-19.8614;-0.884555;25.8843;1.37313;2.14308;
-19.9151;-1.07394;25.9661;1.63502;2.15196;
-19.9633;-0.965075;26.0527;1.73264;2.079;
-20.0006;-0.744957;26.1406;1.75919;1.97137;
-20.045;-0.887814;26.2364;1.91408;2.00509;
-20.0918;-0.935657;26.3274;1.82175;2.04527;
-20.1421;-1.00602;26.4283;2.01754;2.03335;
-20.1967;-1.09259;26.5378;2.19063;2.03345;
-20.243;-0.926734;26.6346;1.93421;2.01761;
-20.286;-0.859028;26.7289;1.88646;1.9981;
-20.3312;-0.904389;26.8353;2.12833;1.97261;
-20.3671;-0.717679;26.9258;1.80964;1.94836;
-20.4038;-0.733757;27.0195;1.8738;1.94403;
-20.4483;-0.890206;27.1066;1.74271;2.04306;
-20.4823;-0.681059;27.2036;1.94067;1.90831;
-20.515;-0.653042;27.2937;1.8016;1.91855;
-20.5452;-0.604063;27.3882;1.88866;1.88035;
-20.5741;-0.57752;27.4779;1.79501;1.88207;
-20.5988;-0.494523;27.5725;1.89287;1.82634;
-20.632;-0.66508;27.6735;2.0192;1.88898;
-20.66;-0.559313;27.7729;1.98792;1.84506;
-20.685;-0.500329;27.8759;2.05927;1.80914;
-20.7126;-0.551839;27.9842;2.16605;1.82026;
-20.7462;-0.670864;28.0962;2.24118;1.86164;
-20.7788;-0.651775;28.2006;2.08831;1.87332;
-20.805;-0.525405;28.2877;1.74052;1.86397;
-20.8329;-0.557356;28.3832;1.91033;1.85468;
-20.8666;-0.674724;28.4874;2.08372;1.88395;
-20.9128;-0.922851;28.5909;2.07112;1.98997;
-20.9473;-0.691064;28.6861;1.90382;1.91899;
-20.9674;-0.401005;28.782;1.91675;1.77703;
-21.0053;-0.758617;28.8707;1.77401;1.97489;
-21.039;-0.673239;28.9601;1.78843;1.93083;
-21.0675;-0.570546;29.0553;1.90463;1.86185;
-21.1174;-0.997201;29.1471;1.83533;2.06851;
-21.1546;-0.744727;29.2513;2.08539;1.9138;
-21.1913;-0.73346;29.3486;1.94528;1.93136;
-21.2327;-0.829295;29.4392;1.81102;2.00021;
-21.2733;-0.810698;29.5275;1.76686;2.00097;
-21.3058;-0.651797;29.6181;1.81138;1.91621;
-21.3249;-0.38046;29.7118;1.87516;1.77097;
-21.3539;-0.581203;29.7999;1.76135;1.88952;
-21.3844;-0.609808;29.8881;1.76461;1.90353;
-21.4138;-0.587303;29.9861;1.95871;1.86211;

-21.4364;-0.453133;-29.9308;1.66368;1.83671;
-21.4671;-0.61249;-29.8404;1.80778;1.89747;
-21.5004;-0.667524;-29.7481;1.84554;1.91785;
-21.5356;-0.702337;-29.6509;1.94389;1.91751;
-21.5781;-0.851209;-29.5455;2.1076;1.95464;
-21.6108;-0.652733;-29.4445;2.0199;1.88335;
-21.6399;-0.58306;-29.3448;1.99409;1.85526;
-21.6662;-0.52527;-29.2463;1.97053;1.8313;
-21.7073;-0.821733;-29.1545;1.83674;1.99147;
-21.7309;-0.473127;-29.0573;1.94246;1.80971;
-21.7584;-0.549513;-28.9568;2.01094;1.83755;
-21.7753;-0.337913;-28.8581;1.97421;1.74032;
-21.7946;-0.38531;-28.7617;1.92649;1.7682;
-21.8022;-0.153122;-28.667;1.8951;1.65142;
-21.8249;-0.454426;-28.5728;1.8838;1.8075;
-21.8469;-0.440085;-28.4762;1.93128;1.79484;
-21.8624;-0.309209;-28.3754;2.01718;1.7229;
-21.8776;-0.304919;-28.2754;1.99924;1.72215;
-21.8936;-0.319346;-28.1764;1.98103;1.73062;
-21.9127;-0.381749;-28.0833;1.86151;1.77307;
-21.9198;-0.141748;-27.9766;2.13362;1.63713;
-21.9262;-0.128532;-27.88;1.93149;1.63724;
-21.9386;-0.247808;-27.795;1.70009;1.71554;
-21.9646;-0.520847;-27.695;1.99961;1.82561;
-21.9825;-0.356866;-27.5902;2.09765;1.73931;
-22.0005;-0.359384;-27.4861;2.0815;1.74177;
-22.0104;-0.197986;-27.3818;2.08492;1.66547;
-22.0313;-0.418184;-27.2843;1.95114;1.78193;
-22.0487;-0.348967;-27.1924;1.83728;1.7585;
-22.0617;-0.260373;-27.1107;1.63367;1.72885;
-22.0665;-0.0956789;-27.0256;1.70225;1.62694;
-22.0789;-0.247667;-26.9248;2.01695;1.69298;
-22.0927;-0.275797;-26.8191;2.11335;1.70057;
-22.1106;-0.357514;-26.723;1.92175;1.75473;
-22.1211;-0.210341;-26.624;1.9806;1.6766;
-22.1295;-0.168782;-26.5316;1.84804;1.66187;
-22.1338;-0.0854457;-26.4222;2.18691;1.60985;
-22.1386;-0.0966317;-26.3177;2.09097;1.61698;
-22.1407;-0.0411418;-26.2137;2.08097;1.59056;
-22.1396;0.0208538;-26.109;2.09347;1.56084;
-22.1461;-0.130177;-26.009;1.99946;1.63581;
-22.1434;0.054585;-25.9082;2.01544;1.54372;
-22.1371;0.126165;-25.8101;1.96224;1.50659;
-22.126;0.221954;-25.7154;1.89369;1.45412;
-22.1095;0.331001;-25.6148;2.01295;1.40782;
-22.0951;0.287096;-25.5112;2.0727;1.43316;
-22.0715;0.472533;-25.4118;1.98768;1.3374;
-22.0516;0.398006;-25.3115;2.00633;1.37496;
-22.0289;0.454351;-25.2144;1.94083;1.34084;
-22.002;0.537537;-25.1175;1.93803;1.30024;
-21.9793;0.45437;-25.008;2.18934;1.36616;
-21.9455;0.675803;-24.903;2.10095;1.25958;
-21.9021;0.867249;-24.8077;1.9054;1.14366;
-21.8646;0.749645;-24.7115;1.92373;1.19922;
-21.8303;0.686248;-24.6151;1.92783;1.22881;
-21.7936;0.73359;-24.5212;1.87824;1.19844;
-21.7544;0.785068;-24.4281;1.86341;1.17206;
-21.7186;0.714841;-24.3331;1.89986;1.21092;
-21.6728;0.916027;-24.2418;1.8256;1.10574;
-21.6237;0.98283;-24.1469;1.89836;1.09307;
-21.5827;0.819329;-24.0594;1.75041;1.13301;
-21.5544;0.566684;-23.9772;1.64365;1.23879;
-21.5251;0.58597;-23.8889;1.76619;1.25045;
-21.5089;0.323353;-23.7943;1.89076;1.40142;
-21.4757;0.66497;-23.7016;1.85371;1.22637;
-21.4292;0.929498;-23.6174;1.68462;1.06661;
-21.388;0.824099;-23.5292;1.76385;1.13372;
-21.3539;0.682488;-23.439;1.80376;1.20908;
-21.3116;0.846384;-23.3545;1.69127;1.1068;
-21.282;0.591906;-23.2634;1.82206;1.2567;
-21.2476;0.687487;-23.1697;1.87222;1.21888;
-21.2137;0.678478;-23.0719;1.95634;1.23697;
-21.1741;0.792205;-22.9662;2.1145;1.21233;
-21.1539;0.403051;-22.8819;1.68674;1.33624;
-21.1261;0.556485;-22.7932;1.77417;1.26685;
-21.0782;0.957956;-22.6963;1.9371;1.11153;
-21.0472;0.618816;-22.605;1.82705;1.24423;
-21.027;0.404196;-22.5096;1.9075;1.36199;
-21.0117;0.305823;-22.418;1.83067;1.40527;
-20.9991;0.252817;-22.3211;1.9389;1.44114;
-20.9918;0.145322;-22.2253;1.91588;1.49509;
-20.9851;0.133877;-22.1299;1.90797;1.50074;
-20.9676;0.350017;-22.0298;2.00133;1.39765;
-20.9631;0.0916606;-21.9269;2.05806;1.52629;
-20.9572;0.118133;-21.8062;2.41562;1.52193;
-20.9671;-0.199817;-21.6891;2.34047;1.65596;
-20.9888;-0.432892;-21.5885;2.01276;1.78264;
-20.996;-0.144549;-21.4865;2.04015;1.64153;
-20.9941;0.03803;-21.389;1.94886;1.55128;
-20.9978;-0.0728564;-21.2898;1.98434;1.6075;
-21.008;-0.204459;-21.1908;1.98114;1.67363;
-21.0154;-0.148026;-21.0985;1.84637;1.6508;
-21.0304;-0.299875;-21.0084;1.80043;1.73584;
-21.0471;-0.333697;-20.9069;2.03128;1.73362;
-21.065;-0.35798;-20.8116;1.90475;1.75657;
-21.0838;-0.375889;-20.7041;2.15042;1.74385;
-21.1007;-0.339794;-20.6003;2.07634;1.73301;
-21.1149;-0.282604;-20.5006;1.99404;1.71158;
-21.1185;-0.0723886;-20.4108;1.79523;1.6111;
-21.1308;-0.246634;-20.3195;1.82681;1.70499;
-21.1501;-0.38541;-20.2208;1.97358;1.76365;
-21.1609;-0.215351;-20.1161;2.09327;1.67331;
-21.1796;-0.374822;-20.0146;2.03074;1.75332;
-21.2083;-0.574785;-19.9256;1.7794;1.88324;
-21.2404;-0.641928;-19.8272;1.96869;1.886;
-21.2644;-0.479973;-19.7371;1.80173;1.83115;
-21.2899;-0.50979;-19.6472;1.79827;1.84704;
-21.3087;-0.374782;-19.5518;1.90797;1.76476;
-21.3189;-0.204838;-19.4606;1.82375;1.68265;
-21.3388;-0.396945;-19.3657;1.89926;1.77683;
-21.3677;-0.578944;-19.278;1.75295;1.88979;
-21.3922;-0.490723;-19.1935;1.68922;1.85352;
-21.4146;-0.447545;-19.1168;1.53422;1.85463;
-21.4457;-0.621046;-19.0322;1.69287;1.92241;
-21.4799;-0.684398;-18.9436;1.77202;1.93937;
-21.5169;-0.739552;-18.8515;1.84127;1.95273;
-21.5557;-0.77751;-18.7486;2.05935;1.9318;
-21.5953;-0.790686;-18.6508;1.95523;1.95509;
-21.6356;-0.806277;-18.558;1.85586;1.98064;
-21.6831;-0.949853;-18.4519;2.12195;1.99168;
-21.7219;-0.776031;-18.3508;2.02295;1.9371;
-21.7584;-0.729552;-18.2675;1.66442;1.9839;
-21.7922;-0.677615;-18.1693;1.96496;1.90287;
-21.8232;-0.619559;-18.0692;2.00271;1.87082;
-21.8556;-0.646663;-17.9747;1.88831;1.90073;
-21.8883;-0.654745;-17.8784;1.92645;1.89842;
-21.9145;-0.52379;-17.7807;1.95404;1.83269;
-21.9376;-0.462551;-17.6835;1.94405;1.80438;
-21.9641;-0.530169;-17.5886;1.89819;1.84316;
-21.9865;-0.448432;-17.4898;1.97661;1.79389;
-21.9927;-0.123302;-17.4023;1.74981;1.64115;
-22.0058;-0.261062;-17.3095;1.85656;1.7105;
-22.0049;0.0167588;-17.219;1.80859;1.56153;
-22.0149;-0.200532;-17.1245;1.88956;1.67653;
-22.0351;-0.403318;-17.0456;1.57863;1.82093;
-22.0463;-0.22373;-16.9552;1.80738;1.69396;
-22.0532;-0.138255;-16.86;1.90416;1.64328;
-22.0576;-0.0886804;-16.7677;1.84619;1.61879;
-22.0542;0.0693846;-16.6745;1.86514;1.53361;
-22.0536;0.0121556;-16.5742;2.00471;1.56473;
-22.0663;-0.253744;-16.4655;2.17546;1.68691;
-22.0698;-0.0717353;-16.36;2.1093;1.60479;
-22.0628;0.140875;-16.2614;1.97219;1.49949;
-22.0533;0.190179;-16.1677;1.873;1.46961;
-22.0413;0.239411;-16.0651;2.05209;1.45465;
-22.034;0.147112;-15.9636;2.03007;1.49846;
-22.0323;0.0322985;-15.8467;2.33884;1.55699;
-22.0342;-0.0371567;-15.7392;2.15066;1.58807;
-22.0204;0.27686;-15.633;2.12294;1.44111;
-22.0029;0.34999;-15.5445;1.77099;1.37569;
-21.9898;0.260548;-15.4511;1.8681;1.43222;
-21.982;0.157376;-15.3379;2.26366;1.50139;
-21.9605;0.429531;-15.2307;2.14422;1.37309;
-21.9476;0.257548;-15.1158;2.29782;1.45918;
-21.9343;0.26618;-15.0092;2.13102;1.44653;
-21.9166;0.354557;-14.9067;2.05048;1.39958;
-21.8989;0.354089;-14.8057;2.01963;1.39724;
-21.874;0.498371;-14.7062;1.99037;1.32545;
-21.859;0.299686;-14.6149;1.8254;1.40807;
-21.8428;0.322775;-14.523;1.8379;1.39695;
-21.8268;0.32155;-14.4264;1.93257;1.40592;
-21.8157;0.221602;-14.3285;1.9572;1.45805;
-21.7936;0.441671;-14.2333;1.90447;1.34291;
-21.7792;0.287614;-14.1536;1.59451;1.39234;
-21.7684;0.21542;-14.0593;1.88572;1.45705;
-21.7646;0.0761063;-13.9629;1.92793;1.53134;
-21.7663;-0.0330047;-13.8648;1.96148;1.58762;
-21.76;0.125432;-13.7617;2.06234;1.51005;
-21.7677;-0.154655;-13.6651;1.9325;1.65065;
-21.7746;-0.137616;-13.5683;1.93594;1.64176;
-21.784;-0.187389;-13.4678;2.00956;1.66378;
-21.7893;-0.106232;-13.3539;2.27861;1.61738;
-21.8262;-0.738295;-13.2603;1.87134;1.94658;
-21.8497;-0.469287;-13.16;2.0069;1.80051;
-21.8609;-0.224336;-13.0602;1.99586;1.68273;
-21.8888;-0.558863;-12.9692;1.81876;1.86892;
-21.9134;-0.490545;-12.8701;1.98219;1.8134;
-21.9347;-0.426725;-12.7671;2.06136;1.77492;
-21.9608;-0.521865;-12.6728;1.88533;1.84084;
-21.9938;-0.659503;-12.586;1.73649;1.93376;
-22.0283;-0.690511;-12.5041;1.63774;1.96981;
-22.0563;-0.560596;-12.4152;1.77807;1.87621;
-22.0885;-0.644349;-12.3328;1.64838;1.94343;
-22.1313;-0.855423;-12.2511;1.63299;2.05333;
-22.1684;-0.740784;-12.1625;1.77306;1.96655;
-22.2068;-0.768671;-12.0731;1.78828;1.97676;
-22.2587;-1.03728;-11.9811;1.83822;2.08454;
-22.2968;-0.762869;-11.8871;1.88078;1.95613;
-22.3438;-0.940889;-11.8051;1.64095;2.09141;
-22.3848;-0.820053;-11.7188;1.72501;2.01456;
-22.4356;-1.01438;-11.6365;1.64642;2.12298;
-22.4824;-0.935928;-11.5497;1.73495;2.06551;
-22.5428;-1.20936;-11.4522;1.95006;2.12591;
-22.5965;-1.07335;-11.3614;1.81615;2.10457;
-22.6503;-1.07681;-11.2694;1.83965;2.10036;
-22.6969;-0.932019;-11.1919;1.55146;2.11176;
-22.7404;-0.868648;-11.112;1.59714;2.06893;
-22.7911;-1.0144;-11.0265;1.71067;2.10604;
-22.8357;-0.892658;-10.934;1.84983;2.0204;
-22.877;-0.825003;-10.8463;1.75375;2.0105;
-22.9163;-0.786404;-10.7539;1.84876;1.97298;
-22.9522;-0.717578;-10.6679;1.71942;1.96616;
-22.9834;-0.624256;-10.5767;1.82383;1.90058;
-23.0191;-0.714191;-10.4844;1.84624;1.9399;
-23.0521;-0.66012;-10.3911;1.8661;1.9108;
-23.0842;-0.642278;-10.298;1.86176;1.903;
-23.1053;-0.422367;-10.2042;1.87592;1.79226;
-23.1308;-0.509878;-10.111;1.86444;1.83774;
-23.1394;-0.170998;-10.0184;1.85177;1.66288;
-23.1749;-0.711078;-9.92782;1.81137;1.94488;
-23.1968;-0.438093;-9.82979;1.96053;1.79064;
-23.2141;-0.344596;-9.74526;1.69062;1.77187;
-23.2245;-0.209571;-9.65923;1.72071;1.69199;
-23.2326;-0.161754;-9.57492;1.68614;1.66644;
-23.242;-0.188318;-9.48342;1.82994;1.67334;
-23.2478;-0.115826;-9.38855;1.89747;1.63176;
-23.2526;-0.0949128;-9.29527;1.86562;1.62163;
-23.269;-0.328805;-9.21688;1.56773;1.77753;
-23.2716;-0.0518504;-9.1242;1.85356;1.59876;
-23.2749;-0.0661024;-9.02675;1.949;1.6047;
-23.2668;0.163294;-8.92781;1.97888;1.48846;
-23.268;-0.0239866;-8.82779;2.00028;1.58279;
-23.2593;0.173523;-8.744;1.67591;1.46762;
-23.2613;-0.0406279;-8.65351;1.80975;1.59324;
-23.2488;0.249338;-8.5467;2.13632;1.45461;
-23.2399;0.179689;-8.4524;1.88585;1.4758;
-23.2369;0.0595882;-8.35232;2.0017;1.54104;
-23.2379;-0.0204834;-8.259;1.8664;1.58177;
-23.2304;0.150342;-8.16247;1.93056;1.49308;
-23.206;0.487302;-8.05428;2.16374;1.34928;
-23.1944;0.232623;-7.95025;2.08061;1.45945;
-23.1833;0.222089;-7.84643;2.07651;1.46425;
-23.166;0.345878;-7.73405;2.24744;1.4181;
-23.1382;0.555355;-7.63386;2.00382;1.30043;
-23.1168;0.428371;-7.54145;1.84822;1.34304;
-23.1064;0.207592;-7.44181;1.99283;1.467;
-23.0908;0.311988;-7.3433;1.97021;1.41375;
-23.0607;0.603571;-7.24458;1.97435;1.27411;
-23.0407;0.399476;-7.13859;2.11981;1.38453;
-23.0221;0.372465;-7.04281;1.91561;1.37876;
-23.01;0.24076;-6.93685;2.11927;1.45768;
-22.9885;0.430148;-6.83836;1.9698;1.3558;
-22.9684;0.403109;-6.74186;1.93004;1.3649;
-22.951;0.347743;-6.63949;2.04724;1.40254;
-22.9357;0.305251;-6.53147;2.16048;1.43044;
-22.9214;0.286188;-6.42405;2.14842;1.43837;
-22.902;0.388817;-6.31114;2.25815;1.40028;
-22.8987;0.0654511;-6.19791;2.26469;1.5419;
-22.8821;0.331601;-6.10084;1.94137;1.40162;
-22.8813;0.0151171;-6.01712;1.67435;1.56177;
-22.8744;0.138968;-5.93246;1.69329;1.48891;
-22.8629;0.230595;-5.84037;1.84172;1.44624;
-22.8451;0.356106;-5.74556;1.89627;1.38517;
-22.8185;0.531734;-5.64263;2.05846;1.31801;
-22.7866;0.637665;-5.53906;2.07151;1.27217;
-22.7429;0.873705;-5.43228;2.13556;1.18245;
-22.6976;0.905683;-5.33687;1.90829;1.12767;
-22.6499;0.953565;-5.23189;2.09957;1.14448;
-22.5987;1.02535;-5.13185;2.00087;1.09723;
-22.5449;1.07479;-5.03717;1.89356;1.05454;
-22.4926;1.04753;-4.95726;1.5981;0.990574;
-22.4317;1.2182;-4.88078;1.52963;0.898254;
-22.366;1.31273;-4.8063;1.48964;0.848442;
-22.2978;1.3651;-4.73323;1.46137;0.819442;
-22.2273;1.4095;-4.66238;1.4171;0.788089;
-22.1542;1.4609;-4.58802;1.48712;0.794291;
-22.0796;1.49282;-4.50937;1.57289;0.81151;
-21.9972;1.64698;-4.43666;1.45424;0.723326;
-21.9157;1.62998;-4.36626;1.40796;0.712445;
-21.8402;1.51137;-4.30677;1.1898;0.666908;
-21.7774;1.25607;-4.23354;1.46472;0.861936;
-21.7114;1.32009;-4.17161;1.23863;0.753573;
-21.6677;0.87411;-4.11315;1.16917;0.92881;
-21.5963;1.42752;-4.06061;1.05072;0.634509;
-21.5282;1.36144;-3.99569;1.29839;0.761698;
-21.4525;1.51411;-3.93667;1.18042;0.662183;
-21.3799;1.45176;-3.86195;1.49452;0.799912;
-21.3199;1.20067;-3.78161;1.60675;0.929045;
-21.2548;1.30132;-3.7071;1.49028;0.852986;
-21.1954;1.18833;-3.63526;1.43671;0.879736;
-21.1285;1.33765;-3.55318;1.64163;0.88708;
-21.0714;1.14222;-3.48315;1.40053;0.88664;
-21.0044;1.3394;-3.41138;1.43542;0.819986;
-20.9334;1.42027;-3.33535;1.52064;0.819515;
-20.8748;1.17327;-3.26709;1.36513;0.860836;
-20.8102;1.29073;-3.19342;1.47354;0.851434;
-20.7476;1.25191;-3.11423;1.58379;0.901904;
-20.6857;1.23837;-3.03315;1.62156;0.91859;
-20.6294;1.12693;-2.9407;1.84888;1.02341;
-20.5708;1.17197;-2.84934;1.82724;1.0005;
-20.5199;1.01764;-2.7685;1.61677;1.00902;
-20.4625;1.14757;-2.68134;1.74334;0.988639;
-20.399;1.27119;-2.59826;1.66151;0.917713;
-20.3386;1.20726;-2.51638;1.63766;0.935546;
-20.2897;0.976899;-2.42874;1.75266;1.0623;
-20.2318;1.15916;-2.34942;1.58651;0.939805;
-20.1895;0.845379;-2.26649;1.65858;1.09942;
-20.1297;1.19703;-2.18127;1.70438;0.95851;
-20.0759;1.07586;-2.09457;1.73408;1.0155;
-20.016;1.19692;-2.012;1.65138;0.943617;
-19.9651;1.01826;-1.92414;1.75718;1.0456;
-19.9213;0.876026;-1.84873;1.50829;1.04461;
-19.8773;0.880527;-1.76929;1.58867;1.06469;
-19.8446;0.653583;-1.67887;1.80844;1.224;
-19.7883;1.1257;-1.58335;1.91046;1.03833;
-19.7397;0.973004;-1.4832;2.00285;1.11856;
-19.6893;1.00696;-1.38174;2.02936;1.1102;
-19.6366;1.05489;-1.28716;1.89156;1.06207;
-19.5889;0.952974;-1.19457;1.85182;1.09552;
-19.5488;0.802599;-1.10561;1.77918;1.14702;
-19.5021;0.934419;-1.02684;1.5754;1.03544;
-19.4605;0.831332;-0.949855;1.53969;1.07571;
-19.4107;0.995581;-0.879374;1.40962;0.955871;
-19.3629;0.956481;-0.801149;1.56449;1.02206;
-19.301;1.2378;-0.729732;1.42835;0.856748;
-19.253;0.960906;-0.649458;1.60547;1.03147;
-19.2025;1.00989;-0.563311;1.72295;1.04063;
-19.1483;1.08381;-0.480015;1.66591;0.994014;
-19.0896;1.17319;-0.396697;1.66637;0.957366;
-19.0213;1.36628;-0.315417;1.62559;0.871853;
-18.9516;1.39465;-0.23452;1.61793;0.859379;
-18.8847;1.33776;-0.155106;1.58828;0.870806;
-18.8176;1.34219;-0.0893899;1.31433;0.774912;
-18.7502;1.3479;-0.020286;1.38208;0.797917;
-18.6785;1.43468;0.0475871;1.35746;0.75775;
-18.6056;1.45727;0.114413;1.33653;0.742207;
-18.5313;1.48666;0.181468;1.3411;0.733967;
-18.4595;1.43458;0.251377;1.39817;0.772547;
-18.3935;1.32165;0.307405;1.12057;0.703249;
-18.3196;1.47685;0.364188;1.13566;0.655535;
-18.2427;1.53793;0.418133;1.0789;0.611752;
-18.1683;1.48876;0.481504;1.26741;0.705259;
-18.0862;1.64157;0.538762;1.14516;0.609114;
-18.0005;1.71293;0.587312;0.971001;0.515699;
-17.9191;1.62816;0.62809;0.815558;0.464374;
-17.8377;1.62828;0.667449;0.787181;0.450316;
-17.7641;1.47234;0.700649;0.664003;0.423672;
-17.6867;1.5477;0.747703;0.941078;0.546317;
-17.6053;1.62847;0.796444;0.974827;0.5394;
-17.508;1.94696;0.846778;1.00668;0.477197;
-17.4113;1.934;0.904523;1.15489;0.538324;
-17.3296;1.63342;0.965765;1.22483;0.643409;
-17.2467;1.65698;1.02468;1.17832;0.618154;
-17.1651;1.63299;1.07593;1.02504;0.560545;
-17.0888;1.5249;1.1378;1.23731;0.681657;
-17.0051;1.67477;1.19068;1.05771;0.563299;
-16.9243;1.61551;1.23683;0.923;0.519076;
-16.8359;1.76841;1.28484;0.960075;0.497378;
-16.7483;1.75194;1.33205;0.944307;0.494365;
-16.6684;1.59782;1.36578;0.67458;0.399485;
-16.6079;1.20999;1.41949;1.07422;0.726031;
-16.5345;1.46847;1.46061;0.822317;0.510476;
-16.4535;1.62069;1.49864;0.760623;0.438804;
-16.3689;1.69073;1.53975;0.822281;0.452666;
-16.2764;1.85143;1.58588;0.9225;0.462259;
-16.1869;1.78992;1.62658;0.814008;0.426817;
-16.0981;1.77488;1.67777;1.02384;0.523225;
-16.0113;1.7372;1.71523;0.749091;0.407116;
-15.908;2.06483;1.75344;0.764254;0.354494;
-15.8087;1.98636;1.79703;0.871877;0.413612;
-15.7062;2.04912;1.83277;0.71481;0.335638;
-15.6036;2.05292;1.86215;0.587528;0.278741;
-15.5007;2.05731;1.88353;0.427524;0.204892;
-15.3991;2.03241;1.9147;0.623419;0.297627;
-15.2961;2.06084;1.9356;0.417976;0.200104;
-15.1954;2.01267;1.958;0.448099;0.219066;
-15.1001;1.90582;1.95935;0.0269329;0.014131;
-15.0021;1.96171;1.96293;0.0716878;0.0365273;
-14.9043;1.95437;1.96393;0.0200216;0.0102442;
-14.8065;1.95645;1.95832;-0.112167;-0.0572694;
-14.7188;1.75355;1.95586;-0.0493826;-0.0281541;
-14.6267;1.84173;1.94094;-0.29821;-0.160525;
-14.5279;1.97644;1.92313;-0.35639;-0.178402;
-14.4294;1.96955;1.89396;-0.58325;-0.287907;
-14.3271;2.04628;1.85775;-0.724162;-0.340137;
-14.2267;2.00823;1.81422;-0.8707;-0.409104;
-14.1267;1.99967;1.77708;-0.742739;-0.355637;
-14.0299;1.93691;1.73777;-0.78627;-0.385618;
-13.9349;1.89995;1.69914;-0.772641;-0.386238;
-13.84;1.89747;1.65156;-0.951473;-0.464801;
-13.7365;2.07028;1.6089;-0.853356;-0.390974;
-13.6364;2.0028;1.56895;-0.798871;-0.379539;
-13.545;1.82697;1.51876;-1.00384;-0.502425;
-13.4578;1.74485;1.46377;-1.09989;-0.562446;
-13.3706;1.74265;1.4031;-1.21329;-0.608193;
-13.2842;1.72915;1.34358;-1.19042;-0.602927;
-13.2042;1.59876;1.28075;-1.25661;-0.666142;
-13.1324;1.43631;1.21981;-1.21875;-0.703637;
-13.0561;1.52733;1.15987;-1.19885;-0.665485;
-12.9781;1.55868;1.0942;-1.3134;-0.700205;
-12.8988;1.58696;1.02802;-1.3236;-0.69516;
-12.8162;1.65183;0.960977;-1.34086;-0.681862;
-12.7537;1.25084;0.901128;-1.19698;-0.763398;
-12.6836;1.40154;0.840236;-1.21783;-0.715377;
-12.6072;1.5271;0.777367;-1.25738;-0.688835;
-12.5305;1.53535;0.712181;-1.30374;-0.703999;
-12.4554;1.50041;0.644488;-1.35385;-0.734096;
-12.3854;1.40152;0.575682;-1.37612;-0.776255;
-12.3082;1.54358;0.512894;-1.25577;-0.682944;
-12.2371;1.42192;0.434409;-1.5697;-0.834755;
-12.1667;1.4075;0.365993;-1.36831;-0.771278;
-12.081;1.71368;0.301479;-1.29028;-0.645373;
-12.0133;1.35499;0.229018;-1.44923;-0.818992;
-11.9413;1.43953;0.159259;-1.39519;-0.769757;
-11.872;1.38655;0.0858953;-1.46727;-0.813677;
-11.8061;1.31783;0.0086431;-1.54504;-0.864597;
-11.7449;1.22319;-0.0603812;-1.38049;-0.845736;
-11.6758;1.38223;-0.13296;-1.45157;-0.809864;
-11.6068;1.37963;-0.206136;-1.46351;-0.814893;
-11.5286;1.56517;-0.287601;-1.62932;-0.805475;
-11.4652;1.26827;-0.360814;-1.46425;-0.856997;
-11.3956;1.39186;-0.43077;-1.39912;-0.788;
-11.32;1.51218;-0.487063;-1.12585;-0.639983;
-11.2552;1.29515;-0.540824;-1.07524;-0.692888;
-11.1803;1.49775;-0.598546;-1.15443;-0.656666;
-11.1013;1.57935;-0.668887;-1.40681;-0.727686;
-11.0255;1.5161;-0.737244;-1.36715;-0.733782;
-10.9356;1.79771;-0.821232;-1.67976;-0.751492;
-10.8524;1.66518;-0.900212;-1.57959;-0.759027;
-10.7719;1.60917;-0.95989;-1.19356;-0.638184;
-10.6886;1.66713;-1.01918;-1.18582;-0.618268;
-10.6052;1.66725;-1.07656;-1.1475;-0.602801;
-10.5152;1.80111;-1.13777;-1.22423;-0.596979;
-10.4377;1.54845;-1.19719;-1.18853;-0.654647;
-10.3542;1.67035;-1.23968;-0.8497;-0.47058;
-10.2774;1.53712;-1.29019;-1.01029;-0.581461;
-10.1991;1.56611;-1.34587;-1.11349;-0.618064;
-10.1123;1.73423;-1.41174;-1.31752;-0.649691;
-10.0254;1.73979;-1.46945;-1.15416;-0.585728;
-9.93979;1.71126;-1.52448;-1.10059;-0.571539;
-9.85801;1.63553;-1.57124;-0.935101;-0.519384;
-9.79327;1.29487;-1.61249;-0.825073;-0.567314;
-9.7249;1.36744;-1.66445;-1.03926;-0.649873;
-9.65212;1.45554;-1.72248;-1.16049;-0.673085;
-9.5739;1.56448;-1.78071;-1.16471;-0.639952;
-9.49271;1.62366;-1.84228;-1.23134;-0.64884;
-9.42364;1.38137;-1.91249;-1.40416;-0.793578;
-9.3475;1.52292;-1.97497;-1.2496;-0.687136;
-9.26845;1.5809;-2.03755;-1.25157;-0.669649;
-9.20358;1.29747;-2.09843;-1.21771;-0.753698;
-9.13588;1.35398;-2.16463;-1.32389;-0.77416;
-9.06159;1.48587;-2.23104;-1.32831;-0.729471;
-8.99728;1.28619;-2.31449;-1.66894;-0.914203;
-8.92823;1.38097;-2.39226;-1.55548;-0.84476;
-8.85219;1.5208;-2.46822;-1.51904;-0.784818;
-8.78544;1.33498;-2.54313;-1.49835;-0.842994;
-8.72085;1.29183;-2.6214;-1.56538;-0.880845;
-8.65838;1.24942;-2.69605;-1.49301;-0.873985;
-8.59956;1.17644;-2.77865;-1.65191;-0.95195;
-8.53466;1.29794;-2.86385;-1.70407;-0.919868;
-8.47554;1.18248;-2.94815;-1.68607;-0.959183;
-8.41398;1.2311;-3.02873;-1.61157;-0.91845;
-8.36513;0.976924;-3.1032;-1.48941;-0.990275;
-8.31612;0.980317;-3.17136;-1.36313;-0.947323;
-8.26832;0.955907;-3.23675;-1.3078;-0.939614;
-8.21819;1.00274;-3.31178;-1.50061;-0.981718;
-8.15693;1.22508;-3.38759;-1.51621;-0.891203;
-8.10739;0.990806;-3.47413;-1.7308;-1.05088;
-8.05303;1.08731;-3.56622;-1.84188;-1.03752;
-8.02517;0.557092;-3.67547;-2.18498;-1.32115;
-7.98425;0.818502;-3.76922;-1.87489;-1.15917;
-7.91959;1.2931;-3.86386;-1.89279;-0.971454;
-7.85268;1.33822;-3.95072;-1.73733;-0.914446;
-7.78299;1.39384;-4.02517;-1.48884;-0.818341;
-7.72761;1.10758;-4.1056;-1.60866;-0.967823;
-7.67488;1.05457;-4.19076;-1.70315;-1.01639;
-7.62219;1.05376;-4.27465;-1.67797;-1.01005;
-7.57005;1.04294;-4.36248;-1.75654;-1.03499;
-7.5188;1.02503;-4.44974;-1.74527;-1.03975;
-7.46063;1.16322;-4.54202;-1.84552;-1.0084;
-7.41111;0.990426;-4.63471;-1.85373;-1.0801;
-7.35959;1.03038;-4.728;-1.86589;-1.06625;
-7.31819;0.828048;-4.83426;-2.12516;-1.19925;
-7.2704;0.955751;-4.93072;-1.92911;-1.11081;
-7.22679;0.872212;-5.02075;-1.80075;-1.11974;
-7.18341;0.867658;-5.1189;-1.96294;-1.1546;
-7.12351;1.19793;-5.20726;-1.76714;-0.975061;
-7.06448;1.18064;-5.30106;-1.87603;-1.00909;
-7.01583;0.973132;-5.39217;-1.82214;-1.08027;
-6.96647;0.987014;-5.48059;-1.76856;-1.06176;
-6.91982;0.933084;-5.57238;-1.83577;-1.10055;
-6.86919;1.0126;-5.66357;-1.82384;-1.06397;
-6.82468;0.890308;-5.75773;-1.88315;-1.12916;
-6.77797;0.934194;-5.85419;-1.92913;-1.11982;
-6.7295;0.969408;-5.9468;-1.85218;-1.08861;
-6.67698;1.05023;-6.03989;-1.86196;-1.05723;
-6.63092;0.921303;-6.13164;-1.8349;-1.10547;
-6.57264;1.16565;-6.22347;-1.83658;-1.00526;
-6.5255;0.942748;-6.3259;-2.04866;-1.13951;
-6.48295;0.850976;-6.42292;-1.94043;-1.1575;
-6.44966;0.665866;-6.51446;-1.8308;-1.22197;
-6.41314;0.730366;-6.6103;-1.91667;-1.20672;
-6.37979;0.666876;-6.6959;-1.71199;-1.19935;
-6.34981;0.599776;-6.78992;-1.88047;-1.26205;
-6.30475;0.901082;-6.88269;-1.85543;-1.1187;
-6.26691;0.756929;-6.97001;-1.74633;-1.1618;
-6.2381;0.576118;-7.06988;-1.9975;-1.29;
-6.20106;0.740721;-7.17269;-2.05613;-1.22502;
-6.17741;0.473092;-7.30078;-2.56182;-1.38818;
-6.15274;0.493346;-7.42014;-2.38729;-1.36701;
-6.12134;0.62806;-7.52798;-2.15681;-1.28743;
-6.08357;0.755347;-7.62821;-2.00454;-1.21043;
-6.03969;0.877592;-7.71502;-1.73607;-1.10276;
-5.99233;0.947289;-7.80194;-1.73843;-1.07187;
-5.94387;0.969163;-7.89989;-1.95902;-1.11138;
-5.91005;0.676285;-8.00401;-2.0824;-1.25678;
-5.88501;0.500871;-8.10577;-2.03515;-1.32948;
-5.85524;0.595383;-8.20291;-1.94295;-1.27345;
-5.82719;0.561119;-8.30129;-1.9675;-1.29298;
-5.81301;0.28361;-8.40676;-2.10955;-1.43716;
-5.79083;0.443451;-8.51056;-2.076;-1.36035;
-5.76778;0.46096;-8.61548;-2.09838;-1.35456;
-5.7469;0.41776;-8.70981;-1.88651;-1.35287;
-5.71778;0.582326;-8.80667;-1.93723;-1.27879;
-5.69797;0.396266;-8.9059;-1.98458;-1.37372;
-5.67992;0.361005;-9.00702;-2.02243;-1.39416;
-5.67001;0.1981;-9.10647;-1.98889;-1.47152;
-5.6592;0.216335;-9.2113;-2.09669;-1.46798;
-5.65601;0.0637281;-9.30821;-1.93811;-1.53793;
-5.64067;0.306692;-9.40441;-1.92405;-1.41273;
-5.64537;-0.0939251;-9.49195;-1.75091;-1.62439;
-5.65032;-0.098891;-9.58464;-1.85372;-1.62409;
-5.64541;0.0981977;-9.68649;-2.03698;-1.52263;
-5.63209;0.266284;-9.7901;-2.0723;-1.443;
-5.62151;0.211631;-9.89203;-2.03852;-1.46735;
-5.60834;0.263457;-10.0007;-2.1728;-1.45013;
-5.60048;0.157046;-10.1063;-2.11227;-1.49658;
-5.59059;0.197823;-10.2148;-2.17049;-1.47991;
-5.5826;0.159955;-10.3275;-2.2543;-1.49996;
-5.58134;0.0252045;-10.4146;-1.74196;-1.55633;
-5.58967;-0.166741;-10.5069;-1.84652;-1.66085;
-5.58543;0.0848896;-10.6017;-1.89553;-1.52604;
-5.58289;0.0507276;-10.6994;-1.95385;-1.54484;
-5.57915;0.0748779;-10.8009;-2.02952;-1.53392;
-5.59861;-0.389251;-10.9047;-2.07535;-1.7562;
-5.60423;-0.112394;-11.0089;-2.08455;-1.62466;
-5.60534;-0.0221709;-11.1112;-2.0472;-1.58163;
-5.60223;0.062077;-11.2084;-1.94223;-1.53885;
-5.59925;0.0597806;-11.2989;-1.81076;-1.53779;
-5.60154;-0.0459449;-11.3941;-1.90329;-1.59493;
-5.60346;-0.0383018;-11.4859;-1.83697;-1.59164;
-5.60803;-0.0914813;-11.5845;-1.97267;-1.61714;
-5.61712;-0.181715;-11.6841;-1.99097;-1.66181;
-5.63947;-0.44713;-11.7802;-1.92179;-1.79939;
-5.65719;-0.354317;-11.8804;-2.00373;-1.74582;
-5.67786;-0.413474;-11.979;-1.97209;-1.77747;
-5.68481;-0.138843;-12.0656;-1.73289;-1.65075;
-5.70639;-0.431645;-12.1504;-1.69599;-1.82001;
-5.72153;-0.302767;-12.2425;-1.84192;-1.73372;
-5.74315;-0.43241;-12.3443;-2.03482;-1.78019;
-5.7587;-0.310998;-12.4378;-1.87118;-1.7355;
-5.78017;-0.429515;-12.534;-1.92336;-1.79051;
-5.79597;-0.315984;-12.6342;-2.00345;-1.72723;
-5.80729;-0.226386;-12.741;-2.13613;-1.67638;
-5.83;-0.454129;-12.8338;-1.85634;-1.81072;
-5.8584;-0.56799;-12.927;-1.86363;-1.86663;
-5.87489;-0.329764;-13.0196;-1.85302;-1.74691;
-5.88771;-0.256418;-13.1164;-1.93533;-1.70252;
-5.90571;-0.360173;-13.2113;-1.89774;-1.75836;
-5.92295;-0.344789;-13.3054;-1.88207;-1.75198;
-5.94165;-0.373988;-13.4015;-1.92348;-1.76283;
-5.9589;-0.344992;-13.5008;-1.98538;-1.74284;
-5.97833;-0.388627;-13.5993;-1.96996;-1.76557;
-5.99706;-0.374451;-13.6977;-1.96776;-1.75884;
-6.01479;-0.354736;-13.802;-2.08575;-1.73926;
-6.0254;-0.212027;-13.906;-2.08056;-1.67235;
-6.04245;-0.341193;-14.0045;-1.96989;-1.7423;
-6.04647;-0.0803115;-14.108;-2.07092;-1.60956;
-6.06414;-0.353401;-14.21;-2.03971;-1.74235;
-6.07899;-0.296942;-14.3149;-2.09774;-1.71142;
-6.09989;-0.41805;-14.4049;-1.80005;-1.79899;
-6.12604;-0.523055;-14.4904;-1.70899;-1.8678;
-6.16702;-0.81946;-14.5783;-1.75834;-2.00691;
-6.20314;-0.722459;-14.6772;-1.97813;-1.92097;
-6.23184;-0.574087;-14.7764;-1.98505;-1.85232;
-6.26226;-0.608309;-14.8733;-1.9373;-1.87505;
-6.2787;-0.328831;-14.9662;-1.85774;-1.74599;
-6.30221;-0.470253;-15.0657;-1.9896;-1.80289;
-6.33462;-0.648102;-15.1713;-2.1124;-1.86849;
-6.34649;-0.237388;-15.2651;-1.87535;-1.69671;
-6.36317;-0.333656;-15.3767;-2.23208;-1.71918;
-6.38633;-0.463118;-15.4761;-1.98941;-1.79951;
-6.41059;-0.485232;-15.5804;-2.08489;-1.79946;
-6.43797;-0.547566;-15.678;-1.95275;-1.84418;
-6.46811;-0.602912;-15.7754;-1.94826;-1.87091;
-6.49243;-0.48643;-15.8734;-1.95937;-1.81413;
-6.49563;-0.064032;-15.9697;-1.92517;-1.60404;
-6.51646;-0.416487;-16.0464;-1.5343;-1.83586;
-6.52591;-0.18903;-16.1388;-1.84926;-1.67266;
-6.54447;-0.371212;-16.2342;-1.90681;-1.76307;
-6.57404;-0.591451;-16.329;-1.89717;-1.873;
-6.60454;-0.609887;-16.4258;-1.93571;-1.87602;
-6.63429;-0.595097;-16.5229;-1.94074;-1.86833;
-6.6611;-0.536065;-16.6109;-1.75981;-1.86648;
-6.68685;-0.515082;-16.705;-1.8837;-1.83771;
-6.7158;-0.57909;-16.799;-1.87911;-1.86973;
-6.74334;-0.550621;-16.8968;-1.956;-1.8452;
-6.77215;-0.576254;-16.9919;-1.90112;-1.86511;
-6.80737;-0.704528;-17.0848;-1.85862;-1.93312;
-6.84187;-0.690005;-17.1891;-2.08669;-1.89015;
-6.88806;-0.923615;-17.2883;-1.98317;-2.00665;
-6.92688;-0.776406;-17.3842;-1.91915;-1.95523;
-6.97109;-0.884379;-17.4869;-2.05324;-1.97751;
-7.01153;-0.808669;-17.5845;-1.95233;-1.96349;
-7.05432;-0.85593;-17.6787;-1.88332;-1.99737;
-7.0982;-0.877404;-17.77;-1.82696;-2.01852;
-7.14139;-0.863917;-17.8602;-1.80322;-2.01758;
-7.18098;-0.791787;-17.9338;-1.47226;-2.06423;
-7.2229;-0.838355;-18.0162;-1.64834;-2.04131;
-7.27031;-0.948213;-18.0969;-1.61312;-2.10221;
-7.2944;-0.48174;-18.1766;-1.59548;-1.86403;
-7.33713;-0.85478;-18.2593;-1.65346;-2.04792;
-7.38394;-0.936107;-18.3438;-1.68999;-2.07664;
-7.42327;-0.786551;-18.4397;-1.9175;-1.96006;
-7.47483;-1.03119;-18.5292;-1.78945;-2.09358;
-7.53702;-1.24384;-18.6213;-1.84299;-2.16448;
-7.59738;-1.20722;-18.7011;-1.59638;-2.21827;
-7.64486;-0.949517;-18.7941;-1.85872;-2.04308;
-7.68558;-0.814577;-18.88;-1.71844;-2.01345;
-7.73032;-0.894735;-18.9678;-1.75649;-2.04193;
-7.77287;-0.850993;-19.049;-1.62357;-2.05358;
-7.83199;-1.18248;-19.1214;-1.44835;-2.25548;
-7.89671;-1.29423;-19.2007;-1.58572;-2.25532;
-7.9644;-1.35385;-19.2891;-1.76725;-2.22451;
-8.02859;-1.28379;-19.372;-1.65827;-2.22959;
-8.0793;-1.0143;-19.4578;-1.71603;-2.10463;
-8.15259;-1.46581;-19.5259;-1.36189;-2.39293;
-8.22058;-1.35972;-19.5994;-1.47135;-2.31679;
-8.28981;-1.38468;-19.6682;-1.37495;-2.35972;
-8.35534;-1.31051;-19.7425;-1.48635;-2.29341;
-8.41767;-1.24651;-19.8166;-1.48226;-2.27001;
-8.48982;-1.44306;-19.884;-1.34841;-2.39009;
-8.54809;-1.16548;-19.9602;-1.52318;-2.22393;
-8.60613;-1.16071;-20.034;-1.4755;-2.23735;
-8.68075;-1.49235;-20.1161;-1.64295;-2.3082;
-8.74678;-1.32073;-20.1871;-1.41982;-2.32005;
-8.81324;-1.32919;-20.2593;-1.44446;-2.31466;
-8.86671;-1.06934;-20.3356;-1.5251;-2.1823;
-8.92456;-1.15699;-20.4121;-1.5311;-2.21791;
-8.98938;-1.2964;-20.4666;-1.08978;-2.44257;
-9.04687;-1.14991;-20.5394;-1.45529;-2.2395;
-9.10041;-1.07069;-20.6245;-1.70213;-2.13229;
-9.16237;-1.2392;-20.7087;-1.68328;-2.2054;
-9.22249;-1.20243;-20.7873;-1.57278;-2.22353;
-9.28773;-1.30476;-20.8673;-1.60036;-2.25479;
-9.35442;-1.33388;-20.9452;-1.55659;-2.2793;
-9.43121;-1.53569;-21.0209;-1.51463;-2.3631;
-9.50759;-1.5276;-21.1027;-1.63669;-2.32173;
-9.58708;-1.58981;-21.1824;-1.59299;-2.35519;
-9.66022;-1.46295;-21.2681;-1.7143;-2.27725;
-9.72399;-1.27536;-21.3563;-1.76467;-2.19661;
-9.79312;-1.38253;-21.424;-1.35285;-2.36705;
-9.85017;-1.14094;-21.4967;-1.45382;-2.23619;
-9.92773;-1.55137;-21.5636;-1.33818;-2.42984;
-10.004;-1.52543;-21.6284;-1.29759;-2.43673;
-10.0703;-1.32544;-21.6998;-1.42803;-2.31895;
-10.1451;-1.49575;-21.7685;-1.37368;-2.39871;
-10.212;-1.33883;-21.838;-1.38966;-2.33757;
-10.2843;-1.44597;-21.9104;-1.44774;-2.35558;
-10.354;-1.39356;-21.9757;-1.30636;-2.38848;
-10.4264;-1.44743;-22.0508;-1.50095;-2.33804;
-10.5008;-1.48912;-22.1177;-1.33931;-2.40911;
-10.5687;-1.35876;-22.1951;-1.54702;-2.2915;
-10.6346;-1.3167;-22.2745;-1.58928;-2.26267;
-10.6969;-1.24679;-22.3555;-1.61988;-2.22677;
-10.7592;-1.24631;-22.4472;-1.83379;-2.16772;
-10.8218;-1.25113;-22.5301;-1.65783;-2.21729;
-10.8701;-0.965314;-22.6185;-1.7681;-2.07053;
-10.9248;-1.09542;-22.7023;-1.67516;-2.14992;
-10.973;-0.96287;-22.7895;-1.74383;-2.07529;
-11.0222;-0.984224;-22.8743;-1.69558;-2.09673;
-11.0712;-0.979813;-22.9714;-1.94337;-2.03779;
-11.1227;-1.03066;-23.0677;-1.92609;-2.06213;
-11.1655;-0.855725;-23.1601;-1.84685;-2.00469;
-11.2073;-0.835895;-23.2543;-1.88421;-1.98834;
-11.2511;-0.876474;-23.3505;-1.9247;-1.99812;
-11.2868;-0.713705;-23.4491;-1.97105;-1.9182;
-11.3179;-0.621294;-23.5492;-2.00259;-1.87163;
-11.3515;-0.673015;-23.6461;-1.93812;-1.90502;
-11.3777;-0.523353;-23.7452;-1.98191;-1.82897;
-11.3909;-0.263539;-23.8289;-1.67445;-1.7269;
-11.4098;-0.37911;-23.9184;-1.78896;-1.77962;
-11.4319;-0.441327;-24.0062;-1.75583;-1.81704;
-11.4527;-0.415766;-24.0974;-1.82425;-1.79488;
-11.4624;-0.194675;-24.1677;-1.40572;-1.70841;
-11.4755;-0.262688;-24.2349;-1.34412;-1.7638;
-11.486;-0.208723;-24.317;-1.64325;-1.69714;
