#1 AntPos X	#2 AntVel X	#3 AntPos Y	#4 AntVel Y	#5 AntAngle	
-19.5665;0.175062;22.7467;-1.99232;-1.48315;
-19.549;0.175062;22.5475;-1.99232;-1.48315;
-19.5315;0.175062;22.3482;-1.99232;-1.48315;
-19.514;0.175062;22.149;-1.99232;-1.48315;
-19.4965;0.175062;21.9498;-1.99232;-1.48315;
-19.4789;0.175062;21.7506;-1.99232;-1.48315;
-19.4614;0.175062;21.5513;-1.99232;-1.48315;
-19.4439;0.175062;21.3521;-1.99232;-1.48315;
-19.4264;0.175062;21.1529;-1.99232;-1.48315;
-19.4089;0.175062;20.9536;-1.99232;-1.48315;
-19.3914;0.175062;20.7544;-1.99232;-1.48315;
-19.3739;0.175062;20.5552;-1.99232;-1.48315;
-19.3564;0.175062;20.3559;-1.99232;-1.48315;
-19.3389;0.175062;20.1567;-1.99232;-1.48315;
-19.3214;0.175062;19.9575;-1.99232;-1.48315;
-19.3039;0.175062;19.7582;-1.99232;-1.48315;
-19.2864;0.175062;19.559;-1.99232;-1.48315;
-19.2689;0.175062;19.3598;-1.99232;-1.48315;
-19.2514;0.175062;19.1605;-1.99232;-1.48315;
-19.2339;0.175062;18.9613;-1.99232;-1.48315;
-19.2164;0.175062;18.7621;-1.99232;-1.48315;
-19.1988;0.175062;18.5628;-1.99232;-1.48315;
-19.1813;0.175062;18.3636;-1.99232;-1.48315;
-19.1638;0.175062;18.1644;-1.99232;-1.48315;
-19.1463;0.175062;17.9651;-1.99232;-1.48315;
-19.1288;0.175062;17.7659;-1.99232;-1.48315;
-19.1113;0.175062;17.5667;-1.99232;-1.48315;
-19.0938;0.175062;17.3674;-1.99232;-1.48315;
-19.0763;0.175062;17.1682;-1.99232;-1.48315;
-19.0588;0.175062;16.969;-1.99232;-1.48315;
-19.0413;0.175062;16.7697;-1.99232;-1.48315;
-19.0238;0.175062;16.5705;-1.99232;-1.48315;
-19.0063;0.175062;16.3713;-1.99232;-1.48315;
-18.9888;0.175062;16.172;-1.99232;-1.48315;
-18.9713;0.175062;15.9728;-1.99232;-1.48315;
-18.9538;0.175062;15.7736;-1.99232;-1.48315;
-18.9363;0.175062;15.5743;-1.99232;-1.48315;
-18.9187;0.175062;15.3751;-1.99232;-1.48315;
-18.9012;0.175062;15.1759;-1.99232;-1.48315;
-18.8837;0.175062;14.9767;-1.99232;-1.48315;
-18.8662;0.175062;14.7774;-1.99232;-1.48315;
-18.8487;0.175062;14.5782;-1.99232;-1.48315;
-18.8312;0.175062;14.379;-1.99232;-1.48315;
-18.8137;0.175062;14.1797;-1.99232;-1.48315;
-18.7962;0.175062;13.9805;-1.99232;-1.48315;
-18.7787;0.175062;13.7813;-1.99232;-1.48315;
-18.7612;0.175062;13.582;-1.99232;-1.48315;
-18.7437;0.175062;13.3828;-1.99232;-1.48315;
-18.7262;0.175062;13.1836;-1.99232;-1.48315;
-18.7087;0.175062;12.9843;-1.99232;-1.48315;
-18.6912;0.175062;12.7851;-1.99232;-1.48315;
-18.6737;0.175062;12.5859;-1.99232;-1.48315;
-18.6562;0.175062;12.3866;-1.99232;-1.48315;
-18.6386;0.175062;12.1874;-1.99232;-1.48315;
-18.6211;0.175062;11.9882;-1.99232;-1.48315;
-18.6036;0.175062;11.7889;-1.99232;-1.48315;
-18.5861;0.175062;11.5897;-1.99232;-1.48315;
-18.5686;0.175062;11.3905;-1.99232;-1.48315;
-18.5511;0.175062;11.1912;-1.99232;-1.48315;
-18.5336;0.175062;10.992;-1.99232;-1.48315;
-18.5161;0.175062;10.7928;-1.99232;-1.48315;
-18.4986;0.175062;10.5935;-1.99232;-1.48315;
-18.4811;0.175062;10.3943;-1.99232;-1.48315;
-18.4636;0.175062;10.1951;-1.99232;-1.48315;
-18.4461;0.175062;9.99584;-1.99232;-1.48315;
-18.4286;0.175062;9.79661;-1.99232;-1.48315;
-18.4111;0.175062;9.59738;-1.99232;-1.48315;
-18.3936;0.175062;9.39815;-1.99232;-1.48315;
-18.3761;0.175062;9.19891;-1.99232;-1.48315;
-18.3586;0.175062;8.99968;-1.99232;-1.48315;
-18.341;0.175062;8.80045;-1.99232;-1.48315;
-18.3235;0.175062;8.60122;-1.99232;-1.48315;
-18.306;0.175062;8.40198;-1.99232;-1.48315;
-18.2885;0.175062;8.20275;-1.99232;-1.48315;
-18.271;0.175062;8.00352;-1.99232;-1.48315;
-18.2535;0.175062;7.80429;-1.99232;-1.48315;
-18.236;0.175062;7.60506;-1.99232;-1.48315;
-18.2185;0.175062;7.40582;-1.99232;-1.48315;
-18.201;0.175062;7.20659;-1.99232;-1.48315;
-18.1835;0.175062;7.00736;-1.99232;-1.48315;
-18.166;0.175062;6.80813;-1.99232;-1.48315;
-18.1485;0.17444;6.60889;-1.99238;-1.48347;
-18.263;-1.14459;6.3981;-2.10786;-2.06826;
-18.4207;-1.57661;6.25613;-1.41972;-2.4085;
-18.6496;-2.28963;6.21151;-0.446149;-2.94915;
-18.8459;-1.9632;6.17332;-0.381895;-2.94947;
-19.0683;-2.22376;6.26908;0.957542;2.73499;
-19.252;-1.83694;6.34818;0.79098;2.73499;
-19.4357;-1.83694;6.42727;0.79098;2.73499;
-19.6194;-1.83694;6.50637;0.79098;2.73499;
-19.8031;-1.83694;6.58547;0.79098;2.73499;
-19.9868;-1.83694;6.66457;0.79098;2.73499;
-20.1705;-1.83693;6.74367;0.791006;2.73498;
-20.3541;-1.83597;6.82299;0.793241;2.73376;
-20.535;-1.80962;6.90842;0.854222;2.70056;
-20.7081;-1.73038;7.01036;1.01949;2.60917;
-20.8785;-1.70451;7.11505;1.04689;2.59081;
-21.046;-1.67454;7.22456;1.09505;2.56245;
-21.2113;-1.65292;7.33722;1.12665;2.54332;
-21.375;-1.63769;7.45206;1.14833;2.53007;
-21.5377;-1.62681;7.56841;1.16355;2.52071;
-21.6996;-1.61895;7.68585;1.17439;2.51402;
-21.8609;-1.61325;7.80407;1.18217;2.5092;
-22.0219;-1.60911;7.92285;1.18778;2.50571;
-22.1825;-1.6061;8.04203;1.19184;2.50319;
-22.3429;-1.60391;8.16151;1.19477;2.50136;
-22.5031;-1.60233;8.2812;1.19689;2.50003;
-22.6632;-1.60118;8.40104;1.19842;2.49908;
-22.8232;-1.60036;8.52099;1.19952;2.49839;
-22.9832;-1.59977;8.64102;1.20031;2.4979;
-23.1432;-1.59934;8.76111;1.20087;2.49755;
-23.3031;-1.59904;8.88124;1.20127;2.4973;
-23.4629;-1.59883;9.00139;1.20156;2.49712;
-23.6228;-1.59868;9.12157;1.20176;2.49699;
-23.7827;-1.59858;9.24176;1.2019;2.49691;
-23.9425;-1.5985;9.36196;1.20199;2.49685;
-24.1024;-1.59845;9.48216;1.20206;2.4968;
-24.2622;-1.59842;9.60237;1.20211;2.49677;
-24.422;-1.59839;9.72259;1.20214;2.49675;
-24.5819;-1.59838;9.8428;1.20216;2.49674;
-24.7417;-1.59837;9.96302;1.20218;2.49673;
-24.9016;-1.59836;10.0832;1.20219;2.49672;
-25.0614;-1.59835;10.2035;1.20219;2.49672;
-25.2212;-1.59835;10.3237;1.2022;2.49672;
-25.3811;-1.59835;10.4439;1.2022;2.49672;
-25.5409;-1.59835;10.5641;1.2022;2.49671;
-25.7007;-1.59834;10.6843;1.2022;2.49671;
-25.8606;-1.59834;10.8046;1.2022;2.49671;
-26.0204;-1.59834;10.9248;1.2022;2.49671;
-26.1802;-1.59834;11.045;1.20221;2.49671;
-26.3401;-1.59834;11.1652;1.20221;2.49671;
-26.4999;-1.59834;11.2854;1.20221;2.49671;
-26.6597;-1.59834;11.4057;1.20221;2.49671;
-26.8196;-1.59834;11.5259;1.20221;2.49671;
-26.9794;-1.59834;11.6461;1.20221;2.49671;
-27.1392;-1.59834;11.7663;1.20221;2.49671;
-27.2991;-1.59834;11.8865;1.20221;2.49671;
-27.4589;-1.59834;12.0068;1.20221;2.49671;
-27.6187;-1.59834;12.127;1.20221;2.49671;
-27.7786;-1.59834;12.2472;1.20221;2.49671;
-27.9384;-1.59834;12.3674;1.20221;2.49671;
-28.0982;-1.59834;12.4876;1.20221;2.49671;
-28.2581;-1.59834;12.6079;1.20221;2.49671;
-28.4179;-1.59834;12.7281;1.20221;2.49671;
-28.5777;-1.59834;12.8483;1.20221;2.49671;
-28.7376;-1.59834;12.9685;1.20221;2.49671;
-28.8974;-1.59834;13.0888;1.20221;2.49671;
-29.0572;-1.59834;13.209;1.20221;2.49671;
-29.2171;-1.59834;13.3292;1.20221;2.49671;
-29.3769;-1.59834;13.4494;1.20221;2.49671;
-29.5368;-1.59834;13.5696;1.20221;2.49671;
-29.6966;-1.59834;13.6899;1.20221;2.49671;
-29.8564;-1.59834;13.8101;1.20221;2.49671;

29.9837;-1.59834;13.9303;1.20221;2.49671;
29.8239;-1.59834;14.0505;1.20221;2.49671;
29.6641;-1.59834;14.1707;1.20221;2.49671;
29.5042;-1.59834;14.291;1.20221;2.49671;
29.3444;-1.59834;14.4112;1.20221;2.49671;
29.1846;-1.59834;14.5314;1.20221;2.49671;
29.0247;-1.59834;14.6516;1.20221;2.49671;
28.8649;-1.59834;14.7718;1.20221;2.49671;
28.7051;-1.59834;14.8921;1.20221;2.49671;
28.5452;-1.59834;15.0123;1.20221;2.49671;
28.3854;-1.59834;15.1325;1.20221;2.49671;
28.2256;-1.59834;15.2527;1.20221;2.49671;
28.0657;-1.59834;15.3729;1.20221;2.49671;
27.9059;-1.59834;15.4932;1.20221;2.49671;
27.7461;-1.59834;15.6134;1.20221;2.49671;
27.5862;-1.59834;15.7336;1.20221;2.49671;
27.4264;-1.59834;15.8538;1.20221;2.49671;
27.2666;-1.59834;15.974;1.20221;2.49671;
27.1067;-1.59834;16.0943;1.20221;2.49671;
26.9469;-1.59834;16.2145;1.20221;2.49671;
26.7871;-1.59834;16.3347;1.20221;2.49671;
26.6272;-1.59834;16.4549;1.20221;2.49671;
26.4674;-1.59834;16.5751;1.20221;2.49671;
26.3076;-1.59834;16.6954;1.20221;2.49671;
26.1477;-1.59834;16.8156;1.20221;2.49671;
25.9879;-1.59834;16.9358;1.20221;2.49671;
25.8281;-1.59834;17.056;1.20221;2.49671;
25.6682;-1.59834;17.1763;1.20221;2.49671;
25.5084;-1.59834;17.2965;1.20221;2.49671;
25.3486;-1.59834;17.4167;1.20221;2.49671;
25.1887;-1.59834;17.5369;1.20221;2.49671;
25.0289;-1.59834;17.6571;1.20221;2.49671;
24.869;-1.59834;17.7774;1.20221;2.49671;
24.7092;-1.59834;17.8976;1.20221;2.49671;
24.5494;-1.59834;18.0178;1.20221;2.49671;
24.3895;-1.59834;18.138;1.20221;2.49671;
24.2297;-1.59834;18.2582;1.20221;2.49671;
24.0699;-1.59834;18.3785;1.20221;2.49671;
23.91;-1.59834;18.4987;1.20221;2.49671;
23.7502;-1.59834;18.6189;1.20221;2.49671;
23.5904;-1.59834;18.7391;1.20221;2.49671;
23.4305;-1.59834;18.8593;1.20221;2.49671;
23.2707;-1.59834;18.9796;1.20221;2.49671;
23.1109;-1.59834;19.0998;1.20221;2.49671;
22.951;-1.59834;19.22;1.20221;2.49671;
22.7912;-1.59834;19.3402;1.20221;2.49671;
22.6314;-1.59834;19.4604;1.20221;2.49671;
22.4715;-1.59834;19.5807;1.20221;2.49671;
22.3117;-1.59834;19.7009;1.20221;2.49671;
22.1519;-1.59834;19.8211;1.20221;2.49671;
21.992;-1.59834;19.9413;1.20221;2.49671;
21.8322;-1.59834;20.0615;1.20221;2.49671;
21.6724;-1.59834;20.1818;1.20221;2.49671;
21.5125;-1.59834;20.302;1.20221;2.49671;
21.3527;-1.59834;20.4222;1.20221;2.49671;
21.1929;-1.59834;20.5424;1.20221;2.49671;
21.033;-1.59834;20.6626;1.20221;2.49671;
20.8732;-1.59834;20.7829;1.20221;2.49671;
20.7134;-1.59834;20.9031;1.20221;2.49671;
20.5535;-1.59834;21.0233;1.20221;2.49671;
20.3937;-1.59834;21.1435;1.20221;2.49671;
20.2339;-1.59834;21.2638;1.20221;2.49671;
20.074;-1.59834;21.384;1.20221;2.49671;
19.9142;-1.59834;21.5042;1.20221;2.49671;
19.7543;-1.59834;21.6244;1.20221;2.49671;
19.5945;-1.59834;21.7446;1.20221;2.49671;
19.4347;-1.59834;21.8649;1.20221;2.49671;
19.2748;-1.59834;21.9851;1.20221;2.49671;
19.115;-1.59834;22.1053;1.20221;2.49671;
18.9552;-1.59834;22.2255;1.20221;2.49671;
18.7953;-1.59834;22.3457;1.20221;2.49671;
18.6355;-1.59834;22.466;1.20221;2.49671;
18.4757;-1.59834;22.5862;1.20221;2.49671;
18.3158;-1.59834;22.7064;1.20221;2.49671;
18.156;-1.59834;22.8266;1.20221;2.49671;
17.9962;-1.59834;22.9468;1.20221;2.49671;
17.8363;-1.59834;23.0671;1.20221;2.49671;
17.6765;-1.59834;23.1873;1.20221;2.49671;
17.5167;-1.59834;23.3075;1.20221;2.49671;
17.3568;-1.59834;23.4277;1.20221;2.49671;
17.197;-1.59834;23.5479;1.20221;2.49671;
17.0372;-1.59834;23.6682;1.20221;2.49671;
16.8773;-1.59834;23.7884;1.20221;2.49671;
16.7175;-1.59834;23.9086;1.20221;2.49671;
16.5577;-1.59834;24.0288;1.20221;2.49671;
16.3978;-1.59834;24.149;1.20221;2.49671;
16.238;-1.59834;24.2693;1.20221;2.49671;
16.0782;-1.59834;24.3895;1.20221;2.49671;
15.9183;-1.59834;24.5097;1.20221;2.49671;
15.7585;-1.59834;24.6299;1.20221;2.49671;
15.5987;-1.59834;24.7501;1.20221;2.49671;
15.4388;-1.59834;24.8704;1.20221;2.49671;
15.279;-1.59834;24.9906;1.20221;2.49671;
15.1191;-1.59852;25.1108;1.20197;2.49686;
14.8788;-2.40362;25.1239;0.131244;3.08704;
14.6829;-1.95866;25.2051;0.811755;2.7487;
14.4766;-2.06277;25.2297;0.246563;3.02263;
14.2644;-2.12236;25.1393;-0.904558;-2.7387;
14.1057;-1.58728;25.0016;-1.3768;-2.42708;
13.9616;-1.44022;24.8624;-1.3919;-2.37326;
13.8337;-1.27905;24.707;-1.55449;-2.25929;
13.7189;-1.14865;24.5425;-1.64487;-2.1804;
13.6153;-1.0357;24.3709;-1.71614;-2.11379;
13.5211;-0.942093;24.1941;-1.76744;-2.06052;
13.4344;-0.866507;24.0137;-1.80451;-2.01847;
13.3538;-0.806647;23.8305;-1.83129;-1.98571;
13.2778;-0.760004;23.6455;-1.85066;-1.96046;
13.2054;-0.724142;23.459;-1.8647;-1.94121;
13.1357;-0.696867;23.2715;-1.87489;-1.92666;
13.068;-0.676303;23.0833;-1.88231;-1.91573;
13.002;-0.660907;22.8945;-1.88772;-1.90757;
12.937;-0.649443;22.7054;-1.89166;-1.90151;
12.8729;-0.640945;22.5159;-1.89454;-1.89702;
12.8095;-0.634667;22.3262;-1.89664;-1.89371;
12.7464;-0.630043;22.1364;-1.89818;-1.89127;
12.6838;-0.626644;21.9465;-1.8993;-1.88948;
12.6214;-0.624151;21.7565;-1.90012;-1.88817;
12.5591;-0.622325;21.5664;-1.90071;-1.88721;
12.497;-0.620992;21.3763;-1.90115;-1.88651;
12.435;-0.620023;21.1861;-1.90147;-1.886;
12.3731;-0.619327;20.996;-1.90169;-1.88564;
12.3112;-0.618842;20.8058;-1.90185;-1.88538;
12.2494;-0.61852;20.6156;-1.90195;-1.88521;
12.1875;-0.618275;20.4254;-1.90203;-1.88508;
12.1258;-0.61763;20.2352;-1.90224;-1.88474;
12.0645;-0.612993;20.0448;-1.90375;-1.88231;
12.0059;-0.586042;19.8535;-1.91242;-1.86815;
11.9556;-0.502476;19.6598;-1.93782;-1.82451;
11.9158;-0.398263;19.4635;-1.96287;-1.77098;
11.8713;-0.444888;19.2684;-1.95049;-1.79505;
11.8071;-0.642246;19.0779;-1.90488;-1.89599;
11.7216;-0.855319;18.8957;-1.82224;-2.00965;
11.6203;-1.01257;18.7223;-1.73408;-2.09931;
11.5097;-1.1064;18.5553;-1.66995;-2.15593;
11.3977;-1.11926;18.3896;-1.65758;-2.16471;
11.292;-1.05735;18.2196;-1.69929;-2.1274;
11.1946;-0.973645;18.0447;-1.74973;-2.07858;
11.1047;-0.899082;17.8658;-1.78849;-2.0366;
11.0208;-0.839012;17.6841;-1.81672;-2.00344;
10.9416;-0.79232;17.5004;-1.83707;-1.97799;
10.8659;-0.756841;17.3153;-1.85167;-1.95881;
10.7929;-0.730366;17.1291;-1.86209;-1.94459;
10.7218;-0.710922;16.9421;-1.8695;-1.93418;
10.6521;-0.696857;16.7546;-1.87473;-1.92668;
10.5834;-0.686864;16.5668;-1.87839;-1.92136;
10.5154;-0.67996;16.3787;-1.88088;-1.91769;
10.4479;-0.675454;16.1905;-1.88249;-1.9153;
10.3806;-0.672919;16.0021;-1.8834;-1.91395;
10.3134;-0.672163;15.8137;-1.88367;-1.91355;
10.246;-0.673208;15.6254;-1.88329;-1.9141;
10.1784;-0.676258;15.4372;-1.8822;-1.91572;
10.1102;-0.681654;15.2492;-1.88026;-1.91859;
10.0413;-0.689789;15.0614;-1.8773;-1.92292;
9.97116;-0.701002;14.8741;-1.87316;-1.9289;
9.89962;-0.715455;14.6874;-1.86772;-1.93662;
9.82631;-0.733032;14.5013;-1.86092;-1.94604;
9.75098;-0.753306;14.316;-1.85284;-1.95695;
9.67342;-0.775584;14.1316;-1.84365;-1.969;
9.59352;-0.799008;13.9482;-1.83364;-1.98174;
9.51125;-0.822689;13.7659;-1.82314;-1.99469;
9.42667;-0.845815;13.5847;-1.81252;-2.00741;
9.3399;-0.867723;13.4045;-1.80212;-2.01954;
9.25111;-0.88793;13.2252;-1.79223;-2.03078;
9.1605;-0.906125;13.0469;-1.78307;-2.04097;
9.06828;-0.922148;12.8695;-1.77481;-2.04998;
8.97469;-0.935951;12.6927;-1.76755;-2.05778;
8.87993;-0.947559;12.5166;-1.76134;-2.06436;
8.78423;-0.957041;12.3409;-1.75619;-2.06976;
8.68778;-0.964483;12.1657;-1.7521;-2.074;
8.59078;-0.969963;11.9908;-1.74906;-2.07714;
8.49343;-0.973547;11.8161;-1.74706;-2.07919;
8.3959;-0.97528;11.6415;-1.74609;-2.08018;
8.29838;-0.975193;11.4669;-1.74614;-2.08013;
8.20105;-0.973306;11.2922;-1.74719;-2.07905;
8.10408;-0.969651;11.1173;-1.74923;-2.07696;
8.00766;-0.964276;10.942;-1.7522;-2.07389;
7.91193;-0.957271;10.7664;-1.75605;-2.06989;
7.81705;-0.948769;10.5904;-1.76066;-2.06505;
7.72316;-0.938955;10.4138;-1.76592;-2.05949;
7.63035;-0.928062;10.2366;-1.77168;-2.05333;
7.53871;-0.916363;10.0588;-1.77777;-2.04673;
7.4483;-0.904155;9.88043;-1.78401;-2.03988;
7.35912;-0.891746;9.70141;-1.79025;-2.03293;
7.27118;-0.879438;9.52178;-1.79632;-2.02607;
7.18443;-0.867513;9.34157;-1.80211;-2.01944;
7.09881;-0.856224;9.16082;-1.80749;-2.01319;
7.01423;-0.84579;8.97958;-1.81239;-2.00743;
6.93059;-0.836391;8.7979;-1.81674;-2.00225;
6.84777;-0.828172;8.61585;-1.8205;-1.99773;
6.76565;-0.821239;8.43349;-1.82363;-1.99393;
6.68408;-0.815668;8.25088;-1.82612;-1.99087;
6.60293;-0.811502;8.06808;-1.82797;-1.9886;
6.52205;-0.808758;7.88516;-1.82919;-1.9871;
6.44131;-0.80743;7.70218;-1.82977;-1.98637;
6.36056;-0.807488;7.51921;-1.82974;-1.9864;
6.27967;-0.808881;7.3363;-1.82913;-1.98716;
6.19852;-0.811525;7.1535;-1.82796;-1.98861;
6.11699;-0.815288;6.97087;-1.82629;-1.99067;
6.03499;-0.820002;6.78845;-1.82418;-1.99325;
5.95244;-0.825482;6.60628;-1.82171;-1.99626;
5.86929;-0.831551;6.42439;-1.81895;-1.99959;
5.78549;-0.838041;6.24279;-1.81597;-2.00316;
5.70101;-0.84479;6.06151;-1.81284;-2.00688;
5.61584;-0.851631;5.88055;-1.80964;-2.01066;
5.53;-0.858404;5.6999;-1.80643;-2.0144;
5.44351;-0.864953;5.51957;-1.80331;-2.01803;
5.35639;-0.87114;5.33954;-1.80032;-2.02146;
5.26871;-0.876844;5.15978;-1.79755;-2.02464;
5.18051;-0.881962;4.98028;-1.79504;-2.02749;
5.09187;-0.886413;4.801;-1.79285;-2.02997;
5.00286;-0.890136;4.6219;-1.791;-2.03205;
4.91355;-0.893094;4.44294;-1.78952;-2.0337;
4.82402;-0.895269;4.2641;-1.78843;-2.03491;
4.73435;-0.896692;4.08533;-1.78772;-2.03571;
4.6446;-0.897527;3.9066;-1.7873;-2.03618;
4.55477;-0.898324;3.72791;-1.7869;-2.03662;
4.46473;-0.900376;3.54932;-1.78587;-2.03777;
4.37419;-0.905395;3.37099;-1.78334;-2.04058;
4.2834;-0.907879;3.19278;-1.78207;-2.04198;
4.19477;-0.886315;3.01347;-1.79305;-2.02988;
4.10995;-0.848231;2.8323;-1.81171;-2.00868;
4.02852;-0.814303;2.64959;-1.8271;-1.99005;
3.94973;-0.787874;2.46574;-1.8385;-1.97566;
3.87151;-0.78223;2.28167;-1.84069;-1.97264;
3.78755;-0.839575;2.10004;-1.81631;-2.00378;
3.68782;-0.997269;1.92581;-1.74235;-2.09065;
3.56911;-1.18713;1.76331;-1.62496;-2.20174;
3.43668;-1.32433;1.61237;-1.50937;-2.29099;
3.29674;-1.39935;1.46908;-1.43291;-2.34434;
3.15337;-1.43375;1.32955;-1.39533;-2.36977;
3.00788;-1.45489;1.19228;-1.37268;-2.38526;
2.86004;-1.4784;1.05754;-1.34741;-2.40252;
2.70912;-1.50917;0.92622;-1.31321;-2.42551;
2.55485;-1.54269;0.798832;-1.27388;-2.45134;
2.39799;-1.56866;0.674693;-1.24139;-2.47214;
2.23973;-1.58252;0.552375;-1.22317;-2.48358;
2.08095;-1.5878;0.430763;-1.21613;-2.48798;
1.92203;-1.58929;0.309347;-1.21416;-2.48922;
1.76307;-1.5896;0.187973;-1.21374;-2.48948;
1.6041;-1.58966;0.0666063;-1.21367;-2.48952;
1.44513;-1.58966;-0.0547599;-1.21366;-2.48953;
1.28617;-1.58966;-0.176126;-1.21366;-2.48953;
1.1272;-1.58966;-0.297492;-1.21366;-2.48953;
0.968235;-1.58966;-0.418858;-1.21366;-2.48953;
0.809268;-1.58966;-0.540224;-1.21366;-2.48953;
0.650302;-1.58966;-0.66159;-1.21366;-2.48953;
0.491336;-1.58966;-0.782956;-1.21366;-2.48953;
0.33237;-1.58966;-0.904322;-1.21366;-2.48953;
0.173403;-1.58966;-1.02569;-1.21366;-2.48953;
0.014437;-1.58966;-1.14705;-1.21366;-2.48953;
-0.144529;-1.58966;-1.26842;-1.21366;-2.48953;
-0.303494;-1.58965;-1.38979;-1.21368;-2.48952;
-0.462441;-1.58946;-1.51118;-1.21392;-2.48936;
-0.621213;-1.58772;-1.6328;-1.2162;-2.48793;
-0.779014;-1.57801;-1.75569;-1.22888;-2.47994;
-0.93362;-1.54606;-1.88267;-1.2698;-2.45399;
-1.08202;-1.48398;-2.0171;-1.34432;-2.40554;
-1.22397;-1.41948;-2.1583;-1.41202;-2.35883;
-1.3648;-1.40833;-2.30032;-1.42014;-2.35202;
-1.51045;-1.45649;-2.43755;-1.37232;-2.38594;
-1.66224;-1.51788;-2.5681;-1.30548;-2.43128;
-1.81805;-1.55814;-2.69365;-1.25551;-2.46334;
-1.97555;-1.57503;-2.81694;-1.23292;-2.47743;
-2.1335;-1.57949;-2.93963;-1.2269;-2.48118;
-2.29152;-1.58021;-3.06222;-1.22594;-2.48178;
-2.44955;-1.58028;-3.18481;-1.22585;-2.48184;
-2.60758;-1.58029;-3.30739;-1.22584;-2.48184;
-2.76561;-1.58029;-3.42998;-1.22584;-2.48184;
-2.92364;-1.58029;-3.55256;-1.22584;-2.48184;
-3.08167;-1.58029;-3.67515;-1.22584;-2.48184;
-3.23969;-1.58029;-3.79773;-1.22584;-2.48184;
-3.39772;-1.58029;-3.92031;-1.22584;-2.48184;
-3.55575;-1.58029;-4.0429;-1.22584;-2.48184;
-3.71378;-1.58029;-4.16548;-1.22584;-2.48184;
-3.87181;-1.58029;-4.28807;-1.22584;-2.48184;
-4.02984;-1.58029;-4.41065;-1.22584;-2.48184;
-4.18787;-1.58029;-4.53323;-1.22584;-2.48184;
-4.3459;-1.58029;-4.65582;-1.22584;-2.48184;
-4.50393;-1.58029;-4.7784;-1.22584;-2.48184;
-4.66195;-1.58029;-4.90099;-1.22584;-2.48184;
-4.81998;-1.58029;-5.02357;-1.22584;-2.48184;
-4.97801;-1.58029;-5.14616;-1.22584;-2.48184;
-5.13604;-1.58029;-5.26874;-1.22584;-2.48184;
-5.29407;-1.58029;-5.39132;-1.22584;-2.48184;
-5.4521;-1.5803;-5.51391;-1.22583;-2.48185;
-5.61015;-1.58046;-5.63647;-1.22562;-2.48198;
-5.7683;-1.58159;-5.75889;-1.22416;-2.4829;
-5.92682;-1.58513;-5.88084;-1.21959;-2.48579;
-6.08581;-1.58995;-6.00217;-1.21331;-2.48975;
-6.2453;-1.5949;-6.12286;-1.2068;-2.49384;
-6.40534;-1.60033;-6.24281;-1.19959;-2.49836;
-6.5659;-1.60562;-6.36206;-1.1925;-2.50278;
-6.72676;-1.60865;-6.4809;-1.18839;-2.50533;
-6.8877;-1.60937;-6.59964;-1.18741;-2.50594;
-7.04864;-1.60944;-6.71837;-1.18731;-2.506;
-7.20959;-1.60944;-6.83711;-1.18731;-2.506;
-7.37053;-1.60944;-6.95584;-1.18731;-2.506;
-7.53148;-1.60944;-7.07457;-1.18731;-2.506;
-7.69242;-1.60944;-7.1933;-1.18731;-2.506;
-7.85337;-1.60944;-7.31203;-1.18731;-2.506;
-8.01431;-1.60944;-7.43076;-1.18731;-2.506;
-8.17525;-1.60944;-7.54949;-1.18731;-2.506;
-8.3362;-1.60944;-7.66822;-1.18731;-2.506;
-8.49714;-1.60944;-7.78695;-1.18731;-2.506;
-8.65809;-1.60944;-7.90568;-1.18731;-2.506;
-8.81903;-1.60944;-8.02441;-1.18731;-2.506;
-8.97998;-1.60944;-8.14314;-1.18731;-2.506;
-9.14092;-1.60944;-8.26187;-1.18731;-2.506;
-9.30186;-1.60944;-8.3806;-1.18731;-2.506;
-9.46281;-1.60944;-8.49933;-1.18731;-2.506;
-9.62375;-1.60944;-8.61806;-1.18731;-2.506;
-9.7847;-1.60944;-8.73679;-1.18731;-2.506;
-9.94564;-1.60944;-8.85552;-1.18731;-2.506;
-10.1066;-1.60944;-8.97425;-1.18731;-2.506;
-10.2675;-1.60944;-9.09298;-1.18731;-2.506;
-10.4285;-1.60944;-9.21172;-1.18731;-2.506;
-10.5894;-1.60944;-9.33045;-1.18731;-2.506;
-10.7504;-1.60944;-9.44918;-1.18731;-2.506;
-10.9113;-1.60944;-9.56791;-1.18731;-2.506;
-11.0723;-1.60944;-9.68664;-1.18731;-2.506;
-11.2332;-1.60944;-9.80537;-1.18731;-2.506;
-11.3941;-1.60944;-9.9241;-1.18731;-2.506;
-11.5551;-1.60944;-10.0428;-1.18731;-2.506;
-11.716;-1.60944;-10.1616;-1.18731;-2.506;
-11.877;-1.60944;-10.2803;-1.18731;-2.506;
-12.0379;-1.60944;-10.399;-1.18731;-2.506;
-12.1989;-1.60944;-10.5178;-1.18731;-2.506;
-12.3598;-1.60944;-10.6365;-1.18731;-2.506;
-12.5207;-1.60944;-10.7552;-1.18731;-2.506;
-12.6817;-1.60944;-10.8739;-1.18731;-2.506;
-12.8426;-1.60944;-10.9927;-1.18731;-2.506;
-13.0036;-1.60944;-11.1114;-1.18731;-2.506;
-13.1645;-1.60944;-11.2301;-1.18731;-2.506;
-13.3255;-1.60944;-11.3489;-1.18731;-2.506;
-13.4864;-1.60944;-11.4676;-1.18731;-2.506;
-13.6474;-1.60944;-11.5863;-1.18731;-2.506;
-13.8083;-1.60944;-11.7051;-1.18731;-2.506;
-13.9692;-1.60944;-11.8238;-1.18731;-2.506;
-14.1302;-1.60944;-11.9425;-1.18731;-2.506;
-14.2911;-1.60944;-12.0612;-1.18731;-2.506;
-14.4521;-1.60944;-12.18;-1.18731;-2.506;
-14.613;-1.60944;-12.2987;-1.18731;-2.506;
-14.774;-1.60944;-12.4174;-1.18731;-2.506;
-14.9349;-1.60944;-12.5362;-1.18731;-2.506;
-15.0959;-1.60944;-12.6549;-1.18731;-2.506;
-15.2568;-1.60944;-12.7736;-1.18731;-2.506;
-15.4177;-1.60944;-12.8924;-1.18731;-2.506;
-15.5787;-1.60944;-13.0111;-1.18731;-2.506;
-15.7396;-1.60944;-13.1298;-1.18731;-2.506;
-15.9006;-1.60944;-13.2486;-1.18731;-2.506;
-16.0615;-1.60944;-13.3673;-1.18731;-2.506;
-16.2225;-1.60944;-13.486;-1.18731;-2.506;
-16.3834;-1.60944;-13.6047;-1.18731;-2.506;
-16.5444;-1.60944;-13.7235;-1.18731;-2.506;
-16.7053;-1.60944;-13.8422;-1.18731;-2.506;
-16.8662;-1.60944;-13.9609;-1.18731;-2.506;
-17.0272;-1.60944;-14.0797;-1.18731;-2.506;
-17.1881;-1.60944;-14.1984;-1.18731;-2.506;
-17.3491;-1.60944;-14.3171;-1.18731;-2.506;
-17.51;-1.60944;-14.4359;-1.18731;-2.506;
-17.671;-1.60944;-14.5546;-1.18731;-2.506;
-17.8319;-1.60944;-14.6733;-1.18731;-2.506;
-17.9929;-1.60944;-14.792;-1.18731;-2.506;
-18.1538;-1.60944;-14.9108;-1.18731;-2.506;
-18.3147;-1.60944;-15.0295;-1.18731;-2.506;
-18.4757;-1.60944;-15.1482;-1.18731;-2.506;
-18.6366;-1.60944;-15.267;-1.18731;-2.506;
-18.7976;-1.60944;-15.3857;-1.18731;-2.506;
-18.9585;-1.60944;-15.5044;-1.18731;-2.506;
-19.1195;-1.60944;-15.6232;-1.18731;-2.506;
-19.2804;-1.60944;-15.7419;-1.18731;-2.506;
-19.4414;-1.60944;-15.8606;-1.18731;-2.506;
-19.6023;-1.60944;-15.9794;-1.18731;-2.506;
-19.7632;-1.60944;-16.0981;-1.18731;-2.506;
-19.9242;-1.60944;-16.2168;-1.18731;-2.506;
-20.0851;-1.60944;-16.3355;-1.18731;-2.506;
-20.2461;-1.60944;-16.4543;-1.18731;-2.506;
-20.407;-1.60944;-16.573;-1.18731;-2.506;
-20.568;-1.60944;-16.6917;-1.18731;-2.506;
-20.7289;-1.60944;-16.8105;-1.18731;-2.506;
-20.8899;-1.60944;-16.9292;-1.18731;-2.506;
-21.0508;-1.60944;-17.0479;-1.18731;-2.506;
-21.2117;-1.60944;-17.1667;-1.18731;-2.506;
-21.3727;-1.60944;-17.2854;-1.18731;-2.506;
-21.5336;-1.60944;-17.4041;-1.18731;-2.506;
-21.6946;-1.60944;-17.5229;-1.18731;-2.506;
-21.8555;-1.60944;-17.6416;-1.18731;-2.506;
-22.0165;-1.60944;-17.7603;-1.18731;-2.506;
-22.1774;-1.60944;-17.879;-1.18731;-2.506;
-22.3384;-1.60944;-17.9978;-1.18731;-2.506;
-22.4993;-1.60944;-18.1165;-1.18731;-2.506;
-22.6602;-1.60944;-18.2352;-1.18731;-2.506;
-22.8212;-1.60944;-18.354;-1.18731;-2.506;
-22.9821;-1.60944;-18.4727;-1.18731;-2.506;
-23.1431;-1.60944;-18.5914;-1.18731;-2.506;
-23.304;-1.60944;-18.7102;-1.18731;-2.506;
-23.465;-1.60944;-18.8289;-1.18731;-2.506;
-23.6259;-1.60944;-18.9476;-1.18731;-2.506;
-23.7869;-1.60944;-19.0663;-1.18731;-2.506;
-23.9478;-1.60944;-19.1851;-1.18731;-2.506;
-24.1087;-1.60944;-19.3038;-1.18731;-2.506;
-24.2697;-1.60944;-19.4225;-1.18731;-2.506;
-24.4306;-1.60944;-19.5413;-1.18731;-2.506;
-24.5916;-1.60944;-19.66;-1.18731;-2.506;
-24.7525;-1.60944;-19.7787;-1.18731;-2.506;
-24.9135;-1.60944;-19.8975;-1.18731;-2.506;
-25.0744;-1.60944;-20.0162;-1.18731;-2.506;
-25.2353;-1.60944;-20.1349;-1.18731;-2.506;
-25.3963;-1.60944;-20.2537;-1.18731;-2.506;
-25.5572;-1.60944;-20.3724;-1.18731;-2.506;
-25.7182;-1.60944;-20.4911;-1.18731;-2.506;
-25.8791;-1.60944;-20.6098;-1.18731;-2.506;
-26.0401;-1.60944;-20.7286;-1.18731;-2.506;
-26.201;-1.60944;-20.8473;-1.18731;-2.506;
-26.362;-1.60944;-20.966;-1.18731;-2.506;
-26.5229;-1.60944;-21.0848;-1.18731;-2.506;
-26.6838;-1.60944;-21.2035;-1.18731;-2.506;
-26.8448;-1.60944;-21.3222;-1.18731;-2.506;
-27.0057;-1.60944;-21.441;-1.18731;-2.506;
-27.1667;-1.60944;-21.5597;-1.18731;-2.506;
-27.3276;-1.60944;-21.6784;-1.18731;-2.506;
-27.4886;-1.60944;-21.7971;-1.18731;-2.506;
-27.6495;-1.60944;-21.9159;-1.18731;-2.506;
-27.8105;-1.60944;-22.0346;-1.18731;-2.506;
-27.9714;-1.60944;-22.1533;-1.18731;-2.506;
-28.1323;-1.60944;-22.2721;-1.18731;-2.506;
-28.2933;-1.60944;-22.3908;-1.18731;-2.506;
-28.4542;-1.60944;-22.5095;-1.18731;-2.506;
-28.6152;-1.60944;-22.6283;-1.18731;-2.506;
-28.7761;-1.60944;-22.747;-1.18731;-2.506;
-28.9371;-1.60944;-22.8657;-1.18731;-2.506;
-29.098;-1.60944;-22.9845;-1.18731;-2.506;
-29.259;-1.60944;-23.1032;-1.18731;-2.506;
-29.4199;-1.60944;-23.2219;-1.18731;-2.506;
-29.5808;-1.60944;-23.3406;-1.18731;-2.506;
-29.7418;-1.60944;-23.4594;-1.18731;-2.506;
-29.9027;-1.60944;-23.5781;-1.18731;-2.506;

29.9363;-1.60944;-23.6968;-1.18731;-2.506;
29.7754;-1.60944;-23.8156;-1.18731;-2.506;
29.6144;-1.60944;-23.9343;-1.18731;-2.506;
29.4535;-1.60944;-24.053;-1.18731;-2.506;
29.2925;-1.60944;-24.1718;-1.18731;-2.506;
29.1316;-1.60944;-24.2905;-1.18731;-2.506;
28.9707;-1.60944;-24.4092;-1.18731;-2.506;
28.8097;-1.60944;-24.528;-1.18731;-2.506;
28.6488;-1.60944;-24.6467;-1.18731;-2.506;
28.4878;-1.60944;-24.7654;-1.18731;-2.506;
28.3269;-1.60944;-24.8841;-1.18731;-2.506;
28.1659;-1.60944;-25.0029;-1.18731;-2.506;
28.005;-1.60944;-25.1216;-1.18731;-2.506;
27.844;-1.60944;-25.2403;-1.18731;-2.506;
27.6831;-1.60944;-25.3591;-1.18731;-2.506;
27.5222;-1.60944;-25.4778;-1.18731;-2.506;
27.3612;-1.60944;-25.5965;-1.18731;-2.506;
27.2003;-1.60944;-25.7153;-1.18731;-2.506;
27.0393;-1.60944;-25.834;-1.18731;-2.506;
26.8784;-1.60944;-25.9527;-1.18731;-2.506;
26.7174;-1.60944;-26.0714;-1.18731;-2.506;
26.5565;-1.60944;-26.1902;-1.18731;-2.506;
26.3955;-1.60944;-26.3089;-1.18731;-2.506;
26.2346;-1.60944;-26.4276;-1.18731;-2.506;
26.0737;-1.60944;-26.5464;-1.18731;-2.506;
25.9127;-1.60944;-26.6651;-1.18731;-2.506;
25.7518;-1.60944;-26.7838;-1.18731;-2.506;
25.5908;-1.60944;-26.9026;-1.18731;-2.506;
25.4299;-1.60944;-27.0213;-1.18731;-2.506;
25.2689;-1.60944;-27.14;-1.18731;-2.506;
25.108;-1.60944;-27.2588;-1.18731;-2.506;
24.947;-1.60944;-27.3775;-1.18731;-2.506;
24.7861;-1.60944;-27.4962;-1.18731;-2.506;
24.6252;-1.60944;-27.6149;-1.18731;-2.506;
24.4642;-1.60944;-27.7337;-1.18731;-2.506;
24.3033;-1.60944;-27.8524;-1.18731;-2.506;
24.1423;-1.60944;-27.9711;-1.18731;-2.506;
23.9814;-1.60944;-28.0899;-1.18731;-2.506;
23.8204;-1.60944;-28.2086;-1.18731;-2.506;
23.6595;-1.60944;-28.3273;-1.18731;-2.506;
23.4986;-1.60944;-28.4461;-1.18731;-2.506;
23.3376;-1.60944;-28.5648;-1.18731;-2.506;
23.1767;-1.60944;-28.6835;-1.18731;-2.506;
23.0157;-1.60944;-28.8022;-1.18731;-2.506;
22.8548;-1.60944;-28.921;-1.18731;-2.506;
22.6938;-1.60944;-29.0397;-1.18731;-2.506;
22.5329;-1.60944;-29.1584;-1.18731;-2.506;
22.3719;-1.60944;-29.2772;-1.18731;-2.506;
22.211;-1.60944;-29.3959;-1.18731;-2.506;
22.0501;-1.60944;-29.5146;-1.18731;-2.506;
21.8891;-1.60944;-29.6334;-1.18731;-2.506;
21.7282;-1.60944;-29.7521;-1.18731;-2.506;
21.5672;-1.60944;-29.8708;-1.18731;-2.506;
21.4063;-1.60944;-29.9896;-1.18731;-2.506;

21.2453;-1.60944;29.8917;-1.18731;-2.506;
21.0844;-1.60944;29.773;-1.18731;-2.506;
20.9234;-1.60944;29.6543;-1.18731;-2.506;
20.7625;-1.60944;29.5355;-1.18731;-2.506;
20.6016;-1.60944;29.4168;-1.18731;-2.506;
20.4406;-1.60944;29.2981;-1.18731;-2.506;
20.2797;-1.60944;29.1793;-1.18731;-2.506;
20.1187;-1.60944;29.0606;-1.18731;-2.506;
19.9578;-1.60944;28.9419;-1.18731;-2.506;
19.7968;-1.60944;28.8231;-1.18731;-2.506;
19.6359;-1.60944;28.7044;-1.18731;-2.506;
19.4749;-1.60944;28.5857;-1.18731;-2.506;
19.314;-1.60944;28.4669;-1.18731;-2.506;
19.1531;-1.60944;28.3482;-1.18731;-2.506;
18.9921;-1.60944;28.2295;-1.18731;-2.506;
18.8312;-1.60944;28.1108;-1.18731;-2.506;
18.6702;-1.60944;27.992;-1.18731;-2.506;
18.5093;-1.60944;27.8733;-1.18731;-2.506;
18.3483;-1.60944;27.7546;-1.18731;-2.506;
18.1874;-1.60944;27.6358;-1.18731;-2.506;
18.0264;-1.60944;27.5171;-1.18731;-2.506;
17.8655;-1.60944;27.3984;-1.18731;-2.506;
17.7046;-1.60944;27.2796;-1.18731;-2.506;
17.5436;-1.60944;27.1609;-1.18731;-2.506;
17.3827;-1.60944;27.0422;-1.1873;-2.506;
17.2217;-1.60944;26.9235;-1.1873;-2.506;
17.0608;-1.60946;26.8047;-1.18729;-2.50601;
16.8998;-1.60952;26.686;-1.1872;-2.50607;
16.7388;-1.60983;26.5673;-1.18677;-2.50633;
16.5777;-1.61116;26.4488;-1.18497;-2.50745;
16.4161;-1.61599;26.331;-1.1784;-2.51153;
16.2531;-1.63069;26.2152;-1.15822;-2.52401;
16.0866;-1.66444;26.1041;-1.11043;-2.55325;
15.9178;-1.68788;25.9967;-1.07376;-2.57501;
15.7656;-1.52252;25.8635;-1.33282;-2.42253;
15.6636;-1.0201;25.6764;-1.8711;-2.06994;
15.5788;-0.847975;25.4948;-1.81561;-2.00774;
15.4943;-0.844425;25.3135;-1.813;-2.00668;
15.4126;-0.817111;25.1309;-1.82572;-1.99162;
15.3165;-0.961385;24.9548;-1.7609;-2.07053;
15.1406;-1.75839;24.823;-1.31864;-2.49815;
14.8839;-2.56743;24.832;0.0900578;3.10653;
14.6846;-1.99265;24.8564;0.244518;3.01949;
14.4718;-2.12869;24.7638;-0.92645;-2.7311;
14.2776;-1.94138;24.7087;-0.551056;-2.86502;
14.1164;-1.61187;24.5441;-1.64572;-2.34581;
13.9328;-1.83643;24.444;-1.00084;-2.6426;
13.8184;-1.14393;24.236;-2.0804;-2.07353;
13.6522;-1.66181;24.0991;-1.36864;-2.45264;
13.5767;-0.754652;23.8761;-2.22968;-1.89715;
13.4252;-1.51526;23.7163;-1.5986;-2.32944;
13.3744;-0.507862;23.4889;-2.2743;-1.7905;
13.2336;-1.40798;23.3154;-1.73485;-2.25256;
13.1976;-0.359915;23.087;-2.28369;-1.72711;
13.0637;-1.33971;22.9057;-1.81354;-2.20704;
13.0362;-0.27467;22.6773;-2.28363;-1.6905;
12.9062;-1.29971;22.4915;-1.85809;-2.18118;
12.8835;-0.227413;22.2633;-2.28165;-1.67014;
12.7557;-1.27821;22.0751;-1.88251;-2.16728;
12.7354;-0.202927;21.8471;-2.27968;-1.65958;
12.6086;-1.26817;21.6576;-1.89502;-2.16056;
12.5894;-0.191702;21.4298;-2.27824;-1.65474;
12.4631;-1.2634;21.2397;-1.90076;-2.15742;
12.4447;-0.183965;21.0118;-2.27922;-1.65134;
12.3194;-1.25285;20.8212;-1.90538;-2.15245;
12.303;-0.163732;20.5926;-2.28595;-1.6423;
12.1803;-1.22689;20.4009;-1.91725;-2.14005;
12.1668;-0.135019;20.1721;-2.28805;-1.62974;
12.0447;-1.22073;19.979;-1.93144;-2.13444;
12.0285;-0.162104;19.7526;-2.26352;-1.64229;
11.8994;-1.29138;19.5613;-1.91264;-2.16467;
11.8692;-0.302164;19.3404;-2.20917;-1.70673;
11.7299;-1.39222;19.1576;-1.8282;-2.22163;
11.6837;-0.462845;18.9415;-2.16143;-1.78175;
11.5412;-1.42495;18.7674;-1.7402;-2.25692;
11.4912;-0.49967;18.5499;-2.17581;-1.79653;
11.3525;-1.3868;18.3765;-1.73359;-2.24551;
11.3086;-0.438765;18.1555;-2.2102;-1.76677;
11.1731;-1.3553;17.9785;-1.76998;-2.22428;
11.1366;-0.365361;17.7546;-2.23922;-1.73254;
11.0015;-1.35079;17.574;-1.80605;-2.21297;
10.9694;-0.321045;17.3482;-2.2574;-1.71207;
10.8349;-1.34516;17.1653;-1.82882;-2.20498;
10.8051;-0.297496;16.9389;-2.26393;-1.70145;
10.6714;-1.33714;16.7548;-1.84148;-2.19884;
10.6429;-0.285219;16.5283;-2.26454;-1.69609;
10.5095;-1.33374;16.3436;-1.84782;-2.196;
10.4812;-0.283196;16.1173;-2.26216;-1.69534;
10.3474;-1.33793;15.9325;-1.84812;-2.19741;
10.3183;-0.291378;15.7067;-2.25814;-1.69912;
10.1833;-1.34959;15.5225;-1.84244;-2.203;
10.1525;-0.308392;15.2972;-2.25326;-1.70682;
10.0157;-1.3674;15.114;-1.8315;-2.21212;
9.9825;-0.332304;14.8892;-2.24783;-1.71757;
9.84354;-1.38964;14.7076;-1.8163;-2.22389;
9.80742;-0.361133;14.4834;-2.24193;-1.73051;
9.66599;-1.41435;14.3036;-1.79796;-2.23734;
9.62672;-0.392715;14.08;-2.23572;-1.74468;
9.48278;-1.43933;13.9023;-1.77779;-2.25137;
9.44033;-0.424534;13.6793;-2.2296;-1.75895;
9.29409;-1.46242;13.5035;-1.75748;-2.26481;
9.24869;-0.453951;13.2811;-2.22412;-1.77213;
9.10051;-1.48184;13.1073;-1.73878;-2.27658;
9.05264;-0.478713;12.8853;-2.2198;-1.7832;
8.90298;-1.49659;12.713;-1.72323;-2.28592;
8.85324;-0.497412;12.4913;-2.21697;-1.79151;
8.7026;-1.50638;12.3201;-1.71174;-2.29247;
8.65164;-0.509588;12.0985;-2.21572;-1.79685;
8.5005;-1.51145;11.928;-1.7046;-2.29621;
8.44895;-0.51551;11.7065;-2.21589;-1.79937;
8.29772;-1.51223;11.5363;-1.7016;-2.29734;
8.24614;-0.51583;11.3146;-2.21725;-1.79937;
8.09522;-1.50918;11.1443;-1.70231;-2.29613;
8.04409;-0.511351;10.9224;-2.21947;-1.79724;
7.8938;-1.50283;10.7518;-1.70615;-2.29292;
7.84351;-0.50297;10.5296;-2.2222;-1.79338;
7.69412;-1.49386;10.3583;-1.71247;-2.28812;
7.64495;-0.491713;10.1358;-2.2251;-1.78829;
7.49663;-1.48316;9.96375;-1.7205;-2.28225;
7.44876;-0.47874;9.74097;-2.22786;-1.78247;
7.30159;-1.47173;9.56803;-1.7294;-2.27588;
7.25506;-0.46528;9.34501;-2.23023;-1.77647;
7.109;-1.46062;9.17117;-1.73834;-2.2696;
7.06375;-0.452513;8.94797;-2.23206;-1.77082;
6.91867;-1.45076;8.77331;-1.74657;-2.26394;
6.87452;-0.44148;8.54998;-2.23325;-1.76596;
6.73023;-1.44288;8.37464;-1.75347;-2.25933;
6.68693;-0.433088;8.15127;-2.23369;-1.76231;
6.54317;-1.43755;7.97541;-1.75852;-2.2561;
6.50036;-0.428136;7.75209;-2.23324;-1.76021;
6.35688;-1.43476;7.57595;-1.76136;-2.25436;
6.31418;-0.426964;7.35278;-2.23176;-1.75982;
6.17084;-1.43346;7.17657;-1.76203;-2.25373;
6.12797;-0.428669;6.95362;-2.2295;-1.76075;
5.98468;-1.43289;6.77751;-1.76113;-2.25379;
5.94153;-0.431482;6.55478;-2.22729;-1.76215;
5.7981;-1.43433;6.37885;-1.75932;-2.25478;
5.7546;-0.434981;6.15627;-2.22582;-1.76379;
5.61072;-1.43883;5.9806;-1.75665;-2.25706;
5.56671;-0.440148;5.75813;-2.22474;-1.76612;
5.42221;-1.44499;5.58284;-1.75289;-2.26021;
5.37751;-0.446977;5.36049;-2.22349;-1.76918;
5.23241;-1.45099;5.18566;-1.74833;-2.26352;
5.18697;-0.454352;4.96346;-2.22198;-1.7725;
5.04134;-1.45635;4.7891;-1.74359;-2.26667;
4.99517;-0.461743;4.56708;-2.22021;-1.77585;
4.84894;-1.46228;4.39321;-1.73868;-2.27006;
4.80201;-0.469283;4.17135;-2.21862;-1.77924;
4.655;-1.47005;3.99802;-1.73331;-2.2742;
4.60784;-0.471645;3.77578;-2.22243;-1.77991;
4.46038;-1.47459;3.60262;-1.7316;-2.2762;
4.41421;-0.46168;3.37924;-2.23377;-1.77461;
4.26869;-1.45522;3.20509;-1.7415;-2.26688;
4.22443;-0.442586;2.98144;-2.2365;-1.76616;
4.08924;-1.35196;2.80432;-1.77124;-2.22274;
4.04799;-0.412453;2.5842;-2.20121;-1.75602;
3.93367;-1.14319;2.40214;-1.8206;-2.13149;
3.82273;-1.10947;2.23564;-1.66494;-2.1586;
3.70546;-1.17262;2.07344;-1.62197;-2.19677;
3.58428;-1.21186;1.91426;-1.5918;-2.2215;
3.45708;-1.27193;1.75973;-1.5453;-2.25946;
3.3278;-1.29287;1.60711;-1.5262;-2.27361;
3.19175;-1.36047;1.46025;-1.46867;-2.31797;
3.05572;-1.36027;1.31363;-1.46617;-2.31874;
2.91026;-1.4546;1.17576;-1.37866;-2.38299;
2.76852;-1.41742;1.03458;-1.41188;-2.35815;
2.61358;-1.54945;0.906731;-1.27846;-2.45173;
2.4687;-1.44879;0.768067;-1.38664;-2.37811;
2.30522;-1.63472;0.649616;-1.18452;-2.51455;
2.16154;-1.43684;0.507052;-1.42563;-2.36011;
1.98797;-1.7357;0.39803;-1.09022;-2.58076;
1.84933;-1.38636;0.242733;-1.55297;-2.29957;
1.65985;-1.89486;0.14379;-0.989433;-2.66037;
1.52457;-1.35277;-0.0292335;-1.73023;-2.23437;
1.32042;-2.04155;-0.123489;-0.942551;-2.70906;
1.18384;-1.36578;-0.304799;-1.81311;-2.21639;
0.975293;-2.08546;-0.3981;-0.933006;-2.72091;
0.837633;-1.37659;-0.580143;-1.82044;-2.21825;
0.628216;-2.09418;-0.672529;-0.923853;-2.72612;
0.489812;-1.38403;-0.85431;-1.81782;-2.22154;
0.280375;-2.09437;-0.946222;-0.919119;-2.72805;
0.141912;-1.38463;-1.1284;-1.82177;-2.2207;
-0.0664153;-2.08328;-1.22127;-0.92872;-2.72224;
-0.203064;-1.36649;-1.40594;-1.84669;-2.20784;
-0.40884;-2.05776;-1.50247;-0.965338;-2.70295;
-0.541424;-1.32584;-1.69076;-1.88288;-2.18431;
-0.745338;-2.03914;-1.79178;-1.01021;-2.68162;
-0.875497;-1.30159;-1.97958;-1.87802;-2.17685;
-1.08126;-2.0576;-2.08032;-1.00733;-2.68633;
-1.21528;-1.34021;-2.26142;-1.81099;-2.2079;
-1.42338;-2.08102;-2.35622;-0.94806;-2.71411;
-1.56405;-1.40669;-2.52987;-1.73645;-2.25166;
-1.77103;-2.0698;-2.61959;-0.897175;-2.73258;
-1.91419;-1.43158;-2.7922;-1.72616;-2.26318;
-2.11977;-2.05586;-2.88153;-0.893304;-2.73169;
-2.26152;-1.41751;-3.05716;-1.7563;-2.24985;
-2.46847;-2.06946;-3.14715;-0.899885;-2.73142;
-2.60911;-1.40643;-3.32526;-1.78106;-2.2392;
-2.8185;-2.09385;-3.41475;-0.894956;-2.73767;
-2.95968;-1.41187;-3.5933;-1.78551;-2.23986;
-3.17057;-2.10888;-3.68152;-0.882146;-2.74541;
-3.31294;-1.42371;-3.85943;-1.77915;-2.24567;
-3.52435;-2.11402;-3.94642;-0.869842;-2.75124;
-3.66768;-1.43331;-4.12368;-1.77263;-2.25075;
-3.87902;-2.1134;-4.21;-0.863154;-2.75385;
-4.02277;-1.43757;-4.38697;-1.76977;-2.25299;
-4.23369;-2.10919;-4.47331;-0.863401;-2.75305;
-4.3773;-1.43607;-4.65042;-1.77113;-2.2521;
-4.58755;-2.10251;-4.73743;-0.870064;-2.74923;
-4.73048;-1.42927;-4.91509;-1.77664;-2.24826;
-4.93998;-2.09506;-5.00324;-0.881425;-2.74336;
-5.08178;-1.41802;-5.18193;-1.7869;-2.2416;
-5.29099;-2.09203;-5.27123;-0.893074;-2.73812;
-5.43145;-1.40467;-5.45159;-1.80359;-2.23249;
-5.64108;-2.09628;-5.54183;-0.902379;-2.7351;
-5.78067;-1.39585;-5.7234;-1.81566;-2.22621;
-5.98812;-2.07458;-5.81618;-0.927818;-2.72104;
-6.12772;-1.39594;-5.99393;-1.77752;-2.23653;
-6.32639;-1.98668;-6.09221;-0.982821;-2.68219;
-6.46567;-1.39279;-6.26172;-1.69508;-2.25861;
-6.65628;-1.90613;-6.36396;-1.02234;-2.64929;
-6.794;-1.37721;-6.53032;-1.66366;-2.26227;
-6.98612;-1.92124;-6.63092;-1.00593;-2.65926;
-7.12189;-1.35764;-6.80279;-1.71876;-2.23935;
-7.32188;-1.99992;-6.89969;-0.968947;-2.69043;
-7.45764;-1.3576;-7.07817;-1.78489;-2.22105;
-7.66336;-2.05716;-7.17298;-0.948097;-2.70973;
-7.80068;-1.3732;-7.35286;-1.79871;-2.22284;
-8.00857;-2.07891;-7.44577;-0.929099;-2.72131;
-8.14792;-1.39353;-7.62413;-1.7836;-2.23403;
-8.35693;-2.09011;-7.71463;-0.905047;-2.73295;
-8.49848;-1.41545;-7.89107;-1.76438;-2.2469;
-8.70832;-2.09845;-7.97913;-0.88059;-2.74427;
-8.85182;-1.435;-8.15403;-1.74903;-2.25789;
-9.06228;-2.10461;-8.24006;-0.860264;-2.75356;
-9.20727;-1.44985;-8.41395;-1.7389;-2.2658;
-9.41815;-2.10882;-8.49852;-0.845699;-2.7602;
-9.56413;-1.4598;-8.67183;-1.73311;-2.27081;
-9.77529;-2.11155;-8.75546;-0.836372;-2.76446;
-9.92187;-1.46584;-8.92849;-1.73024;-2.27365;
-10.1332;-2.11326;-9.01158;-0.830919;-2.76697;
-10.2801;-1.46919;-9.18449;-1.72906;-2.27512;
-10.4915;-2.11429;-9.26728;-0.827977;-2.76834;
-10.6386;-1.47091;-9.44016;-1.72871;-2.2758;
-10.8501;-2.11488;-9.52281;-0.826522;-2.76903;
-10.9973;-1.47172;-9.69567;-1.72866;-2.27608;
-11.2088;-2.11514;-9.77826;-0.825897;-2.76933;
-11.356;-1.47208;-9.95113;-1.72863;-2.27621;
-11.5675;-2.11513;-10.0337;-0.825721;-2.7694;
-11.7148;-1.47223;-10.2065;-1.72847;-2.2763;
-11.9262;-2.11489;-10.2891;-0.825792;-2.76933;
-12.0735;-1.47229;-10.4619;-1.72811;-2.27643;
-12.2849;-2.11443;-10.5445;-0.82601;-2.76917;
-12.4321;-1.47233;-10.7173;-1.72751;-2.27662;
-12.6435;-2.11375;-10.7999;-0.826328;-2.76893;
-12.7908;-1.47239;-10.9726;-1.72667;-2.27687;
-13.002;-2.11284;-11.0553;-0.826736;-2.76862;
-13.1493;-1.47245;-11.2278;-1.72559;-2.27721;
-13.3605;-2.11169;-11.3105;-0.827254;-2.76822;
-13.5077;-1.47249;-11.483;-1.72431;-2.27759;
-13.7187;-2.11025;-11.5658;-0.827947;-2.7677;
-13.866;-1.47245;-11.7381;-1.72292;-2.27797;
-14.0768;-2.10844;-11.821;-0.828957;-2.767;
-14.224;-1.47216;-11.9931;-1.72161;-2.27825;
-14.4347;-2.10615;-12.0762;-0.830527;-2.76598;
-14.5818;-1.47138;-12.2482;-1.72064;-2.27826;
-14.7921;-2.10322;-12.3315;-0.833003;-2.76449;
-14.9391;-1.46978;-12.5036;-1.72037;-2.2778;
-15.149;-2.09959;-12.5872;-0.836747;-2.76236;
-15.2958;-1.46705;-12.7594;-1.72114;-2.27667;
-15.5053;-2.09535;-12.8436;-0.841939;-2.75952;
-15.6516;-1.46308;-13.0159;-1.72303;-2.27479;
-15.8607;-2.09079;-13.1007;-0.848402;-2.75611;
-16.0065;-1.45807;-13.2733;-1.72586;-2.27229;
-16.2151;-2.08635;-13.3588;-0.855578;-2.75242;
-16.3604;-1.45252;-13.5318;-1.72919;-2.26946;
-16.5686;-2.08243;-13.618;-0.862726;-2.74883;
-16.7133;-1.44707;-13.7913;-1.73255;-2.26665;
-16.9212;-2.07926;-13.8782;-0.869187;-2.74564;
-17.0655;-1.44221;-14.0518;-1.73556;-2.26414;
-17.2732;-2.07688;-14.1392;-0.874559;-2.74304;
-17.417;-1.43823;-14.313;-1.73801;-2.26209;
-17.6245;-2.0752;-14.4009;-0.878724;-2.74104;
-17.768;-1.43519;-14.5749;-1.73985;-2.26053;
-17.9754;-2.07405;-14.6631;-0.881774;-2.7396;
-18.1187;-1.43301;-14.8372;-1.74113;-2.25943;
-18.326;-2.07326;-14.9256;-0.883909;-2.73859;
-18.4692;-1.43153;-15.0998;-1.74193;-2.25869;
-18.6765;-2.0727;-15.1883;-0.885357;-2.7379;
-18.8195;-1.43057;-15.3625;-1.74235;-2.25825;
-19.0268;-2.07226;-15.4512;-0.886323;-2.73743;
-19.1698;-1.42999;-15.6254;-1.74247;-2.25801;
-19.3769;-2.07185;-15.7141;-0.886973;-2.73709;
-19.5199;-1.42965;-15.8883;-1.74236;-2.25793;
-19.727;-2.07144;-15.9771;-0.887428;-2.73684;
-19.87;-1.42948;-16.1513;-1.74207;-2.25795;
-20.0771;-2.07098;-16.2401;-0.887771;-2.73662;
-20.22;-1.42943;-16.4142;-1.74163;-2.25806;
-20.4271;-2.07045;-16.503;-0.888061;-2.73641;
-20.57;-1.42943;-16.6771;-1.74106;-2.25822;
-20.777;-2.06985;-16.766;-0.888334;-2.73619;
-20.92;-1.42949;-16.94;-1.74037;-2.25843;
-21.1269;-2.06916;-17.0289;-0.888614;-2.73595;
-21.2698;-1.42957;-17.2028;-1.73957;-2.25869;
-21.4767;-2.06839;-17.2917;-0.888915;-2.7357;
-21.6196;-1.42966;-17.4656;-1.73866;-2.25897;
-21.8264;-2.06752;-17.5545;-0.889245;-2.73541;
-21.9694;-1.42977;-17.7283;-1.73766;-2.25929;
-22.176;-2.06655;-17.8172;-0.889609;-2.73509;
-22.319;-1.42989;-17.9909;-1.73655;-2.25965;
-22.5256;-2.0655;-18.0799;-0.890006;-2.73474;
-22.6686;-1.43003;-18.2534;-1.73533;-2.26004;
-22.875;-2.06435;-18.3425;-0.89043;-2.73437;
-23.018;-1.43018;-18.5159;-1.734;-2.26047;
-23.2243;-2.06312;-18.605;-0.890871;-2.73397;
-23.3674;-1.43037;-18.7782;-1.73254;-2.26095;
-23.5735;-2.06182;-18.8673;-0.891311;-2.73356;
-23.7166;-1.43061;-19.0404;-1.73094;-2.26148;
-23.9227;-2.06046;-19.1296;-0.891723;-2.73315;
-24.0657;-1.43092;-19.3025;-1.72916;-2.2621;
-24.2717;-2.05907;-19.3917;-0.892066;-2.73277;
-24.4148;-1.43135;-19.5644;-1.72718;-2.26281;
-24.6206;-2.05768;-19.6537;-0.89228;-2.73243;
-24.7637;-1.43194;-19.8262;-1.72496;-2.26364;
-24.9694;-2.05633;-19.9154;-0.892292;-2.73219;
-25.1127;-1.43276;-20.0876;-1.72245;-2.26464;
-25.3182;-2.05509;-20.1768;-0.892015;-2.73208;
-25.4616;-1.43387;-20.3488;-1.71962;-2.26583;
-25.667;-2.05401;-20.4379;-0.891363;-2.73215;
-25.8105;-1.43532;-20.6096;-1.71647;-2.26723;
-26.0158;-2.05312;-20.6986;-0.890268;-2.73245;
-26.1595;-1.43714;-20.8699;-1.71301;-2.26884;
-26.3648;-2.05246;-20.9588;-0.888706;-2.73297;
-26.5087;-1.4393;-21.1297;-1.70934;-2.27064;
-26.7139;-2.05204;-21.2184;-0.886715;-2.73371;
-26.8581;-1.44174;-21.3889;-1.70555;-2.27257;
-27.0632;-2.0518;-21.4774;-0.884396;-2.73462;
-27.2077;-1.44434;-21.6476;-1.70181;-2.27454;
-27.4129;-2.05171;-21.7358;-0.881901;-2.73563;
-27.5576;-1.44696;-21.9056;-1.69825;-2.27647;
-27.7627;-2.05171;-21.9935;-0.879395;-2.73666;
-27.9077;-1.44948;-22.163;-1.69498;-2.27828;
-28.1128;-2.05171;-22.2507;-0.877032;-2.73764;
-28.258;-1.45177;-22.4199;-1.69207;-2.27991;
-28.4632;-2.05165;-22.5074;-0.874963;-2.73848;
-28.6086;-1.45377;-22.6764;-1.6895;-2.28134;
-28.8136;-2.05065;-22.7638;-0.873966;-2.73871;
-28.9593;-1.4565;-22.9321;-1.68366;-2.28398;
-29.1628;-2.03477;-23.0206;-0.884272;-2.73164;
-29.3108;-1.4808;-23.1816;-1.61051;-2.31426;
-29.4931;-1.82223;-23.2858;-1.04145;-2.62237;
-29.659;-1.65933;-23.3985;-1.12727;-2.54486;
-29.8233;-1.64268;-23.5126;-1.14107;-2.53447;
-29.9873;-1.64077;-23.627;-1.14363;-2.53288;

29.8486;-1.64056;-23.7414;-1.14392;-2.5327;
29.6977;-1.5089;-23.8746;-1.33274;-2.41811;
