#1 AntPos X	#2 AntVel X	#3 AntPos Y	#4 AntVel Y	#5 AntAngle	
4.3573;-1.7161;7.36417;-1.02713;-2.60226;
4.18569;-1.7161;7.26146;-1.02713;-2.60226;
4.01408;-1.7161;7.15875;-1.02713;-2.60226;
3.84247;-1.7161;7.05604;-1.02713;-2.60226;
3.67086;-1.7161;6.95332;-1.02713;-2.60226;
3.49925;-1.7161;6.85061;-1.02713;-2.60226;
3.32764;-1.7161;6.7479;-1.02713;-2.60226;
3.15602;-1.7161;6.64518;-1.02713;-2.60226;
2.98441;-1.7161;6.54247;-1.02713;-2.60226;
2.8128;-1.7161;6.43976;-1.02713;-2.60226;
2.64119;-1.7161;6.33705;-1.02713;-2.60226;
2.46958;-1.7161;6.23433;-1.02713;-2.60226;
2.29797;-1.7161;6.13162;-1.02713;-2.60226;
2.12636;-1.7161;6.02891;-1.02713;-2.60226;
1.95475;-1.7161;5.9262;-1.02713;-2.60226;
1.78314;-1.7161;5.82348;-1.02713;-2.60226;
1.61153;-1.7161;5.72077;-1.02713;-2.60226;
1.43992;-1.7161;5.61806;-1.02713;-2.60226;
1.26831;-1.7161;5.51534;-1.02713;-2.60226;
1.09873;-1.69579;5.40924;-1.06106;-2.58249;
0.989655;-1.09077;5.20651;-2.02727;-2.06442;
0.979939;-0.097162;4.98463;-2.21884;-1.61456;
0.974347;-0.055921;4.78468;-1.99947;-1.59876;
1.07832;1.03977;4.58169;-2.02986;-1.09741;
1.16951;0.911811;4.40369;-1.78006;-1.09741;
1.26073;0.912227;4.2257;-1.77984;-1.09717;
1.36483;1.04107;4.05432;-1.71381;-1.02491;
1.49323;1.28397;3.89831;-1.56013;-0.882196;
1.62132;1.28087;3.7447;-1.53608;-0.875747;
1.75783;1.3651;3.59812;-1.46579;-0.820952;
1.90135;1.43521;3.45848;-1.39638;-0.771685;
2.05002;1.48666;3.32448;-1.34002;-0.73357;
2.20237;1.52358;3.19479;-1.29689;-0.705197;
2.3573;1.54924;3.06824;-1.2655;-0.684932;
2.51401;1.56715;2.94395;-1.24293;-0.670528;
2.67199;1.57973;2.82128;-1.22673;-0.660272;
2.83085;1.58863;2.69977;-1.21511;-0.652956;
2.99034;1.59493;2.57909;-1.20678;-0.647734;
3.15028;1.5994;2.45901;-1.20082;-0.644009;
3.31054;1.60257;2.33935;-1.19657;-0.641358;
3.47102;1.60482;2.21999;-1.19355;-0.639476;
3.63166;1.6064;2.10085;-1.19142;-0.638146;
3.79241;1.60752;1.98186;-1.18991;-0.63721;
3.95324;1.6083;1.86298;-1.18886;-0.636554;
4.11413;1.60884;1.74416;-1.18812;-0.636097;
4.27505;1.60922;1.6254;-1.18761;-0.63578;
4.436;1.60948;1.50668;-1.18726;-0.635563;
4.59696;1.60965;1.38798;-1.18702;-0.635414;
4.75794;1.60977;1.26929;-1.18686;-0.635312;
4.91892;1.60985;1.15061;-1.18675;-0.635244;
5.07992;1.60991;1.03195;-1.18667;-0.635198;
5.24091;1.60994;0.913285;-1.18662;-0.635167;
5.40191;1.60997;0.794626;-1.18659;-0.635147;
5.5629;1.60997;0.675967;-1.18659;-0.635145;
5.72389;1.6099;0.557299;-1.18668;-0.635201;
5.88154;1.57644;0.434092;-1.23207;-0.66339;
6.00617;1.2463;0.268771;-1.65321;-0.924827;
6.09792;0.917537;0.0874759;-1.81295;-1.10228;
6.16142;0.634964;-0.104544;-1.9202;-1.25144;
6.20122;0.397999;-0.302034;-1.9749;-1.37193;
6.2211;0.198859;-0.502047;-2.00013;-1.4717;
6.22476;0.0365444;-0.70267;-2.00623;-1.55258;
6.2154;-0.0936373;-0.902874;-2.00204;-1.61753;
6.19578;-0.196154;-1.10217;-1.99301;-1.6689;
6.16822;-0.275565;-1.30043;-1.98254;-1.70891;
6.13461;-0.33616;-1.49768;-1.9725;-1.7396;
6.09643;-0.381767;-1.69406;-1.96377;-1.76281;
6.05486;-0.41567;-1.88972;-1.95663;-1.78013;
6.0108;-0.440587;-2.08482;-1.95103;-1.79289;
5.96491;-0.4589;-2.2795;-1.94673;-1.8023;
5.92141;-0.43506;-2.47472;-1.95226;-1.79006;
5.86661;-0.547955;-2.66742;-1.92695;-1.84785;
5.77611;-0.905027;-2.84961;-1.82193;-2.03183;
5.67387;-1.02236;-3.02214;-1.72531;-2.10573;
5.57185;-1.02022;-3.19416;-1.72022;-2.10611;
5.47157;-1.00286;-3.36722;-1.73051;-2.09602;
5.3917;-0.798675;-3.55209;-1.84873;-1.97859;
5.31591;-0.757863;-3.73721;-1.85125;-1.95936;
5.24964;-0.662683;-3.92619;-1.88981;-1.90806;
5.18902;-0.606203;-4.11688;-1.90683;-1.8786;
5.133;-0.56027;-4.30893;-1.92052;-1.85465;
5.08047;-0.525233;-4.50194;-1.93014;-1.83648;
5.03066;-0.498138;-4.69566;-1.93717;-1.82249;
4.98297;-0.476881;-4.8899;-1.94244;-1.81154;
4.93698;-0.459956;-5.08455;-1.94647;-1.80284;
4.89235;-0.446258;-5.27951;-1.94963;-1.79581;
4.84885;-0.434969;-5.47473;-1.95216;-1.79003;
4.80631;-0.425481;-5.67015;-1.95424;-1.78517;
4.76457;-0.417346;-5.86575;-1.95599;-1.78101;
4.72355;-0.410238;-6.0615;-1.95749;-1.77738;
4.68315;-0.403929;-6.25738;-1.9588;-1.77416;
4.64333;-0.398258;-6.45338;-1.95996;-1.77126;
4.60402;-0.39312;-6.64948;-1.96099;-1.76864;
4.56517;-0.388446;-6.84567;-1.96192;-1.76626;
4.52675;-0.384193;-7.04194;-1.96276;-1.76409;
4.48872;-0.380333;-7.23829;-1.96351;-1.76213;
4.45103;-0.376843;-7.43471;-1.96418;-1.76035;
4.41366;-0.373706;-7.63119;-1.96478;-1.75875;
4.37657;-0.370904;-7.82772;-1.96531;-1.75733;
4.33973;-0.368415;-8.0243;-1.96578;-1.75606;
4.30311;-0.366218;-8.22092;-1.96619;-1.75494;
4.26668;-0.36429;-8.41757;-1.96654;-1.75396;
4.23042;-0.362608;-8.61426;-1.96685;-1.75311;
4.19431;-0.361146;-8.81097;-1.96712;-1.75237;
4.15832;-0.359882;-9.00771;-1.96736;-1.75172;
4.12244;-0.358794;-9.20446;-1.96755;-1.75117;
4.08665;-0.357861;-9.40123;-1.96772;-1.7507;
4.05094;-0.35708;-9.59802;-1.96787;-1.7503;
4.01527;-0.356735;-9.79481;-1.96793;-1.75012;
3.97921;-0.360645;-9.99153;-1.96722;-1.75211;
3.93909;-0.401176;-10.1875;-1.95978;-1.77271;
3.86947;-0.696191;-10.3774;-1.89896;-1.9222;
3.71401;-1.5546;-10.5334;-1.56023;-2.35439;
3.63459;-0.794221;-10.7366;-2.03197;-1.9434;
3.61086;-0.237275;-10.9421;-2.0546;-1.68577;
3.59207;-0.187938;-11.1412;-1.99159;-1.66488;
3.57527;-0.167928;-11.3406;-1.99304;-1.65486;
3.56018;-0.150929;-11.54;-1.99437;-1.64633;
3.54817;-0.120121;-11.7397;-1.99663;-1.63089;
3.54074;-0.0742818;-11.9396;-1.99915;-1.60794;
3.53691;-0.0383166;-12.1396;-1.99996;-1.58995;
3.53505;-0.0186175;-12.3396;-2.00001;-1.5801;
3.53397;-0.0107873;-12.5396;-1.99999;-1.57619;
3.53311;-0.00855476;-12.7396;-1.99998;-1.57507;
3.5323;-0.00814266;-12.9396;-1.99998;-1.57487;
3.53148;-0.00821399;-13.1396;-1.99998;-1.5749;
3.5306;-0.00881;-13.3396;-1.99998;-1.5752;
3.52947;-0.0112624;-13.5396;-1.99997;-1.57643;
3.5275;-0.0197242;-13.7395;-1.99992;-1.58066;
3.52318;-0.0431707;-13.9395;-1.99967;-1.59238;
3.51407;-0.0911254;-14.1394;-1.9985;-1.61636;
3.49813;-0.159384;-14.3388;-1.99481;-1.65053;
3.47503;-0.231029;-14.5376;-1.98791;-1.68649;
3.4456;-0.294292;-14.7356;-1.97926;-1.7184;
3.41102;-0.345807;-14.9326;-1.97057;-1.74451;
3.37241;-0.386071;-15.1289;-1.96281;-1.76501;
3.33073;-0.41677;-15.3245;-1.95635;-1.78069;
3.28676;-0.439769;-15.5197;-1.95119;-1.79248;
3.24108;-0.456763;-15.7144;-1.94722;-1.8012;
3.19416;-0.469175;-15.9088;-1.94423;-1.80759;
3.14635;-0.478145;-16.103;-1.94203;-1.8122;
3.09789;-0.484564;-16.297;-1.94042;-1.81551;
3.04898;-0.489117;-16.491;-1.93927;-1.81786;
2.99975;-0.492315;-16.6848;-1.93846;-1.81951;
2.95029;-0.494542;-16.8786;-1.93789;-1.82066;
2.90069;-0.496078;-17.0724;-1.9375;-1.82145;
2.85097;-0.497128;-17.2661;-1.93723;-1.82199;
2.80119;-0.49784;-17.4598;-1.93705;-1.82236;
2.75136;-0.498317;-17.6535;-1.93693;-1.82261;
2.70149;-0.498634;-17.8472;-1.93684;-1.82277;
2.65161;-0.498842;-18.0408;-1.93679;-1.82288;
2.60171;-0.498978;-18.2345;-1.93676;-1.82295;
2.5518;-0.499066;-18.4282;-1.93673;-1.82299;
2.50189;-0.499122;-18.6219;-1.93672;-1.82302;
2.45198;-0.499158;-18.8155;-1.93671;-1.82304;
2.40206;-0.49918;-19.0092;-1.9367;-1.82305;
2.35214;-0.499194;-19.2029;-1.9367;-1.82306;
2.30222;-0.499202;-19.3965;-1.9367;-1.82306;
2.2523;-0.499207;-19.5902;-1.9367;-1.82307;
2.20238;-0.49921;-19.7839;-1.9367;-1.82307;
2.15246;-0.499212;-19.9775;-1.9367;-1.82307;
2.10254;-0.499212;-20.1712;-1.93669;-1.82307;
2.05261;-0.499212;-20.3649;-1.9367;-1.82307;
2.00269;-0.49921;-20.5586;-1.9367;-1.82307;
1.95277;-0.499208;-20.7522;-1.9367;-1.82307;
1.90285;-0.499203;-20.9459;-1.9367;-1.82306;
1.85293;-0.499195;-21.1396;-1.9367;-1.82306;
1.80301;-0.499181;-21.3332;-1.9367;-1.82305;
1.7531;-0.49916;-21.5269;-1.93671;-1.82304;
1.70319;-0.499126;-21.7206;-1.93672;-1.82303;
1.65328;-0.499071;-21.9143;-1.93673;-1.823;
1.60338;-0.498987;-22.1079;-1.93675;-1.82295;
1.55349;-0.498855;-22.3016;-1.93679;-1.82289;
1.50363;-0.498655;-22.4953;-1.93684;-1.82278;
1.45379;-0.498351;-22.689;-1.93692;-1.82263;
1.404;-0.497897;-22.8827;-1.93703;-1.82239;
1.35428;-0.497222;-23.0764;-1.93721;-1.82204;
1.30467;-0.496162;-23.2702;-1.93748;-1.8215;
1.25536;-0.493081;-23.464;-1.93827;-1.8199;
1.21153;-0.438279;-23.6592;-1.95221;-1.79164;
1.23502;0.234895;-23.8695;-2.10252;-1.45954;
1.28168;0.466601;-24.0655;-1.96031;-1.33712;
1.37676;0.950825;-24.2484;-1.82956;-1.09151;
1.50097;1.24206;-24.4093;-1.60847;-0.913239;
1.50505;0.0408488;-24.6588;-2.49534;-1.55443;
1.4989;-0.061479;-24.8589;-2.00127;-1.60151;
1.46374;-0.351671;-25.058;-1.99014;-1.7457;
1.40241;-0.613304;-25.2502;-1.92261;-1.87959;
1.32002;-0.823882;-25.4339;-1.83648;-1.9925;
1.22108;-0.989404;-25.6087;-1.74817;-2.08581;
1.10938;-1.11698;-25.7753;-1.66593;-2.16144;
0.987993;-1.21386;-25.9347;-1.59407;-2.22161;
0.859341;-1.28652;-26.0881;-1.53418;-2.26862;
0.725301;-1.3404;-26.2367;-1.48611;-2.30469;
0.587307;-1.37994;-26.3816;-1.4487;-2.33189;
0.446441;-1.40866;-26.5236;-1.42032;-2.35207;
0.303511;-1.4293;-26.6635;-1.39927;-2.36681;
0.159115;-1.44396;-26.8019;-1.38399;-2.3774;
0.0136921;-1.45423;-26.9393;-1.37312;-2.38488;
-0.132437;-1.46129;-27.0758;-1.36556;-2.39005;
-0.279037;-1.46601;-27.2119;-1.36047;-2.39352;
-0.425937;-1.469;-27.3476;-1.35723;-2.39572;
-0.573006;-1.47069;-27.4831;-1.35539;-2.39697;
-0.720144;-1.47138;-27.6186;-1.35464;-2.39748;
-0.867266;-1.47122;-27.7541;-1.35481;-2.39737;
-1.0143;-1.47033;-27.8896;-1.35578;-2.3967;
-1.16117;-1.46872;-28.0254;-1.35752;-2.39552;
-1.30781;-1.46641;-28.1614;-1.36002;-2.39382;
-1.45415;-1.46337;-28.2977;-1.36329;-2.39158;
-1.60011;-1.4596;-28.4345;-1.36733;-2.38882;
-1.74562;-1.45513;-28.5717;-1.3721;-2.38555;
-1.89062;-1.44999;-28.7094;-1.37753;-2.38182;
-2.03505;-1.44431;-28.8478;-1.38349;-2.3777;
-2.17887;-1.43821;-28.9868;-1.38983;-2.3733;
-2.32206;-1.43187;-29.1264;-1.39637;-2.36875;
-2.4646;-1.42546;-29.2667;-1.40291;-2.36417;
-2.60654;-1.41931;-29.4076;-1.40912;-2.3598;
-2.74808;-1.41546;-29.5489;-1.41298;-2.35707;
-2.88958;-1.41494;-29.6902;-1.41348;-2.35671;
-3.03107;-1.41493;-29.8316;-1.41349;-2.3567;
-3.17256;-1.41493;-29.9729;-1.41349;-2.3567;

-3.31406;-1.41493;29.8857;-1.41349;-2.3567;
-3.45489;-1.4083;29.7437;-1.42013;-2.35201;
-3.5951;-1.40209;29.6011;-1.42626;-2.34765;
-3.73473;-1.39639;29.4579;-1.43184;-2.34366;
-3.87386;-1.39122;29.3142;-1.43686;-2.34006;
-4.01252;-1.3866;29.1701;-1.44131;-2.33685;
-4.15077;-1.3825;29.0255;-1.44524;-2.33401;
-4.28866;-1.37889;28.8807;-1.44869;-2.33151;
-4.42623;-1.37571;28.7355;-1.4517;-2.32933;
-4.56352;-1.37294;28.5901;-1.45432;-2.32742;
-4.70057;-1.37051;28.4444;-1.45661;-2.32575;
-4.83741;-1.36838;28.2986;-1.45861;-2.32429;
-4.97406;-1.36652;28.1525;-1.46035;-2.32301;
-5.11055;-1.36488;28.0063;-1.46188;-2.32189;
-5.24689;-1.36344;27.86;-1.46323;-2.3209;
-5.38311;-1.36216;27.7136;-1.46442;-2.32003;
-5.51921;-1.36102;27.567;-1.46548;-2.31926;
-5.65521;-1.36001;27.4204;-1.46642;-2.31857;
-5.79112;-1.3591;27.2736;-1.46726;-2.31795;
-5.92695;-1.35828;27.1268;-1.46802;-2.31739;
-6.0627;-1.35754;26.98;-1.4687;-2.31688;
-6.19839;-1.35687;26.833;-1.46932;-2.31643;
-6.33402;-1.35626;26.6861;-1.46988;-2.31601;
-6.46959;-1.3557;26.539;-1.4704;-2.31563;
-6.60511;-1.3552;26.3919;-1.47087;-2.31529;
-6.74058;-1.35473;26.2448;-1.47129;-2.31497;
-6.87601;-1.3543;26.0976;-1.47169;-2.31468;
-7.0114;-1.35391;25.9504;-1.47205;-2.31442;
-7.14676;-1.35356;25.8032;-1.47237;-2.31417;
-7.28208;-1.35323;25.6559;-1.47267;-2.31395;
-7.41737;-1.35294;25.5086;-1.47294;-2.31375;
-7.55264;-1.35268;25.3613;-1.47318;-2.31358;
-7.68789;-1.35245;25.214;-1.47339;-2.31342;
-7.82311;-1.35225;25.0666;-1.47358;-2.31328;
-7.95832;-1.35208;24.9192;-1.47373;-2.31317;
-8.09352;-1.35196;24.7719;-1.47384;-2.31309;
-8.2287;-1.35188;24.6245;-1.47391;-2.31304;
-8.36389;-1.35185;24.4771;-1.47394;-2.31302;
-8.49908;-1.3519;24.3297;-1.4739;-2.31305;
-8.63428;-1.35203;24.1823;-1.47378;-2.31313;
-8.76951;-1.35226;24.0349;-1.47356;-2.3133;
-8.90477;-1.35264;23.8876;-1.47321;-2.31355;
-9.04009;-1.3532;23.7404;-1.4727;-2.31393;
-9.17549;-1.35399;23.5932;-1.47197;-2.31447;
-9.311;-1.35508;23.4461;-1.47097;-2.31521;
-9.44665;-1.35654;23.2991;-1.46963;-2.3162;
-9.5825;-1.35845;23.1523;-1.46786;-2.3175;
-9.71859;-1.36089;23.0058;-1.4656;-2.31917;
-9.85498;-1.36395;22.8595;-1.46276;-2.32125;
-9.99175;-1.36765;22.7135;-1.4593;-2.32379;
-10.1289;-1.37203;22.568;-1.45519;-2.32679;
-10.2667;-1.37702;22.423;-1.45047;-2.33022;
-10.4049;-1.38254;22.2785;-1.44522;-2.33403;
-10.5437;-1.38842;22.1345;-1.43957;-2.33811;
-10.6832;-1.39446;21.9911;-1.43372;-2.34232;
-10.8232;-1.40046;21.8483;-1.42786;-2.34651;
-10.9639;-1.4062;21.7061;-1.42221;-2.35054;
-11.105;-1.41148;21.5644;-1.41696;-2.35426;
-11.2466;-1.41615;21.4232;-1.41229;-2.35756;
-11.3886;-1.4201;21.2824;-1.40831;-2.36036;
-11.531;-1.42325;21.1419;-1.40513;-2.3626;
-11.6735;-1.42556;21.0016;-1.40278;-2.36425;
-11.8162;-1.427;20.8614;-1.40131;-2.36528;
-11.9589;-1.42729;20.7213;-1.40101;-2.36549;
-12.1015;-1.42514;20.581;-1.40321;-2.36395;
-12.2424;-1.40966;20.4391;-1.41892;-2.35292;
-12.3732;-1.30768;20.2871;-1.52007;-2.28122;
-12.4785;-1.05317;20.1139;-1.73222;-2.11707;
-12.5515;-0.729787;19.9242;-1.89694;-1.93806;
-12.6087;-0.57191;19.7319;-1.92288;-1.85989;
-12.6784;-0.696985;19.544;-1.87929;-1.92595;
-12.767;-0.886731;19.3636;-1.80425;-2.02759;
-12.8639;-0.968546;19.1883;-1.75248;-2.07569;
-12.962;-0.980901;19.014;-1.74301;-2.08339;
-13.06;-0.98053;18.8397;-1.74315;-2.08319;
-13.1579;-0.978215;18.6653;-1.74445;-2.08186;
-13.2554;-0.975367;18.4907;-1.74604;-2.08023;
-13.3527;-0.973142;18.3159;-1.74728;-2.07896;
-13.45;-0.972545;18.1412;-1.74761;-2.07862;
-13.5474;-0.97424;17.9665;-1.74667;-2.07959;
-13.6453;-0.978645;17.7921;-1.74421;-2.08211;
-13.7439;-0.986072;17.6181;-1.74004;-2.08637;
-13.8435;-0.996725;17.4447;-1.73398;-2.09249;
-13.9446;-1.01058;17.2721;-1.72598;-2.10049;
-14.0473;-1.02723;17.1005;-1.71615;-2.11016;
-14.1519;-1.04592;16.93;-1.70485;-2.12108;
-14.2585;-1.06563;16.7607;-1.69262;-2.13268;
-14.367;-1.0853;16.5927;-1.68008;-2.14434;
-14.4774;-1.10404;16.4259;-1.66781;-2.15554;
-14.5895;-1.12122;16.2603;-1.65629;-2.16588;
-14.7032;-1.13647;16.0957;-1.64584;-2.17513;
-14.8181;-1.14965;15.932;-1.63663;-2.18317;
-14.9342;-1.16081;15.7692;-1.62871;-2.19001;
-15.0512;-1.17009;15.607;-1.62204;-2.19572;
-15.169;-1.17769;15.4453;-1.61652;-2.20042;
-15.2874;-1.18384;15.2841;-1.61201;-2.20423;
-15.4063;-1.18875;15.1233;-1.60839;-2.20728;
-15.5255;-1.19263;14.9627;-1.60551;-2.2097;
-15.6451;-1.19567;14.8024;-1.60324;-2.2116;
-15.7649;-1.19803;14.6423;-1.60148;-2.21307;
-15.8849;-1.19984;14.4822;-1.60012;-2.2142;
-16.005;-1.20121;14.3223;-1.59909;-2.21505;
-16.1252;-1.20223;14.1625;-1.59833;-2.21569;
-16.2455;-1.20296;14.0027;-1.59777;-2.21615;
-16.3659;-1.20347;13.843;-1.59739;-2.21647;
-16.4863;-1.2038;13.6833;-1.59714;-2.21668;
-16.6066;-1.20398;13.5236;-1.59701;-2.21679;
-16.7271;-1.20403;13.3639;-1.59697;-2.21682;
-16.8475;-1.20399;13.2042;-1.597;-2.21679;
-16.9678;-1.20387;13.0445;-1.59709;-2.21672;
-17.0882;-1.20383;12.8848;-1.59712;-2.21669;
-17.2087;-1.20438;12.7251;-1.59671;-2.21704;
-17.3294;-1.20787;12.5657;-1.59408;-2.21922;
-17.4517;-1.22205;12.4073;-1.58332;-2.22812;
-17.5781;-1.26422;12.2523;-1.55067;-2.25478;
-17.7134;-1.35297;12.1045;-1.4774;-2.31226;
-17.8611;-1.47712;11.9686;-1.35922;-2.39774;
-18.0199;-1.58813;11.8458;-1.22776;-2.48348;
-18.1826;-1.62689;11.7293;-1.16556;-2.51992;
-18.3373;-1.54718;11.6018;-1.27455;-2.45251;
-18.4759;-1.38597;11.4555;-1.46308;-2.32914;
-18.5954;-1.19543;11.2933;-1.62247;-2.20579;
-18.6947;-0.992983;11.118;-1.75262;-2.08627;
-18.7727;-0.779508;10.9323;-1.85705;-1.96822;
-18.8282;-0.5553;10.7387;-1.93596;-1.85013;
-18.8607;-0.324632;10.54;-1.98753;-1.7327;
-18.8704;-0.0974851;10.3389;-2.01058;-1.61924;
-18.8592;0.112707;10.1381;-2.00781;-1.51472;
-18.8298;0.29402;9.93946;-1.98664;-1.42386;
-18.7858;0.439807;9.74379;-1.95669;-1.3497;
-18.7308;0.549351;9.55114;-1.92642;-1.293;
-18.6682;0.626172;9.36103;-1.90117;-1.25262;
-18.6007;0.675579;9.17271;-1.88318;-1.22635;
-18.5304;0.702604;8.98543;-1.87275;-1.21187;
-18.4593;0.710814;8.79849;-1.86944;-1.20745;
-18.3891;0.702127;8.61122;-1.87273;-1.21209;
-18.3214;0.677476;8.42302;-1.88195;-1.22525;
-18.2576;0.637798;8.23342;-1.89605;-1.2463;
-18.1991;0.584536;8.04207;-1.91349;-1.27432;
-18.1473;0.518449;7.84878;-1.93286;-1.30874;
-18.1041;0.432103;7.6533;-1.95479;-1.35325;
-18.0781;0.260018;7.45422;-1.9908;-1.44092;
-18.1088;-0.307357;7.24851;-2.05713;-1.71911;
-18.1758;-0.669553;7.05629;-1.92216;-1.90599;
-18.3092;-1.33386;6.89097;-1.65324;-2.24968;
-18.4361;-1.26918;6.73639;-1.54579;-2.25824;
-18.6486;-2.12495;6.65208;-0.843062;-2.7639;
-18.8318;-1.83235;6.5716;-0.804804;-2.72774;
-19.0541;-2.22254;6.58028;0.0868043;3.10256;
-19.2534;-1.99377;6.60014;0.198506;3.04236;
-19.45;-1.96556;6.64466;0.44525;2.91883;
-19.6409;-1.90936;6.70704;0.623806;2.82582;
-19.8268;-1.85852;6.78219;0.751458;2.75736;
-20.0085;-1.81722;6.8663;0.841091;2.70811;
-20.187;-1.78539;6.9567;0.904071;2.67286;
-20.3631;-1.76083;7.05169;0.949836;2.6469;
-20.5372;-1.74088;7.15023;0.985386;2.62653;
-20.7095;-1.72338;7.25177;1.01547;2.60913;
-20.8802;-1.70683;7.35607;1.04296;2.59309;
-21.0493;-1.69052;7.46298;1.06915;2.57766;
-21.2167;-1.67441;7.5724;1.09418;2.56278;
-21.3826;-1.65889;7.68415;1.11753;2.54877;
-21.5471;-1.64452;7.798;1.1385;2.53605;
-21.7102;-1.63179;7.91367;1.15661;2.52499;
-21.8723;-1.621;8.03083;1.17163;2.51574;
-22.0336;-1.61222;8.14919;1.18362;2.50831;
-22.1941;-1.60536;8.26848;1.19287;2.50255;
-22.3541;-1.60021;8.38845;1.19975;2.49825;
-22.5138;-1.59649;8.50892;1.20469;2.49516;
-22.6732;-1.59391;8.62973;1.20808;2.49303;
-22.8324;-1.59225;8.75076;1.21027;2.49166;
-22.9915;-1.59127;8.87191;1.21155;2.49085;
-23.1506;-1.59084;8.99312;1.21211;2.4905;
-23.3097;-1.59084;9.11433;1.21212;2.49049;
-23.4688;-1.59118;9.2355;1.21167;2.49078;
-23.628;-1.59181;9.35659;1.21085;2.4913;
-23.7873;-1.59269;9.47756;1.20969;2.49202;
-23.9466;-1.59379;9.59838;1.20824;2.49293;
-24.1061;-1.59508;9.71903;1.20654;2.494;
-24.2658;-1.59651;9.8395;1.20464;2.49519;
-24.4256;-1.59806;9.95976;1.20259;2.49647;
-24.5856;-1.59967;10.0798;1.20044;2.49781;
-24.7457;-1.60131;10.1996;1.19826;2.49918;
-24.906;-1.60293;10.3192;1.19609;2.50053;
-25.0664;-1.60449;10.4386;1.19399;2.50184;
-25.227;-1.60597;10.5578;1.19201;2.50308;
-25.3878;-1.60734;10.6769;1.19016;2.50423;
-25.5486;-1.60858;10.7957;1.18848;2.50527;
-25.7096;-1.60969;10.9144;1.18697;2.50621;
-25.8707;-1.61066;11.033;1.18565;2.50703;
-26.0318;-1.61151;11.1514;1.1845;2.50774;
-26.193;-1.61223;11.2698;1.18352;2.50835;
-26.3543;-1.61283;11.388;1.18269;2.50886;
-26.5156;-1.61334;11.5062;1.18201;2.50929;
-26.677;-1.61375;11.6244;1.18145;2.50964;
-26.8384;-1.61407;11.7425;1.181;2.50991;
-26.9999;-1.61433;11.8605;1.18065;2.51013;
-27.1613;-1.61452;11.9786;1.18039;2.51029;
-27.3228;-1.61466;12.0966;1.18021;2.51041;
-27.4843;-1.61474;12.2146;1.18009;2.51048;
-27.6457;-1.61479;12.3326;1.18002;2.51052;
-27.8072;-1.6148;12.4506;1.18;2.51053;
-27.9687;-1.61479;12.5686;1.18002;2.51052;
-28.1302;-1.61477;12.6866;1.18005;2.51051;
-28.2916;-1.61475;12.8046;1.18007;2.51049;
-28.4531;-1.61475;12.9226;1.18008;2.51048;
-28.6146;-1.61477;13.0406;1.18005;2.5105;
-28.7761;-1.61478;13.1586;1.18004;2.51051;
-28.9375;-1.61461;13.2767;1.18026;2.51037;
-29.0989;-1.61382;13.3948;1.18134;2.5097;
-29.2601;-1.61175;13.5132;1.18417;2.50795;
-29.4209;-1.60829;13.6321;1.18889;2.50502;
-29.5814;-1.60444;13.7515;1.19407;2.5018;
-29.7415;-1.60174;13.8713;1.19768;2.49954;
-29.9016;-1.6007;13.9912;1.19907;2.49867;

29.9383;-1.60049;14.1111;1.19934;2.4985;
29.7761;-1.62267;14.2281;1.16974;2.51699;
29.6134;-1.62658;14.3445;1.16374;2.52057;
29.451;-1.62444;14.4611;1.16671;2.51874;
29.2889;-1.62093;14.5783;1.17159;2.51574;
29.1271;-1.61784;14.6959;1.17585;2.5131;
28.9655;-1.61563;14.8138;1.17888;2.51123;
28.8041;-1.61425;14.9319;1.18076;2.51006;
28.6428;-1.6135;15.05;1.18179;2.50943;
28.4814;-1.61317;15.1683;1.18223;2.50915;
28.3201;-1.61309;15.2865;1.18235;2.50908;
28.1588;-1.61311;15.4047;1.18232;2.5091;
27.9975;-1.61311;15.523;1.18232;2.5091;
27.8362;-1.613;15.6412;1.18246;2.50901;
27.6749;-1.61271;15.7595;1.18287;2.50876;
27.5137;-1.61216;15.8779;1.18361;2.50829;
27.3526;-1.61133;15.9963;1.18474;2.50759;
27.1916;-1.61022;16.115;1.18625;2.50666;
27.0307;-1.60885;16.2338;1.18811;2.5055;
26.87;-1.60729;16.3528;1.19022;2.50419;
26.7094;-1.60563;16.472;1.19246;2.50279;
26.549;-1.60396;16.5915;1.19471;2.5014;
26.3888;-1.60241;16.7112;1.19679;2.5001;
26.2286;-1.60109;16.831;1.19855;2.499;
26.0686;-1.60011;16.951;1.19986;2.49818;
25.9087;-1.59956;17.0711;1.20059;2.49773;
25.7487;-1.59952;17.1911;1.20064;2.49769;
25.5887;-1.60003;17.3111;1.19995;2.49812;
25.4286;-1.60114;17.431;1.19849;2.49904;
25.2683;-1.60282;17.5506;1.19624;2.50044;
25.1078;-1.60504;17.6699;1.19325;2.5023;
24.947;-1.60772;17.7889;1.18965;2.50455;
24.786;-1.61071;17.9075;1.1856;2.50707;
24.6246;-1.61384;18.0256;1.18133;2.50971;
24.4629;-1.61692;18.1433;1.17712;2.51232;
24.3009;-1.61977;18.2606;1.17319;2.51475;
24.1387;-1.62227;18.3776;1.16972;2.51689;
23.9763;-1.62438;18.4943;1.16679;2.51869;
23.8136;-1.6261;18.6107;1.16439;2.52017;
23.6509;-1.62749;18.727;1.16245;2.52136;
23.488;-1.62858;18.8431;1.16091;2.5223;
23.3251;-1.62942;18.959;1.15974;2.52302;
23.1621;-1.62995;19.0749;1.15899;2.52349;
22.9991;-1.63011;19.1908;1.15876;2.52362;
22.8361;-1.62975;19.3067;1.15927;2.52331;
22.6733;-1.62866;19.4228;1.1608;2.52237;
22.5106;-1.6266;19.5392;1.16369;2.5206;
22.3483;-1.62327;19.656;1.16834;2.51774;
22.1864;-1.61833;19.7735;1.17519;2.51352;
22.0253;-1.61138;19.892;1.18474;2.50761;
21.8651;-1.6019;20.0118;1.19756;2.49964;
21.7062;-1.58919;20.1332;1.21447;2.48906;
21.549;-1.57195;20.2569;1.23683;2.47495;
21.3943;-1.54726;20.3837;1.26789;2.45511;
21.2433;-1.50949;20.515;1.31337;2.42556;
21.0976;-1.45738;20.6522;1.37193;2.38638;
20.9563;-1.41316;20.7939;1.41666;2.35496;
20.8134;-1.42819;20.9339;1.40027;2.36607;
20.6594;-1.54049;21.0625;1.28556;2.44616;
20.4926;-1.66843;21.1747;1.12221;2.54948;
20.3211;-1.71485;21.2781;1.03397;2.59901;
20.1499;-1.71146;21.3816;1.03484;2.59776;
19.9811;-1.68811;21.4889;1.07347;2.57519;
19.8148;-1.66341;21.6;1.11135;2.55259;
19.6503;-1.64442;21.7139;1.13886;2.53588;
19.4872;-1.63169;21.8296;1.15674;2.5249;
19.3248;-1.62375;21.9464;1.16775;2.51812;
19.1629;-1.619;22.0638;1.17427;2.51409;
19.0013;-1.61629;22.1816;1.17798;2.51179;
18.8398;-1.6148;22.2996;1.18001;2.51053;
18.6784;-1.614;22.4177;1.1811;2.50985;
18.517;-1.61355;22.5359;1.18172;2.50947;
18.3557;-1.61323;22.6541;1.18216;2.5092;
18.1944;-1.61295;22.7724;1.18254;2.50896;
18.0331;-1.6127;22.8906;1.18288;2.50875;
17.8719;-1.61252;23.009;1.18313;2.5086;
17.7106;-1.61249;23.1273;1.18317;2.50857;
17.5494;-1.6127;23.2456;1.18288;2.50875;
17.388;-1.61327;23.3638;1.1821;2.50923;
17.2266;-1.61428;23.4818;1.18072;2.51009;
17.065;-1.61582;23.5997;1.17861;2.51139;
16.9032;-1.61792;23.7173;1.17573;2.51318;
16.7412;-1.62057;23.8345;1.17208;2.51543;
16.5788;-1.62365;23.9513;1.16782;2.51806;
16.4161;-1.62693;24.0676;1.16324;2.52088;
16.2531;-1.63012;24.1835;1.15877;2.52362;
16.0898;-1.63299;24.2989;1.15472;2.52611;
15.9262;-1.63606;24.414;1.15036;2.52877;
15.762;-1.64214;24.5281;1.1417;2.53406;
15.5961;-1.65853;24.64;1.11808;2.54843;
15.4267;-1.69463;24.7464;1.06416;2.58087;
15.2526;-1.74056;24.8453;0.989033;2.62486;
15.0765;-1.76099;24.9402;0.94916;2.64724;
14.8738;-2.027;24.9856;0.454578;2.92098;
14.6745;-1.99339;25.0107;0.250966;3.01635;
14.4611;-2.13364;24.9171;-0.936055;-2.72816;
14.2755;-1.85598;24.8424;-0.747688;-2.75863;
14.1116;-1.63862;24.7139;-1.28477;-2.47665;
13.9638;-1.47851;24.5783;-1.35569;-2.3995;
13.8317;-1.32054;24.4264;-1.51914;-2.28637;
13.7133;-1.18419;24.2643;-1.62062;-2.20183;
13.6066;-1.06773;24.0947;-1.69684;-2.13244;
13.5095;-0.970737;23.9194;-1.75217;-2.07672;
13.4203;-0.89217;23.7402;-1.79215;-2.0327;
13.3373;-0.830059;23.5581;-1.8209;-1.9985;
13.2591;-0.781965;23.374;-1.84154;-1.97235;
13.1845;-0.745346;23.1884;-1.85635;-1.95261;
13.1127;-0.717837;23.0017;-1.86697;-1.93786;
13.043;-0.697399;22.8142;-1.8746;-1.92696;
12.9748;-0.682371;22.6262;-1.88006;-1.91896;
12.9076;-0.671452;22.4378;-1.88395;-1.91317;
12.8413;-0.663655;22.2491;-1.8867;-1.90903;
12.7754;-0.658249;22.0603;-1.88858;-1.90617;
12.71;-0.654704;21.8713;-1.88981;-1.9043;
12.6447;-0.652645;21.6822;-1.89052;-1.90321;
12.5795;-0.651798;21.4932;-1.89081;-1.90276;
12.5143;-0.651931;21.3041;-1.89076;-1.90283;
12.449;-0.652733;21.115;-1.89049;-1.90325;
12.3837;-0.653536;20.926;-1.89021;-1.90368;
12.3184;-0.652776;20.737;-1.89047;-1.90328;
12.2537;-0.647386;20.5477;-1.89233;-1.90042;
12.1904;-0.633221;20.358;-1.89717;-1.89294;
12.1295;-0.608432;20.1675;-1.90539;-1.87988;
12.0715;-0.579877;19.976;-1.91432;-1.86492;
12.0148;-0.566891;19.7842;-1.91802;-1.85817;
11.9555;-0.592968;19.5932;-1.91027;-1.87178;
11.889;-0.665302;19.4044;-1.88762;-1.90966;
11.8124;-0.766013;19.2194;-1.8506;-1.96325;
11.7259;-0.865197;19.0387;-1.80644;-2.01746;
11.6323;-0.935451;18.8618;-1.76953;-2.0571;
11.5362;-0.96172;18.6864;-1.75386;-2.07237;
11.4418;-0.944186;18.5101;-1.76321;-2.06243;
11.3521;-0.896772;18.3312;-1.78849;-2.03557;
11.2679;-0.841884;18.1497;-1.8152;-2.00506;
11.188;-0.798478;17.9663;-1.83431;-1.98136;
11.1108;-0.772474;17.7818;-1.84501;-1.9673;
11.0349;-0.7592;17.5967;-1.85036;-1.96015;
10.9597;-0.75173;17.4114;-1.85337;-1.95612;
10.8851;-0.74573;17.2258;-1.85578;-1.95289;
10.8111;-0.739767;17.04;-1.85817;-1.94968;
10.7377;-0.734022;16.854;-1.86044;-1.94659;
10.6648;-0.72918;16.6677;-1.86234;-1.94399;
10.5922;-0.725866;16.4814;-1.86363;-1.94221;
10.5198;-0.724465;16.295;-1.86418;-1.94146;
10.4473;-0.725127;16.1086;-1.86392;-1.94181;
10.3745;-0.727815;15.9223;-1.86287;-1.94326;
10.3013;-0.732375;15.7362;-1.86109;-1.9457;
10.2274;-0.738593;15.5503;-1.85864;-1.94905;
10.1528;-0.74624;15.3647;-1.85558;-1.95316;
10.0773;-0.755101;15.1795;-1.852;-1.95794;
10.0008;-0.764993;14.9948;-1.84794;-1.96329;
9.92319;-0.775753;14.8104;-1.84346;-1.96912;
9.84447;-0.787228;14.6265;-1.83859;-1.97535;
9.76454;-0.799263;14.4432;-1.8334;-1.9819;
9.68338;-0.811681;14.2604;-1.82794;-1.98868;
9.60095;-0.824286;14.0782;-1.82229;-1.99559;
9.51726;-0.836862;13.8965;-1.81655;-2.0025;
9.43234;-0.84918;13.7154;-1.81082;-2.00929;
9.34624;-0.861011;13.5349;-1.80522;-2.01584;
9.25903;-0.872142;13.3549;-1.79987;-2.02201;
9.17079;-0.882384;13.1755;-1.79486;-2.02771;
9.08163;-0.89159;12.9964;-1.7903;-2.03285;
8.99167;-0.899654;12.8178;-1.78625;-2.03736;
8.90101;-0.906519;12.6395;-1.78277;-2.04121;
8.8098;-0.912169;12.4615;-1.77988;-2.04438;
8.71813;-0.916625;12.2838;-1.77759;-2.04689;
8.62614;-0.919931;12.1062;-1.77588;-2.04875;
8.53393;-0.922151;11.9287;-1.77472;-2.05;
8.44159;-0.923352;11.7513;-1.7741;-2.05068;
8.34923;-0.923606;11.5739;-1.77397;-2.05082;
8.25693;-0.922979;11.3965;-1.77429;-2.05047;
8.16478;-0.921536;11.219;-1.77504;-2.04966;
8.07284;-0.919338;11.0414;-1.77618;-2.04842;
7.9812;-0.916449;10.8636;-1.77768;-2.04679;
7.88991;-0.912935;10.6856;-1.77948;-2.04482;
7.79902;-0.908867;10.5075;-1.78157;-2.04253;
7.70859;-0.904328;10.3291;-1.78388;-2.03998;
7.61865;-0.899405;10.1505;-1.78637;-2.03723;
7.52923;-0.894197;9.97156;-1.78898;-2.03431;
7.44035;-0.888803;9.79239;-1.79167;-2.0313;
7.35201;-0.883328;9.61295;-1.79437;-2.02825;
7.26423;-0.877877;9.43325;-1.79704;-2.02521;
7.17697;-0.872547;9.25329;-1.79964;-2.02225;
7.09023;-0.867431;9.07307;-1.80211;-2.01941;
7.00397;-0.862614;8.89263;-1.80442;-2.01674;
6.91815;-0.858167;8.71198;-1.80654;-2.01427;
6.83273;-0.854156;8.53114;-1.80844;-2.01205;
6.74767;-0.850635;8.35013;-1.81009;-2.01011;
6.6629;-0.84766;8.16898;-1.81149;-2.00847;
6.57838;-0.845286;7.98772;-1.81259;-2.00716;
6.49402;-0.843573;7.80638;-1.81339;-2.00621;
6.40976;-0.842564;7.62499;-1.81386;-2.00565;
6.32554;-0.842245;7.44359;-1.81401;-2.00548;
6.24129;-0.842504;7.2622;-1.81389;-2.00562;
6.15697;-0.843145;7.08085;-1.81359;-2.00598;
6.07258;-0.843959;6.89952;-1.81321;-2.00642;
5.98809;-0.844837;6.71824;-1.8128;-2.00691;
5.90351;-0.845827;6.53701;-1.81234;-2.00745;
5.8188;-0.847092;6.35583;-1.81175;-2.00815;
5.73392;-0.848794;6.17474;-1.81095;-2.00909;
5.64882;-0.850992;5.99375;-1.80992;-2.01031;
5.56346;-0.853621;5.81288;-1.80868;-2.01176;
5.47781;-0.856536;5.63215;-1.80731;-2.01337;
5.39185;-0.859573;5.45156;-1.80586;-2.01505;
5.30559;-0.862593;5.27112;-1.80442;-2.01672;
5.21904;-0.865497;5.09082;-1.80303;-2.01834;
5.13222;-0.868225;4.91064;-1.80172;-2.01985;
5.04514;-0.870753;4.73059;-1.8005;-2.02125;
4.95783;-0.873115;4.55066;-1.79935;-2.02256;
4.87029;-0.875459;4.37084;-1.79822;-2.02387;
4.78247;-0.878122;4.19115;-1.79692;-2.02535;
4.69432;-0.881565;4.01162;-1.79523;-2.02727;
4.60573;-0.885906;3.83231;-1.7931;-2.02968;
4.51673;-0.88993;3.6532;-1.7911;-2.03193;
4.4277;-0.890344;3.47411;-1.79089;-2.03216;
4.33936;-0.883363;3.29468;-1.79436;-2.02826;
4.25246;-0.868983;3.11454;-1.80142;-2.02025;
4.16728;-0.85183;2.93357;-1.80963;-2.01075;
4.08341;-0.838707;2.752;-1.8157;-2.00352;
3.99933;-0.840853;2.57054;-1.81465;-2.00471;
3.91173;-0.875984;2.3907;-1.79837;-2.02407;
3.81578;-0.959472;2.21497;-1.75729;-2.07056;
3.70782;-1.07964;2.04605;-1.68921;-2.1395;
3.58855;-1.19268;1.88492;-1.61132;-2.20799;
3.46173;-1.26816;1.72996;-1.5496;-2.25664;
3.33033;-1.31405;1.57906;-1.50898;-2.28725;
3.19541;-1.3492;1.43135;-1.47713;-2.31096;
3.05702;-1.38389;1.28688;-1.44468;-2.33471;
2.91488;-1.42134;1.14607;-1.40803;-2.3609;
2.76876;-1.46127;1.0094;-1.36674;-2.38961;
2.61869;-1.50072;0.877065;-1.32335;-2.41892;
2.46521;-1.53477;0.74872;-1.28345;-2.44513;
2.30933;-1.55877;0.623353;-1.25367;-2.46426;
2.15223;-1.57099;0.499564;-1.2379;-2.47423;
1.99491;-1.57323;0.376074;-1.2349;-2.4761;
1.83796;-1.56954;0.252114;-1.23959;-2.47311;
1.68154;-1.56419;0.127479;-1.24635;-2.4688;
1.52552;-1.56019;0.00234506;-1.25134;-2.46561;
1.36964;-1.55881;-0.122959;-1.25304;-2.46451;
1.21364;-1.55994;-0.248123;-1.25164;-2.46541;
1.05737;-1.56273;-0.372938;-1.24815;-2.46765;
0.900747;-1.56624;-0.497314;-1.24376;-2.47046;
0.743777;-1.56969;-0.621253;-1.23939;-2.47324;
0.586512;-1.57266;-0.744816;-1.23563;-2.47564;
0.429018;-1.57493;-0.868088;-1.23272;-2.47748;
0.271373;-1.57645;-0.991165;-1.23078;-2.47871;
0.113673;-1.577;-1.11417;-1.23006;-2.47917;
-0.0439212;-1.57594;-1.23731;-1.23143;-2.4783;
-0.201092;-1.57171;-1.361;-1.23684;-2.47487;
-0.357268;-1.56176;-1.48595;-1.24947;-2.46683;
-0.511613;-1.54345;-1.61317;-1.27225;-2.45222;
-0.663311;-1.51698;-1.74357;-1.30403;-2.43154;
-0.812225;-1.48914;-1.87715;-1.33576;-2.41044;
-0.959578;-1.47354;-2.0124;-1.35248;-2.399;
-1.10782;-1.48246;-2.14665;-1.34257;-2.40567;
-1.2594;-1.51579;-2.27722;-1.3057;-2.43052;
-1.41546;-1.56056;-2.4025;-1.25277;-2.46516;
-1.57551;-1.6005;-2.52261;-1.20111;-2.4978;
-1.73797;-1.62461;-2.63933;-1.16721;-2.51859;
-1.90096;-1.62994;-2.75524;-1.15905;-2.52346;
-2.063;-1.62034;-2.87249;-1.17251;-2.51519;
-2.22337;-1.60373;-2.99202;-1.19535;-2.50107;
-2.3822;-1.5883;-3.1136;-1.21572;-2.48829;
-2.54012;-1.57916;-3.23633;-1.22738;-2.48089;
-2.69786;-1.5774;-3.35929;-1.22956;-2.47949;
-2.85598;-1.5812;-3.48176;-1.22468;-2.48258;
-3.01476;-1.58781;-3.60337;-1.21613;-2.48799;
-3.17425;-1.5949;-3.72405;-1.20682;-2.49383;
-3.33435;-1.60106;-3.84392;-1.19863;-2.49895;
-3.49492;-1.60568;-3.96316;-1.19241;-2.50283;
-3.65579;-1.60871;-4.08199;-1.18831;-2.50538;
-3.81683;-1.61032;-4.2006;-1.18612;-2.50674;
-3.9779;-1.61077;-4.31915;-1.18551;-2.50712;
-4.13893;-1.61026;-4.43777;-1.1862;-2.50669;
-4.29982;-1.60894;-4.55657;-1.18798;-2.50558;
-4.46051;-1.60691;-4.67564;-1.19073;-2.50387;
-4.62094;-1.60423;-4.79508;-1.19435;-2.50162;
-4.78103;-1.60094;-4.91495;-1.19876;-2.49887;
-4.94074;-1.5971;-5.03534;-1.20387;-2.49567;
-5.10001;-1.59274;-5.1563;-1.20964;-2.49206;
-5.25881;-1.58796;-5.2779;-1.21592;-2.48811;
-5.41712;-1.58308;-5.40012;-1.22226;-2.48411;
-5.575;-1.57884;-5.5229;-1.22773;-2.48065;
-5.7326;-1.57594;-5.64604;-1.23144;-2.4783;
-5.89;-1.574;-5.76943;-1.23391;-2.47673;
-6.04714;-1.57141;-5.89315;-1.23721;-2.47463;
-6.20381;-1.56673;-6.01747;-1.24315;-2.47084;
-6.35975;-1.55937;-6.14271;-1.25239;-2.46494;
-6.51477;-1.5502;-6.26908;-1.26376;-2.45764;
-6.66898;-1.54213;-6.39644;-1.27357;-2.45129;
-6.82284;-1.53855;-6.52422;-1.27785;-2.4485;
-6.97682;-1.53987;-6.65185;-1.27625;-2.44953;
-7.13118;-1.5436;-6.77902;-1.27175;-2.45246;
-7.28593;-1.54744;-6.90573;-1.26707;-2.45548;
-7.441;-1.5507;-7.03204;-1.26307;-2.45806;
-7.59639;-1.5539;-7.15795;-1.25913;-2.4606;
-7.75218;-1.55798;-7.28336;-1.25409;-2.46384;
-7.90854;-1.56359;-7.40807;-1.2471;-2.46832;
-8.06562;-1.57079;-7.53188;-1.23805;-2.47411;
-8.22353;-1.5791;-7.65462;-1.22745;-2.48084;
-8.38231;-1.5878;-7.77624;-1.21618;-2.48796;
-8.54193;-1.59619;-7.89675;-1.20515;-2.49489;
-8.70231;-1.60376;-8.01626;-1.19504;-2.5012;
-8.86333;-1.61022;-8.13489;-1.18631;-2.50663;
-9.02488;-1.61548;-8.2528;-1.17911;-2.51109;
-9.18684;-1.61961;-8.37014;-1.17342;-2.51461;
-9.34911;-1.62273;-8.48705;-1.16909;-2.51727;
-9.51161;-1.62501;-8.60364;-1.16591;-2.51923;
-9.67427;-1.62663;-8.72001;-1.16365;-2.52063;
-9.83705;-1.62775;-8.83621;-1.16208;-2.52159;
-9.9999;-1.62849;-8.95232;-1.16104;-2.52223;
-10.1628;-1.62897;-9.06835;-1.16037;-2.52264;
-10.3257;-1.62927;-9.18435;-1.15995;-2.52289;
-10.4887;-1.62944;-9.30032;-1.15971;-2.52304;
-10.6516;-1.62952;-9.41628;-1.15959;-2.52312;
-10.8146;-1.62956;-9.53223;-1.15954;-2.52315;
-10.9775;-1.62957;-9.64819;-1.15953;-2.52315;
-11.1405;-1.62955;-9.76414;-1.15955;-2.52314;
-11.3034;-1.62953;-9.8801;-1.15958;-2.52312;
-11.4664;-1.62951;-9.99606;-1.15962;-2.5231;
-11.6293;-1.62948;-10.112;-1.15965;-2.52308;
-11.7923;-1.62946;-10.228;-1.15969;-2.52306;
-11.9552;-1.62943;-10.344;-1.15972;-2.52304;
-12.1182;-1.62941;-10.4599;-1.15975;-2.52302;
-12.2811;-1.6294;-10.5759;-1.15977;-2.52301;
-12.444;-1.62939;-10.6919;-1.15979;-2.523;
-12.607;-1.62938;-10.8079;-1.1598;-2.52299;
-12.7699;-1.62937;-10.9239;-1.15981;-2.52298;
-12.9329;-1.62936;-11.0398;-1.15982;-2.52298;
-13.0958;-1.62936;-11.1558;-1.15982;-2.52297;
-13.2587;-1.62935;-11.2718;-1.15983;-2.52297;
-13.4217;-1.62935;-11.3878;-1.15984;-2.52296;
-13.5846;-1.62933;-11.5038;-1.15987;-2.52295;
-13.7475;-1.6293;-11.6198;-1.15991;-2.52292;
-13.9105;-1.62924;-11.7358;-1.15998;-2.52287;
-14.0734;-1.62916;-11.8518;-1.1601;-2.5228;
-14.2363;-1.62902;-11.9678;-1.16029;-2.52268;
-14.3992;-1.62883;-12.0839;-1.16057;-2.52251;
-14.562;-1.62854;-12.2;-1.16098;-2.52226;
-14.7248;-1.62813;-12.3161;-1.16154;-2.52192;
-14.8876;-1.62759;-12.4323;-1.16231;-2.52145;
-15.0503;-1.62687;-12.5487;-1.16332;-2.52083;
-15.2129;-1.62595;-12.6651;-1.1646;-2.52004;
-15.3753;-1.62482;-12.7818;-1.16617;-2.51907;
-15.5377;-1.62348;-12.8986;-1.16805;-2.51792;
-15.6999;-1.62192;-13.0156;-1.1702;-2.51659;
-15.8619;-1.6202;-13.1328;-1.17259;-2.51511;
-16.0237;-1.61833;-13.2504;-1.17517;-2.51352;
-16.1854;-1.61638;-13.3681;-1.17784;-2.51187;
-16.3468;-1.61441;-13.4862;-1.18054;-2.5102;
-16.5081;-1.61247;-13.6045;-1.18319;-2.50856;
-16.6691;-1.61061;-13.7231;-1.18572;-2.50699;
-16.83;-1.60888;-13.8419;-1.18807;-2.50553;
-16.9907;-1.60729;-13.9609;-1.19022;-2.50419;
-17.1513;-1.60588;-14.0801;-1.19213;-2.503;
-17.3118;-1.60463;-14.1995;-1.1938;-2.50196;
-17.4721;-1.60356;-14.319;-1.19524;-2.50106;
-17.6324;-1.60265;-14.4387;-1.19646;-2.5003;
-17.7926;-1.60188;-14.5584;-1.19749;-2.49966;
-17.9527;-1.60125;-14.6783;-1.19833;-2.49913;
-18.1128;-1.60073;-14.7982;-1.19902;-2.4987;
-18.2728;-1.60031;-14.9181;-1.19958;-2.49835;
-18.4328;-1.59998;-15.0381;-1.20003;-2.49807;
-18.5928;-1.59971;-15.1582;-1.20038;-2.49785;
-18.7527;-1.5995;-15.2782;-1.20066;-2.49768;
-18.9127;-1.59934;-15.3983;-1.20088;-2.49754;
-19.0726;-1.59921;-15.5184;-1.20105;-2.49743;
-19.2325;-1.59911;-15.6385;-1.20118;-2.49735;
-19.3924;-1.59904;-15.7587;-1.20128;-2.49729;
-19.5523;-1.59898;-15.8788;-1.20135;-2.49725;
-19.7122;-1.59894;-15.9989;-1.20141;-2.49721;
-19.8721;-1.59892;-16.1191;-1.20144;-2.49719;
-20.032;-1.5989;-16.2392;-1.20147;-2.49717;
-20.1919;-1.59888;-16.3594;-1.20149;-2.49716;
-20.3518;-1.59888;-16.4795;-1.2015;-2.49716;
-20.5117;-1.59887;-16.5997;-1.2015;-2.49715;
-20.6715;-1.59887;-16.7198;-1.2015;-2.49715;
-20.8314;-1.59887;-16.84;-1.2015;-2.49715;
-20.9913;-1.59888;-16.9601;-1.2015;-2.49716;
-21.1512;-1.59888;-17.0803;-1.20149;-2.49716;
-21.3111;-1.59889;-17.2004;-1.20148;-2.49716;
-21.471;-1.59889;-17.3206;-1.20148;-2.49717;
-21.6309;-1.5989;-17.4407;-1.20147;-2.49717;
-21.7908;-1.5989;-17.5609;-1.20146;-2.49718;
-21.9507;-1.59891;-17.681;-1.20146;-2.49718;
-22.1105;-1.59891;-17.8012;-1.20145;-2.49718;
-22.2704;-1.59892;-17.9213;-1.20144;-2.49719;
-22.4303;-1.59892;-18.0414;-1.20143;-2.49719;
-22.5902;-1.59893;-18.1616;-1.20143;-2.4972;
-22.7501;-1.59894;-18.2817;-1.20141;-2.49721;
-22.91;-1.59895;-18.4019;-1.2014;-2.49722;
-23.0699;-1.59896;-18.522;-1.20138;-2.49723;
-23.2298;-1.59898;-18.6421;-1.20136;-2.49724;
-23.3897;-1.599;-18.7623;-1.20134;-2.49726;
-23.5496;-1.59902;-18.8824;-1.2013;-2.49728;
-23.7095;-1.59906;-19.0025;-1.20125;-2.49731;
-23.8694;-1.5991;-19.1227;-1.2012;-2.49734;
-24.0293;-1.59916;-19.2428;-1.20112;-2.49739;
-24.1893;-1.59923;-19.3629;-1.20103;-2.49745;
-24.3492;-1.59932;-19.483;-1.20091;-2.49752;
-24.5091;-1.59942;-19.603;-1.20077;-2.49761;
-24.6691;-1.59956;-19.7231;-1.20059;-2.49772;
-24.8291;-1.59973;-19.8431;-1.20037;-2.49786;
-24.9891;-1.59993;-19.9631;-1.2001;-2.49803;
-25.1491;-1.60017;-20.0831;-1.19978;-2.49823;
-25.3091;-1.60045;-20.2031;-1.19939;-2.49847;
-25.4692;-1.60079;-20.323;-1.19894;-2.49875;
-25.6293;-1.60118;-20.4428;-1.19842;-2.49908;
-25.7895;-1.60164;-20.5626;-1.19781;-2.49946;
-25.9497;-1.60215;-20.6823;-1.19713;-2.49989;
-26.11;-1.60273;-20.8019;-1.19636;-2.50037;
-26.2703;-1.60336;-20.9215;-1.1955;-2.5009;
-26.4307;-1.60406;-21.0409;-1.19457;-2.50148;
-26.5912;-1.60481;-21.1603;-1.19357;-2.50211;
-26.7518;-1.6056;-21.2795;-1.1925;-2.50277;
-26.9124;-1.60643;-21.3987;-1.19138;-2.50347;
-27.0731;-1.60728;-21.5177;-1.19023;-2.50418;
-27.2339;-1.60814;-21.6366;-1.18907;-2.50491;
-27.3948;-1.60901;-21.7554;-1.18789;-2.50564;
-27.5558;-1.60987;-21.8741;-1.18673;-2.50636;
-27.7169;-1.6107;-21.9926;-1.1856;-2.50706;
-27.878;-1.6115;-22.1111;-1.18451;-2.50774;
-28.0393;-1.61227;-22.2294;-1.18347;-2.50839;
-28.2006;-1.61299;-22.3477;-1.18248;-2.509;
-28.3619;-1.61366;-22.4658;-1.18157;-2.50956;
-28.5234;-1.61428;-22.5839;-1.18072;-2.51009;
-28.6848;-1.61485;-22.7019;-1.17995;-2.51057;
-28.8464;-1.61535;-22.8198;-1.17926;-2.51099;
-29.008;-1.61573;-22.9377;-1.17873;-2.51132;
-29.1695;-1.61589;-23.0556;-1.17851;-2.51146;
-29.3311;-1.61577;-23.1734;-1.17868;-2.51135;
-29.4927;-1.6156;-23.2913;-1.17891;-2.51121;
-29.6543;-1.61569;-23.4092;-1.17879;-2.51128;
-29.8158;-1.61595;-23.527;-1.17843;-2.51151;
-29.9775;-1.61611;-23.6449;-1.17821;-2.51164;

29.8609;-1.61615;-23.7627;-1.17816;-2.51168;
29.6991;-1.61798;-23.8802;-1.17565;-2.51323;
29.5372;-1.61895;-23.9977;-1.17431;-2.51405;
29.3753;-1.61922;-24.1151;-1.17393;-2.51429;
29.2134;-1.61911;-24.2325;-1.17409;-2.51419;
29.0515;-1.61885;-24.3499;-1.17445;-2.51396;
28.8897;-1.61858;-24.4674;-1.17483;-2.51373;
28.7278;-1.61836;-24.5849;-1.17512;-2.51355;
28.566;-1.61823;-24.7024;-1.1753;-2.51344;
28.4042;-1.61816;-24.82;-1.1754;-2.51338;
28.2424;-1.61814;-24.9375;-1.17543;-2.51336;
28.0806;-1.61815;-25.0551;-1.17541;-2.51337;
27.9187;-1.61818;-25.1726;-1.17538;-2.51339;
27.7569;-1.61821;-25.2901;-1.17533;-2.51342;
27.5951;-1.61824;-25.4077;-1.17528;-2.51345;
27.4333;-1.61827;-25.5252;-1.17524;-2.51348;
27.2714;-1.6183;-25.6427;-1.1752;-2.5135;
27.1096;-1.61832;-25.7602;-1.17518;-2.51352;
26.9478;-1.61834;-25.8777;-1.17515;-2.51353;
26.7859;-1.61835;-25.9953;-1.17514;-2.51354;
26.6241;-1.61836;-26.1128;-1.17512;-2.51355;
26.4623;-1.61837;-26.2303;-1.17511;-2.51356;
26.3004;-1.61837;-26.3478;-1.1751;-2.51356;
26.1386;-1.61838;-26.4653;-1.1751;-2.51357;
25.9767;-1.61838;-26.5828;-1.17509;-2.51357;
25.8149;-1.61838;-26.7003;-1.17509;-2.51357;
25.6531;-1.61838;-26.8178;-1.17509;-2.51357;
25.4912;-1.61838;-26.9353;-1.17509;-2.51357;
25.3294;-1.61839;-27.0528;-1.17509;-2.51357;
25.1676;-1.61838;-27.1703;-1.17509;-2.51357;
25.0057;-1.61838;-27.2879;-1.17509;-2.51357;
24.8439;-1.61838;-27.4054;-1.17509;-2.51357;
24.682;-1.61838;-27.5229;-1.17509;-2.51357;
24.5202;-1.61838;-27.6404;-1.1751;-2.51357;
24.3584;-1.61837;-27.7579;-1.1751;-2.51356;
24.1965;-1.61837;-27.8754;-1.17511;-2.51356;
24.0347;-1.61836;-27.9929;-1.17512;-2.51355;
23.8729;-1.61835;-28.1104;-1.17513;-2.51355;
23.711;-1.61834;-28.2279;-1.17515;-2.51354;
23.5492;-1.61833;-28.3455;-1.17517;-2.51352;
23.3874;-1.61831;-28.463;-1.17519;-2.51351;
23.2255;-1.61829;-28.5805;-1.17522;-2.51349;
23.0637;-1.61826;-28.698;-1.17525;-2.51347;
22.9019;-1.61823;-28.8156;-1.1753;-2.51344;
22.7401;-1.6182;-28.9331;-1.17535;-2.51341;
22.5782;-1.61815;-29.0506;-1.17541;-2.51337;
22.4164;-1.61812;-29.1682;-1.17545;-2.51335;
22.2546;-1.61816;-29.2857;-1.17539;-2.51338;
22.0928;-1.61847;-29.4032;-1.17497;-2.51364;
21.9308;-1.61923;-29.5206;-1.17393;-2.51429;
21.7688;-1.62025;-29.6379;-1.17252;-2.51516;
21.6067;-1.62101;-29.755;-1.17146;-2.51581;
21.4446;-1.62129;-29.8721;-1.17107;-2.51605;
21.2825;-1.62132;-29.9892;-1.17104;-2.51607;

21.1203;-1.62131;29.8937;-1.17104;-2.51607;
20.9588;-1.61558;29.7758;-1.17897;-2.51118;
20.7975;-1.61314;29.6576;-1.18229;-2.50912;
20.6362;-1.61265;29.5393;-1.18294;-2.50871;
20.4749;-1.61307;29.421;-1.18237;-2.50906;
20.3135;-1.61372;29.3029;-1.18148;-2.50962;
20.1521;-1.61427;29.1848;-1.18073;-2.51008;
19.9906;-1.61457;29.0668;-1.18032;-2.51033;
19.8292;-1.61461;28.9487;-1.18028;-2.51036;
19.6677;-1.61442;28.8307;-1.18053;-2.5102;
19.5063;-1.61406;28.7126;-1.18102;-2.5099;
19.345;-1.61359;28.5944;-1.18167;-2.5095;
19.1837;-1.61305;28.4762;-1.1824;-2.50905;
19.0224;-1.61247;28.3579;-1.18319;-2.50856;
18.8612;-1.61188;28.2395;-1.18399;-2.50806;
18.7001;-1.6113;28.121;-1.18479;-2.50756;
18.539;-1.61072;28.0024;-1.18557;-2.50708;
18.378;-1.61018;27.8838;-1.1863;-2.50662;
18.217;-1.60969;27.7651;-1.18697;-2.50621;
18.0561;-1.60928;27.6463;-1.18753;-2.50586;
17.8952;-1.60902;27.5276;-1.18788;-2.50565;
17.7343;-1.60902;27.4088;-1.18788;-2.50565;
17.5734;-1.60948;27.29;-1.18726;-2.50603;
17.4123;-1.61072;27.1715;-1.18558;-2.50708;
17.251;-1.61329;27.0533;-1.18208;-2.50925;
17.0891;-1.6181;26.9357;-1.1755;-2.51332;
16.9265;-1.62655;26.8193;-1.16385;-2.52052;
16.7625;-1.64018;26.7049;-1.14471;-2.53227;
16.5966;-1.65862;26.5931;-1.11805;-2.54847;
16.4292;-1.67428;26.4836;-1.09435;-2.56267;
16.2629;-1.66268;26.3725;-1.11172;-2.55223;
16.1051;-1.57799;26.2486;-1.23819;-2.47627;
15.9643;-1.40819;26.1041;-1.44522;-2.34322;
15.8442;-1.20092;25.9419;-1.62228;-2.20804;
15.7397;-1.04469;25.7704;-1.71502;-2.11791;
15.6406;-0.991207;25.5966;-1.73805;-2.08909;
15.5412;-0.994352;25.423;-1.7353;-2.09114;
15.4287;-1.12462;25.257;-1.66065;-2.16607;
15.2864;-1.42316;25.1118;-1.45168;-2.34627;
15.1063;-1.80056;25.0083;-1.0356;-2.61964;
14.9032;-2.0313;24.9603;-0.479717;-2.90968;
14.7128;-1.90453;24.8966;-0.637198;-2.81873;
14.5287;-1.84036;24.8163;-0.802861;-2.73023;
14.3545;-1.74208;24.7154;-1.00848;-2.61684;
14.1912;-1.63355;24.5984;-1.17015;-2.51999;
14.0404;-1.50713;24.4654;-1.33047;-2.41837;
13.9016;-1.38877;24.3205;-1.44888;-2.33501;
13.7749;-1.26712;24.1649;-1.55583;-2.25428;
13.6584;-1.16424;24.0018;-1.63118;-2.19069;
13.5519;-1.06548;23.8321;-1.6967;-2.13153;
13.4531;-0.987831;23.658;-1.74132;-2.08682;
13.3616;-0.915393;23.48;-1.78011;-2.04577;
13.2754;-0.862125;23.2994;-1.80561;-2.01626;
13.1941;-0.812207;23.1166;-1.82848;-1.98881;
13.1163;-0.778245;22.9323;-1.84274;-1.9704;
13.0418;-0.745169;22.7466;-1.85634;-1.95252;
12.9693;-0.724975;22.5602;-1.8641;-1.94171;
12.8989;-0.70367;22.373;-1.87226;-1.9303;
12.8297;-0.692694;22.1854;-1.87625;-1.92446;
12.7617;-0.679273;21.9973;-1.88117;-1.91732;
12.6943;-0.67401;21.809;-1.88301;-1.91453;
12.6278;-0.665363;21.6204;-1.8861;-1.90994;
12.5615;-0.66262;21.4317;-1.88705;-1.90849;
12.496;-0.655507;21.2427;-1.88954;-1.90472;
12.4308;-0.651783;21.0536;-1.89082;-1.90275;
12.3665;-0.643256;20.8642;-1.89375;-1.89824;
12.3028;-0.63718;20.6747;-1.8958;-1.89504;
12.2398;-0.629433;20.4848;-1.89839;-1.89095;
12.177;-0.628061;20.2949;-1.89883;-1.89023;
12.1137;-0.633025;20.1052;-1.89718;-1.89285;
12.0487;-0.650344;19.9161;-1.8914;-1.90198;
11.9808;-0.678678;19.7279;-1.88157;-1.91697;
11.9091;-0.717021;19.5412;-1.8675;-1.93739;
11.8332;-0.759104;19.3561;-1.85089;-1.96;
11.7533;-0.798584;19.1727;-1.83415;-1.98144;
