#1 AntPos X	#2 AntVel X	#3 AntPos Y	#4 AntVel Y	#5 AntAngle	
-6.24261;-1.79625;-0.527684;0.879489;2.68628;
-6.42223;-1.79625;-0.439736;0.879489;2.68628;
-6.60185;-1.79625;-0.351787;0.879489;2.68628;
-6.78148;-1.79625;-0.263838;0.879489;2.68628;
-6.9611;-1.79625;-0.175889;0.879489;2.68628;
-7.14073;-1.79625;-0.0879398;0.879489;2.68628;
-7.32035;-1.79625;9.18766e-06;0.879489;2.68628;
-7.49998;-1.79625;0.0879581;0.879489;2.68628;
-7.6796;-1.79625;0.175907;0.879489;2.68628;
-7.85923;-1.79625;0.263856;0.879489;2.68628;
-8.03885;-1.79625;0.351805;0.879489;2.68628;
-8.21848;-1.79625;0.439754;0.879489;2.68628;
-8.3981;-1.79625;0.527703;0.879489;2.68628;
-8.57772;-1.79625;0.615652;0.879489;2.68628;
-8.75735;-1.79625;0.703601;0.879489;2.68628;
-8.93697;-1.79625;0.79155;0.879489;2.68628;
-9.1166;-1.79625;0.879499;0.879489;2.68628;
-9.29622;-1.79625;0.967448;0.87949;2.68628;
-9.43898;-1.42756;1.1307;1.63248;2.28933;
-9.57062;-1.31638;1.28127;1.5057;2.28921;
-9.70226;-1.31638;1.43184;1.5057;2.28921;
-9.8339;-1.3164;1.5824;1.50569;2.28922;
-9.96574;-1.31843;1.7328;1.50391;2.29057;
-10.166;-2.00262;1.82321;0.904101;2.71753;
-10.3819;-2.15925;1.83098;0.0777938;3.10558;
-10.5818;-1.9987;1.83819;0.0720093;3.10558;
-10.7817;-1.9987;1.84539;0.0720089;3.10558;
-10.9815;-1.9987;1.85259;0.0720085;3.10558;
-11.1814;-1.9987;1.85979;0.0720082;3.10558;
-11.3813;-1.9987;1.86699;0.072008;3.10558;
-11.5811;-1.9987;1.87419;0.0720078;3.10558;
-11.781;-1.9987;1.88139;0.0720078;3.10558;
-11.9809;-1.9987;1.88859;0.0720077;3.10558;
-12.1808;-1.9987;1.89579;0.0720077;3.10558;
-12.3806;-1.9987;1.90299;0.0720077;3.10558;
-12.5805;-1.9987;1.9102;0.07204;3.10556;
-12.7803;-1.99754;1.92063;0.104335;3.08941;
-12.9773;-1.97028;1.98275;0.621211;2.83617;
-13.1663;-1.89009;2.04839;0.656419;2.80733;
-13.3465;-1.80168;2.13924;0.908444;2.67457;
-13.5195;-1.73047;2.24026;1.01024;2.61317;
-13.6855;-1.65962;2.35267;1.12411;2.54624;
-13.8476;-1.62153;2.46991;1.17235;2.5156;
-14.0094;-1.6183;2.58743;1.17522;2.51349;
-14.1713;-1.61829;2.70495;1.17522;2.51349;
-14.3331;-1.61829;2.82247;1.17522;2.51349;
-14.4949;-1.61829;2.94;1.17522;2.51349;
-14.6568;-1.61829;3.05752;1.17522;2.51349;
-14.8186;-1.61829;3.17504;1.17522;2.51349;
-14.9804;-1.61829;3.29256;1.17522;2.51349;
-15.1423;-1.61829;3.41008;1.17522;2.51349;
-15.3041;-1.61829;3.52761;1.17522;2.51349;
-15.4659;-1.61829;3.64513;1.17522;2.51349;
-15.6277;-1.61829;3.76265;1.17522;2.51349;
-15.7896;-1.61829;3.88017;1.17522;2.51349;
-15.9514;-1.61829;3.99769;1.17522;2.51349;
-16.1132;-1.61829;4.11522;1.17522;2.51349;
-16.2751;-1.61829;4.23274;1.17522;2.51349;
-16.4369;-1.61829;4.35026;1.17522;2.51349;
-16.5987;-1.61829;4.46778;1.17522;2.51349;
-16.7605;-1.61829;4.5853;1.17522;2.51349;
-16.9224;-1.61829;4.70283;1.17522;2.51349;
-17.0842;-1.61829;4.82035;1.17522;2.51349;
-17.246;-1.61829;4.93787;1.17522;2.51349;
-17.4079;-1.61829;5.05539;1.17522;2.51349;
-17.5697;-1.61829;5.17291;1.17522;2.51349;
-17.7315;-1.61829;5.29044;1.17522;2.51349;
-17.8933;-1.61829;5.40796;1.17522;2.51349;
-18.0552;-1.61829;5.52548;1.17522;2.51349;
-18.217;-1.61829;5.643;1.17522;2.51349;
-18.3788;-1.61829;5.76052;1.17522;2.51349;
-18.5407;-1.61829;5.87805;1.17522;2.51349;
-18.7025;-1.61829;5.99557;1.17522;2.51349;
-18.8643;-1.61829;6.11309;1.17522;2.51349;
-19.0261;-1.61829;6.23061;1.17522;2.51349;
-19.188;-1.61829;6.34813;1.17522;2.51349;
-19.3498;-1.61829;6.46566;1.17522;2.51349;
-19.5116;-1.61829;6.58318;1.17522;2.51349;
-19.6735;-1.61829;6.7007;1.17522;2.51349;
-19.8353;-1.61829;6.81822;1.17522;2.51349;
-19.9971;-1.61829;6.93574;1.17522;2.51349;
-20.1589;-1.61829;7.05327;1.17522;2.51349;
-20.3208;-1.61829;7.17079;1.17522;2.51349;
-20.4826;-1.61829;7.28831;1.17522;2.51349;
-20.6444;-1.61829;7.40583;1.17522;2.51349;
-20.8063;-1.61829;7.52336;1.17522;2.51349;
-20.9681;-1.61829;7.64088;1.17522;2.51349;
-21.1299;-1.61829;7.7584;1.17522;2.51349;
-21.2917;-1.61829;7.87592;1.17522;2.51349;
-21.4536;-1.61829;7.99344;1.17522;2.51349;
-21.6154;-1.61829;8.11097;1.17522;2.51349;
-21.7772;-1.61829;8.22849;1.17522;2.51349;
-21.9391;-1.61829;8.34601;1.17522;2.51349;
-22.1009;-1.61829;8.46353;1.17522;2.51349;
-22.2627;-1.61829;8.58105;1.17522;2.51349;
-22.4245;-1.61829;8.69858;1.17522;2.51349;
-22.5864;-1.61829;8.8161;1.17522;2.51349;
-22.7482;-1.61829;8.93362;1.17522;2.51349;
-22.91;-1.61829;9.05114;1.17522;2.51349;
-23.0719;-1.61829;9.16866;1.17522;2.51349;
-23.2337;-1.61829;9.28619;1.17522;2.51349;
-23.3955;-1.61829;9.40371;1.17522;2.51349;
-23.5574;-1.61829;9.52123;1.17522;2.51349;
-23.7192;-1.61829;9.63875;1.17522;2.51349;
-23.881;-1.61829;9.75627;1.17522;2.51349;
-24.0428;-1.61829;9.8738;1.17522;2.51349;
-24.2047;-1.61829;9.99132;1.17522;2.51349;
-24.3665;-1.61829;10.1088;1.17522;2.51349;
-24.5283;-1.61829;10.2264;1.17522;2.51349;
-24.6902;-1.61829;10.3439;1.17522;2.51349;
-24.852;-1.61829;10.4614;1.17522;2.51349;
-25.0138;-1.61829;10.5789;1.17522;2.51349;
-25.1756;-1.61829;10.6964;1.17522;2.51349;
-25.3375;-1.61829;10.814;1.17522;2.51349;
-25.4993;-1.61829;10.9315;1.17522;2.51349;
-25.6611;-1.61829;11.049;1.17522;2.51349;
-25.823;-1.61829;11.1665;1.17522;2.51349;
-25.9848;-1.61829;11.2841;1.17522;2.51349;
-26.1466;-1.61829;11.4016;1.17522;2.51349;
-26.3084;-1.61829;11.5191;1.17522;2.51349;
-26.4703;-1.61829;11.6366;1.17522;2.51349;
-26.6321;-1.61829;11.7541;1.17522;2.51349;
-26.7939;-1.61829;11.8717;1.17522;2.51349;
-26.9558;-1.61829;11.9892;1.17522;2.51349;
-27.1176;-1.61829;12.1067;1.17522;2.51349;
-27.2794;-1.61829;12.2242;1.17522;2.51349;
-27.4412;-1.61829;12.3418;1.17522;2.51349;
-27.6031;-1.61829;12.4593;1.17522;2.51349;
-27.7649;-1.61829;12.5768;1.17522;2.51349;
-27.9267;-1.61829;12.6943;1.17522;2.51349;
-28.0886;-1.61829;12.8118;1.17522;2.51349;
-28.2504;-1.61829;12.9294;1.17522;2.51349;
-28.4122;-1.61829;13.0469;1.17522;2.51349;
-28.574;-1.61829;13.1644;1.17522;2.51349;
-28.7359;-1.61829;13.2819;1.17522;2.51349;
-28.8977;-1.61829;13.3995;1.17522;2.51349;
-29.0595;-1.61829;13.517;1.17522;2.51349;
-29.2214;-1.61829;13.6345;1.17522;2.51349;
-29.3832;-1.61829;13.752;1.17522;2.51349;
-29.545;-1.61829;13.8695;1.17522;2.51349;
-29.7068;-1.61829;13.9871;1.17522;2.51349;
-29.8687;-1.61829;14.1046;1.17522;2.51349;

29.9695;-1.61829;14.2221;1.17522;2.51349;
29.8077;-1.61829;14.3396;1.17522;2.51349;
29.6458;-1.61829;14.4572;1.17522;2.51349;
29.484;-1.61829;14.5747;1.17522;2.51349;
29.3222;-1.61829;14.6922;1.17522;2.51349;
29.1604;-1.61829;14.8097;1.17522;2.51349;
28.9985;-1.61829;14.9272;1.17522;2.51349;
28.8367;-1.61829;15.0448;1.17522;2.51349;
28.6749;-1.61829;15.1623;1.17522;2.51349;
28.513;-1.61829;15.2798;1.17522;2.51349;
28.3512;-1.61829;15.3973;1.17522;2.51349;
28.1894;-1.61829;15.5149;1.17522;2.51349;
28.0275;-1.61829;15.6324;1.17522;2.51349;
27.8657;-1.61829;15.7499;1.17522;2.51349;
27.7039;-1.61829;15.8674;1.17522;2.51349;
27.5421;-1.61829;15.9849;1.17522;2.51349;
27.3802;-1.61829;16.1025;1.17522;2.51349;
27.2184;-1.61829;16.22;1.17522;2.51349;
27.0566;-1.61829;16.3375;1.17522;2.51349;
26.8947;-1.61829;16.455;1.17522;2.51349;
26.7329;-1.61829;16.5726;1.17522;2.51349;
26.5711;-1.61829;16.6901;1.17522;2.51349;
26.4093;-1.61829;16.8076;1.17522;2.51349;
26.2474;-1.61829;16.9251;1.17522;2.51349;
26.0856;-1.61829;17.0426;1.17522;2.51349;
25.9238;-1.61829;17.1602;1.17522;2.51349;
25.7619;-1.61829;17.2777;1.17522;2.51349;
25.6001;-1.61829;17.3952;1.17522;2.51349;
25.4383;-1.61829;17.5127;1.17522;2.51349;
25.2765;-1.61829;17.6302;1.17522;2.51349;
25.1146;-1.61829;17.7478;1.17522;2.51349;
24.9528;-1.61829;17.8653;1.17522;2.51349;
24.791;-1.61829;17.9828;1.17522;2.51349;
24.6291;-1.61829;18.1003;1.17522;2.51349;
24.4673;-1.61829;18.2179;1.17522;2.51349;
24.3055;-1.61829;18.3354;1.17522;2.51349;
24.1437;-1.61829;18.4529;1.17522;2.51349;
23.9818;-1.61829;18.5704;1.17522;2.51349;
23.82;-1.61829;18.6879;1.17522;2.51349;
23.6582;-1.61829;18.8055;1.17522;2.51349;
23.4963;-1.61829;18.923;1.17522;2.51349;
23.3345;-1.61829;19.0405;1.17522;2.51349;
23.1727;-1.61829;19.158;1.17522;2.51349;
23.0109;-1.61829;19.2756;1.17522;2.51349;
22.849;-1.61829;19.3931;1.17522;2.51349;
22.6872;-1.61829;19.5106;1.17522;2.51349;
22.5254;-1.61829;19.6281;1.17522;2.51349;
22.3635;-1.61829;19.7456;1.17522;2.51349;
22.2017;-1.61829;19.8632;1.17522;2.51349;
22.0399;-1.61829;19.9807;1.17522;2.51349;
21.8781;-1.61829;20.0982;1.17522;2.51349;
21.7162;-1.61829;20.2157;1.17522;2.51349;
21.5544;-1.61829;20.3333;1.17522;2.51349;
21.3926;-1.61829;20.4508;1.17522;2.51349;
21.2307;-1.61829;20.5683;1.17522;2.51349;
21.0689;-1.61829;20.6858;1.17522;2.51349;
20.9071;-1.61829;20.8033;1.17522;2.51349;
20.7453;-1.61829;20.9209;1.17522;2.51349;
20.5834;-1.61829;21.0384;1.17522;2.51349;
20.4216;-1.61829;21.1559;1.17522;2.51349;
20.2598;-1.61829;21.2734;1.17522;2.51349;
20.0979;-1.61829;21.391;1.17522;2.51349;
19.9361;-1.61829;21.5085;1.17522;2.51349;
19.7743;-1.61829;21.626;1.17522;2.51349;
19.6124;-1.61829;21.7435;1.17522;2.51349;
19.4506;-1.61829;21.861;1.17522;2.51349;
19.2888;-1.61829;21.9786;1.17522;2.51349;
19.127;-1.61829;22.0961;1.17522;2.51349;
18.9651;-1.61829;22.2136;1.17522;2.51349;
18.8033;-1.61829;22.3311;1.17522;2.51349;
18.6415;-1.61829;22.4487;1.17522;2.51349;
18.4796;-1.61829;22.5662;1.17522;2.51349;
18.3178;-1.61829;22.6837;1.17522;2.51349;
18.156;-1.61829;22.8012;1.17522;2.51349;
17.9942;-1.61829;22.9187;1.17522;2.51349;
17.8323;-1.61829;23.0363;1.17522;2.51349;
17.6705;-1.61829;23.1538;1.17522;2.51349;
17.5087;-1.61829;23.2713;1.17522;2.51349;
17.3468;-1.61829;23.3888;1.17522;2.51349;
17.185;-1.61829;23.5063;1.17522;2.51349;
17.0232;-1.61829;23.6239;1.17522;2.51349;
16.8614;-1.61829;23.7414;1.17522;2.51349;
16.6995;-1.61829;23.8589;1.17522;2.51349;
16.5377;-1.61829;23.9764;1.17522;2.51349;
16.3759;-1.61829;24.094;1.17522;2.51349;
16.214;-1.61829;24.2115;1.17522;2.51349;
16.0522;-1.61829;24.329;1.17522;2.51349;
15.8904;-1.61829;24.4465;1.17522;2.51349;
15.7286;-1.61829;24.564;1.17522;2.51349;
15.5667;-1.61829;24.6816;1.17522;2.51349;
15.4049;-1.61829;24.7991;1.17522;2.51349;
15.2431;-1.61829;24.9166;1.17522;2.51349;
15.0812;-1.61829;25.0341;1.17522;2.51349;
14.9113;-1.69939;25.1405;1.06355;2.58239;
14.6944;-2.16932;25.1709;0.303706;3.0025;
14.4849;-2.09474;25.1171;-0.537388;-2.89047;
14.2972;-1.87699;25.0439;-0.731934;-2.76978;
14.1296;-1.67635;24.9233;-1.20613;-2.5179;
13.9733;-1.56233;24.798;-1.25303;-2.46561;
13.8384;-1.34948;24.6466;-1.51404;-2.29879;
13.714;-1.24385;24.4896;-1.57047;-2.24065;
13.6029;-1.11135;24.3225;-1.6711;-2.15767;
13.5021;-1.0075;24.1493;-1.73187;-2.09768;
13.4099;-0.921763;23.9715;-1.77758;-2.04917;
13.3247;-0.852743;23.7904;-1.81071;-2.01093;
13.2448;-0.798236;23.607;-1.83477;-1.98116;
13.1693;-0.755826;23.4217;-1.85225;-1.95823;
13.0969;-0.72322;23.2352;-1.86499;-1.94073;
13.0271;-0.698391;23.0478;-1.87429;-1.92748;
12.9591;-0.679626;22.8597;-1.88109;-1.9175;
12.8926;-0.665526;22.6711;-1.88608;-1.91002;
12.8271;-0.654978;22.4821;-1.88974;-1.90444;
12.7624;-0.647115;22.2929;-1.89244;-1.90028;
12.6982;-0.641267;22.1034;-1.89442;-1.89719;
12.6345;-0.636927;21.9138;-1.89588;-1.8949;
12.5712;-0.633711;21.7241;-1.89695;-1.89321;
12.508;-0.63133;21.5344;-1.89774;-1.89195;
12.4451;-0.629569;21.3445;-1.89833;-1.89103;
12.3823;-0.628266;21.1547;-1.89876;-1.89034;
12.3195;-0.627304;20.9648;-1.89908;-1.88983;
12.2569;-0.626593;20.7748;-1.89931;-1.88946;
12.1943;-0.626052;20.5849;-1.89949;-1.88917;
12.1317;-0.625533;20.3949;-1.89966;-1.8889;
12.0693;-0.624355;20.2049;-1.90005;-1.88828;
12.0075;-0.617795;20.0147;-1.9022;-1.88483;
11.9492;-0.582864;19.8233;-1.91354;-1.86647;
11.9012;-0.480214;19.6289;-1.94445;-1.81292;
11.8658;-0.354189;19.4316;-1.97262;-1.74846;
11.8265;-0.392351;19.2355;-1.96154;-1.76821;
11.768;-0.585123;19.0432;-1.92258;-1.86623;
11.6894;-0.786079;18.8581;-1.85134;-1.97233;
11.5971;-0.922988;18.68;-1.78092;-2.04895;
11.4978;-0.992948;18.5062;-1.73803;-2.08985;
11.3974;-1.00379;18.3332;-1.72991;-2.09657;
11.2995;-0.979045;18.1588;-1.74422;-2.08228;
11.2052;-0.943564;17.9824;-1.7639;-2.062;
11.1144;-0.907464;17.8041;-1.78274;-2.04164;
11.027;-0.873889;17.6242;-1.79937;-2.02291;
10.9426;-0.844055;17.4428;-1.81347;-2.00641;
10.8608;-0.818389;17.2603;-1.82511;-1.99232;
10.7811;-0.796852;17.0769;-1.83455;-1.98057;
10.7032;-0.779136;16.8926;-1.8421;-1.97094;
10.6267;-0.764796;16.7078;-1.84806;-1.96317;
10.5514;-0.753349;16.5226;-1.85273;-1.95699;
10.477;-0.74433;16.3369;-1.85636;-1.95213;
10.4032;-0.737324;16.151;-1.85914;-1.94836;
10.33;-0.731988;15.9649;-1.86124;-1.9455;
10.2572;-0.728054;15.7786;-1.86278;-1.94338;
10.1847;-0.725334;15.5922;-1.86384;-1.94192;
10.1123;-0.723723;15.4058;-1.86446;-1.94106;
10.04;-0.723194;15.2193;-1.86467;-1.94078;
9.96762;-0.723796;15.0329;-1.86444;-1.9411;
9.89505;-0.725646;14.8465;-1.86372;-1.94209;
9.82216;-0.728913;14.6603;-1.86244;-1.94384;
9.74878;-0.733794;14.4742;-1.86053;-1.94647;
9.67473;-0.740473;14.2884;-1.85789;-1.95006;
9.59983;-0.749081;14.103;-1.85444;-1.95469;
9.52386;-0.759652;13.918;-1.85015;-1.9604;
9.44665;-0.772091;13.7335;-1.84501;-1.96713;
9.36804;-0.786163;13.5496;-1.83907;-1.97476;
9.28788;-0.801513;13.3663;-1.83245;-1.98312;
9.20611;-0.817698;13.1838;-1.82529;-1.99197;
9.12269;-0.834242;13.002;-1.81779;-2.00105;
9.03762;-0.850679;12.821;-1.81016;-2.01011;
8.95096;-0.866592;12.6407;-1.80259;-2.01892;
8.8628;-0.88164;12.4612;-1.79527;-2.02729;
8.77324;-0.895562;12.2824;-1.78835;-2.03506;
8.68242;-0.908176;12.1042;-1.78197;-2.04213;
8.59049;-0.919369;11.9265;-1.77621;-2.04843;
8.49758;-0.929081;11.7494;-1.77114;-2.0539;
8.40385;-0.937289;11.5727;-1.7668;-2.05855;
8.30945;-0.943993;11.3964;-1.76322;-2.06235;
8.21453;-0.949204;11.2204;-1.76041;-2.06531;
8.11924;-0.952935;11.0445;-1.75839;-2.06743;
8.02372;-0.955197;10.8688;-1.75716;-2.06872;
7.92812;-0.956;10.6932;-1.75672;-2.06917;
7.83258;-0.955354;10.5175;-1.75707;-2.0688;
7.73726;-0.953276;10.3416;-1.7582;-2.06762;
7.64228;-0.949799;10.1656;-1.76008;-2.06565;
7.54778;-0.94498;9.98936;-1.76268;-2.06291;
7.45389;-0.938904;9.81276;-1.76593;-2.05946;
7.36072;-0.931693;9.63579;-1.76975;-2.05538;
7.26837;-0.923502;9.45838;-1.77404;-2.05076;
7.17692;-0.914518;9.28051;-1.7787;-2.0457;
7.08642;-0.904955;9.10216;-1.78358;-2.04033;
6.99692;-0.895039;8.9233;-1.78858;-2.03478;
6.90842;-0.885004;8.74394;-1.79357;-2.02918;
6.82091;-0.875078;8.5641;-1.79843;-2.02365;
6.73436;-0.865477;8.38379;-1.80307;-2.01832;
6.64872;-0.856396;8.20305;-1.8074;-2.01329;
6.56392;-0.848008;8.02192;-1.81134;-2.00865;
6.47987;-0.840459;7.84043;-1.81485;-2.00449;
6.39649;-0.833872;7.65864;-1.81789;-2.00086;
6.31365;-0.828348;7.4766;-1.82041;-1.99783;
6.23126;-0.823964;7.29436;-1.82239;-1.99542;
6.14918;-0.820761;7.11198;-1.82383;-1.99367;
6.06731;-0.818734;6.92951;-1.82474;-1.99256;
5.98552;-0.817842;6.74699;-1.82514;-1.99207;
5.90372;-0.818028;6.56449;-1.82506;-1.99217;
5.8218;-0.819237;6.38203;-1.82451;-1.99283;
5.73965;-0.821407;6.19968;-1.82354;-1.99402;
5.65721;-0.824455;6.01746;-1.82216;-1.99569;
5.57438;-0.82828;5.83542;-1.82043;-1.99779;
5.49111;-0.832757;5.65358;-1.81839;-2.00025;
5.40733;-0.837753;5.47197;-1.81609;-2.003;
5.32302;-0.843123;5.29061;-1.81361;-2.00596;
5.23815;-0.848721;5.10951;-1.811;-2.00905;
5.15271;-0.854405;4.92868;-1.80832;-2.01219;
5.0667;-0.860036;4.74811;-1.80565;-2.01531;
4.98015;-0.865485;4.56781;-1.80305;-2.01833;
4.89309;-0.870638;4.38775;-1.80056;-2.02119;
4.80555;-0.875399;4.20793;-1.79825;-2.02383;
4.71758;-0.879732;4.02832;-1.79613;-2.02624;
4.62919;-0.883814;3.8489;-1.79413;-2.02852;
4.54035;-0.888469;3.66972;-1.79183;-2.03111;
4.45076;-0.895869;3.4909;-1.78815;-2.03525;
4.35992;-0.908435;3.31272;-1.78184;-2.04228;
4.26852;-0.914006;3.13483;-1.77894;-2.04542;
4.17988;-0.886363;2.95551;-1.79313;-2.02988;
4.09492;-0.849585;2.77441;-1.81104;-2.00943;
4.01276;-0.821616;2.59204;-1.8237;-1.99408;
3.93221;-0.805497;2.40897;-1.83071;-1.9853;
3.85008;-0.821298;2.2266;-1.82367;-1.99394;
3.75843;-0.916476;2.04853;-1.78072;-2.04611;
3.64883;-1.09599;1.88;-1.68527;-2.1474;
3.52267;-1.26165;1.72348;-1.56524;-2.24921;
3.38632;-1.36346;1.5765;-1.46981;-2.31868;
3.2452;-1.4112;1.4346;-1.41893;-2.35346;
3.10186;-1.43342;1.29509;-1.39512;-2.36973;
2.95654;-1.45323;1.15765;-1.37439;-2.38407;
2.80849;-1.48049;1.02313;-1.34526;-2.40402;
2.65689;-1.51598;0.892565;-1.30561;-2.43061;
2.50178;-1.55107;0.766185;-1.26379;-2.4579;
2.3443;-1.57481;0.642838;-1.23347;-2.47715;
2.18571;-1.58589;0.520966;-1.21872;-2.48637;
2.02675;-1.5896;0.39959;-1.21376;-2.48947;
1.8677;-1.59051;0.278335;-1.21255;-2.49023;
1.70863;-1.59068;0.157103;-1.21232;-2.49037;
1.54956;-1.59071;0.0358741;-1.21229;-2.49039;
1.39049;-1.59071;-0.0853544;-1.21229;-2.49039;
1.23142;-1.59071;-0.206583;-1.21228;-2.49039;
1.07235;-1.59071;-0.327811;-1.21228;-2.49039;
0.913279;-1.59071;-0.44904;-1.21228;-2.49039;
0.754208;-1.59071;-0.570268;-1.21228;-2.49039;
0.595136;-1.59071;-0.691497;-1.21228;-2.49039;
0.436065;-1.59071;-0.812725;-1.21228;-2.49039;
0.276994;-1.59071;-0.933954;-1.21228;-2.49039;
0.117923;-1.59071;-1.05518;-1.21228;-2.49039;
-0.0411486;-1.59071;-1.17641;-1.21228;-2.49039;
-0.20022;-1.59071;-1.29764;-1.21229;-2.49039;
-0.359289;-1.59069;-1.41887;-1.21231;-2.49037;
-0.518326;-1.59037;-1.54014;-1.21273;-2.49011;
-0.677083;-1.58757;-1.66178;-1.2164;-2.4878;
-0.834414;-1.57331;-1.78529;-1.23501;-2.47608;
-0.987538;-1.53124;-1.91412;-1.28838;-2.44211;
-1.13349;-1.45949;-2.05131;-1.37186;-2.38713;
-1.2736;-1.40113;-2.19426;-1.42953;-2.34616;
-1.41466;-1.41062;-2.33605;-1.41788;-2.35363;
-1.56185;-1.47192;-2.47173;-1.35681;-2.39686;
-1.71505;-1.53199;-2.60062;-1.28889;-2.44216;
-1.87161;-1.56557;-2.7252;-1.24578;-2.46946;
-2.02936;-1.57753;-2.84815;-1.22955;-2.47953;
-2.18738;-1.58014;-2.97076;-1.22604;-2.48172;
-2.34542;-1.58048;-3.09332;-1.22559;-2.482;
-2.50348;-1.58051;-3.21587;-1.22555;-2.48202;
-2.66153;-1.58051;-3.33843;-1.22555;-2.48202;
-2.81958;-1.58051;-3.46098;-1.22555;-2.48202;
-2.97763;-1.58051;-3.58354;-1.22555;-2.48202;
-3.13568;-1.58051;-3.70609;-1.22555;-2.48202;
-3.29373;-1.58051;-3.82865;-1.22555;-2.48202;
-3.45178;-1.58051;-3.9512;-1.22555;-2.48202;
-3.60984;-1.58051;-4.07376;-1.22555;-2.48202;
-3.76789;-1.58051;-4.19631;-1.22555;-2.48202;
-3.92594;-1.58051;-4.31887;-1.22555;-2.48202;
-4.08399;-1.58051;-4.44142;-1.22555;-2.48202;
-4.24204;-1.58051;-4.56398;-1.22555;-2.48202;
-4.40009;-1.58051;-4.68653;-1.22555;-2.48202;
-4.55814;-1.58051;-4.80909;-1.22555;-2.48202;
-4.7162;-1.58051;-4.93164;-1.22555;-2.48202;
-4.87425;-1.58051;-5.0542;-1.22555;-2.48202;
-5.0323;-1.58051;-5.17675;-1.22555;-2.48202;
-5.19035;-1.58051;-5.29931;-1.22555;-2.48202;
-5.3484;-1.58051;-5.42186;-1.22555;-2.48203;
-5.50646;-1.58054;-5.54442;-1.22552;-2.48204;
-5.66454;-1.58082;-5.66693;-1.22516;-2.48227;
-5.82279;-1.58253;-5.78923;-1.22296;-2.48367;
-5.98147;-1.58678;-5.91097;-1.21745;-2.48715;
-6.14065;-1.59178;-6.03206;-1.21091;-2.49126;
-6.30036;-1.59711;-6.15245;-1.20388;-2.49567;
-6.46067;-1.60315;-6.27203;-1.19583;-2.50071;
-6.62152;-1.60852;-6.39089;-1.18859;-2.50521;
-6.78261;-1.61091;-6.50943;-1.18532;-2.50723;
-6.94375;-1.61132;-6.6279;-1.18475;-2.50759;
-7.10488;-1.61136;-6.74637;-1.18471;-2.50761;
-7.26602;-1.61136;-6.86484;-1.18471;-2.50762;
-7.42715;-1.61136;-6.98331;-1.18471;-2.50762;
-7.58829;-1.61136;-7.10178;-1.18471;-2.50762;
-7.74942;-1.61136;-7.22025;-1.18471;-2.50762;
-7.91056;-1.61136;-7.33873;-1.18471;-2.50762;
-8.0717;-1.61136;-7.4572;-1.18471;-2.50762;
-8.23283;-1.61136;-7.57567;-1.18471;-2.50762;
-8.39397;-1.61136;-7.69414;-1.18471;-2.50762;
-8.5551;-1.61136;-7.81261;-1.18471;-2.50762;
-8.71624;-1.61136;-7.93108;-1.18471;-2.50762;
-8.87737;-1.61136;-8.04955;-1.18471;-2.50762;
-9.03851;-1.61136;-8.16802;-1.18471;-2.50762;
-9.19965;-1.61136;-8.28649;-1.18471;-2.50762;
-9.36078;-1.61136;-8.40496;-1.18471;-2.50762;
-9.52192;-1.61136;-8.52343;-1.18471;-2.50762;
-9.68305;-1.61136;-8.6419;-1.18471;-2.50762;
-9.84419;-1.61136;-8.76037;-1.18471;-2.50762;
-10.0053;-1.61136;-8.87884;-1.18471;-2.50762;
-10.1665;-1.61136;-8.99732;-1.18471;-2.50762;
-10.3276;-1.61136;-9.11579;-1.18471;-2.50762;
-10.4887;-1.61136;-9.23426;-1.18471;-2.50762;
-10.6499;-1.61136;-9.35273;-1.18471;-2.50762;
-10.811;-1.61136;-9.4712;-1.18471;-2.50762;
-10.9721;-1.61136;-9.58967;-1.18471;-2.50762;
-11.1333;-1.61136;-9.70814;-1.18471;-2.50762;
-11.2944;-1.61136;-9.82661;-1.18471;-2.50762;
-11.4555;-1.61136;-9.94508;-1.18471;-2.50762;
-11.6167;-1.61136;-10.0636;-1.18471;-2.50762;
-11.7778;-1.61136;-10.182;-1.18471;-2.50762;
-11.939;-1.61136;-10.3005;-1.18471;-2.50762;
-12.1001;-1.61136;-10.419;-1.18471;-2.50762;
-12.2612;-1.61136;-10.5374;-1.18471;-2.50762;
-12.4224;-1.61136;-10.6559;-1.18471;-2.50762;
-12.5835;-1.61136;-10.7744;-1.18471;-2.50762;
-12.7446;-1.61136;-10.8928;-1.18471;-2.50762;
-12.9058;-1.61136;-11.0113;-1.18471;-2.50762;
-13.0669;-1.61136;-11.1298;-1.18471;-2.50762;
-13.228;-1.61136;-11.2483;-1.18471;-2.50762;
-13.3892;-1.61136;-11.3667;-1.18471;-2.50762;
-13.5503;-1.61136;-11.4852;-1.18471;-2.50762;
-13.7114;-1.61136;-11.6037;-1.18471;-2.50762;
-13.8726;-1.61136;-11.7221;-1.18471;-2.50762;
-14.0337;-1.61136;-11.8406;-1.18471;-2.50762;
-14.1948;-1.61136;-11.9591;-1.18471;-2.50762;
-14.356;-1.61136;-12.0776;-1.18471;-2.50762;
-14.5171;-1.61136;-12.196;-1.18471;-2.50762;
-14.6783;-1.61136;-12.3145;-1.18471;-2.50762;
-14.8394;-1.61136;-12.433;-1.18471;-2.50762;
-15.0005;-1.61136;-12.5514;-1.18471;-2.50762;
-15.1617;-1.61136;-12.6699;-1.18471;-2.50762;
-15.3228;-1.61136;-12.7884;-1.18471;-2.50762;
-15.4839;-1.61136;-12.9069;-1.18471;-2.50762;
-15.6451;-1.61136;-13.0253;-1.18471;-2.50762;
-15.8062;-1.61136;-13.1438;-1.18471;-2.50762;
-15.9673;-1.61136;-13.2623;-1.18471;-2.50762;
-16.1285;-1.61136;-13.3807;-1.18471;-2.50762;
-16.2896;-1.61136;-13.4992;-1.18471;-2.50762;
-16.4507;-1.61136;-13.6177;-1.18471;-2.50762;
-16.6119;-1.61136;-13.7361;-1.18471;-2.50762;
-16.773;-1.61136;-13.8546;-1.18471;-2.50762;
-16.9342;-1.61136;-13.9731;-1.18471;-2.50762;
-17.0953;-1.61136;-14.0916;-1.18471;-2.50762;
-17.2564;-1.61136;-14.21;-1.18471;-2.50762;
-17.4176;-1.61136;-14.3285;-1.18471;-2.50762;
-17.5787;-1.61136;-14.447;-1.18471;-2.50762;
-17.7398;-1.61136;-14.5654;-1.18471;-2.50762;
-17.901;-1.61136;-14.6839;-1.18471;-2.50762;
-18.0621;-1.61136;-14.8024;-1.18471;-2.50762;
-18.2232;-1.61136;-14.9209;-1.18471;-2.50762;
-18.3844;-1.61136;-15.0393;-1.18471;-2.50762;
-18.5455;-1.61136;-15.1578;-1.18471;-2.50762;
-18.7066;-1.61136;-15.2763;-1.18471;-2.50762;
-18.8678;-1.61136;-15.3947;-1.18471;-2.50762;
-19.0289;-1.61136;-15.5132;-1.18471;-2.50762;
-19.1901;-1.61136;-15.6317;-1.18471;-2.50762;
-19.3512;-1.61136;-15.7501;-1.18471;-2.50762;
-19.5123;-1.61136;-15.8686;-1.18471;-2.50762;
-19.6735;-1.61136;-15.9871;-1.18471;-2.50762;
-19.8346;-1.61136;-16.1056;-1.18471;-2.50762;
-19.9957;-1.61136;-16.224;-1.18471;-2.50762;
-20.1569;-1.61136;-16.3425;-1.18471;-2.50762;
-20.318;-1.61136;-16.461;-1.18471;-2.50762;
-20.4791;-1.61136;-16.5794;-1.18471;-2.50762;
-20.6403;-1.61136;-16.6979;-1.18471;-2.50762;
-20.8014;-1.61136;-16.8164;-1.18471;-2.50762;
-20.9625;-1.61136;-16.9349;-1.18471;-2.50762;
-21.1237;-1.61136;-17.0533;-1.18471;-2.50762;
-21.2848;-1.61136;-17.1718;-1.18471;-2.50762;
-21.446;-1.61136;-17.2903;-1.18471;-2.50762;
-21.6071;-1.61136;-17.4087;-1.18471;-2.50762;
-21.7682;-1.61136;-17.5272;-1.18471;-2.50762;
-21.9294;-1.61136;-17.6457;-1.18471;-2.50762;
-22.0905;-1.61136;-17.7642;-1.18471;-2.50762;
-22.2516;-1.61136;-17.8826;-1.18471;-2.50762;
-22.4128;-1.61136;-18.0011;-1.18471;-2.50762;
-22.5739;-1.61136;-18.1196;-1.18471;-2.50762;
-22.735;-1.61136;-18.238;-1.18471;-2.50762;
-22.8962;-1.61136;-18.3565;-1.18471;-2.50762;
-23.0573;-1.61136;-18.475;-1.18471;-2.50762;
-23.2184;-1.61136;-18.5934;-1.18471;-2.50762;
-23.3796;-1.61136;-18.7119;-1.18471;-2.50762;
-23.5407;-1.61136;-18.8304;-1.18471;-2.50762;
-23.7018;-1.61136;-18.9489;-1.18471;-2.50762;
-23.863;-1.61136;-19.0673;-1.18471;-2.50762;
-24.0241;-1.61136;-19.1858;-1.18471;-2.50762;
-24.1853;-1.61136;-19.3043;-1.18471;-2.50762;
-24.3464;-1.61136;-19.4227;-1.18471;-2.50762;
-24.5075;-1.61136;-19.5412;-1.18471;-2.50762;
-24.6687;-1.61136;-19.6597;-1.18471;-2.50762;
-24.8298;-1.61136;-19.7782;-1.18471;-2.50762;
-24.9909;-1.61136;-19.8966;-1.18471;-2.50762;
-25.1521;-1.61136;-20.0151;-1.18471;-2.50762;
-25.3132;-1.61136;-20.1336;-1.18471;-2.50762;
-25.4743;-1.61136;-20.252;-1.18471;-2.50762;
-25.6355;-1.61136;-20.3705;-1.18471;-2.50762;
-25.7966;-1.61136;-20.489;-1.18471;-2.50762;
-25.9577;-1.61136;-20.6074;-1.18471;-2.50762;
-26.1189;-1.61136;-20.7259;-1.18471;-2.50762;
-26.28;-1.61136;-20.8444;-1.18471;-2.50762;
-26.4412;-1.61136;-20.9629;-1.18471;-2.50762;
-26.6023;-1.61136;-21.0813;-1.18471;-2.50762;
-26.7634;-1.61136;-21.1998;-1.18471;-2.50762;
-26.9246;-1.61136;-21.3183;-1.18471;-2.50762;
-27.0857;-1.61136;-21.4367;-1.18471;-2.50762;
-27.2468;-1.61136;-21.5552;-1.18471;-2.50762;
-27.408;-1.61136;-21.6737;-1.18471;-2.50762;
-27.5691;-1.61136;-21.7922;-1.18471;-2.50762;
-27.7302;-1.61136;-21.9106;-1.18471;-2.50762;
-27.8914;-1.61136;-22.0291;-1.18471;-2.50762;
-28.0525;-1.61136;-22.1476;-1.18471;-2.50762;
-28.2136;-1.61136;-22.266;-1.18471;-2.50762;
-28.3748;-1.61136;-22.3845;-1.18471;-2.50762;
-28.5359;-1.61136;-22.503;-1.18471;-2.50762;
-28.6971;-1.61136;-22.6215;-1.18471;-2.50762;
-28.8582;-1.61136;-22.7399;-1.18471;-2.50762;
-29.0193;-1.61136;-22.8584;-1.18471;-2.50762;
-29.1805;-1.61136;-22.9769;-1.18471;-2.50762;
-29.3416;-1.61136;-23.0953;-1.18471;-2.50762;
-29.5027;-1.61136;-23.2138;-1.18471;-2.50762;
-29.6639;-1.61136;-23.3323;-1.18471;-2.50762;
-29.825;-1.61136;-23.4507;-1.18471;-2.50762;
-29.9861;-1.61136;-23.5692;-1.18471;-2.50762;

29.8527;-1.61136;-23.6877;-1.18471;-2.50762;
29.6916;-1.61136;-23.8062;-1.18471;-2.50762;
29.5305;-1.61136;-23.9246;-1.18471;-2.50762;
29.3693;-1.61136;-24.0431;-1.18471;-2.50762;
29.2082;-1.61136;-24.1616;-1.18471;-2.50762;
29.047;-1.61136;-24.28;-1.18471;-2.50762;
28.8859;-1.61136;-24.3985;-1.18471;-2.50762;
28.7248;-1.61136;-24.517;-1.18471;-2.50762;
28.5636;-1.61136;-24.6355;-1.18471;-2.50762;
28.4025;-1.61136;-24.7539;-1.18471;-2.50762;
28.2414;-1.61136;-24.8724;-1.18471;-2.50762;
28.0802;-1.61136;-24.9909;-1.18471;-2.50762;
27.9191;-1.61136;-25.1093;-1.18471;-2.50762;
27.758;-1.61136;-25.2278;-1.18471;-2.50762;
27.5968;-1.61136;-25.3463;-1.18471;-2.50762;
27.4357;-1.61136;-25.4647;-1.18471;-2.50762;
27.2746;-1.61136;-25.5832;-1.18471;-2.50762;
27.1134;-1.61136;-25.7017;-1.18471;-2.50762;
26.9523;-1.61136;-25.8202;-1.18471;-2.50762;
26.7911;-1.61136;-25.9386;-1.18471;-2.50762;
26.63;-1.61136;-26.0571;-1.18471;-2.50762;
26.4689;-1.61136;-26.1756;-1.18471;-2.50762;
26.3077;-1.61136;-26.294;-1.18471;-2.50762;
26.1466;-1.61136;-26.4125;-1.18471;-2.50762;
25.9855;-1.61136;-26.531;-1.18471;-2.50762;
25.8243;-1.61136;-26.6495;-1.18471;-2.50762;
25.6632;-1.61136;-26.7679;-1.18471;-2.50762;
25.5021;-1.61136;-26.8864;-1.18471;-2.50762;
25.3409;-1.61136;-27.0049;-1.18471;-2.50762;
25.1798;-1.61136;-27.1233;-1.18471;-2.50762;
25.0187;-1.61136;-27.2418;-1.18471;-2.50762;
24.8575;-1.61136;-27.3603;-1.18471;-2.50762;
24.6964;-1.61136;-27.4788;-1.18471;-2.50762;
24.5353;-1.61136;-27.5972;-1.18471;-2.50762;
24.3741;-1.61136;-27.7157;-1.18471;-2.50762;
24.213;-1.61136;-27.8342;-1.18471;-2.50762;
24.0518;-1.61136;-27.9526;-1.18471;-2.50762;
23.8907;-1.61136;-28.0711;-1.18471;-2.50762;
23.7296;-1.61136;-28.1896;-1.18471;-2.50762;
23.5684;-1.61136;-28.308;-1.18471;-2.50762;
23.4073;-1.61136;-28.4265;-1.18471;-2.50762;
23.2462;-1.61136;-28.545;-1.18471;-2.50762;
23.085;-1.61136;-28.6635;-1.18471;-2.50762;
22.9239;-1.61136;-28.7819;-1.18471;-2.50762;
22.7628;-1.61136;-28.9004;-1.18471;-2.50762;
22.6016;-1.61136;-29.0189;-1.18471;-2.50762;
22.4405;-1.61136;-29.1373;-1.18471;-2.50762;
22.2794;-1.61136;-29.2558;-1.18471;-2.50762;
22.1182;-1.61136;-29.3743;-1.18471;-2.50762;
21.9571;-1.61136;-29.4928;-1.18471;-2.50762;
21.7959;-1.61136;-29.6112;-1.18471;-2.50762;
21.6348;-1.61136;-29.7297;-1.18471;-2.50762;
21.4737;-1.61136;-29.8482;-1.18471;-2.50762;
21.3125;-1.61136;-29.9666;-1.18471;-2.50762;

21.1514;-1.61136;29.9149;-1.18471;-2.50762;
20.9903;-1.61136;29.7964;-1.18471;-2.50762;
20.8291;-1.61136;29.678;-1.18471;-2.50762;
20.668;-1.61136;29.5595;-1.18471;-2.50762;
20.5069;-1.61136;29.441;-1.18471;-2.50762;
20.3457;-1.61136;29.3225;-1.18471;-2.50762;
20.1846;-1.61136;29.2041;-1.18471;-2.50762;
20.0235;-1.61136;29.0856;-1.18471;-2.50762;
19.8623;-1.61136;28.9671;-1.18471;-2.50762;
19.7012;-1.61136;28.8487;-1.18471;-2.50762;
19.54;-1.61136;28.7302;-1.18471;-2.50762;
19.3789;-1.61136;28.6117;-1.18471;-2.50762;
19.2178;-1.61136;28.4932;-1.18471;-2.50762;
19.0566;-1.61136;28.3748;-1.18471;-2.50762;
18.8955;-1.61136;28.2563;-1.18471;-2.50762;
18.7344;-1.61136;28.1378;-1.18471;-2.50762;
18.5732;-1.61136;28.0194;-1.18471;-2.50762;
18.4121;-1.61136;27.9009;-1.18471;-2.50762;
18.251;-1.61136;27.7824;-1.18471;-2.50762;
18.0898;-1.61136;27.6639;-1.18471;-2.50762;
17.9287;-1.61136;27.5455;-1.18471;-2.50762;
17.7676;-1.61136;27.427;-1.18471;-2.50762;
17.6064;-1.61136;27.3085;-1.18471;-2.50762;
17.4453;-1.61136;27.1901;-1.18471;-2.50762;
17.2841;-1.61136;27.0716;-1.18471;-2.50762;
17.123;-1.61137;26.9531;-1.1847;-2.50762;
16.9619;-1.61141;26.8347;-1.18463;-2.50766;
16.8007;-1.61166;26.7162;-1.1843;-2.50787;
16.6394;-1.61276;26.598;-1.1828;-2.5088;
16.4777;-1.61698;26.4802;-1.17704;-2.51237;
16.3147;-1.63077;26.3644;-1.15808;-2.52409;
16.1478;-1.6682;26.2539;-1.10513;-2.5565;
15.9733;-1.74517;26.1552;-0.987043;-2.62686;
15.7919;-1.81427;26.0697;-0.854789;-2.70129;
15.6204;-1.71522;25.9645;-1.052;-2.59143;
15.4904;-1.29932;25.7939;-1.70688;-2.22144;
15.4346;-0.558827;25.585;-2.08814;-1.83229;
15.3315;-1.03054;25.4056;-1.79459;-2.09206;
15.2642;-0.673071;25.2136;-1.91979;-1.908;
15.1978;-0.663908;25.0249;-1.88659;-1.90917;
15.1106;-0.872241;24.8436;-1.81328;-2.01915;
14.9182;-1.92374;24.7142;-1.29398;-2.54947;
14.6619;-2.56351;24.737;0.227701;3.053;
14.4572;-2.0461;24.694;-0.430311;-2.93431;
14.2697;-1.87587;24.6141;-0.798246;-2.73927;
14.1005;-1.69155;24.5009;-1.13269;-2.55155;
13.9456;-1.54935;24.3728;-1.28078;-2.45081;
13.8135;-1.32028;24.2186;-1.54188;-2.27892;
13.6806;-1.32982;24.0692;-1.49433;-2.29801;
13.5857;-0.948853;23.8859;-1.83287;-2.04849;
13.4552;-1.30461;23.7282;-1.57673;-2.26203;
13.3958;-0.594548;23.5178;-2.10391;-1.84621;
13.2576;-1.38191;23.349;-1.68781;-2.25687;
13.2178;-0.397954;23.1231;-2.25902;-1.74517;
13.0833;-1.34469;22.9437;-1.79391;-2.21403;
13.0534;-0.298593;22.7162;-2.27568;-1.70126;
12.9236;-1.298;22.5315;-1.84683;-2.18342;
12.8993;-0.243278;22.3041;-2.27357;-1.67739;
12.7721;-1.27226;22.1166;-1.87528;-2.1669;
12.7506;-0.214469;21.8895;-2.27133;-1.66494;
12.6247;-1.2598;21.7005;-1.88994;-2.15874;
12.6046;-0.201011;21.4735;-2.26962;-1.65913;
12.4792;-1.25401;21.2838;-1.89677;-2.15496;
12.4599;-0.192978;21.0568;-2.26999;-1.6556;
12.3354;-1.24423;20.8667;-1.90144;-2.15023;
12.318;-0.1741;20.6391;-2.27621;-1.64713;
12.1961;-1.21908;20.4478;-1.9126;-2.13826;
12.1818;-0.143234;20.2198;-2.28043;-1.63352;
12.061;-1.20804;20.027;-1.92806;-2.13051;
12.045;-0.159758;19.801;-2.26005;-1.64137;
11.9176;-1.2738;19.6095;-1.91495;-2.15777;
11.8889;-0.28732;19.3884;-2.21094;-1.70003;
11.7512;-1.37701;19.2046;-1.83787;-2.21381;
11.7056;-0.456114;18.9888;-2.15735;-1.77915;
11.5643;-1.41298;18.8143;-1.74547;-2.25131;
11.5133;-0.509978;18.5983;-2.16034;-1.80262;
11.376;-1.37311;18.4252;-1.73083;-2.24145;
11.3303;-0.456536;18.2061;-2.19075;-1.77625;
11.1966;-1.33768;18.0297;-1.7642;-2.21955;
11.1583;-0.382166;17.8077;-2.22014;-1.74126;
11.0249;-1.33455;17.6277;-1.79969;-2.20887;
10.9915;-0.334285;17.4035;-2.24201;-1.71881;
10.8583;-1.33177;17.2211;-1.82354;-2.20158;
10.8274;-0.308639;16.996;-2.25118;-1.70705;
10.695;-1.32414;16.8123;-1.83717;-2.19531;
10.6655;-0.295005;16.587;-2.25272;-1.70101;
10.5335;-1.31976;16.4026;-1.84425;-2.19192;
10.5044;-0.291669;16.1776;-2.25063;-1.69967;
10.3721;-1.32257;15.993;-1.84533;-2.19265;
10.3423;-0.298563;15.7684;-2.24665;-1.70291;
10.209;-1.33285;15.5843;-1.84046;-2.19758;
10.1775;-0.314408;15.3601;-2.24169;-1.71014;
10.0426;-1.34942;15.1771;-1.83031;-2.2061;
10.0089;-0.337313;14.9535;-2.23611;-1.72052;
9.87179;-1.37066;14.7719;-1.81587;-2.21738;
9.83525;-0.365352;14.5489;-2.23002;-1.73319;
9.69579;-1.39465;14.3691;-1.79817;-2.23048;
9.65614;-0.396459;14.1467;-2.22355;-1.74724;
9.51422;-1.41924;13.9689;-1.77849;-2.24432;
9.4714;-0.428216;13.7472;-2.21704;-1.76159;
9.32717;-1.44225;13.5713;-1.7584;-2.25774;
9.28137;-0.45802;13.3502;-2.21102;-1.77506;
9.13518;-1.46186;13.1763;-1.73963;-2.26965;
9.08683;-0.483561;12.9557;-2.20604;-1.78658;
8.93913;-1.47695;12.7833;-1.72374;-2.27924;
8.8888;-0.503294;12.5631;-2.20251;-1.79545;
8.74008;-1.48718;12.3919;-1.71172;-2.28612;
8.68842;-0.516622;12.1718;-2.20057;-1.80139;
8.53915;-1.49273;12.0014;-1.70393;-2.29022;
8.48678;-0.523707;11.7814;-2.20013;-1.80448;
8.33738;-1.494;11.6114;-1.70026;-2.29171;
8.28486;-0.525148;11.3913;-2.20096;-1.80502;
8.13572;-1.49141;11.2213;-1.70029;-2.29084;
8.08355;-0.521719;11.001;-2.20274;-1.80336;
7.93501;-1.48545;10.8306;-1.7035;-2.28792;
7.88358;-0.514288;10.6101;-2.20513;-1.79992;
7.7359;-1.47674;10.4392;-1.70926;-2.28334;
7.68552;-0.503838;10.2184;-2.20775;-1.79517;
7.53891;-1.46609;10.0467;-1.71684;-2.27758;
7.48976;-0.491486;9.82571;-2.2103;-1.7896;
7.34431;-1.45448;9.65317;-1.72543;-2.2712;
7.29647;-0.478425;9.43192;-2.2125;-1.78375;
7.15218;-1.44296;9.2585;-1.7342;-2.26478;
7.10559;-0.46582;9.03708;-2.2142;-1.77815;
6.96235;-1.43247;8.86284;-1.74242;-2.25888;
6.91687;-0.454711;8.64131;-2.21529;-1.77324;
6.7745;-1.4238;8.46636;-1.74945;-2.25393;
6.7299;-0.445997;8.2448;-2.21567;-1.76943;
6.58814;-1.41754;8.06932;-1.75478;-2.25029;
6.54409;-0.440486;7.8478;-2.21521;-1.76708;
6.4027;-1.41389;7.672;-1.75801;-2.24813;
6.35884;-0.438676;7.45062;-2.21377;-1.76642;
6.21764;-1.41197;7.27471;-1.7591;-2.24716;
6.17364;-0.440043;7.05357;-2.21138;-1.76722;
6.03257;-1.41068;6.87772;-1.7585;-2.24688;
5.98827;-0.44294;6.65686;-2.20868;-1.76872;
5.84718;-1.41092;6.48117;-1.75687;-2.24742;
5.80254;-0.446435;6.26051;-2.20659;-1.77042;
5.66111;-1.41429;6.08507;-1.75438;-2.24927;
5.61598;-0.451259;5.86455;-2.20516;-1.77265;
5.47399;-1.41992;5.68947;-1.75088;-2.25219;
5.42821;-0.457784;5.46909;-2.20377;-1.77561;
5.28564;-1.42574;5.29444;-1.74653;-2.25542;
5.23913;-0.46512;5.07423;-2.20209;-1.77895;
5.09604;-1.43084;4.90004;-1.74191;-2.25846;
5.04879;-0.472494;4.68003;-2.20011;-1.78234;
4.90519;-1.436;4.50631;-1.73721;-2.26156;
4.85718;-0.480157;4.28651;-2.19793;-1.78588;
4.71286;-1.44317;4.11332;-1.73189;-2.26551;
4.66437;-0.484875;3.89339;-2.19932;-1.78779;
4.51928;-1.4509;3.72058;-1.72816;-2.2692;
4.47171;-0.475732;3.49938;-2.212;-1.78264;
4.32707;-1.44643;3.32591;-1.73465;-2.26583;
4.28036;-0.467092;3.10445;-2.21459;-1.77867;
4.14112;-1.39242;2.92942;-1.75032;-2.2428;
4.10639;-0.347276;2.70148;-2.2794;-1.72199;
3.99779;-1.08602;2.51572;-1.85762;-2.09984;
3.895;-1.02786;2.34414;-1.7158;-2.11052;
3.77856;-1.16438;2.18075;-1.63388;-2.18996;
3.66506;-1.13509;2.01605;-1.64699;-2.17423;
3.53665;-1.28405;1.86165;-1.54403;-2.26452;
3.41526;-1.21386;1.70247;-1.59175;-2.22231;
3.27506;-1.40205;1.55787;-1.446;-2.34077;
3.14917;-1.25888;1.40136;-1.56516;-2.24816;
2.99508;-1.54092;1.26863;-1.32727;-2.43055;
2.86537;-1.29709;1.11277;-1.55865;-2.26486;
2.69684;-1.68532;0.992822;-1.19945;-2.52306;
2.56268;-1.34157;0.836403;-1.56419;-2.27973;
2.38341;-1.79272;0.726676;-1.09727;-2.59235;
2.24649;-1.36915;0.567259;-1.59417;-2.2804;
2.05952;-1.86974;0.464203;-1.03056;-2.63784;
1.92248;-1.37035;0.298498;-1.65705;-2.26177;
1.72825;-1.94234;0.199595;-0.989023;-2.67062;
1.59158;-1.36669;0.0272319;-1.72364;-2.2412;
1.39145;-2.00129;-0.0693257;-0.965576;-2.69206;
1.25436;-1.37095;-0.245431;-1.76105;-2.23228;
1.05101;-2.03345;-0.340589;-0.951586;-2.7039;
0.913074;-1.3794;-0.517688;-1.77098;-2.23253;
0.708428;-2.04646;-0.6118;-0.941124;-2.71055;
0.569695;-1.38733;-0.788809;-1.77009;-2.23556;
0.364768;-2.04928;-0.882303;-0.934945;-2.71357;
0.225744;-1.39023;-1.05942;-1.77121;-2.23627;
0.0215625;-2.04182;-1.15341;-0.939863;-2.7102;
-0.116229;-1.37791;-1.33238;-1.78967;-2.22693;
-0.318234;-2.02005;-1.42926;-0.968825;-2.69439;
-0.452351;-1.34117;-1.61211;-1.82849;-2.20364;
-0.652137;-1.99786;-1.7136;-1.01492;-2.67156;
-0.78291;-1.30773;-1.89776;-1.84161;-2.18827;
-0.983709;-2.00799;-2.00047;-1.02708;-2.66879;
-1.1167;-1.32986;-2.17967;-1.79196;-2.20924;
-1.32032;-2.03629;-2.27761;-0.979398;-2.69328;
-1.46006;-1.39738;-2.44849;-1.70889;-2.25625;
-1.66292;-2.02858;-2.54097;-0.924732;-2.71388;
-1.80662;-1.43704;-2.7079;-1.66931;-2.28156;
-2.00681;-2.0019;-2.79946;-0.915649;-2.71261;
-2.14973;-1.42916;-2.96784;-1.68373;-2.2746;
-2.34999;-2.00261;-3.06019;-0.923507;-2.7095;
-2.4913;-1.41308;-3.23135;-1.71166;-2.26093;
-2.69417;-2.02875;-3.32322;-0.918638;-2.7164;
-2.8355;-1.41329;-3.49596;-1.72742;-2.25651;
-3.04071;-2.05209;-3.58648;-0.905159;-2.72617;
-3.1831;-1.42388;-3.75924;-1.72763;-2.26011;
-3.38936;-2.06256;-3.84842;-0.891818;-2.73348;
-3.5328;-1.43445;-4.0206;-1.72184;-2.26539;
-3.73922;-2.06415;-4.10895;-0.883481;-2.73717;
-3.88327;-1.44053;-4.28067;-1.71716;-2.26881;
-4.08935;-2.06081;-4.36884;-0.881739;-2.7373;
-4.23347;-1.4412;-4.54044;-1.71593;-2.26939;
-4.4389;-2.05434;-4.62908;-0.88641;-2.73424;
-4.58257;-1.4367;-4.80093;-1.71857;-2.2671;
-4.78718;-2.04609;-4.89056;-0.896312;-2.72871;
-4.92994;-1.42756;-5.06313;-1.72562;-2.26195;
-5.13392;-2.03982;-5.15394;-0.908184;-2.72271;
-5.27538;-1.41462;-5.32794;-1.7399;-2.25344;
-5.47981;-2.04423;-5.41949;-0.91558;-2.7205;
-5.61997;-1.40169;-5.59582;-1.76328;-2.24244;
-5.82489;-2.04912;-5.68842;-0.926019;-2.71715;
-5.96475;-1.39863;-5.86459;-1.76166;-2.24182;
-6.16422;-1.99472;-5.96159;-0.970014;-2.68897;
-6.30464;-1.40422;-6.13016;-1.68565;-2.26536;
-6.49293;-1.88289;-6.23361;-1.03451;-2.63919;
-6.63337;-1.40434;-6.39335;-1.59739;-2.29197;
-6.81574;-1.82374;-6.49931;-1.05967;-2.61523;
-6.95503;-1.39285;-6.65769;-1.58379;-2.29214;
-7.14028;-1.85254;-6.76111;-1.03419;-2.63243;
-7.27782;-1.37537;-6.92505;-1.63936;-2.26885;
-7.47054;-1.92727;-7.02442;-0.993731;-2.66553;
-7.60781;-1.37264;-7.19462;-1.70197;-2.24949;
-7.80684;-1.99026;-7.29104;-0.964242;-2.69044;
-7.94561;-1.38777;-7.46331;-1.72265;-2.24895;
-8.14768;-2.02067;-7.55735;-0.940404;-2.70601;
-8.28857;-1.40891;-7.72862;-1.7127;-2.25918;
-8.492;-2.03427;-7.82025;-0.916315;-2.71837;
-8.63495;-1.42956;-7.98985;-1.69605;-2.27114;
-8.83916;-2.04205;-8.0793;-0.894476;-2.72874;
-8.98381;-1.4465;-8.24754;-1.68243;-2.28093;
-9.18853;-2.04722;-8.33529;-0.877443;-2.73667;
-9.3344;-1.45865;-8.50265;-1.6736;-2.28768;
-9.53947;-2.05073;-8.58922;-0.865673;-2.74216;
-9.68612;-1.46648;-8.75609;-1.66871;-2.29178;
-9.89143;-2.05308;-8.84192;-0.858287;-2.74563;
-10.0385;-1.47111;-9.00855;-1.66637;-2.29404;
-10.244;-2.0546;-9.09395;-0.854016;-2.74766;
-10.3914;-1.47364;-9.2605;-1.66543;-2.29517;
-10.5969;-2.05551;-9.34567;-0.851739;-2.74876;
-10.7444;-1.47494;-9.51218;-1.6651;-2.29571;
-10.95;-2.05595;-9.59725;-0.850653;-2.74929;
-11.0976;-1.47556;-9.76374;-1.66494;-2.29596;
-11.3032;-2.05602;-9.84877;-0.850252;-2.74947;
-11.4507;-1.47585;-10.0152;-1.66468;-2.29614;
-11.6563;-2.05577;-10.1003;-0.850249;-2.74942;
-11.8039;-1.476;-10.2667;-1.66421;-2.29633;
-12.0094;-2.05522;-10.3517;-0.85049;-2.74923;
-12.1571;-1.47611;-10.5181;-1.66346;-2.29659;
-12.3625;-2.05438;-10.6032;-0.850898;-2.74892;
-12.5101;-1.47622;-10.7694;-1.6624;-2.29695;
-12.7154;-2.05325;-10.8545;-0.851438;-2.7485;
-12.8631;-1.47635;-11.0206;-1.66102;-2.2974;
-13.0683;-2.05183;-11.1059;-0.852106;-2.74798;
-13.2159;-1.4765;-11.2718;-1.65934;-2.29796;
-13.4209;-2.0501;-11.3571;-0.85293;-2.74733;
-13.5686;-1.47664;-11.5228;-1.65739;-2.29859;
-13.7734;-2.048;-11.6082;-0.853984;-2.74653;
-13.9211;-1.47669;-11.7738;-1.65527;-2.29924;
-14.1256;-2.04546;-11.8593;-0.855415;-2.74549;
-14.2732;-1.4765;-12.0246;-1.65315;-2.29981;
-14.4775;-2.04234;-12.1104;-0.85747;-2.74409;
-14.6251;-1.47582;-12.2755;-1.65131;-2.30014;
-14.8289;-2.03851;-12.3615;-0.860476;-2.74217;
-14.9764;-1.47435;-12.5265;-1.6501;-2.3;
-15.1797;-2.03392;-12.613;-0.864747;-2.73958;
-15.3269;-1.47181;-12.778;-1.64983;-2.29923;
-15.5298;-2.02868;-12.865;-0.870396;-2.7363;
-15.6766;-1.46812;-13.0301;-1.65063;-2.29774;
-15.8789;-2.02314;-13.1178;-0.877186;-2.73248;
-16.0253;-1.46349;-13.2831;-1.65233;-2.29566;
-16.227;-2.01776;-13.3715;-0.884538;-2.72845;
-16.3729;-1.45839;-13.537;-1.65461;-2.29325;
-16.5742;-2.01297;-13.6261;-0.891739;-2.72458;
-16.7195;-1.4534;-13.7918;-1.65704;-2.29082;
-16.9204;-2.00902;-13.8817;-0.898182;-2.72117;
-17.0653;-1.44895;-14.0476;-1.65929;-2.28863;
-17.2659;-2.00598;-14.1379;-0.903519;-2.7184;
-17.4104;-1.4453;-14.3041;-1.66116;-2.28682;
-17.6108;-2.00375;-14.3948;-0.907663;-2.71626;
-17.7551;-1.44251;-14.5611;-1.66256;-2.28545;
-17.9553;-2.00214;-14.6522;-0.910723;-2.71469;
-18.0993;-1.4405;-14.8185;-1.6635;-2.28448;
-18.2994;-2.00099;-14.9098;-0.912903;-2.71357;
-18.4433;-1.43914;-15.0762;-1.66403;-2.28385;
-18.6434;-2.0001;-15.1676;-0.914426;-2.71278;
-18.7872;-1.43826;-15.3341;-1.66419;-2.2835;
-18.9871;-1.99935;-15.4256;-0.915494;-2.71219;
-19.1309;-1.43774;-15.592;-1.66406;-2.28336;
-19.3308;-1.99866;-15.6836;-0.916266;-2.71174;
-19.4745;-1.43746;-15.85;-1.66367;-2.28338;
-19.6743;-1.99794;-15.9417;-0.916862;-2.71136;
-19.818;-1.43735;-16.108;-1.66307;-2.28352;
-20.0177;-1.99716;-16.1997;-0.917363;-2.711;
-20.1615;-1.43735;-16.366;-1.66229;-2.28375;
-20.3611;-1.9963;-16.4578;-0.917827;-2.71065;
-20.5049;-1.43743;-16.6239;-1.66134;-2.28406;
-20.7044;-1.99534;-16.7157;-0.918291;-2.71027;
-20.8481;-1.43756;-16.8817;-1.66024;-2.28444;
-21.0476;-1.99425;-16.9736;-0.91878;-2.70986;
-21.1913;-1.43773;-17.1395;-1.65899;-2.28487;
-21.3907;-1.99304;-17.2314;-0.919309;-2.70942;
-21.5344;-1.43793;-17.3972;-1.65759;-2.28535;
-21.7336;-1.99171;-17.4892;-0.919887;-2.70892;
-21.8774;-1.43815;-17.6548;-1.65606;-2.28589;
-22.0765;-1.99025;-17.7469;-0.920518;-2.70838;
-22.2203;-1.43839;-17.9123;-1.65438;-2.28647;
-22.4192;-1.98866;-18.0044;-0.921203;-2.70779;
-22.563;-1.43865;-18.1697;-1.65256;-2.28711;
-22.7617;-1.98695;-18.2619;-0.921941;-2.70716;
-22.9056;-1.43894;-18.4269;-1.65058;-2.2878;
-23.1041;-1.98511;-18.5192;-0.922723;-2.70648;
-23.2481;-1.43927;-18.684;-1.64843;-2.28856;
-23.4464;-1.98315;-18.7764;-0.923539;-2.70576;
-23.5903;-1.43966;-18.941;-1.6461;-2.28939;
-23.7884;-1.98108;-19.0334;-0.924367;-2.70502;
-23.9325;-1.44012;-19.1978;-1.64357;-2.29031;
-24.1303;-1.97893;-19.2903;-0.925174;-2.70427;
-24.2744;-1.44068;-19.4544;-1.6408;-2.29134;
-24.4721;-1.97671;-19.547;-0.925916;-2.70353;
-24.6162;-1.44139;-19.7108;-1.63777;-2.2925;
-24.8137;-1.97448;-19.8034;-0.926529;-2.70284;
-24.9579;-1.44229;-19.9669;-1.63442;-2.29383;
-25.1551;-1.97227;-20.0595;-0.926941;-2.70224;
-25.2995;-1.44345;-20.2226;-1.63074;-2.29535;
-25.4965;-1.97015;-20.3153;-0.927067;-2.70178;
-25.641;-1.44491;-20.478;-1.62669;-2.29708;
-25.8378;-1.96817;-20.5707;-0.926835;-2.70148;
-25.9825;-1.44671;-20.7329;-1.62229;-2.29904;
-26.1791;-1.96637;-20.8255;-0.926194;-2.7014;
-26.324;-1.44883;-20.9873;-1.61761;-2.30121;
-26.5205;-1.96479;-21.0798;-0.925141;-2.70153;
-26.6656;-1.45124;-21.2411;-1.61275;-2.30353;
-26.8619;-1.96343;-21.3335;-0.923727;-2.70185;
-27.0073;-1.45384;-21.4942;-1.60786;-2.30593;
-27.2035;-1.96228;-21.5864;-0.922054;-2.70232;
-27.3492;-1.45651;-21.7468;-1.60311;-2.30832;
-27.5453;-1.9613;-21.8388;-0.920255;-2.70288;
-27.6912;-1.45912;-21.9986;-1.59864;-2.3106;
-27.8873;-1.96044;-22.0905;-0.918471;-2.70346;
-28.0334;-1.46156;-22.2499;-1.59456;-2.3127;
-28.2294;-1.95966;-22.3416;-0.916824;-2.704;
-28.3758;-1.46375;-22.5007;-1.59092;-2.31459;
-28.5717;-1.95882;-22.5923;-0.915494;-2.70439;
-28.7182;-1.46572;-22.751;-1.58747;-2.31634;
-28.9138;-1.95587;-22.8426;-0.916265;-2.70349;
-29.0609;-1.47069;-23.0002;-1.57511;-2.32192;
-29.253;-1.92123;-23.0944;-0.942418;-2.68555;
-29.4054;-1.52428;-23.2378;-1.43393;-2.38672;
-29.5693;-1.6389;-23.3555;-1.17673;-2.51889;
-29.7323;-1.63003;-23.4714;-1.15891;-2.52354;
-29.8954;-1.63092;-23.5871;-1.15763;-2.52432;

29.9415;-1.63109;-23.7029;-1.15739;-2.52447;
29.7808;-1.60699;-23.822;-1.19136;-2.50364;
29.6174;-1.63345;-23.9375;-1.15493;-2.52615;
29.457;-1.604;-24.0571;-1.19571;-2.50101;
29.2934;-1.6361;-24.1722;-1.15159;-2.52828;
29.1333;-1.60065;-24.2923;-1.20066;-2.49802;
28.9694;-1.63944;-24.407;-1.14742;-2.53095;
28.8097;-1.59684;-24.5277;-1.2064;-2.49458;
28.6453;-1.64372;-24.6419;-1.14215;-2.53433;
28.4861;-1.59245;-24.7632;-1.21317;-2.49057;
28.3212;-1.64911;-24.8768;-1.13564;-2.53853;
