#1 AntPos X;#2 AntPos Y;#3 Distance form nest;#4 Total Distance;#5 Total Y Distance
3.08442;-6.12149;6.85465;0.2;0.2
3.084;-5.92149;6.67645;0.4;0.399999
3.08358;-5.72149;6.49953;0.6;0.599999
3.08315;-5.52149;6.32397;0.8;0.799998
3.08273;-5.32149;6.14992;1;0.999998
3.08231;-5.12149;5.97748;1.2;1.2
3.08188;-4.92149;5.80681;1.4;1.4
3.08146;-4.72149;5.63807;1.6;1.6
3.08104;-4.52149;5.47144;1.8;1.8
3.08061;-4.32149;5.30711;2;2
3.08019;-4.12149;5.14532;2.2;2.2
3.07977;-3.92149;4.98629;2.4;2.39999
3.07935;-3.72149;4.83031;2.6;2.59999
3.07892;-3.52149;4.67768;2.8;2.79999
3.0785;-3.32149;4.52874;3;2.99999
3.07808;-3.12149;4.38387;3.2;3.19999
3.07765;-2.92149;4.24347;3.4;3.39999
3.07723;-2.72149;4.10803;3.6;3.59999
3.07681;-2.52149;3.97802;3.8;3.79999
3.07639;-2.32149;3.85402;4;3.99999
3.07596;-2.1215;3.73661;4.2;4.19999
3.07554;-1.9215;3.62644;4.4;4.39999
3.07512;-1.7215;3.52419;4.6;4.59999
3.07469;-1.5215;3.43055;4.8;4.79999
3.07427;-1.3215;3.34627;5;4.99999
3.07385;-1.1215;3.27205;5.2;5.19999
3.07342;-0.921498;3.2086;5.4;5.39999
3.073;-0.721498;3.15656;5.6;5.59999
3.07258;-0.521499;3.11652;5.8;5.79999
3.07216;-0.321499;3.08893;6;5.99999
3.07173;-0.1215;3.07413;6.2;6.19999
3.07131;0.0784999;3.07231;6.4;6.39999
3.07089;0.278499;3.08349;6.6;6.59999
3.07046;0.478499;3.10752;6.8;6.79998
3.07004;0.678499;3.14412;7;6.99998
3.06962;0.878498;3.19285;7.2;7.19998
3.06919;1.0785;3.25317;7.4;7.39998
3.06877;1.2785;3.32444;7.6;7.59998
3.06835;1.4785;3.40598;7.8;7.79998
3.06793;1.6785;3.49707;8;7.99998
3.0676;1.8785;3.59707;8.2;8.19998
3.15041;2.07863;3.77436;8.40037;8.40012
3.31308;2.22777;3.99243;8.5523;8.54925
3.53389;2.28287;4.20713;8.61607;8.60436
3.72945;2.32526;4.39495;8.67074;8.64674
3.94691;2.26615;4.55121;8.6308;8.58764
4.1399;2.21369;4.6946;8.60014;8.53518
4.33289;2.1612;4.84197;8.574;8.48268
4.52477;2.10463;4.99029;8.54826;8.42612
4.70603;2.0122;5.11817;8.48991;8.33368
4.88379;1.92054;5.24785;8.43607;8.24202
5.05906;1.82405;5.37785;8.38136;8.14553
5.22957;1.71907;5.50487;8.32168;8.04055
5.39672;1.60908;5.6315;8.26067;7.93057
5.56106;1.49497;5.7585;8.19931;7.81646
5.7231;1.37768;5.88658;8.13864;7.69917
5.88146;1.25536;6.01394;8.07649;7.57685
6.01603;1.10241;6.1162;7.98161;7.4239
6.04733;0.863556;6.10867;7.77182;7.18504
6.07331;0.665251;6.10964;7.59904;6.98674
6.0993;0.466947;6.11715;7.42764;6.78843
6.12529;0.268642;6.13118;7.25769;6.59013
6.15124;0.0703329;6.15164;7.0893;6.39182
6.17683;-0.128023;6.17816;6.92238;6.19346
6.20017;-0.32667;6.20877;6.75596;5.99482
6.21547;-0.526247;6.23771;6.58678;5.79524
6.21754;-0.726676;6.25986;6.41215;5.59481
6.2071;-0.926794;6.27591;6.23307;5.39469
6.18656;-1.12599;6.28819;6.05093;5.19549
6.15813;-1.32412;6.29888;5.86675;4.99736
6.12368;-1.52123;6.30981;5.68129;4.80026
6.08471;-1.71745;6.32244;5.49512;4.60404
6.04236;-1.91294;6.33794;5.30868;4.40854
5.99754;-2.10788;6.35718;5.12234;4.21361
5.95086;-2.30236;6.38072;4.93634;4.01913
5.9091;-2.49802;6.41541;4.75345;3.82347
5.85284;-2.69051;6.44163;4.56572;3.63097
5.76413;-2.87296;6.44042;4.36703;3.44853
5.66886;-3.04902;6.43681;4.16967;3.27246
5.57371;-3.22494;6.43945;3.97279;3.09655
5.4796;-3.40142;6.44947;3.77646;2.92007
5.39482;-3.58287;6.47619;3.58274;2.73862
5.3216;-3.76941;6.52134;3.39355;2.55208
5.25584;-3.95845;6.57975;3.20892;2.36304
5.19643;-4.14954;6.64993;3.02922;2.17194
5.14183;-4.34201;6.72989;2.85474;1.97948
5.09084;-4.53544;6.81813;2.68589;1.78605
5.04258;-4.72954;6.91348;2.52329;1.59194
4.99638;-4.92415;7.01506;2.36781;1.39734
4.95177;-5.11912;7.12217;2.22061;1.20237
4.90839;-5.31436;7.23427;2.08317;1.00713
4.86598;-5.50981;7.3509;1.95736;0.811673
4.82435;-5.70543;7.4717;1.84537;0.616052
4.78336;-5.90119;7.59635;1.74974;0.420297
4.7429;-6.09706;7.72459;1.67318;0.22443
4.70291;-6.29302;7.85617;1.61832;0.0284687
4.66332;-6.48906;7.9909;1.58734;-0.167574
4.62408;-6.68517;8.12857;1.58162;-0.363688
4.58517;-6.88135;8.26902;1.60138;-0.559866
4.54654;-7.07759;8.41209;1.64568;-0.7561
4.50818;-7.27387;8.55762;1.71258;-0.952387
4.47006;-7.47021;8.70548;1.79955;-1.14872
4.43216;-7.66658;8.85554;1.90382;-1.3451
4.39446;-7.863;9.00766;2.02271;-1.54151
4.35695;-8.05945;9.16175;2.15378;-1.73796
4.3196;-8.25593;9.31769;2.29493;-1.93444
4.2824;-8.45244;9.47537;2.4444;-2.13095
4.24534;-8.64898;9.63472;2.60076;-2.32749
4.20841;-8.84554;9.79562;2.76283;-2.52405
4.17158;-9.04212;9.95801;2.92965;-2.72063
4.13485;-9.23872;10.1218;3.10044;-2.91723
4.09821;-9.43533;10.2869;3.27459;-3.11385
4.06164;-9.63196;10.4533;3.45157;-3.31047
4.02506;-9.82858;10.6208;3.63094;-3.5071
3.98772;-10.0251;10.7891;3.81205;-3.70358
3.94456;-10.2204;10.9552;3.99262;-3.89896
3.86601;-10.4079;11.1027;4.16042;-4.08643
3.71202;-10.5602;11.1937;4.28491;-4.23876
3.64157;-10.7734;11.3722;4.48659;-4.45192
3.61258;-10.9745;11.5538;4.68281;-4.65298
3.59005;-11.1733;11.7359;4.87803;-4.8518
3.57131;-11.3724;11.92;5.07433;-5.05096
3.55705;-11.572;12.1063;5.27169;-5.2505
3.54896;-11.7719;12.2952;5.47015;-5.45043
3.54607;-11.972;12.4861;5.66927;-5.65048
3.54635;-12.172;12.6781;5.86868;-5.8505
3.54817;-12.372;12.8707;6.06821;-6.0505
3.55057;-12.572;13.0637;6.26781;-6.25049
3.55311;-12.772;13.257;6.46744;-6.45047
3.55566;-12.9719;13.4504;6.6671;-6.65045
3.55809;-13.1719;13.644;6.86677;-6.85044
3.56009;-13.3719;13.8377;7.06643;-7.05043
3.56063;-13.5719;14.0312;7.26603;-7.25043
3.55754;-13.7719;14.224;7.46542;-7.45044
3.54808;-13.9718;14.4153;7.66433;-7.65032
3.53085;-14.1712;14.6045;7.86239;-7.84973
3.50618;-14.3698;14.7914;8.05936;-8.04834
3.47521;-14.5675;14.9763;8.25527;-8.24603
3.43922;-14.7643;15.1596;8.45027;-8.44283
3.39934;-14.9603;15.3417;8.64458;-8.63886
3.35652;-15.1557;15.523;8.83842;-8.83424
3.31151;-15.3506;15.7037;9.03197;-9.02913
3.26489;-15.5451;15.8843;9.22538;-9.22362
3.21711;-15.7393;16.0647;9.41876;-9.41783
3.16848;-15.9333;16.2453;9.6122;-9.61183
3.11925;-16.1272;16.4261;9.80574;-9.80568
3.0696;-16.3209;16.6071;9.99943;-9.99942
3.01965;-16.5146;16.7884;10.1933;-10.1931
2.96951;-16.7082;16.97;10.3873;-10.3867
2.91922;-16.9018;17.152;10.5816;-10.5803
2.86883;-17.0953;17.3344;10.776;-10.7738
2.81839;-17.2888;17.5171;10.9706;-10.9674
2.7679;-17.4824;17.7001;11.1654;-11.1609
2.71738;-17.6759;17.8835;11.3603;-11.3544
2.66685;-17.8694;18.0673;11.5555;-11.5479
2.6163;-18.0629;18.2514;11.7508;-11.7414
2.56575;-18.2564;18.4358;11.9462;-11.9349
2.51519;-18.4499;18.6206;12.1418;-12.1284
2.46463;-18.6434;18.8056;12.3375;-12.3219
2.41406;-18.8369;18.991;12.5334;-12.5154
2.3635;-19.0304;19.1766;12.7294;-12.7089
2.31293;-19.2239;19.3626;12.9255;-12.9024
2.26237;-19.4174;19.5488;13.1217;-13.0959
2.2118;-19.6109;19.7353;13.3181;-13.2894
2.16124;-19.8044;19.922;13.5145;-13.4829
2.11067;-19.9979;20.109;13.7111;-13.6764
2.06011;-20.1914;20.2963;13.9077;-13.8699
2.00955;-20.3849;20.4837;14.1045;-14.0634
1.959;-20.5784;20.6715;14.3013;-14.257
1.90845;-20.7719;20.8594;14.4983;-14.4505
1.85791;-20.9655;21.0476;14.6953;-14.644
1.80739;-21.159;21.236;14.8924;-14.8375
1.75689;-21.3525;21.4246;15.0895;-15.031
1.70642;-21.546;21.6135;15.2868;-15.2245
1.65601;-21.7396;21.8025;15.4841;-15.4181
1.60567;-21.9331;21.9918;15.6815;-15.6116
1.55545;-22.1267;22.1813;15.879;-15.8052
1.50538;-22.3203;22.371;16.0766;-15.9989
1.45552;-22.514;22.561;16.2743;-16.1925
1.40596;-22.7078;22.7513;16.4721;-16.3863
1.35679;-22.9017;22.9418;16.67;-16.5802
1.30813;-23.0956;23.1327;16.868;-16.7742
1.26014;-23.2898;23.3239;17.0661;-16.9683
1.21386;-23.4844;23.5157;17.2646;-17.1629
1.18968;-23.6842;23.7141;17.4658;-17.3627
1.20553;-23.8876;23.918;17.6663;-17.5661
1.25083;-24.0847;24.1171;17.8576;-17.7632
1.34326;-24.2686;24.3058;18.0314;-17.9471
1.4674;-24.4301;24.4741;18.1807;-18.1086
1.45642;-24.6908;24.7337;18.4414;-18.3693
1.44451;-24.8905;24.9324;18.6413;-18.569
1.41347;-25.089;25.1288;18.8418;-18.7675
1.3559;-25.2824;25.3188;19.0396;-18.9609
1.27634;-25.4674;25.4994;19.2311;-19.1459
1.17943;-25.6434;25.6706;19.4157;-19.322
1.06912;-25.811;25.8332;19.5935;-19.4895
0.948627;-25.9711;25.9885;19.7654;-19.6497
0.820491;-26.125;26.1379;19.9326;-19.8035
0.686687;-26.2739;26.2828;20.096;-19.9524
0.548722;-26.4188;26.4245;20.2567;-20.0973
0.407739;-26.5607;26.5638;20.4155;-20.2392
0.264592;-26.7004;26.7017;20.5731;-20.3789
0.119912;-26.8385;26.8388;20.7301;-20.517
-0.0258328;-26.9755;26.9755;20.8869;-20.654
-0.172298;-27.1117;27.1122;21.0438;-20.7902
-0.319227;-27.2474;27.2492;21.2009;-20.9259
-0.466429;-27.3828;27.3867;21.3586;-21.0613
-0.61375;-27.518;27.5249;21.5168;-21.1965
-0.761068;-27.6533;27.6638;21.6757;-21.3318
-0.908273;-27.7887;27.8035;21.8354;-21.4672
-1.05527;-27.9243;27.9442;21.996;-21.6028
-1.20195;-28.0603;28.086;22.1574;-21.7388
-1.34823;-28.1967;28.2289;22.3198;-21.8752
-1.49403;-28.3336;28.3729;22.4833;-22.0121
-1.63926;-28.4711;28.5182;22.6478;-22.1496
-1.78387;-28.6092;28.6648;22.8133;-22.2877
-1.92781;-28.7481;28.8127;22.98;-22.4266
-2.07105;-28.8877;28.9618;23.1477;-22.5662
-2.2136;-29.028;29.1122;23.3165;-22.7065
-2.35548;-29.1689;29.2639;23.4862;-22.8474
-2.4967;-29.3105;29.4167;23.6569;-22.9891
-2.63737;-29.4527;29.5706;23.8285;-23.1312
-2.77778;-29.5951;29.7252;24.0007;-23.2737
-2.91817;-29.7376;29.8804;24.1733;-23.4161
-3.05855;-29.88;30.0362;24.3464;-23.5586

-3.19894;29.9775;30.1477;24.5199;-23.701
-3.33883;29.8346;30.0208;24.6941;-23.8439
-3.47827;29.6912;29.8942;24.869;-23.9873
-3.6173;29.5474;29.768;25.0445;-24.1311
-3.75595;29.4033;29.6422;25.2207;-24.2752
-3.89428;29.2588;29.5169;25.3974;-24.4197
-4.03232;29.1141;29.392;25.5747;-24.5644
-4.1701;28.9691;29.2677;25.7524;-24.7094
-4.30766;28.824;29.1441;25.9306;-24.8546
-4.44501;28.6786;29.021;26.1093;-24.9999
-4.58219;28.533;28.8986;26.2884;-25.1455
-4.71922;28.3874;28.777;26.4678;-25.2912
-4.85611;28.2415;28.656;26.6477;-25.437
-4.99287;28.0956;28.5358;26.8279;-25.5829
-5.12953;27.9496;28.4164;27.0084;-25.7289
-5.26609;27.8035;28.2978;27.1893;-25.875
-5.40257;27.6573;28.18;27.3705;-26.0212
-5.53897;27.511;28.0631;27.5519;-26.1675
-5.6753;27.3647;27.947;27.7337;-26.3139
-5.81156;27.2183;27.8318;27.9158;-26.4603
-5.94777;27.0718;27.7175;28.0981;-26.6067
-6.08393;26.9253;27.6041;28.2807;-26.7532
-6.22003;26.7788;27.4917;28.4636;-26.8997
-6.3561;26.6322;27.3802;28.6467;-27.0463
-6.49213;26.4856;27.2696;28.8301;-27.1929
-6.62812;26.3389;27.1601;29.0137;-27.3396
-6.76407;26.1922;27.0515;29.1975;-27.4863
-6.9;26.0455;26.944;29.3816;-27.633
-7.0359;25.8988;26.8375;29.5659;-27.7797
-7.17177;25.752;26.732;29.7504;-27.9265
-7.30763;25.6053;26.6276;29.9351;-28.0733
-7.44346;25.4585;26.5243;30.12;-28.2201
-7.57928;25.3117;26.4221;30.3052;-28.3669
-7.71509;25.1648;26.3209;30.4905;-28.5137
-7.8509;25.018;26.2209;30.676;-28.6605
-7.9867;24.8712;26.1221;30.8617;-28.8073
-8.12251;24.7244;26.0244;31.0475;-28.9542
-8.25833;24.5776;25.9279;31.2335;-29.101
-8.39417;24.4308;25.8326;31.4197;-29.2477
-8.53005;24.284;25.7386;31.6061;-29.3945
-8.66598;24.1373;25.6458;31.7925;-29.5412
-8.80197;23.9907;25.5544;31.9791;-29.6879
-8.93805;23.8441;25.4643;32.1659;-29.8344
-9.07425;23.6976;25.3756;32.3527;-29.9809
-9.21059;23.5513;25.2883;32.5396;-30.1272
-9.34712;23.4052;25.2026;32.7266;-30.2734
-9.48387;23.2592;25.1184;32.9136;-30.4193
-9.62089;23.1135;25.0359;33.1007;-30.565
-9.75823;22.9681;24.9551;33.2877;-30.7104
-9.89593;22.8231;24.8761;33.4747;-30.8554
-10.034;22.6784;24.799;33.6617;-31.0001
-10.1726;22.5342;24.7239;33.8486;-31.1443
-10.3116;22.3904;24.6508;34.0354;-31.2881
-10.4512;22.2471;24.5797;34.2222;-31.4314
-10.5912;22.1043;24.5107;34.4088;-31.5742
-10.7317;21.962;24.4438;34.5953;-31.7165
-10.8726;21.8201;24.3789;34.7818;-31.8584
-11.014;21.6786;24.3161;34.9681;-31.9999
-11.1557;21.5375;24.2552;35.1545;-32.141
-11.2978;21.3967;24.1963;35.3408;-32.2818
-11.44;21.2561;24.1391;35.5272;-32.4224
-11.5825;21.1157;24.0837;35.7137;-32.5628
-11.7249;20.9754;24.03;35.9002;-32.7032
-11.8674;20.835;23.9777;36.0869;-32.8435
-12.0096;20.6944;23.9268;36.2739;-32.9841
-12.1513;20.5532;23.8765;36.4613;-33.1253
-12.2893;20.4083;23.8228;36.6506;-33.2702
-12.4105;20.2476;23.7484;36.8474;-33.4309
-12.5044;20.0679;23.6448;37.05;-33.6107
-12.5671;19.875;23.5148;37.2513;-33.8035
-12.6252;19.6836;23.3846;37.4494;-33.9949
-12.6993;19.4971;23.2682;37.6498;-34.1814
-12.7901;19.3179;23.1683;37.8505;-34.3606
-12.8866;19.1426;23.0761;38.0502;-34.5359
-12.9838;18.9678;22.9861;38.2496;-34.7107
-13.0809;18.793;22.8973;38.4491;-34.8855
-13.1777;18.618;22.8097;38.6486;-35.0605
-13.2743;18.4428;22.7232;38.8481;-35.2357
-13.3707;18.2676;22.638;39.0476;-35.4109
-13.4673;18.0925;22.5545;39.2472;-35.586
-13.5643;17.9176;22.4729;39.4467;-35.7609
-13.6623;17.7432;22.3937;39.6461;-35.9353
-13.7614;17.5695;22.3173;39.8454;-36.109
-13.8621;17.3967;22.2442;40.0446;-36.2818
-13.9647;17.225;22.1747;40.2436;-36.4535
-14.0694;17.0546;22.109;40.4423;-36.6239
-14.1763;16.8855;22.0474;40.6408;-36.793
-14.2852;16.7178;21.9898;40.8389;-36.9608
-14.3961;16.5513;21.9361;41.0367;-37.1272
-14.5088;16.386;21.8862;41.2343;-37.2925
-14.623;16.2219;21.8399;41.4315;-37.4567
-14.7385;16.0586;21.7969;41.6285;-37.6199
-14.8552;15.8961;21.7569;41.8253;-37.7824
-14.9728;15.7344;21.7199;42.0219;-37.9442
-15.0911;15.5731;21.6855;42.2183;-38.1054
-15.21;15.4123;21.6537;42.4147;-38.2662
-15.3294;15.2518;21.6242;42.611;-38.4267
-15.4491;15.0916;21.597;42.8072;-38.5869
-15.5691;14.9316;21.572;43.0034;-38.7469
-15.6893;14.7718;21.549;43.1996;-38.9067
-15.8097;14.6121;21.5281;43.3957;-39.0664
-15.9302;14.4524;21.5092;43.5919;-39.2261
-16.0508;14.2929;21.4922;43.7881;-39.3857
-16.1713;14.1333;21.477;43.9844;-39.5452
-16.2919;13.9738;21.4638;44.1806;-39.7048
-16.4125;13.8142;21.4523;44.3769;-39.8643
-16.5331;13.6546;21.4427;44.5733;-40.0239
-16.6535;13.495;21.4349;44.7697;-40.1836
-16.7739;13.3352;21.4288;44.9661;-40.3433
-16.8942;13.1755;21.4245;45.1626;-40.5031
-17.0144;13.0156;21.4218;45.3592;-40.6629
-17.1344;12.8556;21.4209;45.5558;-40.8229
-17.2545;12.6956;21.4219;45.7524;-40.9829
-17.375;12.536;21.4253;45.949;-41.1425
-17.4976;12.378;21.4332;46.1451;-41.3005
-17.6258;12.2243;21.45;46.3398;-41.4542
-17.7641;12.0793;21.4819;46.5315;-41.5992
-17.9148;11.9466;21.5328;46.7176;-41.7319
-18.0746;11.8255;21.5994;46.8977;-41.853
-18.2342;11.7049;21.6677;47.0774;-41.9736
-18.3819;11.5686;21.7193;47.2659;-42.1099
-18.5122;11.4149;21.7486;47.462;-42.2636
-18.6234;11.247;21.7561;47.6622;-42.4315
-18.7146;11.0675;21.7422;47.8635;-42.611
-18.7846;10.8787;21.7073;48.0634;-42.7998
-18.8325;10.6832;21.6517;48.2594;-42.9953
-18.8579;10.4835;21.576;48.4489;-43.195
-18.8615;10.2823;21.4821;48.6299;-43.3962
-18.8452;10.082;21.3726;48.8014;-43.5965
-18.812;9.88407;21.2506;48.9635;-43.7944
-18.7654;9.68908;21.1192;49.1173;-43.9894
-18.7089;9.49695;20.9813;49.2644;-44.1816
-18.6455;9.30713;20.8394;49.4068;-44.3714
-18.5778;9.11888;20.6952;49.5463;-44.5596
-18.508;8.93147;20.5503;49.6845;-44.747
-18.4377;8.74422;20.4061;49.8228;-44.9343
-18.3687;8.55648;20.2639;49.9625;-45.122
-18.3027;8.36769;20.1247;50.1049;-45.3108
-18.2409;8.1774;19.99;50.2508;-45.5011
-18.1848;7.98534;19.8608;50.401;-45.6932
-18.1357;7.79132;19.7385;50.5564;-45.8872
-18.0968;7.59486;19.6259;50.7185;-46.0837
-18.0859;7.39314;19.5386;50.8973;-46.2854
-18.1365;7.1901;19.5097;51.103;-46.4884
-18.2223;7.00537;19.5225;51.3067;-46.6731
-18.3663;6.85174;19.6028;51.5063;-46.8268
-18.4973;6.70041;19.6735;51.6985;-46.9781
-18.7354;6.64199;19.8779;51.8513;-47.0365
-18.9265;6.58156;20.0382;51.9868;-47.097
-19.1411;6.59668;20.2459;52.0643;-47.0818
-19.3395;6.62588;20.4431;52.1229;-47.0526
-19.5341;6.6769;20.6437;52.161;-47.0016
-19.7234;6.74384;20.8444;52.1831;-46.9347
-19.9078;6.82213;21.0443;52.1937;-46.8564
-20.0884;6.90843;21.2432;52.1962;-46.7701
-20.2661;7.00044;21.4411;52.193;-46.6781
-20.4415;7.0967;21.6384;52.1858;-46.5818
-20.6149;7.19638;21.8349;52.1754;-46.4821
-20.7866;7.29903;22.0309;52.1623;-46.3795
-20.9566;7.40443;22.2262;52.1468;-46.2741
-21.125;7.51243;22.421;52.1289;-46.1661
-21.2917;7.6229;22.6152;52.1089;-46.0556
-21.457;7.7356;22.8088;52.087;-45.9429
-21.6209;7.85029;23.0019;52.0634;-45.8282
-21.7835;7.96664;23.1946;52.0386;-45.7119
-21.9452;8.08435;23.387;52.0128;-45.5942
-22.1061;8.20314;23.5791;51.9865;-45.4754
-22.2665;8.32274;23.7711;51.9599;-45.3558
-22.4263;8.44294;23.9629;51.9334;-45.2356
-22.5858;8.56356;24.1548;51.9071;-45.115
-22.7452;8.68446;24.3467;51.8811;-44.9941
-22.9043;8.80555;24.5387;51.8558;-44.873
-23.0634;8.92673;24.7307;51.831;-44.7518
-23.2225;9.04794;24.9229;51.807;-44.6306
-23.3816;9.16913;25.1152;51.7838;-44.5094
-23.5408;9.29027;25.3076;51.7614;-44.3882
-23.7;9.4113;25.5002;51.7399;-44.2672
-23.8593;9.53221;25.693;51.7193;-44.1463
-24.0187;9.65296;25.8859;51.6997;-44.0256
-24.1783;9.77353;26.079;51.681;-43.905
-24.338;9.8939;26.2722;51.6634;-43.7846
-24.4979;10.0141;26.4656;51.6468;-43.6645
-24.658;10.134;26.6592;51.6313;-43.5445
-24.8182;10.2537;26.8529;51.6167;-43.4248
-24.9785;10.3732;27.0468;51.6033;-43.3053
-25.139;10.4926;27.2409;51.5908;-43.186
-25.2997;10.6117;27.4351;51.5794;-43.0668
-25.4605;10.7306;27.6294;51.569;-42.9479
-25.6214;10.8494;27.8238;51.5595;-42.8291
-25.7824;10.968;28.0184;51.551;-42.7105
-25.9435;11.0865;28.2131;51.5434;-42.592
-26.1047;11.2049;28.4079;51.5367;-42.4736
-26.266;11.3232;28.6027;51.5309;-42.3553
-26.4273;11.4415;28.7977;51.526;-42.237
-26.5886;11.5597;28.9928;51.522;-42.1189
-26.75;11.6778;29.1879;51.5187;-42.0007
-26.9114;11.7959;29.3831;51.5163;-41.8826
-27.0729;11.9139;29.5784;51.5147;-41.7646
-27.2343;12.0319;29.7738;51.514;-41.6466
-27.3958;12.15;29.9692;51.514;-41.5285
-27.5573;12.268;30.1647;51.5148;-41.4105
-27.7188;12.386;30.3602;51.5164;-41.2925
-27.8802;12.504;30.5558;51.5187;-41.1745
-28.0417;12.622;30.7515;51.5219;-41.0565
-28.2032;12.74;30.9472;51.5258;-40.9385
-28.3647;12.858;31.1429;51.5304;-40.8205
-28.5261;12.976;31.3387;51.5359;-40.7025
-28.6876;13.094;31.5346;51.5421;-40.5845
-28.8491;13.212;31.7305;51.5492;-40.4665
-29.0105;13.3301;31.9265;51.5569;-40.3485
-29.1718;13.4483;32.1225;51.5651;-40.2302
-29.3329;13.5669;32.3184;51.5737;-40.1116
-29.4935;13.686;32.5142;51.5824;-39.9925
-29.6538;13.8056;32.71;51.5914;-39.8729
-29.8139;13.9255;32.9058;51.6007;-39.753
-29.974;14.0454;33.1016;51.6108;-39.6331

29.8659;14.1653;33.055;51.6216;-39.5132
29.7035;14.2821;32.9587;51.6372;-39.3965
29.5407;14.3982;32.8628;51.6541;-39.2803
29.3782;14.5148;32.7682;51.6714;-39.1637
29.2161;14.6319;32.6752;51.6888;-39.0466
29.0543;14.7495;32.5837;51.7064;-38.929
28.8927;14.8674;32.4935;51.7244;-38.8112
28.7312;14.9854;32.4044;51.7429;-38.6931
28.5699;15.1036;32.3165;51.762;-38.5749
28.4085;15.2218;32.2296;51.7819;-38.4567
28.2472;15.34;32.1437;51.8025;-38.3385
28.0859;15.4582;32.0589;51.8239;-38.2203
27.9246;15.5764;31.9751;51.8461;-38.1021
27.7633;15.6947;31.8924;51.8689;-37.9838
27.602;15.813;31.8107;51.8925;-37.8655
27.4408;15.9314;31.7303;51.9167;-37.7471
27.2798;16.0499;31.651;51.9414;-37.6286
27.1188;16.1687;31.573;51.9668;-37.5099
26.958;16.2876;31.4963;51.9926;-37.3909
26.7974;16.4067;31.421;52.0189;-37.2718
26.6369;16.5261;31.347;52.0457;-37.1524
26.4766;16.6456;31.2744;52.073;-37.0329
26.3164;16.7654;31.2031;52.1008;-36.9131
26.1563;16.8853;31.1331;52.1292;-36.7932
25.9964;17.0054;31.0643;52.1582;-36.6731
25.8364;17.1254;30.9968;52.1879;-36.5531
25.6764;17.2455;30.9303;52.2184;-36.433
25.5164;17.3654;30.8649;52.2497;-36.3131
25.3562;17.4851;30.8004;52.282;-36.1934
25.1958;17.6046;30.7368;52.3154;-36.0739
25.0352;17.7238;30.674;52.35;-35.9547
24.8743;17.8426;30.6118;52.3857;-35.836
24.713;17.9609;30.5504;52.4227;-35.7176
24.5515;18.0788;30.4897;52.461;-35.5997
24.3897;18.1964;30.4297;52.5005;-35.4821
24.2276;18.3135;30.3704;52.5411;-35.365
24.0653;18.4304;30.312;52.5829;-35.2481
23.9027;18.5469;30.2544;52.6257;-35.1316
23.7401;18.6633;30.1978;52.6695;-35.0152
23.5773;18.7795;30.1423;52.7142;-34.899
23.4144;18.8955;30.0878;52.7599;-34.783
23.2514;19.0114;30.0344;52.8063;-34.6671
23.0884;19.1273;29.9821;52.8536;-34.5512
22.9254;19.2432;29.9312;52.9015;-34.4353
22.7625;19.3592;29.8816;52.9501;-34.3193
22.5997;19.4754;29.8335;52.9991;-34.2031
22.4372;19.5919;29.7871;53.0484;-34.0866
22.275;19.7091;29.7427;53.0977;-33.9694
22.1135;19.827;29.7005;53.1467;-33.8515
21.9528;19.9461;29.661;53.1951;-33.7324
21.7932;20.0666;29.6245;53.2425;-33.6119
21.6351;20.1891;29.5918;53.2881;-33.4894
21.479;20.3142;29.5637;53.3313;-33.3643
21.3259;20.443;29.5417;53.3705;-33.2355
21.1773;20.5771;29.5279;53.4036;-33.1015
21.0339;20.7166;29.5229;53.4301;-32.9619
20.8925;20.8581;29.5222;53.4544;-32.8204
20.7451;20.9935;29.5142;53.488;-32.685
20.5842;21.114;29.4875;53.542;-32.5645
20.4145;21.2211;29.4463;53.612;-32.4575
20.243;21.324;29.4023;53.6865;-32.3545
20.0731;21.4296;29.3625;53.7588;-32.2489
19.9056;21.539;29.3285;53.8275;-32.1395
19.7403;21.6516;29.2997;53.8932;-32.0269
19.5765;21.7664;29.2748;53.9571;-31.9121
19.4136;21.8826;29.253;54.0199;-31.7959
19.2515;21.9996;29.2336;54.0825;-31.6789
19.0897;22.1172;29.2162;54.1451;-31.5613
18.9281;22.2351;29.2005;54.208;-31.4435
18.7666;22.3531;29.1864;54.2714;-31.3254
18.6053;22.4712;29.1738;54.3353;-31.2073
18.4439;22.5894;29.1627;54.3998;-31.0891
18.2826;22.7077;29.1529;54.4649;-30.9708
18.1214;22.826;29.1446;54.5307;-30.8525
17.9601;22.9443;29.1377;54.597;-30.7342
17.7989;23.0626;29.1322;54.664;-30.6159
17.6376;23.181;29.128;54.7316;-30.4976
17.4764;23.2992;29.1252;54.8;-30.3793
17.315;23.4174;29.1236;54.8691;-30.2611
17.1535;23.5354;29.1231;54.939;-30.1431
16.9918;23.6531;29.1237;55.0099;-30.0254
16.8299;23.7705;29.1253;55.0818;-29.908
16.6677;23.8875;29.1277;55.1548;-29.791
16.5052;24.0041;29.131;55.229;-29.6745
16.3423;24.1201;29.1351;55.3043;-29.5584
16.1791;24.2358;29.14;55.3807;-29.4427
16.0157;24.351;29.1457;55.4582;-29.3275
15.8518;24.4657;29.1522;55.5369;-29.2128
15.6869;24.5789;29.1583;55.6179;-29.0996
15.5196;24.6886;29.1613;55.7034;-28.9899
15.3479;24.7915;29.1578;55.7967;-28.8871
15.1728;24.8883;29.1486;55.8967;-28.7902
14.9892;24.9696;29.1231;56.0124;-28.7089
14.7791;24.989;29.0322;56.1831;-28.6896
14.5771;24.9775;28.92;56.3626;-28.701
14.3822;24.8836;28.7409;56.5782;-28.7949
14.205;24.7906;28.5719;56.7781;-28.8879
14.0487;24.658;28.3793;56.9801;-29.0205
13.9077;24.5151;28.1853;57.1743;-29.1634
13.7815;24.3586;27.987;57.3627;-29.3199
13.6682;24.1931;27.7871;57.5448;-29.4854
13.5656;24.0209;27.5868;57.7211;-29.6576
13.4719;23.844;27.3866;57.8925;-29.8346
13.3853;23.6635;27.1869;58.0598;-30.015
13.3044;23.4805;26.9878;58.2239;-30.198
13.2277;23.2957;26.7892;58.3853;-30.3828
13.1543;23.1096;26.5912;58.545;-30.5689
13.0834;22.9226;26.3936;58.7032;-30.7559
13.0143;22.7349;26.1963;58.8606;-30.9436
12.9465;22.5468;25.9994;59.0173;-31.1318
12.8797;22.3582;25.8027;59.1736;-31.3203
12.8135;22.1695;25.6061;59.3298;-31.509
12.7479;21.9806;25.4097;59.4859;-31.6979
12.6825;21.7916;25.2134;59.6421;-31.8869
12.6172;21.6025;25.0173;59.7984;-32.076
12.5521;21.4134;24.8211;59.955;-32.2651
12.4868;21.2244;24.6251;60.1118;-32.4542
12.4215;21.0353;24.4291;60.269;-32.6432
12.3562;20.8463;24.2331;60.4264;-32.8322
12.2911;20.6572;24.0373;60.5839;-33.0213
12.2269;20.4678;23.8417;60.7411;-33.2107
12.1646;20.2777;23.6466;60.8974;-33.4008
12.105;20.0868;23.4523;61.052;-33.5917
12.0478;19.8951;23.2587;61.2054;-33.7834
11.9904;19.7035;23.0651;61.3591;-33.975
11.9283;19.5133;22.8704;61.5163;-34.1652
11.8575;19.3261;22.6737;61.6793;-34.3524
11.7764;19.1429;22.4752;61.8487;-34.5356
11.6866;18.964;22.2757;62.0232;-34.7145
11.5915;18.7879;22.076;62.2006;-34.8906
11.4958;18.6123;21.8763;62.3784;-35.0662
11.4033;18.4349;21.6768;62.5547;-35.2436
11.3161;18.2548;21.4777;62.7283;-35.4237
11.234;18.0724;21.2794;62.8992;-35.6061
11.1554;17.8884;21.0817;63.0682;-35.7901
11.0788;17.7037;20.8844;63.2362;-35.9748
11.0031;17.5185;20.6874;63.4038;-36.16
10.9282;17.3331;20.4905;63.5713;-36.3454
10.8539;17.1474;20.2939;63.7385;-36.5311
10.7801;16.9615;20.0974;63.9056;-36.717
10.7069;16.7754;19.9011;64.0725;-36.9031
10.6342;16.5891;19.7049;64.2394;-37.0894
10.5617;16.4027;19.5089;64.4063;-37.2758
10.4892;16.2163;19.313;64.5734;-37.4622
10.4166;16.0299;19.1171;64.7407;-37.6486
10.3437;15.8437;18.9213;64.9084;-37.8348
10.2702;15.6577;18.7254;65.0767;-38.0208
10.196;15.472;18.5294;65.2455;-38.2066
10.121;15.2865;18.3334;65.4149;-38.392
10.0451;15.1015;18.1372;65.5851;-38.577
9.96812;14.9169;17.941;65.756;-38.7616
9.89006;14.7328;17.7445;65.9277;-38.9457
9.81083;14.5491;17.5479;66.1001;-39.1294
9.73037;14.366;17.3512;66.2735;-39.3125
9.64866;14.1835;17.1542;66.4476;-39.495
9.5657;14.0015;16.9571;66.6226;-39.677
9.48148;13.8201;16.7599;66.7983;-39.8584
9.39605;13.6392;16.5624;66.9748;-40.0393
9.30947;13.4589;16.3649;67.1521;-40.2196
9.22181;13.2792;16.1672;67.33;-40.3993
9.13317;13.0999;15.9694;67.5086;-40.5786
9.04366;12.921;15.7715;67.6877;-40.7575
8.9534;12.7426;15.5736;67.8673;-40.936
8.8625;12.5644;15.3756;68.0473;-41.1141
8.77109;12.3865;15.1775;68.2277;-41.292
8.67928;12.2088;14.9795;68.4083;-41.4697
8.58719;12.0313;14.7815;68.5893;-41.6472
8.49492;11.8539;14.5835;68.7704;-41.8247
8.40257;11.6764;14.3855;68.9516;-42.0021
8.31023;11.499;14.1876;69.133;-42.1795
8.218;11.3216;13.9898;69.3144;-42.3569
8.12594;11.144;13.792;69.4958;-42.5345
8.03412;10.9663;13.5944;69.6772;-42.7122
7.94263;10.7885;13.3969;69.8586;-42.89
7.85151;10.6105;13.1995;70.0398;-43.0681
7.76082;10.4322;13.0024;70.221;-43.2463
7.6706;10.2537;12.8053;70.4021;-43.4248
7.58088;10.075;12.6085;70.583;-43.6036
7.49169;9.89595;12.4119;70.7638;-43.7826
7.40305;9.71667;12.2155;70.9444;-43.9618
7.31495;9.53711;12.0194;71.1249;-44.1414
7.22739;9.3573;11.8235;71.3052;-44.3212
7.14036;9.17723;11.6278;71.4853;-44.5013
7.05382;8.99692;11.4324;71.6653;-44.6816
6.96775;8.81638;11.2374;71.8452;-44.8621
6.88211;8.63565;11.0425;72.025;-45.0429
6.79684;8.45473;10.848;72.2048;-45.2238
6.71191;8.27366;10.6538;72.3845;-45.4049
6.62724;8.09247;10.4598;72.5641;-45.586
6.54279;7.91117;10.2662;72.7438;-45.7673
6.45848;7.72981;10.0728;72.9234;-45.9487
6.37423;7.54842;9.87975;73.1032;-46.1301
6.28999;7.36703;9.68696;73.2831;-46.3115
6.20571;7.18565;9.49444;73.4631;-46.4929
6.12136;7.00431;9.30223;73.6432;-46.6742
6.03692;6.82301;9.11032;73.8235;-46.8555
5.95239;6.64175;8.91873;74.0039;-47.0368
5.86775;6.46054;8.72749;74.1844;-47.218
5.78297;6.2794;8.53661;74.3652;-47.3991
5.69801;6.09835;8.34608;74.5461;-47.5802
5.6128;5.91741;8.15593;74.7272;-47.7611
5.52731;5.7366;7.96616;74.9086;-47.9419
5.44153;5.55593;7.7768;75.0902;-48.1226
5.35544;5.3754;7.58787;75.272;-48.3031
5.26906;5.19502;7.39941;75.4541;-48.4835
5.18239;5.01477;7.21146;75.6363;-48.6637
5.09546;4.83465;7.02407;75.8188;-48.8439
5.00829;4.65465;6.8373;76.0015;-49.0239
4.92088;4.47476;6.65121;76.1844;-49.2038
4.83323;4.29499;6.46584;76.3674;-49.3835
4.74528;4.11537;6.28123;76.5507;-49.5631
4.65694;3.93593;6.09743;76.7342;-49.7426
4.56816;3.75672;5.91447;76.9181;-49.9218
4.4791;3.57764;5.73253;77.1021;-50.1009
4.39029;3.39844;5.55194;77.2861;-50.2801
4.30254;3.21872;5.37326;77.4697;-50.4598
4.21638;3.03821;5.19698;77.6527;-50.6403
4.13184;2.85695;5.02337;77.835;-50.8216
4.04807;2.67534;4.85225;78.0171;-51.0032
3.96285;2.4944;4.68254;78.1999;-51.1841
3.87208;2.31607;4.5119;78.3853;-51.3624
3.77105;2.14308;4.33747;78.575;-51.5354
3.65786;1.97758;4.15821;78.769;-51.7009
3.53498;1.81932;3.97567;78.9656;-51.8592
3.40609;1.66619;3.79178;79.1634;-52.0123
3.27323;1.5166;3.60751;79.3618;-52.1619
3.13691;1.37017;3.4231;79.5608;-52.3083
2.99699;1.22718;3.23851;79.7602;-52.4513
2.85318;1.08808;3.05362;79.96;-52.5904
2.70535;0.953244;2.86838;80.1601;-52.7253
2.55376;0.822666;2.68299;80.3601;-52.8558
2.39916;0.695695;2.49799;80.5601;-52.9828
2.24268;0.571099;2.31425;80.7599;-53.1074
2.08546;0.44748;2.13292;80.9597;-53.231
1.92831;0.323765;1.9553;81.1594;-53.3547
1.77164;0.199451;1.78283;81.3592;-53.4791
1.61545;0.0745289;1.61717;81.559;-53.604
1.45953;-0.0507331;1.46041;81.7589;-53.7292
1.30363;-0.176006;1.31545;81.9587;-53.8545
1.14752;-0.301026;1.18634;82.1585;-53.9795
0.991087;-0.425645;1.07862;82.3583;-54.1042
0.834305;-0.549822;0.999184;82.5581;-54.2283
0.677202;-0.673591;0.955158;82.7579;-54.3521
0.519835;-0.797025;0.951566;82.9576;-54.4755
0.362277;-0.920213;0.988957;83.1573;-54.5987
0.204607;-1.04326;1.06313;83.357;-54.7218
0.046943;-1.16631;1.16726;83.5568;-54.8448
-0.110495;-1.28966;1.29438;83.7565;-54.9682
-0.267285;-1.41382;1.43887;83.9563;-55.0923
-0.42273;-1.53969;1.59666;84.1562;-55.2182
-0.575961;-1.66827;1.76489;84.3562;-55.3468
-0.72639;-1.80014;1.94117;84.5562;-55.4787
-0.874448;-1.93464;2.12309;84.7562;-55.6132
-1.02197;-2.06968;2.30825;84.9561;-55.7482
-1.17156;-2.20248;2.49469;85.1562;-55.881
-1.32513;-2.33074;2.68111;85.3562;-56.0093
-1.48308;-2.45362;2.86702;85.556;-56.1321
-1.64437;-2.57202;3.05274;85.7554;-56.2505
-1.80721;-2.68817;3.23917;85.9545;-56.3667
-1.96985;-2.80457;3.42723;86.1537;-56.4831
-2.13112;-2.92287;3.6173;86.353;-56.6014
-2.29073;-3.04342;3.80918;86.5526;-56.7219
-2.44907;-3.16563;4.00239;86.7522;-56.8441
-2.60685;-3.28853;4.19644;86.952;-56.967
-2.76474;-3.41129;4.39098;87.1517;-57.0898
-2.92317;-3.53336;4.5858;87.3513;-57.2119
-3.0823;-3.65452;4.7808;87.5509;-57.333
-3.24209;-3.77481;4.97597;87.7505;-57.4533
-3.40242;-3.89437;5.17132;87.9499;-57.5729
-3.56312;-4.01342;5.36688;88.1494;-57.6919
-3.72406;-4.13216;5.56268;88.3488;-57.8107
-3.88511;-4.25075;5.75873;88.5482;-57.9293
-4.04616;-4.36934;5.95504;88.7475;-58.0479
-4.20713;-4.48804;6.15162;88.9469;-58.1666
-4.36794;-4.60696;6.34846;89.1464;-58.2855
-4.52851;-4.72618;6.54555;89.3458;-58.4047
-4.6888;-4.8458;6.74289;89.5453;-58.5243
-4.84873;-4.96589;6.94048;89.7448;-58.6444
-5.00826;-5.08652;7.1383;89.9444;-58.765
-5.16733;-5.20775;7.33635;90.1441;-58.8863
-5.32592;-5.32961;7.5346;90.3437;-59.0081
-5.48404;-5.45209;7.73304;90.5435;-59.1306
-5.64179;-5.57503;7.93163;90.7432;-59.2535
-5.7993;-5.69828;8.13033;90.943;-59.3768
-5.95661;-5.82178;8.32913;91.1428;-59.5003
-6.11357;-5.94573;8.52804;91.3426;-59.6242
-6.26995;-6.07041;8.7271;91.5425;-59.7489
-6.4255;-6.19614;8.92632;91.7424;-59.8747
-6.58014;-6.32298;9.1257;91.9423;-60.0015
-6.73414;-6.45059;9.32517;92.1423;-60.1291
-6.88802;-6.57835;9.52468;92.3422;-60.2569
-7.04216;-6.70578;9.72418;92.5422;-60.3843
-7.1967;-6.83274;9.92365;92.7422;-60.5113
-7.35159;-6.95927;10.1231;92.9421;-60.6378
-7.5068;-7.08541;10.3226;93.142;-60.7639
-7.66234;-7.21113;10.522;93.3419;-60.8896
-7.81836;-7.33626;10.7214;93.5418;-61.0148
-7.97502;-7.4606;10.9207;93.7416;-61.1391
-8.13245;-7.58396;11.1199;93.9414;-61.2625
-8.29074;-7.70622;11.3191;94.1412;-61.3847
-8.44988;-7.82736;11.5182;94.3408;-61.5059
-8.60983;-7.94743;11.7171;94.5404;-61.6259
-8.77049;-8.06655;11.916;94.7399;-61.7451
-8.93174;-8.18487;12.1148;94.9393;-61.8634
-9.09347;-8.30253;12.3135;95.1386;-61.981
-9.25556;-8.41969;12.5123;95.3379;-62.0982
-9.41793;-8.53647;12.711;95.5372;-62.215
-9.5805;-8.65297;12.9097;95.7364;-62.3315
-9.74321;-8.76927;13.1084;95.9357;-62.4478
-9.90601;-8.88544;13.3071;96.1349;-62.564
-10.0689;-9.00151;13.5059;96.3341;-62.68
-10.2318;-9.11753;13.7047;96.5333;-62.796
-10.3947;-9.23352;13.9035;96.7325;-62.912
-10.5577;-9.34948;14.1024;96.9317;-63.028
-10.7206;-9.46544;14.3013;97.1309;-63.144
-10.8836;-9.58139;14.5002;97.3301;-63.2599
-11.0465;-9.69734;14.6991;97.5293;-63.3759
-11.2095;-9.81329;14.8981;97.7285;-63.4918
-11.3725;-9.92925;15.0971;97.9277;-63.6078
-11.5354;-10.0452;15.2961;98.1269;-63.7237
-11.6984;-10.1612;15.4952;98.3262;-63.8397
-11.8613;-10.2771;15.6943;98.5254;-63.9557
-12.0242;-10.3931;15.8934;98.7246;-64.0716
-12.1872;-10.5091;16.0925;98.9238;-64.1876
-12.3501;-10.6251;16.2916;99.1231;-64.3036
-12.5131;-10.741;16.4908;99.3223;-64.4195
-12.676;-10.857;16.69;99.5216;-64.5355
-12.8389;-10.973;16.8892;99.7208;-64.6515
-13.0019;-11.089;17.0884;99.9201;-64.7675
-13.1648;-11.2049;17.2877;100.119;-64.8835
-13.3278;-11.3209;17.4869;100.319;-64.9994
-13.4907;-11.4369;17.6862;100.518;-65.1154
-13.6536;-11.5529;17.8855;100.717;-65.2314
-13.8166;-11.6689;18.0848;100.916;-65.3474
-13.9795;-11.7849;18.2841;101.116;-65.4634
-14.1424;-11.9009;18.4835;101.315;-65.5794
-14.3053;-12.0169;18.6828;101.514;-65.6955
-14.4682;-12.133;18.8822;101.713;-65.8115
-14.631;-12.2491;19.0816;101.913;-65.9276
-14.7938;-12.3653;19.281;102.112;-66.0438
-14.9565;-12.4816;19.4804;102.311;-66.1601
-15.1192;-12.598;19.6799;102.511;-66.2765
-15.2817;-12.7145;19.8794;102.71;-66.393
-15.4442;-12.8312;20.0789;102.909;-66.5097
-15.6064;-12.9481;20.2784;103.109;-66.6266
-15.7686;-13.0652;20.478;103.308;-66.7437
-15.9305;-13.1826;20.6775;103.508;-66.8611
-16.0922;-13.3002;20.8772;103.707;-66.9787
-16.2538;-13.4181;21.0768;103.907;-67.0966
-16.4152;-13.5363;21.2765;104.106;-67.2148
-16.5763;-13.6547;21.4762;104.306;-67.3332
-16.7373;-13.7734;21.6759;104.505;-67.4519
-16.8981;-13.8923;21.8756;104.705;-67.5708
-17.0588;-14.0114;22.0754;104.904;-67.6899
-17.2193;-14.1307;22.2751;105.104;-67.8092
-17.3798;-14.2501;22.4749;105.304;-67.9286
-17.5401;-14.3697;22.6747;105.503;-68.0482
-17.7003;-14.4894;22.8745;105.703;-68.1679
-17.8605;-14.6091;23.0743;105.903;-68.2877
-18.0206;-14.729;23.2741;106.102;-68.4075
-18.1806;-14.8489;23.4739;106.302;-68.5275
-18.3406;-14.9689;23.6738;106.502;-68.6474
-18.5006;-15.0889;23.8736;106.701;-68.7674
-18.6606;-15.209;24.0734;106.901;-68.8875
-18.8205;-15.3291;24.2733;107.101;-69.0076
-18.9805;-15.4492;24.4731;107.3;-69.1277
-19.1404;-15.5693;24.673;107.5;-69.2478
-19.3003;-15.6894;24.8728;107.7;-69.3679
-19.4602;-15.8095;25.0727;107.899;-69.488
-19.6201;-15.9297;25.2725;108.099;-69.6082
-19.78;-16.0498;25.4724;108.299;-69.7283
-19.9399;-16.17;25.6723;108.498;-69.8485
-20.0997;-16.2901;25.8721;108.698;-69.9686
-20.2596;-16.4103;26.072;108.898;-70.0888
-20.4195;-16.5304;26.2719;109.098;-70.2089
-20.5794;-16.6506;26.4717;109.297;-70.3291
-20.7393;-16.7707;26.6716;109.497;-70.4492
-20.8992;-16.8909;26.8715;109.697;-70.5694
-21.0591;-17.011;27.0714;109.896;-70.6895
-21.219;-17.1312;27.2712;110.096;-70.8097
-21.3788;-17.2513;27.4711;110.296;-70.9298
-21.5387;-17.3715;27.671;110.495;-71.05
-21.6986;-17.4916;27.8709;110.695;-71.1701
-21.8585;-17.6118;28.0708;110.895;-71.2903
-22.0184;-17.7319;28.2707;111.095;-71.4104
-22.1783;-17.8521;28.4705;111.294;-71.5306
-22.3382;-17.9722;28.6704;111.494;-71.6507
-22.4981;-18.0923;28.8703;111.694;-71.7709
-22.658;-18.2125;29.0702;111.893;-71.891
-22.8178;-18.3326;29.2701;112.093;-72.0111
-22.9777;-18.4528;29.47;112.293;-72.1313
-23.1376;-18.5729;29.6699;112.493;-72.2514
-23.2975;-18.6931;29.8698;112.692;-72.3716
-23.4574;-18.8132;30.0697;112.892;-72.4917
-23.6173;-18.9333;30.2696;113.092;-72.6118
-23.7772;-19.0534;30.4695;113.291;-72.732
-23.9372;-19.1736;30.6694;113.491;-72.8521
-24.0971;-19.2937;30.8693;113.691;-72.9722
-24.257;-19.4138;31.0692;113.891;-73.0923
-24.4169;-19.5339;31.2691;114.09;-73.2124
-24.5769;-19.6539;31.469;114.29;-73.3324
-24.7368;-19.774;31.6689;114.49;-73.4525
-24.8968;-19.894;31.8688;114.69;-73.5725
-25.0568;-20.014;32.0687;114.889;-73.6925
-25.2168;-20.134;32.2687;115.089;-73.8125
-25.3769;-20.2539;32.4686;115.289;-73.9324
-25.537;-20.3738;32.6685;115.488;-74.0523
-25.6971;-20.4936;32.8684;115.688;-74.1721
-25.8573;-20.6133;33.0683;115.888;-74.2918
-26.0176;-20.733;33.2682;116.088;-74.4115
-26.1779;-20.8526;33.4681;116.287;-74.5311
-26.3382;-20.9721;33.668;116.487;-74.6506
-26.4987;-21.0915;33.8679;116.687;-74.7701
-26.6592;-21.2109;34.0678;116.886;-74.8894
-26.8198;-21.3301;34.2676;117.086;-75.0086
-26.9804;-21.4491;34.4675;117.286;-75.1277
-27.1412;-21.5681;34.6674;117.485;-75.2466
-27.3021;-21.687;34.8673;117.685;-75.3655
-27.463;-21.8057;35.0672;117.885;-75.4842
-27.624;-21.9243;35.267;118.084;-75.6029
-27.7851;-22.0429;35.4669;118.284;-75.7214
-27.9463;-22.1613;35.6668;118.484;-75.8398
-28.1076;-22.2796;35.8666;118.683;-75.9581
-28.2689;-22.3978;36.0665;118.883;-76.0763
-28.4303;-22.5159;36.2663;119.082;-76.1944
-28.5917;-22.6339;36.4662;119.282;-76.3124
-28.7532;-22.7519;36.666;119.482;-76.4304
-28.9148;-22.8698;36.8659;119.681;-76.5483
-29.0764;-22.9877;37.0657;119.881;-76.6662
-29.238;-23.1055;37.2656;120.08;-76.784
-29.3995;-23.2234;37.4654;120.28;-76.9019
-29.5611;-23.3413;37.6653;120.48;-77.0198
-29.7227;-23.4592;37.8651;120.679;-77.1377
-29.8843;-23.577;38.065;120.879;-77.2555

29.9541;-23.6948;38.1928;121.078;-77.3733
29.7923;-23.8124;38.1394;121.278;-77.4909
29.6305;-23.9299;38.0868;121.477;-77.6084
29.4686;-24.0473;38.0351;121.677;-77.7258
29.3067;-24.1647;37.9844;121.877;-77.8433
29.1448;-24.2822;37.9347;122.076;-77.9607
28.9829;-24.3997;37.8861;122.276;-78.0782
28.8211;-24.5172;37.8385;122.475;-78.1957
28.6593;-24.6347;37.7919;122.675;-78.3132
28.4975;-24.7523;37.7463;122.875;-78.4308
28.3357;-24.8698;37.7017;123.074;-78.5483
28.1738;-24.9873;37.6581;123.274;-78.6659
28.012;-25.1049;37.6155;123.473;-78.7834
27.8502;-25.2224;37.574;123.673;-78.9009
27.6884;-25.3399;37.5334;123.873;-79.0185
27.5266;-25.4575;37.4939;124.072;-79.136
27.3647;-25.575;37.4554;124.272;-79.2535
27.2029;-25.6925;37.4179;124.471;-79.371
27.0411;-25.81;37.3815;124.671;-79.4885
26.8792;-25.9275;37.3461;124.871;-79.606
26.7174;-26.045;37.3117;125.07;-79.7236
26.5555;-26.1626;37.2784;125.27;-79.8411
26.3937;-26.2801;37.2461;125.469;-79.9586
26.2319;-26.3976;37.2148;125.669;-80.0761
26.07;-26.5151;37.1846;125.869;-80.1936
25.9082;-26.6326;37.1555;126.068;-80.3111
25.7464;-26.7501;37.1274;126.268;-80.4286
25.5845;-26.8676;37.1003;126.467;-80.5461
25.4227;-26.9851;37.0744;126.667;-80.6636
25.2608;-27.1026;37.0494;126.867;-80.7811
25.099;-27.2201;37.0256;127.066;-80.8986
24.9372;-27.3376;37.0028;127.266;-81.0161
24.7753;-27.4551;36.9811;127.465;-81.1337
24.6135;-27.5726;36.9604;127.665;-81.2512
24.4516;-27.6902;36.9409;127.865;-81.3687
24.2898;-27.8077;36.9224;128.064;-81.4862
24.128;-27.9252;36.9049;128.264;-81.6037
23.9661;-28.0427;36.8886;128.464;-81.7212
23.8043;-28.1602;36.8733;128.663;-81.8387
23.6425;-28.2777;36.8591;128.863;-81.9562
23.4806;-28.3952;36.846;129.062;-82.0737
23.3188;-28.5128;36.834;129.262;-82.1913
23.157;-28.6303;36.8231;129.462;-82.3088
22.9951;-28.7478;36.8132;129.661;-82.4263
22.8333;-28.8653;36.8044;129.861;-82.5438
22.6715;-28.9829;36.7968;130.061;-82.6614
22.5097;-29.1004;36.7902;130.26;-82.7789
22.3479;-29.2179;36.7847;130.46;-82.8965
22.186;-29.3355;36.7803;130.659;-83.014
22.0242;-29.4529;36.7769;130.859;-83.1314
21.8622;-29.5703;36.7744;131.059;-83.2488
21.7001;-29.6875;36.7728;131.258;-83.366
21.538;-29.8046;36.7723;131.458;-83.4831
21.3759;-29.9217;36.7728;131.658;-83.6002

21.2137;29.9612;36.711;131.857;-83.7173
21.0521;29.8434;36.5215;132.057;-83.8351
20.8908;29.7253;36.332;132.257;-83.9533
20.7294;29.607;36.1426;132.456;-84.0715
20.5681;29.4889;35.9533;132.656;-84.1896
20.4066;29.3708;35.7642;132.856;-84.3077
20.2452;29.2528;35.5752;133.055;-84.4257
20.0837;29.1348;35.3863;133.255;-84.5437
19.9222;29.0168;35.1976;133.455;-84.6617
19.7607;28.8988;35.0089;133.654;-84.7797
19.5993;28.7807;34.8204;133.854;-84.8978
19.4379;28.6626;34.632;134.054;-85.0159
19.2766;28.5444;34.4437;134.253;-85.1341
19.1153;28.4261;34.2555;134.453;-85.2524
18.9541;28.3077;34.0674;134.653;-85.3708
18.7929;28.1893;33.8794;134.853;-85.4892
18.6318;28.0708;33.6915;135.052;-85.6077
18.4708;27.9522;33.5037;135.252;-85.7263
18.3098;27.8335;33.316;135.452;-85.845
18.1488;27.7148;33.1284;135.651;-85.9637
17.9879;27.5961;32.941;135.851;-86.0825
17.827;27.4773;32.7537;136.051;-86.2012
17.6661;27.3585;32.5665;136.251;-86.32
17.5051;27.2398;32.3796;136.45;-86.4387
17.3439;27.1214;32.1929;136.65;-86.5571
17.1824;27.0035;32.0066;136.85;-86.675
17.0202;26.8864;31.8209;137.05;-86.7921
16.857;26.7708;31.636;137.249;-86.9077
16.6922;26.6575;31.4524;137.448;-87.021
16.5256;26.5469;31.2703;137.647;-87.1317
16.3582;26.4373;31.089;137.846;-87.2412
16.1949;26.3217;30.9048;138.046;-87.3568
16.0443;26.1882;30.7123;138.247;-87.4903
15.9128;26.0351;30.513;138.446;-87.6434
15.8007;25.8677;30.3117;138.638;-87.8108
15.699;25.6951;30.1114;138.826;-87.9834
15.6004;25.5211;29.9115;139.013;-88.1574
15.4965;25.3501;29.7114;139.202;-88.3285
15.3712;25.1922;29.5113;139.399;-88.4864
15.212;25.0632;29.3184;139.604;-88.6153
15.0179;24.985;29.1512;139.803;-88.6935
14.8201;24.9409;29.0118;139.984;-88.7376
14.6329;24.8616;28.8482;140.179;-88.8169
14.4514;24.7771;28.6836;140.373;-88.9014
14.2833;24.6643;28.5016;140.575;-89.0142
14.1237;24.5432;28.317;140.775;-89.1353
13.9799;24.402;28.1228;140.976;-89.2766
13.8447;24.2542;27.9274;141.174;-89.4243
13.7241;24.0934;27.728;141.369;-89.5851
13.6106;23.9286;27.5286;141.562;-89.7499
13.5089;23.7557;27.3281;141.75;-89.9228
13.412;23.5807;27.1281;141.936;-90.0978
13.3242;23.4007;26.9282;142.118;-90.2778
13.239;23.2198;26.7288;142.299;-90.4588
13.1604;23.0357;26.53;142.476;-90.6428
13.083;22.8513;26.3315;142.653;-90.8272
13.0104;22.6648;26.1336;142.828;-91.0137
12.9379;22.4784;25.9359;143.003;-91.2001
12.869;22.2907;25.7388;143.176;-91.3879
12.7994;22.1031;25.5416;143.349;-91.5754
12.7326;21.9146;25.345;143.521;-91.7639
12.6648;21.7265;25.1483;143.693;-91.952
12.5991;21.5375;24.952;143.865;-92.141
12.5324;21.349;24.7556;144.037;-92.3295
12.4677;21.1597;24.5597;144.208;-92.5188
12.4022;20.9708;24.3636;144.379;-92.7078
12.3388;20.781;24.1681;144.55;-92.8975
12.2748;20.5916;23.9726;144.721;-93.0869
12.2126;20.4015;23.7775;144.89;-93.277
12.149;20.2119;23.5821;145.061;-93.4667
12.0857;20.0221;23.387;145.232;-93.6564
