#1 AntPos X;#2 AntPos Y;#3 Distance form nest;#4 Total Distance;#5 Total Y Distance
6.2155;0.264632;6.22113;0.2;-0.196022
6.17581;0.06861;6.17619;0.4;-0.392043
6.13611;-0.127412;6.13743;0.6;-0.588065
6.09642;-0.323433;6.10499;0.8;-0.784086
6.05673;-0.519455;6.07896;1;-0.980108
6.01703;-0.715476;6.05942;1.2;-1.17613
5.97734;-0.911498;6.04644;1.4;-1.37215
5.93765;-1.10752;6.04005;1.6;-1.56817
5.89795;-1.30354;6.04029;1.8;-1.76419
5.85826;-1.49956;6.04714;2;-1.96022
5.81857;-1.69558;6.06059;2.2;-2.15624
5.77887;-1.89161;6.08059;2.4;-2.35226
5.73918;-2.08763;6.10708;2.6;-2.54828
5.69949;-2.28365;6.13997;2.8;-2.7443
5.65979;-2.47967;6.17916;3;-2.94032
5.6201;-2.67569;6.22454;3.2;-3.13635
5.58041;-2.87171;6.27596;3.4;-3.33237
5.54072;-3.06774;6.33329;3.6;-3.52839
5.50102;-3.26376;6.39635;3.8;-3.72441
5.46133;-3.45978;6.465;4;-3.92043
5.42164;-3.6558;6.53904;4.2;-4.11645
5.38194;-3.85182;6.6183;4.4;-4.31247
5.34225;-4.04784;6.70259;4.6;-4.5085
5.30256;-4.24386;6.79172;4.8;-4.70452
5.26286;-4.43989;6.88552;5;-4.90054
5.22317;-4.63591;6.98378;5.2;-5.09656
5.18348;-4.83193;7.08632;5.4;-5.29258
5.14378;-5.02795;7.19297;5.6;-5.4886
5.10409;-5.22397;7.30354;5.8;-5.68463
5.0644;-5.41999;7.41785;6;-5.88065
5.0247;-5.61602;7.53573;6.2;-6.07667
4.98501;-5.81204;7.65703;6.4;-6.27269
4.94532;-6.00806;7.78158;6.6;-6.46871
4.90563;-6.20408;7.90922;6.8;-6.66473
4.86593;-6.4001;8.03981;7;-6.86076
4.82624;-6.59612;8.17321;7.2;-7.05678
4.78655;-6.79214;8.30929;7.4;-7.2528
4.74685;-6.98817;8.4479;7.6;-7.44882
4.70716;-7.18419;8.58894;7.8;-7.64484
4.66747;-7.38021;8.73228;8;-7.84086
4.62777;-7.57623;8.87781;8.2;-8.03688
4.58808;-7.77225;9.02543;8.4;-8.23291
4.54839;-7.96827;9.17503;8.6;-8.42893
4.50869;-8.1643;9.32652;8.8;-8.62495
4.469;-8.36032;9.47981;9;-8.82097
4.42931;-8.55634;9.63482;9.2;-9.01699
4.38962;-8.75236;9.79145;9.4;-9.21301
4.34992;-8.94838;9.94964;9.6;-9.40904
4.31023;-9.1444;10.1093;9.8;-9.60506
4.27054;-9.34043;10.2704;10;-9.80108
4.23084;-9.53645;10.4328;10.2;-9.9971
4.19115;-9.73247;10.5965;10.4;-10.1931
4.15146;-9.92849;10.7615;10.6;-10.3891
4.11176;-10.1245;10.9276;10.8;-10.5852
4.07207;-10.3205;11.0948;11;-10.7812
4.03238;-10.5166;11.2631;11.2;-10.9772
3.99268;-10.7126;11.4324;11.4;-11.1732
3.95299;-10.9086;11.6027;11.6;-11.3693
3.9133;-11.1046;11.774;11.8;-11.5653
3.8736;-11.3006;11.9461;12;-11.7613
3.83391;-11.4967;12.1191;12.2;-11.9573
3.79422;-11.6927;12.2929;12.4;-12.1533
3.75453;-11.8887;12.4675;12.6;-12.3494
3.71483;-12.0847;12.6428;12.8;-12.5454
3.67514;-12.2807;12.8189;13;-12.7414
3.63545;-12.4768;12.9956;13.2;-12.9374
3.59575;-12.6728;13.173;13.4;-13.1334
3.55606;-12.8688;13.3511;13.6;-13.3295
3.51637;-13.0648;13.5298;13.8;-13.5255
3.47667;-13.2609;13.709;14;-13.7215
3.43698;-13.4569;13.8889;14.2;-13.9175
3.39729;-13.6529;14.0692;14.4;-14.1136
3.35759;-13.8489;14.2501;14.6;-14.3096
3.3179;-14.0449;14.4315;14.8;-14.5056
3.27821;-14.241;14.6134;15;-14.7016
3.23851;-14.437;14.7958;15.2;-14.8976
3.19882;-14.633;14.9786;15.4;-15.0937
3.15913;-14.829;15.1618;15.6;-15.2897
3.11944;-15.0251;15.3455;15.8;-15.4857
3.07974;-15.2211;15.5295;16;-15.6817
3.04005;-15.4171;15.714;16.2;-15.8777
3.00036;-15.6131;15.8988;16.4;-16.0738
2.96066;-15.8091;16.084;16.6;-16.2698
2.92097;-16.0052;16.2695;16.8;-16.4658
2.88128;-16.2012;16.4554;17;-16.6618
2.84158;-16.3972;16.6416;17.2;-16.8579
2.80189;-16.5932;16.8281;17.4;-17.0539
2.7622;-16.7892;17.0149;17.6;-17.2499
2.7225;-16.9853;17.2021;17.8;-17.4459
2.68281;-17.1813;17.3895;18;-17.6419
2.64312;-17.3773;17.5772;18.2;-17.838
2.60342;-17.5733;17.7651;18.4;-18.034
2.56373;-17.7694;17.9533;18.6;-18.23
2.52404;-17.9654;18.1418;18.8;-18.426
2.48435;-18.1614;18.3305;19;-18.622
2.44465;-18.3574;18.5195;19.2;-18.8181
2.40496;-18.5534;18.7087;19.4;-19.0141
2.36527;-18.7495;18.8981;19.6;-19.2101
2.32557;-18.9455;19.0877;19.8;-19.4061
2.28588;-19.1415;19.2775;20;-19.6022
2.24619;-19.3375;19.4675;20.2;-19.7982
2.20649;-19.5335;19.6578;20.4;-19.9942
2.1668;-19.7296;19.8482;20.6;-20.1902
2.12711;-19.9256;20.0388;20.8;-20.3862
2.08741;-20.1216;20.2296;21;-20.5823
2.04772;-20.3176;20.4206;21.2;-20.7783
2.00803;-20.5137;20.6117;21.4;-20.9743
1.96834;-20.7097;20.803;21.6;-21.1703
1.92864;-20.9057;20.9945;21.8;-21.3664
1.88895;-21.1017;21.1861;22;-21.5624
1.84926;-21.2977;21.3779;22.2;-21.7584
1.80956;-21.4938;21.5698;22.4;-21.9544
1.76987;-21.6898;21.7619;22.6;-22.1504
1.73018;-21.8858;21.9541;22.8;-22.3465
1.69048;-22.0818;22.1464;23;-22.5425
1.65079;-22.2778;22.3389;23.2;-22.7385
1.6111;-22.4739;22.5315;23.4;-22.9345
1.5714;-22.6699;22.7243;23.6;-23.1305
1.53171;-22.8659;22.9172;23.8;-23.3266
1.49202;-23.0619;23.1101;24;-23.5226
1.45232;-23.258;23.3033;24.2;-23.7186
1.41263;-23.454;23.4965;24.4;-23.9146
1.37294;-23.65;23.6898;24.6;-24.1107
1.33372;-23.8461;23.8834;24.8;-24.3068
1.31527;-24.0464;24.0823;25;-24.507
1.3845;-24.2536;24.2931;25.1897;-24.7143
1.49245;-24.4284;24.474;25.3407;-24.8891
1.5231;-24.6445;24.6916;25.5473;-25.1052
1.5349;-24.8449;24.8922;25.742;-25.3055
1.48246;-25.0483;25.0921;25.9516;-25.509
1.43072;-25.2415;25.282;26.151;-25.7022
1.35162;-25.4274;25.4633;26.3483;-25.888
1.26225;-25.6067;25.6378;26.5412;-26.0674
1.15682;-25.7776;25.8036;26.729;-26.2383
1.04327;-25.9426;25.9635;26.9127;-26.4032
0.922237;-26.1021;26.1183;27.0928;-26.5627
0.795672;-26.2571;26.2691;27.2698;-26.7177
0.664957;-26.4085;26.4169;27.4446;-26.8692
0.531149;-26.5572;26.5626;27.6176;-27.0179
0.395049;-26.7038;26.7068;27.7894;-27.1645
0.257265;-26.8488;26.8501;27.9604;-27.3095
0.11825;-26.9926;26.9929;28.1308;-27.4533
-0.0216576;-27.1355;27.1355;28.301;-27.5962
-0.162208;-27.2778;27.2783;28.4712;-27.7385
-0.303218;-27.4197;27.4213;28.6413;-27.8803
-0.444556;-27.5612;27.5648;28.8116;-28.0218
-0.586124;-27.7024;27.7086;28.9821;-28.1631
-0.727854;-27.8436;27.8531;29.1529;-28.3042
-0.869697;-27.9846;27.9981;29.3239;-28.4452
-1.01162;-28.1255;28.1437;29.4953;-28.5861
-1.15359;-28.2663;28.2899;29.667;-28.727
-1.2956;-28.4072;28.4367;29.839;-28.8678
-1.43764;-28.548;28.5842;30.0113;-29.0086
-1.57969;-28.6888;28.7322;30.184;-29.1494
-1.72175;-28.8295;28.8809;30.357;-29.2902
-1.86382;-28.9703;29.0302;30.5303;-29.431
-2.00589;-29.1111;29.1801;30.704;-29.5717
-2.14797;-29.2518;29.3306;30.8779;-29.7125
-2.29005;-29.3926;29.4817;31.0522;-29.8533
-2.43213;-29.5334;29.6333;31.2268;-29.994
-2.57421;-29.6741;29.7856;31.4016;-30.1348
-2.71629;-29.8149;29.9384;31.5768;-30.2755
-2.85837;-29.9556;30.0917;31.7523;-30.4163

-3.00045;29.9036;30.0538;31.928;-30.557
-3.14253;29.7628;29.9283;32.1041;-30.6978
-3.28462;29.6221;29.8036;32.2804;-30.8386
-3.4267;29.4813;29.6798;32.457;-30.9793
-3.56878;29.3406;29.5568;32.6339;-31.1201
-3.71086;29.1998;29.4347;32.811;-31.2608
-3.85294;29.0591;29.3134;32.9884;-31.4016
-3.99502;28.9183;29.1929;33.1661;-31.5424
-4.1371;28.7775;29.0734;33.344;-31.6831
-4.27919;28.6368;28.9547;33.5221;-31.8239
-4.42127;28.496;28.837;33.7005;-31.9646
-4.56335;28.3553;28.7201;33.8792;-32.1054
-4.70543;28.2145;28.6042;34.058;-32.2461
-4.84751;28.0737;28.4892;34.2371;-32.3869
-4.98959;27.933;28.3751;34.4165;-32.5277
-5.13167;27.7922;28.262;34.596;-32.6684
-5.27375;27.6515;28.1499;34.7758;-32.8092
-5.41584;27.5107;28.0387;34.9559;-32.9499
-5.55792;27.37;27.9286;35.1361;-33.0907
-5.7;27.2292;27.8194;35.3165;-33.2315
-5.84208;27.0884;27.7113;35.4972;-33.3722
-5.98416;26.9477;27.6041;35.678;-33.513
-6.12624;26.8069;27.498;35.8591;-33.6537
-6.26832;26.6662;27.393;36.0403;-33.7945
-6.41041;26.5254;27.289;36.2218;-33.9352
-6.55249;26.3846;27.1861;36.4034;-34.076
-6.69457;26.2439;27.0843;36.5853;-34.2168
-6.83665;26.1031;26.9836;36.7673;-34.3575
-6.97873;25.9624;26.884;36.9495;-34.4983
-7.12081;25.8216;26.7855;37.1319;-34.639
-7.26289;25.6809;26.6881;37.3145;-34.7798
-7.40498;25.5401;26.5919;37.4973;-34.9206
-7.54706;25.3993;26.4969;37.6802;-35.0613
-7.68914;25.2586;26.403;37.8633;-35.2021
-7.83122;25.1178;26.3103;38.0466;-35.3428
-7.9733;24.9771;26.2188;38.23;-35.4836
-8.11538;24.8363;26.1286;38.4136;-35.6243
-8.25746;24.6955;26.0395;38.5974;-35.7651
-8.39954;24.5548;25.9517;38.7813;-35.9059
-8.54163;24.414;25.8651;38.9654;-36.0466
-8.68371;24.2733;25.7798;39.1497;-36.1874
-8.82579;24.1325;25.6958;39.3341;-36.3281
-8.96787;23.9918;25.613;39.5186;-36.4689
-9.10995;23.851;25.5316;39.7033;-36.6097
-9.25203;23.7102;25.4514;39.8882;-36.7504
-9.39411;23.5695;25.3726;40.0732;-36.8912
-9.53619;23.4287;25.2951;40.2583;-37.0319
-9.67826;23.2879;25.219;40.4436;-37.1727
-9.82033;23.1472;25.1442;40.629;-37.3135
-9.9624;23.0064;25.0708;40.8146;-37.4542
-10.1045;22.8656;24.9987;41.0003;-37.595
-10.2465;22.7248;24.9281;41.1861;-37.7358
-10.3885;22.584;24.8588;41.3721;-37.8766
-10.5305;22.4432;24.7909;41.5583;-38.0175
-10.6725;22.3023;24.7243;41.7445;-38.1584
-10.8144;22.1613;24.6592;41.931;-38.2993
-10.9562;22.0203;24.5953;42.1176;-38.4404
-11.0979;21.8791;24.5328;42.3044;-38.5815
-11.2394;21.7378;24.4716;42.4914;-38.7228
-11.3807;21.5963;24.4115;42.6786;-38.8644
-11.5217;21.4545;24.3525;42.8661;-39.0062
-11.6624;21.3124;24.2946;43.0538;-39.1483
-11.8027;21.1698;24.2377;43.2419;-39.2909
-11.9425;21.0268;24.1816;43.4303;-39.4339
-12.0818;20.8833;24.1264;43.619;-39.5774
-12.2205;20.7392;24.0719;43.8081;-39.7215
-12.3578;20.5937;24.017;43.9979;-39.867
-12.4804;20.4344;23.9443;44.1941;-40.0262
-12.5824;20.2605;23.8497;44.3949;-40.2001
-12.6605;20.0745;23.7334;44.5965;-40.3862
-12.7005;19.8744;23.5859;44.7947;-40.5863
-12.741;19.6785;23.4431;44.9893;-40.7821
-12.7895;19.4843;23.3068;45.1859;-40.9764
-12.8409;19.291;23.1739;45.3828;-41.1697
-12.8923;19.0977;23.042;45.5798;-41.3629
-12.9438;18.9045;22.9111;45.7768;-41.5562
-12.9957;18.7113;22.7816;45.974;-41.7493
-13.0538;18.5198;22.658;46.1722;-41.9408
-13.1295;18.3338;22.5502;46.3728;-42.1269
-13.2147;18.1525;22.4531;46.5731;-42.3081
-13.3085;17.9757;22.3661;46.773;-42.485
-13.4088;17.8025;22.2873;46.9723;-42.6582
-13.514;17.6322;22.2154;47.1709;-42.8284
-13.6228;17.4643;22.1491;47.3689;-42.9963
-13.7342;17.2982;22.0875;47.5665;-43.1624
-13.8476;17.1335;22.0298;47.7636;-43.3272
-13.9625;16.9698;21.9755;47.9605;-43.4909
-14.0784;16.8068;21.9241;48.1572;-43.6539
-14.195;16.6443;21.8754;48.3537;-43.8164
-14.3122;16.4822;21.829;48.5502;-43.9784
-14.4298;16.3205;21.7848;48.7466;-44.1402
-14.5477;16.1589;21.7427;48.9429;-44.3018
-14.6658;15.9974;21.7026;49.1392;-44.4632
-14.7839;15.8361;21.6644;49.3356;-44.6246
-14.9022;15.6748;21.6281;49.5319;-44.7858
-15.0206;15.5136;21.5937;49.7282;-44.9471
-15.1389;15.3524;21.5611;49.9246;-45.1083
-15.2574;15.1912;21.5304;50.121;-45.2695
-15.3758;15.03;21.5016;50.3174;-45.4306
-15.4942;14.8689;21.4745;50.5138;-45.5918
-15.6127;14.7077;21.4493;50.7103;-45.7529
-15.7311;14.5466;21.426;50.9068;-45.9141
-15.8496;14.3855;21.4045;51.1033;-46.0752
-15.9681;14.2243;21.3848;51.2998;-46.2363
-16.0865;14.0632;21.367;51.4964;-46.3975
-16.205;13.902;21.3511;51.693;-46.5586
-16.3235;13.7409;21.337;51.8896;-46.7197
-16.442;13.5798;21.3248;52.0863;-46.8809
-16.5604;13.4186;21.3145;52.2829;-47.042
-16.6789;13.2575;21.306;52.4796;-47.2032
-16.7974;13.0964;21.2994;52.6763;-47.3643
-16.9158;12.9352;21.2947;52.8731;-47.5254
-17.0343;12.7741;21.2919;53.0699;-47.6866
-17.1528;12.613;21.291;53.2666;-47.8477
-17.2713;12.4519;21.292;53.4634;-48.0088
-17.3904;12.2912;21.2955;53.6601;-48.1695
-17.5118;12.1322;21.3039;53.8564;-48.3284
-17.6407;11.979;21.3234;54.0508;-48.4817
-17.7837;11.838;21.3635;54.2405;-48.6227
-17.9422;11.7138;21.4275;54.4221;-48.7468
-18.1103;11.6041;21.509;54.5953;-48.8566
-18.2761;11.4922;21.589;54.7695;-48.9685
-18.4312;11.3645;21.6532;54.9531;-49.0961
-18.5713;11.22;21.6975;55.1452;-49.2407
-18.6942;11.0607;21.7213;55.3429;-49.4
-18.7985;10.8885;21.7242;55.5436;-49.5722
-18.8803;10.7042;21.7036;55.7449;-49.7565
-18.9345;10.5094;21.6556;55.9432;-49.9512
-18.9597;10.3088;21.581;56.1337;-50.1518
-18.9573;10.107;21.4833;56.3131;-50.3537
-18.9302;9.90728;21.366;56.4796;-50.5534
-18.8822;9.71195;21.2335;56.6332;-50.7487
-18.8185;9.52167;21.0902;56.7756;-50.939
-18.7441;9.33565;20.9403;56.9099;-51.125
-18.6636;9.15244;20.787;57.0393;-51.3082
-18.58;8.97072;20.6323;57.1664;-51.4899
-18.4956;8.78942;20.4778;57.2933;-51.6712
-18.4121;8.60766;20.3248;57.4213;-51.853
-18.3316;8.42456;20.1747;57.5523;-52.0361
-18.256;8.2393;20.0292;57.6877;-52.2214
-18.1874;8.0513;19.8898;57.8289;-52.4094
-18.1272;7.86038;19.758;57.9766;-52.6003
-18.0765;7.66665;19.6351;58.1312;-52.794
-18.0371;7.47023;19.5228;58.2932;-52.9904
-18.0174;7.2702;19.4289;58.4669;-53.1905
-18.0462;7.06638;19.3804;58.6644;-53.3943
-18.1248;6.87552;19.3851;58.8706;-53.5851
-18.2578;6.71398;19.4531;59.0728;-53.7467
-18.3972;6.56965;19.535;59.2619;-53.891
-18.5752;6.46353;19.6676;59.4326;-53.9971
-18.7882;6.43024;19.8581;59.5521;-54.0304
-18.9931;6.44624;20.0572;59.6241;-54.0144
-19.1903;6.49005;20.258;59.6682;-53.9706
-19.3813;6.55263;20.459;59.6934;-53.908
-19.5669;6.62833;20.6591;59.7051;-53.8323
-19.7484;6.71299;20.8582;59.7076;-53.7477
-19.9268;6.80353;21.0563;59.7041;-53.6571
-20.1032;6.89796;21.2537;59.697;-53.5627
-20.278;6.99516;21.4507;59.6873;-53.4655
-20.4515;7.09466;21.6472;59.6756;-53.366
-20.6238;7.19638;21.8432;59.6621;-53.2643
-20.7946;7.30037;22.0389;59.6465;-53.1603
-20.964;7.40673;22.234;59.6289;-53.0539
-21.1319;7.5155;22.4285;59.6091;-52.9452
-21.2982;7.6266;22.6225;59.5871;-52.8341
-21.4631;7.73984;22.816;59.5633;-52.7208
-21.6266;7.85497;23.009;59.5378;-52.6057
-21.7891;7.97169;23.2015;59.5111;-52.489
-21.9506;8.08968;23.3938;59.4835;-52.371
-22.1113;8.20865;23.5859;59.4553;-52.252
-22.2715;8.32835;23.7778;59.4269;-52.1323
-22.4314;8.44857;23.9697;59.3985;-52.0121
-22.591;8.56914;24.1616;59.3703;-51.8915
-22.7504;8.68994;24.3535;59.3425;-51.7707
-22.9096;8.81087;24.5455;59.3152;-51.6498
-23.0689;8.93187;24.7377;59.2884;-51.5288
-23.2281;9.05287;24.9299;59.2624;-51.4078
-23.3874;9.17385;25.1223;59.237;-51.2868
-23.5467;9.29476;25.3148;59.2123;-51.1659
-23.7061;9.41558;25.5075;59.1885;-51.0451
-23.8656;9.53628;25.7003;59.1655;-50.9244
-24.0251;9.65684;25.8933;59.1433;-50.8038
-24.1848;9.77725;26.0864;59.1219;-50.6834
-24.3447;9.89747;26.2797;59.1015;-50.5632
-24.5046;10.0175;26.4732;59.082;-50.4431
-24.6648;10.1374;26.6668;59.0633;-50.3233
-24.825;10.257;26.8605;59.0456;-50.2036
-24.9854;10.3765;27.0544;59.0288;-50.0842
-25.146;10.4957;27.2485;59.0129;-49.9649
-25.3067;10.6148;27.4427;58.9979;-49.8458
-25.4675;10.7337;27.637;58.9838;-49.7269
-25.6284;10.8525;27.8315;58.9706;-49.6081
-25.7894;10.9712;28.026;58.9581;-49.4895
-25.9504;11.0897;28.2207;58.9465;-49.3709
-26.1116;11.2082;28.4155;58.9357;-49.2525
-26.2728;11.3265;28.6103;58.9256;-49.1341
-26.4341;11.4448;28.8053;58.9164;-49.0158
-26.5954;11.5631;29.0003;58.9078;-48.8976
-26.7567;11.6813;29.1954;58.9;-48.7794
-26.9181;11.7994;29.3906;58.893;-48.6612
-27.0795;11.9176;29.5859;58.8866;-48.5431
-27.2409;12.0357;29.7812;58.8809;-48.425
-27.4023;12.1538;29.9766;58.876;-48.3069
-27.5637;12.2719;30.1721;58.8717;-48.1888
-27.7251;12.3899;30.3676;58.8681;-48.0707
-27.8865;12.508;30.5632;58.8652;-47.9526
-28.048;12.6261;30.7588;58.863;-47.8346
-28.2094;12.7442;30.9545;58.8614;-47.7165
-28.3708;12.8623;31.1503;58.8606;-47.5984
-28.5322;12.9804;31.3461;58.8604;-47.4803
-28.6936;13.0985;31.5419;58.8608;-47.3622
-28.855;13.2166;31.7378;58.862;-47.2441
-29.0164;13.3347;31.9338;58.8637;-47.1259
-29.1776;13.453;32.1297;58.866;-47.0076
-29.3386;13.5717;32.3256;58.8684;-46.8889
-29.4991;13.691;32.5214;58.8708;-46.7696
-29.6593;13.8108;32.7172;58.8733;-46.6499
-29.8193;13.9308;32.9129;58.8761;-46.5299
-29.9793;14.0509;33.1087;58.8796;-46.4098

29.8608;14.1709;33.0527;58.8837;-46.2897
29.699;14.2886;32.9575;58.8915;-46.1721
29.5365;14.4051;32.862;58.9014;-46.0555
29.3737;14.5213;32.7671;58.9123;-45.9393
29.2111;14.6377;32.6734;58.9238;-45.8229
29.0487;14.7545;32.581;58.9353;-45.7061
28.8867;14.8718;32.4902;58.947;-45.5888
28.7251;14.9896;32.4009;58.9587;-45.4711
28.5636;15.1076;32.3129;58.9707;-45.353
28.4024;15.226;32.2262;58.9831;-45.2347
28.2412;15.3444;32.1406;58.9961;-45.1162
28.0801;15.4629;32.0561;59.0096;-44.9977
27.919;15.5815;31.9727;59.0237;-44.8792
27.758;15.7;31.8903;59.0386;-44.7607
27.5969;15.8185;31.809;59.0541;-44.6421
27.4358;15.937;31.7287;59.0703;-44.5236
27.2747;16.0556;31.6495;59.0871;-44.4051
27.1136;16.1742;31.5714;59.1046;-44.2865
26.9527;16.2929;31.4945;59.1226;-44.1678
26.7918;16.4117;31.4188;59.1411;-44.049
26.631;16.5307;31.3444;59.1601;-43.93
26.4704;16.6498;31.2713;59.1796;-43.8109
26.3098;16.7691;31.1995;59.1996;-43.6916
26.1494;16.8885;31.129;59.22;-43.5721
25.9891;17.0081;31.0598;59.2409;-43.4526
25.8289;17.1278;30.9918;59.2623;-43.3328
25.6687;17.2476;30.9251;59.2843;-43.2131
25.5085;17.3673;30.8595;59.307;-43.0933
25.3483;17.487;30.795;59.3305;-42.9736
25.188;17.6066;30.7315;59.3547;-42.854
25.0275;17.7259;30.6689;59.38;-42.7347
24.8668;17.845;30.6072;59.4062;-42.6157
24.7058;17.9637;30.5462;59.4335;-42.4969
24.5446;18.082;30.486;59.4619;-42.3786
24.3831;18.2;30.4265;59.4915;-42.2607
24.2213;18.3176;30.3678;59.5222;-42.1431
24.0593;18.4349;30.3099;59.5539;-42.0258
23.8971;18.5518;30.2529;59.5866;-41.9088
23.7347;18.6686;30.1968;59.6203;-41.7921
23.5721;18.7851;30.1418;59.6548;-41.6755
23.4095;18.9015;30.0877;59.6902;-41.5592
23.2468;19.0178;30.0348;59.7264;-41.4429
23.084;19.134;29.983;59.7633;-41.3267
22.9212;19.2502;29.9324;59.8009;-41.2105
22.7584;19.3664;29.8831;59.839;-41.0943
22.5957;19.4827;29.8352;59.8777;-40.978
22.4332;19.5993;29.7889;59.9168;-40.8614
22.271;19.7162;29.7443;59.956;-40.7444
22.1091;19.8338;29.7017;59.9952;-40.6269
21.9479;19.9521;29.6613;60.034;-40.5086
21.7874;20.0715;29.6236;60.0722;-40.3892
21.628;20.1923;29.5889;60.1093;-40.2684
21.4701;20.315;29.5578;60.1446;-40.1456
21.3144;20.4406;29.5317;60.1771;-40.0201
21.163;20.5715;29.5137;60.2034;-39.8891
21.0198;20.7116;29.5094;60.2181;-39.749
20.8846;20.8595;29.5175;60.2224;-39.6012
20.7469;21.0046;29.5233;60.2311;-39.4561
20.5912;21.1325;29.5056;60.2653;-39.3282
20.4216;21.2411;29.4656;60.3233;-39.2196
20.2481;21.341;29.4181;60.3904;-39.1196
20.0744;21.4402;29.3711;60.4588;-39.0205
19.9028;21.543;29.3296;60.5237;-38.9176
19.7343;21.6509;29.2951;60.5838;-38.8098
19.5686;21.7631;29.2671;60.6394;-38.6976
19.4053;21.8786;29.2445;60.6917;-38.5821
19.2435;21.9962;29.2258;60.7421;-38.4644
19.0826;22.115;29.2099;60.7918;-38.3456
18.9221;22.2342;29.196;60.8415;-38.2264
18.7615;22.3535;29.1834;60.8917;-38.1071
18.6008;22.4726;29.172;60.9429;-37.9881
18.4399;22.5913;29.1615;60.995;-37.8694
18.2787;22.7098;29.1521;61.0481;-37.7509
18.1174;22.828;29.1438;61.102;-37.6326
17.956;22.9461;29.1367;61.1567;-37.5145
17.7946;23.0642;29.1308;61.2121;-37.3965
17.6331;23.1822;29.1263;61.2682;-37.2785
17.4716;23.3002;29.1231;61.3248;-37.1605
17.3102;23.4182;29.1213;61.3821;-37.0425
17.1486;23.5361;29.1208;61.44;-36.9245
16.987;23.6539;29.1216;61.4987;-36.8067
16.8253;23.7716;29.1235;61.5582;-36.6891
16.6633;23.889;29.1265;61.6185;-36.5717
16.5013;24.0061;29.1305;61.6797;-36.4545
16.339;24.123;29.1356;61.7418;-36.3376
16.1765;24.2397;29.1418;61.8047;-36.2209
16.014;24.3562;29.1491;61.8685;-36.1045
15.8511;24.4723;29.1574;61.9332;-35.9883
15.6877;24.5876;29.166;61.9996;-35.873
15.5222;24.6999;29.1723;62.0699;-35.7607
15.3512;24.8041;29.1703;62.1499;-35.6565
15.1734;24.8967;29.156;62.2427;-35.564
14.9997;24.9962;29.1514;62.3286;-35.4644
14.8213;25.0872;29.1383;62.4237;-35.3735
14.6226;25.1378;29.0814;62.559;-35.3229
14.3994;25.0717;28.9125;62.7806;-35.389
14.2292;24.9421;28.7155;62.9942;-35.5186
14.0839;24.8028;28.5225;63.1928;-35.6579
13.9513;24.6521;28.326;63.3873;-35.8085
13.8301;24.4923;28.1273;63.5776;-35.9683
13.7193;24.3254;27.9274;63.7635;-36.1353
13.6177;24.1527;27.7272;63.9451;-36.3079
13.5241;23.9758;27.527;64.1227;-36.4849
13.437;23.7956;27.3273;64.2969;-36.6651
13.3554;23.6129;27.1281;64.4682;-36.8478
13.278;23.4284;26.9295;64.6372;-37.0322
13.2039;23.2426;26.7313;64.8045;-37.218
13.1323;23.0559;26.5335;64.9705;-37.4048
13.0626;22.8684;26.3362;65.1355;-37.5923
12.9943;22.6804;26.1391;65.2999;-37.7802
12.927;22.4921;25.9422;65.4638;-37.9686
12.8604;22.3035;25.7456;65.6275;-38.1572
12.7944;22.1147;25.5491;65.7911;-38.346
12.7287;21.9258;25.3527;65.9547;-38.5349
12.6633;21.7368;25.1564;66.1183;-38.7239
12.5979;21.5478;24.9602;66.2821;-38.9129
12.5325;21.3587;24.7641;66.4461;-39.1019
12.4671;21.1697;24.568;66.6103;-39.2909
12.4016;20.9808;24.372;66.7748;-39.4799
12.3359;20.7919;24.176;66.9395;-39.6688
12.2705;20.6029;23.9801;67.1043;-39.8578
12.206;20.4136;23.7844;67.2688;-40.0471
12.1436;20.2235;23.5894;67.4321;-40.2371
12.0846;20.0324;23.3952;67.5936;-40.4283
12.0288;19.8403;23.2019;67.7533;-40.6204
11.9729;19.6483;23.0088;67.9133;-40.8124
11.9113;19.4579;22.8142;68.077;-41.0027
11.8391;19.271;22.6172;68.2473;-41.1896
11.7552;19.0891;22.4182;68.4241;-41.3716
11.6619;18.9119;22.2184;68.6056;-41.5488
11.5643;18.7372;22.0185;68.7891;-41.7234
11.4676;18.5621;21.8188;68.9722;-41.8985
11.3759;18.3843;21.6193;69.1531;-42.0764
11.2906;18.2033;21.4205;69.331;-42.2574
11.2106;18.0199;21.2225;69.5063;-42.4408
11.1337;17.8352;21.0251;69.68;-42.6254
11.0582;17.65;20.828;69.8531;-42.8107
10.9832;17.4646;20.6311;70.0261;-42.9961
10.9085;17.2791;20.4343;70.199;-43.1816
10.8342;17.0934;20.2377;70.3719;-43.3672
10.7602;16.9076;20.0412;70.5447;-43.5531
10.6868;16.7215;19.8448;70.7174;-43.7391
10.6137;16.5354;19.6486;70.8901;-43.9253
10.5409;16.3491;19.4526;71.0627;-44.1115
10.4681;16.1628;19.2566;71.2355;-44.2978
10.3951;15.9766;19.0607;71.4085;-44.484
10.3218;15.7905;18.8648;71.5819;-44.6701
10.248;15.6047;18.6689;71.7556;-44.856
10.1735;15.419;18.4729;71.9299;-45.0416
10.0982;15.2338;18.2768;72.1047;-45.2269
10.022;15.0488;18.0806;72.2801;-45.4118
9.94474;14.8644;17.8843;72.4561;-45.5963
9.86644;14.6803;17.6878;72.6328;-45.7803
9.78699;14.4968;17.4912;72.8103;-45.9639
9.70634;14.3137;17.2944;72.9884;-46.1469
9.62446;14.1313;17.0975;73.1673;-46.3294
9.54134;13.9494;16.9003;73.3469;-46.5113
9.45698;13.768;16.7031;73.5271;-46.6926
9.37142;13.5872;16.5056;73.7081;-46.8734
9.28471;13.407;16.3081;73.8897;-47.0536
9.19693;13.2273;16.1104;74.0718;-47.2334
9.10818;13.0481;15.9126;74.2545;-47.4126
9.01857;12.8693;15.7147;74.4377;-47.5914
8.9282;12.6908;15.5168;74.6213;-47.7698
8.83722;12.5127;15.3188;74.8053;-47.9479
8.74573;12.3349;15.1207;74.9895;-48.1258
8.65385;12.1572;14.9227;75.174;-48.3034
8.56169;11.9797;14.7247;75.3587;-48.4809
8.46937;11.8023;14.5267;75.5436;-48.6583
8.37697;11.6249;14.3287;75.7286;-48.8357
8.28459;11.4476;14.1308;75.9136;-49.0131
8.19231;11.2701;13.933;76.0987;-49.1905
8.10021;11.0926;13.7353;76.2837;-49.3681
8.00836;10.9149;13.5377;76.4688;-49.5457
7.91683;10.7371;13.3402;76.6537;-49.7236
7.82568;10.5591;13.1429;76.8386;-49.9016
7.73497;10.3808;12.9457;77.0234;-50.0798
7.64475;10.2023;12.7487;77.2081;-50.2583
7.55503;10.0236;12.5519;77.3926;-50.4371
7.46586;9.84455;12.3553;77.5769;-50.6161
7.37725;9.66525;12.159;77.7611;-50.7954
7.2892;9.48568;11.9629;77.9451;-50.975
7.20171;9.30583;11.767;78.1289;-51.1548
7.11475;9.12573;11.5715;78.3126;-51.3349
7.0283;8.94537;11.3761;78.4962;-51.5153
6.94232;8.7648;11.1811;78.6796;-51.6959
6.85678;8.58401;10.9864;78.8629;-51.8766
6.77162;8.40305;10.7919;79.0461;-52.0576
6.6868;8.22192;10.5978;79.2293;-52.2387
6.60225;8.04067;10.4039;79.4124;-52.42
6.51791;7.85933;10.2104;79.5955;-52.6013
6.43371;7.67791;10.0171;79.7786;-52.7827
6.34958;7.49647;9.82417;79.9618;-52.9642
6.26545;7.31503;9.63148;80.145;-53.1456
6.18127;7.1336;9.43909;80.3284;-53.327
6.09701;6.95222;9.24699;80.5119;-53.5084
6.01265;6.77088;9.05521;80.6954;-53.6898
5.92819;6.58959;8.86376;80.8792;-53.8711
5.84361;6.40836;8.67265;81.063;-54.0523
5.75885;6.2272;8.48189;81.247;-54.2334
5.67388;6.04615;8.29149;81.4312;-54.4145
5.58865;5.86522;8.10147;81.6155;-54.5954
5.50312;5.68443;7.91183;81.8001;-54.7762
5.41728;5.50379;7.7226;81.9848;-54.9569
5.33112;5.3233;7.53382;82.1698;-55.1374
5.24466;5.14295;7.3455;82.3549;-55.3177
5.15792;4.96274;7.15772;82.5403;-55.4979
5.0709;4.78266;6.9705;82.7258;-55.678
4.98364;4.6027;6.78392;82.9115;-55.8579
4.89615;4.42285;6.59803;83.0973;-56.0378
4.80843;4.24312;6.41288;83.2833;-56.2175
4.72041;4.06353;6.22853;83.4695;-56.3971
4.63199;3.88414;6.04498;83.656;-56.5765
4.54306;3.70499;5.86228;83.8427;-56.7557
4.45376;3.52603;5.68057;84.0296;-56.9346
4.36476;3.34693;5.50028;84.2164;-57.1137
4.27707;3.16717;5.32206;84.4028;-57.2935
4.19132;2.98648;5.14647;84.5884;-57.4742
4.10744;2.8049;4.97379;84.7734;-57.6558
4.02449;2.62291;4.80377;84.958;-57.8377
3.93987;2.44169;4.63512;85.1434;-58.019
3.84874;2.26351;4.46501;85.3315;-58.1971
3.74568;2.09158;4.29008;85.5242;-58.3691
3.62919;1.92822;4.10964;85.7208;-58.5324
3.5032;1.77243;3.92606;85.9193;-58.6882
3.37209;1.62124;3.74158;86.1183;-58.8394
3.23772;1.47304;3.55706;86.3177;-58.9876
3.10025;1.32771;3.37259;86.5173;-59.1329
2.95932;1.18572;3.18802;86.7173;-59.2749
2.81447;1.0477;3.00315;86.9173;-59.413
2.66551;0.914105;2.81789;87.1174;-59.5465
2.51273;0.78491;2.63247;87.3172;-59.6757
2.35702;0.659309;2.44749;87.5167;-59.8013
2.19962;0.535888;2.26395;87.716;-59.9248
2.0417;0.413157;2.08308;87.9152;-60.0475
1.88407;0.290055;1.90627;88.1144;-60.1706
1.72709;0.166129;1.73506;88.3137;-60.2945
1.57073;0.0414164;1.57128;88.5131;-60.4192
1.41476;-0.0837794;1.41724;88.7125;-60.5444
1.25888;-0.209087;1.27613;88.912;-60.6697
1.10284;-0.33419;1.15236;89.1114;-60.7948
0.946474;-0.458887;1.05185;89.3108;-60.9195
0.789715;-0.583092;0.981654;89.5102;-61.0437
0.632575;-0.706816;0.948546;89.7095;-61.1675
0.475114;-0.83013;0.956478;89.9087;-61.2908
0.317413;-0.953136;1.0046;90.108;-61.4138
0.159564;-1.07595;1.08772;90.3072;-61.5366
0.00168895;-1.19873;1.19873;90.5064;-61.6594
-0.155996;-1.32176;1.33093;90.7056;-61.7824
-0.31306;-1.44558;1.47909;90.905;-61.9062
-0.468726;-1.57117;1.6396;91.1045;-62.0318
-0.621912;-1.69982;1.81002;91.3043;-62.1605
-0.771752;-1.83239;1.98828;91.5043;-62.293
-0.918633;-1.9682;2.17203;91.7043;-62.4289
-1.06488;-2.10463;2.35869;91.9043;-62.5653
-1.21377;-2.23822;2.54615;92.1043;-62.6989
-1.36755;-2.3663;2.73305;92.3042;-62.827
-1.52644;-2.48805;2.91897;92.5035;-62.9487
-1.68892;-2.60482;3.10444;92.702;-63.0655
-1.85282;-2.71947;3.29066;92.9001;-63.1801
-2.01614;-2.83491;3.47873;93.0984;-63.2956
-2.17771;-2.95284;3.66901;93.297;-63.4135
-2.33728;-3.07346;3.86122;93.496;-63.5341
-2.4953;-3.19608;4.0548;93.6953;-63.6567
-2.65253;-3.31969;4.24926;93.8947;-63.7803
-2.80971;-3.44336;4.44423;94.094;-63.904
-2.96737;-3.56641;4.63946;94.2933;-64.0271
-3.1258;-3.68849;4.83483;94.4925;-64.1491
-3.28505;-3.80949;5.03029;94.6916;-64.2701
-3.44503;-3.92953;5.22584;94.8905;-64.3902
-3.60557;-4.04881;5.42153;95.0894;-64.5095
-3.76647;-4.16759;5.6174;95.2882;-64.6282
-3.92757;-4.28612;5.81348;95.487;-64.7468
-4.0887;-4.4046;6.00982;95.6858;-64.8652
-4.24974;-4.5232;6.20641;95.8845;-64.9839
-4.41059;-4.64206;6.40328;96.0834;-65.1027
-4.57117;-4.76128;6.60041;96.2823;-65.2219
-4.73142;-4.88094;6.79779;96.4812;-65.3416
-4.89129;-5.00111;6.99542;96.6802;-65.4618
-5.05074;-5.12186;7.19328;96.8793;-65.5825
-5.20971;-5.24322;7.39137;97.0785;-65.7039
-5.36817;-5.36524;7.58967;97.2777;-65.8259
-5.52614;-5.4879;7.78815;97.477;-65.9486
-5.68375;-5.61103;7.98678;97.6764;-66.0717
-5.84118;-5.73439;8.18551;97.8758;-66.195
-5.99847;-5.85792;8.38432;98.0752;-66.3186
-6.15545;-5.98184;8.58324;98.2746;-66.4425
-6.31183;-6.10652;8.7823;98.4742;-66.5672
-6.46735;-6.23228;8.98153;98.6738;-66.6929
-6.62197;-6.35915;9.18092;98.8735;-66.8198
-6.77607;-6.48664;9.38038;99.0732;-66.9473
-6.9302;-6.61409;9.57987;99.273;-67.0747
-7.0847;-6.74109;9.77933;99.4727;-67.2017
-7.23962;-6.86758;9.97877;99.6724;-67.3282
-7.39491;-6.99363;10.1782;99.872;-67.4543
-7.55049;-7.1193;10.3776;100.072;-67.58
-7.7064;-7.24458;10.577;100.271;-67.7052
-7.86274;-7.36931;10.7763;100.471;-67.83
-8.01967;-7.49329;10.9756;100.67;-67.9539
-8.17736;-7.61633;11.1749;100.87;-68.077
-8.33587;-7.73829;11.374;101.069;-68.1989
-8.49524;-7.85913;11.573;101.268;-68.3198
-8.65541;-7.97891;11.772;101.467;-68.4396
-8.81628;-8.09775;11.9708;101.666;-68.5584
-8.97774;-8.21578;12.1696;101.865;-68.6764
-9.13966;-8.33319;12.3683;102.064;-68.7938
-9.30192;-8.45011;12.567;102.262;-68.9108
-9.46444;-8.56668;12.7657;102.461;-69.0273
-9.62712;-8.68302;12.9644;102.659;-69.1437
-9.78991;-8.7992;13.1631;102.858;-69.2599
-9.95277;-8.9153;13.3619;103.057;-69.3759
-10.1157;-9.03134;13.5607;103.255;-69.492
-10.2786;-9.14737;13.7595;103.454;-69.608
-10.4415;-9.2634;13.9583;103.652;-69.7241
-10.6044;-9.37944;14.1572;103.851;-69.8401
-10.7672;-9.4955;14.3561;104.05;-69.9561
-10.9301;-9.61157;14.5551;104.248;-70.0722
-11.093;-9.72765;14.754;104.447;-70.1883
-11.2558;-9.84376;14.953;104.645;-70.3044
-11.4187;-9.95987;15.1521;104.844;-70.4205
-11.5815;-10.076;15.3511;105.043;-70.5367
-11.7443;-10.1921;15.5502;105.241;-70.6528
-11.9071;-10.3083;15.7493;105.44;-70.7689
-12.07;-10.4244;15.9484;105.639;-70.8851
-12.2328;-10.5406;16.1476;105.837;-71.0013
-12.3956;-10.6568;16.3468;106.036;-71.1174
-12.5584;-10.7729;16.546;106.235;-71.2336
-12.7212;-10.8891;16.7452;106.433;-71.3498
-12.884;-11.0053;16.9444;106.632;-71.4659
-13.0468;-11.1215;17.1437;106.831;-71.5821
-13.2096;-11.2376;17.3429;107.029;-71.6983
-13.3724;-11.3538;17.5422;107.228;-71.8144
-13.5352;-11.47;17.7415;107.427;-71.9306
-13.698;-11.5861;17.9408;107.626;-72.0468
-13.8608;-11.7023;18.1402;107.824;-72.1629
-14.0236;-11.8184;18.3395;108.023;-72.2791
-14.1864;-11.9346;18.5389;108.222;-72.3953
-14.3492;-12.0508;18.7382;108.42;-72.5114
-14.512;-12.167;18.9376;108.619;-72.6277
-14.6747;-12.2832;19.137;108.818;-72.7439
-14.8374;-12.3995;19.3364;109.017;-72.8602
-15.0001;-12.5159;19.5359;109.215;-72.9766
-15.1627;-12.6324;19.7354;109.414;-73.0931
-15.3252;-12.749;19.9348;109.613;-73.2097
-15.4875;-12.8658;20.1343;109.812;-73.3264
-15.6498;-12.9828;20.3339;110.011;-73.4434
-15.8118;-13.1;20.5334;110.21;-73.5606
-15.9737;-13.2174;20.733;110.409;-73.678
-16.1354;-13.3351;20.9327;110.608;-73.7958
-16.2969;-13.4531;21.1323;110.807;-73.9137
-16.4582;-13.5713;21.332;111.006;-74.032
-16.6193;-13.6898;21.5317;111.205;-74.1505
-16.7803;-13.8086;21.7314;111.404;-74.2692
-16.941;-13.9275;21.9311;111.603;-74.3882
-17.1017;-14.0467;22.1309;111.802;-74.5073
-17.2621;-14.166;22.3307;112.001;-74.6267
-17.4225;-14.2855;22.5304;112.2;-74.7462
-17.5828;-14.4051;22.7302;112.4;-74.8658
-17.743;-14.5248;22.93;112.599;-74.9855
-17.9032;-14.6446;23.1298;112.798;-75.1053
-18.0633;-14.7645;23.3297;112.997;-75.2251
-18.2234;-14.8844;23.5295;113.197;-75.3451
-18.3834;-15.0044;23.7293;113.396;-75.465
-18.5434;-15.1244;23.9291;113.595;-75.585
-18.7034;-15.2444;24.129;113.795;-75.705
-18.8634;-15.3644;24.3288;113.994;-75.825
-19.0233;-15.4844;24.5287;114.193;-75.9451
-19.1833;-15.6045;24.7285;114.392;-76.0651
-19.3433;-15.7245;24.9284;114.592;-76.1852
-19.5032;-15.8446;25.1282;114.791;-76.3053
-19.6632;-15.9647;25.3281;114.99;-76.4253
-19.8231;-16.0847;25.5279;115.19;-76.5454
-19.9831;-16.2048;25.7278;115.389;-76.6654
-20.143;-16.3248;25.9276;115.588;-76.7855
-20.303;-16.4449;26.1275;115.788;-76.9055
-20.463;-16.5649;26.3274;115.987;-77.0256
-20.6229;-16.685;26.5272;116.186;-77.1456
-20.7829;-16.805;26.7271;116.386;-77.2657
-20.9428;-16.9251;26.927;116.585;-77.3857
-21.1028;-17.0451;27.1268;116.784;-77.5058
-21.2628;-17.1652;27.3267;116.984;-77.6258
-21.4228;-17.2852;27.5266;117.183;-77.7459
-21.5827;-17.4052;27.7265;117.382;-77.8659
-21.7427;-17.5253;27.9263;117.582;-77.9859
-21.9027;-17.6453;28.1262;117.781;-78.106
-22.0627;-17.7654;28.3261;117.98;-78.226
-22.2226;-17.8854;28.526;118.18;-78.346
-22.3826;-18.0054;28.7259;118.379;-78.4661
-22.5426;-18.1254;28.9258;118.578;-78.5861
-22.7026;-18.2455;29.1257;118.778;-78.7061
-22.8625;-18.3655;29.3255;118.977;-78.8262
-23.0225;-18.4855;29.5254;119.176;-78.9462
-23.1825;-18.6056;29.7253;119.376;-79.0662
-23.3425;-18.7256;29.9252;119.575;-79.1862
-23.5025;-18.8456;30.1251;119.774;-79.3063
-23.6624;-18.9656;30.325;119.974;-79.4263
-23.8224;-19.0857;30.5249;120.173;-79.5463
-23.9824;-19.2057;30.7248;120.373;-79.6663
-24.1424;-19.3257;30.9247;120.572;-79.7863
-24.3024;-19.4457;31.1246;120.771;-79.9063
-24.4624;-19.5657;31.3245;120.971;-80.0263
-24.6224;-19.6856;31.5244;121.17;-80.1463
-24.7825;-19.8056;31.7243;121.369;-80.2663
-24.9425;-19.9256;31.9242;121.569;-80.3862
-25.1026;-20.0455;32.1241;121.768;-80.5061
-25.2627;-20.1654;32.324;121.967;-80.626
-25.4228;-20.2852;32.5239;122.167;-80.7459
-25.5829;-20.405;32.7238;122.366;-80.8657
-25.7431;-20.5248;32.9237;122.566;-80.9854
-25.9033;-20.6444;33.1236;122.765;-81.1051
-26.0636;-20.7641;33.3235;122.964;-81.2247
-26.224;-20.8836;33.5234;123.164;-81.3443
-26.3844;-21.0031;33.7233;123.363;-81.4637
-26.5448;-21.1224;33.9232;123.562;-81.5831
-26.7054;-21.2417;34.1231;123.762;-81.7023
-26.866;-21.3608;34.323;123.961;-81.8215
-27.0267;-21.4799;34.5229;124.16;-81.9405
-27.1875;-21.5988;34.7228;124.36;-82.0595
-27.3484;-21.7176;34.9226;124.559;-82.1783
-27.5094;-21.8363;35.1225;124.758;-82.297
-27.6704;-21.9549;35.3224;124.957;-82.4156
-27.8315;-22.0734;35.5223;125.157;-82.5341
-27.9927;-22.1918;35.7221;125.356;-82.6525
-28.154;-22.3101;35.922;125.555;-82.7707
-28.3154;-22.4283;36.1218;125.754;-82.8889
-28.4768;-22.5464;36.3217;125.954;-83.007
-28.6382;-22.6644;36.5215;126.153;-83.1251
-28.7997;-22.7824;36.7214;126.352;-83.243
-28.9613;-22.9003;36.9212;126.551;-83.3609
-29.1229;-23.0181;37.1211;126.75;-83.4788
-29.2844;-23.136;37.3209;126.95;-83.5967
-29.446;-23.2539;37.5208;127.149;-83.7146
-29.6075;-23.3718;37.7207;127.348;-83.8325
-29.7691;-23.4897;37.9205;127.547;-83.9504
-29.9307;-23.6076;38.1204;127.747;-84.0682

29.9077;-23.7254;38.1755;127.946;-84.1861
29.746;-23.8431;38.1224;128.145;-84.3037
29.5842;-23.9606;38.0701;128.344;-84.4213
29.4223;-24.0781;38.0188;128.543;-84.5388
29.2605;-24.1956;37.9684;128.743;-84.6562
29.0986;-24.3131;37.9191;128.942;-84.7737
28.9368;-24.4306;37.8707;129.141;-84.8913
28.775;-24.5482;37.8234;129.34;-85.0088
28.6132;-24.6657;37.7772;129.539;-85.1264
28.4514;-24.7833;37.7319;129.739;-85.244
28.2897;-24.9009;37.6877;129.938;-85.3616
28.1279;-25.0186;37.6445;130.137;-85.4792
27.9661;-25.1362;37.6023;130.336;-85.5968
27.8044;-25.2538;37.5611;130.536;-85.7144
27.6426;-25.3714;37.5209;130.735;-85.832
27.4808;-25.489;37.4818;130.934;-85.9497
27.3191;-25.6066;37.4437;131.133;-86.0672
27.1573;-25.7242;37.4066;131.332;-86.1848
26.9955;-25.8418;37.3705;131.532;-86.3024
26.8337;-25.9594;37.3355;131.731;-86.42
26.672;-26.077;37.3015;131.93;-86.5376
26.5102;-26.1945;37.2685;132.129;-86.6552
26.3484;-26.3121;37.2366;132.329;-86.7728
26.1866;-26.4297;37.2058;132.528;-86.8904
26.0248;-26.5473;37.176;132.727;-87.008
25.863;-26.6649;37.1472;132.926;-87.1256
25.7013;-26.7825;37.1195;133.126;-87.2431
25.5395;-26.9001;37.0929;133.325;-87.3607
25.3777;-27.0177;37.0673;133.524;-87.4783
25.2159;-27.1353;37.0428;133.724;-87.5959
25.0542;-27.2529;37.0193;133.923;-87.7135
24.8924;-27.3704;36.9969;134.122;-87.8311
24.7306;-27.488;36.9756;134.321;-87.9487
24.5688;-27.6056;36.9553;134.521;-88.0663
24.407;-27.7232;36.9362;134.72;-88.1839
24.2453;-27.8408;36.918;134.919;-88.3015
24.0835;-27.9584;36.901;135.118;-88.419
23.9217;-28.076;36.8851;135.318;-88.5366
23.7599;-28.1936;36.8702;135.517;-88.6542
23.5981;-28.3112;36.8564;135.716;-88.7718
23.4364;-28.4288;36.8437;135.916;-88.8894
23.2746;-28.5463;36.8321;136.115;-89.007
23.1128;-28.6639;36.8215;136.314;-89.1246
22.951;-28.7815;36.8121;136.513;-89.2422
22.7893;-28.8991;36.8037;136.713;-89.3598
22.6275;-29.0168;36.7964;136.912;-89.4774
22.4657;-29.1344;36.7902;137.111;-89.595
22.304;-29.252;36.7851;137.311;-89.7126
22.1422;-29.3696;36.7811;137.51;-89.8302
21.9804;-29.4871;36.7781;137.709;-89.9478
21.8185;-29.6045;36.776;137.909;-90.0652
21.6564;-29.7218;36.7748;138.108;-90.1824
21.4944;-29.839;36.7746;138.307;-90.2996
21.3323;-29.9562;36.7755;138.506;-90.4168

21.1702;29.9267;36.6577;138.706;-90.534
21.0086;29.8089;36.4682;138.905;-90.6518
20.8472;29.6908;36.2788;139.104;-90.7698
20.6858;29.5726;36.0894;139.304;-90.8881
20.5245;29.4544;35.9001;139.503;-91.0063
20.3632;29.3362;35.7109;139.702;-91.1245
20.2018;29.218;35.5219;139.902;-91.2426
20.0404;29.0999;35.333;140.101;-91.3607
19.879;28.9819;35.1443;140.301;-91.4788
19.7175;28.8638;34.9557;140.5;-91.5968
19.5561;28.7457;34.7672;140.699;-91.7149
19.3947;28.6276;34.5788;140.899;-91.8331
19.2334;28.5094;34.3905;141.098;-91.9513
19.0721;28.3911;34.2023;141.298;-92.0696
18.9109;28.2727;34.0142;141.497;-92.188
18.7498;28.1542;33.8263;141.696;-92.3064
18.5887;28.0357;33.6384;141.896;-92.4249
18.4277;27.9171;33.4506;142.095;-92.5435
18.2667;27.7984;33.263;142.295;-92.6622
18.1057;27.6797;33.0754;142.494;-92.781
17.9449;27.5609;32.888;142.694;-92.8998
17.784;27.4421;32.7007;142.893;-93.0186
17.6231;27.3232;32.5136;143.093;-93.1374
17.4622;27.2045;32.3266;143.292;-93.2562
17.3011;27.0859;32.1399;143.492;-93.3747
17.1397;26.9678;31.9536;143.691;-93.4929
16.9778;26.8504;31.7678;143.89;-93.6102
16.8148;26.7345;31.5828;144.09;-93.7261
16.6501;26.621;31.3991;144.288;-93.8396
16.483;26.511;31.2173;144.487;-93.9497
16.3143;26.4035;31.0371;144.685;-94.0571
16.1482;26.292;30.855;144.884;-94.1687
15.994;26.1628;30.6644;145.085;-94.2978
15.8622;26.0088;30.4642;145.285;-94.4519
15.7557;25.8366;30.2618;145.478;-94.624
15.658;25.6619;30.0617;145.666;-94.7987
15.5641;25.4853;29.862;145.852;-94.9753
15.4657;25.3111;29.6621;146.04;-95.1495
15.3496;25.147;29.4615;146.235;-95.3137
15.1934;25.0125;29.2654;146.441;-95.4482
14.9862;24.9465;29.1018;146.641;-95.5141
14.7842;24.9217;28.977;146.811;-95.5389
14.5926;24.8418;28.8107;147.009;-95.6189
14.4107;24.7582;28.6468;147.201;-95.7024
14.2439;24.6421;28.4627;147.403;-95.8185
14.0859;24.519;28.2771;147.603;-95.9416
13.9455;24.3738;28.0813;147.804;-96.0868
13.8121;24.2247;27.8856;148.003;-96.236
13.6959;24.0603;27.6853;148.198;-96.4004
13.5829;23.8952;27.4859;148.391;-96.5655
13.486;23.7192;27.285;148.579;-96.7415
13.3881;23.5447;27.085;148.767;-96.9159
13.3053;23.3619;26.8851;148.949;-97.0988
13.2175;23.1821;26.6854;149.133;-97.2785
13.1446;22.9951;26.4869;149.31;-97.4655
13.0627;22.8124;26.2876;149.492;-97.6483
12.9967;22.6228;26.0903;149.665;-97.8378
12.918;22.4384;25.8913;149.846;-98.0222
12.8568;22.2471;25.6949;150.017;-98.2135
12.7791;22.062;25.4958;150.197;-98.3987
12.7214;21.8693;25.3002;150.367;-98.5914
12.6435;21.6839;25.1007;150.547;-98.7768
12.5886;21.49;24.9057;150.716;-98.9706
12.5097;21.3045;24.7057;150.897;-99.1562
12.4575;21.1094;24.5111;151.065;-99.3513
12.3779;20.9236;24.3107;151.247;-99.537
12.3287;20.7271;24.1166;151.413;-99.7335
12.2489;20.5409;23.9158;151.596;-99.9197
12.2027;20.3431;23.7223;151.761;-100.118
12.1217;20.1567;23.5208;151.945;-100.304
12.0751;19.9589;23.3273;152.111;-100.502
11.9894;19.7736;23.1245;152.298;-100.687
11.9361;19.5779;22.9296;152.467;-100.883
11.8427;19.3961;22.7257;152.657;-101.065
11.7789;19.204;22.5285;152.832;-101.257
11.6794;19.0263;22.3251;153.025;-101.434
11.6082;18.8369;22.1265;153.204;-101.624
11.5076;18.6611;21.924;153.395;-101.8
11.4357;18.4718;21.7252;153.575;-101.989
11.3377;18.2951;21.5233;153.766;-102.166
11.2693;18.1043;21.3252;153.943;-102.356
11.1741;17.926;21.1235;154.133;-102.535
11.1103;17.7333;20.9263;154.309;-102.727
11.0159;17.5539;20.7241;154.499;-102.907
10.9565;17.3592;20.5277;154.673;-103.101
10.8612;17.1791;20.3246;154.864;-103.282
10.8056;16.9823;20.1286;155.037;-103.478
10.7087;16.8018;19.9243;155.229;-103.659
10.6561;16.603;19.7285;155.401;-103.858
10.557;16.4223;19.5229;155.596;-104.038
10.5066;16.2219;19.3271;155.767;-104.239
10.4051;16.0412;19.1203;155.964;-104.419
10.3556;15.8396;18.9244;156.135;-104.621
10.2515;15.6592;18.7164;156.334;-104.801
10.202;15.4569;18.5201;156.506;-105.004
10.095;15.2771;18.3112;156.706;-105.184
10.0447;15.0743;18.1144;156.879;-105.386
9.93458;14.8955;17.9046;157.081;-105.565
9.88295;14.6924;17.7071;157.256;-105.768
9.76952;14.5149;17.4965;157.459;-105.946
9.71613;14.3117;17.2982;157.636;-106.149
9.59937;14.1356;17.0869;157.84;-106.325
9.54402;13.9323;16.8878;158.018;-106.528
9.42404;13.7577;16.6759;158.225;-106.703
9.36672;13.5544;16.476;158.404;-106.906
9.24379;13.3813;16.2636;158.612;-107.079
9.18469;13.1779;16.0629;158.793;-107.283
9.05919;13.0061;15.8502;159.001;-107.455
8.99865;12.8027;15.6488;159.183;-107.658
8.87104;12.632;15.4358;159.393;-107.829
8.80948;12.4283;15.2338;159.576;-108.032
8.68027;12.2584;15.0205;159.786;-108.202
8.61816;12.0544;14.8183;159.97;-108.406
8.48782;11.885;14.6047;160.181;-108.576
8.4256;11.6805;14.4023;160.365;-108.78
8.2946;11.5113;14.1884;160.576;-108.949
8.23269;11.3063;13.9861;160.761;-109.154
8.10141;11.137;13.7719;160.972;-109.324
8.04016;10.9314;13.5698;161.157;-109.529
7.90898;10.7618;13.3555;161.368;-109.699
7.84869;10.5556;13.1538;161.553;-109.905
7.71788;10.3855;12.9392;161.764;-110.075
7.65876;10.1787;12.7382;161.948;-110.282
7.52853;10.0079;12.5234;162.16;-110.453
7.47071;9.80046;12.3232;162.344;-110.66
7.3412;9.62894;12.1082;162.555;-110.832
7.28471;9.42098;11.9089;162.738;-111.04
7.15594;9.24872;11.6939;162.95;-111.212
7.10072;9.04029;11.4955;163.133;-111.42
