#1 AntPos X;#2 AntPos Y;#3 Distance form nest;#4 Total Distance;#5 Total Y Distance
-19.3326;-8.77019;21.2289;0.2;0.122719
-19.1747;-8.64747;21.0345;0.4;0.245437
-19.0168;-8.52476;20.8401;0.6;0.368156
-18.8589;-8.40204;20.6459;0.8;0.490875
-18.7009;-8.27932;20.4517;1;0.613593
-18.543;-8.1566;20.2577;1.2;0.736312
-18.3851;-8.03388;20.0638;1.4;0.859031
-18.2272;-7.91116;19.87;1.6;0.981749
-18.0692;-7.78844;19.6763;1.8;1.10447
-17.9113;-7.66573;19.4828;2;1.22719
-17.7534;-7.54301;19.2894;2.2;1.34991
-17.5955;-7.42029;19.0961;2.4;1.47262
-17.4375;-7.29757;18.903;2.6;1.59534
-17.2796;-7.17485;18.71;2.8;1.71806
-17.1217;-7.05213;18.5172;3;1.84078
-16.9638;-6.92941;18.3245;3.2;1.9635
-16.8059;-6.80669;18.132;3.4;2.08622
-16.6479;-6.68398;17.9396;3.6;2.20894
-16.49;-6.56126;17.7474;3.8;2.33165
-16.3321;-6.43854;17.5554;4;2.45437
-16.1742;-6.31582;17.3635;4.2;2.57709
-16.0162;-6.1931;17.1719;4.4;2.69981
-15.8583;-6.07038;16.9804;4.6;2.82253
-15.7004;-5.94766;16.7892;4.8;2.94525
-15.5425;-5.82495;16.5981;5;3.06797
-15.3845;-5.70223;16.4073;5.2;3.19068
-15.2266;-5.57951;16.2167;5.4;3.3134
-15.0687;-5.45679;16.0263;5.6;3.43612
-14.9108;-5.33407;15.8361;5.8;3.55884
-14.7528;-5.21135;15.6462;6;3.68156
-14.5949;-5.08863;15.4566;6.2;3.80428
-14.437;-4.96591;15.2672;6.4;3.927
-14.2791;-4.8432;15.0781;6.6;4.04972
-14.1211;-4.72048;14.8892;6.8;4.17243
-13.9632;-4.59776;14.7007;7;4.29515
-13.8053;-4.47504;14.5125;7.2;4.41787
-13.6474;-4.35232;14.3246;7.4;4.54059
-13.4894;-4.2296;14.137;7.6;4.66331
-13.3315;-4.10688;13.9498;7.8;4.78603
-13.1736;-3.98417;13.7629;8;4.90875
-13.0157;-3.86145;13.5764;8.2;5.03146
-12.8577;-3.73873;13.3903;8.4;5.15418
-12.6998;-3.61601;13.2046;8.6;5.2769
-12.5419;-3.49329;13.0193;8.8;5.39962
-12.384;-3.37057;12.8345;9;5.52234
-12.226;-3.24785;12.6501;9.2;5.64506
-12.0681;-3.12513;12.4662;9.4;5.76778
-11.9102;-3.00242;12.2828;9.6;5.8905
-11.7523;-2.8797;12.0999;9.8;6.01321
-11.5943;-2.75698;11.9176;10;6.13593
-11.4364;-2.63426;11.7359;10.2;6.25865
-11.2785;-2.51154;11.5548;10.4;6.38137
-11.1206;-2.38882;11.3743;10.6;6.50409
-10.9626;-2.2661;11.1944;10.8;6.62681
-10.8047;-2.14339;11.0153;11;6.74953
-10.6468;-2.02067;10.8369;11.2;6.87224
-10.4889;-1.89795;10.6592;11.4;6.99496
-10.3309;-1.77523;10.4824;11.6;7.11768
-10.173;-1.65251;10.3064;11.8;7.2404
-10.0151;-1.52979;10.1313;12;7.36312
-9.85717;-1.40707;9.9571;12.2;7.48584
-9.69925;-1.28436;9.78392;12.4;7.60856
-9.54133;-1.16164;9.61178;12.6;7.73128
-9.3834;-1.03892;9.44074;12.8;7.85399
-9.22548;-0.916199;9.27086;13;7.97671
-9.06755;-0.793481;9.1022;13.2;8.09943
-8.90963;-0.670762;8.93484;13.4;8.22215
-8.7517;-0.548043;8.76885;13.6;8.34487
-8.59403;-0.425005;8.60453;13.8;8.46791
-8.45267;-0.281057;8.45734;14;8.61185
-8.36299;-0.088813;8.36346;14.1893;8.8041
-8.28567;0.0958076;8.28622;14.3648;8.98872
-8.20727;0.279809;8.21204;14.5414;9.17272
-8.14793;0.471922;8.16159;14.709;9.36483
-8.09192;0.663945;8.11912;14.8749;9.55686
-8.03626;0.856042;8.08172;15.0414;9.74895
-8.0068;1.05573;8.0761;15.1938;9.94864
-8.00711;1.25794;8.10533;15.3268;10.1509
-8.02198;1.45792;8.15338;15.4489;10.3508
-8.05107;1.65631;8.21968;15.5611;10.5492
-8.08054;1.85413;8.29053;15.6744;10.747
-8.11;2.05195;8.36556;15.7895;10.9449
-8.13947;2.24976;8.44467;15.9062;11.1427
-8.16894;2.44758;8.52773;16.0245;11.3405
-8.1984;2.6454;8.61464;16.1445;11.5383
-8.22787;2.84322;8.70527;16.2661;11.7361
-8.25734;3.04103;8.79952;16.3892;11.9339
-8.28681;3.23885;8.89726;16.5137;12.1318
-8.31627;3.43667;8.99839;16.6398;12.3296
-8.34574;3.63448;9.10279;16.7673;12.5274
-8.37521;3.8323;9.21036;16.8962;12.7252
-8.40467;4.03012;9.32097;17.0265;12.923
-8.43414;4.22794;9.43452;17.1581;13.1208
-8.46361;4.42575;9.55092;17.2911;13.3187
-8.49482;4.62331;9.67145;17.424;13.5162
-8.57235;4.81354;9.83135;17.5235;13.7065
-8.73436;4.96349;10.0462;17.5413;13.8564
-8.88508;5.09508;10.2423;17.5539;13.988
-8.98394;5.28595;10.4236;17.6474;14.1789
-9.06721;5.46806;10.5884;17.745;14.361
-9.09777;5.674;10.7221;17.8943;14.5669
-9.12228;5.87255;10.8491;18.0422;14.7655
-9.12016;6.07433;10.9579;18.2089;14.9672
-9.10472;6.27418;11.0572;18.3822;15.1671
-9.07479;6.47246;11.1465;18.5629;15.3654
-9.03404;6.66858;11.2287;18.7483;15.5615
-8.98477;6.86261;11.3058;18.937;15.7555
-8.92891;7.05477;11.3796;19.1279;15.9477
-8.86798;7.24534;11.4515;19.3205;16.1383
-8.8032;7.4346;11.5226;19.5143;16.3275
-8.73549;7.62282;11.5938;19.7089;16.5157
-8.66559;7.81022;11.6658;19.9041;16.7031
-8.59405;7.99699;11.7392;20.0998;16.8899
-8.52128;8.18329;11.8143;20.2959;17.0762
-8.44759;8.36922;11.8914;20.4922;17.2621
-8.37323;8.55489;11.9707;20.6887;17.4478
-8.29836;8.74034;12.0522;20.8853;17.6333
-8.22311;8.92565;12.1362;21.0821;17.8186
-8.14759;9.11084;12.2226;21.2791;18.0038
-8.07187;9.29595;12.3114;21.4761;18.1889
-7.99599;9.481;12.4026;21.6732;18.3739
-7.92;9.666;12.4963;21.8703;18.5589
-7.84392;9.85097;12.5924;22.0676;18.7439
-7.76779;10.0359;12.6909;22.2649;18.9288
-7.69161;10.2208;12.7916;22.4622;19.1137
-7.6154;10.4057;12.8947;22.6596;19.2987
-7.53916;10.5906;13;22.8571;19.4836
-7.46291;10.7755;13.1075;23.0546;19.6685
-7.38666;10.9604;13.2172;23.2521;19.8533
-7.31041;11.1453;13.3289;23.4497;20.0382
-7.23419;11.3302;13.4428;23.6473;20.2231
-7.15802;11.5152;13.5586;23.8449;20.4081
-7.08194;11.7001;13.6765;24.0426;20.593
-7.00601;11.8852;13.7964;24.2403;20.7781
-6.93031;12.0703;13.9184;24.438;20.9632
-6.85496;12.2555;14.0424;24.6357;21.1484
-6.78012;12.441;14.1686;24.8333;21.3339
-6.70597;12.6268;14.297;25.0308;21.5197
-6.63274;12.8129;14.4278;25.2283;21.7058
-6.56064;12.9994;14.5611;25.4255;21.8923
-6.4899;13.1865;14.697;25.6226;22.0794
-6.42072;13.3742;14.8356;25.8194;22.2671
-6.35323;13.5624;14.9768;26.016;22.4554
-6.28753;13.7513;15.1206;26.2123;22.6443
-6.22361;13.9409;15.267;26.4082;22.8338
-6.16146;14.131;15.4158;26.6038;23.0239
-6.10097;14.3216;15.567;26.7992;23.2145
-6.04204;14.5127;15.7202;26.9942;23.4057
-5.98451;14.7043;15.8755;27.189;23.5972
-5.92825;14.8962;16.0325;27.3836;23.7891
-5.87309;15.0885;16.1912;27.5779;23.9814
-5.81888;15.281;16.3514;27.7722;24.1739
-5.76549;15.4737;16.5129;27.9663;24.3666
-5.71278;15.6667;16.6757;28.1603;24.5596
-5.66063;15.8597;16.8397;28.3542;24.7527
-5.60893;16.053;17.0046;28.5481;24.9459
-5.55757;16.2462;17.1705;28.7421;25.1392
-5.50645;16.4396;17.3373;28.936;25.3325
-5.45546;16.633;17.5048;29.13;25.5259
-5.40449;16.8264;17.673;29.324;25.7193
-5.35345;17.0198;17.8419;29.5182;25.9127
-5.30281;17.2132;18.0115;29.7124;26.1062
-5.27054;17.4115;18.1918;29.9021;26.3045
-5.234;17.6082;18.3697;30.0925;26.5011
-5.18692;17.8029;18.5431;30.2863;26.6958
-5.13468;17.996;18.7142;30.4813;26.8889
-5.08083;18.1887;18.885;30.6766;27.0816
-5.026;18.381;19.0558;30.8721;27.2739
-4.97082;18.5732;19.2269;31.0679;27.4661
-4.91559;18.7655;19.3986;31.2636;27.6584
-4.86035;18.9577;19.5708;31.4595;27.8506
-4.80511;19.1499;19.7435;31.6554;28.0428
-4.74987;19.3421;19.9168;31.8513;28.235
-4.69463;19.5343;20.0905;32.0473;28.4272
-4.63939;19.7266;20.2648;32.2433;28.6195
-4.58415;19.9188;20.4395;32.4394;28.8117
-4.52891;20.111;20.6146;32.6355;29.0039
-4.47367;20.3032;20.7902;32.8317;29.1961
-4.41843;20.4954;20.9663;33.0279;29.3883
-4.36319;20.6877;21.1428;33.2242;29.5806
-4.30795;20.8799;21.3197;33.4205;29.7728
-4.25271;21.0721;21.4969;33.6169;29.965
-4.19747;21.2643;21.6746;33.8133;30.1572
-4.14224;21.4565;21.8527;34.0097;30.3494
-4.087;21.6488;22.0312;34.2062;30.5417
-4.03176;21.841;22.21;34.4027;30.7339
-3.97652;22.0332;22.3892;34.5993;30.9261
-3.92128;22.2254;22.5687;34.7959;31.1183
-3.86604;22.4176;22.7486;34.9925;31.3105
-3.8108;22.6099;22.9288;35.1892;31.5028
-3.75556;22.8021;23.1093;35.3859;31.695
-3.70032;22.9943;23.2901;35.5827;31.8872
-3.64508;23.1865;23.4713;35.7795;32.0794
-3.58984;23.3787;23.6527;35.9763;32.2716
-3.5346;23.571;23.8345;36.1731;32.4639
-3.47936;23.7632;24.0165;36.37;32.6561
-3.42412;23.9554;24.1989;36.567;32.8483
-3.36888;24.1476;24.3815;36.7639;33.0405
-3.31365;24.3398;24.5644;36.9609;33.2328
-3.25841;24.5321;24.7475;37.1579;33.425
-3.20317;24.7243;24.9309;37.355;33.6172
-3.14793;24.9165;25.1146;37.5521;33.8094
-3.09269;25.1087;25.2985;37.7492;34.0016
-3.03745;25.3009;25.4826;37.9463;34.1939
-2.98221;25.4932;25.667;38.1435;34.3861
-2.92697;25.6854;25.8516;38.3407;34.5783
-2.87173;25.8776;26.0365;38.538;34.7705
-2.81649;26.0698;26.2215;38.7352;34.9627
-2.76125;26.262;26.4068;38.9325;35.155
-2.70601;26.4543;26.5923;39.1298;35.3472
-2.65077;26.6465;26.778;39.3272;35.5394
-2.59553;26.8387;26.9639;39.5246;35.7316
-2.54029;27.0309;27.15;39.722;35.9238
-2.48506;27.2231;27.3363;39.9194;36.1161
-2.42982;27.4154;27.5228;40.1168;36.3083
-2.37458;27.6076;27.7095;40.3143;36.5005
-2.31934;27.7998;27.8964;40.5118;36.6927
-2.2641;27.992;28.0834;40.7093;36.8849
-2.20886;28.1842;28.2707;40.9069;37.0772
-2.15362;28.3765;28.4581;41.1045;37.2694
-2.09838;28.5687;28.6456;41.302;37.4616
-2.04314;28.7609;28.8334;41.4997;37.6538
-1.9879;28.9531;29.0213;41.6973;37.846
-1.93266;29.1453;29.2094;41.895;38.0383
-1.87742;29.3376;29.3976;42.0927;38.2305
-1.82218;29.5298;29.586;42.2904;38.4227
-1.76694;29.722;29.7745;42.4881;38.6149
-1.7117;29.9142;29.9632;42.6859;38.8071

-1.65647;-29.8936;29.9394;42.8836;38.9994
-1.70989;-29.6701;29.7193;43.0648;39.2228
-1.9224;-29.5153;29.5778;43.1189;39.3776
-2.11102;-29.4345;29.5101;43.1163;39.4584
-2.3624;-29.5135;29.6079;42.9431;39.3794
-2.55207;-29.5771;29.687;42.8094;39.3158
-2.7411;-29.6424;29.7689;42.6749;39.2505
-2.93006;-29.708;29.8521;42.5407;39.185
-3.11901;-29.7735;29.9364;42.407;39.1194
-3.30797;-29.839;30.0218;42.2739;39.0539
-3.49692;-29.9046;30.1084;42.1413;38.9883
-3.68588;-29.9701;30.1959;42.0092;38.9228

-3.87483;29.9643;30.2138;41.8776;38.8572
-4.03519;29.8163;30.0882;41.6806;38.7093
-4.06943;29.5585;29.8373;41.4286;38.4514
-4.08244;29.3585;29.641;41.2381;38.2514
-4.15482;29.1628;29.4573;41.0295;38.0557
-4.22552;28.9757;29.2822;40.8296;37.8686
-4.31279;28.7949;29.1161;40.6292;37.6878
-4.41612;28.6227;28.9613;40.4309;37.5156
-4.52931;28.4573;28.8155;40.2353;37.3503
-4.65115;28.2984;28.6781;40.0425;37.1913
-4.77932;28.1446;28.5475;39.8522;37.0375
-4.91225;27.9951;28.4228;39.6642;36.888
-5.04869;27.8487;28.3027;39.4781;36.7417
-5.18771;27.7049;28.1864;39.2934;36.5978
-5.3286;27.5629;28.0733;39.11;36.4559
-5.47082;27.4223;27.9627;38.9275;36.3152
-5.61398;27.2826;27.8543;38.7457;36.1756
-5.75776;27.1436;27.7476;38.5645;36.0365
-5.90197;27.005;27.6425;38.3838;35.898
-6.04643;26.8667;27.5387;38.2034;35.7596
-6.19104;26.7286;27.4362;38.0232;35.6215
-6.33571;26.5905;27.3349;37.8434;35.4834
-6.48038;26.4524;27.2346;37.6637;35.3453
-6.62499;26.3142;27.1354;37.4842;35.2071
-6.7695;26.1759;27.0371;37.3048;35.0689
-6.91385;26.0375;26.9398;37.1256;34.9304
-7.058;25.8989;26.8434;36.9464;34.7918
-7.20189;25.76;26.7478;36.7673;34.6529
-7.34546;25.6207;26.6529;36.5882;34.5136
-7.48866;25.4811;26.5587;36.4091;34.374
-7.63142;25.341;26.4652;36.2299;34.2339
-7.77367;25.2005;26.3722;36.0506;34.0934
-7.91537;25.0593;26.2797;35.8711;33.9522
-8.05647;24.9176;26.1876;35.6915;33.8105
-8.19691;24.7752;26.0959;35.5118;33.6681
-8.33669;24.6321;26.0046;35.3318;33.525
-8.47577;24.4884;25.9137;35.1516;33.3813
-8.61417;24.344;25.8231;34.9713;33.2369
-8.7519;24.199;25.733;34.7907;33.0919
-8.88898;24.0533;25.6433;34.61;32.9463
-9.02545;23.9071;25.5541;34.4291;32.8001
-9.16134;23.7604;25.4654;34.2481;32.6533
-9.29671;23.6132;25.3774;34.067;32.5061
-9.43161;23.4655;25.29;33.8858;32.3584
-9.5661;23.3175;25.2035;33.7047;32.2104
-9.70022;23.1691;25.1178;33.5235;32.062
-9.83406;23.0205;25.033;33.3424;31.9134
-9.96767;22.8717;24.9493;33.1613;31.7646
-10.1011;22.7227;24.8668;32.9805;31.6156
-10.2346;22.5737;24.7855;32.7998;31.4667
-10.3681;22.4248;24.7056;32.6193;31.3177
-10.5017;22.276;24.6274;32.4392;31.1689
-10.6357;22.1275;24.5509;32.2595;31.0204
-10.7701;21.9795;24.4764;32.0804;30.8724
-10.9052;21.8319;24.404;31.9018;30.7248
-11.0409;21.685;24.334;31.7239;30.578
-11.1775;21.5389;24.2664;31.5468;30.4318
-11.3148;21.3935;24.2014;31.3706;30.2865
-11.453;21.249;24.139;31.1951;30.1419
-11.592;21.1051;24.079;31.0205;29.998
-11.7315;20.9618;24.0214;30.8465;29.8548
-11.8716;20.8191;23.966;30.6733;29.712
-12.0118;20.6764;23.9123;30.5004;29.5693
-12.1512;20.5331;23.8592;30.3275;29.426
-12.2859;20.3851;23.8011;30.1514;29.278
-12.4019;20.2202;23.7206;29.9637;29.1131
-12.4911;20.0384;23.6128;29.766;28.9313
-12.5529;19.846;23.4827;29.5644;28.7389
-12.6162;19.6562;23.3567;29.3651;28.5491
-12.699;19.473;23.2479;29.1676;28.3659
-12.7991;19.2988;23.1572;28.9749;28.1917
-12.9056;19.1293;23.0757;28.7855;28.0222
-13.0121;18.96;22.9956;28.5964;27.8529
-13.1162;18.7892;22.9144;28.4066;27.6821
-13.2172;18.6166;22.8314;28.2157;27.5095
-13.3153;18.4423;22.7467;28.024;27.3352
-13.4112;18.2667;22.6613;27.8317;27.1597
-13.5059;18.0906;22.5761;27.6392;26.9835
-13.6003;17.9142;22.4919;27.4466;26.8071
-13.6951;17.7381;22.4097;27.2543;26.631
-13.7911;17.5627;22.3303;27.0625;26.4556
-13.8889;17.3882;22.2542;26.8715;26.2811
-13.989;17.215;22.1822;26.6813;26.1079
-14.0917;17.0434;22.1145;26.4922;25.9363
-14.197;16.8733;22.0514;26.3044;25.7662
-14.3049;16.7049;21.9928;26.1178;25.5978
-14.4152;16.538;21.9387;25.9325;25.431
-14.5276;16.3726;21.8887;25.7484;25.2655
-14.6419;16.2085;21.8426;25.5654;25.1014
-14.7578;16.0454;21.8002;25.3835;24.9383
-14.8749;15.8833;21.761;25.2025;24.7762
-14.9931;15.7219;21.7249;25.0224;24.6149
-15.1121;15.5612;21.6916;24.843;24.4541
-15.2317;15.4009;21.6608;24.6643;24.2938
-15.3518;15.241;21.6325;24.4862;24.1339
-15.4722;15.0813;21.6064;24.3087;23.9742
-15.5929;14.9218;21.5824;24.1316;23.8147
-15.7136;14.7624;21.5603;23.9549;23.6553
-15.8344;14.603;21.5401;23.7786;23.4959
-15.955;14.4434;21.5215;23.6027;23.3364
-16.0755;14.2838;21.5046;23.427;23.1767
-16.1957;14.124;21.4892;23.2515;23.0169
-16.3156;13.9639;21.4753;23.0762;22.8568
-16.4351;13.8035;21.4627;22.9011;22.6964
-16.5541;13.6427;21.4514;22.7262;22.5357
-16.6727;13.4817;21.4414;22.5513;22.3746
-16.7907;13.3202;21.4326;22.3766;22.2132
-16.9083;13.1585;21.4251;22.2021;22.0514
-17.0255;12.9964;21.419;22.0276;21.8893
-17.1422;12.834;21.4142;21.8534;21.7269
-17.2589;12.6715;21.4112;21.6796;21.5645
-17.3762;12.5096;21.4108;21.5066;21.4025
-17.4961;12.3494;21.4155;21.3358;21.2423
-17.6225;12.1942;21.4302;21.1697;21.0872
-17.7603;12.0485;21.4614;21.0128;20.9414
-17.9109;11.9156;21.5124;20.8684;20.8086
-18.0705;11.7943;21.5789;20.7359;20.6872
-18.2297;11.6732;21.6468;20.6047;20.5661
-18.3769;11.5364;21.6979;20.4596;20.4293
-18.5065;11.3821;21.7266;20.2989;20.275
-18.6168;11.2135;21.7332;20.1254;20.1064
-18.7067;11.0334;21.7181;19.9417;19.9263
-18.7752;10.844;21.6817;19.7498;19.7369
-18.8212;10.6479;21.6244;19.5523;19.5408
-18.8445;10.448;21.5471;19.3517;19.3409
-18.8462;10.2468;21.4518;19.1506;19.1397
-18.8285;10.0467;21.3412;18.9512;18.9396
-18.7943;9.84891;21.2186;18.7548;18.7418
-18.7472;9.65408;21.087;18.5619;18.547
-18.6906;9.46201;20.9492;18.3723;18.3549
-18.6274;9.27214;20.8075;18.1856;18.1651
-18.5601;9.08376;20.6637;18.0007;17.9767
-18.4908;8.89613;20.5195;17.8171;17.789
-18.4215;8.70852;20.3762;17.6339;17.6014
-18.3539;8.52028;20.2351;17.4503;17.4132
-18.2896;8.33088;20.0975;17.2656;17.2238
-18.2299;8.13991;19.9647;17.0794;17.0328
-18.1764;7.94712;19.8378;16.8912;16.84
-18.1305;7.75227;19.7184;16.7007;16.6452
-18.0989;7.55425;19.6122;16.5059;16.4472
-18.1184;7.34861;19.5519;16.2994;16.2415
-18.1776;7.15332;19.5344;16.0999;16.0462
-18.2953;6.98003;19.5816;15.9179;15.8729
-18.4191;6.82232;19.642;15.7517;15.7152
-18.6223;6.72757;19.8003;15.6446;15.6205
-18.7911;6.61622;19.9218;15.5249;15.5091
-19.0416;6.63275;20.1637;15.5322;15.5257
-19.2417;6.63697;20.3542;15.5319;15.5299
-19.441;6.67233;20.5542;15.5653;15.5652
-19.6344;6.72736;20.7549;15.6209;15.6203
-19.8225;6.79697;20.9555;15.6934;15.6899
-20.0061;6.87705;21.1551;15.7784;15.77
-20.1862;6.9646;21.3538;15.8728;15.8575
-20.3633;7.05765;21.5517;15.9744;15.9506
-20.5381;7.15492;21.7487;16.082;16.0478
-20.7109;7.25568;21.9451;16.1946;16.1486
-20.8819;7.35951;22.1408;16.3119;16.2524
-21.0511;7.46615;22.3359;16.4333;16.3591
-21.2187;7.57542;22.5304;16.5588;16.4683
-21.3846;7.68707;22.7243;16.6878;16.58
-21.5491;7.80084;22.9176;16.8202;16.6938
-21.7124;7.91642;23.1105;16.9555;16.8093
-21.8745;8.03349;23.3031;17.0935;16.9264
-22.0358;8.15176;23.4953;17.2337;17.0447
-22.1964;8.27095;23.6874;17.3758;17.1639
-22.3565;8.39084;23.8793;17.5198;17.2837
-22.5162;8.51122;24.0712;17.6652;17.4041
-22.6757;8.63196;24.2631;17.812;17.5249
-22.835;8.75293;24.455;17.96;17.6458
-22.9941;8.87404;24.6471;18.1091;17.7669
-23.1532;8.99521;24.8392;18.2592;17.8881
-23.3123;9.1164;25.0315;18.4104;18.0093
-23.4715;9.23754;25.2238;18.5624;18.1305
-23.6307;9.35861;25.4164;18.7152;18.2515
-23.7899;9.47957;25.6091;18.8688;18.3725
-23.9493;9.60038;25.8019;19.0232;18.4933
-24.1088;9.72102;25.9949;19.1783;18.6139
-24.2685;9.84147;26.1881;19.3341;18.7344
-24.4283;9.96172;26.3814;19.4905;18.8546
-24.5883;10.0818;26.5749;19.6475;18.9747
-24.7484;10.2016;26.7686;19.8052;19.0945
-24.9087;10.3212;26.9624;19.9634;19.2141
-25.0692;10.4406;27.1564;20.1222;19.3335
-25.2298;10.5598;27.3505;20.2816;19.4527
-25.3905;10.6788;27.5448;20.4416;19.5717
-25.5514;10.7976;27.7392;20.6022;19.6905
-25.7123;10.9163;27.9337;20.7633;19.8092
-25.8734;11.0349;28.1283;20.925;19.9278
-26.0346;11.1533;28.3231;21.0873;20.0462
-26.1958;11.2717;28.5179;21.2502;20.1646
-26.3571;11.39;28.7128;21.4136;20.2829
-26.5184;11.5082;28.9078;21.5776;20.4011
-26.6798;11.6263;29.1029;21.7422;20.5192
-26.8412;11.7444;29.2981;21.9073;20.6373
-27.0026;11.8625;29.4934;22.073;20.7554
-27.1641;11.9805;29.6887;22.2392;20.8734
-27.3255;12.0986;29.8841;22.406;20.9915
-27.487;12.2166;30.0795;22.5733;21.1095
-27.6485;12.3346;30.2751;22.7411;21.2275
-27.8099;12.4526;30.4706;22.9094;21.3455
-27.9714;12.5706;30.6663;23.0783;21.4635
-28.1329;12.6886;30.8619;23.2476;21.5815
-28.2944;12.8066;31.0577;23.4174;21.6995
-28.4558;12.9246;31.2535;23.5877;21.8175
-28.6173;13.0426;31.4493;23.7585;21.9355
-28.7788;13.1606;31.6452;23.9297;22.0535
-28.9403;13.2786;31.8412;24.1013;22.1715
-29.1016;13.3968;32.0372;24.2735;22.2897
-29.2628;13.5152;32.2331;24.4463;22.4081
-29.4236;13.6341;32.429;24.6198;22.527
-29.5841;13.7535;32.6248;24.7939;22.6464
-29.7443;13.8732;32.8206;24.9687;22.7662
-29.9044;13.9931;33.0163;25.144;22.8861

29.9356;14.1131;33.0956;25.3196;23.006
29.7731;14.2297;32.9988;25.4936;23.1226
29.6104;14.3461;32.9027;25.6679;23.239
29.4482;14.463;32.8081;25.8428;23.3559
29.2862;14.5804;32.715;26.0184;23.4733
29.1245;14.6981;32.6232;26.1945;23.591
28.963;14.816;32.5326;26.3711;23.7089
28.8016;14.9341;32.4431;26.5481;23.827
28.6402;15.0522;32.3547;26.7254;23.9451
28.4788;15.1704;32.2674;26.9031;24.0633
28.3175;15.2886;32.1811;27.0811;24.1815
28.1561;15.4068;32.0957;27.2595;24.2997
27.9948;15.525;32.0115;27.4381;24.4179
27.8335;15.6432;31.9283;27.617;24.5361
27.6722;15.7615;31.8461;27.7963;24.6544
27.511;15.8799;31.7652;27.9759;24.7728
27.3499;15.9984;31.6854;28.1558;24.8913
27.1889;16.117;31.6069;28.3361;25.0099
27.028;16.2359;31.5296;28.5167;25.1288
26.8673;16.3549;31.4537;28.6977;25.2478
26.7068;16.4742;31.3792;28.8791;25.3671
26.5464;16.5937;31.306;29.0609;25.4866
26.3862;16.7134;31.2341;29.2429;25.6063
26.2261;16.8333;31.1636;29.4253;25.7262
26.0661;16.9532;31.0943;29.608;25.8462
25.9061;17.0733;31.0262;29.7909;25.9662
25.7461;17.1933;30.9592;29.9741;26.0862
25.5861;17.3133;30.8933;30.1574;26.2062
25.4259;17.4331;30.8284;30.3409;26.326
25.2656;17.5526;30.7644;30.5244;26.4455
25.1051;17.6719;30.7011;30.708;26.5648
24.9443;17.7908;30.6387;30.8917;26.6837
24.7832;17.9093;30.5769;31.0753;26.8022
24.6218;18.0274;30.5159;31.259;26.9203
24.4601;18.1451;30.4556;31.4426;27.0381
24.2981;18.2625;30.396;31.6263;27.1554
24.1359;18.3795;30.3372;31.81;27.2724
23.9735;18.4962;30.2793;31.9938;27.3891
23.8109;18.6127;30.2223;32.1776;27.5056
23.6482;18.7289;30.1664;32.3615;27.6219
23.4853;18.8451;30.1114;32.5456;27.738
23.3224;18.961;30.0575;32.7298;27.854
23.1594;19.077;30.0048;32.9141;27.9699
22.9964;19.1928;29.9533;33.0986;28.0857
22.8334;19.3088;29.9031;33.2833;28.2017
22.6706;19.4249;29.8543;33.4682;28.3178
22.5079;19.5413;29.8072;33.6535;28.4342
22.3457;19.6582;29.7619;33.8391;28.5511
22.1839;19.7758;29.7188;34.0253;28.6687
22.0229;19.8944;29.6782;34.212;28.7873
21.8628;20.0144;29.6405;34.3995;28.9073
21.7042;20.1362;29.6063;34.5879;29.0291
21.5473;20.2603;29.5765;34.7774;29.1532
21.3931;20.3877;29.5521;34.9684;29.2807
21.2428;20.5198;29.535;35.1612;29.4127
21.0972;20.6571;29.5264;35.3559;29.55
20.9549;20.7976;29.5237;35.5515;29.6906
20.8098;20.9353;29.5184;35.7464;29.8283
20.6538;21.0616;29.4987;35.9377;29.9545
20.4869;21.1732;29.4621;36.123;30.0661
20.3162;21.2777;29.4192;36.3047;30.1706
20.146;21.3829;29.3784;36.4869;30.2758
19.978;21.4914;29.3428;36.6708;30.3843
19.812;21.6031;29.3123;36.8563;30.496
19.6476;21.717;29.2858;37.043;30.6099
19.4844;21.8325;29.2626;37.2305;30.7255
19.3219;21.9491;29.2421;37.4185;30.842
19.1598;22.0664;29.2237;37.6069;30.9593
18.9981;22.184;29.2072;37.7957;31.0769
18.8366;22.302;29.1924;37.9846;31.1949
18.6751;22.42;29.1791;38.1738;31.313
18.5138;22.5382;29.1673;38.3631;31.4311
18.3525;22.6565;29.157;38.5525;31.5494
18.1913;22.7748;29.1481;38.742;31.6677
18.03;22.8932;29.1407;38.9317;31.7861
17.8688;23.0115;29.1346;39.1215;31.9044
17.7076;23.1299;29.1299;39.3114;32.0228
17.5464;23.2482;29.1265;39.5013;32.1411
17.3851;23.3664;29.1244;39.6913;32.2593
17.2236;23.4845;29.1234;39.8814;32.3774
17.062;23.6023;29.1236;40.0715;32.4952
16.9002;23.7199;29.1247;40.2615;32.6128
16.7381;23.837;29.1267;40.4515;32.7299
16.5757;23.9537;29.1296;40.6414;32.8466
16.4129;24.0699;29.1332;40.8313;32.9629
16.2498;24.1857;29.1377;41.021;33.0786
16.0864;24.301;29.143;41.2107;33.194
15.9227;24.4159;29.149;41.4003;33.3088
15.7582;24.5296;29.1551;41.5896;33.4225
15.5918;24.6407;29.1594;41.7779;33.5336
15.4219;24.7465;29.1586;41.9641;33.6394
15.2479;24.8454;29.1512;42.1475;33.7383
15.0674;24.9325;29.1317;42.3256;33.8254
14.8616;24.9662;29.0547;42.4765;33.8591
14.662;24.9851;28.9695;42.6123;33.878
14.4512;24.8798;28.7722;42.6571;33.7727
14.2613;24.8124;28.6189;42.7202;33.7053
14.0997;24.6696;28.4146;42.7073;33.5625
13.9493;24.5378;28.2256;42.6972;33.4307
13.8175;24.3847;28.0275;42.6598;33.2776
13.699;24.2229;27.8282;42.6082;33.1158
13.5922;24.0532;27.6279;42.5439;32.9461
13.4952;23.8779;27.4276;42.4699;32.7708
13.4061;23.6986;27.2277;42.3887;32.5915
13.3231;23.5165;27.0284;42.3021;32.4094
13.245;23.3323;26.8296;42.2116;32.2253
13.1705;23.1467;26.6314;42.1183;32.0396
13.0987;22.96;26.4336;42.0233;31.8529
13.029;22.7725;26.2363;41.9271;31.6655
12.9607;22.5845;26.0392;41.8302;31.4775
12.8936;22.3962;25.8424;41.733;31.2891
12.8272;22.2075;25.6458;41.6358;31.1004
12.7613;22.0186;25.4494;41.5389;30.9115
12.6958;21.8297;25.2531;41.4424;30.7226
12.6305;21.6406;25.0569;41.3465;30.5335
12.5653;21.4516;24.8607;41.2512;30.3445
12.5001;21.2625;24.6647;41.1567;30.1554
12.4348;21.0735;24.4686;41.063;29.9664
12.3695;20.8844;24.2727;40.9701;29.7773
12.3043;20.6953;24.0768;40.8778;29.5882
12.24;20.5059;23.8812;40.7854;29.3989
12.1774;20.316;23.6861;40.6923;29.2089
12.1174;20.1252;23.4916;40.5975;29.0181
12.0598;19.9336;23.2978;40.5013;28.8266
12.0022;19.7421;23.1042;40.4058;28.635
11.9407;19.5518;22.9096;40.3147;28.4447
11.8712;19.364;22.7132;40.2319;28.257
11.7919;19.1801;22.515;40.1596;28.0731
11.7037;19.0004;22.3157;40.0975;27.8933
11.6098;18.8237;22.116;40.0425;27.7166
11.5145;18.6478;21.9163;39.99;27.5407
11.4217;18.4706;21.7168;39.9357;27.3635
11.3337;18.2909;21.5177;39.8771;27.1838
11.2508;18.1088;21.3193;39.8141;27.0017
11.1716;17.9252;21.1214;39.7482;26.8181
11.0945;17.7406;20.9241;39.681;26.6335
11.0186;17.5556;20.727;39.6135;26.4485
10.9434;17.3702;20.53;39.5462;26.2631
10.8689;17.1846;20.3333;39.4791;26.0775
10.795;16.9988;20.1368;39.4122;25.8917
10.7217;16.8127;19.9404;39.3457;25.7056
10.6489;16.6264;19.7443;39.2796;25.5193
10.5763;16.44;19.5482;39.2142;25.333
10.5038;16.2536;19.3523;39.1495;25.1465
10.4312;16.0673;19.1564;39.0859;24.9602
10.3583;15.881;18.9605;39.0236;24.774
10.2849;15.695;18.7647;38.9626;24.5879
10.2109;15.5092;18.5687;38.9033;24.4021
10.136;15.3238;18.3727;38.8458;24.2167
10.0602;15.1387;18.1766;38.7901;24.0316
9.98346;14.954;17.9803;38.7364;23.8469
9.9056;14.7697;17.7839;38.6848;23.6627
9.82658;14.586;17.5873;38.6354;23.4789
9.74634;14.4028;17.3906;38.5883;23.2957
9.66487;14.2202;17.1937;38.5435;23.1131
9.58214;14.0381;16.9966;38.501;22.931
9.49816;13.8565;16.7994;38.4608;22.7495
9.41296;13.6756;16.602;38.423;22.5685
9.32661;13.4952;16.4044;38.3874;22.3881
9.23916;13.3153;16.2068;38.3541;22.2082
9.15073;13.1359;16.009;38.3228;22.0288
9.0614;12.957;15.8111;38.2936;21.8499
8.9713;12.7784;15.6132;38.2662;21.6713
8.88054;12.6002;15.4152;38.2406;21.4931
8.78925;12.4223;15.2172;38.2166;21.3152
8.69754;12.2445;15.0192;38.1941;21.1374
8.60552;12.0669;14.8211;38.173;20.9599
8.51331;11.8895;14.6231;38.1531;20.7824
8.42099;11.712;14.4252;38.1344;20.605
8.32868;11.5346;14.2272;38.1167;20.4275
8.23644;11.3572;14.0294;38.1;20.2501
8.14436;11.1796;13.8317;38.0842;20.0725
8.05252;11.002;13.634;38.0691;19.8949
7.96098;10.8241;13.4365;38.0547;19.717
7.8698;10.6461;13.2391;38.041;19.539
7.77904;10.4679;13.0419;38.0279;19.3608
7.68874;10.2895;12.8448;38.0153;19.1824
7.59894;10.1107;12.648;38.0032;19.0037
7.50966;9.93178;12.4513;37.9915;18.8247
7.42091;9.75254;12.2549;37.9803;18.6455
7.33271;9.57304;12.0587;37.9695;18.466
7.24505;9.39328;11.8627;37.9592;18.2862
7.15791;9.21326;11.667;37.9494;18.1062
7.07128;9.03299;11.4716;37.9401;17.9259
6.98511;8.85251;11.2765;37.9313;17.7454
6.89938;8.67181;11.0816;37.923;17.5647
6.81403;8.49094;10.887;37.9154;17.3838
6.72902;8.3099;10.6927;37.9085;17.2028
6.6443;8.12873;10.4987;37.9023;17.0216
6.55979;7.94747;10.305;37.8969;16.8404
6.47543;7.76613;10.1116;37.8924;16.659
6.39116;7.58475;9.91843;37.8889;16.4777
6.3069;7.40336;9.72557;37.8864;16.2963
6.22261;7.22199;9.533;37.885;16.1149
6.13825;7.04066;9.34071;37.8848;15.9336
6.05381;6.85935;9.14874;37.8857;15.7523
5.96929;6.67809;8.95708;37.8877;15.571
5.88467;6.49688;8.76577;37.8909;15.3898
5.79991;6.31572;8.57481;37.8953;15.2086
5.71497;6.13465;8.38421;37.901;15.0276
5.62981;5.95369;8.19397;37.9079;14.8466
5.54438;5.77286;8.00412;37.9162;14.6658
5.45865;5.59216;7.81467;37.9259;14.4851
5.37262;5.41161;7.62565;37.937;14.3045
5.2863;5.2312;7.43709;37.9494;14.1241
5.19969;5.05092;7.24904;37.9633;13.9438
5.11281;4.87078;7.06154;37.9784;13.7637
5.02569;4.69075;6.87464;37.9949;13.5837
4.93833;4.51084;6.68841;38.0127;13.4037
4.85073;4.33104;6.50288;38.0318;13.224
4.76283;4.15139;6.31812;38.0522;13.0443
4.67457;3.97192;6.13415;38.0742;12.8648
4.58587;3.79267;5.95101;38.0976;12.6856
4.49688;3.61356;5.76886;38.1224;12.5065
4.40806;3.43436;5.58801;38.148;12.3273
4.32015;3.25471;5.40896;38.1737;12.1476
4.23373;3.07434;5.23221;38.1987;11.9673
4.14887;2.89323;5.05805;38.2231;11.7861
4.06489;2.71171;4.88638;38.2475;11.6046
3.97978;2.53072;4.71627;38.2742;11.4236
3.88981;2.35202;4.54561;38.3073;11.2449
3.79037;2.17817;4.37165;38.3518;11.0711
3.67914;2.01138;4.19306;38.4106;10.9043
3.55795;1.85181;4.01101;38.482;10.7447
3.43031;1.6976;3.82739;38.5619;10.5905
3.29842;1.54715;3.64325;38.6478;10.4401
3.16293;1.39995;3.4589;38.7389;10.2929
3.0238;1.25619;3.27435;38.8353;10.1491
2.88077;1.11629;3.08949;38.9371;10.0092
2.73372;0.980607;2.90427;39.0447;9.87352
2.58284;0.849192;2.71886;39.1578;9.7421
2.42885;0.721484;2.53374;39.2755;9.6144
2.27281;0.596335;2.34974;39.3965;9.48925
2.11585;0.472372;2.16794;39.5193;9.36528
1.95885;0.348481;1.9896;39.6428;9.24139
1.80223;0.224095;1.81611;39.7664;9.11701
1.64606;0.0991537;1.64904;39.8901;8.99207
1.49015;-0.0261135;1.49038;40.0141;8.8668
1.33425;-0.151397;1.34281;40.1386;8.74151
1.17816;-0.276443;1.21016;40.264;8.61647
1.02177;-0.401107;1.09768;40.3904;8.4918
0.865034;-0.525346;1.01206;40.5178;8.36757
0.707987;-0.649186;0.960566;40.6462;8.24373
0.550679;-0.772694;0.948843;40.7755;8.12022
0.393175;-0.895952;0.978425;40.9056;7.99696
0.23555;-1.01906;1.04593;41.0364;7.87386
0.0779173;-1.14215;1.1448;41.1677;7.75076
-0.0795178;-1.2655;1.26799;41.2994;7.62742
-0.23636;-1.3896;1.40956;41.4309;7.50331
-0.391957;-1.51527;1.56514;41.5614;7.37764
-0.545482;-1.64349;1.73165;41.69;7.24942
-0.696341;-1.77486;1.90658;41.8161;7.11805
-0.844838;-1.90888;2.08748;41.9399;6.98403
-0.992596;-2.04367;2.27197;42.0634;6.84924
-1.14205;-2.1766;2.45802;42.1895;6.71631
-1.29518;-2.30538;2.64429;42.3205;6.58754
-1.45255;-2.42899;2.83017;42.4569;6.46392
-1.61331;-2.5481;3.01589;42.5979;6.34481
-1.77582;-2.66471;3.20222;42.7415;6.2282
-1.93835;-2.78126;3.39008;42.8855;6.11165
-2.09969;-2.89947;3.57989;43.0286;5.99344
-2.25944;-3.01984;3.77154;43.1702;5.87307
-2.41791;-3.14187;3.96455;43.3109;5.75104
-2.57578;-3.26465;4.15844;43.4513;5.62826
-2.73373;-3.38735;4.35286;43.5922;5.50556
-2.89216;-3.50942;4.54759;43.7342;5.38349
-3.05124;-3.63063;4.74253;43.8774;5.26228
-3.21096;-3.75102;4.93765;44.0217;5.1419
-3.37119;-3.8707;5.13296;44.1671;5.02221
-3.53181;-3.98988;5.32849;44.3133;4.90303
-3.69267;-4.10873;5.52426;44.4603;4.78418
-3.85365;-4.22741;5.72028;44.6077;4.66551
-4.01466;-4.34605;5.91656;44.7557;4.54687
-4.17562;-4.46476;6.11309;44.9039;4.42815
-4.33643;-4.58367;6.30988;45.0524;4.30925
-4.49704;-4.70285;6.50693;45.2011;4.19006
-4.65737;-4.82241;6.70423;45.3499;4.0705
-4.81737;-4.94242;6.90178;45.4986;3.95049
-4.97697;-5.06295;7.09956;45.6474;3.82996
-5.13612;-5.18408;7.29756;45.796;3.70883
-5.29479;-5.30583;7.49577;45.9445;3.58708
-5.453;-5.42819;7.69418;46.0928;3.46473
-5.61083;-5.55103;7.89274;46.2412;3.34188
-5.7684;-5.6742;8.09141;46.3896;3.21871
-5.92576;-5.79764;8.29019;46.5382;3.09527
-6.08279;-5.9215;8.48908;46.6869;2.97141
-6.23927;-6.04606;8.68812;46.8353;2.84685
-6.39496;-6.17161;8.88731;46.9833;2.72131
-6.54976;-6.29826;9.08666;47.1307;2.59466
-6.70387;-6.42573;9.28612;47.2777;2.46718
-6.85779;-6.55344;9.48561;47.425;2.33947
-7.01193;-6.68089;9.68511;47.5728;2.21203
-7.16644;-6.80788;9.88458;47.7214;2.08503
-7.32129;-6.93445;10.084;47.8708;1.95846
-7.47645;-7.06065;10.2835;48.0209;1.83226
-7.63194;-7.18644;10.4829;48.1716;1.70647
-7.78787;-7.31168;10.6823;48.3232;1.58123
-7.94442;-7.43615;10.8816;48.4758;1.45676
-8.10173;-7.55967;11.0809;48.6294;1.33325
-8.25987;-7.68211;11.2801;48.7843;1.2108
-8.41887;-7.80344;11.4792;48.9404;1.08947
-8.57868;-7.92371;11.6781;49.0977;0.969204
-8.73919;-8.04302;11.877;49.256;0.849891
-8.90032;-8.16151;12.0758;49.4152;0.731397
-9.06193;-8.27934;12.2746;49.5752;0.613575
-9.22393;-8.39663;12.4733;49.7358;0.496283
-9.38622;-8.51351;12.6721;49.8971;0.379397
-9.54872;-8.6301;12.8708;50.0588;0.262813
-9.71138;-8.74647;13.0695;50.221;0.146446
-9.87415;-8.86268;13.2682;50.3836;0.030232
-10.037;-8.97879;13.467;50.5465;-0.0858781
-10.1999;-9.09483;13.6658;50.7097;-0.20192
-10.3628;-9.21083;13.8646;50.8732;-0.317918
-10.5258;-9.3268;14.0635;51.037;-0.433891
-10.6887;-9.44276;14.2623;51.2011;-0.549849
-10.8517;-9.55871;14.4612;51.3654;-0.665801
-11.0146;-9.67466;14.6602;51.53;-0.781752
-11.1776;-9.79062;14.8592;51.6948;-0.897704
-11.3405;-9.90657;15.0582;51.8599;-1.01366
-11.5035;-10.0225;15.2572;52.0252;-1.12962
-11.6664;-10.1385;15.4562;52.1907;-1.24558
-11.8294;-10.2545;15.6553;52.3565;-1.36154
-11.9923;-10.3704;15.8544;52.5226;-1.47751
-12.1553;-10.4864;16.0535;52.6888;-1.59348
-12.3182;-10.6024;16.2527;52.8553;-1.70945
-12.4812;-10.7183;16.4518;53.022;-1.82542
-12.6441;-10.8343;16.651;53.189;-1.9414
-12.8071;-10.9503;16.8502;53.3562;-2.05737
-12.97;-11.0663;17.0494;53.5236;-2.17335
-13.1329;-11.1822;17.2487;53.6912;-2.28933
-13.2959;-11.2982;17.4479;53.859;-2.4053
-13.4588;-11.4142;17.6472;54.0271;-2.52128
-13.6217;-11.5302;17.8465;54.1954;-2.63726
-13.7847;-11.6462;18.0458;54.3639;-2.75325
-13.9476;-11.7622;18.2451;54.5326;-2.86925
-14.1105;-11.8782;18.4445;54.7015;-2.98526
-14.2734;-11.9942;18.6438;54.8706;-3.10129
-14.4363;-12.1103;18.8432;55.0398;-3.21735
-14.5991;-12.2264;19.0426;55.2093;-3.33346
-14.7619;-12.3425;19.242;55.3789;-3.44964
-14.9247;-12.4588;19.4414;55.5487;-3.56589
-15.0874;-12.5752;19.6408;55.7186;-3.68225
-15.2499;-12.6917;19.8403;55.8886;-3.79875
-15.4124;-12.8083;20.0398;56.0587;-3.91542
-15.5747;-12.9252;20.2393;56.2289;-4.03228
-15.7368;-13.0423;20.4389;56.3991;-4.14936
-15.8988;-13.1596;20.6385;56.5694;-4.26669
-16.0606;-13.2772;20.8381;56.7397;-4.38427
-16.2222;-13.395;21.0377;56.91;-4.50212
-16.3836;-13.5131;21.2374;57.0803;-4.62024
-16.5448;-13.6315;21.4371;57.2506;-4.73861
-16.7058;-13.7501;21.6368;57.421;-4.85724
-16.8666;-13.869;21.8365;57.5915;-4.97609
-17.0273;-13.9881;22.0363;57.7619;-5.09515
-17.1879;-14.1073;22.236;57.9325;-5.2144
-17.3484;-14.2267;22.4358;58.1031;-5.3338
-17.5087;-14.3463;22.6356;58.2739;-5.45335
-17.6689;-14.4659;22.8354;58.4447;-5.57301
-17.8291;-14.5857;23.0352;58.6157;-5.69278
-17.9892;-14.7055;23.235;58.7867;-5.81262
-18.1493;-14.8254;23.4348;58.958;-5.93253
-18.3093;-14.9454;23.6347;59.1293;-6.0525
-18.4693;-15.0654;23.8345;59.3009;-6.17251
-18.6293;-15.1855;24.0343;59.4726;-6.29255
-18.7892;-15.3055;24.2342;59.6444;-6.41262
-18.9492;-15.4256;24.434;59.8164;-6.53271
-19.1091;-15.5457;24.6339;59.9886;-6.65282
-19.269;-15.6659;24.8337;60.1609;-6.77294
-19.4289;-15.786;25.0336;60.3334;-6.89308
-19.5888;-15.9061;25.2334;60.506;-7.01321
-19.7487;-16.0263;25.4333;60.6789;-7.13336
-19.9086;-16.1464;25.6331;60.8519;-7.25351
-20.0685;-16.2666;25.833;61.025;-7.37366
-20.2283;-16.3867;26.0329;61.1983;-7.49381
-20.3882;-16.5069;26.2327;61.3718;-7.61396
-20.5481;-16.627;26.4326;61.5454;-7.73411
-20.708;-16.7472;26.6325;61.7192;-7.85427
-20.8679;-16.8673;26.8324;61.8932;-7.97442
-21.0278;-16.9875;27.0322;62.0673;-8.09457
-21.1877;-17.1076;27.2321;62.2416;-8.21473
-21.3475;-17.2278;27.432;62.416;-8.33488
-21.5074;-17.3479;27.6319;62.5906;-8.45503
-21.6673;-17.4681;27.8318;62.7653;-8.57518
-21.8272;-17.5882;28.0316;62.9402;-8.69533
-21.9871;-17.7084;28.2315;63.1152;-8.81548
-22.147;-17.8285;28.4314;63.2904;-8.93563
-22.3069;-17.9487;28.6313;63.4657;-9.05577
-22.4668;-18.0688;28.8312;63.6412;-9.17592
-22.6267;-18.189;29.0311;63.8168;-9.29607
-22.7865;-18.3091;29.231;63.9925;-9.41621
-22.9464;-18.4293;29.4309;64.1684;-9.53635
-23.1063;-18.5494;29.6308;64.3445;-9.65649
-23.2662;-18.6695;29.8307;64.5207;-9.77663
-23.4261;-18.7897;30.0306;64.697;-9.89677
-23.586;-18.9098;30.2305;64.8735;-10.0169
-23.7459;-19.0299;30.4304;65.0501;-10.137
-23.9058;-19.1501;30.6303;65.2268;-10.2571
-24.0658;-19.2702;30.8302;65.4037;-10.3773
-24.2257;-19.3903;31.0301;65.5807;-10.4974
-24.3856;-19.5104;31.23;65.7579;-10.6175
-24.5456;-19.6304;31.4299;65.9352;-10.7375
-24.7055;-19.7505;31.6298;66.1126;-10.8576
-24.8655;-19.8705;31.8297;66.2902;-10.9776
-25.0255;-19.9905;32.0296;66.4679;-11.0976
-25.1855;-20.1105;32.2295;66.6458;-11.2176
-25.3456;-20.2304;32.4294;66.8238;-11.3375
-25.5056;-20.3503;32.6293;67.002;-11.4574
-25.6658;-20.4701;32.8292;67.1803;-11.5772
-25.8259;-20.5899;33.0291;67.3588;-11.697
-25.9862;-20.7096;33.229;67.5374;-11.8167
-26.1465;-20.8292;33.4289;67.7162;-11.9363
-26.3068;-20.9488;33.6288;67.8952;-12.0558
-26.4672;-21.0682;33.8287;68.0743;-12.1753
-26.6277;-21.1875;34.0286;68.2536;-12.2946
-26.7883;-21.3067;34.2285;68.4331;-12.4138
-26.949;-21.4259;34.4284;68.6128;-12.5329
-27.1097;-21.5448;34.6283;68.7926;-12.6519
-27.2706;-21.6637;34.8282;68.9726;-12.7708
-27.4315;-21.7825;35.028;69.1528;-12.8896
-27.5925;-21.9011;35.2279;69.3332;-13.0082
-27.7536;-22.0197;35.4278;69.5137;-13.1268
-27.9147;-22.1381;35.6276;69.6944;-13.2452
-28.076;-22.2564;35.8275;69.8752;-13.3635
-28.2373;-22.3747;36.0274;70.0562;-13.4817
-28.3987;-22.4928;36.2272;70.2373;-13.5999
-28.5601;-22.6108;36.4271;70.4186;-13.7179
-28.7216;-22.7288;36.6269;70.6001;-13.8359
-28.8832;-22.8467;36.8268;70.7816;-13.9538
-29.0447;-22.9646;37.0266;70.9633;-14.0717
-29.2063;-23.0825;37.2265;71.1451;-14.1896
-29.3679;-23.2003;37.4263;71.327;-14.3074
-29.5295;-23.3182;37.6262;71.509;-14.4253
-29.691;-23.4361;37.826;71.6911;-14.5432
-29.8526;-23.5539;38.0259;71.8733;-14.661

29.9858;-23.6718;38.2034;72.0556;-14.7789
29.824;-23.7894;38.1498;72.238;-14.8965
29.6621;-23.9069;38.097;72.4207;-15.014
29.5003;-24.0243;38.0451;72.6035;-15.1314
29.3384;-24.1417;37.9943;72.7863;-15.2488
29.1765;-24.2592;37.9444;72.9692;-15.3663
29.0146;-24.3767;37.8956;73.1523;-15.4838
28.8528;-24.4942;37.8477;73.3353;-15.6013
28.691;-24.6117;37.8009;73.5185;-15.7188
28.5292;-24.7293;37.7551;73.7018;-15.8364
28.3674;-24.8468;37.7104;73.8851;-15.9539
28.2055;-24.9644;37.6666;74.0685;-16.0714
28.0437;-25.0819;37.6238;74.252;-16.189
27.8819;-25.1994;37.5821;74.4356;-16.3065
27.7201;-25.3169;37.5413;74.6193;-16.424
27.5582;-25.4345;37.5016;74.8031;-16.5416
27.3964;-25.552;37.4629;74.9869;-16.6591
27.2346;-25.6695;37.4252;75.1709;-16.7766
27.0727;-25.787;37.3886;75.3549;-16.8941
26.9109;-25.9045;37.3529;75.539;-17.0116
26.7491;-26.022;37.3184;75.7232;-17.1291
26.5872;-26.1396;37.2848;75.9074;-17.2466
26.4254;-26.2571;37.2523;76.0918;-17.3642
26.2636;-26.3746;37.2209;76.2762;-17.4817
26.1017;-26.4921;37.1905;76.4607;-17.5992
25.9399;-26.6096;37.1611;76.6453;-17.7167
25.778;-26.7271;37.1328;76.8299;-17.8342
25.6162;-26.8446;37.1056;77.0147;-17.9517
25.4544;-26.9621;37.0794;77.1995;-18.0692
25.2925;-27.0796;37.0542;77.3844;-18.1867
25.1307;-27.1971;37.0302;77.5693;-18.3042
24.9688;-27.3146;37.0072;77.7544;-18.4217
24.807;-27.4321;36.9853;77.9395;-18.5392
24.6452;-27.5496;36.9644;78.1247;-18.6567
24.4833;-27.6671;36.9446;78.3099;-18.7742
24.3215;-27.7847;36.9259;78.4952;-18.8917
24.1596;-27.9022;36.9082;78.6806;-19.0093
23.9978;-28.0197;36.8917;78.8661;-19.1268
23.836;-28.1372;36.8762;79.0516;-19.2443
23.6741;-28.2547;36.8618;79.2373;-19.3618
23.5123;-28.3722;36.8485;79.4229;-19.4793
23.3505;-28.4897;36.8362;79.6087;-19.5968
23.1886;-28.6073;36.8251;79.7945;-19.7143
23.0268;-28.7248;36.815;79.9804;-19.8319
22.865;-28.8423;36.8061;80.1663;-19.9494
22.7032;-28.9598;36.7982;80.3523;-20.0669
22.5413;-29.0774;36.7914;80.5384;-20.1845
22.3795;-29.1949;36.7857;80.7246;-20.302
22.2177;-29.3124;36.781;80.9108;-20.4195
22.0558;-29.4299;36.7774;81.0971;-20.537
21.8939;-29.5473;36.7748;81.2835;-20.6543
21.7318;-29.6645;36.773;81.47;-20.7716
21.5697;-29.7816;36.7722;81.6567;-20.8887
21.4076;-29.8987;36.7725;81.8434;-21.0058

21.2454;29.9842;36.7481;82.0302;-21.1229
21.0839;29.8663;36.5585;82.2167;-21.2407
20.9225;29.7482;36.369;82.4032;-21.3589
20.7611;29.6301;36.1796;82.5897;-21.477
20.5997;29.5119;35.9903;82.7763;-21.5952
20.4383;29.3939;35.8012;82.963;-21.7132
20.2768;29.2759;35.6122;83.1497;-21.8312
20.1153;29.1579;35.4233;83.3366;-21.9492
19.9538;29.0399;35.2345;83.5235;-22.0671
19.7923;28.9219;35.0459;83.7104;-22.1852
19.6309;28.8039;34.8573;83.8974;-22.3032
19.4695;28.6857;34.6689;84.0844;-22.4213
19.3081;28.5675;34.4806;84.2715;-22.5395
19.1469;28.4493;34.2923;84.4585;-22.6578
18.9856;28.3309;34.1042;84.6456;-22.7762
18.8245;28.2125;33.9162;84.8328;-22.8946
18.6633;28.094;33.7282;85.0199;-23.0131
18.5023;27.9754;33.5404;85.2071;-23.1316
18.3413;27.8568;33.3527;85.3943;-23.2503
18.1803;27.7381;33.1651;85.5815;-23.369
18.0194;27.6193;32.9777;85.7688;-23.4877
17.8585;27.5006;32.7903;85.9561;-23.6065
17.6976;27.3818;32.6032;86.1435;-23.7253
17.5366;27.2631;32.4162;86.3309;-23.8439
17.3754;27.1447;32.2295;86.5186;-23.9624
17.2139;27.0268;32.0431;86.7065;-24.0803
17.0518;26.9096;31.8573;86.8948;-24.1975
16.8887;26.7939;31.6724;87.0837;-24.3132
16.724;26.6803;31.4886;87.2735;-24.4268
16.5577;26.5692;31.3062;87.4643;-24.5379
16.3906;26.4593;31.1247;87.6555;-24.6478
16.2271;26.3439;30.9406;87.8449;-24.7632
16.0757;26.2116;30.7486;88.0275;-24.8955
15.942;26.0607;30.55;88.1985;-25.0464
15.827;25.8953;30.349;88.3558;-25.2118
15.7234;25.7238;30.1486;88.5042;-25.3833
15.6235;25.5504;29.9486;88.6497;-25.5567
15.5194;25.3796;29.7485;88.7987;-25.7275
15.395;25.2212;29.5485;88.9637;-25.8859
15.2394;25.0891;29.3547;89.1511;-26.018
15.0511;25.0019;29.1827;89.3566;-26.1052
14.8532;24.9533;29.0394;89.5601;-26.1538
14.666;24.8768;28.8782;89.7615;-26.2303
14.4841;24.7933;28.7141;89.9599;-26.3138
14.3143;24.6837;28.534;90.1543;-26.4234
14.1531;24.5647;28.3502;90.3433;-26.5424
14.007;24.4259;28.1571;90.5238;-26.6811
13.8697;24.28;27.9623;90.698;-26.8271
13.7469;24.1209;27.7632;90.8624;-26.9862
13.6315;23.9574;27.564;91.0213;-27.1497
13.5281;23.7856;27.3635;91.1714;-27.3215
13.4298;23.6113;27.1635;91.3175;-27.4958
13.3406;23.432;26.9635;91.4566;-27.6751
13.2544;23.2515;26.764;91.5935;-27.8556
13.175;23.0678;26.5651;91.7252;-28.0393
13.0969;22.8836;26.3665;91.8559;-28.2234
13.0237;22.6974;26.1685;91.9829;-28.4096
12.9508;22.5112;25.9707;92.1099;-28.5959
12.8815;22.3236;25.7735;92.2342;-28.7835
