#1 AntPos X	#2 AntVel X	#3 AntPos Y	#4 AntVel Y	#5 AntAngle	
12.2587;-1.97568;-2.26712;-0.310955;-2.98548;
12.0611;-1.97568;-2.29822;-0.310955;-2.98548;
11.8636;-1.97568;-2.32931;-0.310955;-2.98548;
11.666;-1.97568;-2.36041;-0.310955;-2.98548;
11.4684;-1.97568;-2.39151;-0.310955;-2.98548;
11.2709;-1.97568;-2.4226;-0.310955;-2.98548;
11.0733;-1.97568;-2.4537;-0.310955;-2.98548;
10.8757;-1.97568;-2.48479;-0.310955;-2.98548;
10.6782;-1.97568;-2.51589;-0.310955;-2.98548;
10.4806;-1.97568;-2.54698;-0.310955;-2.98548;
10.283;-1.97568;-2.57808;-0.310955;-2.98548;
10.0854;-1.97568;-2.60917;-0.310955;-2.98548;
9.88788;-1.97568;-2.64027;-0.310955;-2.98548;
9.69031;-1.97568;-2.67136;-0.310955;-2.98548;
9.49274;-1.97568;-2.70246;-0.310955;-2.98548;
9.29518;-1.97568;-2.73356;-0.310955;-2.98548;
9.09761;-1.97568;-2.76465;-0.310955;-2.98548;
8.90004;-1.97568;-2.79575;-0.310955;-2.98548;
8.70247;-1.97568;-2.82684;-0.310955;-2.98548;
8.5049;-1.97568;-2.85794;-0.310955;-2.98548;
8.30734;-1.97568;-2.88903;-0.310955;-2.98548;
8.10977;-1.97568;-2.92013;-0.310955;-2.98548;
7.9122;-1.97568;-2.95122;-0.310955;-2.98548;
7.71463;-1.97568;-2.98232;-0.310955;-2.98548;
7.51707;-1.97568;-3.01342;-0.310955;-2.98548;
7.3195;-1.97568;-3.04451;-0.310955;-2.98548;
7.12193;-1.97568;-3.07561;-0.310955;-2.98548;
6.92436;-1.97568;-3.1067;-0.310955;-2.98548;
6.72679;-1.97568;-3.1378;-0.310955;-2.98548;
6.52923;-1.97568;-3.16889;-0.310955;-2.98548;
6.33166;-1.97569;-3.19998;-0.310867;-2.98553;
6.12062;-2.1104;-3.14546;0.545234;2.88876;
5.92423;-1.96389;-3.10606;0.393941;2.94363;
5.72914;-1.95087;-3.06171;0.443547;2.91803;
5.53412;-1.95023;-3.01737;0.443402;2.91803;
5.33909;-1.95023;-2.97303;0.443402;2.91803;
5.14407;-1.95023;-2.92869;0.443402;2.91803;
4.94905;-1.95023;-2.88435;0.443402;2.91803;
4.75403;-1.95023;-2.84001;0.443402;2.91803;
4.559;-1.95023;-2.79567;0.443402;2.91803;
4.36398;-1.95023;-2.75133;0.443402;2.91803;
4.16896;-1.95023;-2.70699;0.443402;2.91803;
3.97393;-1.95023;-2.66264;0.443402;2.91803;
3.77792;-1.96018;-2.62268;0.399636;2.94047;
3.56391;-2.14003;-2.67118;-0.485014;-2.91872;
3.38503;-1.78883;-2.78674;-1.15556;-2.56805;
3.24012;-1.44907;-2.931;-1.44266;-2.35841;
3.12072;-1.19401;-3.09454;-1.6354;-2.20144;
3.02676;-0.939598;-3.27358;-1.79032;-2.0541;
2.95264;-0.741231;-3.46055;-1.86969;-1.94823;
2.8977;-0.549434;-3.65391;-1.93362;-1.84765;
2.85754;-0.401544;-3.85041;-1.96508;-1.77236;
2.82986;-0.276782;-4.04889;-1.98477;-1.70936;
2.81217;-0.176952;-4.24836;-1.99468;-1.65928;
2.80236;-0.098053;-4.44828;-1.99916;-1.6198;
2.79871;-0.0365232;-4.64834;-2.00061;-1.58905;
2.7998;0.0109084;-4.84839;-2.00053;-1.56534;
2.80451;0.0471216;-5.04837;-1.99977;-1.54724;
2.81197;0.0745548;-5.24825;-1.9988;-1.53351;
2.82148;0.0951422;-5.44803;-1.99784;-1.52321;
2.83238;0.108974;-5.64774;-1.99708;-1.51628;
2.8437;0.113151;-5.84742;-1.9968;-1.51419;
2.85503;0.113316;-6.0471;-1.99679;-1.51411;
2.86636;0.113317;-6.24678;-1.99679;-1.51411;
2.87769;0.113317;-6.44646;-1.99679;-1.51411;
2.88902;0.113317;-6.64613;-1.99679;-1.51411;
2.90035;0.113317;-6.84581;-1.99679;-1.51411;
2.91169;0.113317;-7.04549;-1.99679;-1.51411;
2.92302;0.113317;-7.24517;-1.99679;-1.51411;
2.93435;0.113317;-7.44485;-1.99679;-1.51411;
2.94568;0.113317;-7.64453;-1.99679;-1.51411;
2.95701;0.113317;-7.84421;-1.99679;-1.51411;
2.96834;0.113317;-8.04388;-1.99679;-1.51411;
2.97968;0.113317;-8.24356;-1.99679;-1.51411;
2.99101;0.113317;-8.44324;-1.99679;-1.51411;
3.00234;0.113317;-8.64292;-1.99679;-1.51411;
3.01367;0.113317;-8.8426;-1.99679;-1.51411;
3.025;0.113317;-9.04228;-1.99679;-1.51411;
3.03633;0.113317;-9.24196;-1.99679;-1.51411;
3.04767;0.113317;-9.44164;-1.99679;-1.51411;
3.059;0.113317;-9.64131;-1.99679;-1.51411;
3.07033;0.113317;-9.84099;-1.99679;-1.51411;
3.08166;0.113321;-10.0407;-1.99679;-1.51411;
3.09301;0.11344;-10.2404;-1.99678;-1.51405;
3.10456;0.115554;-10.44;-1.99666;-1.51299;
3.11847;0.13906;-10.6395;-1.9953;-1.50121;
3.14975;0.312792;-10.8379;-1.98305;-1.41435;
3.25848;1.08736;-11.0232;-1.85321;-1.04018;
3.39315;1.34668;-11.176;-1.52869;-0.848615;
3.52553;1.32381;-11.326;-1.49918;-0.847442;
3.65582;1.30287;-11.4777;-1.51766;-0.861403;
3.72791;0.72092;-11.6794;-2.017;-1.22752;
3.79455;0.66638;-11.868;-1.88573;-1.23111;
3.83678;0.422289;-12.0652;-1.97198;-1.35984;
3.86237;0.255935;-12.2643;-1.99054;-1.44292;
3.86931;0.069433;-12.465;-2.00754;-1.53622;
3.86488;-0.0443881;-12.6653;-2.00273;-1.59296;
3.84979;-0.150852;-12.865;-1.99715;-1.64619;
3.82685;-0.22944;-13.0638;-1.98837;-1.68568;
3.79786;-0.289847;-13.2618;-1.97983;-1.71616;
3.76428;-0.335771;-13.459;-1.97216;-1.73943;
3.72725;-0.370369;-13.6556;-1.96572;-1.75703;
3.68763;-0.396196;-13.8517;-1.96054;-1.7702;
3.6461;-0.415307;-14.0473;-1.9565;-1.77996;
3.60316;-0.42933;-14.2426;-1.95343;-1.78714;
3.55921;-0.439537;-14.4378;-1.95113;-1.79237;
3.51452;-0.44691;-14.6327;-1.94944;-1.79615;
3.4693;-0.452198;-14.8275;-1.94822;-1.79887;
3.4237;-0.455962;-15.0223;-1.94733;-1.8008;
3.37784;-0.458623;-15.2169;-1.94671;-1.80217;
3.33179;-0.46049;-15.4116;-1.94627;-1.80313;
3.28561;-0.461791;-15.6062;-1.94596;-1.80379;
3.23934;-0.46269;-15.8007;-1.94574;-1.80426;
3.19301;-0.463307;-15.9953;-1.9456;-1.80457;
3.14664;-0.463727;-16.1898;-1.9455;-1.80479;
3.10024;-0.464011;-16.3844;-1.94543;-1.80494;
3.05382;-0.464201;-16.5789;-1.94538;-1.80503;
3.00739;-0.464327;-16.7735;-1.94535;-1.8051;
2.96095;-0.464411;-16.968;-1.94533;-1.80514;
2.9145;-0.464465;-17.1625;-1.94532;-1.80517;
2.86805;-0.4645;-17.357;-1.94531;-1.80519;
2.8216;-0.464523;-17.5516;-1.94531;-1.8052;
2.77514;-0.464538;-17.7461;-1.9453;-1.80521;
2.72869;-0.464547;-17.9406;-1.9453;-1.80521;
2.68223;-0.464553;-18.1352;-1.9453;-1.80521;
2.63578;-0.464556;-18.3297;-1.9453;-1.80522;
2.58932;-0.464559;-18.5242;-1.9453;-1.80522;
2.54287;-0.46456;-18.7188;-1.9453;-1.80522;
2.49641;-0.464561;-18.9133;-1.9453;-1.80522;
2.44995;-0.464561;-19.1078;-1.9453;-1.80522;
2.4035;-0.464561;-19.3023;-1.9453;-1.80522;
2.35704;-0.464562;-19.4969;-1.9453;-1.80522;
2.31059;-0.464562;-19.6914;-1.9453;-1.80522;
2.26413;-0.464562;-19.8859;-1.9453;-1.80522;
2.21767;-0.464562;-20.0805;-1.9453;-1.80522;
2.17122;-0.464562;-20.275;-1.9453;-1.80522;
2.12476;-0.464562;-20.4695;-1.9453;-1.80522;
2.0783;-0.464562;-20.6641;-1.9453;-1.80522;
2.03185;-0.464562;-20.8586;-1.9453;-1.80522;
1.98539;-0.464562;-21.0531;-1.9453;-1.80522;
1.93894;-0.464562;-21.2476;-1.9453;-1.80522;
1.89248;-0.464562;-21.4422;-1.9453;-1.80522;
1.84602;-0.464562;-21.6367;-1.9453;-1.80522;
1.79957;-0.464562;-21.8312;-1.9453;-1.80522;
1.75311;-0.464562;-22.0258;-1.9453;-1.80522;
1.70665;-0.464562;-22.2203;-1.9453;-1.80522;
1.6602;-0.464562;-22.4148;-1.9453;-1.80522;
1.61374;-0.464562;-22.6094;-1.9453;-1.80522;
1.56729;-0.464562;-22.8039;-1.9453;-1.80522;
1.52083;-0.464562;-22.9984;-1.9453;-1.80522;
1.47437;-0.464562;-23.1929;-1.9453;-1.80522;
1.42792;-0.464547;-23.3875;-1.9453;-1.80521;
1.38154;-0.463779;-23.582;-1.94548;-1.80482;
1.33702;-0.445223;-23.777;-1.94991;-1.79528;
1.31258;-0.244402;-23.9766;-1.99567;-1.69266;
1.34642;0.338413;-24.1822;-2.05639;-1.40769;
1.43504;0.886221;-24.3703;-1.88106;-1.13051;
1.51524;0.801945;-24.5536;-1.83303;-1.15839;
1.51376;-0.0147884;-24.7726;-2.1895;-1.57755;
1.49519;-0.185715;-24.9725;-1.99879;-1.66344;
1.44264;-0.525471;-25.1684;-1.95979;-1.83276;
1.36919;-0.734447;-25.3558;-1.87372;-1.94436;
1.2778;-0.91399;-25.5348;-1.7899;-2.04292;
1.17275;-1.05041;-25.7057;-1.70928;-2.12183;
1.05727;-1.15485;-25.8695;-1.63777;-2.18496;
0.933878;-1.23392;-26.0272;-1.57713;-2.2347;
0.804557;-1.29321;-26.18;-1.52761;-2.27329;
0.670832;-1.33725;-26.3288;-1.48837;-2.30277;
0.533862;-1.3697;-26.4746;-1.45805;-2.32496;
0.394523;-1.39339;-26.6181;-1.43511;-2.34145;
0.253467;-1.41056;-26.7599;-1.41807;-2.35354;
0.111178;-1.42289;-26.9005;-1.40559;-2.36231;
-0.0319897;-1.43168;-27.0402;-1.39659;-2.3686;
-0.175778;-1.43788;-27.1792;-1.39017;-2.37306;
-0.320001;-1.44223;-27.3177;-1.38564;-2.3762;
-0.464526;-1.44525;-27.456;-1.38249;-2.37839;
-0.609258;-1.44732;-27.594;-1.38031;-2.37989;
-0.754132;-1.44874;-27.7319;-1.37883;-2.38092;
-0.899102;-1.44969;-27.8697;-1.37782;-2.38161;
-1.04413;-1.45033;-28.0074;-1.37715;-2.38207;
-1.18921;-1.45075;-28.1451;-1.37671;-2.38238;
-1.33431;-1.45103;-28.2827;-1.37642;-2.38258;
-1.47943;-1.4512;-28.4203;-1.37623;-2.38271;
-1.62456;-1.45132;-28.5579;-1.37611;-2.38279;
-1.7697;-1.45139;-28.6955;-1.37603;-2.38284;
-1.91485;-1.45144;-28.8331;-1.37599;-2.38287;
-2.05999;-1.45146;-28.9707;-1.37596;-2.38289;
-2.20514;-1.45148;-29.1083;-1.37594;-2.3829;
-2.35029;-1.45149;-29.2459;-1.37593;-2.38291;
-2.49544;-1.45149;-29.3835;-1.37593;-2.38291;
-2.64059;-1.45149;-29.5211;-1.37593;-2.38291;
-2.78574;-1.45149;-29.6587;-1.37593;-2.38291;
-2.93088;-1.45149;-29.7963;-1.37593;-2.38291;
-3.07603;-1.45149;-29.9339;-1.37593;-2.38291;

-3.22118;-1.45149;29.9285;-1.37593;-2.38291;
-3.36633;-1.45144;29.7909;-1.37598;-2.38288;
-3.51146;-1.45137;29.6533;-1.37605;-2.38283;
-3.65659;-1.45127;29.5157;-1.37616;-2.38275;
-3.8017;-1.45112;29.3781;-1.37632;-2.38264;
-3.94679;-1.45089;29.2404;-1.37656;-2.38247;
-4.09184;-1.45055;29.1027;-1.37692;-2.38223;
-4.23685;-1.45005;28.965;-1.37744;-2.38187;
-4.38178;-1.44934;28.8272;-1.37819;-2.38135;
-4.52662;-1.44832;28.6892;-1.37926;-2.38061;
-4.67131;-1.4469;28.5511;-1.38076;-2.37958;
-4.8158;-1.44495;28.4129;-1.3828;-2.37817;
-4.96003;-1.44233;28.2743;-1.38553;-2.37628;
-5.10393;-1.43893;28.1354;-1.38907;-2.37382;
-5.24739;-1.43464;27.9961;-1.3935;-2.37074;
-5.39033;-1.42942;27.8562;-1.39886;-2.367;
-5.53266;-1.42331;27.7157;-1.40508;-2.36264;
-5.67431;-1.41644;27.5745;-1.41202;-2.35776;
-5.81521;-1.40899;27.4325;-1.41946;-2.35249;
-5.95533;-1.4012;27.2898;-1.42715;-2.34702;
-6.09466;-1.39332;27.1463;-1.43485;-2.34151;
-6.23321;-1.38557;27.0021;-1.44233;-2.33613;
-6.37103;-1.37815;26.8571;-1.44942;-2.33099;
-6.50815;-1.37118;26.7115;-1.456;-2.3262;
-6.64462;-1.36477;26.5653;-1.46201;-2.32181;
-6.78052;-1.35896;26.4186;-1.46741;-2.31784;
-6.9159;-1.35376;26.2714;-1.4722;-2.31431;
-7.05081;-1.34918;26.1237;-1.4764;-2.3112;
-7.18533;-1.34517;25.9757;-1.48005;-2.30849;
-7.3195;-1.34171;25.8274;-1.48319;-2.30615;
-7.45338;-1.33874;25.6788;-1.48587;-2.30415;
-7.587;-1.33621;25.53;-1.48814;-2.30245;
-7.7204;-1.33407;25.381;-1.49005;-2.30102;
-7.85363;-1.33228;25.2318;-1.49165;-2.29982;
-7.98671;-1.33079;25.0825;-1.49298;-2.29882;
-8.11967;-1.32955;24.9331;-1.49409;-2.29799;
-8.25252;-1.32853;24.7836;-1.495;-2.29731;
-8.38529;-1.32769;24.6341;-1.49574;-2.29674;
-8.51799;-1.327;24.4844;-1.49635;-2.29628;
-8.65063;-1.32644;24.3347;-1.49685;-2.29591;
-8.78323;-1.32599;24.185;-1.49725;-2.29561;
-8.91579;-1.32562;24.0353;-1.49757;-2.29536;
-9.04833;-1.32533;23.8855;-1.49784;-2.29516;
-9.18083;-1.32509;23.7357;-1.49805;-2.29501;
-9.31332;-1.3249;23.5859;-1.49821;-2.29488;
-9.4458;-1.32475;23.436;-1.49835;-2.29478;
-9.57826;-1.32463;23.2862;-1.49845;-2.2947;
-9.71071;-1.32453;23.1363;-1.49854;-2.29463;
-9.84316;-1.32446;22.9865;-1.4986;-2.29458;
-9.9756;-1.3244;22.8366;-1.49866;-2.29455;
-10.108;-1.32435;22.6867;-1.4987;-2.29452;
-10.2405;-1.32432;22.5368;-1.49873;-2.29449;
-10.3729;-1.3243;22.387;-1.49875;-2.29448;
-10.5053;-1.32428;22.2371;-1.49876;-2.29447;
-10.6378;-1.32429;22.0872;-1.49875;-2.29448;
-10.7702;-1.32434;21.9374;-1.49871;-2.2945;
-10.9026;-1.32444;21.7875;-1.49862;-2.29457;
-11.0351;-1.32466;21.6376;-1.49843;-2.29472;
-11.1676;-1.32507;21.4878;-1.49806;-2.29499;
-11.3002;-1.3258;21.3381;-1.49741;-2.29548;
-11.4329;-1.32703;21.1885;-1.49632;-2.29631;
-11.5658;-1.32895;21.039;-1.49462;-2.29759;
-11.699;-1.33172;20.8898;-1.49216;-2.29944;
-11.8325;-1.33526;20.7409;-1.489;-2.30181;
-11.9663;-1.33791;20.5922;-1.48661;-2.3036;
-12.1001;-1.33855;20.4436;-1.48603;-2.30403;
-12.2333;-1.3314;20.2944;-1.49247;-2.29922;
-12.3575;-1.24256;20.1372;-1.57169;-2.23977;
-12.4545;-0.969595;19.9589;-1.78298;-2.06887;
-12.5185;-0.64059;19.7661;-1.92824;-1.89154;
-12.5925;-0.739927;19.5799;-1.86166;-1.94911;
-12.6937;-1.01205;19.4049;-1.74994;-2.09513;
-12.8118;-1.18092;19.2422;-1.62742;-2.19852;
-12.9356;-1.2375;19.0849;-1.5731;-2.23735;
-13.0597;-1.24083;18.928;-1.56855;-2.24007;
-13.1816;-1.2194;18.7695;-1.5855;-2.22641;
-13.2973;-1.15649;18.6061;-1.63365;-2.18682;
-13.4069;-1.09605;18.4387;-1.67451;-2.15036;
-13.5124;-1.05571;18.2687;-1.69933;-2.1267;
-13.6156;-1.03142;18.0973;-1.71376;-2.11257;
-13.7174;-1.01804;17.9252;-1.72158;-2.10482;
-13.8185;-1.01131;17.7526;-1.72549;-2.10093;
-13.9193;-1.00824;17.5799;-1.72727;-2.09916;
-14.02;-1.00699;17.4071;-1.728;-2.09843;
-14.1207;-1.00655;17.2343;-1.72825;-2.09818;
-14.2213;-1.00645;17.0615;-1.72831;-2.09812;
-14.322;-1.00651;16.8886;-1.72828;-2.09816;
-14.4226;-1.00667;16.7158;-1.72818;-2.09825;
-14.5233;-1.00698;16.543;-1.728;-2.09843;
-14.6241;-1.00748;16.3702;-1.72771;-2.09872;
-14.7249;-1.0083;16.1975;-1.72723;-2.09919;
-14.8259;-1.00959;16.0249;-1.72648;-2.09994;
-14.927;-1.01159;15.8523;-1.72531;-2.1011;
-15.0285;-1.01459;15.68;-1.72355;-2.10284;
-15.1304;-1.01892;15.5079;-1.721;-2.10535;
-15.2329;-1.02493;15.3361;-1.71743;-2.10885;
-15.3362;-1.03289;15.1649;-1.71267;-2.11348;
-15.4405;-1.04287;14.9942;-1.70662;-2.11932;
-15.5459;-1.05469;14.8243;-1.69936;-2.12625;
-15.6527;-1.0679;14.6552;-1.69111;-2.13404;
-15.7609;-1.08185;14.4869;-1.68222;-2.14231;
-15.8705;-1.09586;14.3196;-1.67313;-2.15066;
-15.9814;-1.10931;14.1532;-1.66424;-2.15872;
-16.0936;-1.12174;13.9876;-1.65588;-2.16621;
-16.2069;-1.13287;13.8228;-1.64827;-2.17295;
-16.3211;-1.14259;13.6586;-1.64153;-2.17887;
-16.4362;-1.1509;13.4951;-1.63571;-2.18394;
-16.552;-1.15788;13.332;-1.63076;-2.18822;
-16.6684;-1.16366;13.1693;-1.62663;-2.19177;
-16.7852;-1.16842;13.007;-1.62321;-2.1947;
-16.9025;-1.17238;12.845;-1.62036;-2.19714;
-17.0201;-1.17594;12.6832;-1.61777;-2.19934;
-17.1381;-1.18009;12.5217;-1.61475;-2.20191;
-17.2569;-1.18797;12.3608;-1.60899;-2.20679;
-17.378;-1.21139;12.2017;-1.59166;-2.22135;
-17.5065;-1.28529;12.0481;-1.53515;-2.26784;
-17.6498;-1.433;11.9073;-1.40866;-2.36476;
-17.809;-1.59156;11.7839;-1.23391;-2.4821;
-17.9802;-1.71261;11.6784;-1.05517;-2.58941;
-18.1559;-1.75642;11.5822;-0.962009;-2.64051;
-18.3263;-1.70439;11.477;-1.05155;-2.58879;
-18.4832;-1.56881;11.3504;-1.26621;-2.46253;
-18.6202;-1.3703;11.2017;-1.48661;-2.31551;
-18.7338;-1.13528;11.0344;-1.67357;-2.16685;
-18.8212;-0.874414;10.852;-1.82358;-2.01791;
-18.8808;-0.596398;10.6588;-1.93206;-1.8702;
-18.9124;-0.315623;10.4592;-1.99569;-1.72765;
-18.9173;-0.0492912;10.2575;-2.01706;-1.59523;
-18.8986;0.187257;10.057;-2.00517;-1.47768;
-18.8603;0.383123;9.85972;-1.97292;-1.37899;
-18.807;0.533406;9.66634;-1.93378;-1.30165;
-18.743;0.639807;9.47652;-1.89821;-1.2457;
-18.6721;0.708952;9.28936;-1.87159;-1.2087;
-18.5972;0.74909;9.10387;-1.85493;-1.18699;
-18.5205;0.767126;8.91915;-1.84713;-1.17717;
-18.4438;0.767086;8.73445;-1.84705;-1.17717;
-18.3687;0.750254;8.54904;-1.85404;-1.18628;
-18.2971;0.716643;8.36229;-1.86755;-1.20439;
-18.2304;0.666806;8.17366;-1.88632;-1.23101;
-18.1701;0.602642;7.98283;-1.90825;-1.2649;
-18.1175;0.526053;7.78971;-1.93123;-1.30486;
-18.0743;0.432153;7.59419;-1.95515;-1.35326;
-18.0474;0.268768;7.39531;-1.98887;-1.43647;
-18.0657;-0.183218;7.19101;-2.04294;-1.66024;
-18.1329;-0.671997;6.99624;-1.94776;-1.90302;
-18.257;-1.24084;6.82748;-1.68758;-2.20481;
-18.3953;-1.38298;6.68092;-1.46557;-2.32721;
-18.5693;-1.73968;6.5701;-1.10825;-2.57438;
-18.7699;-2.0064;6.51281;-0.572879;-2.86347;
-18.9758;-2.059;6.50548;-0.0733085;-3.106;
-19.1769;-2.01049;6.53138;0.259013;3.01347;
-19.3721;-1.95262;6.58099;0.496087;2.89279;
-19.5616;-1.89453;6.64751;0.66524;2.8039;
-19.746;-1.8445;6.72589;0.783783;2.73978;
-19.9266;-1.80572;6.81234;0.86451;2.69508;
-20.1044;-1.77746;6.90423;0.918909;2.66445;
-20.28;-1.75671;6.99993;0.956991;2.64278;
-20.4541;-1.74024;7.09856;0.986254;2.62599;
-20.6266;-1.72556;7.19971;1.01158;2.61136;
-20.7977;-1.71114;7.30329;1.03576;2.59728;
-20.9674;-1.69622;7.40929;1.06002;2.58304;
-21.1354;-1.68079;7.51773;1.08433;2.56865;
-21.302;-1.66531;7.62852;1.10794;2.55454;
-21.467;-1.65048;7.74151;1.12988;2.54129;
-21.6307;-1.63695;7.85644;1.14934;2.52944;
-21.7932;-1.6252;7.97302;1.16581;2.51933;
-21.9548;-1.61549;8.09094;1.17918;2.51107;
-22.1156;-1.6078;8.2099;1.1896;2.50459;
-22.2758;-1.60197;8.32964;1.19741;2.49972;
-22.4355;-1.59773;8.44995;1.20304;2.49619;
-22.595;-1.59479;8.57064;1.20693;2.49376;
-22.7543;-1.59287;8.69158;1.20946;2.49217;
-22.9135;-1.59172;8.81268;1.21096;2.49122;
-23.0726;-1.59116;8.93385;1.2117;2.49076;
-23.2317;-1.59104;9.05504;1.21185;2.49066;
-23.3908;-1.59128;9.17619;1.21154;2.49086;
-23.55;-1.5918;9.29728;1.21085;2.49129;
-23.7092;-1.59257;9.41826;1.20984;2.49193;
-23.8686;-1.59356;9.53911;1.20854;2.49274;
-24.0281;-1.59473;9.65981;1.20699;2.49371;
-24.1877;-1.59606;9.78034;1.20523;2.49482;
-24.3474;-1.59752;9.90067;1.2033;2.49603;
-24.5073;-1.59907;10.0208;1.20124;2.49732;
-24.6674;-1.60067;10.1407;1.19911;2.49865;
-24.8276;-1.60227;10.2604;1.19697;2.49998;
-24.988;-1.60383;10.3799;1.19488;2.50129;
-25.1486;-1.60532;10.4992;1.19287;2.50254;
-25.3092;-1.60672;10.6183;1.19099;2.50371;
-25.47;-1.608;10.7372;1.18926;2.50479;
-25.6309;-1.60915;10.856;1.1877;2.50576;
-25.792;-1.61017;10.9746;1.18632;2.50661;
-25.9531;-1.61105;11.0931;1.18512;2.50736;
-26.1142;-1.61181;11.2115;1.18409;2.508;
-26.2755;-1.61246;11.3298;1.18321;2.50854;
-26.4368;-1.61299;11.4481;1.18248;2.509;
-26.5981;-1.61343;11.5663;1.18188;2.50937;
-26.7595;-1.61378;11.6844;1.1814;2.50967;
-26.9209;-1.61407;11.8025;1.18101;2.50991;
-27.0823;-1.61429;11.9206;1.18071;2.51009;
-27.2438;-1.61445;12.0386;1.18049;2.51023;
-27.4052;-1.61457;12.1567;1.18032;2.51033;
-27.5667;-1.61465;12.2747;1.18022;2.5104;
-27.7282;-1.61469;12.3927;1.18016;2.51044;
-27.8897;-1.61471;12.5107;1.18014;2.51045;
-28.0511;-1.6147;12.6287;1.18015;2.51044;
-28.2126;-1.61467;12.7468;1.18019;2.51042;
-28.3741;-1.61463;12.8648;1.18024;2.51038;
-28.5355;-1.61458;12.9828;1.18031;2.51034;
-28.697;-1.61453;13.1008;1.18038;2.5103;
-28.8584;-1.61443;13.2189;1.18051;2.51022;
-29.0198;-1.61405;13.337;1.18103;2.5099;
-29.1811;-1.61278;13.4553;1.18277;2.50881;
-29.3421;-1.60991;13.5739;1.18668;2.50639;
-29.5027;-1.60583;13.6932;1.1922;2.50296;
-29.6629;-1.60225;13.8129;1.19702;2.49996;
-29.8229;-1.60048;13.9328;1.19936;2.49849;
-29.9829;-1.60005;14.0528;1.19993;2.49814;

29.8571;-1.6;14.1728;1.19999;2.4981;
29.695;-1.62066;14.29;1.17246;2.5153;
29.5322;-1.62761;14.4063;1.16235;2.52144;
29.3695;-1.62771;14.5225;1.16213;2.52155;
29.207;-1.62472;14.6391;1.16632;2.51898;
29.0449;-1.62092;14.7563;1.1716;2.51573;
28.8831;-1.61753;14.8739;1.17627;2.51284;
28.7216;-1.61503;14.9919;1.17971;2.51072;
28.5603;-1.61345;15.1101;1.18186;2.50938;
28.399;-1.61262;15.2284;1.18298;2.50869;
28.2378;-1.61231;15.3467;1.18341;2.50842;
28.0766;-1.61228;15.4651;1.18345;2.50839;
27.9153;-1.61233;15.5834;1.18339;2.50843;
27.7541;-1.61231;15.7017;1.18341;2.50842;
27.5929;-1.61211;15.8201;1.18368;2.50825;
27.4317;-1.61168;15.9385;1.18427;2.50789;
27.2706;-1.61096;16.0571;1.18524;2.50729;
27.1096;-1.60998;16.1757;1.18658;2.50645;
26.9488;-1.60873;16.2945;1.18827;2.5054;
26.788;-1.6073;16.4136;1.19021;2.5042;
26.6275;-1.60574;16.5328;1.19231;2.50289;
26.467;-1.60417;16.6522;1.19442;2.50157;
26.3068;-1.60269;16.7719;1.1964;2.50034;
26.1466;-1.60142;16.8917;1.19811;2.49928;
25.9866;-1.60047;17.0116;1.19938;2.49848;
25.8266;-1.59994;17.1316;1.20009;2.49804;
25.6666;-1.59991;17.2516;1.20012;2.49802;
25.5066;-1.60045;17.3716;1.1994;2.49847;
25.3464;-1.6016;17.4914;1.19787;2.49942;
25.1861;-1.60335;17.6109;1.19553;2.50089;
25.0255;-1.60566;17.7302;1.19243;2.50282;
24.8647;-1.60842;17.849;1.1887;2.50514;
24.7035;-1.61149;17.9675;1.18454;2.50772;
24.542;-1.61466;18.0855;1.18021;2.51041;
24.3803;-1.61774;18.2031;1.17598;2.51302;
24.2182;-1.62055;18.3203;1.1721;2.51542;
24.0559;-1.62298;18.4372;1.16875;2.51749;
23.8934;-1.62496;18.5538;1.16598;2.51919;
23.7308;-1.62653;18.6702;1.16379;2.52054;
23.568;-1.62774;18.7864;1.1621;2.52158;
23.4051;-1.62864;18.9025;1.16084;2.52235;
23.2422;-1.62925;19.0185;1.15997;2.52288;
23.0792;-1.62957;19.1344;1.15953;2.52315;
22.9163;-1.62949;19.2504;1.15963;2.52309;
22.7534;-1.6289;19.3664;1.16047;2.52257;
22.5906;-1.62757;19.4827;1.16233;2.52143;
22.4281;-1.62527;19.5992;1.16556;2.51945;
22.266;-1.62169;19.7163;1.17054;2.51638;
22.1043;-1.61649;19.834;1.17773;2.51195;
21.9434;-1.60926;19.9528;1.18762;2.50582;
21.7834;-1.59947;20.0729;1.20082;2.49761;
21.6248;-1.58633;20.1947;1.21821;2.48671;
21.468;-1.56827;20.3189;1.24153;2.47196;
21.3139;-1.54084;20.4464;1.27583;2.45001;
21.1645;-1.49418;20.5796;1.33142;2.41373;
21.0217;-1.42745;20.72;1.40433;2.36436;
20.8835;-1.38218;20.8647;1.44687;2.33333;
20.7402;-1.4334;21.0044;1.3966;2.3692;
20.5807;-1.59454;21.1273;1.22938;2.48479;
20.4104;-1.70277;21.234;1.06699;2.58183;
20.2375;-1.7297;21.3346;1.00621;2.61472;
20.0656;-1.71836;21.437;1.02356;2.60437;
19.8966;-1.69022;21.544;1.07058;2.57698;
19.7304;-1.66159;21.6555;1.11438;2.55082;
19.5665;-1.63972;21.77;1.14576;2.5317;
19.4039;-1.62563;21.8866;1.16529;2.51966;
19.2421;-1.61775;22.0042;1.17603;2.51301;
19.0807;-1.61403;22.1223;1.18108;2.50987;
18.9195;-1.6127;22.2406;1.18288;2.50875;
18.7582;-1.61256;22.3589;1.18306;2.50864;
18.5969;-1.61289;22.4771;1.18262;2.50891;
18.4356;-1.61327;22.5954;1.1821;2.50924;
18.2742;-1.61352;22.7135;1.18175;2.50945;
18.1129;-1.61359;22.8317;1.18166;2.5095;
17.9515;-1.61351;22.9499;1.18177;2.50944;
17.7902;-1.61338;23.0681;1.18195;2.50933;
17.6289;-1.61333;23.1863;1.18202;2.50928;
17.4675;-1.61348;23.3045;1.18181;2.50941;
17.3061;-1.61399;23.4226;1.18111;2.50984;
17.1446;-1.61496;23.5405;1.17979;2.51066;
16.983;-1.61645;23.6583;1.17775;2.51193;
16.8211;-1.61848;23.7758;1.17496;2.51365;
16.659;-1.62097;23.893;1.17153;2.51577;
16.4966;-1.62375;24.0097;1.16767;2.51815;
16.334;-1.62658;24.1261;1.16373;2.52058;
16.1711;-1.6292;24.2421;1.16006;2.52283;
16.0079;-1.63155;24.3578;1.15674;2.52486;
15.8445;-1.63463;24.473;1.15239;2.52753;
15.6802;-1.6427;24.5871;1.14093;2.53454;
15.5135;-1.66646;24.6978;1.10664;2.55539;
15.3418;-1.71739;24.8007;1.02916;2.60172;
15.1658;-1.76041;24.896;0.953186;2.64533;
14.9906;-1.75193;24.9925;0.96486;2.63818;
14.7922;-1.98312;25.047;0.544967;2.87341;
14.5799;-2.1239;25.0289;-0.181052;-3.05655;
14.3864;-1.93478;24.9439;-0.850187;-2.72757;
14.2147;-1.71673;24.8374;-1.06467;-2.58647;
14.0598;-1.54894;24.7077;-1.29714;-2.44444;
13.9207;-1.39153;24.5624;-1.45342;-2.33444;
13.7956;-1.2509;24.4052;-1.57123;-2.24317;
13.6828;-1.12738;24.2393;-1.65888;-2.1677;
13.5806;-1.02197;24.067;-1.72362;-2.10599;
13.4872;-0.934566;23.8899;-1.771;-2.05636;
13.4008;-0.864059;23.7093;-1.80542;-2.01717;
13.3199;-0.808557;23.5263;-1.83028;-1.98678;
13.2433;-0.765765;23.3415;-1.84818;-1.9636;
13.17;-0.733323;23.1554;-1.86104;-1.94615;
13.0991;-0.709056;22.9684;-1.87027;-1.93317;
13.03;-0.691104;22.7807;-1.8769;-1.92361;
12.9622;-0.677963;22.5925;-1.88164;-1.91662;
12.8954;-0.668463;22.404;-1.88501;-1.91158;
12.8292;-0.661725;22.2153;-1.88737;-1.90801;
12.7635;-0.657103;22.0264;-1.88898;-1.90556;
12.6981;-0.654137;21.8374;-1.89;-1.904;
12.6328;-0.652502;21.6483;-1.89057;-1.90313;
12.5676;-0.651969;21.4592;-1.89075;-1.90285;
12.5024;-0.652343;21.2702;-1.89062;-1.90305;
12.437;-0.653354;21.0811;-1.89027;-1.90358;
12.3716;-0.654376;20.8922;-1.88992;-1.90412;
12.3062;-0.653822;20.7031;-1.89011;-1.90383;
12.2414;-0.64838;20.5139;-1.89199;-1.90095;
12.1781;-0.633284;20.3242;-1.89716;-1.89297;
12.1174;-0.606027;20.1336;-1.90619;-1.87862;
12.06;-0.574116;19.942;-1.91612;-1.86191;
12.004;-0.559956;19.75;-1.92007;-1.85456;
11.945;-0.590103;19.5589;-1.91122;-1.87027;
11.878;-0.670603;19.3703;-1.88611;-1.91241;
11.8;-0.779838;19.1857;-1.84538;-1.97062;
11.7116;-0.883567;19.0059;-1.79786;-2.02758;
11.6164;-0.951826;18.8299;-1.7607;-2.06639;
11.5193;-0.971;18.655;-1.74862;-2.0777;
11.4249;-0.944742;18.4787;-1.76305;-2.06271;
11.3358;-0.89031;18.2995;-1.79197;-2.03191;
11.2526;-0.8323;18.1175;-1.81973;-1.99977;
11.1737;-0.789467;17.9337;-1.83818;-1.97646;
11.0971;-0.765804;17.7489;-1.84775;-1.9637;
11.0216;-0.754953;17.5637;-1.85208;-1.95786;
10.9467;-0.749307;17.3783;-1.85434;-1.95482;
10.8722;-0.744496;17.1927;-1.85627;-1.95222;
10.7983;-0.739259;17.0068;-1.85837;-1.9494;
10.7249;-0.733952;16.8208;-1.86047;-1.94655;
10.6519;-0.729396;16.6346;-1.86226;-1.9441;
10.5793;-0.7263;16.4482;-1.86346;-1.94244;
10.5068;-0.725098;16.2618;-1.86393;-1.9418;
10.4342;-0.725954;16.0755;-1.8636;-1.94226;
10.3613;-0.72883;15.8892;-1.86248;-1.9438;
10.288;-0.733563;15.7031;-1.86062;-1.94634;
10.214;-0.739927;15.5173;-1.85811;-1.94976;
10.1392;-0.747687;15.3318;-1.855;-1.95394;
10.0635;-0.75663;15.1467;-1.85138;-1.95877;
9.98689;-0.766574;14.962;-1.84729;-1.96414;
9.90916;-0.777362;14.7777;-1.84278;-1.96999;
9.83027;-0.788851;14.5939;-1.8379;-1.97623;
9.75018;-0.800887;14.4106;-1.83269;-1.98279;
9.66885;-0.813301;14.2279;-1.82722;-1.98957;
9.58626;-0.825897;14.0458;-1.82156;-1.99647;
9.50242;-0.838456;13.8642;-1.81581;-2.00338;
9.41734;-0.850747;13.6832;-1.81009;-2.01016;
9.33109;-0.862537;13.5027;-1.80449;-2.01668;
9.24373;-0.873608;13.3228;-1.79916;-2.02283;
9.15535;-0.883772;13.1434;-1.79418;-2.02849;
9.06606;-0.89288;12.9644;-1.78966;-2.03357;
8.97598;-0.90083;12.7859;-1.78566;-2.03802;
8.88522;-0.907567;12.6076;-1.78224;-2.0418;
8.79391;-0.913083;12.4297;-1.77942;-2.0449;
8.70217;-0.917402;12.252;-1.77719;-2.04733;
8.61012;-0.920575;12.0744;-1.77554;-2.04911;
8.51785;-0.922668;11.897;-1.77445;-2.05029;
8.42548;-0.923752;11.7196;-1.77389;-2.05091;
8.33309;-0.923897;11.5422;-1.77381;-2.05099;
8.24077;-0.92317;11.3648;-1.77419;-2.05058;
8.1486;-0.921634;11.1873;-1.77499;-2.04971;
8.05667;-0.919348;11.0097;-1.77618;-2.04842;
7.96503;-0.916372;10.8319;-1.77772;-2.04675;
7.87376;-0.912773;10.6539;-1.77957;-2.04473;
7.78289;-0.908622;10.4758;-1.78169;-2.04239;
7.69249;-0.903999;10.2974;-1.78404;-2.0398;
7.60259;-0.898996;10.1187;-1.78657;-2.037;
7.51322;-0.89371;9.93978;-1.78922;-2.03404;
7.4244;-0.888245;9.76058;-1.79194;-2.03099;
7.33613;-0.882709;9.58112;-1.79468;-2.0279;
7.24841;-0.877205;9.40138;-1.79737;-2.02484;
7.16122;-0.871837;9.22138;-1.79998;-2.02185;
7.07455;-0.866695;9.04114;-1.80246;-2.019;
6.98837;-0.861866;8.86066;-1.80478;-2.01632;
6.90263;-0.857421;8.67997;-1.80689;-2.01386;
6.81728;-0.853424;8.49909;-1.80878;-2.01165;
6.73229;-0.849929;8.31805;-1.81042;-2.00972;
6.64759;-0.846988;8.13687;-1.8118;-2.00809;
6.56313;-0.844658;7.95558;-1.81289;-2.00681;
6.47883;-0.842997;7.77421;-1.81366;-2.00589;
6.39462;-0.842046;7.5928;-1.8141;-2.00537;
6.31044;-0.841789;7.41138;-1.81422;-2.00523;
6.22623;-0.842112;7.22997;-1.81407;-2.00541;
6.14195;-0.842812;7.0486;-1.81374;-2.00579;
6.05758;-0.843684;6.86727;-1.81334;-2.00627;
5.97312;-0.844628;6.68598;-1.8129;-2.00679;
5.88855;-0.845707;6.50474;-1.8124;-2.00739;
5.80384;-0.847087;6.32356;-1.81175;-2.00815;
5.71895;-0.848917;6.14247;-1.8109;-2.00916;
5.63382;-0.851239;5.96149;-1.80981;-2.01044;
5.54843;-0.853972;5.78064;-1.80852;-2.01195;
5.46273;-0.856964;5.59993;-1.8071;-2.01361;
5.37672;-0.860051;5.41937;-1.80564;-2.01532;
5.29041;-0.863101;5.23895;-1.80418;-2.01701;
5.20381;-0.866018;5.05867;-1.80278;-2.01862;
5.11694;-0.868746;4.87852;-1.80147;-2.02014;
5.02981;-0.87126;4.6985;-1.80025;-2.02153;
4.94245;-0.873593;4.51858;-1.79912;-2.02283;
4.85486;-0.875897;4.33878;-1.798;-2.02411;
4.76701;-0.878535;4.15911;-1.79672;-2.02558;
4.67881;-0.882038;3.97961;-1.795;-2.02753;
4.59015;-0.886609;3.80034;-1.79275;-2.03008;
4.50105;-0.89095;3.62128;-1.7906;-2.0325;
4.41192;-0.891284;3.44224;-1.79042;-2.03269;
4.3236;-0.883246;3.26279;-1.79442;-2.0282;
4.23687;-0.867228;3.08256;-1.80229;-2.01928;
4.152;-0.848696;2.90145;-1.81111;-2.00901;
4.06852;-0.834815;2.7197;-1.8175;-2.00137;
3.98476;-0.837675;2.53809;-1.81613;-2.00296;
3.8971;-0.876556;2.35827;-1.79819;-2.02437;
3.80034;-0.967581;2.18294;-1.75331;-2.07507;
3.69076;-1.09584;2.01498;-1.67959;-2.14889;
3.56964;-1.21115;1.8552;-1.59783;-2.21939;
3.44133;-1.2831;1.70149;-1.53704;-2.26639;
3.30885;-1.32486;1.55156;-1.4993;-2.2945;
3.1731;-1.35745;1.40462;-1.46945;-2.31659;
3.03401;-1.39093;1.26083;-1.43786;-2.33961;
2.89121;-1.42803;1.12071;-1.40123;-2.36567;
2.7444;-1.46809;0.984767;-1.35944;-2.3946;
2.59363;-1.50764;0.853218;-1.31549;-2.42415;
2.43951;-1.54127;0.725655;-1.27562;-2.45022;
2.28309;-1.56421;0.600971;-1.24684;-2.46862;
2.12559;-1.57501;0.477697;-1.23274;-2.4775;
1.96799;-1.57591;0.35455;-1.23147;-2.47827;
1.81088;-1.57116;0.230796;-1.23754;-2.47442;
1.65437;-1.56506;0.106269;-1.24527;-2.4695;
1.49832;-1.56054;-0.0188217;-1.25091;-2.46588;
1.34244;-1.55884;-0.144123;-1.25301;-2.46453;
1.18645;-1.55983;-0.2693;-1.25177;-2.46533;
1.03018;-1.56267;-0.394123;-1.24823;-2.4676;
0.87355;-1.56635;-0.518485;-1.24362;-2.47054;
0.716548;-1.57003;-0.642382;-1.23897;-2.47351;
0.559227;-1.5732;-0.765876;-1.23493;-2.47608;
0.401664;-1.57563;-0.889058;-1.23182;-2.47805;
0.24394;-1.57723;-1.01204;-1.22977;-2.47935;
0.0861575;-1.57783;-1.13494;-1.22901;-2.47984;
-0.0715209;-1.57678;-1.25797;-1.23035;-2.47899;
-0.228773;-1.57252;-1.38155;-1.23581;-2.47552;
-0.384999;-1.56226;-1.50644;-1.24884;-2.46723;
-0.539294;-1.54294;-1.63373;-1.2729;-2.4518;
-0.690737;-1.51443;-1.76443;-1.30709;-2.42955;
-0.839154;-1.48417;-1.89857;-1.34139;-2.40668;
-0.985925;-1.46771;-2.03446;-1.35883;-2.3947;
-1.1338;-1.47875;-2.16913;-1.34669;-2.4029;
-1.28541;-1.5161;-2.29968;-1.30557;-2.43067;
-1.44186;-1.56455;-2.4245;-1.24814;-2.46822;
-1.60249;-1.60624;-2.54386;-1.19361;-2.50251;
-1.76548;-1.62995;-2.65983;-1.15972;-2.52318;
-1.92884;-1.63353;-2.77523;-1.15396;-2.52657;
-2.09102;-1.62187;-2.89227;-1.17044;-2.51648;
-2.25139;-1.60366;-3.01182;-1.19551;-2.50099;
-2.41011;-1.58718;-3.13354;-1.21721;-2.48737;
-2.56784;-1.57737;-3.25651;-1.2297;-2.47942;
-2.72537;-1.57521;-3.37975;-1.23237;-2.4777;
-2.88326;-1.57898;-3.5025;-1.22754;-2.48077;
-3.04186;-1.58594;-3.62436;-1.21857;-2.48645;
-3.20122;-1.59366;-3.74521;-1.20848;-2.4928;
-3.36127;-1.60051;-3.86515;-1.19937;-2.4985;
-3.52185;-1.60575;-3.98438;-1.19233;-2.50288;
-3.68277;-1.60917;-4.10315;-1.18768;-2.50577;
-3.84386;-1.61095;-4.22167;-1.18526;-2.50727;
-4.005;-1.61135;-4.34014;-1.18471;-2.50761;
-4.16606;-1.61066;-4.45871;-1.18565;-2.50703;
-4.32697;-1.6091;-4.57749;-1.18777;-2.50572;
-4.48766;-1.60682;-4.69657;-1.19085;-2.5038;
-4.64805;-1.60392;-4.81605;-1.19476;-2.50136;
-4.80809;-1.60047;-4.93599;-1.19939;-2.49848;
-4.96775;-1.59652;-5.05645;-1.20465;-2.49519;
-5.12695;-1.59207;-5.1775;-1.21052;-2.49151;
-5.28567;-1.58721;-5.29919;-1.2169;-2.4875;
-5.4439;-1.58225;-5.42153;-1.22334;-2.48343;
-5.6017;-1.57798;-5.54441;-1.22883;-2.47995;
-5.75922;-1.57526;-5.66764;-1.2323;-2.47775;
-5.91659;-1.57362;-5.79108;-1.23439;-2.47642;
-6.0737;-1.57117;-5.91483;-1.23751;-2.47444;
-6.23034;-1.56639;-6.03919;-1.24357;-2.47058;
-6.38622;-1.55874;-6.16451;-1.25319;-2.46443;
-6.54115;-1.54932;-6.29099;-1.26485;-2.45694;
-6.6953;-1.54147;-6.41843;-1.27437;-2.45077;
-6.84916;-1.53861;-6.5462;-1.27777;-2.44855;
-7.00321;-1.54058;-6.67374;-1.27539;-2.45009;
-7.15768;-1.5446;-6.8008;-1.27053;-2.45325;
-7.31253;-1.54855;-6.92737;-1.26571;-2.45636;
-7.46772;-1.55186;-7.05353;-1.26165;-2.45898;
-7.62322;-1.55508;-7.1793;-1.25767;-2.46154;
-7.77914;-1.55917;-7.30456;-1.2526;-2.4648;
-7.93562;-1.5648;-7.42912;-1.24558;-2.4693;
-8.09282;-1.57203;-7.55277;-1.23647;-2.47511;
-8.25086;-1.58038;-7.67535;-1.22579;-2.48189;
-8.40978;-1.58912;-7.79679;-1.21445;-2.48905;
-8.56953;-1.59754;-7.91713;-1.20336;-2.49601;
-8.73004;-1.6051;-8.03645;-1.19324;-2.50232;
-8.89119;-1.61151;-8.1549;-1.18455;-2.50772;
-9.05286;-1.61668;-8.27265;-1.17746;-2.51211;
-9.21493;-1.62067;-8.38985;-1.17195;-2.51552;
-9.37729;-1.62363;-8.50663;-1.16783;-2.51805;
-9.53986;-1.62574;-8.62312;-1.16489;-2.51986;
-9.70258;-1.62719;-8.73941;-1.16287;-2.5211;
-9.8654;-1.62813;-8.85556;-1.16154;-2.52192;
-10.0283;-1.62873;-8.97163;-1.16071;-2.52243;
-10.1912;-1.62907;-9.08765;-1.16023;-2.52273;
-10.3541;-1.62926;-9.20365;-1.15997;-2.52288;
-10.517;-1.62934;-9.31964;-1.15985;-2.52296;
-10.68;-1.62936;-9.43562;-1.15982;-2.52297;
-10.8429;-1.62935;-9.5516;-1.15984;-2.52296;
-11.0058;-1.62932;-9.66759;-1.15988;-2.52294;
-11.1688;-1.62928;-9.78358;-1.15994;-2.5229;
-11.3317;-1.62924;-9.89958;-1.16;-2.52287;
-11.4946;-1.62919;-10.0156;-1.16005;-2.52283;
-11.6575;-1.62916;-10.1316;-1.16011;-2.5228;
-11.8204;-1.62912;-10.2476;-1.16016;-2.52277;
-11.9833;-1.62909;-10.3636;-1.1602;-2.52274;
-12.1463;-1.62907;-10.4797;-1.16023;-2.52272;
-12.3092;-1.62905;-10.5957;-1.16026;-2.5227;
-12.4721;-1.62903;-10.7117;-1.16029;-2.52269;
-12.635;-1.62902;-10.8277;-1.1603;-2.52268;
-12.7979;-1.62901;-10.9438;-1.16031;-2.52267;
-12.9608;-1.62901;-11.0598;-1.16032;-2.52267;
-13.1237;-1.62901;-11.1758;-1.16032;-2.52267;
-13.2866;-1.629;-11.2919;-1.16032;-2.52267;
-13.4495;-1.629;-11.4079;-1.16033;-2.52266;
-13.6124;-1.62899;-11.5239;-1.16034;-2.52266;
-13.7753;-1.62897;-11.64;-1.16037;-2.52264;
-13.9382;-1.62893;-11.756;-1.16043;-2.5226;
-14.101;-1.62885;-11.8721;-1.16054;-2.52253;
-14.2639;-1.62873;-11.9881;-1.16071;-2.52243;
-14.4268;-1.62854;-12.1042;-1.16097;-2.52227;
-14.5896;-1.62827;-12.2204;-1.16136;-2.52203;
-14.7524;-1.62787;-12.3366;-1.16191;-2.52169;
-14.9151;-1.62733;-12.4528;-1.16266;-2.52123;
-15.0778;-1.62662;-12.5692;-1.16367;-2.52061;
-15.2403;-1.6257;-12.6857;-1.16495;-2.51982;
-15.4028;-1.62457;-12.8023;-1.16653;-2.51885;
-15.5651;-1.62321;-12.9192;-1.16842;-2.51769;
-15.7273;-1.62164;-13.0362;-1.17059;-2.51635;
-15.8893;-1.6199;-13.1535;-1.173;-2.51486;
-16.0511;-1.61802;-13.2711;-1.17559;-2.51326;
-16.2127;-1.61606;-13.3889;-1.17829;-2.51159;
-16.3741;-1.61408;-13.507;-1.181;-2.50992;
-16.5353;-1.61214;-13.6254;-1.18365;-2.50827;
-16.6963;-1.61028;-13.744;-1.18617;-2.50671;
-16.8572;-1.60856;-13.8629;-1.1885;-2.50526;
-17.0179;-1.607;-13.9819;-1.19062;-2.50394;
-17.1784;-1.60561;-14.1012;-1.19249;-2.50278;
-17.3389;-1.60439;-14.2206;-1.19412;-2.50176;
-17.4992;-1.60336;-14.3401;-1.19551;-2.50089;
-17.6595;-1.60248;-14.4598;-1.19668;-2.50016;
-17.8196;-1.60176;-14.5796;-1.19765;-2.49956;
-17.9798;-1.60116;-14.6994;-1.19845;-2.49906;
-18.1398;-1.60068;-14.8193;-1.19909;-2.49866;
-18.2999;-1.6003;-14.9393;-1.1996;-2.49834;
-18.4599;-1.59999;-15.0593;-1.20001;-2.49809;
-18.6198;-1.59975;-15.1793;-1.20033;-2.49789;
-18.7798;-1.59957;-15.2994;-1.20058;-2.49773;
-18.9397;-1.59943;-15.4195;-1.20077;-2.49761;
-19.0997;-1.59932;-15.5395;-1.20091;-2.49752;
-19.2596;-1.59924;-15.6596;-1.20102;-2.49746;
-19.4195;-1.59918;-15.7798;-1.2011;-2.49741;
-19.5794;-1.59914;-15.8999;-1.20115;-2.49737;
-19.7393;-1.59911;-16.02;-1.20119;-2.49735;
-19.8992;-1.59909;-16.1401;-1.20122;-2.49733;
-20.0592;-1.59908;-16.2602;-1.20123;-2.49732;
-20.2191;-1.59907;-16.3804;-1.20124;-2.49732;
-20.379;-1.59907;-16.5005;-1.20124;-2.49732;
-20.5389;-1.59907;-16.6206;-1.20124;-2.49732;
-20.6988;-1.59908;-16.7407;-1.20123;-2.49732;
-20.8587;-1.59908;-16.8609;-1.20122;-2.49733;
-21.0186;-1.59909;-16.981;-1.20121;-2.49733;
-21.1785;-1.5991;-17.1011;-1.2012;-2.49734;
-21.3384;-1.5991;-17.2212;-1.20119;-2.49735;
-21.4983;-1.59911;-17.3413;-1.20118;-2.49735;
-21.6582;-1.59912;-17.4615;-1.20117;-2.49736;
-21.8182;-1.59912;-17.5816;-1.20117;-2.49736;
-21.9781;-1.59913;-17.7017;-1.20116;-2.49737;
-22.138;-1.59914;-17.8218;-1.20115;-2.49737;
-22.2979;-1.59914;-17.9419;-1.20114;-2.49738;
-22.4578;-1.59915;-18.062;-1.20113;-2.49738;
-22.6177;-1.59916;-18.1821;-1.20113;-2.49739;
-22.7776;-1.59916;-18.3023;-1.20112;-2.49739;
-22.9376;-1.59917;-18.4224;-1.2011;-2.4974;
-23.0975;-1.59918;-18.5425;-1.20109;-2.49741;
-23.2574;-1.5992;-18.6626;-1.20107;-2.49742;
-23.4173;-1.59922;-18.7827;-1.20104;-2.49744;
-23.5772;-1.59924;-18.9028;-1.20101;-2.49746;
-23.7372;-1.59927;-19.0229;-1.20097;-2.49748;
-23.8971;-1.59931;-19.143;-1.20092;-2.49752;
-24.057;-1.59936;-19.2631;-1.20085;-2.49756;
-24.217;-1.59943;-19.3831;-1.20076;-2.49762;
-24.3769;-1.59952;-19.5032;-1.20065;-2.49769;
-24.5369;-1.59962;-19.6232;-1.2005;-2.49778;
-24.6969;-1.59975;-19.7433;-1.20033;-2.49789;
-24.8569;-1.59991;-19.8633;-1.20011;-2.49802;
-25.0169;-1.60011;-19.9833;-1.19985;-2.49818;
-25.1769;-1.60035;-20.1032;-1.19953;-2.49838;
-25.337;-1.60063;-20.2231;-1.19916;-2.49862;
-25.4971;-1.60097;-20.343;-1.19871;-2.4989;
-25.6572;-1.60136;-20.4628;-1.19819;-2.49922;
-25.8174;-1.60181;-20.5826;-1.19758;-2.4996;
-25.9776;-1.60232;-20.7023;-1.1969;-2.50003;
-26.1379;-1.6029;-20.8219;-1.19613;-2.50051;
-26.2983;-1.60353;-20.9414;-1.19527;-2.50104;
-26.4587;-1.60423;-21.0609;-1.19434;-2.50162;
-26.6192;-1.60498;-21.1802;-1.19334;-2.50225;
-26.7798;-1.60577;-21.2994;-1.19227;-2.50291;
-26.9404;-1.60659;-21.4185;-1.19116;-2.50361;
-27.1012;-1.60744;-21.5375;-1.19001;-2.50432;
-27.262;-1.60831;-21.6564;-1.18885;-2.50504;
-27.4229;-1.60917;-21.7752;-1.18768;-2.50577;
-27.5839;-1.61002;-21.8938;-1.18653;-2.50649;
-27.745;-1.61084;-22.0124;-1.1854;-2.50718;
-27.9062;-1.61164;-22.1308;-1.18432;-2.50785;
-28.0674;-1.61239;-22.2491;-1.1833;-2.50849;
-28.2287;-1.6131;-22.3674;-1.18233;-2.50909;
-28.3901;-1.61376;-22.4855;-1.18143;-2.50965;
-28.5515;-1.61437;-22.6036;-1.1806;-2.51016;
-28.713;-1.61492;-22.7216;-1.17985;-2.51063;
-28.8745;-1.6154;-22.8395;-1.17918;-2.51104;
-29.0361;-1.61578;-22.9573;-1.17866;-2.51136;
-29.1977;-1.61592;-23.0752;-1.17847;-2.51148;
-29.3593;-1.61573;-23.1931;-1.17874;-2.51132;
-29.5208;-1.61551;-23.311;-1.17904;-2.51113;
-29.6824;-1.61566;-23.4289;-1.17884;-2.51125;
-29.844;-1.61596;-23.5467;-1.17842;-2.51151;

29.9944;-1.61609;-23.6645;-1.17824;-2.51162;
29.8327;-1.61719;-23.7822;-1.17673;-2.51256;
29.6708;-1.61818;-23.8997;-1.17538;-2.51339;
29.509;-1.61872;-24.0172;-1.17463;-2.51386;
29.3471;-1.61886;-24.1346;-1.17444;-2.51397;
29.1852;-1.61875;-24.2521;-1.17459;-2.51388;
29.0234;-1.61854;-24.3696;-1.17487;-2.5137;
28.8615;-1.61833;-24.4871;-1.17517;-2.51352;
28.6997;-1.61816;-24.6046;-1.1754;-2.51338;
28.5379;-1.61805;-24.7222;-1.17555;-2.51329;
28.3761;-1.61799;-24.8398;-1.17563;-2.51324;
28.2143;-1.61798;-24.9573;-1.17565;-2.51323;
28.0525;-1.61799;-25.0749;-1.17562;-2.51324;
27.8907;-1.61803;-25.1924;-1.17558;-2.51327;
27.7289;-1.61806;-25.31;-1.17553;-2.5133;
27.5671;-1.6181;-25.4275;-1.17548;-2.51333;
27.4053;-1.61813;-25.5451;-1.17543;-2.51336;
27.2435;-1.61816;-25.6626;-1.1754;-2.51338;
27.0816;-1.61818;-25.7802;-1.17537;-2.5134;
26.9198;-1.6182;-25.8977;-1.17535;-2.51341;
26.758;-1.61821;-26.0152;-1.17533;-2.51342;
26.5962;-1.61821;-26.1328;-1.17532;-2.51343;
26.4344;-1.61822;-26.2503;-1.17532;-2.51343;
26.2725;-1.61822;-26.3678;-1.17531;-2.51343;
26.1107;-1.61822;-26.4854;-1.17531;-2.51344;
25.9489;-1.61823;-26.6029;-1.17531;-2.51344;
25.7871;-1.61823;-26.7204;-1.1753;-2.51344;
25.6252;-1.61823;-26.838;-1.1753;-2.51344;
25.4634;-1.61823;-26.9555;-1.1753;-2.51344;
25.3016;-1.61823;-27.073;-1.1753;-2.51344;
25.1398;-1.61823;-27.1905;-1.1753;-2.51344;
24.978;-1.61823;-27.3081;-1.1753;-2.51344;
24.8161;-1.61823;-27.4256;-1.1753;-2.51344;
24.6543;-1.61823;-27.5431;-1.17531;-2.51344;
24.4925;-1.61822;-27.6607;-1.17531;-2.51343;
24.3307;-1.61822;-27.7782;-1.17532;-2.51343;
24.1688;-1.61821;-27.8957;-1.17532;-2.51343;
24.007;-1.61821;-28.0133;-1.17533;-2.51342;
23.8452;-1.6182;-28.1308;-1.17534;-2.51342;
23.6834;-1.61819;-28.2483;-1.17535;-2.51341;
23.5216;-1.61818;-28.3659;-1.17537;-2.5134;
23.3598;-1.61816;-28.4834;-1.17539;-2.51338;
23.1979;-1.61814;-28.601;-1.17542;-2.51337;
23.0361;-1.61812;-28.7185;-1.17545;-2.51335;
22.8743;-1.61809;-28.836;-1.1755;-2.51332;
22.7125;-1.61805;-28.9536;-1.17554;-2.51329;
22.5507;-1.61801;-29.0712;-1.1756;-2.51325;
22.3889;-1.61797;-29.1887;-1.17565;-2.51322;
22.2271;-1.618;-29.3063;-1.17561;-2.51325;
22.0653;-1.61831;-29.4238;-1.17518;-2.51351;
21.9034;-1.61915;-29.5412;-1.17404;-2.51422;
21.7413;-1.62025;-29.6585;-1.17252;-2.51516;
21.5792;-1.62096;-29.7756;-1.17154;-2.51576;
21.4171;-1.62113;-29.8927;-1.1713;-2.51591;

21.255;-1.62113;29.9901;-1.1713;-2.51591;
21.0933;-1.61684;29.8724;-1.17723;-2.51225;
20.9319;-1.61451;29.7544;-1.18041;-2.51028;
20.7705;-1.61365;29.6362;-1.18158;-2.50955;
20.6092;-1.61365;29.518;-1.18158;-2.50956;
20.4478;-1.61403;29.3999;-1.18106;-2.50988;
20.2863;-1.61446;29.2819;-1.18047;-2.51024;
20.1248;-1.61476;29.1639;-1.18006;-2.51049;
19.9633;-1.61485;29.0459;-1.17993;-2.51057;
19.8019;-1.61474;28.9279;-1.18009;-2.51048;
19.6404;-1.61445;28.8098;-1.18048;-2.51023;
19.479;-1.61403;28.6917;-1.18106;-2.50988;
19.3177;-1.61352;28.5736;-1.18176;-2.50945;
19.1564;-1.61296;28.4553;-1.18253;-2.50897;
18.9951;-1.61237;28.337;-1.18333;-2.50847;
18.834;-1.61177;28.2186;-1.18415;-2.50796;
18.6728;-1.61118;28.1001;-1.18495;-2.50747;
18.5118;-1.61061;27.9815;-1.18572;-2.50699;
18.3508;-1.61007;27.8628;-1.18646;-2.50653;
18.1898;-1.60958;27.7441;-1.18712;-2.50611;
18.0289;-1.60916;27.6254;-1.18769;-2.50577;
17.868;-1.60889;27.5066;-1.18806;-2.50553;
17.7071;-1.60885;27.3877;-1.1881;-2.50551;
17.5462;-1.60925;27.269;-1.18756;-2.50584;
17.3852;-1.61041;27.1504;-1.18599;-2.50682;
17.2239;-1.61287;27.0321;-1.18265;-2.50889;
17.0621;-1.61757;26.9145;-1.17624;-2.51287;
16.8995;-1.626;26.798;-1.16461;-2.52005;
16.7355;-1.64006;26.6835;-1.1449;-2.53215;
16.5695;-1.66;26.5719;-1.11608;-2.54967;
16.4016;-1.67874;26.4632;-1.08766;-2.56669;
16.2345;-1.6713;26.3533;-1.09861;-2.56008;
16.0756;-1.58939;26.231;-1.22314;-2.48569;
15.9343;-1.41279;26.0866;-1.44353;-2.34543;
15.8163;-1.17962;25.9222;-1.64398;-2.1932;
15.7149;-1.01392;25.7488;-1.73407;-2.0999;
15.6177;-0.9721;25.574;-1.7484;-2.07823;
15.5205;-0.972379;25.3992;-1.74771;-2.07852;
15.4107;-1.09793;25.2314;-1.67785;-2.15024;
15.27;-1.40728;25.0845;-1.46926;-2.33465;
15.0855;-1.84453;24.9843;-1.00269;-2.64367;
14.8771;-2.08378;24.9488;-0.354354;-2.97315;
14.6855;-1.91601;24.8825;-0.662732;-2.80858;
14.5009;-1.8463;24.8045;-0.780491;-2.74164;
14.3278;-1.73101;24.7003;-1.04168;-2.59987;
14.1652;-1.62617;24.5827;-1.17659;-2.51524;
14.0168;-1.48427;24.4466;-1.36045;-2.3997;
13.8792;-1.37573;24.3007;-1.459;-2.32683;
13.755;-1.242;24.1429;-1.57778;-2.23767;
13.6397;-1.15247;23.9791;-1.63811;-2.18389;
13.5354;-1.04324;23.808;-1.71142;-2.11823;
13.4374;-0.98002;23.6335;-1.74489;-2.08254;
13.3477;-0.897323;23.4545;-1.78988;-2.03551;
13.2618;-0.858374;23.2738;-1.80693;-2.01428;
13.1821;-0.797887;23.0903;-1.83517;-1.98092;
13.1043;-0.777777;22.906;-1.84269;-1.9702;
13.0309;-0.733685;22.7199;-1.86118;-1.9463;
12.9582;-0.726927;22.5336;-1.86323;-1.94278;
12.8888;-0.694137;22.346;-1.87601;-1.92518;
12.8192;-0.696388;22.1585;-1.87485;-1.92644;
12.7521;-0.670978;21.9701;-1.88428;-1.91289;
12.6842;-0.678982;21.782;-1.88124;-1.91717;
12.6184;-0.657753;21.5931;-1.88888;-1.90589;
12.5515;-0.668497;21.4046;-1.885;-1.9116;
12.4867;-0.647989;21.2153;-1.89224;-1.90072;
12.4209;-0.657996;21.0265;-1.88869;-1.90603;
12.3574;-0.635;20.8368;-1.89667;-1.89386;
12.2931;-0.643011;20.6474;-1.89383;-1.89811;
12.2311;-0.620051;20.4573;-1.90161;-1.88599;
12.1677;-0.633975;20.2676;-1.89692;-1.89334;
12.1053;-0.624303;20.0776;-1.90009;-1.88825;
12.0394;-0.658906;19.8887;-1.8887;-1.90646;
11.972;-0.673931;19.7004;-1.8831;-1.91448;
11.8991;-0.729728;19.5141;-1.86307;-1.94411;
11.8232;-0.758916;19.329;-1.85069;-1.95996;
11.7419;-0.812382;19.1462;-1.82849;-1.98889;
11.659;-0.829386;18.9642;-1.82002;-1.99838;
11.5734;-0.856306;18.7834;-1.80766;-2.01319;
11.4886;-0.847598;18.6022;-1.81154;-2.00843;
11.4038;-0.848417;18.4211;-1.81113;-2.00888;
11.3214;-0.823953;18.2389;-1.82259;-1.99538;
11.2398;-0.815725;18.0563;-1.82611;-1.9909;
11.1608;-0.790319;17.8725;-1.83744;-1.977;
11.0822;-0.78539;17.6886;-1.83935;-1.97435;
11.0058;-0.763842;17.5037;-1.84854;-1.96264;
10.9294;-0.764795;17.3189;-1.848;-1.96319;
10.8548;-0.745446;17.1333;-1.856;-1.95272;
10.7796;-0.752114;16.948;-1.85321;-1.95633;
10.7063;-0.733074;16.7619;-1.86092;-1.94606;
10.6317;-0.746175;16.5763;-1.85565;-1.95312;
10.559;-0.726334;16.39;-1.86357;-1.94244;
10.4843;-0.74722;16.2045;-1.85531;-1.95367;
10.4118;-0.725382;16.0181;-1.86397;-1.94192;
10.3362;-0.755441;15.8328;-1.85212;-1.95808;
10.2633;-0.729811;15.6466;-1.86229;-1.94429;
10.1862;-0.77048;15.462;-1.84615;-1.96616;
10.1123;-0.738555;15.2761;-1.85896;-1.94897;
10.0332;-0.791672;15.0924;-1.83754;-1.9776;
9.95817;-0.750109;14.9069;-1.85455;-1.95515;
9.87634;-0.818329;14.7243;-1.82641;-1.99203;
9.80007;-0.762645;14.5393;-1.84987;-1.96183;
