#1 AntPos X;#2 AntPos Y;#3 Distance form nest;#4 Total Distance;#5 Total Y Distance
12.2587;-2.26712;12.4666;0.2;-0.0310955
12.0611;-2.29822;12.2781;0.4;-0.062191
11.8636;-2.32931;12.0901;0.6;-0.0932865
11.666;-2.36041;11.9024;0.8;-0.124382
11.4684;-2.39151;11.7151;1;-0.155478
11.2709;-2.4226;11.5283;1.2;-0.186573
11.0733;-2.4537;11.3419;1.4;-0.217669
10.8757;-2.48479;11.156;1.6;-0.248764
10.6782;-2.51589;10.9705;1.8;-0.27986
10.4806;-2.54698;10.7856;2;-0.310955
10.283;-2.57808;10.6013;2.2;-0.342051
10.0854;-2.60917;10.4175;2.4;-0.373146
9.88788;-2.64027;10.2343;2.6;-0.404242
9.69031;-2.67136;10.0518;2.8;-0.435337
9.49274;-2.70246;9.86993;3;-0.466433
9.29518;-2.73356;9.68879;3.2;-0.497528
9.09761;-2.76465;9.50841;3.4;-0.528624
8.90004;-2.79575;9.32882;3.6;-0.559719
8.70247;-2.82684;9.15009;3.8;-0.590815
8.5049;-2.85794;8.97225;4;-0.62191
8.30734;-2.88903;8.79536;4.2;-0.653006
8.10977;-2.92013;8.61948;4.4;-0.684101
7.9122;-2.95122;8.44468;4.6;-0.715197
7.71463;-2.98232;8.27102;4.8;-0.746292
7.51707;-3.01342;8.09858;5;-0.777388
7.3195;-3.04451;7.92743;5.2;-0.808483
7.12193;-3.07561;7.75766;5.4;-0.839579
6.92436;-3.1067;7.58936;5.6;-0.870674
6.72679;-3.1378;7.42264;5.8;-0.90177
6.52923;-3.16889;7.25759;6;-0.932865
6.33166;-3.19998;7.09435;6.2;-0.963952
6.12062;-3.14546;6.88156;6.40058;-0.909428
5.92423;-3.10606;6.6891;6.58972;-0.870034
5.72914;-3.06171;6.49593;6.7776;-0.825679
5.53412;-3.01737;6.30325;6.9661;-0.781339
5.33909;-2.97303;6.11104;7.15522;-0.736999
5.14407;-2.92869;5.91935;7.34492;-0.692659
4.94905;-2.88435;5.72822;7.53516;-0.648318
4.75403;-2.84001;5.53772;7.72588;-0.603978
4.559;-2.79567;5.34792;7.91706;-0.559638
4.36398;-2.75133;5.15889;8.10867;-0.515298
4.16896;-2.70699;4.97071;8.30068;-0.470957
3.97393;-2.66264;4.7835;8.49305;-0.426617
3.77792;-2.62268;4.59903;8.68696;-0.386654
3.56391;-2.67118;4.45384;8.90299;-0.435155
3.38503;-2.78674;4.38456;9.08793;-0.550711
3.24012;-2.931;4.36912;9.2423;-0.694976
3.12072;-3.09454;4.3949;9.37493;-0.858517
3.02676;-3.27358;4.45843;9.48641;-1.03755
2.95264;-3.46055;4.54901;9.58219;-1.22452
2.8977;-3.65391;4.66344;9.66316;-1.41788
2.85754;-3.85041;4.79492;9.73353;-1.61439
2.82986;-4.04889;4.9398;9.79561;-1.81286
2.81217;-4.24836;5.09479;9.8518;-2.01233
2.80236;-4.44828;5.25741;9.90413;-2.21225
2.79871;-4.64834;5.42585;9.95427;-2.41231
2.7998;-4.84839;5.59873;10.0036;-2.61236
2.80451;-5.04837;5.77506;10.0531;-2.81234
2.81197;-5.24825;5.9541;10.1038;-3.01222
2.82148;-5.44803;6.13529;10.1561;-3.212
2.83238;-5.64774;6.31817;10.2107;-3.41171
2.8437;-5.84742;6.50222;10.2686;-3.61139
2.85503;-6.0471;6.68719;10.33;-3.81107
2.86636;-6.24678;6.87301;10.3948;-4.01075
2.87769;-6.44646;7.0596;10.4631;-4.21043
2.88902;-6.64613;7.2469;10.5348;-4.41011
2.90035;-6.84581;7.43486;10.6097;-4.60978
2.91169;-7.04549;7.62344;10.6878;-4.80946
2.92302;-7.24517;7.81259;10.7691;-5.00914
2.93435;-7.44485;8.00226;10.8535;-5.20882
2.94568;-7.64453;8.19243;10.9409;-5.4085
2.95701;-7.84421;8.38305;11.0312;-5.60818
2.96834;-8.04388;8.5741;11.1244;-5.80786
2.97968;-8.24356;8.76555;11.2203;-6.00754
2.99101;-8.44324;8.95737;11.319;-6.20721
3.00234;-8.64292;9.14954;11.4204;-6.40689
3.01367;-8.8426;9.34204;11.5243;-6.60657
3.025;-9.04228;9.53485;11.6307;-6.80625
3.03633;-9.24196;9.72795;11.7396;-7.00593
3.04767;-9.44164;9.92133;11.8508;-7.20561
3.059;-9.64131;10.115;11.9644;-7.40529
3.07033;-9.84099;10.3088;12.0802;-7.60497
3.08166;-10.0407;10.5029;12.1982;-7.80464
3.09301;-10.2404;10.6973;12.3183;-8.00432
3.10456;-10.44;10.8918;12.4402;-8.20399
3.11847;-10.6395;11.0871;12.5624;-8.40352
3.14975;-10.8379;11.2863;12.6729;-8.60182
3.25848;-11.0232;11.4947;12.7206;-8.78714
3.39315;-11.176;11.6798;12.7304;-8.94001
3.52553;-11.326;11.862;12.743;-9.08993
3.65582;-11.4777;12.0459;12.7615;-9.2417
3.72791;-11.6794;12.2599;12.8593;-9.4434
3.79455;-11.868;12.4599;12.9538;-9.63197
3.83678;-12.0652;12.6606;13.0732;-9.82917
3.86237;-12.2643;12.8581;13.2068;-10.0282
3.86931;-12.465;13.0517;13.3554;-10.229
3.86488;-12.6653;13.2418;13.5123;-10.4292
3.84979;-12.865;13.4287;13.6765;-10.629
3.82685;-13.0638;13.6128;13.8459;-10.8278
3.79786;-13.2618;13.7949;14.0191;-11.0258
3.76428;-13.459;13.9755;14.1953;-11.223
3.72725;-13.6556;14.1551;14.3737;-11.4196
3.68763;-13.8517;14.3341;14.5538;-11.6156
3.6461;-14.0473;14.5128;14.7352;-11.8113
3.60316;-14.2426;14.6914;14.9176;-12.0066
3.55921;-14.4378;14.87;15.101;-12.2017
3.51452;-14.6327;15.0489;15.285;-12.3967
3.4693;-14.8275;15.228;15.4697;-12.5915
3.4237;-15.0223;15.4075;15.6549;-12.7862
3.37784;-15.2169;15.5873;15.8405;-12.9809
3.33179;-15.4116;15.7676;16.0266;-13.1755
3.28561;-15.6062;15.9483;16.213;-13.3701
3.23934;-15.8007;16.1294;16.3998;-13.5647
3.19301;-15.9953;16.3109;16.5869;-13.7593
3.14664;-16.1898;16.4928;16.7743;-13.9538
3.10024;-16.3844;16.6751;16.962;-14.1484
3.05382;-16.5789;16.8578;17.1501;-14.3429
3.00739;-16.7735;17.0409;17.3383;-14.5374
2.96095;-16.968;17.2244;17.5269;-14.732
2.9145;-17.1625;17.4082;17.7157;-14.9265
2.86805;-17.357;17.5924;17.9047;-15.121
2.8216;-17.5516;17.7769;18.094;-15.3156
2.77514;-17.7461;17.9618;18.2835;-15.5101
2.72869;-17.9406;18.147;18.4732;-15.7046
2.68223;-18.1352;18.3325;18.6632;-15.8991
2.63578;-18.3297;18.5182;18.8533;-16.0937
2.58932;-18.5242;18.7043;19.0437;-16.2882
2.54287;-18.7188;18.8907;19.2342;-16.4827
2.49641;-18.9133;19.0773;19.425;-16.6773
2.44995;-19.1078;19.2642;19.6159;-16.8718
2.4035;-19.3023;19.4514;19.807;-17.0663
2.35704;-19.4969;19.6388;19.9983;-17.2609
2.31059;-19.6914;19.8265;20.1897;-17.4554
2.26413;-19.8859;20.0144;20.3813;-17.6499
2.21767;-20.0805;20.2026;20.5731;-17.8444
2.17122;-20.275;20.3909;20.765;-18.039
2.12476;-20.4695;20.5795;20.9571;-18.2335
2.0783;-20.6641;20.7683;21.1493;-18.428
2.03185;-20.8586;20.9573;21.3417;-18.6226
1.98539;-21.0531;21.1465;21.5342;-18.8171
1.93894;-21.2476;21.3359;21.7268;-19.0116
1.89248;-21.4422;21.5255;21.9196;-19.2061
1.84602;-21.6367;21.7153;22.1125;-19.4007
1.79957;-21.8312;21.9053;22.3055;-19.5952
1.75311;-22.0258;22.0954;22.4987;-19.7897
1.70665;-22.2203;22.2857;22.692;-19.9843
1.6602;-22.4148;22.4762;22.8853;-20.1788
1.61374;-22.6094;22.6669;23.0788;-20.3733
1.56729;-22.8039;22.8577;23.2724;-20.5679
1.52083;-22.9984;23.0486;23.4662;-20.7624
1.47437;-23.1929;23.2398;23.66;-20.9569
1.42792;-23.3875;23.431;23.8539;-21.1514
1.38154;-23.582;23.6225;24.0479;-21.346
1.33702;-23.777;23.8146;24.2415;-21.541
1.31258;-23.9766;24.0125;24.4302;-21.7406
1.34642;-24.1822;24.2197;24.598;-21.9462
1.43504;-24.3703;24.4125;24.7264;-22.1343
1.51524;-24.5536;24.6003;24.8552;-22.3176
1.51376;-24.7726;24.8188;25.0526;-22.5366
1.49519;-24.9725;25.0172;25.2406;-22.7364
1.44264;-25.1684;25.2097;25.44;-22.9324
1.36919;-25.3558;25.3927;25.6407;-23.1198
1.2778;-25.5348;25.5667;25.8416;-23.2988
1.17275;-25.7057;25.7325;26.0412;-23.4697
1.05727;-25.8695;25.8911;26.2389;-23.6335
0.933878;-26.0272;26.044;26.4346;-23.7912
0.804557;-26.18;26.1923;26.6285;-23.944
0.670832;-26.3288;26.3374;26.8209;-24.0928
0.533862;-26.4746;26.48;27.0121;-24.2386
0.394523;-26.6181;26.6211;27.2024;-24.3821
0.253467;-26.7599;26.7611;27.3922;-24.5239
0.111178;-26.9005;26.9007;27.5815;-24.6645
-0.0319897;-27.0402;27.0402;27.7705;-24.8041
-0.175778;-27.1792;27.1797;27.9594;-24.9431
-0.320001;-27.3177;27.3196;28.1483;-25.0817
-0.464526;-27.456;27.4599;28.3371;-25.22
-0.609258;-27.594;27.6007;28.526;-25.358
-0.754132;-27.7319;27.7422;28.715;-25.4959
-0.899102;-27.8697;27.8842;28.9042;-25.6337
-1.04413;-28.0074;28.0269;29.0934;-25.7714
-1.18921;-28.1451;28.1702;29.2827;-25.909
-1.33431;-28.2827;28.3142;29.4722;-26.0467
-1.47943;-28.4203;28.4588;29.6618;-26.1843
-1.62456;-28.5579;28.6041;29.8515;-26.3219
-1.7697;-28.6955;28.7501;30.0414;-26.4595
-1.91485;-28.8331;28.8967;30.2314;-26.5971
-2.05999;-28.9707;29.0439;30.4215;-26.7347
-2.20514;-29.1083;29.1917;30.6117;-26.8723
-2.35029;-29.2459;29.3402;30.8021;-27.0099
-2.49544;-29.3835;29.4893;30.9926;-27.1475
-2.64059;-29.5211;29.639;31.1832;-27.2851
-2.78574;-29.6587;29.7892;31.3739;-27.4227
-2.93088;-29.7963;29.9401;31.5647;-27.5603
-3.07603;-29.9339;30.0915;31.7557;-27.6979

-3.22118;29.9285;30.1014;31.9468;-27.8355
-3.36633;29.7909;29.9805;32.1379;-27.9731
-3.51146;29.6533;29.8605;32.3292;-28.1107
-3.65659;29.5157;29.7413;32.5206;-28.2483
-3.8017;29.3781;29.623;32.7121;-28.3859
-3.94679;29.2404;29.5056;32.9037;-28.5236
-4.09184;29.1027;29.389;33.0954;-28.6613
-4.23685;28.965;29.2732;33.2873;-28.799
-4.38178;28.8272;29.1583;33.4792;-28.9368
-4.52662;28.6892;29.0441;33.6713;-29.0747
-4.67131;28.5511;28.9308;33.8636;-29.2128
-4.8158;28.4129;28.8181;34.056;-29.3511
-4.96003;28.2743;28.7061;34.2486;-29.4897
-5.10393;28.1354;28.5946;34.4414;-29.6286
-5.24739;27.9961;28.4836;34.6345;-29.7679
-5.39033;27.8562;28.3729;34.8278;-29.9078
-5.53266;27.7157;28.2625;35.0215;-30.0483
-5.67431;27.5745;28.1522;35.2154;-30.1895
-5.81521;27.4325;28.0421;35.4097;-30.3315
-5.95533;27.2898;27.932;35.6042;-30.4742
-6.09466;27.1463;27.8221;35.7991;-30.6177
-6.23321;27.0021;27.7122;35.9943;-30.7619
-6.37103;26.8571;27.6025;36.1898;-30.9068
-6.50815;26.7115;27.493;36.3855;-31.0524
-6.64462;26.5653;27.3837;36.5814;-31.1986
-6.78052;26.4186;27.2749;36.7775;-31.3454
-6.9159;26.2714;27.1664;36.9738;-31.4926
-7.05081;26.1237;27.0585;37.1703;-31.6402
-7.18533;25.9757;26.9512;37.3669;-31.7882
-7.3195;25.8274;26.8446;37.5636;-31.9366
-7.45338;25.6788;26.7386;37.7604;-32.0851
-7.587;25.53;26.6335;37.9573;-32.234
-7.7204;25.381;26.5292;38.1543;-32.383
-7.85363;25.2318;26.4258;38.3514;-32.5321
-7.98671;25.0825;26.3234;38.5486;-32.6814
-8.11967;24.9331;26.2219;38.7457;-32.8308
-8.25252;24.7836;26.1215;38.943;-32.9803
-8.38529;24.6341;26.0221;39.1403;-33.1299
-8.51799;24.4844;25.9238;39.3376;-33.2795
-8.65063;24.3347;25.8266;39.535;-33.4292
-8.78323;24.185;25.7305;39.7324;-33.579
-8.91579;24.0353;25.6356;39.9298;-33.7287
-9.04833;23.8855;25.5419;40.1273;-33.8785
-9.18083;23.7357;25.4494;40.3248;-34.0283
-9.31332;23.5859;25.358;40.5223;-34.1781
-9.4458;23.436;25.268;40.7199;-34.328
-9.57826;23.2862;25.1791;40.9175;-34.4778
-9.71071;23.1363;25.0916;41.1151;-34.6277
-9.84316;22.9865;25.0053;41.3127;-34.7775
-9.9756;22.8366;24.9203;41.5104;-34.9274
-10.108;22.6867;24.8367;41.708;-35.0773
-10.2405;22.5368;24.7543;41.9057;-35.2271
-10.3729;22.387;24.6733;42.1035;-35.377
-10.5053;22.2371;24.5937;42.3012;-35.5269
-10.6378;22.0872;24.5154;42.499;-35.6767
-10.7702;21.9374;24.4386;42.6968;-35.8266
-10.9026;21.7875;24.3631;42.8946;-35.9765
-11.0351;21.6376;24.2891;43.0924;-36.1263
-11.1676;21.4878;24.2166;43.2902;-36.2761
-11.3002;21.3381;24.1456;43.4881;-36.4259
-11.4329;21.1885;24.0762;43.6859;-36.5755
-11.5658;21.039;24.0085;43.8837;-36.725
-11.699;20.8898;23.9426;44.0815;-36.8742
-11.8325;20.7409;23.8787;44.2792;-37.0231
-11.9663;20.5922;23.8166;44.4769;-37.1717
-12.1001;20.4436;23.7562;44.6747;-37.3203
-12.2333;20.2944;23.6963;44.8725;-37.4696
-12.3575;20.1372;23.6266;45.0721;-37.6268
-12.4545;19.9589;23.526;45.2744;-37.8051
-12.5185;19.7661;23.3968;45.4707;-37.9979
-12.5925;19.5799;23.2797;45.6669;-38.1841
-12.6937;19.4049;23.188;45.8687;-38.359
-12.8118;19.2422;23.1172;46.0696;-38.5218
-12.9356;19.0849;23.0556;46.269;-38.6791
-13.0597;18.928;22.9962;46.4682;-38.836
-13.1816;18.7695;22.9357;46.6677;-38.9945
-13.2973;18.6061;22.8693;46.8677;-39.1579
-13.4069;18.4387;22.7975;47.0678;-39.3253
-13.5124;18.2687;22.7229;47.2678;-39.4953
-13.6156;18.0973;22.6472;47.4677;-39.6666
-13.7174;17.9252;22.5716;47.6675;-39.8388
-13.8185;17.7526;22.4968;47.8672;-40.0113
-13.9193;17.5799;22.4232;48.0669;-40.1841
-14.02;17.4071;22.351;48.2667;-40.3569
-14.1207;17.2343;22.2804;48.4664;-40.5297
-14.2213;17.0615;22.2112;48.6661;-40.7025
-14.322;16.8886;22.1437;48.8658;-40.8753
-14.4226;16.7158;22.0778;49.0655;-41.0482
-14.5233;16.543;22.0136;49.2653;-41.221
-14.6241;16.3702;21.9511;49.465;-41.3937
-14.7249;16.1975;21.8902;49.6647;-41.5665
-14.8259;16.0249;21.8312;49.8645;-41.7391
-14.927;15.8523;21.7741;50.0643;-41.9116
-15.0285;15.68;21.7191;50.264;-42.084
-15.1304;15.5079;21.6662;50.4639;-42.2561
-15.2329;15.3361;21.6157;50.6637;-42.4278
-15.3362;15.1649;21.5678;50.8636;-42.5991
-15.4405;14.9942;21.5229;51.0635;-42.7698
-15.5459;14.8243;21.481;51.2634;-42.9397
-15.6527;14.6552;21.4425;51.4634;-43.1088
-15.7609;14.4869;21.4074;51.6634;-43.277
-15.8705;14.3196;21.3758;51.8634;-43.4443
-15.9814;14.1532;21.3476;52.0634;-43.6108
-16.0936;13.9876;21.3227;52.2634;-43.7764
-16.2069;13.8228;21.301;52.4634;-43.9412
-16.3211;13.6586;21.2823;52.6633;-44.1053
-16.4362;13.4951;21.2666;52.8631;-44.2689
-16.552;13.332;21.2535;53.063;-44.432
-16.6684;13.1693;21.243;53.2628;-44.5946
-16.7852;13.007;21.235;53.4626;-44.757
-16.9025;12.845;21.2294;53.6624;-44.919
-17.0201;12.6832;21.2261;53.8621;-45.0808
-17.1381;12.5217;21.2251;54.0619;-45.2423
-17.2569;12.3608;21.2271;54.2616;-45.4032
-17.378;12.2017;21.2338;54.4611;-45.5623
-17.5065;12.0481;21.2517;54.6599;-45.7158
-17.6498;11.9073;21.2908;54.8563;-45.8567
-17.809;11.7839;21.3546;55.0468;-45.9801
-17.9802;11.6784;21.44;55.2292;-46.0856
-18.1559;11.5822;21.5356;55.4063;-46.1818
-18.3263;11.477;21.6235;55.5882;-46.287
-18.4832;11.3504;21.6901;55.7806;-46.4136
-18.6202;11.2017;21.73;55.9803;-46.5622
-18.7338;11.0344;21.7419;56.1825;-46.7296
-18.8212;10.852;21.7257;56.3827;-46.912
-18.8808;10.6588;21.6817;56.5766;-47.1052
-18.9124;10.4592;21.6119;56.7603;-47.3047
-18.9173;10.2575;21.5194;56.9312;-47.5064
-18.8986;10.057;21.408;57.0884;-47.707
-18.8603;9.85972;21.282;57.2324;-47.9043
-18.807;9.66634;21.1457;57.3652;-48.0976
-18.743;9.47652;21.0025;57.4897;-48.2875
-18.6721;9.28936;20.8552;57.6087;-48.4746
-18.5972;9.10387;20.7059;57.7245;-48.6601
-18.5205;8.91915;20.5562;57.8392;-48.8448
-18.4438;8.73445;20.4074;57.9543;-49.0295
-18.3687;8.54904;20.2607;58.0714;-49.2149
-18.2971;8.36229;20.1174;58.1919;-49.4017
-18.2304;8.17366;19.9789;58.317;-49.5903
-18.1701;7.98283;19.8464;58.4477;-49.7811
-18.1175;7.78971;19.7212;58.5848;-49.9743
-18.0743;7.59419;19.6049;58.7292;-50.1698
-18.0474;7.39531;19.5038;58.8853;-50.3687
-18.0657;7.19101;19.4443;59.0696;-50.573
-18.1329;6.99624;19.4358;59.2711;-50.7677
-18.257;6.82748;19.4919;59.4797;-50.9365
-18.3953;6.68092;19.571;59.6766;-51.0831
-18.5693;6.5701;19.6973;59.8615;-51.1939
-18.7699;6.51281;19.8677;60.0146;-51.2512
-18.9758;6.50548;20.06;60.1283;-51.2585
-19.1769;6.53138;20.2586;60.2116;-51.2326
-19.3721;6.58099;20.4595;60.2723;-51.183
-19.5616;6.64751;20.6602;60.3161;-51.1165
-19.746;6.72589;20.8601;60.3479;-51.0381
-19.9266;6.81234;21.0589;60.3715;-50.9516
-20.1044;6.90423;21.2569;60.3896;-50.8597
-20.28;6.99993;21.4541;60.4041;-50.764
-20.4541;7.09856;21.6508;60.4158;-50.6654
-20.6266;7.19971;21.847;60.4253;-50.5643
-20.7977;7.30329;22.0428;60.4327;-50.4607
-20.9674;7.40929;22.238;60.4378;-50.3547
-21.1354;7.51773;22.4326;60.4408;-50.2462
-21.302;7.62852;22.6267;60.4416;-50.1355
-21.467;7.74151;22.8202;60.4403;-50.0225
-21.6307;7.85644;23.0133;60.4374;-49.9075
-21.7932;7.97302;23.2059;60.4332;-49.791
-21.9548;8.09094;23.3982;60.4279;-49.673
-22.1156;8.2099;23.5903;60.422;-49.5541
-22.2758;8.32964;23.7822;60.4158;-49.4343
-22.4355;8.44995;23.974;60.4095;-49.314
-22.595;8.57064;24.1659;60.4034;-49.1933
-22.7543;8.69158;24.3578;60.3977;-49.0724
-22.9135;8.81268;24.5497;60.3924;-48.9513
-23.0726;8.93385;24.7418;60.3877;-48.8301
-23.2317;9.05504;24.934;60.3837;-48.7089
-23.3908;9.17619;25.1263;60.3803;-48.5878
-23.55;9.29728;25.3188;60.3777;-48.4667
-23.7092;9.41826;25.5114;60.3759;-48.3457
-23.8686;9.53911;25.7042;60.3749;-48.2249
-24.0281;9.65981;25.8971;60.3748;-48.1042
-24.1877;9.78034;26.0902;60.3756;-47.9836
-24.3474;9.90067;26.2835;60.3772;-47.8633
-24.5073;10.0208;26.4769;60.3798;-47.7432
-24.6674;10.1407;26.6705;60.3833;-47.6233
-24.8276;10.2604;26.8642;60.3877;-47.5036
-24.988;10.3799;27.0581;60.3931;-47.3841
-25.1486;10.4992;27.2522;60.3994;-47.2648
-25.3092;10.6183;27.4464;60.4065;-47.1457
-25.47;10.7372;27.6407;60.4146;-47.0268
-25.6309;10.856;27.8352;60.4235;-46.908
-25.792;10.9746;28.0298;60.4332;-46.7894
-25.9531;11.0931;28.2244;60.4437;-46.6709
-26.1142;11.2115;28.4192;60.4551;-46.5525
-26.2755;11.3298;28.6141;60.4672;-46.4341
-26.4368;11.4481;28.8091;60.48;-46.3159
-26.5981;11.5663;29.0041;60.4936;-46.1977
-26.7595;11.6844;29.1993;60.5079;-46.0796
-26.9209;11.8025;29.3945;60.5229;-45.9615
-27.0823;11.9206;29.5898;60.5386;-45.8434
-27.2438;12.0386;29.7851;60.5549;-45.7253
-27.4052;12.1567;29.9805;60.572;-45.6073
-27.5667;12.2747;30.176;60.5897;-45.4893
-27.7282;12.3927;30.3716;60.6081;-45.3713
-27.8897;12.5107;30.5672;60.6271;-45.2532
-28.0511;12.6287;30.7628;60.6468;-45.1352
-28.2126;12.7468;30.9585;60.6672;-45.0172
-28.3741;12.8648;31.1543;60.6882;-44.8992
-28.5355;12.9828;31.3501;60.7098;-44.7812
-28.697;13.1008;31.546;60.7321;-44.6631
-28.8584;13.2189;31.7419;60.755;-44.5451
-29.0198;13.337;31.9378;60.7785;-44.427
-29.1811;13.4553;32.1338;60.8024;-44.3087
-29.3421;13.5739;32.3297;60.8265;-44.19
-29.5027;13.6932;32.5255;60.8505;-44.0708
-29.6629;13.8129;32.7213;60.8746;-43.9511
-29.8229;13.9328;32.917;60.8991;-43.8312
-29.9829;14.0528;33.1128;60.9242;-43.7112

29.8571;14.1728;33.0501;60.9498;-43.5912
29.695;14.29;32.9545;60.9796;-43.4739
29.5322;14.4063;32.8587;61.0112;-43.3577
29.3695;14.5225;32.7638;61.0434;-43.2415
29.207;14.6391;32.6704;61.0758;-43.1248
29.0449;14.7563;32.5784;61.1082;-43.0077
28.8831;14.8739;32.488;61.1406;-42.8901
28.7216;14.9919;32.3989;61.1733;-42.7721
28.5603;15.1101;32.3111;61.2063;-42.6539
28.399;15.2284;32.2243;61.2398;-42.5356
28.2378;15.3467;32.1387;61.2739;-42.4173
28.0766;15.4651;32.054;61.3087;-42.2989
27.9153;15.5834;31.9704;61.3441;-42.1806
27.7541;15.7017;31.8879;61.3801;-42.0622
27.5929;15.8201;31.8063;61.4167;-41.9439
27.4317;15.9385;31.726;61.4539;-41.8254
27.2706;16.0571;31.6467;61.4915;-41.7069
27.1096;16.1757;31.5688;61.5297;-41.5883
26.9488;16.2945;31.492;61.5682;-41.4694
26.788;16.4136;31.4166;61.6072;-41.3504
26.6275;16.5328;31.3425;61.6465;-41.2312
26.467;16.6522;31.2698;61.6862;-41.1117
26.3068;16.7719;31.1984;61.7262;-40.9921
26.1466;16.8917;31.1284;61.7667;-40.8723
25.9866;17.0116;31.0596;61.8076;-40.7524
25.8266;17.1316;30.992;61.8491;-40.6323
25.6666;17.2516;30.9256;61.8912;-40.5123
25.5066;17.3716;30.8603;61.934;-40.3924
25.3464;17.4914;30.7959;61.9776;-40.2726
25.1861;17.6109;30.7324;62.0221;-40.1531
25.0255;17.7302;30.6698;62.0676;-40.0338
24.8647;17.849;30.6078;62.1141;-39.9149
24.7035;17.9675;30.5466;62.1618;-39.7965
24.542;18.0855;30.486;62.2106;-39.6785
24.3803;18.2031;30.4261;62.2605;-39.5609
24.2182;18.3203;30.367;62.3114;-39.4437
24.0559;18.4372;30.3087;62.3634;-39.3268
23.8934;18.5538;30.2513;62.4163;-39.2102
23.7308;18.6702;30.1948;62.47;-39.0938
23.568;18.7864;30.1393;62.5245;-38.9776
23.4051;18.9025;30.0849;62.5798;-38.8615
23.2422;19.0185;30.0317;62.6358;-38.7455
23.0792;19.1344;29.9796;62.6924;-38.6296
22.9163;19.2504;29.9288;62.7495;-38.5136
22.7534;19.3664;29.8794;62.8072;-38.3975
22.5906;19.4827;29.8314;62.8652;-38.2813
22.4281;19.5992;29.7851;62.9235;-38.1648
22.266;19.7163;29.7406;62.9817;-38.0477
22.1043;19.834;29.6983;63.0397;-37.9299
21.9434;19.9528;29.6585;63.097;-37.8112
21.7834;20.0729;29.6216;63.1534;-37.6911
21.6248;20.1947;29.5881;63.2083;-37.5693
21.468;20.3189;29.5589;63.2609;-37.4451
21.3139;20.4464;29.5354;63.3099;-37.3175
21.1645;20.5796;29.5204;63.3524;-37.1844
21.0217;20.72;29.5166;63.3859;-37.044
20.8835;20.8647;29.5204;63.4138;-36.8993
20.7402;21.0044;29.5184;63.4494;-36.7596
20.5807;21.1273;29.4945;63.5084;-36.6367
20.4104;21.234;29.4528;63.5862;-36.53
20.2375;21.3346;29.4061;63.6703;-36.4294
20.0656;21.437;29.3628;63.7529;-36.327
19.8966;21.544;29.3261;63.831;-36.2199
19.7304;21.6555;29.2959;63.9049;-36.1085
19.5665;21.77;29.2708;63.9757;-35.9939
19.4039;21.8866;29.2495;64.0448;-35.8774
19.2421;22.0042;29.2309;64.1132;-35.7598
19.0807;22.1223;29.2142;64.1816;-35.6417
18.9195;22.2406;29.1991;64.2503;-35.5234
18.7582;22.3589;29.1854;64.3195;-35.4051
18.5969;22.4771;29.1731;64.3894;-35.2868
18.4356;22.5954;29.162;64.4598;-35.1686
18.2742;22.7135;29.1522;64.5308;-35.0504
18.1129;22.8317;29.1438;64.6024;-34.9323
17.9515;22.9499;29.1368;64.6745;-34.8141
17.7902;23.0681;29.1312;64.7471;-34.6959
17.6289;23.1863;29.127;64.8202;-34.5777
17.4675;23.3045;29.1241;64.8939;-34.4595
17.3061;23.4226;29.1225;64.9682;-34.3414
17.1446;23.5405;29.1221;65.0432;-34.2234
16.983;23.6583;29.1228;65.119;-34.1057
16.8211;23.7758;29.1245;65.1956;-33.9882
16.659;23.893;29.1273;65.2731;-33.871
16.4966;24.0097;29.1309;65.3516;-33.7542
16.334;24.1261;29.1353;65.431;-33.6379
16.1711;24.2421;29.1408;65.5114;-33.5219
16.0079;24.3578;29.1471;65.5926;-33.4062
15.8445;24.473;29.1543;65.6748;-33.2909
15.6802;24.5871;29.1615;65.7589;-33.1769
15.5135;24.6978;29.1659;65.8472;-33.0662
15.3418;24.8007;29.1624;65.9442;-32.9633
15.1658;24.896;29.1515;66.0493;-32.868
14.9906;24.9925;29.1435;66.1534;-32.7715
14.7922;25.047;29.0889;66.2989;-32.717
14.5799;25.0289;28.9658;66.4926;-32.7351
14.3864;24.9439;28.7952;66.7028;-32.8201
14.2147;24.8374;28.6174;66.9047;-32.9266
14.0598;24.7077;28.428;67.1034;-33.0563
13.9207;24.5624;28.2329;67.2961;-33.2016
13.7956;24.4052;28.0345;67.4825;-33.3587
13.6828;24.2393;27.8346;67.6625;-33.5246
13.5806;24.067;27.6343;67.8368;-33.697
13.4872;23.8899;27.4341;68.0059;-33.8741
13.4008;23.7093;27.2344;68.1709;-34.0546
13.3199;23.5263;27.0353;68.3325;-34.2377
13.2433;23.3415;26.8368;68.4914;-34.4225
13.17;23.1554;26.6387;68.6485;-34.6086
13.0991;22.9684;26.4411;68.8041;-34.7956
13.03;22.7807;26.2438;68.9588;-34.9833
12.9622;22.5925;26.0469;69.1128;-35.1715
12.8954;22.404;25.8501;69.2664;-35.36
12.8292;22.2153;25.6536;69.4197;-35.5487
12.7635;22.0264;25.4572;69.573;-35.7376
12.6981;21.8374;25.2609;69.7264;-35.9266
12.6328;21.6483;25.0647;69.8798;-36.1157
12.5676;21.4592;24.8685;70.0335;-36.3047
12.5024;21.2702;24.6724;70.1874;-36.4938
12.437;21.0811;24.4764;70.3416;-36.6828
12.3716;20.8922;24.2804;70.4961;-36.8718
12.3062;20.7031;24.0845;70.6508;-37.0608
12.2414;20.5139;23.8888;70.8053;-37.25
12.1781;20.3242;23.6934;70.9591;-37.4397
12.1174;20.1336;23.4988;71.1113;-37.6304
12.06;19.942;23.3051;71.2615;-37.822
12.004;19.75;23.1119;71.411;-38.014
11.945;19.5589;22.918;71.5628;-38.2051
11.878;19.3703;22.7221;71.7203;-38.3937
11.8;19.1857;22.524;71.8851;-38.5783
11.7116;19.0059;22.3246;72.0562;-38.758
11.6164;18.8299;22.1248;72.2312;-38.9341
11.5193;18.655;21.925;72.4073;-39.109
11.4249;18.4787;21.7253;72.5821;-39.2853
11.3358;18.2995;21.5261;72.754;-39.4645
11.2526;18.1175;21.3276;72.9227;-39.6464
11.1737;17.9337;21.1298;73.089;-39.8303
11.0971;17.7489;20.9325;73.254;-40.015
11.0216;17.5637;20.7355;73.4185;-40.2002
10.9467;17.3783;20.5386;73.5828;-40.3857
10.8722;17.1927;20.3419;73.747;-40.5713
10.7983;17.0068;20.1454;73.9111;-40.7571
10.7249;16.8208;19.949;74.075;-40.9432
10.6519;16.6346;19.7528;74.2388;-41.1294
10.5793;16.4482;19.5567;74.4026;-41.3158
10.5068;16.2618;19.3608;74.5665;-41.5022
10.4342;16.0755;19.1649;74.7306;-41.6885
10.3613;15.8892;18.969;74.8951;-41.8748
10.288;15.7031;18.7732;75.06;-42.0608
10.214;15.5173;18.5772;75.2255;-42.2466
10.1392;15.3318;18.3812;75.3916;-42.4321
10.0635;15.1467;18.1851;75.5585;-42.6173
9.98689;14.962;17.9888;75.726;-42.802
9.90916;14.7777;17.7925;75.8944;-42.9863
9.83027;14.5939;17.5959;76.0636;-43.1701
9.75018;14.4106;17.3992;76.2336;-43.3533
9.66885;14.2279;17.2023;76.4045;-43.5361
9.58626;14.0458;17.0053;76.5762;-43.7182
9.50242;13.8642;16.8081;76.7488;-43.8998
9.41734;13.6832;16.6107;76.9222;-44.0808
9.33109;13.5027;16.4132;77.0963;-44.2613
9.24373;13.3228;16.2155;77.2712;-44.4412
9.15535;13.1434;16.0178;77.4468;-44.6206
9.06606;12.9644;15.8199;77.6229;-44.7996
8.97598;12.7859;15.622;77.7996;-44.9781
8.88522;12.6076;15.424;77.9767;-45.1563
8.79391;12.4297;15.226;78.1543;-45.3343
8.70217;12.252;15.0279;78.3322;-45.512
8.61012;12.0744;14.8299;78.5103;-45.6896
8.51785;11.897;14.6319;78.6886;-45.867
8.42548;11.7196;14.4339;78.8672;-46.0444
8.33309;11.5422;14.236;79.0458;-46.2218
8.24077;11.3648;14.0381;79.2245;-46.3992
8.1486;11.1873;13.8403;79.4032;-46.5767
8.05667;11.0097;13.6427;79.5819;-46.7543
7.96503;10.8319;13.4451;79.7605;-46.9321
7.87376;10.6539;13.2477;79.9391;-47.11
7.78289;10.4758;13.0505;80.1175;-47.2882
7.69249;10.2974;12.8534;80.2959;-47.4666
7.60259;10.1187;12.6565;80.474;-47.6453
7.51322;9.93978;12.4598;80.652;-47.8242
7.4244;9.76058;12.2634;80.8299;-48.0034
7.33613;9.58112;12.0672;81.0075;-48.1829
7.24841;9.40138;11.8712;81.185;-48.3626
7.16122;9.22138;11.6755;81.3623;-48.5426
7.07455;9.04114;11.48;81.5395;-48.7228
6.98837;8.86066;11.2849;81.7165;-48.9033
6.90263;8.67997;11.09;81.8933;-49.084
6.81728;8.49909;10.8954;82.0701;-49.2649
6.73229;8.31805;10.7011;82.2468;-49.4459
6.64759;8.13687;10.5071;82.4235;-49.6271
6.56313;7.95558;10.3134;82.6001;-49.8084
6.47883;7.77421;10.12;82.7768;-49.9898
6.39462;7.5928;9.92682;82.9535;-50.1712
6.31044;7.41138;9.73397;83.1303;-50.3526
6.22623;7.22997;9.54141;83.3073;-50.534
6.14195;7.0486;9.34913;83.4844;-50.7154
6.05758;6.86727;9.15716;83.6616;-50.8967
5.97312;6.68598;8.96551;83.839;-51.078
5.88855;6.50474;8.7742;84.0165;-51.2592
5.80384;6.32356;8.58324;84.1942;-51.4404
5.71895;6.14247;8.39263;84.3721;-51.6215
5.63382;5.96149;8.2024;84.5502;-51.8025
5.54843;5.78064;8.01254;84.7285;-51.9833
5.46273;5.59993;7.82308;84.9071;-52.164
5.37672;5.41937;7.63405;85.086;-52.3446
5.29041;5.23895;7.44547;85.2651;-52.525
5.20381;5.05867;7.2574;85.4444;-52.7053
5.11694;4.87852;7.06987;85.6239;-52.8855
5.02981;4.6985;6.88294;85.8037;-53.0655
4.94245;4.51858;6.69667;85.9836;-53.2454
4.85486;4.33878;6.51112;86.1638;-53.4252
4.76701;4.15911;6.32634;86.3442;-53.6049
4.67881;3.97961;6.14236;86.5248;-53.7844
4.59015;3.80034;5.95919;86.7057;-53.9636
4.50105;3.62128;5.77695;86.887;-54.1427
4.41192;3.44224;5.5959;87.0683;-54.3217
4.3236;3.26279;5.41658;87.2493;-54.5012
4.23687;3.08256;5.23959;87.4296;-54.6814
4.152;2.90145;5.06533;87.6092;-54.8625
4.06852;2.7197;4.89384;87.7881;-55.0443
3.98476;2.53809;4.72442;87.9673;-55.2259
3.8971;2.35827;4.55509;88.1485;-55.4057
3.80034;2.18294;4.38267;88.3339;-55.581
3.69076;2.01498;4.20498;88.5248;-55.749
3.56964;1.8552;4.02295;88.7195;-55.9088
3.44133;1.70149;3.83899;88.916;-56.0625
3.30885;1.55156;3.65456;89.1134;-56.2124
3.1731;1.40462;3.47009;89.3114;-56.3594
3.03401;1.26083;3.28556;89.5101;-56.5031
2.89121;1.12071;3.10082;89.7093;-56.6433
2.7444;0.984767;2.91573;89.909;-56.7792
2.59363;0.853218;2.73037;90.1089;-56.9108
2.43951;0.725655;2.54515;90.309;-57.0383
2.28309;0.600971;2.36086;90.509;-57.163
2.12559;0.477697;2.1786;90.709;-57.2863
1.96799;0.35455;1.99968;90.909;-57.4094
1.81088;0.230796;1.82553;91.1089;-57.5332
1.65437;0.106269;1.65778;91.3089;-57.6577
1.49832;-0.0188217;1.49844;91.5089;-57.7828
1.34244;-0.144123;1.35015;91.7089;-57.9081
1.18645;-0.2693;1.21663;91.9089;-58.0333
1.03018;-0.394123;1.103;92.1089;-58.1581
0.87355;-0.518485;1.01583;92.3089;-58.2825
0.716548;-0.642382;0.962339;92.5089;-58.4064
0.559227;-0.765876;0.948315;92.7088;-58.5298
0.401664;-0.889058;0.975581;92.9088;-58.653
0.24394;-1.01204;1.04102;93.1087;-58.776
0.0861575;-1.13494;1.1382;93.3087;-58.8989
-0.0715209;-1.25797;1.26;93.5087;-59.0219
-0.228773;-1.38155;1.40036;93.7086;-59.1455
-0.384999;-1.50644;1.55486;93.9086;-59.2704
-0.539294;-1.63373;1.72044;94.1086;-59.3977
-0.690737;-1.76443;1.89482;94.3086;-59.5284
-0.839154;-1.89857;2.07576;94.5084;-59.6625
-0.985925;-2.03446;2.26077;94.708;-59.7984
-1.1338;-2.16913;2.44757;94.9077;-59.9331
-1.28541;-2.29968;2.63454;95.1077;-60.0637
-1.44186;-2.4245;2.82084;95.3078;-60.1885
-1.60249;-2.54386;3.00652;95.5078;-60.3078
-1.76548;-2.65983;3.19243;95.7074;-60.4238
-1.92884;-2.77523;3.37969;95.9069;-60.5392
-2.09102;-2.89227;3.56898;96.1066;-60.6562
-2.25139;-3.01182;3.7603;96.3064;-60.7758
-2.41011;-3.13354;3.95319;96.5064;-60.8975
-2.56784;-3.25651;4.14713;96.7063;-61.0205
-2.72537;-3.37975;4.3417;96.9063;-61.1437
-2.88326;-3.5025;4.5366;97.1063;-61.2665
-3.04186;-3.62436;4.73169;97.3062;-61.3883
-3.20122;-3.74521;4.92691;97.5061;-61.5092
-3.36127;-3.86515;5.12226;97.7059;-61.6291
-3.52185;-3.98438;5.31777;97.9057;-61.7484
-3.68277;-4.10315;5.51349;98.1055;-61.8671
-3.84386;-4.22167;5.70945;98.3053;-61.9856
-4.005;-4.34014;5.90566;98.5051;-62.1041
-4.16606;-4.45871;6.10214;98.7048;-62.2227
-4.32697;-4.57749;6.29889;98.9046;-62.3415
-4.48766;-4.69657;6.49591;99.1044;-62.4605
-4.64805;-4.81605;6.69318;99.3042;-62.58
-4.80809;-4.93599;6.8907;99.5041;-62.7
-4.96775;-5.05645;7.08846;99.704;-62.8204
-5.12695;-5.1775;7.28644;99.9039;-62.9415
-5.28567;-5.29919;7.48464;100.104;-63.0632
-5.4439;-5.42153;7.68303;100.304;-63.1855
-5.6017;-5.54441;7.88159;100.504;-63.3084
-5.75922;-5.66764;8.08027;100.704;-63.4316
-5.91659;-5.79108;8.27904;100.904;-63.5551
-6.0737;-5.91483;8.47792;101.104;-63.6788
-6.23034;-6.03919;8.67692;101.304;-63.8032
-6.38622;-6.16451;8.87609;101.504;-63.9285
-6.54115;-6.29099;9.07542;101.704;-64.055
-6.6953;-6.41843;9.27487;101.904;-64.1824
-6.84916;-6.5462;9.47437;102.104;-64.3102
-7.00321;-6.67374;9.67388;102.304;-64.4377
-7.15768;-6.8008;9.87336;102.504;-64.5648
-7.31253;-6.92737;10.0728;102.704;-64.6913
-7.46772;-7.05353;10.2722;102.904;-64.8175
-7.62322;-7.1793;10.4717;103.104;-64.9433
-7.77914;-7.30456;10.6711;103.304;-65.0685
-7.93562;-7.42912;10.8704;103.504;-65.1931
-8.09282;-7.55277;11.0697;103.704;-65.3167
-8.25086;-7.67535;11.2689;103.904;-65.4393
-8.40978;-7.79679;11.468;104.103;-65.5608
-8.56953;-7.91713;11.6669;104.303;-65.6811
-8.73004;-8.03645;11.8658;104.503;-65.8004
-8.89119;-8.1549;12.0646;104.703;-65.9189
-9.05286;-8.27265;12.2634;104.903;-66.0366
-9.21493;-8.38985;12.4621;105.102;-66.1538
-9.37729;-8.50663;12.6608;105.302;-66.2706
-9.53986;-8.62312;12.8595;105.502;-66.3871
-9.70258;-8.73941;13.0582;105.701;-66.5034
-9.8654;-8.85556;13.257;105.901;-66.6195
-10.0283;-8.97163;13.4557;106.101;-66.7356
-10.1912;-9.08765;13.6545;106.3;-66.8516
-10.3541;-9.20365;13.8533;106.5;-66.9676
-10.517;-9.31964;14.0522;106.699;-67.0836
-10.68;-9.43562;14.2511;106.899;-67.1996
-10.8429;-9.5516;14.45;107.099;-67.3156
-11.0058;-9.66759;14.6489;107.298;-67.4316
-11.1688;-9.78358;14.8479;107.498;-67.5476
-11.3317;-9.89958;15.0469;107.698;-67.6636
-11.4946;-10.0156;15.2459;107.897;-67.7796
-11.6575;-10.1316;15.445;108.097;-67.8956
-11.8204;-10.2476;15.6441;108.297;-68.0116
-11.9833;-10.3636;15.8432;108.496;-68.1276
-12.1463;-10.4797;16.0423;108.696;-68.2436
-12.3092;-10.5957;16.2414;108.895;-68.3597
-12.4721;-10.7117;16.4406;109.095;-68.4757
-12.635;-10.8277;16.6398;109.295;-68.5917
-12.7979;-10.9438;16.839;109.494;-68.7077
-12.9608;-11.0598;17.0382;109.694;-68.8238
-13.1237;-11.1758;17.2375;109.894;-68.9398
-13.2866;-11.2919;17.4367;110.093;-69.0558
-13.4495;-11.4079;17.636;110.293;-69.1719
-13.6124;-11.5239;17.8353;110.493;-69.2879
-13.7753;-11.64;18.0346;110.692;-69.4039
-13.9382;-11.756;18.2339;110.892;-69.52
-14.101;-11.8721;18.4333;111.092;-69.636
-14.2639;-11.9881;18.6326;111.291;-69.7521
-14.4268;-12.1042;18.832;111.491;-69.8682
-14.5896;-12.2204;19.0314;111.691;-69.9843
-14.7524;-12.3366;19.2308;111.89;-70.1005
-14.9151;-12.4528;19.4302;112.09;-70.2168
-15.0778;-12.5692;19.6297;112.29;-70.3332
-15.2403;-12.6857;19.8291;112.489;-70.4497
-15.4028;-12.8023;20.0286;112.689;-70.5663
-15.5651;-12.9192;20.2282;112.889;-70.6832
-15.7273;-13.0362;20.4277;113.089;-70.8002
-15.8893;-13.1535;20.6273;113.288;-70.9175
-16.0511;-13.2711;20.8269;113.488;-71.0351
-16.2127;-13.3889;21.0265;113.688;-71.1529
-16.3741;-13.507;21.2262;113.888;-71.271
-16.5353;-13.6254;21.4259;114.087;-71.3894
-16.6963;-13.744;21.6256;114.287;-71.508
-16.8572;-13.8629;21.8253;114.487;-71.6268
-17.0179;-13.9819;22.0251;114.687;-71.7459
-17.1784;-14.1012;22.2248;114.887;-71.8652
-17.3389;-14.2206;22.4246;115.087;-71.9846
-17.4992;-14.3401;22.6244;115.287;-72.1041
-17.6595;-14.4598;22.8242;115.486;-72.2238
-17.8196;-14.5796;23.024;115.686;-72.3435
-17.9798;-14.6994;23.2238;115.886;-72.4634
-18.1398;-14.8193;23.4236;116.086;-72.5833
-18.2999;-14.9393;23.6234;116.286;-72.7033
-18.4599;-15.0593;23.8233;116.486;-72.8233
-18.6198;-15.1793;24.0231;116.686;-72.9433
-18.7798;-15.2994;24.223;116.886;-73.0634
-18.9397;-15.4195;24.4228;117.086;-73.1834
-19.0997;-15.5395;24.6226;117.286;-73.3035
-19.2596;-15.6596;24.8225;117.485;-73.4236
-19.4195;-15.7798;25.0224;117.685;-73.5437
-19.5794;-15.8999;25.2222;117.885;-73.6638
-19.7393;-16.02;25.4221;118.085;-73.784
-19.8992;-16.1401;25.6219;118.285;-73.9041
-20.0592;-16.2602;25.8218;118.485;-74.0242
-20.2191;-16.3804;26.0217;118.685;-74.1443
-20.379;-16.5005;26.2215;118.885;-74.2645
-20.5389;-16.6206;26.4214;119.085;-74.3846
-20.6988;-16.7407;26.6213;119.285;-74.5047
-20.8587;-16.8609;26.8211;119.484;-74.6248
-21.0186;-16.981;27.021;119.684;-74.7449
-21.1785;-17.1011;27.2209;119.884;-74.8651
-21.3384;-17.2212;27.4208;120.084;-74.9852
-21.4983;-17.3413;27.6206;120.284;-75.1053
-21.6582;-17.4615;27.8205;120.484;-75.2254
-21.8182;-17.5816;28.0204;120.684;-75.3455
-21.9781;-17.7017;28.2203;120.884;-75.4657
-22.138;-17.8218;28.4202;121.084;-75.5858
-22.2979;-17.9419;28.6201;121.284;-75.7059
-22.4578;-18.062;28.82;121.484;-75.826
-22.6177;-18.1821;29.0198;121.684;-75.9461
-22.7776;-18.3023;29.2197;121.883;-76.0662
-22.9376;-18.4224;29.4196;122.083;-76.1863
-23.0975;-18.5425;29.6195;122.283;-76.3064
-23.2574;-18.6626;29.8194;122.483;-76.4265
-23.4173;-18.7827;30.0193;122.683;-76.5467
-23.5772;-18.9028;30.2192;122.883;-76.6668
-23.7372;-19.0229;30.4191;123.083;-76.7869
-23.8971;-19.143;30.619;123.283;-76.9069
-24.057;-19.2631;30.8189;123.483;-77.027
-24.217;-19.3831;31.0188;123.683;-77.1471
-24.3769;-19.5032;31.2187;123.883;-77.2672
-24.5369;-19.6232;31.4186;124.082;-77.3872
-24.6969;-19.7433;31.6185;124.282;-77.5073
-24.8569;-19.8633;31.8185;124.482;-77.6273
-25.0169;-19.9833;32.0184;124.682;-77.7472
-25.1769;-20.1032;32.2183;124.882;-77.8672
-25.337;-20.2231;32.4182;125.082;-77.9871
-25.4971;-20.343;32.6181;125.282;-78.107
-25.6572;-20.4628;32.818;125.482;-78.2268
-25.8174;-20.5826;33.0179;125.682;-78.3466
-25.9776;-20.7023;33.2178;125.882;-78.4663
-26.1379;-20.8219;33.4177;126.082;-78.5859
-26.2983;-20.9414;33.6176;126.281;-78.7054
-26.4587;-21.0609;33.8175;126.481;-78.8248
-26.6192;-21.1802;34.0174;126.681;-78.9442
-26.7798;-21.2994;34.2173;126.881;-79.0634
-26.9404;-21.4185;34.4171;127.081;-79.1825
-27.1012;-21.5375;34.617;127.281;-79.3015
-27.262;-21.6564;34.8169;127.481;-79.4204
-27.4229;-21.7752;35.0168;127.681;-79.5392
-27.5839;-21.8938;35.2166;127.88;-79.6578
-27.745;-22.0124;35.4165;128.08;-79.7764
-27.9062;-22.1308;35.6164;128.28;-79.8948
-28.0674;-22.2491;35.8162;128.48;-80.0131
-28.2287;-22.3674;36.0161;128.68;-80.1313
-28.3901;-22.4855;36.216;128.88;-80.2495
-28.5515;-22.6036;36.4158;129.079;-80.3676
-28.713;-22.7216;36.6157;129.279;-80.4855
-28.8745;-22.8395;36.8155;129.479;-80.6035
-29.0361;-22.9573;37.0154;129.679;-80.7213
-29.1977;-23.0752;37.2152;129.879;-80.8392
-29.3593;-23.1931;37.4151;130.079;-80.957
-29.5208;-23.311;37.6149;130.278;-81.0749
-29.6824;-23.4289;37.8148;130.478;-81.1928
-29.844;-23.5467;38.0146;130.678;-81.3107

29.9944;-23.6645;38.2057;130.878;-81.4285
29.8327;-23.7822;38.1521;131.078;-81.5462
29.6708;-23.8997;38.0993;131.278;-81.6637
29.509;-24.0172;38.0474;131.477;-81.7812
29.3471;-24.1346;37.9965;131.677;-81.8986
29.1852;-24.2521;37.9466;131.877;-82.0161
29.0234;-24.3696;37.8977;132.077;-82.1336
28.8615;-24.4871;37.8498;132.277;-82.2511
28.6997;-24.6046;37.8029;132.476;-82.3686
28.5379;-24.7222;37.7571;132.676;-82.4862
28.3761;-24.8398;37.7123;132.876;-82.6037
28.2143;-24.9573;37.6685;133.076;-82.7213
28.0525;-25.0749;37.6257;133.276;-82.8389
27.8907;-25.1924;37.5839;133.476;-82.9564
27.7289;-25.31;37.5432;133.675;-83.074
27.5671;-25.4275;37.5034;133.875;-83.1915
27.4053;-25.5451;37.4647;134.075;-83.3091
27.2435;-25.6626;37.427;134.275;-83.4266
27.0816;-25.7802;37.3903;134.475;-83.5441
26.9198;-25.8977;37.3546;134.674;-83.6617
26.758;-26.0152;37.32;134.874;-83.7792
26.5962;-26.1328;37.2864;135.074;-83.8967
26.4344;-26.2503;37.2539;135.274;-84.0143
26.2725;-26.3678;37.2224;135.474;-84.1318
26.1107;-26.4854;37.192;135.674;-84.2493
25.9489;-26.6029;37.1626;135.873;-84.3669
25.7871;-26.7204;37.1343;136.073;-84.4844
25.6252;-26.838;37.107;136.273;-84.6019
25.4634;-26.9555;37.0808;136.473;-84.7195
25.3016;-27.073;37.0556;136.673;-84.837
25.1398;-27.1905;37.0315;136.873;-84.9545
24.978;-27.3081;37.0085;137.072;-85.072
24.8161;-27.4256;36.9865;137.272;-85.1896
24.6543;-27.5431;36.9657;137.472;-85.3071
24.4925;-27.6607;36.9458;137.672;-85.4246
24.3307;-27.7782;36.9271;137.872;-85.5422
24.1688;-27.8957;36.9094;138.072;-85.6597
24.007;-28.0133;36.8928;138.271;-85.7772
23.8452;-28.1308;36.8773;138.471;-85.8948
23.6834;-28.2483;36.8629;138.671;-86.0123
23.5216;-28.3659;36.8495;138.871;-86.1298
23.3598;-28.4834;36.8372;139.071;-86.2474
23.1979;-28.601;36.8261;139.271;-86.3649
23.0361;-28.7185;36.816;139.47;-86.4825
22.8743;-28.836;36.807;139.67;-86.6
22.7125;-28.9536;36.799;139.87;-86.7176
22.5507;-29.0712;36.7922;140.07;-86.8351
22.3889;-29.1887;36.7865;140.27;-86.9527
22.2271;-29.3063;36.7818;140.47;-87.0703
22.0653;-29.4238;36.7782;140.669;-87.1878
21.9034;-29.5412;36.7755;140.869;-87.3052
21.7413;-29.6585;36.7738;141.069;-87.4224
21.5792;-29.7756;36.773;141.269;-87.5396
21.4171;-29.8927;36.7732;141.469;-87.6567

21.255;29.9901;36.7584;141.669;-87.7738
21.0933;29.8724;36.569;141.868;-87.8916
20.9319;29.7544;36.3795;142.068;-88.0096
20.7705;29.6362;36.19;142.268;-88.1278
20.6092;29.518;36.0007;142.468;-88.2459
20.4478;29.3999;35.8115;142.668;-88.364
20.2863;29.2819;35.6225;142.868;-88.4821
20.1248;29.1639;35.4336;143.068;-88.6001
19.9633;29.0459;35.2448;143.267;-88.7181
19.8019;28.9279;35.0562;143.467;-88.8361
19.6404;28.8098;34.8676;143.667;-88.9541
19.479;28.6917;34.6792;143.867;-89.0722
19.3177;28.5736;34.4909;144.067;-89.1904
19.1564;28.4553;34.3026;144.267;-89.3087
18.9951;28.337;34.1145;144.467;-89.427
18.834;28.2186;33.9265;144.667;-89.5454
18.6728;28.1001;33.7385;144.866;-89.6639
18.5118;27.9815;33.5507;145.066;-89.7825
18.3508;27.8628;33.363;145.266;-89.9011
18.1898;27.7441;33.1754;145.466;-90.0198
18.0289;27.6254;32.9879;145.666;-90.1386
17.868;27.5066;32.8006;145.866;-90.2574
17.7071;27.3877;32.6134;146.066;-90.3762
17.5462;27.269;32.4263;146.266;-90.495
17.3852;27.1504;32.2395;146.466;-90.6136
17.2239;27.0321;32.053;146.666;-90.7318
17.0621;26.9145;31.867;146.865;-90.8495
16.8995;26.798;31.6817;147.065;-90.9659
16.7355;26.6835;31.4974;147.265;-91.0804
16.5695;26.5719;31.3148;147.464;-91.192
16.4016;26.4632;31.1338;147.664;-91.3008
16.2345;26.3533;30.9525;147.863;-91.4107
16.0756;26.231;30.7651;148.063;-91.533
15.9343;26.0866;30.5682;148.264;-91.6773
15.8163;25.9222;30.3664;148.458;-91.8417
15.7149;25.7488;30.1656;148.645;-92.0151
15.6177;25.574;29.9657;148.83;-92.19
15.5205;25.3992;29.7659;149.014;-92.3647
15.4107;25.2314;29.5654;149.204;-92.5325
15.27;25.0845;29.3667;149.406;-92.6795
15.0855;24.9843;29.1854;149.613;-92.7797
14.8771;24.9488;29.0478;149.798;-92.8152
14.6855;24.8825;28.893;149.99;-92.8814
14.5009;24.8045;28.7322;150.183;-92.9595
14.3278;24.7003;28.5551;150.383;-93.0636
14.1652;24.5827;28.3718;150.584;-93.1813
14.0168;24.4466;28.1799;150.785;-93.3174
13.8792;24.3007;27.9849;150.983;-93.4633
13.755;24.1429;27.7864;151.178;-93.621
13.6397;23.9791;27.587;151.37;-93.7848
13.5354;23.808;27.3866;151.558;-93.956
13.4374;23.6335;27.1865;151.743;-94.1305
13.3477;23.4545;26.9866;151.925;-94.3095
13.2618;23.2738;26.7871;152.104;-94.4902
13.1821;23.0903;26.5881;152.281;-94.6737
13.1043;22.906;26.3896;152.456;-94.8579
13.0309;22.7199;26.1916;152.63;-95.0441
12.9582;22.5336;25.9938;152.803;-95.2304
12.8888;22.346;25.7966;152.974;-95.418
12.8192;22.1585;25.5994;153.145;-95.6055
12.7521;21.9701;25.4027;153.315;-95.7939
12.6842;21.782;25.206;153.486;-95.982
12.6184;21.5931;25.0097;153.655;-96.1709
12.5515;21.4046;24.8132;153.825;-96.3594
12.4867;21.2153;24.6173;153.995;-96.5486
12.4209;21.0265;24.4211;154.164;-96.7375
12.3574;20.8368;24.2256;154.333;-96.9272
12.2931;20.6474;24.0299;154.502;-97.1165
12.2311;20.4573;23.8349;154.67;-97.3067
12.1677;20.2676;23.6395;154.838;-97.4964
12.1053;20.0776;23.4446;155.006;-97.6864
12.0394;19.8887;23.2488;155.177;-97.8753
11.972;19.7004;23.0529;155.348;-98.0636
11.8991;19.5141;22.8558;155.522;-98.2499
11.8232;19.329;22.6583;155.698;-98.435
11.7419;19.1462;22.4599;155.876;-98.6178
11.659;18.9642;22.2614;156.056;-98.7998
11.5734;18.7834;22.0626;156.236;-98.9806
11.4886;18.6022;21.8639;156.417;-99.1617
11.4038;18.4211;21.6653;156.597;-99.3429
11.3214;18.2389;21.4669;156.777;-99.5251
11.2398;18.0563;21.2688;156.956;-99.7077
11.1608;17.8725;21.071;157.133;-99.8915
11.0822;17.6886;20.8735;157.311;-100.075
11.0058;17.5037;20.6763;157.488;-100.26
10.9294;17.3189;20.4792;157.664;-100.445
10.8548;17.1333;20.2824;157.84;-100.631
10.7796;16.948;20.0857;158.016;-100.816
10.7063;16.7619;19.8893;158.191;-101.002
10.6317;16.5763;19.6928;158.367;-101.188
10.559;16.39;19.4968;158.542;-101.374
10.4843;16.2045;19.3004;158.718;-101.56
10.4118;16.0181;19.1045;158.893;-101.746
10.3362;15.8328;18.9081;159.07;-101.931
10.2633;15.6466;18.7123;159.245;-102.117
10.1862;15.462;18.5157;159.423;-102.302
10.1123;15.2761;18.3199;159.599;-102.488
10.0332;15.0924;18.123;159.778;-102.672
9.95817;14.9069;17.9271;159.954;-102.857
9.87634;14.7243;17.7298;160.134;-103.04
9.80007;14.5393;17.5337;160.312;-103.225
