#1 AntVel X	#2 AntVel Y	#3 Speed	#4 Turning Angle Rad		#5 Turning Angle Deg	#6 Detected Phero Left	#7 Detected Phero Right	
-1.36858;-1.45842;2;1.11022e-16;6.36111e-15;0.7;0.7
-1.36858;-1.45842;2;0;0;0.7;0.7
-1.36858;-1.45842;2;0;0;0.7;0.7
-1.36858;-1.45842;2;0;0;0.7;0.7
-1.36858;-1.45842;2;0;0;0.7;0.7
-1.36858;-1.45842;2;0;0;0.7;0.7
-1.36858;-1.45842;2;0;0;0.7;0.7
-1.36858;-1.45842;2;0;0;0.7;0.7
-1.36858;-1.45842;2;0;0;0.7;0.7
-1.36858;-1.45842;2;0;0;0.7;0.7
-1.36858;-1.45842;2;0;0;0.7;0.7
-1.36858;-1.45842;2;0;0;0.7;0.7
-1.36858;-1.45842;2;0;0;0.7;0.7
-1.36858;-1.45842;2;0;0;0.7;0.7
-1.36858;-1.45842;2;0;0;0.7;0.7
-1.36858;-1.45842;2;0;0;0.7;0.7
-1.36858;-1.45842;2;0;0;0.7;0.7
-1.36858;-1.45842;2;0;0;0.7;0.7
-1.36858;-1.45842;2;0;0;0.7;0.7
-1.36858;-1.45842;2;0;0;0.7;0.7
-1.36858;-1.45842;2;0;0;0.7;0.7
-1.36858;-1.45842;2;0;0;0.7;0.7
-1.36858;-1.45842;2;0;0;0.7;0.7
-1.36858;-1.45842;2;0;0;0.7;0.7
-1.36858;-1.45842;2;0;0;0.7;0.7
-1.36858;-1.45842;2;0;0;0.7;0.7
-1.36858;-1.45842;2;0;0;0.7;0.7
-1.36858;-1.45842;2;0;0;0.7;0.7
-1.36858;-1.45842;2;0;0;0.7;0.7
-1.36858;-1.45842;2;0;0;0.7;0.7
-1.36858;-1.45842;2;0;0;0.7;0.7
-1.36858;-1.45842;2;0;0;0.7;0.7
-1.36858;-1.45842;2;0;0;0.7;0.7
-1.36858;-1.45842;2;0;0;0.7;0.7
-1.36858;-1.45842;2;0;0;0.7;0.7
-1.36858;-1.45842;2;0;0;0.7;0.7
-1.36858;-1.45842;2;0;0;0.7;0.7
-1.36858;-1.45842;2;0;0;0.7;0.7
-1.36858;-1.45842;2;0;0;0.7;0.7
-1.36858;-1.45842;2;0;0;0.7;0.7
-1.36858;-1.45842;2;0;0;0.7;0.7
-1.36858;-1.45842;2;0;0;0.7;0.7
-1.36858;-1.45842;2;0;0;0.7;0.7
-1.36858;-1.45842;2;0;0;0.7;0.7
-1.36858;-1.45842;2;0;0;0.7;0.7
-1.36858;-1.45842;2;0;0;0.7;0.7
-1.36858;-1.45842;2;0;0;0.7;0.7
-1.36858;-1.45842;2;0;0;0.7;0.7
-1.36858;-1.45842;2;0;0;0.7;0.7
-1.36858;-1.45842;2;0;0;0.7;0.7
-1.36858;-1.45842;2;0;0;0.7;0.7
-1.36858;-1.45842;2;0;0;0.7;0.7
-1.36858;-1.45842;2;0;0;0.7;0.7
-1.36858;-1.45842;2;0;0;0.7;0.7
-1.36858;-1.45842;2;0;0;0.7;0.7
-1.36858;-1.45842;2;0;0;0.7;0.7
-1.36858;-1.45842;2;0;0;0.7;0.7
-1.36858;-1.45842;2;0;0;0.7;0.7
-1.36858;-1.45842;2;0;0;0.7;0.7
-1.36858;-1.45842;2;0;0;0.7;0.7
-1.36858;-1.45842;2;0;0;0.7;0.7
-1.36858;-1.45842;2;0;0;0.7;0.7
-1.36858;-1.45842;2;0;0;0.7;0.7
-1.36858;-1.45842;2;0;0;0.7;0.7
-1.36858;-1.45842;2;0;0;0.7;0.7
-1.36858;-1.45842;2;0;0;0.7;0.7
-1.36858;-1.45842;2;0;0;0.7;0.7
-1.36858;-1.45842;2;0;0;0.7;0.7
-1.36858;-1.45842;2;0;0;0.7;0.7
-1.36858;-1.45842;2;0;0;0.7;0.7
-1.36858;-1.45842;2;0;0;0.7;0.7
-1.36858;-1.45842;2;0;0;0.7;0.7
-1.36858;-1.45842;2;0;0;0.7;0.7
-1.36858;-1.45842;2;0;0;0.7;0.7
-1.36858;-1.45842;2;0;0;0.7;0.7
-1.36858;-1.45842;2;0;0;0.7;0.7
-1.36858;-1.45842;2;0;0;0.7;0.7
-1.36858;-1.45842;2;0;0;0.7;0.7
-1.36858;-1.45842;2;0;0;0.7;0.7
-1.36858;-1.45842;2;0;0;0.7;0.7
-1.36858;-1.45842;2;0;0;0.7;0.7
-1.36858;-1.45842;2;0;0;0.7;0.7
-1.36858;-1.45842;2;0;0;0.7;0.7
-1.36858;-1.45842;2;0;0;0.7;0.7
-1.36858;-1.45842;2;0;0;0.7;0.7
-1.36858;-1.45842;2;0;0;0.7;0.7
-1.36858;-1.45842;2;0;0;0.7;0.7
-1.36858;-1.45842;2;0;0;0.7;0.7
-1.36858;-1.45842;2;0;0;0.7;0.7
-1.36858;-1.45842;2;0;0;0.7;0.7
-1.36858;-1.45842;2;0;0;0.7;0.7
-1.36858;-1.45842;2;0;0;0.7;0.7
-1.36858;-1.45842;2;0;0;0.7;0.7
-1.36858;-1.45842;2;0;0;0.7;0.7
-1.36858;-1.45842;2;0;0;0.7;0.7
-1.36858;-1.45842;2;0;0;0.7;0.7
-1.36858;-1.45842;2;0;0;0.7;0.7
-1.36858;-1.45842;2;0;0;0.7;0.7
-1.36858;-1.45842;2;0;0;0.7;0.7
-1.36858;-1.45842;2;0;0;0.7;0.7
-1.36858;-1.45842;2;0;0;0.7;0.7
-1.36858;-1.45842;2;0;0;0.7;0.7
-1.36858;-1.45842;2;0;0;0.7;0.7
-1.36858;-1.45842;2;0;0;0.7;0.7
-1.36858;-1.45842;2;0;0;0.7;0.7
-1.36858;-1.45842;2;0;0;0.7;0.7
-1.36858;-1.45842;2;0;0;0.7;0.7
-1.36858;-1.45842;2;0;0;0.7;0.7
-1.36858;-1.45842;2;0;0;0.7;0.7
-1.36858;-1.45842;2;0;0;0.7;0.7
-1.36858;-1.45842;2;0;0;0.7;0.7
-1.36858;-1.45842;2;0;0;0.7;0.7
-1.36858;-1.45842;2;0;0;0.7;0.7
-1.36858;-1.45842;2;0;0;0.7;0.7
-1.36858;-1.45842;2;0;0;0.7;0.7
-1.36858;-1.45842;2;0;0;0.7;0.7
-1.36858;-1.45842;2;0;0;0.7;0.7
-1.36858;-1.45842;2;0;0;0.7;0.7
-1.36858;-1.45842;2;0;0;0.7;0.7
-1.36858;-1.45842;2;0;0;0.7;0.7
-1.36858;-1.45842;2;0;0;0.7;0.7
-1.36858;-1.45842;2;0;0;0.7;0.7
-1.36858;-1.45842;2;0;0;0.7;0.7
-1.36858;-1.45842;2;0;0;0.7;0.7
-1.36858;-1.45842;2;0;0;0.7;0.7
-1.36858;-1.45842;2;0;0;0.7;0.7
-1.36858;-1.45842;2;0;0;0.7;0.7
-1.36858;-1.45842;2;0;0;0.7;0.7
-1.36858;-1.45842;2;0;0;0.7;0.7
-1.36858;-1.45842;2;0;0;0.7;0.7
-1.36858;-1.45842;2;0;0;0.7;0.7
-1.36858;-1.45842;2;0;0;0.7;0.7
-1.36858;-1.45842;2;0;0;0.7;0.7
-1.36858;-1.45842;2;0;0;0.7;0.7
-1.36858;-1.45842;2;0;0;0.7;0.7
-1.36858;-1.45842;2;0;0;0.7;0.7
-1.36858;-1.45842;2;0;0;0.7;0.7
-1.36858;-1.45842;2;0;0;0.7;0.7
-1.36858;-1.45842;2;0;0;0.7;0.7
-1.36858;-1.45842;2;0;0;0.7;0.7
-1.36858;-1.45842;2;0;0;0.7;0.7
-1.36858;-1.45842;2;0;0;0.7;0.7
-1.36858;-1.45842;2;0;0;0.7;0.7
-1.36858;-1.45842;2;0;0;0.7;0.7
-1.36858;-1.45842;2;0;0;0.7;0.7
-1.36858;-1.45842;2;0;0;0.7;0.7
-1.36858;-1.45842;2;0;0;0.7;0.7
-1.36858;-1.45842;2;0;0;0.7;0.7
-1.36858;-1.45842;2;0;0;0.7;0.7
-1.36858;-1.45842;2;0;0;0.7;0.7
-1.36858;-1.45842;2;0;0;0.7;0.7
-1.36858;-1.45842;2;0;0;0.7;0.7
-1.36858;-1.45842;2;0;0;0.7;0.7
-1.36858;-1.45842;2;0;0;0.7;0.7
-1.36858;-1.45842;2;0;0;0.7;0.7
-1.36858;-1.45842;2;0;0;0.7;0.7
-1.36858;-1.45842;2;0;0;0.7;0.7
-1.36858;-1.45842;2;0;0;0.7;0.7
-1.36858;-1.45842;2;0;0;0.7;0.7
-1.36858;-1.45842;2;0;0;0.7;0.7
-1.36858;-1.45842;2;0;0;0.7;0.7
-1.36858;-1.45842;2;0;0;0.7;0.7
-1.36858;-1.45842;2;0;0;0.7;0.7
-1.36858;-1.45842;2;0;0;0.7;0.7
-1.36858;-1.45842;2;0;0;0.7;0.7
-1.36858;-1.45842;2;0;0;0.7;0.7
-1.36858;-1.45842;2;0;0;0.7;0.7
-1.36858;-1.45842;2;0;0;0.7;0.7
-1.36858;-1.45842;2;0;0;0.7;0.7
-1.36858;-1.45842;2;0;0;0.7;0.7
-1.36858;-1.45842;2;0;0;0.7;0.7
-1.36858;-1.45842;2;0;0;0.7;0.7
-1.36858;-1.45842;2;0;0;0.7;0.7
-1.36858;-1.45842;2;0;0;0.7;0.7
-1.36858;-1.45842;2;0;0;0.7;0.7
-1.36858;-1.45842;2;0;0;0.7;0.7
-1.36858;-1.45842;2;0;0;0.7;0.7
-1.36858;-1.45842;2;0;0;0.7;0.7
-1.36858;-1.45842;2;0;0;0.7;0.7
-1.36858;-1.45842;2;0;0;0.7;0.7
-1.36858;-1.45842;2;0;0;0.7;0.7
-1.36858;-1.45842;2;0;0;0.7;0.7
-1.36858;-1.45842;2;0;0;0.7;0.7
-1.36858;-1.45842;2;0;0;0.7;0.7
-1.36858;-1.45842;2;0;0;0.7;0.7
-1.36858;-1.45842;2;0;0;0.7;0.7
-1.36858;-1.45842;2;0;0;0.7;0.7
-1.36858;-1.45842;2;0;0;0.7;0.7
-1.36858;-1.45842;2;0;0;0.7;0.7
-1.36858;-1.45842;2;0;0;0.7;0.7
-1.36858;-1.45842;2;0;0;0.7;0.7
-1.36858;-1.45842;2;0;0;0.7;0.7
-1.36858;-1.45842;2;0;0;0.7;0.7
-1.36858;-1.45842;2;0;0;0.7;0.7
-1.36858;-1.45842;2;0;0;0.7;0.7
-1.36858;-1.45842;2;-2.26652e-13;-1.29862e-11;0.7;0.7
-1.36858;-1.45842;2;-8.69558e-09;-4.9822e-07;0.7;0.7
-1.36854;-1.45846;2;-2.88546e-05;-0.00165325;0.7;0.70004
-1.35606;-1.47016;2.00007;-0.00855493;-0.490162;0.7;0.712081
-1.10444;-1.70216;2.02907;-0.169488;-9.71095;0.7;0.989046
-0.546044;-2.02981;2.10198;-0.31277;-17.9204;0.700106;1.36933
-0.593065;-1.91156;2.00145;0.0380445;2.17979;1.37749;1.27647
-0.945837;-1.8006;2.0339;0.18284;10.476;1.07962;0.742668
-1.11088;-1.67561;2.0104;0.101767;5.83082;0.859237;0.700007
-1.12454;-1.65407;2.00014;0.0116404;0.666946;0.716489;0.7
-1.12453;-1.65391;2;4.04942e-05;0.00232015;0.700057;0.7
-1.12453;-1.65391;2;8.46962e-09;4.85274e-07;0.7;0.7
-1.12453;-1.65391;2;1.46771e-13;8.40939e-12;0.7;0.7
-1.12453;-1.65391;2;2.22045e-16;1.27222e-14;0.7;0.7
-1.12453;-1.65391;2;0;0;0.7;0.7
-1.12453;-1.65391;2;0;0;0.7;0.7
-1.12453;-1.65391;2;0;0;0.7;0.7
-1.12453;-1.65391;2;0;0;0.7;0.7
-1.12453;-1.65391;2;0;0;0.7;0.7
-1.12453;-1.65391;2;0;0;0.7;0.7
-1.12453;-1.65391;2;0;0;0.7;0.7
-1.12453;-1.65391;2;0;0;0.7;0.7
-1.12453;-1.65391;2;0;0;0.7;0.7
-1.12453;-1.65391;2;0;0;0.7;0.7
-1.12453;-1.65391;2;0;0;0.7;0.7
-1.12453;-1.65391;2;0;0;0.7;0.7
-1.12453;-1.65391;2;0;0;0.7;0.7
-1.12453;-1.65391;2;0;0;0.7;0.7
-1.12453;-1.65391;2;0;0;0.7;0.7
-1.12453;-1.65391;2;0;0;0.7;0.7
-1.12453;-1.65391;2;0;0;0.7;0.7
-1.12453;-1.65391;2;0;0;0.7;0.7
-1.12453;-1.65391;2;0;0;0.7;0.7
-1.12453;-1.65391;2;0;0;0.7;0.7
-1.12453;-1.65391;2;0;0;0.7;0.7
-1.12453;-1.65391;2;0;0;0.7;0.7
-1.12453;-1.65391;2;0;0;0.7;0.7
-1.12453;-1.65391;2;0;0;0.7;0.7
-1.12453;-1.65391;2;0;0;0.7;0.7
-1.12453;-1.65391;2;0;0;0.7;0.7
-1.12453;-1.65391;2;0;0;0.7;0.7
-1.12453;-1.65391;2;2.22045e-16;1.27222e-14;0.7;0.7
-1.12453;-1.65391;2;4.39648e-14;2.519e-12;0.7;0.7
-1.12453;-1.65391;2;5.12301e-12;2.93527e-10;0.7;0.7
-1.12453;-1.65391;2;3.86024e-10;2.21176e-08;0.7;0.7
-1.12453;-1.65391;2;1.89697e-08;1.08688e-06;0.7;0.7
-1.12453;-1.65391;2;6.08753e-07;3.4879e-05;0.700001;0.7
-1.12455;-1.6539;2;1.27746e-05;0.000731933;0.700018;0.7
-1.12484;-1.6537;2;0.000175506;0.0100558;0.700246;0.7
-1.12745;-1.65193;2;0.00157826;0.0904277;0.702213;0.7
-1.14272;-1.6415;2.00009;0.00924163;0.529506;0.713059;0.7
-1.19984;-1.60163;2.00121;0.0348165;1.99484;0.750523;0.7
-1.3332;-1.50021;2.00701;0.0835741;4.78844;0.827999;0.7
-1.51974;-1.32507;2.01629;0.127201;7.28806;0.905333;0.700023
-1.66597;-1.13258;2.01449;0.120012;6.8762;0.896028;0.703177
-1.68027;-1.08576;2.00055;0.0233764;1.33937;0.806743;0.769881
-1.5709;-1.254;2.01004;-0.0999995;-5.72955;0.726665;0.888745
-1.39763;-1.45498;2.0175;-0.131815;-7.55244;0.702401;0.917123
-1.19237;-1.62788;2.01785;-0.133112;-7.62676;0.700132;0.916622
-0.970179;-1.76849;2.01713;-0.130425;-7.47278;0.700008;0.911371
-0.734426;-1.87829;2.01676;-0.129029;-7.39284;0.700001;0.908734
-0.484267;-1.9581;2.01709;-0.130281;-7.46457;0.7;0.911091
-0.220723;-2.00567;2.01778;-0.132841;-7.61122;0.7;0.915934
0.0443921;-2.01696;2.01745;-0.131615;-7.54096;0.7;0.913609
0.283772;-1.99424;2.01433;-0.119341;-6.83776;0.7;0.890749
0.469148;-1.95339;2.00894;-0.0943596;-5.40641;0.700002;0.84635
0.593164;-1.91441;2.0042;-0.0647541;-3.71014;0.700018;0.797098
0.667384;-1.88702;2.00156;-0.0394803;-2.26206;0.700108;0.757692
0.707678;-1.87111;2.00047;-0.0216423;-1.24001;0.700464;0.731459
0.726511;-1.86349;2.0001;-0.0101562;-0.581906;0.701516;0.715912
0.731094;-1.86159;2.00001;-0.00247945;-0.142062;0.704014;0.707514
0.723674;-1.8645;2.00002;0.00398495;0.228321;0.708978;0.703349
0.702906;-1.87254;2.00012;0.0111347;0.637974;0.717241;0.701444
0.666326;-1.88614;2.00038;0.0195106;1.11788;0.728516;0.700629
0.613212;-1.9045;2.00079;0.0280909;1.60949;0.740786;0.700294
0.546024;-1.92531;2.00124;0.0351508;2.01399;0.751195;0.700158
0.469447;-1.94574;2.00157;0.0396028;2.26907;0.757871;0.700101
0.38704;-1.96401;2.00178;0.0421715;2.41625;0.761765;0.70008
0.292256;-1.98087;2.00231;0.0480907;2.75539;0.77087;0.700077
0.144237;-2.00037;2.00556;0.0745019;4.26864;0.813025;0.700086
-0.168704;-2.01736;2.0244;0.155413;8.9045;0.960264;0.700121
-0.746306;-1.94457;2.08286;0.283022;16.216;1.27475;0.700334
-1.40181;-1.60424;2.13041;0.351704;20.1512;1.54144;0.713838
-1.40709;-1.42644;2.00366;0.0604131;3.46141;1.53261;1.35778
-1.59725;-1.23373;2.01824;0.134534;7.70824;1.89505;1.44321
-2.02427;-0.651044;2.12639;0.34652;19.8541;1.89837;0.891116
-2.17729;0.237553;2.19022;0.419845;24.0553;1.85403;0.70964
-1.93652;0.690616;2.05598;0.233892;13.401;1.148;0.706227
-1.83104;0.819721;2.00616;0.0783559;4.48946;0.838059;0.716037
-1.78705;0.90292;2.0022;0.0469214;2.6884;0.795293;0.723955
-1.76038;0.950816;2.00075;0.027381;1.56881;0.774889;0.733576
-1.74638;0.975168;2.0002;0.01404;0.804434;0.764589;0.743415
-1.7398;0.986549;2.00004;0.00657246;0.376574;0.760796;0.750861
-1.73536;0.994279;2.00002;0.00445585;0.255301;0.761263;0.754509
-1.72955;1.00439;2.00003;0.00583125;0.334106;0.764027;0.755168
-1.7209;1.01922;2.00007;0.00858429;0.491844;0.767535;0.754469
-1.70929;1.03866;2.00013;0.0113215;0.648675;0.770799;0.75354
-1.69534;1.06138;2.00018;0.0133282;0.763649;0.773243;0.752901
-1.68002;1.08551;2.0002;0.0142904;0.81878;0.774561;0.752734
-1.66446;1.10922;2.0002;0.0141803;0.812473;0.774703;0.753038
-1.64968;1.13105;2.00017;0.0131787;0.755083;0.773841;0.753709
-1.63644;1.15004;2.00013;0.0115735;0.663113;0.772267;0.754595
-1.62522;1.16578;2.00009;0.00966691;0.553873;0.770289;0.755538
-1.61615;1.17826;2.00006;0.00771449;0.442008;0.768166;0.756405
-1.60915;1.18776;2.00003;0.00589839;0.337953;0.766087;0.757102
-1.60398;1.1947;2.00002;0.00432497;0.247803;0.764165;0.757583
-1.60034;1.19956;2.00001;0.00303687;0.174;0.76246;0.757843
-1.5979;1.20281;2;0.00203089;0.116361;0.760988;0.757904
-1.59636;1.20484;2;0.00127572;0.0730932;0.759743;0.757807
-1.59548;1.206;2;0.000726477;0.0416241;0.7587;0.757598
-1.59508;1.20653;2;0.000335059;0.0191975;0.75783;0.757322
-1.59501;1.20662;2;5.66682e-05;0.00324685;0.757099;0.757014
-1.59519;1.20639;2;-0.000146563;-0.00839746;0.756477;0.756699
-1.59555;1.20591;2;-0.000303983;-0.0174169;0.755934;0.756393
-1.59608;1.20521;2;-0.000436129;-0.0249884;0.755443;0.756102
-1.59675;1.20432;2;-0.000555309;-0.0318169;0.754984;0.755823
-1.59755;1.20326;2;-0.000666783;-0.0382038;0.75454;0.755547
-1.59848;1.20203;2;-0.000770394;-0.0441403;0.7541;0.755262
-1.59951;1.20065;2;-0.000862478;-0.0494164;0.753655;0.754956
-1.60064;1.19915;2;-0.000937814;-0.0537328;0.753201;0.754615
-1.60183;1.19756;2;-0.000991363;-0.0568009;0.752737;0.754231
-1.60305;1.19593;2;-0.00101957;-0.0584168;0.752263;0.753799
-1.60427;1.19429;2;-0.00102106;-0.0585026;0.75178;0.753317
-1.60546;1.19269;2;-0.000996853;-0.0571155;0.751288;0.752787
-1.60659;1.19116;2;-0.000949966;-0.054429;0.750788;0.752215
-1.60764;1.18974;2;-0.000884874;-0.0506995;0.75028;0.751609
-1.6086;1.18844;2;-0.000806783;-0.0462253;0.749766;0.750977
-1.60946;1.18728;2;-0.000720976;-0.0413089;0.749246;0.750327
-1.61021;1.18627;2;-0.000632292;-0.0362277;0.74872;0.749668
-1.61086;1.18539;2;-0.000544786;-0.0312139;0.74819;0.749006
-1.6114;1.18465;2;-0.000461565;-0.0264457;0.747658;0.748348
-1.61186;1.18403;2;-0.000384769;-0.0220457;0.747124;0.7477
-1.61223;1.18352;2;-0.000315656;-0.0180858;0.746592;0.747063
-1.61253;1.18311;2;-0.000254744;-0.0145957;0.746061;0.746442
-1.61277;1.18278;2;-0.00020198;-0.0115726;0.745536;0.745837
-1.61296;1.18253;2;-0.000156913;-0.00899044;0.745017;0.74525
-1.6131;1.18234;2;-0.000118836;-0.00680881;0.744505;0.744682
-1.6132;1.18219;2;-8.69155e-05;-0.00497989;0.744004;0.744133
-1.61327;1.1821;2;-6.0279e-05;-0.00345373;0.743513;0.743602
-1.61332;1.18204;2;-3.8083e-05;-0.00218199;0.743033;0.74309
-1.61334;1.182;2;-1.95525e-05;-0.00112028;0.742567;0.742596
-1.61334;1.182;2;-4.00402e-06;-0.000229414;0.742113;0.742119
-1.61333;1.18201;2;9.14735e-06;0.000524105;0.741672;0.741658
-1.61331;1.18205;2;2.0389e-05;0.0011682;0.741245;0.741214
-1.61327;1.18209;2;3.01233e-05;0.00172594;0.740831;0.740786
-1.61323;1.18216;2;3.88561e-05;0.00222629;0.74043;0.740373
-1.61317;1.18224;2;5.07329e-05;0.00290678;0.74004;0.739965
-1.61304;1.18241;2;0.000109011;0.00624585;0.739622;0.739461
-1.61251;1.18314;2;0.000451388;0.0258626;0.738871;0.738204
-1.61063;1.1857;2;0.00158758;0.0909619;0.736355;0.73402
-1.60678;1.19092;2.00001;0.00324112;0.185702;0.728914;0.724204
-1.60265;1.19647;2.00001;0.00345846;0.198155;0.716086;0.71115
-1.60054;1.19928;2;0.00175746;0.100695;0.705119;0.702645
-1.60008;1.19989;2;0.000380333;0.0217915;0.70081;0.700277
-1.60004;1.19994;2;3.34725e-05;0.00191783;0.700059;0.700013
-1.61299;1.18268;2.00012;-0.0107859;-0.617988;0.729694;0.745607
-1.62042;1.17235;2.00004;-0.00636581;-0.364734;0.732423;0.741808
-1.62385;1.16753;2.00001;-0.00295509;-0.169314;0.734432;0.738786
-1.62441;1.16675;2;-0.00048185;-0.027608;0.735885;0.736595
-1.6231;1.16856;2;0.00111696;0.0639969;0.736772;0.735128
-1.6208;1.17176;2;0.00197197;0.112986;0.737143;0.734241
-1.61815;1.17542;2.00001;0.00225705;0.129319;0.737104;0.733785
-1.61562;1.1789;2;0.00215267;0.123339;0.736788;0.733622
-1.61347;1.18184;2;0.00182038;0.1043;0.736313;0.733637
-1.61182;1.18408;2;0.00138937;0.0796051;0.735778;0.733736
-1.61069;1.18561;2;0.00095237;0.0545668;0.735249;0.73385
-1.61002;1.18652;2;0.000567846;0.0325352;0.73477;0.733936
-1.6097;1.18695;2;0.000265846;0.0152319;0.734361;0.73397
-1.60964;1.18704;2;5.53746e-05;0.00317273;0.734026;0.733945
-1.60972;1.18693;2;-6.82954e-05;-0.00391304;0.733763;0.733863
-1.60986;1.18674;2;-0.000117441;-0.00672887;0.733562;0.733735
-1.60999;1.18657;2;-0.000107321;-0.00614903;0.733415;0.733572
-1.61005;1.18648;2;-5.31712e-05;-0.00304649;0.733312;0.73339
-1.61001;1.18653;2;3.15524e-05;0.00180782;0.733248;0.733202
-1.60985;1.18675;2;0.000135966;0.00779025;0.733225;0.733025
-1.60955;1.18716;2;0.000251593;0.0144152;0.733244;0.732875
-1.60911;1.18776;2;0.000371115;0.0212633;0.733313;0.732769
-1.60853;1.18854;2;0.00048608;0.0278503;0.733434;0.732721
-1.60784;1.18948;2;0.000584261;0.0334757;0.733603;0.732746
-1.60707;1.19052;2;0.00064799;0.0371271;0.733804;0.732853
-1.60629;1.19157;2;0.000655036;0.0375308;0.734004;0.733043
-1.60559;1.19251;2;0.000582997;0.0334033;0.734163;0.733307
-1.6051;1.19318;2;0.00041664;0.0238717;0.734234;0.733623
-1.60491;1.19343;2;0.000155813;0.00892742;0.734183;0.733955
-1.60512;1.19314;2;-0.000179595;-0.0102901;0.733997;0.734261
-1.60578;1.19225;2;-0.000550793;-0.0315581;0.733693;0.734502
-1.60686;1.1908;2;-0.000908374;-0.052046;0.733317;0.734651
-1.6083;1.18886;2;-0.00120568;-0.0690804;0.732937;0.734707
-1.60998;1.18659;2;-0.00141227;-0.0809169;0.732624;0.734697
-1.61178;1.18413;2;-0.00152165;-0.0871844;0.732439;0.734671
-1.61361;1.18163;2;-0.00154995;-0.0888056;0.732421;0.734695
-1.61542;1.17917;2;-0.00152658;-0.0874666;0.732592;0.734833
-1.61716;1.17677;2;-0.00148185;-0.0849035;0.732962;0.735138
-1.61885;1.17445;2;-0.00143614;-0.0822849;0.733535;0.735645
-1.62048;1.17219;2;-0.00139346;-0.0798392;0.734316;0.736366
-1.62205;1.17002;2;-0.00133963;-0.076755;0.735311;0.737283
-1.62351;1.168;2;-0.00124477;-0.0713201;0.736519;0.738355
-1.62476;1.16627;2;-0.00106885;-0.0612406;0.737931;0.739511
-1.62565;1.16502;2;-0.000769042;-0.0440629;0.739518;0.740656
-1.62601;1.16452;2;-0.000307255;-0.0176044;0.741217;0.741673
-1.62561;1.16507;2;0.000343692;0.0196921;0.742933;0.742422
-1.62421;1.16702;2;0.00119583;0.0685158;0.744529;0.742751
-1.6216;1.17066;2.00001;0.00224322;0.128527;0.745841;0.742502
-1.61754;1.17627;2.00001;0.0034608;0.198289;0.746705;0.741555
-1.61187;1.18405;2.00002;0.00481151;0.275679;0.747029;0.739875
-1.60441;1.19417;2.00004;0.00628822;0.360288;0.74694;0.737605
-1.59476;1.20706;2.00006;0.00805047;0.461258;0.747098;0.735165
-1.58145;1.22454;2.00012;0.0109836;0.629311;0.749647;0.733358
-1.55621;1.25694;2.00042;0.0205328;1.17644;0.764361;0.733599
-1.48631;1.34281;2.00306;0.0553083;3.16893;0.827078;0.7403
-1.35324;1.48553;2.00949;0.0972467;5.57182;0.947045;0.778692
-1.28802;1.5321;2.00158;0.0397619;2.27819;1.02407;0.945704
-1.43645;1.40525;2.00951;-0.0973125;-5.57559;0.957616;1.16481
-1.66809;1.15488;2.02885;-0.168853;-9.67457;0.741469;1.04623
-1.72091;1.02789;2.00452;-0.0671377;-3.84671;0.708082;0.810168
-1.74214;0.983531;2.0006;-0.0244796;-1.40258;0.716644;0.752618
-1.74119;0.984006;2;0.000442;0.0253247;0.731062;0.730416
-1.72463;1.0133;2.00028;0.0168223;0.963844;0.745371;0.720705
-1.69885;1.05662;2.00064;0.025201;1.44391;0.75385;0.71678
-1.67024;1.10142;2.00071;0.0265683;1.52225;0.754963;0.715876
-1.64372;1.14035;2.00055;0.0235468;1.34913;0.751296;0.716722
-1.6221;1.17054;2.00034;0.0185603;1.06343;0.745857;0.718672
-1.60648;1.1916;2.00017;0.0131089;0.751085;0.740464;0.721301
-1.59681;1.20435;2.00006;0.00800307;0.458542;0.735921;0.724235
-1.59234;1.21017;2.00001;0.00366979;0.210264;0.732472;0.727115
-1.59194;1.21067;2;0.00031574;0.0180906;0.730101;0.72964
-1.59437;1.20748;2;-0.00200543;-0.114903;0.728692;0.73162
-1.59842;1.20212;2.00001;-0.00335848;-0.192427;0.728096;0.733003
-1.60309;1.19589;2.00002;-0.00389196;-0.222993;0.728171;0.733861
-1.60762;1.18979;2.00001;-0.00379928;-0.217683;0.728788;0.734347
-1.61152;1.1845;2.00001;-0.00328458;-0.188193;0.729832;0.734642
-1.61452;1.1804;2.00001;-0.00254127;-0.145604;0.731189;0.734915
-1.61657;1.17758;2;-0.00174187;-0.0998021;0.73274;0.735298
-1.61778;1.17592;2;-0.00103017;-0.0590246;0.734351;0.735866
-1.61838;1.1751;2;-0.000505634;-0.0289707;0.735883;0.736628
-1.61861;1.17477;2;-0.000201451;-0.0115423;0.737227;0.737524
-1.6187;1.17465;2;-7.27106e-05;-0.00416601;0.738335;0.738443
-1.61872;1.17463;2;-1.66881e-05;-0.00095616;0.739242;0.739267
-1.61864;1.17474;2;6.65828e-05;0.00381491;0.740045;0.739947
-1.61841;1.17505;2;0.000193539;0.011089;0.740858;0.740571
-1.61813;1.17544;2;0.000239537;0.0137244;0.741767;0.741411
-1.61827;1.17524;2;-0.000121595;-0.00696688;0.742786;0.742967
-1.62056;1.17209;2;-0.00194609;-0.111503;0.743577;0.746476
-1.63142;1.15707;2.00009;-0.00926608;-0.530907;0.742794;0.756688
-1.67021;1.10223;2.00113;-0.0335748;-1.92369;0.739795;0.791218
-1.76647;0.954313;2.00777;-0.0880109;-5.04265;0.749399;0.894451
-1.7897;0.894966;2.001;-0.0316171;-1.81153;1.02142;1.08814
-1.73521;1.00169;2.00359;0.0598419;3.42869;1.93775;1.71868
-1.76568;0.941745;2.00113;-0.033562;-1.92296;2.30864;2.46905
-1.88915;0.707848;2.01741;-0.13148;-7.53323;1.67141;2.18084
-2.13585;-0.000181189;2.13585;-0.358584;-20.5453;0.809054;1.77904
-1.99991;-1.03672;2.25265;-0.478159;-27.3965;0.702162;2.21303
-1.30676;-1.82489;2.24451;-0.471117;-26.993;0.700405;2.15473
-0.921852;-1.79977;2.02213;-0.148072;-8.48391;0.712717;0.962616
-0.852674;-1.81035;2.0011;-0.0331828;-1.90123;0.754469;0.806278
-0.848979;-1.81087;2;-0.00178268;-0.10214;0.780323;0.78311
-0.849745;-1.81051;2;0.00042326;0.024251;0.784133;0.783469
-0.839605;-1.81527;2.00003;-0.0056005;-0.320885;0.780223;0.789012
-0.819308;-1.82462;2.00012;-0.0111734;-0.64019;0.776011;0.793549
-0.793514;-1.83606;2.0002;-0.0141086;-0.808366;0.773224;0.795356
-0.766621;-1.84747;2.00021;-0.0146048;-0.836792;0.771801;0.794681
-0.74161;-1.85762;2.00018;-0.0134941;-0.773155;0.771305;0.792407
-0.720042;-1.86603;2.00013;-0.011575;-0.663198;0.77131;0.789376
-0.702417;-1.87269;2.00009;-0.00941921;-0.539681;0.771508;0.786181
-0.688589;-1.87778;2.00005;-0.00736773;-0.42214;0.771713;0.783169
-0.678083;-1.88158;2.00003;-0.00558489;-0.319991;0.77184;0.780509
-0.670322;-1.88434;2.00002;-0.00411926;-0.236016;0.771873;0.778259
-0.664752;-1.8863;2.00001;-0.00295323;-0.169208;0.771837;0.77641
-0.660905;-1.88765;2;-0.00203791;-0.116764;0.771768;0.77492
-0.658421;-1.88852;2;-0.00131523;-0.0753569;0.771701;0.773733
-0.65704;-1.88899;2;-0.000730963;-0.0418811;0.771656;0.772785
-0.656581;-1.88915;2;-0.000242581;-0.0138989;0.771638;0.772013
-0.656907;-1.88904;2;0.00017266;0.0098927;0.771638;0.771372
-0.657841;-1.88872;2;0.000494092;0.0283094;0.771633;0.77087
-0.658929;-1.88834;2;0.000576421;0.0330265;0.771587;0.770698
-0.658824;-1.88837;2;-5.54879e-05;-0.00317922;0.771469;0.771554
-0.654147;-1.89;2.00001;-0.00247683;-0.141912;0.771373;0.775204
-0.638833;-1.8953;2.00007;-0.00810163;-0.464189;0.772075;0.784687
-0.607357;-1.90584;2.00028;-0.0165954;-0.950845;0.776379;0.802585
-0.565425;-1.91891;2.00048;-0.0219572;-1.25805;0.791209;0.82674
-0.541137;-1.92557;2.00016;-0.012589;-0.721298;0.828754;0.849887
-0.573347;-1.91635;2.00028;0.0167501;0.959708;0.895573;0.866063
-0.669909;-1.88717;2.00254;0.0503944;2.88739;0.961951;0.869574
-0.797702;-1.8391;2.00465;0.0681489;3.90464;0.982085;0.856587
-0.911661;-1.7846;2.00398;0.063034;3.61158;0.954871;0.841489
-0.97739;-1.74656;2.00144;0.037903;2.17168;0.909217;0.842779
-0.983337;-1.74158;2.00001;0.00380954;0.218271;0.863425;0.856872
-0.939153;-1.76651;2.00064;-0.0253609;-1.45307;0.820351;0.863053
-0.87028;-1.8024;2.00151;-0.0388099;-2.22364;0.785784;0.849272
-0.806732;-1.83141;2.00122;-0.0349059;-1.99996;0.768521;0.824137
-0.766029;-1.84801;2.00048;-0.0219669;-1.25861;0.766972;0.80143
-0.748416;-1.85479;2.00009;-0.00943284;-0.540462;0.771791;0.78649
-0.744645;-1.85621;2;-0.00201494;-0.115447;0.775369;0.7785
-0.745551;-1.85584;2;0.000488592;0.0279943;0.775792;0.775035
-0.74609;-1.85563;2;0.000290493;0.016644;0.774412;0.773963
-0.74474;-1.85617;2;-0.000727184;-0.0416646;0.772757;0.773882
-0.741852;-1.85733;2;-0.00155574;-0.0891373;0.771619;0.774023
-0.738441;-1.85869;2;-0.00183607;-0.105199;0.771209;0.774046
-0.735538;-1.85984;2;-0.00156119;-0.0894494;0.77144;0.773852
-0.733914;-1.86048;2;-0.000872618;-0.0499973;0.772104;0.773452
-0.734013;-1.86044;2;5.30909e-05;0.00304188;0.772976;0.772894
-0.735985;-1.85966;2;0.00105999;0.0607331;0.773865;0.772227
-0.73977;-1.85816;2;0.00203569;0.116636;0.77464;0.771493
-0.745187;-1.856;2.00001;0.00291569;0.167057;0.775236;0.770728
-0.752007;-1.85325;2.00001;0.00367661;0.210654;0.775643;0.769961
-0.760014;-1.84999;2.00002;0.00432324;0.247704;0.775898;0.769218
-0.769024;-1.84627;2.00002;0.00487413;0.279267;0.776052;0.768523
-0.778891;-1.84213;2.00003;0.00534914;0.306483;0.776163;0.767903
-0.789492;-1.83762;2.00003;0.00576101;0.330082;0.776276;0.767383
-0.80071;-1.83276;2.00004;0.00611157;0.350167;0.77642;0.766988
-0.812409;-1.82761;2.00004;0.00639182;0.366224;0.776604;0.76674
-0.824428;-1.82222;2.00004;0.006585;0.377293;0.776819;0.766655
-0.836566;-1.81668;2.00004;0.00667136;0.382241;0.777038;0.766739
-0.848598;-1.81109;2.00004;0.00663338;0.380065;0.777231;0.766987
-0.86028;-1.80557;2.00004;0.00646051;0.37016;0.777359;0.767379
-0.871371;-1.80024;2.00004;0.00615236;0.352504;0.777392;0.767885
-0.881651;-1.79522;2.00003;0.00571985;0.327723;0.777304;0.768462
-0.890943;-1.79062;2.00003;0.00518398;0.29702;0.777081;0.769066
-0.899119;-1.78652;2.00002;0.0045727;0.261996;0.776723;0.769651
-0.906107;-1.78298;2.00002;0.00391668;0.224409;0.776238;0.770181
-0.911886;-1.78003;2.00001;0.00324498;0.185924;0.775646;0.770628
-0.916476;-1.77767;2.00001;0.0025817;0.147921;0.774971;0.77098
-0.919929;-1.77588;2;0.00194395;0.11138;0.774241;0.771237
-0.92231;-1.77464;2;0.00134152;0.0768632;0.773485;0.771412
-0.923689;-1.77392;2;0.000777787;0.0445639;0.772728;0.771527
-0.924135;-1.77369;2;0.000251565;0.0144136;0.771997;0.771608
-0.923708;-1.77391;2;-0.00024078;-0.0137957;0.77131;0.771681
-0.92246;-1.77456;2;-0.000703213;-0.0402911;0.770685;0.77177
-0.92044;-1.77561;2;-0.00113834;-0.065222;0.770134;0.77189
-0.917694;-1.77703;2;-0.00154628;-0.0885956;0.769666;0.77205
-0.914273;-1.7788;2;-0.00192428;-0.110253;0.769286;0.772252
-0.910239;-1.78087;2.00001;-0.00226689;-0.129883;0.768994;0.772489
-0.905666;-1.7832;2.00001;-0.00256683;-0.147069;0.768789;0.772746
-0.900641;-1.78574;2.00001;-0.00281617;-0.161355;0.768663;0.773005
-0.895267;-1.78844;2.00001;-0.00300761;-0.172323;0.768609;0.773247
-0.889655;-1.79124;2.00001;-0.00313567;-0.179661;0.768615;0.77345
-0.883923;-1.79408;2.00001;-0.00319754;-0.183206;0.768667;0.773599
-0.878189;-1.79689;2.00001;-0.00319335;-0.182965;0.768754;0.773679
-0.872567;-1.79963;2.00001;-0.00312606;-0.17911;0.768861;0.773684
-0.867163;-1.80224;2.00001;-0.00300089;-0.171938;0.768981;0.77361
-0.862068;-1.80468;2.00001;-0.00282457;-0.161836;0.769104;0.773461
-0.857365;-1.80692;2.00001;-0.0026045;-0.149227;0.769226;0.773244
-0.853119;-1.80892;2.00001;-0.00234783;-0.134521;0.769349;0.77297
-0.84939;-1.81068;2;-0.00206033;-0.118048;0.769474;0.772651
-0.846229;-1.81216;2;-0.0017448;-0.0999698;0.769613;0.772303
-0.843691;-1.81334;2;-0.00140003;-0.0802159;0.769783;0.771941
-0.841834;-1.8142;2;-0.00102328;-0.0586298;0.770009;0.771587
-0.840709;-1.81472;2;-0.000620184;-0.0355339;0.77031;0.771266
-0.840312;-1.8149;2;-0.000218548;-0.0125219;0.770672;0.771008
-0.840547;-1.81479;2;0.000129682;0.00743021;0.771031;0.770831
-0.841226;-1.81448;2;0.000374071;0.0214327;0.771298;0.770722
-0.842147;-1.81405;2;0.000507711;0.0290897;0.771418;0.770635
-0.843209;-1.81356;2;0.000585339;0.0335374;0.771409;0.770507
-0.844461;-1.81298;2;0.000690477;0.0395614;0.771359;0.770295
-0.846049;-1.81224;2;0.000876065;0.0501949;0.771355;0.770004
-0.8481;-1.81128;2;0.00113172;0.064843;0.771426;0.769682
-0.850636;-1.81009;2;0.00140081;0.0802605;0.771546;0.769387
-0.853572;-1.80871;2;0.00162237;0.0929547;0.77166;0.76916
-0.856756;-1.8072;2;0.00176112;0.100905;0.771729;0.769015
-0.86003;-1.80565;2;0.00181205;0.103823;0.771735;0.768943
-0.863259;-1.80411;2;0.00178907;0.102506;0.771682;0.768925
-0.866346;-1.80262;2;0.00171188;0.0980833;0.771581;0.768944
-0.869226;-1.80124;2;0.00159852;0.0915886;0.771447;0.768985
-0.871865;-1.79996;2;0.00146567;0.0839768;0.771297;0.769039
-0.874274;-1.79879;2;0.00133907;0.076723;0.771167;0.769105
-0.876576;-1.79767;2;0.0012797;0.0733214;0.771177;0.769206
-0.879123;-1.79643;2;0.00141772;0.0812294;0.771701;0.769516
-0.882573;-1.79474;2;0.00192063;0.110044;0.773739;0.770773
-0.887473;-1.79232;2.00001;0.00273109;0.15648;0.779527;0.775281
-0.89286;-1.78965;2.00001;0.00300747;0.172315;0.793377;0.788619
-0.894266;-1.78894;2;0.000788001;0.0451491;0.822691;0.821395
-0.885162;-1.79349;2.00003;-0.00508894;-0.291575;0.878025;0.887007
-0.865912;-1.80296;2.00012;-0.0107267;-0.614597;0.967147;0.988122
-0.844346;-1.81319;2.00014;-0.0119338;-0.683755;1.07789;1.10393
-0.827886;-1.8207;2.00008;-0.00904512;-0.518247;1.17387;1.1953
-0.829836;-1.81972;2;0.00108948;0.0624228;1.22434;1.22167
-0.873772;-1.79968;2.00058;0.0241403;1.38314;1.22651;1.16868
-0.979508;-1.7477;2.00347;0.058843;3.37145;1.19066;1.05818
-1.12327;-1.66315;2.00694;0.0831824;4.766;1.11428;0.94277
-1.23935;-1.57638;2.00523;0.0722511;4.13968;1.01518;0.878143
-1.30205;-1.52043;2.00176;0.0419106;2.4013;0.941161;0.865403
-1.3355;-1.48947;2.00052;0.0227677;1.30449;0.907759;0.867337
-1.36349;-1.46368;2.00036;0.019027;1.09016;0.898983;0.865408
-1.3952;-1.43364;2.00048;0.0218345;1.25102;0.895499;0.857224
-1.43247;-1.3967;2.00069;0.026231;1.50293;0.886194;0.840881
-1.47399;-1.35313;2.00091;0.0300827;1.72361;0.867395;0.816717
-1.51531;-1.30678;2.00096;0.0310347;1.77816;0.840515;0.7899
-1.54988;-1.26522;2.00073;0.0270181;1.54802;0.810301;0.767657
-1.57268;-1.23614;2.00034;0.018471;1.05831;0.782162;0.753788
-1.58285;-1.22265;2.00007;0.0084429;0.483742;0.759641;0.746921
-1.58308;-1.22223;2;0.000237266;0.0135943;0.743879;0.743526
-1.57761;-1.22932;2.00002;-0.00447876;-0.256614;0.734319;0.740927
-1.57039;-1.23856;2.00003;-0.00586255;-0.3359;0.729549;0.738154
-1.56418;-1.24637;2.00002;-0.0049869;-0.285728;0.728007;0.735305
-1.56042;-1.25104;2.00001;-0.00299924;-0.171844;0.728363;0.732745
-1.55944;-1.25226;2;-0.000780905;-0.0447426;0.7296;0.73074
-1.56083;-1.25052;2;0.00111096;0.0636531;0.731018;0.729396
-1.56384;-1.24676;2.00001;0.00240871;0.138009;0.732215;0.728696
-1.56766;-1.24197;2.00001;0.00306361;0.175532;0.733037;0.728559
-1.57158;-1.23701;2.00001;0.00316311;0.181233;0.733496;0.72887
-1.5751;-1.23251;2.00001;0.00285367;0.163503;0.733687;0.729512
-1.57789;-1.22894;2.00001;0.00226802;0.129948;0.733729;0.730409
-1.57964;-1.22668;2;0.00142944;0.0819007;0.733724;0.731629
-1.57975;-1.22653;2;8.99938e-05;0.00515626;0.733736;0.733604
-1.5767;-1.23046;2.00001;-0.00248527;-0.142396;0.733821;0.737478
-1.56741;-1.24236;2.00006;-0.00754762;-0.432447;0.734206;0.745373
-1.54749;-1.26739;2.00026;-0.0159934;-0.916353;0.735828;0.75975
-1.51473;-1.30699;2.00066;-0.0256921;-1.47205;0.741319;0.780425
-1.47634;-1.35048;2.00084;-0.0289966;-1.66138;0.756102;0.801273
-1.45272;-1.37505;2.00029;-0.0170314;-0.975828;0.786874;0.814144
-1.46465;-1.36202;2.00008;0.00883044;0.505947;0.829774;0.815247
-1.51069;-1.3124;2.00115;0.0338313;1.93839;0.860509;0.804169
-1.56907;-1.24346;2.00204;0.0451339;2.58598;0.860238;0.785891
-1.61716;-1.17949;2.0016;0.0399839;2.29091;0.835568;0.771286
-1.64294;-1.14143;2.00053;0.0229652;1.31581;0.80206;0.766042
-1.64526;-1.13717;2.00001;0.00241008;0.138087;0.769893;0.766191
-1.63065;-1.15829;2.00016;-0.0128406;-0.735712;0.744741;0.764117
-1.60903;-1.18844;2.00034;-0.0185438;-1.06248;0.729433;0.757
-1.58865;-1.21546;2.00029;-0.0169197;-0.969426;0.722868;0.747753
-1.57392;-1.23423;2.00014;-0.0119314;-0.683616;0.721979;0.739417
-1.56626;-1.24377;2.00004;-0.00611649;-0.350449;0.724176;0.73309
-1.56524;-1.24501;2;-0.000802589;-0.045985;0.727638;0.728807
-1.56935;-1.23984;2.00001;0.00330342;0.189272;0.731092;0.726278
-1.57667;-1.23055;2.00003;0.00590948;0.338588;0.733788;0.725166
-1.58531;-1.21942;2.00005;0.00704808;0.403825;0.735474;0.725179
-1.59377;-1.20834;2.00005;0.00696817;0.399247;0.736259;0.726069
-1.601;-1.19872;2.00004;0.00601738;0.344771;0.73643;0.72762
-1.60643;-1.19142;2.00002;0.00454903;0.26064;0.736294;0.729626
-1.60982;-1.1868;2.00001;0.0028664;0.164233;0.736093;0.731885
-1.61124;-1.18487;2;0.00119815;0.0686487;0.735968;0.734207
-1.61088;-1.18536;2;-0.000305202;-0.0174868;0.735973;0.736423
-1.60903;-1.18787;2;-0.00156111;-0.089445;0.736092;0.738394
-1.60601;-1.19196;2.00001;-0.00253948;-0.145502;0.736279;0.740028
-1.60213;-1.19718;2.00001;-0.00325249;-0.186354;0.736495;0.741302
-1.59762;-1.20319;2.00001;-0.00375566;-0.215184;0.736799;0.742354
-1.59263;-1.2098;2.00002;-0.00414088;-0.237255;0.737593;0.743727
-1.58721;-1.2169;2.00002;-0.00446461;-0.255803;0.74022;0.746859
-1.58163;-1.22414;2.00002;-0.00457362;-0.262049;0.747998;0.754872
-1.57679;-1.23036;2.00002;-0.0039373;-0.225591;0.767356;0.773422
-1.57414;-1.23373;2;-0.00214355;-0.122817;0.806784;0.81025
-1.5734;-1.23467;2;-0.000597576;-0.0342386;0.867931;0.868969
-1.57187;-1.23662;2;-0.00124121;-0.071116;0.93316;0.935479
-1.56772;-1.2419;2.00001;-0.00335937;-0.192478;0.969922;0.976461
-1.56053;-1.25095;2.00003;-0.00578109;-0.331232;0.955004;0.96611
-1.55181;-1.26177;2.00005;-0.00694666;-0.398014;0.897358;0.909913
-1.54554;-1.26941;2.00002;-0.00493893;-0.28298;0.830511;0.838755
-1.54466;-1.27044;2;-0.000679609;-0.0389387;0.781236;0.782298
-1.54779;-1.26664;2.00001;0.0024646;0.141211;0.753859;0.750152
-1.55217;-1.26128;2.00001;0.00345706;0.198075;0.741341;0.736233
-1.55618;-1.25632;2.00001;0.00319309;0.182951;0.736831;0.732141
-1.55938;-1.25234;2.00001;0.00255071;0.146145;0.736257;0.73251
-1.56212;-1.24892;2;0.00219091;0.12553;0.737579;0.734354
-1.56525;-1.24499;2.00001;0.00251398;0.14404;0.739787;0.736076
-1.5696;-1.23951;2.00001;0.00349616;0.200315;0.742239;0.737068
-1.5755;-1.23203;2.00002;0.0047649;0.273008;0.744414;0.737354
-1.58272;-1.22276;2.00003;0.00587143;0.336408;0.74592;0.737212
-1.59065;-1.21243;2.00004;0.00651274;0.373152;0.746571;0.736909
-1.59861;-1.20192;2.00004;0.00659472;0.377849;0.746382;0.736602
-1.60601;-1.19201;2.00004;0.00618395;0.354314;0.745514;0.73635
-1.61245;-1.18327;2.00003;0.00542766;0.310982;0.74418;0.736145
-1.61774;-1.17601;2.00002;0.00448831;0.257161;0.742586;0.73595
-1.62184;-1.17033;2.00001;0.00350526;0.200837;0.740898;0.735722
-1.62485;-1.16614;2.00001;0.00257933;0.147785;0.739234;0.73543
-1.62691;-1.16326;2;0.00177179;0.101516;0.737664;0.735054
-1.6282;-1.16145;2;0.00111068;0.0636371;0.736227;0.734593
-1.6289;-1.16047;2;0.000599694;0.03436;0.734936;0.734055
-1.62916;-1.1601;2;0.000226946;0.013003;0.733791;0.733458
-1.62913;-1.16015;2;-2.7847e-05;-0.00159552;0.732782;0.732822
-1.62891;-1.16045;2;-0.000188017;-0.0107726;0.731896;0.732172
-1.62859;-1.1609;2;-0.000276429;-0.0158382;0.731121;0.731525
-1.62823;-1.16141;2;-0.000313442;-0.0179589;0.730442;0.7309
-1.62786;-1.16193;2;-0.00031595;-0.0181026;0.729849;0.73031
-1.62751;-1.16241;2;-0.000297167;-0.0170264;0.729333;0.729766
-1.6272;-1.16285;2;-0.000266854;-0.0152896;0.728886;0.729275
-1.62693;-1.16322;2;-0.00023178;-0.01328;0.728504;0.728841
-1.6267;-1.16354;2;-0.000196283;-0.0112462;0.728182;0.728468
-1.62652;-1.16381;2;-0.000162832;-0.00932957;0.727919;0.728156
-1.62636;-1.16402;2;-0.000132539;-0.00759394;0.727713;0.727906
-1.62624;-1.1642;2;-0.000105606;-0.0060508;0.727563;0.727717
-1.62614;-1.16433;2;-8.16804e-05;-0.00467994;0.72747;0.727589
-1.62607;-1.16443;2;-6.01359e-05;-0.00344553;0.727433;0.72752
-1.62603;-1.16449;2;-4.02835e-05;-0.00230807;0.727453;0.727511
-1.626;-1.16453;2;-2.15188e-05;-0.00123294;0.72753;0.727561
-1.626;-1.16453;2;-3.42367e-06;-0.000196162;0.727664;0.727669
-1.62601;-1.16451;2;1.4168e-05;0.000811765;0.727857;0.727836
-1.62605;-1.16446;2;3.11257e-05;0.00178337;0.728107;0.728062
-1.6261;-1.16438;2;4.69888e-05;0.00269226;0.728415;0.728346
-1.62618;-1.16428;2;6.09309e-05;0.00349108;0.72878;0.728691
-1.62626;-1.16417;2;7.17139e-05;0.0041089;0.7292;0.729096
-1.62635;-1.16404;2;7.76253e-05;0.0044476;0.729675;0.729561
-1.62644;-1.16392;2;7.64003e-05;0.00437742;0.730199;0.730087
-1.62651;-1.16381;2;6.51429e-05;0.00373241;0.730769;0.730673
-1.62656;-1.16374;2;4.02824e-05;0.00230801;0.731376;0.731317
-1.62656;-1.16375;2;-2.36956e-06;-0.000135766;0.732012;0.732016
-1.62648;-1.16386;2;-6.73681e-05;-0.00385991;0.732663;0.732761
-1.62629;-1.16412;2;-0.000159081;-0.00911469;0.733312;0.733546
-1.62597;-1.16457;2;-0.000280768;-0.0160868;0.733942;0.734354
-1.62546;-1.16528;2;-0.00043333;-0.024828;0.734531;0.735168
-1.62475;-1.16628;2;-0.000613993;-0.0351792;0.735061;0.735964
-1.6238;-1.1676;2;-0.000815347;-0.046716;0.735516;0.736716
-1.6226;-1.16926;2;-0.00102527;-0.0587436;0.735884;0.737394
-1.62116;-1.17126;2;-0.00122805;-0.0703623;0.73616;0.73797
-1.61951;-1.17354;2;-0.00140668;-0.0805966;0.736345;0.73842
-1.6177;-1.17604;2;-0.00154562;-0.0885574;0.736446;0.738726
-1.61577;-1.17868;2;-0.00163347;-0.0935911;0.73647;0.73888
-1.61381;-1.18137;2;-0.00166463;-0.0953761;0.736429;0.738884
-1.61187;-1.18401;2;-0.00163966;-0.0939455;0.736329;0.738748
-1.61002;-1.18653;2;-0.00156456;-0.0896425;0.73618;0.738487
-1.60829;-1.18886;2;-0.00144916;-0.0830307;0.735987;0.738123
-1.60674;-1.19096;2;-0.00130529;-0.0747877;0.735755;0.737679
-1.60538;-1.1928;2;-0.00114503;-0.0656055;0.735488;0.737175
-1.60421;-1.19437;2;-0.000979373;-0.056114;0.73519;0.736632
-1.60323;-1.19568;2;-0.000817379;-0.0468324;0.734864;0.736067
-1.60243;-1.19675;2;-0.000665804;-0.0381478;0.734515;0.735493
-1.6018;-1.1976;2;-0.00052909;-0.0303146;0.734146;0.734923
-1.60131;-1.19825;2;-0.000409615;-0.0234692;0.733762;0.734364
-1.60094;-1.19875;2;-0.000308082;-0.0176518;0.733369;0.733821
-1.60067;-1.1991;2;-0.000223942;-0.0128309;0.73297;0.733299
-1.60048;-1.19935;2;-0.000155814;-0.0089275;0.732571;0.732799
-1.60036;-1.19952;2;-0.000101837;-0.0058348;0.732175;0.732324
-1.60029;-1.19961;2;-5.99475e-05;-0.00343474;0.731786;0.731873
-1.60026;-1.19966;2;-2.80922e-05;-0.00160956;0.731406;0.731448
-1.60025;-1.19966;2;-4.35878e-06;-0.00024974;0.73104;0.731046
-1.60027;-1.19964;2;1.2943e-05;0.000741581;0.730688;0.730669
-1.6003;-1.1996;2;2.52468e-05;0.00144654;0.730353;0.730316
-1.60034;-1.19955;2;3.37265e-05;0.00193239;0.730036;0.729986
-1.60038;-1.19949;2;3.93138e-05;0.00225252;0.729737;0.72968
-1.60044;-1.19942;2;4.27276e-05;0.00244811;0.729458;0.729395
-1.60049;-1.19935;2;4.45085e-05;0.00255015;0.729199;0.729134
-1.60054;-1.19928;2;4.50539e-05;0.0025814;0.72896;0.728894
-1.6006;-1.1992;2;4.46505e-05;0.00255829;0.728741;0.728676
-1.60065;-1.19913;2;4.35031e-05;0.00249255;0.728543;0.72848
-1.6007;-1.19907;2;4.17578e-05;0.00239255;0.728366;0.728305
-1.60075;-1.199;2;3.95207e-05;0.00226437;0.72821;0.728152
-1.60079;-1.19894;2;3.68726e-05;0.00211264;0.728074;0.72802
-1.60083;-1.19889;2;3.38786e-05;0.0019411;0.727958;0.727909
-1.60087;-1.19884;2;3.05962e-05;0.00175303;0.727863;0.727819
-1.6009;-1.1988;2;2.70794e-05;0.00155153;0.727789;0.727749
-1.60093;-1.19876;2;2.33825e-05;0.00133972;0.727735;0.727701
-1.60095;-1.19873;2;1.95616e-05;0.0011208;0.727701;0.727673
-1.60097;-1.1987;2;1.56766e-05;0.000898202;0.727688;0.727665
-1.60099;-1.19869;2;1.17918e-05;0.000675621;0.727696;0.727679
-1.60099;-1.19867;2;7.97764e-06;0.000457085;0.727724;0.727712
-1.601;-1.19867;2;4.31185e-06;0.000247051;0.727772;0.727766
-1.601;-1.19866;2;8.8155e-07;5.05091e-05;0.727841;0.72784
-1.601;-1.19867;2;-2.21442e-06;-0.000126877;0.727931;0.727934
-1.60099;-1.19868;2;-4.86249e-06;-0.0002786;0.728041;0.728048
-1.60098;-1.19869;2;-6.93086e-06;-0.000397109;0.728172;0.728182
-1.60097;-1.1987;2;-8.26539e-06;-0.000473572;0.728323;0.728336
-1.60096;-1.19871;2;-8.68518e-06;-0.000497624;0.728495;0.728508
-1.60095;-1.19873;2;-7.97778e-06;-0.000457093;0.728688;0.728699
-1.60095;-1.19874;2;-5.8946e-06;-0.000337736;0.7289;0.728909
-1.60094;-1.19874;2;-2.14678e-06;-0.000123002;0.729132;0.729136
-1.60095;-1.19873;2;3.59759e-06;0.000206127;0.729384;0.729379
-1.60096;-1.19872;2;1.1714e-05;0.000671162;0.729654;0.729637
-1.60099;-1.19868;2;2.26183e-05;0.00129593;0.729943;0.72991
-1.60103;-1.19862;2;3.67586e-05;0.00210611;0.730247;0.730194
-1.6011;-1.19853;2;5.45991e-05;0.0031283;0.730567;0.730488
-1.60119;-1.19841;2;7.65958e-05;0.00438861;0.730901;0.730789
-1.60131;-1.19824;2;0.00010316;0.00591065;0.731245;0.731094
-1.60148;-1.19803;2;0.000134613;0.00771278;0.731596;0.7314
-1.60168;-1.19776;2;0.000171126;0.00980482;0.731953;0.731702
-1.60194;-1.19741;2;0.000212657;0.0121843;0.732309;0.731998
-1.60225;-1.197;2;0.000258882;0.0148328;0.732662;0.732282
-1.60262;-1.1965;2;0.000309144;0.0177126;0.733004;0.732551
-1.60305;-1.19592;2;0.000362411;0.0207646;0.733332;0.7328
-1.60355;-1.19525;2;0.000417278;0.0239083;0.733638;0.733026
-1.60411;-1.1945;2;0.000472004;0.0270438;0.733918;0.733226
-1.60474;-1.19366;2;0.000524601;0.0300574;0.734166;0.733396
-1.60542;-1.19274;2;0.000572965;0.0328285;0.734377;0.733536
-1.60616;-1.19175;2;0.000615034;0.0352389;0.734546;0.733643
-1.60693;-1.19071;2;0.000648966;0.037183;0.734671;0.733718
-1.60773;-1.18962;2;0.000673292;0.0385768;0.734749;0.733761
-1.60855;-1.18852;2;0.000687044;0.0393647;0.734781;0.733772
-1.60937;-1.18741;2;0.000689823;0.039524;0.734766;0.733753
-1.61018;-1.18631;2;0.000681814;0.0390651;0.734707;0.733706
-1.61096;-1.18524;2;0.000663738;0.0380294;0.734607;0.733632
-1.61172;-1.18422;2;0.000636761;0.0364837;0.734469;0.733534
-1.61243;-1.18325;2;0.000602374;0.0345135;0.734298;0.733414
-1.6131;-1.18234;2;0.000562252;0.0322146;0.734098;0.733273
-1.61371;-1.1815;2;0.000518127;0.0296865;0.733875;0.733115
-1.61426;-1.18074;2;0.00047167;0.0270247;0.733632;0.73294
-1.61477;-1.18006;2;0.000424303;0.0243108;0.733374;0.732752
-1.61521;-1.17945;2;0.000375714;0.0215268;0.733099;0.732549
-1.61558;-1.17895;2;0.000311174;0.0178289;0.732732;0.732276
-1.61576;-1.17869;2;0.000156725;0.00897969;0.731731;0.731502
-1.61558;-1.17894;2;-0.000153793;-0.0088117;0.728176;0.7284
-1.6153;-1.17933;2;-0.000238248;-0.0136506;0.719593;0.719936
-1.61545;-1.17912;2;0.000130798;0.00749415;0.708548;0.708363
-1.61569;-1.1788;2;0.000197843;0.0113356;0.701919;0.701641
-1.61574;-1.17872;2;4.6675e-05;0.00267428;0.700198;0.700133
-1.61642;-1.17779;2;0.000574534;0.0329184;0.730498;0.729659
-1.6171;-1.17686;2;0.00057768;0.0330987;0.731044;0.7302
-1.61754;-1.17625;2;0.000377422;0.0216247;0.730803;0.730252
-1.61775;-1.17596;2;0.000177085;0.0101462;0.730472;0.730213
-1.61778;-1.17592;2;2.71483e-05;0.00155548;0.730173;0.730133
-1.6177;-1.17603;2;-6.98194e-05;-0.00400036;0.729918;0.73002
-1.61756;-1.17623;2;-0.000121512;-0.0069621;0.729703;0.72988
-1.61739;-1.17645;2;-0.00013841;-0.00793031;0.72952;0.729722
-1.61724;-1.17666;2;-0.000131325;-0.00752436;0.729362;0.729554
-1.61711;-1.17684;2;-0.000109993;-0.00630215;0.729223;0.729384
-1.61701;-1.17697;2;-8.23219e-05;-0.0047167;0.729099;0.729219
-1.61695;-1.17706;2;-5.41189e-05;-0.00310079;0.728984;0.729063
-1.61692;-1.17711;2;-2.91639e-05;-0.00167097;0.728877;0.728919
-1.6169;-1.17712;2;-9.48788e-06;-0.000543615;0.728776;0.72879
-1.61691;-1.17712;2;4.24565e-06;0.000243258;0.728681;0.728675
-1.61692;-1.1771;2;1.23373e-05;0.000706877;0.728592;0.728574
-1.61694;-1.17707;2;1.56798e-05;0.000898389;0.728509;0.728486
-1.61696;-1.17705;2;1.54477e-05;0.000885088;0.728434;0.728412
-1.61698;-1.17703;2;1.28622e-05;0.000736949;0.728368;0.728349
-1.61699;-1.17701;2;9.03159e-06;0.000517472;0.728311;0.728298
-1.61699;-1.177;2;4.85889e-06;0.000278394;0.728264;0.728257
-1.61699;-1.177;2;1.00394e-06;5.75217e-05;0.728227;0.728225
-1.61699;-1.17701;2;-2.11398e-06;-0.000121122;0.728201;0.728204
-1.61699;-1.17701;2;-4.28723e-06;-0.00024564;0.728186;0.728192
-1.61698;-1.17702;2;-5.4765e-06;-0.000313781;0.728182;0.72819
-1.61697;-1.17703;2;-5.76285e-06;-0.000330187;0.728189;0.728197
-1.61697;-1.17704;2;-5.30184e-06;-0.000303773;0.728206;0.728214
-1.61696;-1.17705;2;-4.28441e-06;-0.000245479;0.728234;0.728241
-1.61696;-1.17705;2;-2.90652e-06;-0.000166531;0.728273;0.728278
-1.61696;-1.17705;2;-1.34821e-06;-7.72469e-05;0.728323;0.728325
-1.61696;-1.17705;2;2.38541e-07;1.36674e-05;0.728382;0.728382
-1.61696;-1.17705;2;1.73466e-06;9.93889e-05;0.728452;0.728449
-1.61696;-1.17704;2;3.05317e-06;0.000174934;0.728532;0.728528
-1.61697;-1.17704;2;4.13455e-06;0.000236892;0.728622;0.728616
-1.61697;-1.17703;2;4.93994e-06;0.000283038;0.728722;0.728715
-1.61698;-1.17702;2;5.44357e-06;0.000311894;0.728833;0.728825
-1.61699;-1.17701;2;5.6253e-06;0.000322306;0.728953;0.728945
-1.61699;-1.177;2;5.46411e-06;0.00031307;0.729083;0.729075
-1.617;-1.177;2;4.93279e-06;0.000282628;0.729223;0.729215
-1.617;-1.17699;2;3.99407e-06;0.000228844;0.729372;0.729366
-1.61701;-1.17698;2;2.59795e-06;0.000148852;0.729531;0.729527
-1.61701;-1.17698;2;6.80306e-07;3.89786e-05;0.729699;0.729698
-1.617;-1.17699;2;-1.83764e-06;-0.000105289;0.729877;0.729879
-1.617;-1.17699;2;-5.04894e-06;-0.000289283;0.730062;0.73007
-1.61699;-1.17701;2;-9.0567e-06;-0.00051891;0.730256;0.730269
-1.61697;-1.17703;2;-1.3875e-05;-0.00079498;0.730457;0.730478
-1.61695;-1.17706;2;-1.76156e-05;-0.0010093;0.730662;0.730687
-1.61695;-1.17706;2;1.6896e-06;9.68071e-05;0.730816;0.730814
-1.61714;-1.1768;2;0.00016009;0.00917251;0.73051;0.730276
-1.61787;-1.17579;2;0.000621897;0.0356321;0.727955;0.72705
-1.61898;-1.17426;2;0.000945152;0.0541532;0.720016;0.718656
-1.61958;-1.17344;2;0.00050939;0.0291859;0.708637;0.707915
-1.61966;-1.17333;2;6.47675e-05;0.0037109;0.701779;0.701688
-1.61965;-1.17334;2;-4.38563e-06;-0.000251278;0.700156;0.700162
-1.61704;-1.17695;2;-0.00222954;-0.127743;0.730087;0.73335
-1.61517;-1.1795;2;-0.00157949;-0.0904981;0.73158;0.733895
-1.61407;-1.18101;2;-0.000935307;-0.0535891;0.732425;0.733797
-1.61357;-1.1817;2;-0.000423737;-0.0242784;0.733072;0.733693
-1.61347;-1.18182;2;-7.82707e-05;-0.00448458;0.733574;0.733689
-1.6136;-1.18164;2;0.000109631;0.00628139;0.733941;0.733781
-1.6138;-1.18137;2;0.000167938;0.00962212;0.734193;0.733946
-1.61396;-1.18116;2;0.000132689;0.00760254;0.734353;0.734158
-1.61401;-1.18109;2;4.01256e-05;0.00229903;0.734448;0.734389
-1.61391;-1.18122;2;-7.83869e-05;-0.00449124;0.734501;0.734616
-1.61368;-1.18154;2;-0.000198904;-0.0113964;0.734529;0.734821
-1.61332;-1.18204;2;-0.000305476;-0.0175025;0.734542;0.734991
-1.61286;-1.18266;2;-0.00038938;-0.0223098;0.734548;0.73512
-1.61233;-1.18339;2;-0.000447614;-0.0256464;0.734547;0.735205
-1.61176;-1.18416;2;-0.000481136;-0.027567;0.73454;0.735247
-1.61117;-1.18496;2;-0.00049312;-0.0282537;0.734525;0.73525
-1.6106;-1.18574;2;-0.000487385;-0.0279251;0.7345;0.735216
-1.61004;-1.18649;2;-0.000466855;-0.0267488;0.734466;0.735152
-1.60953;-1.18719;2;-0.000431759;-0.0247379;0.734428;0.735062
-1.60908;-1.18779;2;-0.000376989;-0.0215999;0.7344;0.734954
-1.60874;-1.18826;2;-0.000287826;-0.0164912;0.734414;0.734837
-1.60858;-1.18847;2;-0.000132985;-0.0076195;0.734532;0.734728
-1.60876;-1.18824;2;0.000146548;0.0083966;0.73487;0.734655
-1.60954;-1.18718;2;0.000656385;0.0376081;0.735633;0.734668
-1.61142;-1.18463;2;0.00158416;0.090766;0.737179;0.734847
-1.61529;-1.17936;2.00001;0.00327067;0.187396;0.740133;0.735307
-1.62275;-1.16913;2.00004;0.00632979;0.36267;0.745617;0.736237
-1.63633;-1.15021;2.00014;0.0116453;0.667229;0.755491;0.738097
-1.65836;-1.11863;2.00037;0.0192467;1.10276;0.771789;0.742637
-1.68504;-1.07841;2.00058;0.024126;1.38232;0.794584;0.75714
-1.69252;-1.06565;2.00005;0.00739156;0.423505;0.823446;0.811362
-1.62212;-1.17736;2.00435;-0.065925;-3.77722;0.864889;0.987162
-1.43472;-1.42813;2.02435;-0.155255;-8.89547;0.932637;1.27875
-1.15556;-1.67407;2.03416;-0.183535;-10.5158;1.0683;1.5553
-0.971337;-1.75972;2.01;-0.0997976;-5.71798;1.5395;1.8821
-0.944507;-1.7631;2.00016;-0.0125623;-0.719766;2.57497;2.64049
-0.935915;-1.76753;2.00002;-0.00483127;-0.276811;3.79263;3.82945
-1.03692;-1.71402;2.00326;0.057088;3.2709;5.10532;4.55333
-1.30596;-1.54744;2.02488;0.15691;8.99027;5.736;4.16893
-1.87656;-1.03334;2.14226;0.366481;20.9978;5.59842;2.49283
-2.22661;-0.102727;2.22897;0.457242;26.198;3.86469;1.3158
-1.96984;-0.699889;2.09048;-0.295287;-16.9187;2.00338;3.75496
-1.86838;-0.715198;2.00059;-0.0241923;-1.38611;2.24078;2.35191
-1.71499;-1.11428;2.04519;-0.210602;-12.0666;1.91609;2.95804
-1.64572;-1.13795;2.00083;-0.0287882;-1.64944;2.06803;2.19067
-1.43178;-1.4459;2.03485;-0.185332;-10.6188;1.79862;2.62866
-1.4133;-1.41515;2.00002;0.00425202;0.243623;1.99862;1.98169
-1.15729;-1.6708;2.03246;-0.178962;-10.2537;1.70116;2.45255
-1.22857;-1.58194;2.00298;0.0545435;3.12511;2.00735;1.79951
-0.920893;-1.81712;2.03715;-0.191262;-10.9585;1.61683;2.39331
-1.11192;-1.67866;2.01352;0.11597;6.64458;2.08576;1.65051
-0.728036;-1.91672;2.05033;-0.222031;-12.7214;1.53369;2.42807
-1.05779;-1.73763;2.03428;0.183831;10.5327;2.22403;1.52667
-0.577915;-1.98963;2.07186;-0.264148;-15.1346;1.4507;2.52638
-1.04262;-1.77982;2.06272;0.24723;14.1653;2.39424;1.42922
-0.472239;-2.04126;2.09517;-0.302568;-17.3359;1.38191;2.63617
-1.03887;-1.81249;2.0891;0.293113;16.7941;2.54592;1.36545
-0.408096;-2.07133;2.11114;-0.32593;-18.6744;1.33975;2.70774
-1.0341;-1.83471;2.10607;0.318717;18.2612;2.64479;1.33244
-0.373833;-2.0851;2.11835;-0.335844;-19.2425;1.32016;2.73606
-1.029;-1.8474;2.11465;0.330798;18.9533;2.69648;1.31788
-0.3564;-2.09081;2.12097;-0.339363;-19.4441;1.31244;2.74469
-1.02391;-1.85431;2.11822;0.335676;19.2328;2.71783;1.31193
-0.344227;-2.09457;2.12267;-0.341627;-19.5738;1.30998;2.75555
-1.01394;-1.8602;2.11858;0.336165;19.2608;2.72041;1.31154
-0.327798;-2.09914;2.12458;-0.344144;-19.718;1.31154;2.77683
-0.99623;-1.86867;2.11764;0.334886;19.1875;2.73081;1.32086
-0.312974;-2.09962;2.12281;-0.34182;-19.5849;1.32232;2.78291
-0.989565;-1.87459;2.11975;0.337731;19.3506;2.80703;1.34788
-0.335536;-2.08443;2.11127;-0.326101;-18.6842;1.35576;2.74127
-1.02535;-1.86069;2.12451;0.344053;19.7128;2.95216;1.39467
-0.430024;-2.0466;2.09129;-0.296552;-16.9912;1.41901;2.66777
-1.09119;-1.8144;2.11724;0.334349;19.1568;2.98122;1.44395
-0.557105;-1.99878;2.07497;-0.269629;-15.4486;1.47849;2.60776
-1.13695;-1.75934;2.09474;0.301902;17.2977;2.79936;1.46984
-0.628064;-1.9754;2.07284;-0.26589;-15.2344;1.49311;2.61074
-1.13445;-1.73797;2.07545;0.270466;15.4966;2.59903;1.47067
-0.620016;-1.98366;2.07829;-0.27536;-15.777;1.47038;2.62845
-1.10616;-1.74968;2.07001;0.260822;14.944;2.50119;1.44732
-0.569486;-2.00613;2.0854;-0.287168;-16.4535;1.42683;2.62281
-1.09142;-1.7692;2.07876;0.276158;15.8227;2.51435;1.40392
-0.513775;-2.033;2.09692;-0.305219;-17.4878;1.37755;2.64488
-1.0962;-1.78585;2.09545;0.302991;17.3601;2.5935;1.35815
-0.470239;-2.05808;2.11112;-0.325897;-18.6725;1.33677;2.7015
-1.1049;-1.79909;2.11129;0.326128;18.6858;2.67834;1.32454
-0.442106;-2.07554;2.12211;-0.340886;-19.5313;1.31133;2.75312
-1.11066;-1.80829;2.12214;0.340926;19.5336;2.74092;1.30538
-0.42691;-2.08491;2.12817;-0.348827;-19.9863;1.29793;2.78169
-1.11685;-1.81281;2.12923;0.350196;20.0647;2.78569;1.29516
-0.422198;-2.08899;2.13122;-0.352746;-20.2108;1.29057;2.79444
-1.12746;-1.81257;2.13462;0.357037;20.4567;2.82234;1.28879
-0.426338;-2.09015;2.13319;-0.355243;-20.3539;1.2855;2.80183
-1.14382;-1.80787;2.13933;0.362893;20.7922;2.85551;1.28378
-0.437773;-2.08971;2.13507;-0.357603;-20.4891;1.28107;2.80964
-1.16549;-1.79926;2.14376;0.368298;21.1019;2.88682;1.27915
-0.454864;-2.08829;2.13726;-0.360336;-20.6458;1.27663;2.8203
-1.19136;-1.7874;2.14805;0.373443;21.3967;2.91677;1.27451
-0.475947;-2.08632;2.13992;-0.36362;-20.8339;1.272;2.83482
-1.2199;-1.77309;2.15221;0.378341;21.6773;2.94511;1.26975
-0.499249;-2.08415;2.14311;-0.367515;-21.0571;1.2672;2.85383
-1.24937;-1.7573;2.15616;0.382927;21.9401;2.97115;1.26485
-0.522814;-2.08225;2.14688;-0.372045;-21.3166;1.26229;2.87784
-1.27797;-1.7412;2.15986;0.387157;22.1825;2.9944;1.25981
-0.544632;-2.08114;2.15123;-0.377196;-21.6118;1.25729;2.90706
-1.30412;-1.72607;2.16334;0.391083;22.4074;3.01514;1.25463
-0.562934;-2.08135;2.15613;-0.382894;-21.9382;1.2522;2.94118
-1.32669;-1.71304;2.1667;0.394832;22.6222;3.03437;1.2493
-0.576498;-2.08319;2.16148;-0.388996;-22.2879;1.24701;2.97929
-1.34509;-1.70293;2.17008;0.398552;22.8353;3.05337;1.24386
-0.584769;-2.08675;2.16714;-0.395312;-22.6497;1.24174;3.02012
-1.35918;-1.69616;2.17356;0.402329;23.0518;3.07308;1.23838
-0.587766;-2.09192;2.17292;-0.401643;-23.0124;1.23648;3.0623
-1.36909;-1.69277;2.17713;0.406169;23.2718;3.09386;1.23296
-0.585887;-2.09841;2.17866;-0.407805;-23.3655;1.23134;3.10456
-1.37511;-1.69256;2.18075;0.41001;23.4919;3.11559;1.22777
-0.579727;-2.10587;2.18421;-0.413646;-23.7002;1.22647;3.14577
-1.37759;-1.69516;2.18434;0.413775;23.7075;3.13796;1.22296
-0.569992;-2.11393;2.18943;-0.419039;-24.0092;1.22197;3.18486
-1.37703;-1.70013;2.18785;0.417411;23.9159;3.16081;1.21865
-0.557492;-2.12219;2.1942;-0.423892;-24.2872;1.21789;3.22087
-1.3741;-1.70689;2.19126;0.420911;24.1164;3.18419;1.21488
-0.543155;-2.13029;2.19845;-0.428154;-24.5314;1.21423;3.25306
-1.36959;-1.71478;2.1946;0.424298;24.3105;3.20827;1.21163
-0.528002;-2.13791;2.20215;-0.431821;-24.7415;1.21098;3.281
-1.3644;-1.72312;2.1979;0.427607;24.5001;3.23323;1.20885
-0.513079;-2.1448;2.20531;-0.434926;-24.9194;1.20808;3.3047
-1.35941;-1.73123;2.20117;0.430859;24.6864;3.25908;1.20645
-0.499374;-2.15077;2.20799;-0.437525;-25.0683;1.2055;3.32442
-1.35538;-1.7385;2.20442;0.434051;24.8693;3.28569;1.20439
-0.487781;-2.15571;2.2102;-0.439666;-25.191;1.20329;3.34061
-1.35296;-1.74442;2.2076;0.437154;25.0471;3.31274;1.20266
-0.479103;-2.15945;2.21196;-0.441355;-25.2878;1.20171;3.35398
-1.35245;-1.74857;2.21057;0.440022;25.2114;3.33919;1.20143
-0.473953;-2.16185;2.21319;-0.442528;-25.355;1.20144;3.36566
-1.35344;-1.75078;2.21292;0.442271;25.3403;3.36208;1.20114
-0.472249;-2.16286;2.21381;-0.44312;-25.3889;1.20301;3.37639
-1.35501;-1.75126;2.21427;0.44355;25.4135;3.37827;1.20205
-0.472771;-2.16297;2.21403;-0.44333;-25.401;1.20532;3.3851
-1.35723;-1.75056;2.21507;0.444314;25.4573;3.39006;1.20333
-0.474127;-2.1631;2.21445;-0.443729;-25.4238;1.20595;3.39116
-1.36147;-1.74906;2.21649;0.445655;25.5342;3.40462;1.20335
-0.47628;-2.16375;2.21555;-0.444769;-25.4834;1.20412;3.39719
-1.36826;-1.7467;2.21881;0.447839;25.6593;3.42397;1.20179
-0.479989;-2.16458;2.21716;-0.446285;-25.5703;1.20144;3.40602
-1.37626;-1.7434;2.22116;0.450036;25.7851;3.44278;1.19991
-0.485206;-2.16505;2.21875;-0.447786;-25.6562;1.19963;3.41724
-1.38388;-1.73947;2.22281;0.451571;25.8731;3.45668;1.1988
-0.491115;-2.16501;2.22002;-0.448971;-25.7241;1.19913;3.4288
-1.39063;-1.73536;2.22381;0.452499;25.9263;3.46666;1.19866
-0.496981;-2.16468;2.221;-0.44989;-25.7768;1.20012;3.44178
-1.39678;-1.73135;2.22454;0.453174;25.9649;3.47783;1.19989
-0.501061;-2.16548;2.22269;-0.451464;-25.867;1.20553;3.47489
-1.40085;-1.7287;2.22504;0.453635;25.9913;3.50543;1.20761
-0.498557;-2.17022;2.22675;-0.45521;-26.0816;1.22741;3.58122
-1.39082;-1.73259;2.22177;0.450603;25.8177;3.57521;1.24378
-0.478914;-2.18024;2.23222;-0.460184;-26.3666;1.29655;3.84521
-1.3164;-1.75852;2.19666;0.426367;24.429;3.71356;1.39369
-0.397034;-2.20109;2.23661;-0.464132;-26.5928;1.49337;4.48736
-1.0299;-1.8465;2.1143;0.330316;18.9257;4.37375;2.14025
-0.618669;-1.94499;2.04102;-0.200815;-11.5058;2.35313;3.55598
