#1 AntPos X;#2 AntPos Y;#3 Distance form nest;#4 Total Distance;#5 Total Y Distance
-3.106;2.19051;3.80073;0.106149;0.060502
-3.01957;2.24755;3.76421;0.209686;0.117542
-2.9386;2.30251;3.73322;0.307551;0.172504
-2.8554;2.36858;3.70992;0.41357;0.238576
-2.77991;2.4288;3.69147;0.509997;0.29879
-2.70606;2.49477;3.68058;0.608587;0.364767
-2.6282;2.56347;3.67135;0.712133;0.43346
-2.54311;2.62347;3.65377;0.81618;0.493469
-2.45972;2.68234;3.63939;0.918203;0.552334
-2.37686;2.74036;3.62754;1.0193;0.610352
-2.27696;2.78902;3.60044;1.12864;0.659016
-2.1833;2.83151;3.57551;1.22965;0.701504
-2.09213;2.87153;3.55284;1.3275;0.741524
-1.99127;2.91863;3.53321;1.43757;0.788622
-1.9008;2.95417;3.51285;1.53284;0.824161
-1.8024;2.99517;3.49567;1.63795;0.865164
-1.72415;3.03317;3.48896;1.72449;0.903166
-1.63208;3.06906;3.47603;1.8218;0.93905
-1.5426;3.10849;3.47021;1.91885;0.978484
-1.44241;3.14638;3.46125;2.02444;1.01637
-1.34564;3.18037;3.45333;2.12528;1.05036
-1.24824;3.21425;3.44812;2.22678;1.08425
-1.14786;3.24832;3.44516;2.33112;1.11831
-1.05583;3.2791;3.44489;2.42669;1.14909
-0.942241;3.30226;3.43405;2.53793;1.17225
-0.82769;3.32994;3.43127;2.65247;1.19994
-0.71609;3.35613;3.43168;2.76397;1.22613
-0.614531;3.38323;3.43859;2.86709;1.25322
-0.515575;3.40873;3.4475;2.96731;1.27873
-0.41914;3.43487;3.46035;3.06565;1.30487
-0.321812;3.45968;3.47461;3.16433;1.32967
-0.225461;3.48268;3.48997;3.26149;1.35267
-0.124359;3.50603;3.50824;3.36323;1.37602
-0.0320801;3.53761;3.53775;3.46037;1.4076
0.0689795;3.56931;3.56998;3.5656;1.4393
0.152543;3.59688;3.60012;3.6532;1.46688
0.242327;3.6269;3.63498;3.74749;1.49689
0.337269;3.6637;3.67919;3.84923;1.5337
0.430683;3.69672;3.72173;3.94807;1.56672
0.518498;3.72466;3.76058;4.03977;1.59466
0.596374;3.76076;3.80775;4.12557;1.63075
0.683588;3.79318;3.85428;4.2185;1.66317
0.778756;3.82366;3.90216;4.31799;1.69365
0.873051;3.85555;3.95316;4.41724;1.72554
0.976473;3.88382;4.0047;4.52352;1.75382
1.07216;3.91064;4.05495;4.62213;1.78063
1.16331;3.93664;4.10493;4.71627;1.80664
1.25937;3.96428;4.15951;4.81561;1.83427
1.3588;3.9931;4.21796;4.91854;1.8631
1.46259;4.02219;4.27986;5.02563;1.89219
1.56055;4.04932;4.33962;5.12661;1.91932
1.65842;4.07584;4.40033;5.2273;1.94584
1.74837;4.09486;4.45249;5.31789;1.96485
1.83524;4.11623;4.50682;5.40652;1.98622
1.92399;4.14137;4.56648;5.49831;2.01137
2.00359;4.17274;4.62883;5.58386;2.04273
2.10092;4.22207;4.7159;5.69251;2.09206
2.19242;4.26398;4.7946;5.79301;2.13397
2.27692;4.30404;4.8692;5.88633;2.17403
2.35999;4.34739;4.94665;5.97954;2.21739
2.45907;4.37693;5.02041;6.08251;2.24692
2.55326;4.40661;5.09288;6.18102;2.27661
2.64157;4.44251;5.16854;6.27634;2.3125
2.73263;4.48628;5.253;6.37712;2.35628
2.82688;4.52906;5.33888;6.48051;2.39906
2.91586;4.5708;5.42167;6.57862;2.4408
3.00491;4.62065;5.5118;6.67983;2.49064
3.0918;4.68517;5.61338;6.78457;2.55516
3.17349;4.74643;5.7096;6.88335;2.61642
3.26344;4.81306;5.81512;6.99194;2.68305
3.34774;4.87966;5.91763;7.0954;2.74965
3.42796;4.95754;6.02728;7.19965;2.82754
3.50305;5.02539;6.12584;7.29543;2.89539
3.57261;5.09816;6.22533;7.38826;2.96815
3.63016;5.17261;6.31933;7.47101;3.04261
3.68874;5.2549;6.42034;7.55819;3.12489
3.74364;5.3336;6.51629;7.64087;3.20359
3.81097;5.42064;6.62622;7.73866;3.29063
3.86935;5.50566;6.72935;7.82782;3.37565
3.93232;5.59166;6.83592;7.92189;3.46166
3.99014;5.67791;6.93973;8.01176;3.5479
4.05807;5.76616;7.051;8.11189;3.63616
4.13228;5.85554;7.16681;8.21843;3.72554
4.19542;5.94535;7.27659;8.31558;3.81534
4.25377;6.03376;7.38246;8.40814;3.90375
4.31986;6.1287;7.49815;8.51093;3.9987
4.39846;6.20273;7.60397;8.61514;4.07272
4.48612;6.27254;7.71168;8.72542;4.14253
4.56595;6.3428;7.81531;8.82906;4.2128
4.64339;6.4127;7.91731;8.93051;4.28269
4.71875;6.48478;8.01992;9.03124;4.35478
4.79526;6.56028;8.12599;9.13472;4.43027
4.86424;6.63483;8.2269;9.23125;4.50483
4.93272;6.70784;8.32627;9.3267;4.57783
4.99721;6.7822;8.42439;9.41945;4.65219
5.06065;6.85924;8.52405;9.51273;4.72924
5.12152;6.9224;8.61101;9.59697;4.7924
5.18203;6.98528;8.69756;9.68083;4.85527
5.25294;7.04251;8.7858;9.77089;4.9125
5.32527;7.10687;8.88066;9.86579;4.97686
5.39489;7.17347;8.97572;9.95953;5.04347
5.47395;7.24008;9.0765;10.0614;5.11008
5.56264;7.31151;9.18701;10.1741;5.18151
5.63113;7.37407;9.27829;10.265;5.24407
5.70202;7.43907;9.37299;10.3591;5.30907
5.77432;7.50922;9.47266;10.4572;5.37922
5.84729;7.57743;9.57122;10.5549;5.44742
5.9167;7.63985;9.66306;10.6465;5.50984
5.98802;7.69506;9.7504;10.7362;5.56505
6.05927;7.7541;9.84077;10.8277;5.62409
6.12427;7.80389;9.92005;10.9091;5.67389
6.19966;7.85631;10.0079;11.0008;5.7263
6.27713;7.91469;10.1017;11.0973;5.78468
6.35421;7.97385;10.196;11.1939;5.84385
6.43585;8.0241;10.2862;11.2898;5.89409
6.51775;8.07598;10.378;11.3867;5.94598
6.61386;8.12522;10.4768;11.4944;5.99522
6.71101;8.17176;10.5743;11.6016;6.04175
6.80455;8.22049;10.6714;11.7068;6.09049
6.89605;8.26471;10.7639;11.808;6.13471
6.98472;8.30678;10.8531;11.9056;6.17678
7.07508;8.3466;10.9418;12.0035;6.21659
7.15797;8.37702;11.0187;12.0902;6.24701
7.24803;8.41307;11.1047;12.1859;6.28306
7.33959;8.45081;11.1931;12.2838;6.32081
7.43627;8.49114;11.2871;12.3875;6.36113
7.53521;8.52188;11.3755;12.4882;6.39188
7.63239;8.55245;11.4629;12.5874;6.42245
7.71622;8.58653;11.5442;12.6769;6.45653
7.81561;8.61851;11.6345;12.7787;6.48851
7.91336;8.64903;11.7229;12.8784;6.51902
8.00589;8.67484;11.8045;12.9713;6.54484
8.0992;8.69945;11.886;13.0643;6.56945
8.19596;8.73269;11.9764;13.1647;6.60268
8.29461;8.7681;12.0698;13.2678;6.6381
8.39178;8.80771;12.1654;13.3718;6.6777
8.47786;8.83722;12.2463;13.4611;6.70722
8.56159;8.85909;12.3201;13.5446;6.72908
8.64316;8.87693;12.3897;13.6243;6.74693
8.74363;8.89725;12.4745;13.7217;6.76725
8.84278;8.91589;12.5574;13.8171;6.78589
8.94458;8.92626;12.6366;13.911;6.79625
9.04468;8.93523;12.714;14.0028;6.80523
9.14488;8.95241;12.7974;14.0987;6.82241
9.23856;8.96614;12.8741;14.1874;6.83614
9.33315;8.98578;12.9558;14.2798;6.85577
9.42599;9.01752;13.0447;14.3764;6.88752
9.52015;9.05258;13.1371;14.4759;6.92258
9.60901;9.09895;13.2334;14.5761;6.96894
9.69489;9.1443;13.327;14.6732;7.01429
9.77763;9.19902;13.4248;14.7721;7.06901
9.86237;9.25347;13.5238;14.8725;7.12346
9.95073;9.30756;13.6253;14.976;7.17756
10.0428;9.35822;13.7271;15.0811;7.22821
10.1322;9.40723;13.826;15.183;7.27722
10.2168;9.46094;13.9246;15.2831;7.33093
10.3008;9.51393;14.0222;15.3822;7.38392
10.3814;9.56695;14.1173;15.4783;7.43694
10.4547;9.63156;14.215;15.5736;7.50155
10.5286;9.68956;14.3087;15.6663;7.55955
10.6082;9.74639;14.4057;15.7635;7.61639
10.6899;9.80332;14.5044;15.8625;7.67331
10.779;9.86152;14.6095;15.9687;7.73151
10.8651;9.91781;14.711;16.0713;7.7878
10.9538;9.97189;14.813;16.1751;7.84188
11.0421;10.0293;14.9169;16.2801;7.89934
11.1209;10.0839;15.012;16.3755;7.95394
11.202;10.1391;15.1092;16.4733;8.00914
11.2859;10.1871;15.2036;16.5699;8.05708
11.3716;10.2336;15.2983;16.6674;8.10361
11.4709;10.2588;15.3892;16.7665;8.12882
11.5654;10.3097;15.4935;16.8738;8.17974
11.6512;10.3622;15.5925;16.9742;8.23219
11.7291;10.4263;15.6933;17.0735;8.29634
11.786;10.5039;15.7874;17.161;8.37394
11.8549;10.5885;15.8952;17.2625;8.45854
11.9027;10.6825;15.9934;17.3503;8.55245
11.9585;10.784;16.1028;17.449;8.65402
11.9917;10.8892;16.198;17.5301;8.75918
12.0029;10.9982;16.2797;17.5945;8.8682
12.0018;11.1111;16.3554;17.6507;8.98105
11.9932;11.2168;16.4212;17.6974;9.08681
11.9782;11.3221;16.4824;17.7389;9.19213
11.9473;11.4211;16.5281;17.764;9.29114
11.8934;11.516;16.555;17.768;9.38594
11.8135;11.5942;16.5525;17.7418;9.46422
11.7266;11.6704;16.5442;17.7093;9.54036
11.6691;11.7255;16.5425;17.6907;9.59547
11.5962;11.7659;16.52;17.6516;9.63593
11.5229;11.7958;16.4899;17.6066;9.66576
11.4395;11.8204;16.4494;17.5504;9.69035
11.3479;11.8483;16.406;17.4897;9.7183
11.2593;11.8753;16.3644;17.4312;9.74531
11.1705;11.889;16.3134;17.3653;9.75899
11.0808;11.9012;16.261;17.2981;9.77115
10.9899;11.9184;16.2119;17.2329;9.78841
10.8934;11.9352;16.159;17.1632;9.80519
10.791;11.9428;16.0958;17.0836;9.8128
10.6911;11.9416;16.0281;17.0012;9.8116
10.5885;11.938;15.9572;16.9154;9.80801
10.4885;11.9301;15.8851;16.8294;9.8001
10.3893;11.908;15.8031;16.736;9.77798
10.2907;11.8819;15.7187;16.6407;9.75187
10.1945;11.8562;15.6364;16.5478;9.72621
10.0865;11.821;15.5394;16.4398;9.69096
9.98442;11.7869;15.4473;16.3373;9.65693
9.88433;11.7574;15.3602;16.2391;9.62734
9.7866;11.7319;15.2779;16.1454;9.60192
9.68759;11.7121;15.1994;16.054;9.58206
9.57993;11.6957;15.1183;15.9579;9.56568
9.47702;11.6798;15.041;15.8661;9.54983
9.37714;11.6641;14.966;15.777;9.53408
9.2782;11.6434;14.888;15.6857;9.51334
9.1766;11.6167;14.804;15.5888;9.48672
9.05875;11.5984;14.7168;15.4842;9.46842
8.95259;11.5801;14.6372;15.3891;9.45012
8.83616;11.562;14.5519;15.2862;9.43201
8.71336;11.526;14.4489;15.1675;9.39602
8.59551;11.4822;14.3431;15.0478;9.35219
8.49396;11.4287;14.2395;14.9351;9.29873
8.3943;11.3731;14.1355;14.8225;9.24312
8.30796;11.3316;14.0509;14.7291;9.20161
8.23169;11.2861;13.9692;14.6411;9.15612
8.14709;11.2409;13.8828;14.5468;9.11088
8.05836;11.1944;13.7932;14.4486;9.06441
7.97456;11.1472;13.706;14.3537;9.01719
7.88783;11.0963;13.6142;14.2543;8.96632
7.80158;11.0386;13.5172;14.1509;8.90856
7.713;10.9764;13.4154;14.043;8.84643
7.62617;10.9178;13.3175;13.9386;8.7878
7.53027;10.8542;13.2106;13.8241;8.72421
7.43654;10.8008;13.1133;13.7176;8.67075
7.34249;10.7569;13.024;13.6171;8.62692
7.25299;10.7023;12.9285;13.5132;8.57229
7.15283;10.6596;12.837;13.4087;8.52957
7.0548;10.6297;12.7578;13.3141;8.49968
6.94254;10.5898;12.6626;13.2023;8.45976
6.83553;10.5576;12.5773;13.0996;8.42764
6.73578;10.5366;12.5056;13.0098;8.40656
6.64232;10.5159;12.438;12.9252;8.38587
6.5415;10.5046;12.3749;12.8413;8.37463
6.44759;10.5035;12.3245;12.7695;8.37346
6.35716;10.507;12.2805;12.7037;8.37698
6.26272;10.5229;12.2456;12.6434;8.39294
6.16623;10.5399;12.2112;12.5828;8.40993
6.0661;10.5613;12.1795;12.5229;8.43134
5.95703;10.5779;12.14;12.4537;8.44791
5.8524;10.5926;12.1018;12.387;8.46255
5.74748;10.6038;12.0612;12.3183;8.47377
5.63225;10.6028;12.0059;12.2343;8.47279
5.5162;10.6139;11.9617;12.1585;8.48386
5.40403;10.6233;11.9188;12.0851;8.49329
5.29789;10.633;11.8798;12.0167;8.50304
5.19806;10.6418;11.8435;11.9526;8.51184
5.09888;10.6502;11.8079;11.8892;8.5202
5.00323;10.6638;11.7792;11.8325;8.53379
4.90446;10.6743;11.7471;11.7719;8.54432
4.80391;10.6838;11.7141;11.7099;8.55377
4.7041;10.6942;11.6831;11.6496;8.56422
4.60019;10.6988;11.6459;11.5828;8.56884
4.49369;10.691;11.597;11.5056;8.56098
4.39074;10.6822;11.5494;11.4305;8.55223
4.27741;10.6675;11.4931;11.3445;8.53748
4.16898;10.6536;11.4403;11.263;8.52363
4.07864;10.6366;11.3918;11.1912;8.50659
3.97619;10.6206;11.3405;11.1126;8.49058
3.8676;10.5997;11.2832;11.0268;8.46967
3.76723;10.5839;11.2344;10.9506;8.45393
3.66634;10.5704;11.1882;10.8763;8.44038
3.56429;10.5602;11.1455;10.8043;8.43018
3.46176;10.548;11.1015;10.7308;8.41796
3.35243;10.5327;11.0533;10.6513;8.40266
3.2513;10.5226;11.0135;10.5815;8.3926
3.14864;10.5081;10.9697;10.5077;8.37811
3.05792;10.4878;10.9245;10.4369;8.3578
2.9605;10.477;10.8872;10.3702;8.34697
2.87196;10.4673;10.8542;10.31;8.33731
2.78987;10.4851;10.8499;10.2764;8.35505
2.70929;10.5008;10.8446;10.2425;8.37075
2.61679;10.5183;10.8389;10.2039;8.38826
2.52454;10.5394;10.8375;10.1691;8.40937
2.42732;10.5699;10.8451;10.1402;8.43993
2.3336;10.5996;10.8535;10.1134;8.46964
2.23876;10.6287;10.8619;10.0863;8.49865
2.13927;10.6527;10.8654;10.0535;8.52274
2.0408;10.6765;10.8698;10.0219;8.5465
1.94385;10.6959;10.8711;9.98818;8.56588
1.85027;10.7025;10.8613;9.94611;8.57253
1.7445;10.6892;10.8306;9.88132;8.55918
1.649;10.6658;10.7925;9.81356;8.53575
1.55168;10.6449;10.7574;9.74772;8.51492
1.46064;10.6343;10.7341;9.69437;8.50426
1.36545;10.6314;10.7188;9.64653;8.50142
1.27689;10.6474;10.7237;9.61912;8.51737
1.18759;10.6657;10.7316;9.59424;8.53569
1.09019;10.6952;10.7506;9.57653;8.56518
0.995897;10.7346;10.7807;9.57013;8.60457
0.89331;10.7934;10.8303;9.57883;8.66339
0.803065;10.849;10.8787;9.59123;8.71902
0.731844;10.9012;10.9258;9.60939;8.77122
0.657368;10.9607;10.9804;9.6337;8.83069
0.579635;11.029;11.0443;9.66578;8.89904
0.500664;11.1053;11.1166;9.70573;8.97532
0.422422;11.1703;11.1783;9.73649;9.04027
0.339925;11.2302;11.2354;9.76204;9.10024
0.257275;11.288;11.2909;9.78645;9.15798
0.169614;11.3395;11.3408;9.80428;9.20952
0.0775148;11.3865;11.3867;9.81732;9.25646
-0.0200846;11.432;11.432;9.8283;9.30197
-0.126131;11.4738;11.4745;9.83433;9.34382
-0.233362;11.5055;11.5079;9.83166;9.37554
-0.334954;11.5348;11.5396;9.82952;9.40478
-0.432729;11.5631;11.5712;9.82871;9.43309
-0.52126;11.6;11.6117;9.83976;9.47003
-0.61588;11.6445;11.6607;9.85737;9.51447
-0.709568;11.6869;11.7084;9.87437;9.55691
-0.802188;11.7377;11.7651;9.90073;9.60767
-0.895489;11.7843;11.8183;9.92395;9.65429
-0.98389;11.8315;11.8723;9.94987;9.70148
-1.07082;11.8739;11.9221;9.97234;9.74387
-1.1721;11.9039;11.9615;9.9807;9.77391
-1.25444;11.9311;11.9968;9.99098;9.80106
-1.34123;11.9602;12.0352;10.0031;9.83021
-1.42478;11.9889;12.0732;10.0162;9.85885
-1.50933;12.0133;12.1078;10.0257;9.88331
-1.59738;12.0414;12.1469;10.039;9.91137
-1.686;12.0681;12.1853;10.0517;9.93808
-1.77807;12.1019;12.2318;10.0718;9.97185
-1.87252;12.143;12.2866;10.0998;10.013
-1.95694;12.1702;12.3265;10.116;10.0402
-2.0309;12.2055;12.3733;10.1423;10.0755
-2.11748;12.2494;12.4311;10.1765;10.1194
-2.20249;12.2942;12.4899;10.2124;10.1642
-2.28541;12.3492;12.5589;10.2594;10.2192
-2.37059;12.4043;12.6288;10.3072;10.2743
-2.46049;12.4624;12.703;10.3584;10.3324
-2.54283;12.5241;12.7796;10.4144;10.3941
-2.61159;12.5983;12.8661;10.4844;10.4683
-2.68379;12.6743;12.9553;10.5566;10.5443
-2.75302;12.7502;13.044;10.6293;10.6202
-2.81945;12.8269;13.1331;10.7034;10.6969
-2.89298;12.9019;13.2223;10.7761;10.7719
-2.96962;12.9772;13.3126;10.8495;10.8472
-3.03505;13.0547;13.4028;10.9258;10.9247
-3.10385;13.1429;13.5045;11.0133;11.0129
-3.17208;13.2168;13.5921;11.0868;11.0868
-3.24065;13.2891;13.6785;11.1592;11.1591
-3.30579;13.3641;13.7669;11.2347;11.2341
-3.37863;13.4449;13.8629;11.3164;11.3149
-3.45578;13.5163;13.9511;11.3893;11.3863
-3.52473;13.5885;14.0382;11.4633;11.4585
-3.59072;13.6454;14.1099;11.5223;11.5154
-3.66589;13.6953;14.1775;11.575;11.5653
-3.74144;13.7516;14.2515;11.6346;11.6216
-3.8142;13.8288;14.3452;11.7153;11.6988
-3.89296;13.913;14.4474;11.8038;11.783
-3.96608;13.9898;14.5411;11.8849;11.8597
-4.03595;14.0652;14.6328;11.9649;11.9352
-4.10384;14.1406;14.724;12.045;12.0106
-4.17232;14.2121;14.8119;12.1217;12.0821
-4.24217;14.2953;14.9115;12.2105;12.1653
-4.30529;14.3594;14.9909;12.2798;12.2294
-4.3627;14.4191;15.0646;12.3446;12.2891
-4.42047;14.4914;15.1506;12.4222;12.3614
-4.4804;14.5695;15.2428;12.5059;12.4395
-4.55084;14.6421;15.333;12.5855;12.5121
-4.61686;14.7187;15.4258;12.6689;12.5887
-4.69292;14.7875;15.5143;12.746;12.6574
-4.75582;14.8743;15.6161;12.8397;12.7443
-4.81533;14.9598;15.7157;12.9319;12.8298
-4.87587;15.0432;15.8137;13.0224;12.9132
-4.93512;15.1249;15.9097;13.1112;12.9949
-5.01294;15.21;16.0148;13.206;13.08
-5.07813;15.2985;16.1193;13.3027;13.1685
-5.13667;15.3867;16.2215;13.3984;13.2567
-5.18939;15.4752;16.3221;13.4937;13.3452
-5.2385;15.552;16.4105;13.5769;13.422
-5.29073;15.6352;16.5061;13.6671;13.5052
-5.34165;15.7099;16.5932;13.7488;13.5799
-5.39435;15.7896;16.6856;13.8358;13.6596
-5.45578;15.8663;16.7781;13.9214;13.7363
-5.51498;15.9483;16.8749;14.012;13.8183
-5.57525;16.0359;16.9775;14.1085;13.9059
-5.63403;16.1196;17.0759;14.201;13.9896
-5.68019;16.2045;17.1713;14.2926;14.0745
-5.7277;16.2927;17.2702;14.3877;14.1627
-5.78242;16.3829;17.3734;14.4861;14.2529
-5.83869;16.4746;17.4786;14.5865;14.3446
-5.88245;16.5509;17.5652;14.6695;14.4209
-5.94175;16.6329;17.6623;14.761;14.5029
-6.00666;16.7127;17.7593;14.8516;14.5827
-6.0639;16.7915;17.8529;14.9399;14.6615
-6.10731;16.8718;17.9432;15.0271;14.7418
-6.14111;16.9639;18.0413;15.124;14.8339
-6.16474;17.0552;18.1352;15.2182;14.9252
-6.17277;17.1545;18.2313;15.317;15.0245
-6.19826;17.2538;18.3334;15.4195;15.1238
-6.22629;17.3469;18.4305;15.5163;15.2169
-6.27413;17.4349;18.5294;15.6119;15.3048
-6.33671;17.5147;18.6258;15.7026;15.3847
-6.41257;17.5881;18.7206;15.7898;15.4581
-6.48622;17.6598;18.8133;15.8751;15.5298
-6.57051;17.7153;18.8945;15.947;15.5852
-6.65614;17.7661;18.9721;16.015;15.6361
-6.74512;17.8169;19.051;16.084;15.6869
-6.82441;17.8683;19.1272;16.1518;15.7383
-6.90691;17.9175;19.2027;16.2184;15.7875
-6.99913;17.9679;19.2829;16.2887;15.8379
-7.09536;18.0148;19.3618;16.3571;15.8848
-7.18564;18.0558;19.4331;16.4186;15.9258
-7.27241;18.0951;19.5018;16.478;15.9651
-7.35861;18.1218;19.5588;16.5253;15.9918
-7.4511;18.1551;19.6247;16.5811;16.0251
-7.54058;18.1906;19.6916;16.6386;16.0606
-7.62808;18.243;19.7736;16.7121;16.113
-7.71412;18.2975;19.8571;16.7876;16.1674
-7.80001;18.3481;19.9372;16.8597;16.2181
-7.88698;18.3969;20.0163;16.9306;16.2669
-7.97792;18.4499;20.1009;17.0068;16.3199
-8.06662;18.5015;20.1836;17.0815;16.3715
-8.15679;18.5444;20.259;17.1485;16.4144
-8.24827;18.5853;20.3334;17.2142;16.4552
-8.33374;18.6415;20.4195;17.2931;16.5114
-8.42078;18.7072;20.5151;17.3819;16.5772
-8.50417;18.7689;20.6057;17.4659;16.6389
-8.586;18.8296;20.6947;17.5487;16.6996
-8.65719;18.8994;20.7878;17.6371;16.7694
-8.73041;18.9665;20.8794;17.7236;16.8365
-8.80405;19.0421;20.9788;17.8185;16.9121
-8.88001;19.1158;21.0777;17.9125;16.9858
-8.95421;19.1872;21.1737;18.0038;17.0572
-9.02554;19.2646;21.274;18.1;17.1345
-9.0879;19.335;21.3642;18.1867;17.2049
-9.16251;19.4026;21.4573;18.275;17.2726
-9.226;19.4793;21.5537;18.3683;17.3493
-9.28341;19.5503;21.6424;18.4542;17.4203
-9.35011;19.621;21.735;18.543;17.491
-9.43644;19.6808;21.8261;18.6281;17.5508
-9.51291;19.7347;21.9078;18.7046;17.6046
-9.59235;19.7991;22.0004;18.7921;17.6691
-9.67653;19.8443;22.0779;18.8635;17.7143
-9.76249;19.8903;22.1569;18.9363;17.7603
-9.8591;19.9347;22.2394;19.0116;17.8047
-9.9518;19.9861;22.3267;19.0924;17.8561
-10.0444;20.0294;22.4068;19.1657;17.8993
-10.1525;20.0618;22.4845;19.2349;17.9318
-10.2541;20.0955;22.5605;19.3032;17.9655
-10.349;20.1233;22.6285;19.3639;17.9932
-10.4384;20.1448;22.6886;19.4171;18.0148
-10.5157;20.1576;22.7356;19.458;18.0276
-10.6149;20.1685;22.7913;19.5056;18.0385
-10.7145;20.1758;22.8443;19.5504;18.0458
-10.802;20.2016;22.9083;19.6081;18.0716
-10.8968;20.2106;22.961;19.6533;18.0806
-11.0017;20.2205;23.0197;19.7038;18.0905
-11.1169;20.2318;23.0848;19.76;18.1017
-11.2217;20.2375;23.1405;19.8075;18.1075
-11.3265;20.2421;23.1956;19.8545;18.1121
-11.4283;20.2526;23.2545;19.9059;18.1226
-11.5292;20.2569;23.308;19.9517;18.1269
-11.6268;20.269;23.367;20.0037;18.139
-11.7166;20.2687;23.4115;20.0415;18.1387
-11.8193;20.284;23.4763;20.0992;18.154
-11.9203;20.3016;23.5425;20.1586;18.1716
-12.0284;20.3323;23.6238;20.2333;18.2023
-12.1269;20.3581;23.6962;20.2996;18.2281
-12.238;20.3934;23.7836;20.3803;18.2633
-12.3488;20.4293;23.8715;20.4619;18.2993
-12.4588;20.447;23.9437;20.5271;18.317
-12.5593;20.469;24.0149;20.5923;18.339
-12.6539;20.4952;24.0868;20.6587;18.3652
-12.7609;20.5249;24.1685;20.7344;18.3949
-12.8612;20.5574;24.249;20.8095;18.4274
-12.9567;20.5961;24.3326;20.8883;18.4661
-13.0457;20.6392;24.4165;20.9681;18.5092
-13.1303;20.6748;24.4919;21.0394;18.5448
-13.2369;20.7224;24.5893;21.1318;18.5924
-13.3285;20.7671;24.6764;21.2148;18.6371
-13.4184;20.813;24.7636;21.2981;18.683
-13.5113;20.8692;24.8612;21.392;18.7392
-13.5993;20.9308;24.9608;21.4885;18.8008
-13.6914;20.9856;25.0569;21.5811;18.8556
-13.7812;21.0387;25.1505;21.6712;18.9087
-13.8682;21.0899;25.241;21.7585;18.9599
-13.964;21.1458;25.3404;21.8543;19.0158
-14.0565;21.1959;25.4333;21.9436;19.0659
-14.1651;21.2485;25.5372;22.0432;19.1185
-14.2701;21.3139;25.6499;22.1522;19.1839
-14.3529;21.3824;25.7529;22.2529;19.2523
-14.4341;21.4455;25.8506;22.3483;19.3155
-14.5285;21.5074;25.9547;22.4493;19.3774
-14.6086;21.5689;26.0506;22.5429;19.4389
-14.6796;21.6157;26.1291;22.6193;19.4857
-14.7562;21.6644;26.2124;22.7001;19.5344
-14.8382;21.7132;26.299;22.7839;19.5832
-14.9157;21.7534;26.3759;22.8582;19.6234
-15.0067;21.7892;26.4569;22.9356;19.6592
-15.1018;21.8256;26.5409;23.0159;19.6956
-15.2014;21.8621;26.6277;23.0988;19.7321
-15.2938;21.9027;26.7138;23.1815;19.7727
-15.3875;21.9403;26.7984;23.2626;19.8103
-15.4934;21.9874;26.8978;23.3583;19.8574
-15.5845;22.0337;26.9882;23.4457;19.9037
-15.6747;22.0794;27.0776;23.5322;19.9494
-15.7595;22.1231;27.1624;23.6143;19.9931
-15.8489;22.1837;27.2636;23.7132;20.0537
-15.928;22.2505;27.364;23.812;20.1205
-16.0033;22.3136;27.4591;23.9055;20.1836
-16.0744;22.3586;27.5372;23.9817;20.2286
-16.1547;22.4028;27.6199;24.0621;20.2728
-16.2452;22.4567;27.7166;24.1564;20.3267
-16.3237;22.5029;27.8001;24.2377;20.3729
-16.4097;22.5536;27.8917;24.327;20.4236
-16.4956;22.5915;27.9728;24.4054;20.4615
-16.5831;22.6294;28.0551;24.485;20.4994
-16.667;22.6705;28.1379;24.5653;20.5405
-16.7619;22.7264;28.2391;24.6641;20.5964
-16.8545;22.786;28.3422;24.765;20.656
-16.9439;22.8434;28.4414;24.8621;20.7134
-17.0361;22.8923;28.5357;24.9539;20.7623
-17.1365;22.9363;28.631;25.0463;20.8063
-17.2346;22.9835;28.7276;25.1402;20.8535
-17.3338;23.0394;28.8318;25.242;20.9094
-17.4237;23.0947;28.9301;25.3382;20.9647
-17.5;23.1534;29.0229;25.4296;21.0234
-17.5803;23.2049;29.1125;25.5175;21.0749
-17.652;23.264;29.2029;25.6067;21.134
-17.7233;23.3273;29.2964;25.6992;21.1973
-17.7998;23.3944;29.3961;25.7978;21.2644
-17.8682;23.4573;29.4876;25.8884;21.3273
-17.9405;23.5205;29.5817;25.9814;21.3905
-18.0045;23.5921;29.6775;26.0768;21.4621
-18.072;23.6677;29.7785;26.1773;21.5377
-18.1434;23.7431;29.8817;26.2799;21.6131
-18.1963;23.825;29.979;26.3774;21.695
-18.2495;23.9093;30.0782;26.477;21.7793
-18.3088;23.994;30.1815;26.5804;21.864
-18.3794;24.0747;30.2886;26.6869;21.9447
-18.4458;24.1538;30.3917;26.7897;22.0238
-18.5125;24.2321;30.4944;26.8921;22.1021
-18.5734;24.306;30.59;26.9874;22.176
-18.6231;24.3657;30.6677;27.0649;22.2357
-18.6798;24.421;30.7461;27.1427;22.291
-18.7463;24.4837;30.8362;27.232;22.3536
-18.8178;24.552;30.934;27.329;22.422
-18.8899;24.62;31.0318;27.426;22.49
-18.9656;24.6887;31.1324;27.5256;22.5587
-19.0432;24.7501;31.2284;27.6205;22.6201
-19.1293;24.8146;31.332;27.7227;22.6845
-19.2278;24.8796;31.4436;27.8325;22.7495
-19.3005;24.9345;31.5315;27.9193;22.8045
-19.3751;25.0044;31.6325;28.0195;22.8744
-19.4573;25.082;31.7442;28.1303;22.952
-19.5354;25.1622;31.8554;28.2409;23.0322
-19.5984;25.2417;31.9568;28.3422;23.1117
-19.6591;25.3234;32.0586;28.444;23.1934
-19.7108;25.4036;32.1537;28.5393;23.2736
-19.7669;25.4827;32.2505;28.6362;23.3526
-19.8259;25.5644;32.3513;28.7371;23.4344
-19.8977;25.6529;32.4652;28.8507;23.5229
-19.9569;25.7462;32.5752;28.9611;23.6162
-20.0093;25.8404;32.6818;29.0683;23.7104
-20.0532;25.9266;32.7768;29.1639;23.7966
-20.0957;26.0163;32.8738;29.2617;23.8863
-20.1404;26.1026;32.9694;29.358;23.9726
-20.1918;26.1875;33.068;29.457;24.0575
-20.2481;26.2702;33.1679;29.5571;24.1402
-20.2892;26.3479;33.2545;29.6442;24.2179
-20.3177;26.4382;33.3434;29.7344;24.3082
-20.3504;26.5325;33.4382;29.8304;24.4025
-20.3636;26.6194;33.5152;29.9091;24.4894
-20.382;26.6982;33.5889;29.9841;24.5682
-20.4149;26.7771;33.6717;30.0677;24.6471
-20.4536;26.8603;33.7613;30.158;24.7303
-20.4893;26.9445;33.8499;30.2475;24.8145
-20.5204;27.0268;33.9342;30.3328;24.8968
-20.5487;27.1152;34.0218;30.4216;24.9852
-20.5782;27.2056;34.1117;30.5127;25.0756
-20.6105;27.2914;34.1996;30.6016;25.1614
-20.6366;27.3871;34.2917;30.6952;25.2571
-20.6711;27.5007;34.4032;30.8083;25.3707
-20.7095;27.601;34.5065;30.9126;25.471
-20.7478;27.7006;34.6091;31.0164;25.5706
-20.7827;27.7978;34.7079;31.1163;25.6678
-20.8157;27.8949;34.8055;31.2151;25.7649
-20.8334;27.9851;34.8883;31.2995;25.855
-20.8555;28.0715;34.9709;31.3834;25.9415
-20.8807;28.1519;35.0505;31.4641;26.0219
-20.8936;28.2439;35.132;31.5474;26.1139
-20.9037;28.3374;35.2133;31.6305;26.2074
-20.9192;28.4354;35.3014;31.7204;26.3054
-20.9278;28.5312;35.3836;31.8047;26.4012
-20.9371;28.6296;35.4685;31.8916;26.4996
-20.9468;28.7287;35.5543;31.9794;26.5987
-20.955;28.8285;35.6398;32.067;26.6985
-20.9671;28.927;35.7266;32.1557;26.797
-20.9862;29.0424;35.8313;32.2625;26.9124
-21.0191;29.1585;35.9447;32.3775;27.0285
-21.0562;29.2644;36.0523;32.4863;27.1344
-21.0906;29.3574;36.1479;32.5829;27.2274
-21.1302;29.4527;36.2484;32.6843;27.3227
-21.1635;29.5431;36.3413;32.7782;27.4131
-21.1966;29.6421;36.441;32.8791;27.5121
-21.2349;29.7387;36.542;32.981;27.6087
-21.2826;29.8437;36.6551;33.095;27.7137
-21.3302;29.9454;36.7656;33.2061;27.8154

-21.3742;-29.9596;36.8027;33.3097;27.9104
-21.4173;-29.8669;36.7523;33.4109;28.0031
-21.4542;-29.7756;36.6997;33.5076;28.0944
-21.488;-29.6856;36.6465;33.6014;28.1844
-21.5255;-29.5977;36.5974;33.6956;28.2723
-21.565;-29.5069;36.5473;33.7933;28.3631
-21.6047;-29.4176;36.4988;33.8898;28.4524
-21.6261;-29.3209;36.4336;33.9827;28.5491
-21.6488;-29.2232;36.3685;34.0771;28.6468
-21.6764;-29.1219;36.3037;34.1772;28.748
-21.7041;-29.028;36.2449;34.2711;28.842
-21.7227;-28.93;36.1776;34.3637;28.94
-21.7424;-28.8336;36.1125;34.4555;29.0364
-21.7656;-28.7378;36.05;34.5488;29.1322
-21.7894;-28.6456;35.9909;34.6393;29.2244
-21.816;-28.5515;35.9323;34.733;29.3184
-21.847;-28.4621;35.8801;34.8251;29.4079
-21.8671;-28.3645;35.815;34.9183;29.5055
-21.8862;-28.2605;35.7444;35.0165;29.6095
-21.8889;-28.1447;35.6546;35.1158;29.7253
-21.9065;-28.0508;35.5914;35.2047;29.8191
-21.9261;-27.9538;35.527;35.2973;29.9162
-21.9542;-27.8507;35.4633;35.3996;30.0193
-21.9842;-27.7491;35.4022;35.5016;30.1209
-22.0004;-27.6424;35.3287;35.6008;30.2276
-22.0123;-27.5276;35.2464;35.7046;30.3424
-22.0315;-27.4198;35.1743;35.8064;30.4502
-22.0465;-27.3185;35.1048;35.9004;30.5515
-22.0591;-27.2129;35.0307;35.9969;30.6571
-22.0953;-27.0995;34.9655;36.1125;30.7705
-22.1319;-26.9843;34.8995;36.2298;30.8857
-22.1622;-26.878;34.8366;36.3363;30.992
-22.1877;-26.777;34.7751;36.4358;31.093
-22.2123;-26.678;34.7146;36.5331;31.192
-22.2314;-26.585;34.6554;36.6224;31.285
-22.2528;-26.4801;34.5888;36.7232;31.3899
-22.2602;-26.3739;34.5123;36.8178;31.4961
-22.2681;-26.2744;34.4414;36.9071;31.5956
-22.2718;-26.1727;34.3663;36.9961;31.6973
-22.2755;-26.0753;34.2946;37.0815;31.7947
-22.2567;-25.9887;34.2166;37.1461;31.8813
-22.2314;-25.9162;34.145;37.1954;31.9538
-22.2083;-25.8197;34.0568;37.2665;32.0503
-22.1807;-25.7342;33.974;37.3261;32.1358
-22.1527;-25.6374;33.8824;37.3952;32.2325
-22.1236;-25.5415;33.7908;37.4632;32.3285
-22.096;-25.4473;33.7016;37.5306;32.4227
-22.0665;-25.3505;33.6092;37.5994;32.5195
-22.0395;-25.2516;33.5169;37.6715;32.6184
-22.0123;-25.1502;33.4227;37.7457;32.7198
-21.9816;-25.0554;33.3311;37.8127;32.8146
-21.9646;-24.9558;33.2451;37.8907;32.9142
-21.9409;-24.8533;33.1525;37.9682;33.0167
-21.9179;-24.7521;33.0615;38.0449;33.1179
-21.8937;-24.6535;32.9717;38.1188;33.2165
-21.8647;-24.5587;32.8815;38.1873;33.3113
-21.8342;-24.4608;32.7882;38.2578;33.4092
-21.8077;-24.3375;32.6786;38.3527;33.5325
-21.7705;-24.2346;32.5772;38.4246;33.6354
-21.7336;-24.1364;32.4795;38.4929;33.7336
-21.6974;-24.0326;32.3781;38.5665;33.8374
-21.6588;-23.9325;32.278;38.6359;33.9375
-21.6228;-23.8397;32.185;38.7002;34.0303
-21.5841;-23.7476;32.0909;38.7629;34.1224
-21.5526;-23.6579;32.0033;38.827;34.2121
-21.5238;-23.5706;31.9194;38.8903;34.2993
-21.4935;-23.4799;31.832;38.9562;34.3901
-21.4686;-23.3892;31.7483;39.0245;34.4807
-21.4439;-23.2926;31.6604;39.0984;34.5774
-21.4082;-23.1986;31.5672;39.1649;34.6714
-21.3657;-23.1102;31.4734;39.2235;34.7598
-21.3312;-23.0219;31.3852;39.2858;34.8481
-21.2989;-22.9423;31.3048;39.3416;34.9277
-21.2617;-22.854;31.2149;39.4029;35.016
-21.2226;-22.7665;31.1241;39.4628;35.1035
-21.1825;-22.6748;31.0297;39.5261;35.1952
-21.1455;-22.5847;30.9386;39.5896;35.2853
-21.108;-22.4932;30.8463;39.6542;35.3768
-21.062;-22.4018;30.7482;39.715;35.4682
-21.0225;-22.3075;30.6524;39.7816;35.5625
-20.9878;-22.2131;30.56;39.8505;35.6569
-20.9714;-22.1208;30.4816;39.9258;35.7492
-20.9566;-22.0186;30.3973;40.0107;35.8514
-20.9435;-21.9205;30.3173;40.0929;35.9495
-20.9314;-21.8211;30.2371;40.1766;36.0489
-20.9195;-21.7215;30.1571;40.2609;36.1485
-20.8924;-21.6185;30.0641;40.3415;36.2515
-20.8807;-21.5052;29.9745;40.4382;36.3648
-20.8725;-21.4021;29.8951;40.5273;36.4679
-20.8697;-21.2877;29.8112;40.6291;36.5823
-20.8723;-21.181;29.737;40.7263;36.689
-20.87;-21.067;29.6543;40.828;36.803
-20.8827;-20.9606;29.5877;40.9294;36.9094
-20.8986;-20.8558;29.5248;41.0309;37.0142
-20.9209;-20.7504;29.4663;41.1355;37.1196
-20.9498;-20.6521;29.4178;41.2368;37.2179
-20.9772;-20.5514;29.3667;41.3394;37.3186
-21.0069;-20.4524;29.3188;41.4416;37.4176
-21.0289;-20.3551;29.2668;41.5389;37.5149
-21.0507;-20.2558;29.2135;41.6379;37.6142
-21.0728;-20.1667;29.1678;41.7279;37.7033
-21.0948;-20.0697;29.1167;41.825;37.8003
-21.1114;-19.9796;29.0668;41.9135;37.8904
-21.121;-19.8782;29.0041;42.0093;37.9918
-21.1367;-19.7761;28.9457;42.1083;38.0939
-21.1567;-19.6767;28.8925;42.2068;38.1933
-21.1834;-19.5927;28.855;42.2942;38.2773
-21.2189;-19.5004;28.8185;42.3929;38.3696
-21.2534;-19.4036;28.7786;42.4951;38.4664
-21.2899;-19.3078;28.7411;42.5973;38.5622
-21.3253;-19.217;28.7065;42.6945;38.653
-21.3588;-19.1184;28.6655;42.798;38.7516
-21.3933;-19.0209;28.6264;42.9009;38.8491
-21.4366;-18.9191;28.5913;43.0115;38.9509
-21.467;-18.8227;28.5504;43.1118;39.0473
-21.5035;-18.7269;28.5149;43.214;39.1431
-21.538;-18.6392;28.4834;43.308;39.2308
-21.5726;-18.5484;28.4503;43.405;39.3216
-21.6101;-18.4594;28.4209;43.5014;39.4106
-21.6358;-18.3677;28.381;43.5954;39.5023
-21.6566;-18.2766;28.338;43.6868;39.5934
-21.6815;-18.1792;28.2944;43.7855;39.6908
-21.713;-18.084;28.2575;43.8852;39.786
-21.7444;-17.99;28.2217;43.9836;39.88
-21.7763;-17.8954;28.186;44.0829;39.9746
-21.81;-17.7952;28.1486;44.1879;40.0748
-21.8435;-17.6945;28.1111;44.2933;40.1755
-21.8915;-17.5982;28.088;44.401;40.2718
-21.9291;-17.5042;28.0585;44.502;40.3658
-21.9665;-17.41;28.0292;44.6032;40.46
-22.0044;-17.3082;27.9958;44.7115;40.5618
-22.0421;-17.1998;27.9586;44.8257;40.6702
-22.0687;-17.0919;27.9135;44.9348;40.7781
-22.0845;-16.982;27.8589;45.0412;40.888
-22.1027;-16.8789;27.8105;45.1424;40.9911
-22.1137;-16.7722;27.7547;45.244;41.0978
-22.1206;-16.6724;27.7;45.3375;41.1976
-22.118;-16.5706;27.6367;45.4289;41.2994
-22.1107;-16.4669;27.5688;45.5202;41.4031
-22.1114;-16.3645;27.5084;45.6136;41.5054
-22.1137;-16.2662;27.4518;45.7041;41.6038
-22.1123;-16.1705;27.3941;45.7906;41.6995
-22.1092;-16.0727;27.334;45.8785;41.7973
-22.1029;-15.9794;27.2742;45.9608;41.8906
-22.0968;-15.8831;27.2129;46.0461;41.9869
-22.093;-15.7931;27.1574;46.1267;42.0769
-22.0817;-15.7008;27.0946;46.2062;42.1691
-22.064;-15.5954;27.0192;46.2952;42.2745
-22.043;-15.4942;26.9438;46.3791;42.3758
-22.0224;-15.3941;26.8694;46.4622;42.4759
-22.0055;-15.2954;26.7991;46.5456;42.5746
-21.992;-15.1903;26.7282;46.6363;42.6797
-21.974;-15.0822;26.652;46.7281;42.7878
-21.9547;-14.9727;26.5743;46.8206;42.8973
-21.9363;-14.8614;26.4964;46.9153;43.0086
-21.9249;-14.7454;26.4221;47.0171;43.1246
-21.9141;-14.6375;26.3531;47.1118;43.2325
-21.9032;-14.5342;26.2868;47.2023;43.3358
-21.8977;-14.4238;26.2213;47.3014;43.4462
-21.8873;-14.3126;26.1516;47.3995;43.5574
-21.8774;-14.2122;26.0885;47.4879;43.6578
-21.861;-14.1153;26.0221;47.5706;43.7547
-21.8454;-14.0128;25.9534;47.6588;43.8572
-21.8354;-13.9127;25.8911;47.747;43.9573
-21.8184;-13.8116;25.8225;47.8334;44.0584
-21.7984;-13.7136;25.7533;47.916;44.1564
-21.7776;-13.6157;25.6837;47.9981;44.2543
-21.7622;-13.5215;25.6208;48.0791;44.3485
-21.7557;-13.4258;25.5648;48.1649;44.4442
-21.7451;-13.333;25.5073;48.2464;44.537
-21.7436;-13.2359;25.4553;48.3355;44.6341
-21.7332;-13.1452;25.3994;48.4153;44.7248
-21.7415;-13.046;25.3553;48.5101;44.824
-21.7619;-12.9487;25.3229;48.6078;44.9213
-21.7837;-12.8524;25.2926;48.7051;45.0176
-21.8034;-12.7622;25.2638;48.796;45.1078
-21.8216;-12.6779;25.2371;48.8809;45.1921
-21.8429;-12.593;25.213;48.9675;45.277
-21.8747;-12.5043;25.1964;49.0616;45.3657
-21.9108;-12.4138;25.1831;49.1591;45.4562
-21.9495;-12.3258;25.1735;49.2551;45.5442
-21.9981;-12.2313;25.1698;49.361;45.6387
-22.0512;-12.1546;25.1792;49.4522;45.7154
-22.1026;-12.0737;25.1853;49.5466;45.7963
-22.1517;-11.9932;25.19;49.6398;45.8768
-22.2027;-11.911;25.1958;49.7352;45.959
-22.2532;-11.8359;25.205;49.8239;46.0341
-22.3068;-11.7546;25.2144;49.9195;46.1154
-22.3609;-11.6714;25.2236;50.0171;46.1986
-22.4221;-11.583;25.2372;50.1222;46.287
-22.4824;-11.5046;25.255;50.2178;46.3654
-22.5437;-11.4279;25.2748;50.3121;46.4421
-22.6061;-11.3505;25.2956;50.4076;46.5195
-22.6725;-11.2738;25.3208;50.5039;46.5962
-22.7373;-11.187;25.3403;50.609;46.683
-22.8028;-11.1109;25.3658;50.7045;46.7591
-22.8662;-11.0349;25.3896;50.7992;46.8351
-22.9326;-10.962;25.4179;50.892;46.9079
-22.988;-10.8854;25.435;50.9842;46.9846
-23.0476;-10.805;25.4546;51.0814;47.065
-23.099;-10.7284;25.4688;51.172;47.1416
-23.1409;-10.6407;25.4701;51.2691;47.2293
-23.1745;-10.5422;25.4596;51.3729;47.3278
-23.2117;-10.4415;25.4521;51.4801;47.4285
-23.2425;-10.3425;25.4398;51.5833;47.5275
-23.2664;-10.2411;25.4206;51.686;47.6289
-23.2798;-10.151;25.3966;51.7742;47.719
-23.2846;-10.0678;25.3679;51.8528;47.8022
-23.2895;-9.97601;25.3362;51.9394;47.894
-23.293;-9.87953;25.3015;52.0297;47.9905
-23.3032;-9.78502;25.2742;52.1208;48.085
-23.3125;-9.69865;25.2495;52.204;48.1713
-23.3244;-9.6012;25.2232;52.2986;48.2688
-23.3355;-9.50537;25.1972;52.3913;48.3646
-23.3431;-9.40919;25.1681;52.483;48.4608
-23.35;-9.31086;25.1379;52.5765;48.5591
-23.3571;-9.21643;25.1097;52.6664;48.6536
-23.3607;-9.1194;25.0776;52.7575;48.7506
-23.3586;-9.02179;25.0403;52.8469;48.8482
-23.3562;-8.9237;25.0029;52.9366;48.9463
-23.3483;-8.81738;24.9578;53.0319;49.0526
-23.3226;-8.70625;24.8946;53.125;49.1637
-23.2935;-8.60855;24.8333;53.2044;49.2614
-23.2718;-8.50949;24.7788;53.288;49.3605
-23.2541;-8.40201;24.7254;53.3809;49.468
-23.2383;-8.30111;24.6764;53.4685;49.5689
-23.2262;-8.19781;24.6305;53.5597;49.6722
-23.2123;-8.09057;24.5818;53.654;49.7794
-23.1946;-7.98546;24.5307;53.745;49.8845
-23.1772;-7.88343;24.4813;53.8332;49.9866
-23.1496;-7.79197;24.4258;53.9079;50.078
-23.1197;-7.69823;24.3677;53.984;50.1718
-23.0851;-7.61291;24.308;54.0505;50.2571
-23.0524;-7.52086;24.2482;54.1241;50.3491
-23.0231;-7.42384;24.1904;54.2037;50.4462
-22.9989;-7.32225;24.1364;54.2894;50.5477
-22.9753;-7.22096;24.0833;54.3751;50.649
-22.9509;-7.11905;24.0296;54.4612;50.7509
-22.9271;-7.02271;23.9786;54.5424;50.8473
-22.9009;-6.92616;23.9254;54.623;50.9438
-22.8715;-6.821;23.867;54.7105;51.049
-22.84;-6.72207;23.8087;54.7915;51.1479
-22.8145;-6.62105;23.7558;54.8767;51.2489
-22.7898;-6.52005;23.7041;54.9622;51.3499
-22.768;-6.40246;23.6511;55.0643;51.4675
-22.7595;-6.29013;23.6127;55.1663;51.5799
-22.7521;-6.17457;23.575;55.2717;51.6954
-22.7418;-6.05772;23.5347;55.3774;51.8123
-22.7457;-5.95788;23.513;55.4722;51.9121
-22.7459;-5.85538;23.4875;55.5682;52.0146
-22.7549;-5.75401;23.4711;55.6663;52.116
-22.7609;-5.65407;23.4526;55.762;52.2159
-22.7684;-5.5541;23.4361;55.8582;52.3159
-22.768;-5.45383;23.4121;55.952;52.4162
-22.7522;-5.36623;23.3765;56.0286;52.5038
-22.7249;-5.2779;23.3297;56.1018;52.5921
-22.688;-5.18898;23.2739;56.1724;52.681
-22.6339;-5.0946;23.2002;56.2422;52.7754
-22.578;-5.00838;23.1268;56.3038;52.8616
-22.5171;-4.92651;23.0497;56.3598;52.9435
-22.4426;-4.84266;22.9591;56.4131;53.0273
-22.3675;-4.7675;22.87;56.4582;53.1025
-22.2837;-4.70302;22.7746;56.4905;53.167
-22.2036;-4.64017;22.6833;56.5226;53.2298
-22.1266;-4.57894;22.5954;56.5545;53.2911
-22.0469;-4.51946;22.5053;56.5839;53.3505
-21.9689;-4.47308;22.4197;56.6017;53.3969
-21.8988;-4.42619;22.3416;56.6228;53.4438
-21.8249;-4.36927;22.258;56.6522;53.5007
-21.7508;-4.30165;22.1721;56.6917;53.5683
-21.6762;-4.23749;22.0865;56.728;53.6325
-21.6014;-4.17218;22.0007;56.7655;53.6978
-21.5317;-4.1048;21.9195;56.8067;53.7652
-21.442;-4.03027;21.8175;56.8484;53.8397
-21.3621;-3.96261;21.7265;56.8869;53.9074
-21.2904;-3.89888;21.6444;56.9244;53.9711
-21.2167;-3.82366;21.5585;56.9724;54.0463
-21.1459;-3.7419;21.4744;57.0276;54.1281
-21.08;-3.66123;21.3956;57.0835;54.2088
-21.0133;-3.58331;21.3166;57.1367;54.2867
-20.9445;-3.50229;21.2353;57.1923;54.3677
-20.8747;-3.42463;21.1538;57.2445;54.4454
-20.8104;-3.3601;21.0799;57.2861;54.5099
-20.7446;-3.29066;21.0039;57.332;54.5793
-20.6832;-3.21821;20.932;57.3822;54.6518
-20.6186;-3.14568;20.8572;57.4316;54.7243
-20.5561;-3.08419;20.7862;57.4713;54.7858
-20.4909;-3.01276;20.7112;57.5198;54.8572
-20.4341;-2.95014;20.646;57.5625;54.9198
-20.3631;-2.88036;20.5658;57.6079;54.9896
-20.3041;-2.80296;20.4967;57.6642;55.067
-20.2421;-2.72793;20.4251;57.7175;55.1421
-20.1867;-2.65516;20.3606;57.7707;55.2148
-20.1501;-2.58522;20.3152;57.8268;55.2848
-20.1102;-2.49832;20.2648;57.8982;55.3717
-20.0694;-2.40949;20.2135;57.9713;55.4605
-20.0342;-2.32322;20.1685;58.0436;55.5468
-19.9977;-2.23372;20.1221;58.1187;55.6363
-19.9666;-2.14654;20.0817;58.1932;55.7235
-19.9322;-2.05713;20.0381;58.2689;55.8129
-19.8977;-1.96618;19.9946;58.3462;55.9038
-19.8625;-1.87408;19.9507;58.4244;55.9959
-19.8226;-1.77917;19.9023;58.504;56.0908
-19.7932;-1.68748;19.865;58.5836;56.1825
-19.764;-1.59322;19.8281;58.6657;56.2768
-19.7246;-1.48914;19.7807;58.7545;56.3809
-19.6875;-1.39063;19.7366;58.8386;56.4794
-19.6493;-1.30325;19.6925;58.9118;56.5667
-19.6214;-1.20734;19.6586;58.9961;56.6627
-19.5967;-1.11718;19.6285;59.0759;56.7528
-19.5775;-1.01568;19.6039;59.1681;56.8543
-19.5518;-0.905314;19.5727;59.267;56.9647
-19.5308;-0.804136;19.5473;59.3585;57.0659
-19.4804;-0.704896;19.4931;59.44;57.1651
-19.4324;-0.611918;19.442;59.5164;57.2581
-19.3976;-0.506962;19.4043;59.6079;57.363
-19.3486;-0.412517;19.353;59.6855;57.4575
-19.2964;-0.321011;19.2991;59.7595;57.549
-19.2435;-0.242812;19.2451;59.8206;57.6272
-19.1852;-0.164131;19.1859;59.8808;57.7059
-19.1197;-0.0897127;19.1199;59.9351;57.7803
-19.0516;-0.0141194;19.0516;59.9899;57.8559
-18.9812;0.0563196;18.9813;60.0393;57.9263
-18.9032;0.132368;18.9036;60.0922;58.0024
-18.8229;0.199654;18.824;60.1363;58.0696
-18.7415;0.263524;18.7434;60.1769;58.1335
-18.6648;0.324933;18.6677;60.2164;58.1949
-18.58;0.384092;18.584;60.2519;58.2541
-18.4955;0.438912;18.5007;60.2834;58.3089
-18.4101;0.491476;18.4166;60.3126;58.3615
-18.323;0.541582;18.331;60.3392;58.4116
-18.243;0.598941;18.2528;60.3748;58.4689
-18.1571;0.649714;18.1688;60.4026;58.5197
-18.0597;0.700198;18.0733;60.4275;58.5702
-17.9729;0.735848;17.988;60.4407;58.6058
-17.8794;0.780449;17.8964;60.4612;58.6504
-17.7913;0.820949;17.8103;60.4792;58.6909
-17.6991;0.865802;17.7203;60.5005;58.7358
-17.6053;0.909042;17.6287;60.5201;58.779
-17.5143;0.951819;17.5401;60.5401;58.8218
-17.4175;1.00419;17.4464;60.5681;58.8742
-17.3218;1.05222;17.3537;60.5924;58.9222
-17.2282;1.10298;17.2634;60.6201;58.973
-17.1425;1.15471;17.1813;60.6506;59.0247
-17.0558;1.21362;17.0989;60.6881;59.0836
-16.9659;1.25807;17.0125;60.7109;59.1281
-16.8752;1.30259;16.9254;60.7338;59.1726
-16.784;1.35289;16.8384;60.7623;59.2229
-16.6854;1.39882;16.7439;60.7851;59.2688
-16.5816;1.44458;16.6444;60.8068;59.3146
-16.4885;1.48707;16.5554;60.8278;59.3571
-16.3947;1.52878;16.4658;60.8481;59.3988
-16.3054;1.56649;16.3805;60.8656;59.4365
-16.2188;1.60978;16.2985;60.8893;59.4798
-16.1308;1.65371;16.2154;60.9135;59.5237
-16.0493;1.71268;16.1404;60.9539;59.5827
-15.9621;1.75338;16.0581;60.9753;59.6234
-15.877;1.81212;15.9801;61.015;59.6821
-15.7917;1.86606;15.9016;61.0501;59.7361
-15.6817;1.91184;15.7978;61.0723;59.7818
-15.5953;1.951;15.7169;61.0931;59.821
-15.4989;1.98987;15.6261;61.1116;59.8599
-15.3912;2.02325;15.5236;61.1228;59.8932
-15.2906;2.06479;15.4294;61.1435;59.9348
-15.1892;2.09512;15.3331;61.1532;59.9651
-15.0818;2.11093;15.2289;61.1478;59.9809
-14.9733;2.1109;15.1214;61.1267;59.9809
-14.8696;2.11115;15.0187;61.1071;59.9811
-14.7684;2.11221;14.9187;61.0889;59.9822
-14.665;2.1149;14.8168;61.072;59.9849
-14.561;2.10282;14.7121;61.0407;59.9728
-14.4653;2.08976;14.6155;61.0101;59.9597
-14.372;2.06391;14.5194;60.9675;59.9339
-14.2763;2.03531;14.4206;60.9219;59.9053
-14.1849;1.99771;14.3249;60.8684;59.8677
-14.0895;1.96165;14.2254;60.8157;59.8316
-13.9914;1.91919;14.1224;60.7565;59.7892
-13.9023;1.8689;14.0273;60.6912;59.7389
-13.8177;1.81755;13.9367;60.6257;59.6875
-13.73;1.76896;13.8435;60.5626;59.639
-13.644;1.71576;13.7515;60.4953;59.5858
-13.5592;1.66101;13.6606;60.4268;59.531
-13.475;1.60018;13.5696;60.3524;59.4702
-13.3912;1.55205;13.4808;60.2908;59.422
-13.3075;1.50577;13.3925;60.2311;59.3758
-13.2241;1.44832;13.3032;60.1605;59.3183
-13.1422;1.38975;13.2154;60.0891;59.2597
-13.068;1.32939;13.1355;60.0173;59.1994
-13.0046;1.26026;13.0656;59.9387;59.1303
-12.9369;1.19279;12.9918;59.8611;59.0628
-12.8708;1.12632;12.92;59.7848;58.9963
-12.8101;1.06684;12.8545;59.7163;58.9368
-12.7466;1.00381;12.786;59.6439;58.8738
-12.6909;0.919997;12.7242;59.5522;58.79
-12.6268;0.840376;12.6547;59.4634;58.7104
-12.5685;0.76435;12.5918;59.3791;58.6343
-12.5089;0.68736;12.5278;59.2937;58.5574
-12.4488;0.622493;12.4644;59.2202;58.4925
-12.3974;0.562896;12.4101;59.1534;58.4329
-12.3368;0.501436;12.347;59.0832;58.3714
-12.274;0.426256;12.2814;58.9993;58.2962
-12.2004;0.345599;12.2053;58.9083;58.2156
-12.1315;0.26466;12.1344;58.8178;58.1347
-12.0598;0.186877;12.0612;58.73;58.0569
-11.9875;0.10857;11.988;58.6417;57.9786
-11.9153;0.0286195;11.9153;58.5519;57.8986
-11.8452;-0.0369215;11.8452;58.4767;57.8331
-11.7725;-0.102855;11.7729;58.4007;57.7671
-11.7082;-0.162294;11.7093;58.3325;57.7077
-11.6357;-0.227023;11.6379;58.2579;57.643
-11.5622;-0.294219;11.5659;58.1808;57.5758
-11.4936;-0.367259;11.4995;58.0987;57.5027
-11.412;-0.460059;11.4213;57.9953;57.4099
-11.3398;-0.534821;11.3524;57.911;57.3352
-11.2668;-0.621427;11.2839;57.8151;57.2486
-11.1982;-0.702124;11.2202;57.7256;57.1679
-11.1441;-0.790159;11.1721;57.6309;57.0798
-11.0705;-0.871987;11.1048;57.5398;56.998
-10.995;-0.933628;11.0345;57.4684;56.9364
-10.9179;-0.997084;10.9633;57.3951;56.8729
-10.834;-1.06344;10.886;57.3181;56.8066
-10.7527;-1.13502;10.8124;57.2364;56.735
-10.673;-1.20203;10.7405;57.1595;56.668
-10.5912;-1.26549;10.6665;57.0859;56.6045
-10.5175;-1.32276;10.6003;57.0196;56.5472
-10.4507;-1.3793;10.5413;56.955;56.4907
-10.3716;-1.42059;10.4685;56.904;56.4494
-10.2909;-1.46347;10.3945;56.8513;56.4065
-10.2058;-1.5077;10.3165;56.7969;56.3623
-10.1125;-1.54737;10.2302;56.7461;56.3226
-10.0189;-1.58679;10.1438;56.6956;56.2832
-9.92996;-1.61799;10.0609;56.654;56.252
-9.83831;-1.65059;9.97581;56.6108;56.2194
-9.74833;-1.69663;9.89487;56.5545;56.1734
-9.65146;-1.73744;9.8066;56.5029;56.1326
-9.5556;-1.77656;9.71935;56.4531;56.0934
-9.46384;-1.83454;9.64001;56.3852;56.0355
-9.37423;-1.89201;9.56326;56.3182;55.978
-9.29257;-1.94875;9.49471;56.2529;55.9212
-9.19764;-2.01422;9.4156;56.1776;55.8558
-9.12314;-2.08324;9.35797;56.101;55.7868
-9.04504;-2.15281;9.29771;56.0236;55.7172
-8.985;-2.22987;9.25757;55.9408;55.6401
-8.92957;-2.30438;9.22211;55.8609;55.5656
-8.86744;-2.37661;9.1804;55.7827;55.4934
-8.80872;-2.46011;9.14581;55.6937;55.4099
-8.75671;-2.55022;9.1205;55.5988;55.3198
-8.70523;-2.64002;9.09674;55.5043;55.23
-8.65471;-2.71596;9.07086;55.4238;55.154
-8.60551;-2.80342;9.05064;55.3319;55.0666
-8.55447;-2.89197;9.03008;55.2388;54.978
-8.49294;-2.98177;9.00116;55.1435;54.8882
-8.437;-3.07393;8.97954;55.0464;54.7961
-8.38876;-3.1626;8.96511;54.9535;54.7074
-8.34314;-3.24824;8.95316;54.864;54.6218
-8.29645;-3.32623;8.93839;54.782;54.5438
-8.24648;-3.41006;8.92373;54.6939;54.4599
-8.19776;-3.49364;8.91116;54.6062;54.3764
-8.15312;-3.58487;8.90644;54.5112;54.2851
-8.1115;-3.67489;8.90512;54.4178;54.1951
-8.05183;-3.76214;8.88739;54.3256;54.1079
-7.99286;-3.84611;8.87008;54.2367;54.0239
-7.93987;-3.93531;8.86162;54.1431;53.9347
-7.88508;-4.0224;8.85178;54.0516;53.8476
-7.82885;-4.10563;8.84009;53.9638;53.7644
-7.77617;-4.18837;8.8324;53.8769;53.6816
-7.72621;-4.27482;8.82997;53.7865;53.5952
-7.67861;-4.35827;8.82924;53.6994;53.5117
-7.62843;-4.44142;8.82719;53.6123;53.4286
-7.57832;-4.5262;8.82708;53.5237;53.3438
-7.5312;-4.61524;8.83286;53.4311;53.2548
-7.48167;-4.70404;8.83761;53.3386;53.166
-7.42884;-4.79113;8.83983;53.2476;53.0789
-7.37817;-4.87982;8.84591;53.1552;52.9902
-7.31072;-4.98159;8.84663;53.0484;52.8884
-7.25161;-5.0808;8.8544;52.945;52.7892
-7.18403;-5.16983;8.85084;52.8511;52.7002
-7.11631;-5.24968;8.84313;52.7664;52.6203
-7.03787;-5.32806;8.82722;52.6824;52.5419
-6.96986;-5.39667;8.81493;52.6091;52.4733
-6.91264;-5.47788;8.81996;52.524;52.3921
-6.85557;-5.55982;8.82669;52.4382;52.3102
-6.80327;-5.64235;8.83858;52.3523;52.2276
-6.7524;-5.72515;8.85281;52.2662;52.1448
-6.68904;-5.80596;8.85734;52.1813;52.064
-6.62498;-5.88497;8.86133;52.0982;51.985
-6.55535;-5.96905;8.86578;52.0097;51.9009
-6.50436;-6.07504;8.90016;51.9007;51.795
-6.46179;-6.17007;8.93445;51.8031;51.6999
-6.42258;-6.27956;8.98234;51.6914;51.5904
-6.39589;-6.37151;9.02793;51.598;51.4985
-6.35373;-6.46009;9.06106;51.507;51.4099
-6.3237;-6.53843;9.09616;51.4269;51.3316
-6.29146;-6.62664;9.13755;51.3369;51.2434
-6.2612;-6.72249;9.18665;51.2394;51.1475
-6.22272;-6.81791;9.23072;51.1419;51.0521
-6.18681;-6.90454;9.27088;51.0533;50.9655
-6.13687;-6.99183;9.30306;50.9633;50.8782
-6.09463;-7.08663;9.34692;50.8662;50.7834
-6.06427;-7.18158;9.39949;50.7697;50.6884
-6.04276;-7.27488;9.4572;50.6753;50.5951
-6.02112;-7.36989;9.51678;50.5792;50.5001
-5.99293;-7.46792;9.57523;50.4798;50.4021
-5.96863;-7.56867;9.63894;50.3778;50.3013
-5.94864;-7.67916;9.71369;50.2664;50.1908
-5.92541;-7.7822;9.78126;50.1623;50.0878
-5.90876;-7.89503;9.86129;50.0487;49.975
-5.89044;-8.00009;9.93473;49.9428;49.8699
-5.86873;-8.09389;9.99765;49.848;49.7761
-5.8436;-8.19074;10.0616;49.7499;49.6793
-5.8199;-8.27605;10.1175;49.6635;49.5939
-5.78851;-8.36875;10.1756;49.5692;49.5012
-5.75315;-8.46034;10.2311;49.4759;49.4097
-5.71812;-8.55317;10.2885;49.3814;49.3168
-5.68163;-8.64655;10.3462;49.2863;49.2234
-5.64934;-8.75257;10.4174;49.1788;49.1174
-5.61834;-8.85347;10.4857;49.0765;49.0165
-5.58719;-8.95729;10.557;48.9713;48.9127
-5.57554;-9.05852;10.6369;48.8696;48.8115
-5.57189;-9.1597;10.7213;48.7683;48.7103
-5.55963;-9.244;10.7871;48.6835;48.626
-5.5535;-9.33432;10.8614;48.593;48.5357
-5.54839;-9.42532;10.9372;48.5019;48.4447
-5.5268;-9.51659;11.005;48.4097;48.3534
-5.51745;-9.61104;11.0822;48.3149;48.259
-5.50552;-9.71202;11.164;48.2135;48.158
-5.49314;-9.81661;11.249;48.1084;48.0534
-5.48394;-9.92149;11.3362;48.0032;47.9485
-5.48697;-10.0225;11.4262;47.9025;47.8475
-5.48745;-10.1263;11.5176;47.7988;47.7437
-5.48167;-10.2327;11.6085;47.6922;47.6373
-5.47674;-10.3336;11.6952;47.5912;47.5364
-5.47378;-10.4387;11.7868;47.4861;47.4313
-5.47167;-10.5405;11.8761;47.3843;47.3295
-5.46784;-10.6401;11.9628;47.2846;47.2299
-5.45925;-10.7414;12.0491;47.1831;47.1286
-5.45328;-10.8435;12.1376;47.0807;47.0265
-5.45308;-10.9412;12.2248;46.9832;46.9288
-5.46204;-11.0371;12.3147;46.8878;46.8329
-5.46855;-11.1161;12.3885;46.8092;46.7538
-5.45888;-11.2004;12.4599;46.7246;46.6696
-5.44816;-11.2782;12.5252;46.6463;46.5917
-5.44344;-11.3656;12.6019;46.5588;46.5044
-5.45243;-11.4559;12.6873;46.469;46.4141
-5.45125;-11.5345;12.7578;46.3905;46.3355
-5.46427;-11.6155;12.8366;46.3102;46.2545
-5.47955;-11.7071;12.926;46.2195;46.1629
-5.47816;-11.8016;13.0111;46.125;46.0684
-5.48277;-11.9039;13.1059;46.0231;45.9661
-5.48911;-12.0052;13.2005;45.9223;45.8648
-5.49663;-12.1124;13.3012;45.8155;45.7576
-5.5109;-12.2181;13.4034;45.7107;45.6519
-5.52201;-12.3245;13.505;45.605;45.5455
-5.52634;-12.4168;13.5911;45.513;45.4532
-5.53842;-12.5144;13.6852;45.4162;45.3556
-5.54726;-12.6084;13.7748;45.3227;45.2616
-5.56315;-12.7049;13.8695;45.2273;45.1651
-5.58651;-12.8072;13.9726;45.1264;45.0628
-5.60988;-12.907;14.0734;45.0279;44.963
-5.6313;-13.0083;14.1749;44.9279;44.8617
-5.65857;-13.092;14.2625;44.8458;44.778
-5.68525;-13.1818;14.3556;44.7576;44.6882
-5.71103;-13.2734;14.4499;44.6676;44.5966
-5.73802;-13.3645;14.5442;44.5782;44.5055
-5.76278;-13.4538;14.6361;44.4904;44.4162
-5.77673;-13.5382;14.7192;44.407;44.3317
-5.78986;-13.6279;14.8069;44.3182;44.2421
-5.81084;-13.7189;14.8988;44.2286;44.1511
-5.82811;-13.811;14.9904;44.1377;44.059
-5.85491;-13.9123;15.0942;44.0382;43.9576
-5.88417;-14.0079;15.1936;43.9445;43.8621
-5.91154;-14.0999;15.289;43.8544;43.7701
-5.94896;-14.1976;15.3935;43.7593;43.6724
-5.98771;-14.2915;15.4951;43.668;43.5785
-6.02291;-14.3974;15.6065;43.5645;43.4726
-6.05636;-14.4974;15.7116;43.467;43.3726
-6.08347;-14.6011;15.8177;43.3653;43.2689
-6.10824;-14.7003;15.9188;43.268;43.1697
-6.1233;-14.7934;16.0106;43.1761;43.0766
-6.14172;-14.8929;16.1096;43.0781;42.9771
-6.16219;-14.988;16.2053;42.9846;42.882
-6.19811;-15.0892;16.3126;42.8862;42.7808
-6.23702;-15.1804;16.4117;42.798;42.6896
-6.28551;-15.2723;16.5152;42.7098;42.5977
-6.33306;-15.3658;16.6197;42.62;42.5042
-6.3773;-15.4447;16.7095;42.5446;42.4253
-6.43233;-15.5472;16.8253;42.4466;42.3228
-6.47898;-15.6433;16.9319;42.3543;42.2267
-6.52157;-15.7363;17.0342;42.2649;42.1337
-6.56213;-15.8289;17.1352;42.1759;42.0411
-6.59059;-15.9316;17.241;42.0758;41.9384
-6.61175;-16.0293;17.3394;41.9801;41.8407
-6.63927;-16.1316;17.4445;41.8804;41.7384
-6.67407;-16.235;17.5533;41.7803;41.635
-6.7067;-16.3354;17.6585;41.683;41.5346
-6.74461;-16.4399;17.7697;41.582;41.4301
-6.77499;-16.5415;17.8752;41.4834;41.3285
-6.80126;-16.6411;17.9773;41.3865;41.2289
-6.82897;-16.7339;18.0737;41.2965;41.1361
-6.85446;-16.8283;18.1707;41.2047;41.0417
-6.88;-16.9266;18.2714;41.109;40.9434
-6.90467;-17.0314;18.3778;41.0069;40.8386
-6.92583;-17.1376;18.4841;40.9031;40.7324
-6.94158;-17.2407;18.5857;40.8018;40.6293
-6.94036;-17.3459;18.6829;40.6969;40.5241
-6.94377;-17.4537;18.7842;40.5899;40.4163
-6.9625;-17.5584;18.8885;40.4874;40.3116
-6.97925;-17.6467;18.9767;40.4011;40.2233
-7.00599;-17.7446;19.0776;40.3061;40.1254
-7.03833;-17.8289;19.1679;40.2253;40.0411
-7.07238;-17.9117;19.2574;40.1461;39.9583
-7.11204;-18.0004;19.3545;40.0617;39.8696
-7.1519;-18.0909;19.4532;39.9756;39.7791
-7.18892;-18.179;19.5488;39.8916;39.691
-7.22868;-18.2682;19.6464;39.8068;39.6018
-7.27411;-18.3592;19.7477;39.721;39.5108
-7.31989;-18.4463;19.8456;39.6391;39.4237
-7.36906;-18.5331;19.9444;39.5579;39.3369
-7.42026;-18.6163;20.0406;39.4806;39.2537
-7.47238;-18.7042;20.1416;39.3989;39.1658
-7.53283;-18.7943;20.2477;39.316;39.0757
-7.60289;-18.8836;20.3567;39.235;38.9864
-7.66961;-18.9666;20.4586;39.1601;38.9034
-7.71908;-19.0357;20.5412;39.0972;38.8343
-7.76824;-19.096;20.6156;39.0429;38.774
-7.82386;-19.165;20.7005;38.981;38.705
-7.88248;-19.2396;20.7917;38.914;38.6304
-7.94829;-19.3184;20.8896;38.8438;38.5516
-8.01541;-19.396;20.987;38.775;38.474
-8.08303;-19.4666;21.078;38.7135;38.4034
-8.16989;-19.5333;21.173;38.6584;38.3367
-8.25137;-19.5934;21.2599;38.6094;38.2766
-8.32209;-19.6504;21.34;38.5622;38.2196
-8.3934;-19.7091;21.4219;38.5136;38.1609
-8.46558;-19.7735;21.5094;38.4596;38.0965
-8.53619;-19.8292;21.5885;38.4142;38.0408
-8.62262;-19.8865;21.6754;38.3696;37.9835
-8.71629;-19.9643;21.7841;38.3059;37.9056
-8.79865;-20.0397;21.8862;38.2433;37.8303
-8.86913;-20.1028;21.9723;38.1914;37.7672
-8.9331;-20.1755;22.0647;38.129;37.6945
-8.99354;-20.2475;22.155;38.067;37.6225
-9.05846;-20.3282;22.2552;37.9972;37.5418
-9.12344;-20.4093;22.3557;37.9272;37.4607
-9.18704;-20.4867;22.4523;37.8607;37.3833
-9.24888;-20.569;22.5527;37.7893;37.301
-9.3059;-20.6606;22.6597;37.7081;37.2094
-9.36355;-20.7535;22.7681;37.6258;37.1165
-9.41669;-20.841;22.8697;37.5483;37.029
-9.46536;-20.9193;22.9611;37.4792;36.9507
-9.51855;-20.995;23.052;37.4135;36.875
-9.57458;-21.0745;23.1475;37.3448;36.7955
-9.63471;-21.1516;23.2426;37.2792;36.7184
-9.69916;-21.2362;23.3463;37.207;36.6338
-9.76026;-21.3167;23.4449;37.1385;36.5533
-9.82044;-21.3956;23.5418;37.0715;36.4744
-9.88086;-21.4842;23.6474;36.9953;36.3858
-9.93437;-21.5569;23.7359;36.9335;36.3131
-9.9896;-21.638;23.8326;36.864;36.232
-10.0516;-21.7179;23.9312;36.7969;36.1521
-10.117;-21.8082;24.0406;36.7205;36.0618
-10.1805;-21.8978;24.1486;36.6445;35.9722
-10.2365;-21.9806;24.2474;36.5739;35.8893
-10.2861;-22.0626;24.3426;36.5031;35.8074
-10.3432;-22.1483;24.4445;36.4302;35.7217
-10.4122;-22.2193;24.538;36.3743;35.6507
-10.4789;-22.2924;24.6325;36.3159;35.5776
-10.5573;-22.368;24.7343;36.2577;35.502
-10.6292;-22.4376;24.8279;36.2042;35.4324
-10.701;-22.5072;24.9216;36.1509;35.3627
-10.7734;-22.5772;25.0159;36.0977;35.2928
-10.8399;-22.6465;25.1071;36.044;35.2235
-10.9094;-22.7199;25.2033;35.9871;35.1501
-10.9775;-22.7946;25.3002;35.9288;35.0754
-11.0311;-22.872;25.3932;35.8649;34.998
-11.0862;-22.9428;25.4809;35.8079;34.9272
-11.127;-23.0237;25.5715;35.7381;34.8463
-11.1697;-23.1043;25.6626;35.669;34.7657
-11.2135;-23.1891;25.7581;35.5962;34.6809
-11.2569;-23.2831;25.8616;35.5145;34.5869
-11.2911;-23.3842;25.9675;35.4238;34.4858
-11.3126;-23.4835;26.0663;35.3321;34.3865
-11.3373;-23.5908;26.1736;35.2334;34.2792
-11.3615;-23.6997;26.2823;35.133;34.1703
-11.3788;-23.8064;26.386;35.0333;34.0636
-11.3844;-23.9186;26.4897;34.9255;33.9513
-11.3842;-24.0186;26.58;34.8283;33.8514
-11.393;-24.1126;26.6686;34.739;33.7574
-11.4048;-24.2124;26.764;34.6448;33.6576
-11.4226;-24.3145;26.8639;34.5499;33.5555
-11.4271;-24.4072;26.9498;34.4609;33.4628
-11.433;-24.5049;27.0407;34.3675;33.3651
-11.4408;-24.5997;27.13;34.2773;33.2703
-11.4439;-24.6802;27.2043;34.1999;33.1898
-11.453;-24.7717;27.2912;34.1134;33.0983
-11.4559;-24.8732;27.3846;34.0156;32.9968
-11.4632;-24.9674;27.4731;33.926;32.9026
-11.4879;-25.0555;27.5636;33.8466;32.8145
-11.5178;-25.1433;27.6558;33.7688;32.7267
-11.5496;-25.2363;27.7537;33.6866;32.6337
-11.5813;-25.3326;27.8543;33.6012;32.5374
-11.6172;-25.426;27.9543;33.5198;32.444
-11.6539;-25.515;28.0505;33.4429;32.355
-11.6935;-25.6161;28.1588;33.3552;32.2539
-11.7303;-25.7044;28.2545;33.2793;32.1656
-11.7682;-25.7943;28.352;33.2021;32.0757
-11.8197;-25.8949;28.4649;33.1183;31.9751
-11.8677;-25.9846;28.5664;33.0443;31.8854
-11.9133;-26.0661;28.6595;32.9776;31.8039
-11.9617;-26.1582;28.7634;32.9017;31.7118
-12.0087;-26.2476;28.8643;32.8281;31.6224
-12.0628;-26.3269;28.9589;32.7664;31.5431
-12.1073;-26.3902;29.035;32.7175;31.4798
-12.1581;-26.4625;29.1218;32.6619;31.4075
-12.213;-26.5393;29.2146;32.6032;31.3307
-12.2663;-26.6177;29.3081;32.5427;31.2523
-12.3231;-26.6941;29.4012;32.4852;31.1759
-12.3766;-26.769;29.4917;32.4284;31.101
-12.4218;-26.8545;29.5883;32.3593;31.0155
-12.4505;-26.937;29.6752;32.2885;30.933
-12.4793;-27.0258;29.7679;32.2118;30.8442
-12.5109;-27.116;29.863;32.1345;30.754
-12.5419;-27.2064;29.9581;32.057;30.6636
-12.5719;-27.3006;30.0562;31.9757;30.5694
-12.6035;-27.3973;30.1573;31.8926;30.4727
-12.6312;-27.5024;30.2644;31.8004;30.3675
-12.6589;-27.6094;30.3731;31.7065;30.2606
-12.6783;-27.7074;30.4703;31.6188;30.1626
-12.6935;-27.8099;30.5699;31.5256;30.0601
-12.6978;-27.9204;30.6722;31.4216;29.9496
-12.7045;-28.0231;30.7684;31.3258;29.8469
-12.712;-28.1237;30.8632;31.2322;29.7463
-12.7041;-28.2239;30.9513;31.1343;29.6461
-12.6947;-28.3281;31.0425;31.0323;29.5419
-12.6883;-28.4268;31.1299;30.9364;29.4432
-12.6868;-28.5191;31.2137;30.848;29.3509
-12.6886;-28.6026;31.2907;30.7692;29.2674
-12.7022;-28.6924;31.3783;30.688;29.1776
-12.719;-28.7783;31.4637;30.6116;29.0917
-12.7389;-28.8799;31.5646;30.5212;28.9901
-12.7623;-28.978;31.6639;30.4354;28.892
-12.7898;-29.0765;31.7651;30.3507;28.7935
-12.8292;-29.1741;31.8703;30.2706;28.6959
-12.8677;-29.2692;31.9728;30.1928;28.6008
-12.9069;-29.3533;32.0656;30.1257;28.5167
-12.9487;-29.4401;32.1619;30.057;28.4298
-12.9922;-29.528;32.2599;29.9882;28.342
-13.0187;-29.6162;32.3513;29.9135;28.2538
-13.0627;-29.7091;32.454;29.8403;28.1609
-13.1061;-29.7984;32.5533;29.7704;28.0715
-13.1547;-29.8884;32.6552;29.7019;27.9816
-13.1998;-29.9828;32.7598;29.6282;27.8872

-13.247;29.9232;32.7243;29.5557;27.7932
-13.3034;29.8331;32.6649;29.4903;27.7031
-13.363;29.7445;32.6084;29.4276;27.6145
-13.4124;29.6767;32.5668;29.3811;27.5467
-13.4477;29.6149;32.5251;29.3355;27.4849
-13.4915;29.5558;32.4895;29.2956;27.4258
-13.5479;29.4841;32.4478;29.2484;27.3541
-13.6119;29.4112;32.4084;29.203;27.2812
-13.6791;29.336;32.3685;29.1569;27.206
-13.7402;29.2747;32.3389;29.1217;27.1447
-13.8111;29.206;32.307;29.0835;27.076
-13.8786;29.1332;32.2701;29.0405;27.0032
-13.9533;29.0549;32.2316;28.9953;26.9249
-14.0273;28.9685;32.186;28.9428;26.8385
-14.1038;28.8859;32.1452;28.895;26.7559
-14.1608;28.8065;32.0989;28.8431;26.6765
-14.2287;28.7229;32.054;28.7917;26.5929
-14.3088;28.6377;32.0134;28.7439;26.5077
-14.3737;28.5646;31.9772;28.7018;26.4346
-14.4387;28.4892;31.9391;28.6578;26.3592
-14.4938;28.4175;31.9002;28.6135;26.2875
-14.5473;28.3454;31.8605;28.5686;26.2154
-14.5762;28.2545;31.7928;28.4967;26.1245
-14.5953;28.1611;31.7186;28.4187;26.031
-14.6147;28.0642;31.6415;28.3378;25.9342
-14.6335;27.9417;31.5416;28.2333;25.8117
-14.6553;27.8364;31.4586;28.146;25.7064
-14.6749;27.7418;31.3841;28.0677;25.6118
-14.695;27.645;31.308;27.9876;25.515
-14.7101;27.5596;31.2397;27.916;25.4296
-14.7247;27.4674;31.1653;27.8381;25.3374
-14.7363;27.3745;31.089;27.7584;25.2445
-14.7435;27.2786;31.0079;27.6742;25.1486
-14.752;27.1828;30.9278;27.5907;25.0528
-14.7651;27.0813;30.8449;27.5041;24.9513
-14.7748;26.9792;30.7599;27.4156;24.8492
-14.7839;26.8773;30.675;27.3271;24.7473
-14.7955;26.7763;30.5921;27.2406;24.6462
-14.8085;26.6615;30.4979;27.1423;24.5315
-14.8161;26.5567;30.4101;27.0509;24.4267
-14.8202;26.4491;30.3182;26.9556;24.3191
-14.8272;26.3454;30.2312;26.8651;24.2154
-14.8145;26.2478;30.14;26.7717;24.1178
-14.8221;26.1468;30.0558;26.684;24.0168
-14.8339;26.0456;29.9736;26.5982;23.9156
-14.8463;25.9377;29.8861;26.5066;23.8077
-14.865;25.839;29.8098;26.4263;23.709
-14.8838;25.7399;29.7333;26.3457;23.6099
-14.918;25.6524;29.6748;26.2826;23.5224
-14.9571;25.5693;29.6227;26.2258;23.4393
-14.9979;25.4821;29.5681;26.1662;23.3521
-15.0403;25.3944;29.5142;26.1072;23.2644
-15.0792;25.312;29.4632;26.0516;23.182
-15.1229;25.2217;29.4081;25.9913;23.0917
-15.1725;25.1167;29.3437;25.9209;22.9867
-15.2171;25.0181;29.2825;25.8541;22.888
-15.2686;24.9242;29.2292;25.7952;22.7942
-15.3259;24.8281;29.1773;25.7372;22.6981
-15.3765;24.7404;29.1294;25.6839;22.6104
-15.42;24.6457;29.0721;25.6213;22.5157
-15.463;24.5568;29.0197;25.5638;22.4268
-15.5021;24.4706;28.9676;25.507;22.3405
-15.5266;24.365;28.8917;25.4266;22.235
-15.5483;24.2576;28.8128;25.3432;22.1276
-15.5633;24.1524;28.7325;25.2588;22.0224
-15.5822;24.0417;28.6497;25.1716;21.9117
-15.5965;23.9374;28.5701;25.0879;21.8074
-15.6162;23.8411;28.5002;25.014;21.7111
-15.6352;23.7399;28.4261;24.9357;21.6099
-15.6617;23.6417;28.3588;24.864;21.5117
-15.6928;23.5428;28.2936;24.7941;21.4128
-15.7328;23.4441;28.2338;24.7292;21.3141
-15.7832;23.3513;28.185;24.6749;21.2213
-15.8362;23.2696;28.1471;24.6319;21.1396
-15.8786;23.2068;28.1191;24.5998;21.0768
-15.9239;23.1323;28.0833;24.5595;21.0023
-15.9645;23.0558;28.0434;24.5152;20.9258
-16.0109;22.9727;28.0017;24.4686;20.8427
-16.0702;22.8998;27.9759;24.4377;20.7698
-16.1431;22.8474;27.975;24.4317;20.7174
-16.2282;22.7931;27.98;24.431;20.6631
-16.3146;22.7593;28.0027;24.4487;20.6293
-16.4129;22.7308;28.037;24.4776;20.6008
-16.5193;22.7156;28.0871;24.5225;20.5856
-16.624;22.7217;28.1537;24.5846;20.5917
-16.7255;22.7423;28.2303;24.6574;20.6122
-16.8215;22.7772;28.3155;24.7394;20.6472
-16.908;22.8304;28.4096;24.8314;20.7003
-16.9853;22.886;28.5004;24.9205;20.756
-17.0674;22.9396;28.5923;25.0106;20.8096
-17.147;22.9882;28.6789;25.0953;20.8582
-17.2208;23.0442;28.7679;25.1829;20.9142
-17.2997;23.0996;28.8596;25.2729;20.9696
-17.3815;23.1464;28.946;25.3574;21.0163
-17.4504;23.2059;29.0349;25.4452;21.0759
-17.5237;23.2623;29.1241;25.5331;21.1323
-17.6019;23.3217;29.2186;25.6261;21.1917
-17.6798;23.3799;29.312;25.7181;21.2499
-17.7397;23.4339;29.3912;25.7964;21.3039
-17.8065;23.4925;29.4783;25.8825;21.3625
-17.8771;23.5481;29.5652;25.9683;21.4181
-17.9578;23.6135;29.6661;26.0679;21.4835
-18.0379;23.6763;29.7646;26.165;21.5463
-18.1163;23.7315;29.8561;26.255;21.6015
-18.1911;23.7787;29.939;26.3363;21.6486
-18.2804;23.837;30.0395;26.4351;21.707
-18.3652;23.8952;30.1374;26.5314;21.7652
-18.4538;23.9298;30.2188;26.6104;21.7998
-18.5284;23.9649;30.2922;26.682;21.8349
-18.6034;24.0192;30.381;26.7695;21.8892
-18.6744;24.101;30.4892;26.8773;21.971
-18.74;24.1815;30.5931;26.981;22.0515
-18.8017;24.2689;30.6999;27.0879;22.1389
-18.8613;24.3495;30.8002;27.1882;22.2195
-18.9269;24.4371;30.9096;27.2976;22.3071
-18.9909;24.5211;31.0151;27.403;22.3911
-19.0451;24.6017;31.1121;27.5002;22.4717
-19.1046;24.676;31.2072;27.5952;22.546
-19.1661;24.7699;31.3191;27.7073;22.6399
-19.2237;24.8507;31.4183;27.8066;22.7207
-19.279;24.9299;31.5147;27.9032;22.7999
-19.3336;25.0125;31.6136;28.0022;22.8825
-19.3888;25.0937;31.7115;28.1003;22.9637
-19.4379;25.1739;31.805;28.1942;23.0439
-19.49;25.2603;31.9052;28.2948;23.1303
-19.5383;25.3387;31.9968;28.3867;23.2087
-19.5825;25.4223;32.09;28.4805;23.2923
-19.6226;25.5114;32.1851;28.5765;23.3814
-19.6717;25.5985;32.284;28.676;23.4685
-19.7202;25.6818;32.3796;28.772;23.5518
-19.7737;25.7582;32.4728;28.8653;23.6282
-19.824;25.8401;32.5684;28.9612;23.7101
-19.8699;25.93;32.6677;29.0611;23.8
-19.9237;26.0139;32.767;29.1608;23.8839
-19.9593;26.1049;32.8609;29.2557;23.9749
-20.0127;26.1828;32.9552;29.3502;24.0528
-20.0586;26.2628;33.0466;29.442;24.1328
-20.1017;26.3511;33.143;29.5391;24.2211
-20.1367;26.4414;33.2361;29.6332;24.3114
-20.181;26.5326;33.3355;29.7334;24.4026
-20.2266;26.6256;33.4371;29.8357;24.4956
-20.2683;26.7083;33.5282;29.9275;24.5783
-20.2911;26.7936;33.6099;30.0105;24.6636
-20.3263;26.8818;33.7015;30.103;24.7518
-20.3794;26.9677;33.8021;30.2039;24.8377
-20.4366;27.0736;33.921;30.3235;24.9436
-20.4804;27.1762;34.0293;30.4329;25.0462
-20.5142;27.2731;34.1271;30.5318;25.1431
-20.5418;27.3704;34.2214;30.6276;25.2404
-20.5732;27.4673;34.3177;30.7252;25.3373
-20.6035;27.5567;34.4075;30.8161;25.4267
-20.63;27.6572;34.5038;30.914;25.5271
-20.6583;27.7543;34.5986;31.0102;25.6243
-20.6877;27.8395;34.6845;31.0972;25.7095
-20.7285;27.9482;34.7962;31.21;25.8182
-20.7643;28.0436;34.8941;31.3091;25.9136
-20.7954;28.1412;34.9911;31.4073;26.0112
-20.8235;28.238;35.0857;31.5033;26.108
-20.842;28.3462;35.1837;31.6033;26.2162
-20.8646;28.4426;35.2748;31.6959;26.3126
-20.8974;28.5299;35.3646;31.7866;26.3999
-20.9298;28.6196;35.4561;31.8792;26.4896
-20.9707;28.7112;35.5543;31.9781;26.5812
-21.0044;28.8059;35.6506;32.0756;26.6759
-21.036;28.9009;35.746;32.1722;26.7709
-21.0705;28.9963;35.8435;32.2707;26.8663
-21.1067;29.0917;35.9419;32.3701;26.9617
-21.1427;29.18;36.0345;32.4636;27.05
-21.1722;29.27;36.1247;32.5549;27.14
-21.2;29.3853;36.2345;32.6664;27.2553
-21.2232;29.4976;36.3391;32.773;27.3676
-21.248;29.6025;36.4388;32.8742;27.4725
-21.2747;29.7047;36.5374;32.9743;27.5747
-21.305;29.8039;36.6357;33.0739;27.6739
-21.3335;29.8985;36.7293;33.1687;27.7685
-21.3703;29.9849;36.821;33.2611;27.8549

-21.4059;-29.9452;36.8093;33.3391;27.9248
-21.4371;-29.865;36.7623;33.4233;28.005
-21.4751;-29.7827;36.7177;33.513;28.0873
-21.5216;-29.7011;36.6788;33.6068;28.1689
-21.5705;-29.6115;36.635;33.7086;28.2585
-21.6101;-29.5236;36.5874;33.8038;28.3464
-21.6566;-29.4238;36.5345;33.9128;28.4462
-21.6866;-29.3218;36.4702;34.0148;28.5482
-21.6962;-29.2251;36.3983;34.1012;28.6449
-21.7142;-29.1283;36.3313;34.1923;28.7417
-21.7407;-29.0311;36.2693;34.2883;28.8389
-21.766;-28.922;36.1973;34.3938;28.948
-21.7783;-28.8164;36.1204;34.4893;29.0536
-21.8023;-28.7153;36.0542;34.5875;29.1547
-21.8303;-28.6078;35.9857;34.6932;29.2622
-21.8513;-28.5074;35.9187;34.7891;29.3626
-21.8586;-28.415;35.8498;34.8711;29.455
-21.8645;-28.3262;35.7831;34.9493;29.5438
-21.8625;-28.2424;35.7156;35.0191;29.6276
-21.878;-28.1419;35.6457;35.1124;29.7281
-21.8965;-28.041;35.5775;35.2077;29.829
-21.9054;-27.9399;35.5033;35.2981;29.9301
-21.9306;-27.8516;35.4495;35.3863;30.0183
-21.9469;-27.7552;35.3839;35.4768;30.1148
-21.9703;-27.6547;35.3196;35.5744;30.2153
-21.9952;-27.5591;35.2604;35.6688;30.3109
-22.0038;-27.469;35.1954;35.7499;30.401
-22.017;-27.3724;35.1283;35.839;30.4976
-22.0351;-27.2764;35.0649;35.9302;30.5936
-22.0483;-27.1778;34.9966;36.0212;30.6922
-22.0605;-27.0704;34.9209;36.1191;30.7996
-22.0731;-26.974;34.8543;36.2079;30.896
-22.086;-26.8738;34.7849;36.3002;30.9962
-22.1098;-26.7743;34.7233;36.3975;31.0957
-22.1132;-26.6693;34.6446;36.4891;31.2007
-22.1185;-26.5635;34.5666;36.5823;31.3065
-22.1331;-26.4675;34.5022;36.672;31.4025
-22.1404;-26.3658;34.429;36.7629;31.5042
-22.151;-26.2794;34.3697;36.8425;31.5906
-22.1512;-26.1877;34.2997;36.9211;31.6823
-22.1272;-26.0948;34.2133;36.9887;31.7752
-22.1084;-25.9905;34.1216;37.0687;31.8795
-22.0981;-25.8893;34.0379;37.1505;31.9807
-22.0888;-25.7915;33.9576;37.23;32.0785
-22.0737;-25.6967;33.8758;37.3041;32.1733
-22.0626;-25.5986;33.7942;37.3831;32.2714
-22.0512;-25.4993;33.7116;37.4631;32.3707
-22.0395;-25.4066;33.6338;37.5374;32.4634
-22.0324;-25.3199;33.5637;37.6088;32.5501
-22.0191;-25.2372;33.4926;37.6738;32.6328
-21.9956;-25.1371;33.4018;37.7489;32.7329
-21.9662;-25.0314;33.3029;37.8259;32.8386
-21.9384;-24.9381;33.2145;37.8932;32.9319
-21.904;-24.8377;33.1164;37.9634;33.0323
-21.8685;-24.7417;33.0209;38.0296;33.1283
-21.8267;-24.6484;32.9234;38.0904;33.2215
-21.7895;-24.5572;32.8304;38.1519;33.3128
-21.7574;-24.4603;32.7366;38.2209;33.4097
-21.7229;-24.3697;32.6461;38.2833;33.5003
-21.679;-24.2849;32.5535;38.3365;33.5851
-21.6404;-24.1948;32.4607;38.3969;33.6752
-21.6041;-24.1126;32.3753;38.4515;33.7573
-21.569;-24.025;32.2865;38.5118;33.845
-21.5341;-23.9342;32.1957;38.575;33.9358
-21.496;-23.8353;32.0967;38.6439;34.0347
-21.459;-23.7417;32.0025;38.7089;34.1283
-21.4214;-23.6489;31.9084;38.7731;34.2211
-21.3902;-23.556;31.8186;38.8404;34.314
-21.3533;-23.4654;31.7268;38.9033;34.4046
-21.2963;-23.3754;31.6219;38.9563;34.4945
-21.2468;-23.2781;31.5166;39.0196;34.5918
-21.207;-23.1798;31.4172;39.0884;34.6902
-21.1783;-23.0878;31.33;39.1569;34.7822
-21.1596;-23.0002;31.2529;39.2262;34.8698
-21.1369;-22.9083;31.1698;39.2975;34.9617
-21.1183;-22.8218;31.0937;39.3661;35.0482
-21.1131;-22.713;31.0103;39.4606;35.157
-21.0911;-22.6275;30.9328;39.5268;35.2425
-21.076;-22.5315;30.8524;39.6056;35.3385
-21.064;-22.4304;30.7704;39.6904;35.4396
-21.0422;-22.3378;30.6879;39.7633;35.5322
-21.0253;-22.2413;30.6062;39.842;35.6287
-21.0175;-22.1318;30.5214;39.9365;35.7382
-21.0146;-22.0341;30.4485;40.0227;35.8359
-21.0088;-21.9339;30.3721;40.1099;35.9361
-21.0075;-21.8298;30.2962;40.2025;36.0402
-21.008;-21.7179;30.2159;40.3031;36.1521
-21.008;-21.6143;30.1416;40.3961;36.2557
-21.0094;-21.5124;30.0695;40.4882;36.3576
-21.0194;-21.4102;30.0035;40.5843;36.4598
-21.0415;-21.316;29.9519;40.6787;36.554
-21.0527;-21.2189;29.8908;40.7709;36.6511
-21.066;-21.1229;29.8321;40.863;36.7471
-21.0734;-21.0247;29.7679;40.9545;36.8453
-21.0843;-20.9303;29.709;41.0443;36.9397
-21.0942;-20.8245;29.6416;41.1438;37.0455
-21.1026;-20.7265;29.5788;41.2358;37.1435
-21.1248;-20.6156;29.5171;41.3452;37.2544
-21.1503;-20.506;29.459;41.4551;37.364
-21.1589;-20.4116;29.3995;41.5439;37.4584
-21.1665;-20.3142;29.3375;41.6351;37.5558
-21.1792;-20.218;29.2802;41.7273;37.652
-21.1944;-20.1183;29.2224;41.8238;37.7517
-21.2106;-20.0231;29.1687;41.9168;37.8469
-21.2283;-19.9125;29.1058;42.0242;37.9575
-21.2488;-19.8086;29.0498;42.1269;38.0614
-21.2623;-19.7005;28.9861;42.2304;38.1695
-21.2965;-19.6069;28.9477;42.3296;38.2631
-21.3217;-19.5081;28.8995;42.4297;38.3619
-21.3471;-19.4164;28.8565;42.5234;38.4536
-21.3784;-19.325;28.8183;42.6195;38.545
-21.4087;-19.2324;28.7788;42.7162;38.6376
-21.4468;-19.1417;28.7467;42.8145;38.7283
-21.4862;-19.052;28.7164;42.9124;38.818
-21.5229;-18.9601;28.6831;43.0111;38.9099
-21.5526;-18.8616;28.6404;43.1129;39.0084
-21.5813;-18.7665;28.5996;43.2111;39.1035
-21.6159;-18.6763;28.5666;43.3075;39.1936
-21.6481;-18.5818;28.5293;43.4067;39.2882
-21.6735;-18.4982;28.4943;43.4932;39.3718
-21.702;-18.4066;28.4567;43.5882;39.4634
-21.7326;-18.3265;28.4283;43.6737;39.5435
-21.7492;-18.229;28.3783;43.7691;39.641
-21.7793;-18.1503;28.3509;43.8532;39.7197
-21.811;-18.0596;28.3173;43.9487;39.8104
-21.8369;-17.9612;28.2746;44.0488;39.9088
-21.863;-17.8639;28.2331;44.1481;40.0061
-21.8845;-17.7511;28.1786;44.2593;40.1189
-21.9068;-17.6352;28.123;44.3738;40.2348
-21.9238;-17.5328;28.0723;44.4739;40.3372
-21.9459;-17.4426;28.0333;44.565;40.4274
-21.9671;-17.3458;27.9898;44.6617;40.5242
-21.9856;-17.245;27.942;44.7609;40.625
-22.0021;-17.1451;27.8935;44.8586;40.7249
-22.0096;-17.0436;27.8372;44.9539;40.8264
-22.02;-16.926;27.7735;45.065;40.944
-22.0197;-16.817;27.707;45.164;41.053
-22.0248;-16.709;27.6457;45.2643;41.161
-22.03;-16.6057;27.5875;45.3604;41.2643
-22.0346;-16.5074;27.5322;45.4518;41.3626
-22.0376;-16.4086;27.4754;45.543;41.4614
-22.0414;-16.3034;27.4157;45.6403;41.5666
-22.0458;-16.2;27.3579;45.7363;41.67
-22.0398;-16.0919;27.2892;45.8323;41.7781
-22.035;-15.9753;27.2167;45.9367;41.8947
-22.0271;-15.8739;27.1509;46.026;41.9961
-22.0214;-15.7753;27.0888;46.1136;42.0947
-22.0203;-15.6714;27.0275;46.208;42.1986
-22.0218;-15.5634;26.9663;46.3073;42.3066
-22.0093;-15.4577;26.8952;46.3988;42.4123
-21.9938;-15.3688;26.8315;46.4737;42.5012
-21.9736;-15.2744;26.7609;46.552;42.5956
-21.9627;-15.1721;26.6937;46.6412;42.6979
-21.9508;-15.0689;26.6253;46.731;42.8011
-21.9305;-14.9675;26.5513;46.8157;42.9025
-21.9188;-14.8676;26.4855;46.9026;43.0024
-21.8986;-14.7756;26.4172;46.9789;43.0944
-21.8811;-14.6798;26.3492;47.0598;43.1901
-21.8611;-14.5826;26.2785;47.1411;43.2874
-21.8594;-14.4766;26.2184;47.2378;43.3934
-21.8506;-14.3692;26.1519;47.333;43.5008
-21.834;-14.267;26.082;47.4205;43.603
-21.8272;-14.1663;26.0213;47.5104;43.7037
-21.8112;-14.0651;25.953;47.5972;43.8049
-21.7935;-13.967;25.885;47.6806;43.903
-21.7856;-13.8791;25.8311;47.7585;43.9908
-21.783;-13.7865;25.7792;47.8428;44.0835
-21.7679;-13.6851;25.7123;47.9304;44.1849
-21.7685;-13.5827;25.6585;48.0251;44.2873
-21.765;-13.4829;25.6029;48.1157;44.3871
-21.7928;-13.372;25.5683;48.2288;44.498
-21.8245;-13.2783;25.5465;48.3275;44.5917
-21.8496;-13.1865;25.5204;48.4218;44.6835
-21.8653;-13.0809;25.4794;48.5253;44.7891
-21.8854;-12.9783;25.4442;48.6277;44.8916
-21.8952;-12.8769;25.4011;48.7252;44.9931
-21.9215;-12.778;25.3738;48.8266;45.092
-21.9604;-12.6869;25.3617;48.9257;45.1831
-21.9828;-12.6033;25.3394;49.0114;45.2667
-22.0175;-12.5093;25.3229;49.1116;45.3607
-22.0642;-12.4211;25.3202;49.2109;45.4489
-22.1054;-12.3232;25.3083;49.3171;45.5468
-22.1488;-12.2186;25.2955;49.4303;45.6513
-22.1931;-12.1225;25.2881;49.5362;45.7475
-22.2391;-12.0292;25.284;49.6399;45.8408
-22.2866;-11.9378;25.2825;49.7425;45.9322
-22.3413;-11.8543;25.2915;49.8407;46.0157
-22.3859;-11.7654;25.2894;49.9399;46.1046
-22.4384;-11.684;25.2982;50.0352;46.186
-22.486;-11.5903;25.2974;50.14;46.2797
-22.5223;-11.4977;25.2874;50.2394;46.3722
-22.5653;-11.4096;25.2858;50.3373;46.4604
-22.6148;-11.321;25.2902;50.4381;46.549
-22.6601;-11.2429;25.2959;50.5277;46.6271
-22.7076;-11.1572;25.3005;50.625;46.7128
-22.7512;-11.0713;25.302;50.7211;46.7987
-22.7917;-10.9965;25.3059;50.8058;46.8735
-22.8294;-10.9175;25.3055;50.8932;46.9525
-22.8687;-10.833;25.3048;50.9863;47.037
-22.923;-10.7401;25.3143;51.093;47.1299
-22.9674;-10.6472;25.3153;51.1958;47.2228
-23.0007;-10.5561;25.3074;51.2927;47.3139
-23.0289;-10.4634;25.2945;51.3891;47.4066
-23.0638;-10.3642;25.2855;51.4941;47.5058
-23.0954;-10.2761;25.2784;51.5875;47.5939
-23.1149;-10.1876;25.2603;51.6767;47.6824
-23.1462;-10.099;25.2535;51.7705;47.771
-23.1638;-9.99126;25.2267;51.8767;47.8787
-23.1803;-9.88578;25.2003;51.9805;47.9842
-23.1942;-9.7813;25.1723;52.0823;48.0887
-23.2293;-9.6848;25.1674;52.1849;48.1852
-23.2535;-9.58504;25.1515;52.2863;48.285
-23.2763;-9.47764;25.1319;52.3942;48.3924
-23.2838;-9.36525;25.0967;52.5009;48.5047
-23.2845;-9.25709;25.0572;52.6011;48.6129
-23.2727;-9.15181;25.0075;52.6939;48.7182
-23.2628;-9.04074;24.9578;52.7928;48.8293
-23.2647;-8.93716;24.9223;52.8894;48.9328
-23.2584;-8.85295;24.8863;52.9649;49.017
-23.2651;-8.76457;24.8613;53.0492;49.1054
-23.2748;-8.66394;24.8351;53.1461;49.2061
-23.2676;-8.55566;24.7908;53.2436;49.3143
-23.2575;-8.44085;24.7418;53.3462;49.4291
-23.2411;-8.34075;24.6924;53.4328;49.5292
-23.2338;-8.23859;24.6512;53.5248;49.6314
-23.2215;-8.13867;24.6065;53.6129;49.7313
-23.2086;-8.04593;24.5637;53.694;49.8241
-23.2111;-7.94181;24.5321;53.7916;49.9282
-23.2012;-7.84033;24.4901;53.8821;50.0297
-23.1868;-7.73691;24.4436;53.9729;50.1331
-23.1673;-7.63064;24.3916;54.0644;50.2394
-23.1465;-7.53089;24.3408;54.1494;50.3391
-23.1262;-7.43232;24.2912;54.2336;50.4377
-23.0826;-7.32539;24.2171;54.3171;50.5446
-23.0424;-7.22186;24.1477;54.3988;50.6481
-23.0181;-7.11832;24.0937;54.4863;50.7517
-22.9932;-7.0098;24.0379;54.5784;50.8602
-22.9688;-6.90467;23.9842;54.6675;50.9653
-22.9493;-6.79883;23.9352;54.7592;51.0712
-22.9502;-6.71758;23.9132;54.8353;51.1524
-22.942;-6.62092;23.8783;54.9225;51.2491
-22.937;-6.52393;23.8467;55.0112;51.3461
-22.9263;-6.42555;23.8098;55.0992;51.4444
-22.9221;-6.33375;23.781;55.1834;51.5362
-22.9081;-6.23406;23.7412;55.2716;51.6359
-22.8949;-6.13472;23.7025;55.3597;51.7353
-22.8778;-6.01462;23.6552;55.4659;51.8554
-22.8636;-5.91086;23.6153;55.5578;51.9591
-22.8511;-5.83188;23.5835;55.6273;52.0381
-22.832;-5.75154;23.5453;55.6957;52.1185
-22.8025;-5.66573;23.4959;55.7657;52.2043
-22.7755;-5.57428;23.4477;55.8418;52.2957
-22.7452;-5.48129;23.3964;55.9183;52.3887
-22.715;-5.39105;23.3459;55.9923;52.4789
-22.6837;-5.30304;23.2953;56.0639;52.567
-22.6412;-5.21525;23.2341;56.1315;52.6547
-22.5885;-5.13335;23.1645;56.1901;52.7366
-22.5226;-5.04643;23.081;56.249;52.8236
-22.4666;-4.96277;23.0082;56.3084;52.9072
-22.4013;-4.8838;22.9275;56.3603;52.9862
-22.336;-4.80514;22.847;56.4121;53.0649
-22.2681;-4.73351;22.7656;56.4565;53.1365
-22.1996;-4.6635;22.6842;56.4993;53.2065
-22.1246;-4.58985;22.5957;56.5435;53.2801
-22.035;-4.51752;22.4933;56.5818;53.3525
-21.9714;-4.42749;22.4131;56.6456;53.4425
-21.9012;-4.34732;22.3285;56.698;53.5227
-21.8308;-4.26688;22.2439;56.7508;53.6031
-21.7569;-4.19447;22.1575;56.795;53.6755
-21.6833;-4.12613;22.0724;56.8356;53.7439
-21.6124;-4.05832;21.9902;56.8767;53.8117
-21.5383;-3.98809;21.9045;56.9193;53.8819
-21.467;-3.91483;21.821;56.9657;53.9552
-21.3954;-3.84151;21.7375;57.0122;54.0285
-21.3262;-3.77161;21.6572;57.0565;54.0984
-21.2583;-3.69927;21.5778;57.1035;54.1707
-21.1864;-3.62145;21.4937;57.1547;54.2485
-21.1202;-3.53752;21.4144;57.2136;54.3325
-21.0476;-3.4653;21.3309;57.2595;54.4047
-20.9836;-3.39349;21.2562;57.3078;54.4765
-20.9117;-3.32666;21.1746;57.3491;54.5433
-20.8258;-3.25841;21.0792;57.3876;54.6116
-20.7623;-3.18757;21.0056;57.4355;54.6824
-20.7021;-3.10884;20.9342;57.4921;54.7612
-20.6443;-3.02956;20.8654;57.5501;54.8404
-20.5865;-2.94723;20.7964;57.6111;54.9228
-20.5414;-2.86123;20.7398;57.6795;55.0088
-20.4981;-2.78428;20.6864;57.7399;55.0857
-20.4461;-2.70899;20.6248;57.7962;55.161
-20.3786;-2.62295;20.5467;57.8582;55.247
-20.3168;-2.53943;20.4749;57.9197;55.3306
-20.2485;-2.46192;20.3976;57.9736;55.4081
-20.1901;-2.37895;20.3298;58.0358;55.491
-20.1322;-2.29457;20.2626;58.0995;55.5754
-20.0828;-2.20675;20.2037;58.1692;55.6632
-20.0351;-2.11465;20.1463;58.2435;55.7553
-19.9874;-2.02199;20.0894;58.3185;55.848
-19.9371;-1.92733;20.03;58.3947;55.9427
-19.8942;-1.83572;19.9787;58.4702;56.0343
-19.8534;-1.75773;19.9311;58.5333;56.1123
-19.8126;-1.67918;19.8836;58.597;56.1908
-19.7701;-1.60536;19.8352;58.6558;56.2646
-19.7314;-1.53176;19.7908;58.7155;56.3382
-19.6951;-1.45207;19.7485;58.7817;56.4179
-19.6559;-1.36635;19.7033;58.853;56.5036
-19.6164;-1.27632;19.6578;58.9285;56.5937
-19.5645;-1.18512;19.6004;59.0017;56.6849
-19.5109;-1.08937;19.5413;59.0788;56.7806
-19.4565;-0.996341;19.482;59.1533;56.8737
-19.4061;-0.915276;19.4277;59.2174;56.9547
-19.3547;-0.828532;19.3724;59.2868;57.0415
-19.299;-0.744679;19.3134;59.3523;57.1253
-19.2467;-0.657952;19.2579;59.4216;57.212
-19.193;-0.572532;19.2015;59.4894;57.2975
-19.1296;-0.480825;19.1356;59.5608;57.3892
-19.0691;-0.395707;19.0732;59.6267;57.4743
-19.0238;-0.319389;19.0264;59.6882;57.5506
-18.9633;-0.238663;18.9648;59.75;57.6313
-18.899;-0.169698;18.8997;59.7996;57.7003
-18.8325;-0.102495;18.8328;59.8471;57.7675
-18.7534;-0.0415439;18.7534;59.8853;57.8285
-18.6777;0.0416782;18.6777;59.9461;57.9117
-18.5955;0.126376;18.5959;60.0067;57.9964
-18.5167;0.199621;18.5177;60.0574;58.0696
-18.4406;0.272888;18.4426;60.1089;58.1429
-18.361;0.33469;18.364;60.1485;58.2047
-18.2935;0.387741;18.2976;60.1829;58.2577
-18.2147;0.44689;18.2202;60.2205;58.3169
-18.1354;0.504691;18.1424;60.2567;58.3747
-18.0428;0.557653;18.0514;60.2852;58.4276
-17.9557;0.612327;17.9661;60.3168;58.4823
-17.8715;0.653492;17.8834;60.3361;58.5235
-17.7871;0.702576;17.801;60.3633;58.5726
-17.6941;0.754853;17.7102;60.3916;58.6248
-17.6045;0.811301;17.6232;60.425;58.6813
-17.5204;0.867557;17.5418;60.4596;58.7376
-17.4359;0.921873;17.4603;60.4925;58.7919
-17.3476;0.979236;17.3752;60.5275;58.8492
-17.2503;1.01486;17.2801;60.5395;58.8849
-17.1575;1.06253;17.1903;60.5644;58.9325
-17.0707;1.11672;17.1072;60.5972;58.9867
-16.9813;1.16753;17.0214;60.6262;59.0375
-16.9036;1.20778;16.9466;60.6478;59.0778
-16.8234;1.25549;16.8702;60.6762;59.1255
-16.7446;1.32117;16.7966;60.7226;59.1912
-16.6612;1.3773;16.718;60.7588;59.2473
-16.5811;1.42531;16.6423;60.7879;59.2953
-16.4963;1.47622;16.5623;60.819;59.3462
-16.4082;1.52487;16.4789;60.8472;59.3949
-16.3077;1.56146;16.3822;60.8612;59.4315
-16.2212;1.60201;16.3001;60.8822;59.472
-16.127;1.62957;16.2091;60.8891;59.4996
-16.0333;1.66522;16.1195;60.9041;59.5352
-15.9386;1.70412;16.0294;60.9222;59.5741
-15.8423;1.73888;15.9374;60.9362;59.6089
-15.7525;1.77135;15.8518;60.9494;59.6413
-15.6584;1.80706;15.7623;60.965;59.6771
-15.5651;1.83876;15.6733;60.977;59.7088
-15.4676;1.86196;15.5792;60.98;59.732
-15.3716;1.88707;15.487;60.9854;59.7571
-15.2718;1.90541;15.3902;60.9835;59.7754
-15.1737;1.92724;15.2956;60.9856;59.7972
-15.0747;1.93786;15.1987;60.9766;59.8079
-14.9767;1.94351;15.1022;60.9631;59.8135
-14.8685;1.94448;14.9951;60.9433;59.8145
-14.7801;1.93422;14.9062;60.9163;59.8042
-14.6814;1.9294;14.8076;60.8929;59.7994
-14.5829;1.91594;14.7082;60.8612;59.7859
-14.4814;1.90215;14.6058;60.8287;59.7721
-14.3867;1.88199;14.5092;60.7914;59.752
-14.2882;1.85234;14.4077;60.7442;59.7223
-14.1872;1.82472;14.3041;60.6987;59.6947
-14.0929;1.78571;14.2055;60.6433;59.6557
-13.9992;1.74549;14.1076;60.5869;59.6155
-13.9103;1.70118;14.014;60.5275;59.5712
-13.8225;1.65542;13.9213;60.467;59.5254
-13.7452;1.6053;13.8386;60.4041;59.4753
-13.6663;1.56484;13.7556;60.3505;59.4348
-13.5842;1.51707;13.6687;60.2893;59.3871
-13.4967;1.46717;13.5762;60.2251;59.3372
-13.4175;1.41779;13.4922;60.1629;59.2878
-13.3318;1.35947;13.4009;60.0909;59.2295
-13.2475;1.30142;13.3113;60.0195;59.1714
-13.1648;1.24174;13.2233;59.9469;59.1117
-13.0832;1.18121;13.1365;59.8737;59.0512
-13.0005;1.10881;13.0477;59.7886;58.9788
-12.9186;1.0311;12.9597;59.6986;58.9011
-12.8377;0.972131;12.8744;59.6273;58.8421
-12.7587;0.915925;12.7915;59.5591;58.7859
-12.6807;0.854911;12.7095;59.4864;58.7249
-12.6026;0.776682;12.6266;59.3967;58.6467
-12.5253;0.697593;12.5447;59.3064;58.5676
-12.4496;0.627476;12.4654;59.2253;58.4975
-12.38;0.563542;12.3928;59.1513;58.4335
-12.2879;0.498656;12.298;59.0729;58.3687
-12.2056;0.425623;12.213;58.9882;58.2956
-12.1377;0.365019;12.1432;58.9179;58.235
-12.0736;0.299723;12.0773;58.8437;58.1697
-12.0076;0.228621;12.0098;58.7635;58.0986
-11.9458;0.164544;11.947;58.6909;58.0345
-11.8807;0.109646;11.8812;58.6269;57.9796
-11.8247;0.0476834;11.8248;58.5573;57.9177
-11.7636;-0.0208134;11.7636;58.4806;57.8492
-11.6923;-0.0846601;11.6926;58.407;57.7853
-11.6253;-0.155863;11.6264;58.3269;57.7141
-11.56;-0.228629;11.5622;58.2454;57.6414
-11.4912;-0.311092;11.4954;58.154;57.5589
-11.4065;-0.390803;11.4132;58.063;57.4792
-11.3315;-0.463858;11.341;57.9801;57.4061
-11.2549;-0.528165;11.2673;57.9058;57.3418
-11.1811;-0.599362;11.1972;57.825;57.2706
-11.106;-0.673061;11.1264;57.7417;57.1969
-11.026;-0.728017;11.05;57.6763;57.142
-10.9417;-0.794647;10.9705;57.5989;57.0753
-10.8623;-0.872461;10.8973;57.5112;56.9975
-10.782;-0.940664;10.8229;57.4329;56.9293
-10.7037;-0.996977;10.75;57.3668;56.873
-10.6241;-1.05612;10.6765;57.2978;56.8139
-10.5455;-1.11961;10.6047;57.2247;56.7504
-10.464;-1.1759;10.5299;57.1584;56.6941
-10.3885;-1.23282;10.4614;57.0924;56.6372
-10.3075;-1.28542;10.3874;57.0301;56.5846
-10.2248;-1.33879;10.3121;56.9668;56.5312
-10.1399;-1.39975;10.2361;56.8959;56.4702
-10.061;-1.45369;10.1655;56.8328;56.4163
-9.986;-1.50473;10.0987;56.7731;56.3653
-9.91467;-1.56239;10.037;56.7074;56.3076
-9.83806;-1.62142;9.97078;56.6397;56.2486
-9.74932;-1.6794;9.89291;56.5718;56.1906
-9.66383;-1.73219;9.81785;56.5095;56.1378
-9.5815;-1.79022;9.74731;56.4425;56.0798
-9.49563;-1.84776;9.67374;56.3756;56.0222
-9.42277;-1.90142;9.6127;56.3142;55.9686
-9.35453;-1.94904;9.55541;56.2594;55.921
-9.28532;-2.00973;9.50033;56.1915;55.8603
-9.21523;-2.07511;9.44598;56.1189;55.7949
-9.14608;-2.14618;9.39451;56.0409;55.7238
-9.07856;-2.21773;9.34551;55.9626;55.6523
-9.01317;-2.27802;9.29659;55.8958;55.592
-8.95196;-2.35327;9.2561;55.8146;55.5167
-8.88081;-2.41866;9.20427;55.7423;55.4513
-8.80384;-2.49324;9.15007;55.6603;55.3768
-8.73779;-2.57183;9.10842;55.5754;55.2982
-8.67682;-2.65728;9.0746;55.4844;55.2127
-8.61798;-2.74131;9.04347;55.3949;55.1287
-8.5723;-2.83636;9.02935;55.2959;55.0336
-8.51836;-2.92448;9.00639;55.203;54.9455
-8.45696;-3.00624;8.97539;55.1157;54.8638
-8.39642;-3.0861;8.94561;55.0304;54.7839
-8.33228;-3.16017;8.91143;54.9507;54.7098
-8.26207;-3.24987;8.87825;54.8548;54.6201
-8.20222;-3.33689;8.85501;54.7627;54.5331
-8.14444;-3.40872;8.829;54.6859;54.4613
-8.08322;-3.49578;8.80675;54.5937;54.3742
-8.02834;-3.57752;8.78936;54.5073;54.2925
-7.97155;-3.66817;8.77503;54.412;54.2018
-7.91067;-3.75574;8.75696;54.3195;54.1143
-7.85774;-3.84881;8.74971;54.2222;54.0212
-7.80669;-3.93932;8.74429;54.1276;53.9307
-7.75563;-4.029;8.73972;54.034;53.841
-7.70194;-4.11563;8.7326;53.9431;53.7544
-7.65364;-4.19885;8.72975;53.8562;53.6711
-7.61126;-4.27966;8.73194;53.7721;53.5903
-7.55669;-4.35601;8.72229;53.6916;53.514
-7.51346;-4.43697;8.72576;53.6074;53.433
-7.471;-4.5196;8.7317;53.5216;53.3504
