#1 AntPos X	#2 AntVel X	#3 AntPos Y	#4 AntVel Y	#5 AntAngle	
21.6022;-1.56693;-7.44572;0.545261;2.80672;
21.5254;-1.5374;-7.42673;0.379877;2.89935;
21.447;-1.56699;-7.40655;0.40347;2.88959;
21.3597;-1.74565;-7.38786;0.373896;2.93059;
21.2661;-1.87353;-7.36808;0.39553;2.93353;
21.1791;-1.73838;-7.33711;0.619307;2.79936;
21.0968;-1.64776;-7.30128;0.716797;2.73127;
21.0047;-1.84055;-7.25702;0.885062;2.69337;
20.9109;-1.87591;-7.2166;0.808429;2.73469;
20.8229;-1.76166;-7.17712;0.789558;2.72025;
20.7227;-2.00296;-7.13087;0.925083;2.70892;
20.6202;-2.05059;-7.09162;0.785023;2.77598;
20.5247;-1.90856;-7.05435;0.745333;2.76928;
20.4276;-1.94363;-7.01865;0.71407;2.78951;
20.3357;-1.83683;-6.98162;0.740636;2.75832;
20.2428;-1.85883;-6.94316;0.769157;2.74926;
20.1459;-1.93807;-6.90902;0.682779;2.80287;
20.0411;-2.09583;-6.87738;0.632719;2.8484;
19.9384;-2.05307;-6.84962;0.555321;2.87743;
19.8389;-1.99058;-6.82281;0.536155;2.87849;
19.7506;-1.76517;-6.79482;0.559837;2.83447;
19.6537;-1.93956;-6.7716;0.464286;2.90664;
19.5542;-1.99036;-6.73167;0.798702;2.75998;
19.4661;-1.76046;-6.69581;0.717097;2.75478;
19.3605;-2.11347;-6.65816;0.752991;2.79933;
19.2644;-1.92167;-6.6043;1.07721;2.63068;
19.1723;-1.84179;-6.56692;0.747589;2.75601;
19.0628;-2.18897;-6.53314;0.675605;2.84223;
18.967;-1.91625;-6.50521;0.558639;2.85793;
18.8672;-1.9963;-6.4835;0.434196;2.92743;
18.7749;-1.8464;-6.4697;0.275987;2.99322;
18.6682;-2.13397;-6.44884;0.417145;2.94855;
18.5704;-1.95671;-6.41835;0.609845;2.83947;
18.4788;-1.83034;-6.38169;0.733338;2.76052;
18.4013;-1.55;-6.34406;0.752535;2.68961;
18.3156;-1.71534;-6.30448;0.791494;2.70928;
18.2266;-1.77868;-6.26432;0.803218;2.71743;
18.1365;-1.80236;-6.22393;0.807789;2.72025;
18.0502;-1.72727;-6.17708;0.937077;2.64451;
17.9622;-1.75927;-6.12872;0.967162;2.63894;
17.8676;-1.89241;-6.06527;1.26901;2.55089;
17.7781;-1.78868;-6.00376;1.2302;2.53912;
17.697;-1.62346;-5.95036;1.06802;2.55971;
17.6079;-1.78211;-5.88866;1.23395;2.53598;
17.5287;-1.58374;-5.84336;0.905992;2.62197;
17.4435;-1.70357;-5.79715;0.924245;2.6445;
17.3641;-1.58766;-5.74096;1.12388;2.5256;
17.2802;-1.6774;-5.68072;1.20482;2.51871;
17.1968;-1.66874;-5.62041;1.20614;2.51574;
17.1299;-1.33745;-5.54897;1.42869;2.32322;
17.0606;-1.38672;-5.4773;1.43355;2.33959;
16.9971;-1.27071;-5.42202;1.1056;2.42557;
16.9264;-1.41304;-5.36296;1.18118;2.44533;
16.8516;-1.49562;-5.30148;1.22958;2.45351;
16.7837;-1.35752;-5.24148;1.19988;2.41776;
16.7131;-1.41268;-5.17977;1.23431;2.42348;
16.6355;-1.55317;-5.12931;1.00916;2.5654;
16.5405;-1.89834;-5.07753;1.03561;2.64219;
16.4388;-2.03535;-5.02688;1.01295;2.6798;
16.3403;-1.96931;-4.98017;0.93433;2.6986;
16.2459;-1.88795;-4.93615;0.880353;2.70527;
16.1491;-1.93553;-4.88076;1.10788;2.62172;
16.0538;-1.90686;-4.81864;1.24232;2.56416;
15.9627;-1.82176;-4.75624;1.24796;2.54098;
15.8736;-1.78204;-4.70413;1.04223;2.61239;
15.7818;-1.83539;-4.65267;1.0292;2.63053;
15.6916;-1.80472;-4.60267;0.99998;2.63561;
15.5901;-2.02924;-4.54607;1.13197;2.63276;
15.4963;-1.87684;-4.49385;1.0445;2.63376;
15.4025;-1.87572;-4.44378;1.00138;2.65122;
15.3041;-1.96722;-4.39724;0.930846;2.69963;
15.2112;-1.85891;-4.34966;0.951527;2.66849;
15.1254;-1.71533;-4.30355;0.922268;2.64827;
15.0405;-1.69898;-4.25795;0.911858;2.64901;
14.945;-1.91018;-4.20228;1.1135;2.61382;
14.8559;-1.78229;-4.15205;1.00449;2.62837;
14.7677;-1.76306;-4.1075;0.891012;2.67365;
14.679;-1.77484;-4.06661;0.817817;2.70981;
14.589;-1.79891;-4.02535;0.825209;2.71151;
14.4979;-1.82333;-3.9799;0.909084;2.67908;
14.4059;-1.83823;-3.93473;0.903338;2.68483;
14.3344;-1.43094;-3.89682;0.758279;2.6543;
14.2546;-1.59513;-3.85064;0.923618;2.61674;
14.1721;-1.65164;-3.8101;0.810768;2.68526;
14.0817;-1.80681;-3.77234;0.75508;2.74575;
13.988;-1.87446;-3.74081;0.630713;2.81702;
13.8945;-1.86904;-3.69975;0.821119;2.72765;
13.8044;-1.80324;-3.65563;0.882529;2.68645;
13.713;-1.82771;-3.61471;0.818261;2.72065;
13.6247;-1.76576;-3.58618;0.570554;2.82906;
13.5293;-1.90777;-3.55263;0.671141;2.80332;
13.4374;-1.83834;-3.5177;0.6986;2.77843;
13.3319;-2.1109;-3.48001;0.753789;2.79861;
13.2315;-2.00685;-3.44602;0.679809;2.81498;
13.1461;-1.70722;-3.41077;0.704955;2.74999;
13.0585;-1.75336;-3.37162;0.782997;2.72159;
12.9738;-1.69351;-3.33187;0.794907;2.70274;
12.8928;-1.62054;-3.28967;0.843999;2.66143;
12.8059;-1.73835;-3.24207;0.952148;2.64049;
12.7171;-1.77482;-3.19977;0.846035;2.69677;
12.6219;-1.90489;-3.17076;0.58017;2.84595;
12.5193;-2.05141;-3.13354;0.744274;2.79355;
12.4085;-2.21683;-3.09006;0.869648;2.76775;
12.2979;-2.21097;-3.04671;0.866986;2.76789;
12.1993;-1.97132;-3.00548;0.824679;2.74538;
12.0961;-2.06505;-2.96482;0.813183;2.76646;
11.9946;-2.02925;-2.93055;0.685441;2.81585;
11.8809;-2.27511;-2.89561;0.69863;2.84366;
11.793;-1.75777;-2.86704;0.571516;2.82724;
11.7052;-1.75546;-2.85198;0.301188;2.97168;
11.6111;-1.88282;-2.83383;0.36298;2.95114;
11.5132;-1.95843;-2.8126;0.424565;2.92811;
11.4197;-1.8691;-2.79091;0.433932;2.91347;
11.3254;-1.88641;-2.76206;0.576912;2.8448;
11.2357;-1.79261;-2.73132;0.61481;2.81119;
11.1436;-1.84356;-2.7051;0.524308;2.86451;
11.0495;-1.88085;-2.68168;0.46853;2.89746;
10.9605;-1.78073;-2.65605;0.512628;2.8613;
10.8661;-1.8874;-2.62887;0.543582;2.86118;
10.7705;-1.91339;-2.60221;0.5332;2.86982;
10.6777;-1.855;-2.57341;0.575852;2.84059;
10.5852;-1.85002;-2.54447;0.578862;2.83835;
10.5042;-1.61972;-2.49986;0.892166;2.63812;
10.4225;-1.63344;-2.45342;0.928869;2.62454;
10.3357;-1.73644;-2.40498;0.968709;2.63273;
10.2563;-1.58826;-2.34951;1.1094;2.53188;
10.1809;-1.50806;-2.28543;1.28169;2.43716;
10.1088;-1.44224;-2.2078;1.55253;2.31938;
10.0438;-1.30005;-2.13191;1.51783;2.27906;
9.98484;-1.179;-2.0709;1.22025;2.339;
9.93153;-1.06615;-2.01;1.21794;2.28984;
9.87648;-1.10096;-1.95232;1.15363;2.33284;
9.81384;-1.2529;-1.88756;1.29513;2.33962;
9.7459;-1.35877;-1.80414;1.66849;2.25424;
9.67517;-1.4147;-1.72475;1.5877;2.29864;
9.61649;-1.17347;-1.6469;1.55706;2.21663;
9.54744;-1.38096;-1.56292;1.67957;2.25893;
9.48039;-1.34111;-1.48382;1.58204;2.27396;
9.41466;-1.3146;-1.40426;1.59127;2.26127;
9.35214;-1.25036;-1.31403;1.8046;2.17673;
9.30577;-0.927383;-1.24741;1.33243;2.17884;
9.25171;-1.08128;-1.17551;1.4379;2.21557;
9.19298;-1.17446;-1.09822;1.54585;2.22051;
9.13523;-1.15516;-1.01941;1.57613;2.20327;
9.07064;-1.29181;-0.928346;1.82131;2.18772;
9.00572;-1.29837;-0.84399;1.68713;2.22671;
8.95122;-1.08985;-0.763903;1.60174;2.16826;
8.88452;-1.33407;-0.675659;1.76488;2.21806;
8.82226;-1.24527;-0.591566;1.68185;2.20814;
8.75666;-1.31189;-0.507996;1.67141;2.23626;
8.70042;-1.12492;-0.436596;1.428;2.23803;
8.64124;-1.1835;-0.36703;1.39133;2.27565;
8.57828;-1.25915;-0.294202;1.45654;2.28364;
8.51153;-1.33502;-0.222729;1.42947;2.32204;
8.43932;-1.44417;-0.143222;1.59014;2.30813;
8.36328;-1.52096;-0.0694321;1.4758;2.37126;
8.29041;-1.4573;0.00623194;1.51328;2.33735;
8.2196;-1.41623;0.0856601;1.58856;2.29891;
8.14496;-1.49279;0.164995;1.58671;2.32571;
8.07566;-1.38597;0.240434;1.50878;2.3138;
8.00662;-1.38088;0.314062;1.47256;2.32408;
7.92635;-1.60532;0.388177;1.48229;2.39602;
7.84699;-1.58732;0.456977;1.376;2.42739;
7.77077;-1.5243;0.524523;1.35092;2.41643;
7.70202;-1.37507;0.591388;1.33729;2.37012;
7.62884;-1.46345;0.655231;1.27688;2.42417;
7.55058;-1.56526;0.705928;1.01393;2.56678;
7.45178;-1.97609;0.771254;1.30651;2.55741;
7.35548;-1.92591;0.841878;1.41248;2.5088;
7.26763;-1.75702;0.916169;1.48583;2.43963;
7.18481;-1.65633;0.996376;1.60413;2.3722;
7.1032;-1.63223;1.07141;1.50063;2.39818;
7.02587;-1.5466;1.14228;1.41741;2.39975;
6.93474;-1.8226;1.20831;1.3206;2.51456;
6.84411;-1.81261;1.27119;1.25757;2.53505;
6.75166;-1.84909;1.3389;1.35427;2.50945;
6.66014;-1.83039;1.39661;1.15421;2.57899;
6.56477;-1.90744;1.45865;1.2408;2.56486;
6.47458;-1.80379;1.51941;1.2151;2.54878;
6.38604;-1.77067;1.57571;1.12617;2.57511;
6.29625;-1.79582;1.62804;1.0466;2.61392;
6.20785;-1.76808;1.66962;0.831541;2.70198;
6.12345;-1.68798;1.72436;1.09483;2.5662;
6.04363;-1.59635;1.78706;1.25397;2.47574;
5.96407;-1.59119;1.84535;1.16571;2.50932;
5.87897;-1.7021;1.91219;1.33693;2.47578;
5.79031;-1.77315;1.98488;1.45373;2.45486;
5.70998;-1.60662;2.04815;1.26539;2.47445;
5.62967;-1.60622;2.11081;1.2532;2.47903;
5.53958;-1.80166;2.1674;1.13188;2.58066;
5.45784;-1.63483;2.24329;1.5178;2.3933;
5.38806;-1.39565;2.31279;1.38989;2.35826;
5.30266;-1.70808;2.38706;1.48543;2.4258;
5.22229;-1.60728;2.46523;1.56333;2.37006;
5.14424;-1.56112;2.5393;1.48156;2.38234;
5.07014;-1.48196;2.61264;1.4668;2.36134;
5.00527;-1.29745;2.68582;1.46351;2.29612;
4.94086;-1.28813;2.77331;1.74973;2.2054;
4.88971;-1.02306;2.86467;1.82737;2.08117;
4.86283;-0.537433;2.9545;1.7966;1.86146;
4.82695;-0.717597;3.05064;1.9227;1.92801;
4.77338;-1.07143;3.14731;1.93351;2.07681;
4.72258;-1.01598;3.23946;1.84298;2.07461;
4.66429;-1.16584;3.3195;1.60063;2.2003;
4.58334;-1.61909;3.39003;1.41074;2.42485;
4.50365;-1.59373;3.45883;1.37596;2.42939;
4.42769;-1.51918;3.52869;1.39719;2.398;
4.35659;-1.42199;3.59627;1.35156;2.38158;
4.28122;-1.50749;3.66324;1.33947;2.41514;
4.20838;-1.45671;3.71998;1.13484;2.47976;
4.12278;-1.71213;3.78263;1.25293;2.50984;
4.03526;-1.75023;3.83247;0.996827;2.62387;
3.95244;-1.65644;3.88012;0.9529;2.61956;
3.86335;-1.78181;3.93137;1.02502;2.61956;
3.78348;-1.59736;3.98152;1.003;2.5809;
3.71099;-1.44992;4.0352;1.07358;2.50424;
3.6313;-1.59368;4.09555;1.20702;2.49338;
3.56304;-1.36518;4.15745;1.23802;2.405;
3.50188;-1.22326;4.23164;1.48386;2.26022;
3.43589;-1.31983;4.30382;1.44358;2.31144;
3.36977;-1.32244;4.37867;1.49711;2.29432;
3.30808;-1.23386;4.45001;1.42666;2.28385;
3.2435;-1.29148;4.51342;1.26826;2.36526;
3.17596;-1.35093;4.57492;1.22991;2.40305;
3.10719;-1.37523;4.62867;1.07498;2.47813;
3.03915;-1.36097;4.68125;1.0516;2.48373;
2.96681;-1.44668;4.74109;1.19694;2.45038;
2.88922;-1.55188;4.79926;1.1633;2.49834;
2.80841;-1.61619;4.86244;1.26358;2.47803;
2.72157;-1.73672;4.91921;1.13543;2.56257;
2.63375;-1.75637;4.97281;1.07212;2.59355;
2.54918;-1.6914;5.0302;1.14763;2.54544;
2.46557;-1.6722;5.08686;1.1333;2.54597;
2.38051;-1.70127;5.14228;1.10843;2.56414;
2.30048;-1.60063;5.19871;1.12847;2.52751;
2.21727;-1.66418;5.25151;1.05615;2.57609;
2.13375;-1.67038;5.30484;1.06644;2.57338;
2.05967;-1.48169;5.34672;0.837677;2.62704;
1.97242;-1.74481;5.3832;0.729509;2.74558;
1.87143;-2.0198;5.42428;0.821726;2.75521;
1.77622;-1.90432;5.46382;0.790752;2.74802;
1.67727;-1.979;5.50312;0.785978;2.76354;
1.59522;-1.64105;5.55002;0.938111;2.62228;
1.5103;-1.69824;5.59711;0.941742;2.63527;
1.43232;-1.55977;5.63709;0.799489;2.66794;
1.34828;-1.6808;5.68001;0.858524;2.66936;
1.25384;-1.88863;5.72942;0.988078;2.65958;
1.15552;-1.96645;5.78739;1.15955;2.6088;
1.06591;-1.79225;5.84333;1.11869;2.58358;
0.976545;-1.78728;5.89707;1.07485;2.60015;
0.894461;-1.64167;5.94663;0.991247;2.59838;
0.810256;-1.6841;5.99702;1.00766;2.6024;
0.728149;-1.64213;6.05191;1.09786;2.55228;
0.644259;-1.67782;6.10614;1.08465;2.56771;
0.5591;-1.70317;6.15159;0.909006;2.65134;
0.471013;-1.76174;6.19861;0.940317;2.65132;
0.371675;-1.98676;6.25103;1.04855;2.65598;
0.282298;-1.78756;6.30042;0.987802;2.63676;
0.192726;-1.79143;6.34502;0.891966;2.67962;
0.0973697;-1.90712;6.37458;0.591045;2.84107;
0.0177265;-1.59286;6.40455;0.599541;2.7816;
-0.070119;-1.75691;6.4376;0.660872;2.78181;
-0.168754;-1.97269;6.47844;0.816831;2.74902;
-0.265527;-1.93547;6.52005;0.832332;2.73546;
-0.358943;-1.86833;6.56172;0.833376;2.72202;
-0.452686;-1.87484;6.60596;0.88468;2.7007;
-0.550306;-1.95241;6.65881;1.05712;2.64534;
-0.637207;-1.73802;6.70059;0.835635;2.69343;
-0.719453;-1.64493;6.73429;0.673803;2.75282;
-0.807273;-1.75639;6.76493;0.612938;2.80583;
-0.907768;-2.00991;6.80162;0.733853;2.79151;
-1.00786;-2.00186;6.82711;0.509771;2.89224;
-1.10409;-1.92456;6.85099;0.477527;2.89838;
-1.20076;-1.93342;6.88035;0.587151;2.84676;
-1.29328;-1.85038;6.90258;0.444621;2.90578;
-1.38731;-1.8806;6.92532;0.454744;2.90434;
-1.48505;-1.95478;6.96339;0.761556;2.7701;
-1.60165;-2.33202;6.98969;0.52599;2.91975;
-1.70506;-2.06817;7.01849;0.575874;2.87003;
-1.80637;-2.02624;7.04952;0.620757;2.84431;
-1.90535;-1.97951;7.07946;0.598658;2.84791;
-1.99536;-1.80034;7.1121;0.652805;2.79374;
-2.0934;-1.9607;7.14125;0.583117;2.85252;
-2.18617;-1.85545;7.16462;0.467415;2.89481;
-2.28103;-1.89729;7.18876;0.48274;2.89244;
-2.38013;-1.98195;7.2129;0.48285;2.90262;
-2.4841;-2.07932;7.23607;0.463376;2.92233;
-2.58489;-2.01578;7.25837;0.445859;2.92391;
-2.67989;-1.90007;7.27723;0.377256;2.94559;
-2.77432;-1.88857;7.29369;0.329247;2.96899;
-2.8754;-2.02169;7.30719;0.270043;3.00881;
-2.97466;-1.98511;7.32151;0.286285;2.99836;
-3.06832;-1.87327;7.32385;0.0469308;3.11655;
-3.16963;-2.0261;7.3231;-0.0150882;-3.13415;
-3.27092;-2.02578;7.31846;-0.0927235;-3.09585;
-3.3823;-2.22771;7.3214;0.0588036;3.1152;
-3.48562;-2.06633;7.32693;0.110617;3.08811;
-3.57867;-1.86094;7.335;0.161253;3.05516;
-3.68968;-2.22021;7.3388;0.0759922;3.10738;
-3.80444;-2.29517;7.32944;-0.187075;-3.06026;
-3.90543;-2.01994;7.32806;-0.0276674;-3.1279;
-3.99434;-1.77805;7.32662;-0.0287956;-3.1254;
-4.08213;-1.75589;7.33193;0.106142;3.08122;
-4.17715;-1.90044;7.32984;-0.041792;-3.11961;
-4.27468;-1.95062;7.32766;-0.0435128;-3.11929;
-4.37198;-1.946;7.31071;-0.339112;-2.96906;
-4.46029;-1.76622;7.28547;-0.50479;-2.86321;
-4.54527;-1.69958;7.25584;-0.59252;-2.80614;
-4.63338;-1.76206;7.22423;-0.63216;-2.79713;
-4.73451;-2.02273;7.19485;-0.587651;-2.85885;
-4.83682;-2.04623;7.16284;-0.640136;-2.8384;
-4.9356;-1.97559;7.13198;-0.617281;-2.83875;
-5.02766;-1.84119;7.10891;-0.461405;-2.89605;
-5.12614;-1.96957;7.08001;-0.577993;-2.85615;
-5.22853;-2.0478;7.05931;-0.414016;-2.94211;
-5.31923;-1.81389;7.03806;-0.424871;-2.91151;
-5.40652;-1.74585;7.00982;-0.564872;-2.82867;
-5.5023;-1.91553;6.98388;-0.518813;-2.87709;
-5.6043;-2.04013;6.9627;-0.423541;-2.9369;
-5.70325;-1.97887;6.9281;-0.691992;-2.80519;
-5.79972;-1.92941;6.89864;-0.589289;-2.84517;
-5.89978;-2.00128;6.86388;-0.695224;-2.80725;
-5.995;-1.90447;6.82114;-0.85471;-2.71974;
-6.08453;-1.7905;6.78384;-0.746099;-2.74677;
-6.17697;-1.84878;6.74451;-0.786499;-2.73937;
-6.27475;-1.95562;6.6918;-1.05421;-2.64718;
-6.3786;-2.07712;6.64627;-0.910718;-2.72838;
-6.47675;-1.963;6.6037;-0.851229;-2.73243;
-6.55812;-1.62733;6.54959;-1.08219;-2.55474;
-6.6397;-1.63159;6.49461;-1.0997;-2.54853;
-6.71604;-1.52679;6.44114;-1.06947;-2.53055;
-6.79589;-1.59696;6.38281;-1.16648;-2.51073;
-6.88038;-1.68992;6.32049;-1.24641;-2.50611;
-6.97214;-1.83509;6.25404;-1.32905;-2.51478;
-7.05683;-1.69378;6.19133;-1.25418;-2.50422;
-7.13932;-1.64993;6.12207;-1.38513;-2.44322;
-7.21989;-1.61127;6.05612;-1.31918;-2.45554;
-7.30258;-1.65383;5.99302;-1.26194;-2.4898;
-7.38353;-1.61895;5.93104;-1.23957;-2.48814;
-7.46644;-1.6582;5.86828;-1.25514;-2.49367;
-7.5365;-1.40125;5.79533;-1.45912;-2.33596;
-7.60543;-1.3787;5.71364;-1.6337;-2.27174;
-7.67342;-1.35964;5.63489;-1.57505;-2.28292;
-7.74806;-1.49285;5.55012;-1.69534;-2.29277;
-7.82015;-1.44184;5.46217;-1.75913;-2.25739;
-7.8823;-1.24296;5.37957;-1.65182;-2.21588;
-7.95031;-1.36027;5.2929;-1.73358;-2.23611;
-8.01178;-1.22945;5.19912;-1.87547;-2.15106;
-8.06601;-1.08453;5.10275;-1.9274;-2.08333;
-8.11172;-0.914126;5.00782;-1.89873;-2.01949;
-8.16245;-1.01463;4.91598;-1.83675;-2.07548;
-8.20412;-0.833438;4.82613;-1.79694;-2.00507;
-8.24353;-0.788294;4.73385;-1.84553;-1.97448;
-8.28298;-0.788928;4.64202;-1.83662;-1.97652;
-8.32247;-0.789774;4.5497;-1.8464;-1.97498;
-8.38096;-1.1698;4.45171;-1.95988;-2.10891;
-8.43295;-1.03986;4.35402;-1.95383;-2.05988;
-8.48169;-0.974805;4.2634;-1.81229;-2.06429;
-8.53076;-0.981394;4.17715;-1.72513;-2.08802;
-8.58125;-1.00976;4.08952;-1.75249;-2.09352;
-8.62333;-0.841586;4.00321;-1.72635;-2.02439;
-8.67395;-1.01245;3.91168;-1.83048;-2.07602;
-8.72307;-0.982349;3.81562;-1.92125;-2.04345;
-8.77191;-0.976794;3.72677;-1.7769;-2.07342;
-8.82018;-0.96538;3.63772;-1.7811;-2.06749;
-8.87298;-1.05597;3.5496;-1.76237;-2.11061;
-8.92574;-1.05523;3.461;-1.7719;-2.10793;
-8.97871;-1.05939;3.37362;-1.74776;-2.11572;
-9.02889;-1.00353;3.29176;-1.63709;-2.12072;
-9.07829;-0.988111;3.21408;-1.55365;-2.13726;
-9.13255;-1.08524;3.13283;-1.62498;-2.15962;
-9.18429;-1.03465;3.05629;-1.53086;-2.16514;
-9.2385;-1.08422;2.97949;-1.53594;-2.18547;
-9.29789;-1.18792;2.89851;-1.61963;-2.20362;
-9.35157;-1.07356;2.80584;-1.85346;-2.0958;
-9.40198;-1.00817;2.71257;-1.86533;-2.0663;
-9.45049;-0.970277;2.62196;-1.81213;-2.06239;
-9.50123;-1.01475;2.53331;-1.77306;-2.09061;
-9.5456;-0.88749;2.45151;-1.63598;-2.06785;
-9.58677;-0.823348;2.36479;-1.73448;-2.01399;
-9.63153;-0.895089;2.28406;-1.61451;-2.07701;
-9.6786;-0.94146;2.19842;-1.71283;-2.07337;
-9.72759;-0.979863;2.1143;-1.68233;-2.09821;
-9.77912;-1.03063;2.04328;-1.42052;-2.19845;
-9.83719;-1.16141;1.95894;-1.68676;-2.17379;
-9.89612;-1.17842;1.8814;-1.55082;-2.22059;
-9.95919;-1.26144;1.8041;-1.54594;-2.2552;
-10.0308;-1.43213;1.72588;-1.5644;-2.31208;
-10.104;-1.46496;1.64357;-1.64634;-2.29797;
-10.1798;-1.51545;1.56373;-1.59678;-2.33007;
-10.2519;-1.44155;1.48736;-1.52731;-2.32732;
-10.3231;-1.42315;1.41053;-1.53661;-2.31788;
-10.3974;-1.48752;1.3398;-1.41471;-2.38128;
-10.4691;-1.43416;1.26936;-1.40863;-2.36518;
-10.5401;-1.41849;1.1986;-1.41532;-2.35731;
-10.6113;-1.42432;1.12438;-1.48439;-2.33555;
-10.6814;-1.40193;1.05102;-1.46718;-2.33346;
-10.759;-1.55249;0.980516;-1.41006;-2.40423;
-10.8357;-1.53317;0.912421;-1.36192;-2.41528;
-10.9102;-1.4911;0.845835;-1.33171;-2.4126;
-10.9848;-1.4916;0.779349;-1.32972;-2.41351;
-11.0576;-1.45529;0.709403;-1.39892;-2.37594;
-11.1159;-1.16721;0.631274;-1.56258;-2.21236;
-11.177;-1.22138;0.552854;-1.5684;-2.23244;
-11.2282;-1.02478;0.48684;-1.32027;-2.23085;
-11.2884;-1.20316;0.413244;-1.47192;-2.25606;
-11.3532;-1.29603;0.339495;-1.47498;-2.29171;
-11.4168;-1.27286;0.265021;-1.48948;-2.27794;
-11.4833;-1.3292;0.189494;-1.51054;-2.29242;
-11.5438;-1.20945;0.118321;-1.42347;-2.27509;
-11.6092;-1.30859;0.0535266;-1.29588;-2.36107;
-11.6781;-1.37806;-0.0223796;-1.51813;-2.30787;
-11.755;-1.53726;-0.105527;-1.66294;-2.31694;
-11.8275;-1.4507;-0.183895;-1.56737;-2.31756;
-11.8973;-1.39624;-0.256643;-1.45496;-2.3356;
-11.9645;-1.3443;-0.330328;-1.47369;-2.31031;
-12.0322;-1.35351;-0.402524;-1.44393;-2.32388;
-12.0991;-1.33897;-0.477887;-1.50727;-2.29713;
-12.1683;-1.38395;-0.547517;-1.39259;-2.35308;
-12.2382;-1.39738;-0.617619;-1.40203;-2.35453;
-12.3116;-1.46858;-0.691616;-1.47995;-2.35234;
-12.3835;-1.43819;-0.763996;-1.4476;-2.35293;
-12.4528;-1.38549;-0.822855;-1.17719;-2.4373;
-12.53;-1.54356;-0.880912;-1.16114;-2.49665;
-12.614;-1.6809;-0.939856;-1.17888;-2.52997;
-12.6937;-1.59351;-1.00438;-1.29043;-2.4609;
-12.7692;-1.50971;-1.06752;-1.26276;-2.44503;
-12.8426;-1.46719;-1.11992;-1.04802;-2.52133;
-12.9214;-1.57765;-1.17313;-1.06429;-2.54811;
-13.0038;-1.64654;-1.22652;-1.06771;-2.5663;
-13.0932;-1.78906;-1.28041;-1.07789;-2.59934;
-13.181;-1.75525;-1.33574;-1.10663;-2.57907;
-13.2738;-1.8555;-1.40348;-1.35481;-2.51091;
-13.361;-1.74395;-1.46752;-1.2807;-2.50817;
-13.4467;-1.71499;-1.53223;-1.29416;-2.49514;
-13.5347;-1.7604;-1.59951;-1.34567;-2.48893;
-13.6167;-1.63847;-1.65192;-1.04827;-2.57243;
-13.6986;-1.63985;-1.70162;-0.993947;-2.59669;
-13.7726;-1.47994;-1.7536;-1.03951;-2.52926;
-13.8495;-1.5366;-1.80678;-1.06372;-2.53608;
-13.9364;-1.73796;-1.87285;-1.32143;-2.49151;
-14.019;-1.65337;-1.93618;-1.26644;-2.48794;
-14.1025;-1.66831;-2.00479;-1.37229;-2.45324;
-14.1657;-1.26488;-2.07249;-1.35399;-2.32218;
-14.2321;-1.32878;-2.14211;-1.39242;-2.33281;
-14.2935;-1.22728;-2.20452;-1.24827;-2.34772;
-14.361;-1.35035;-2.271;-1.32945;-2.36399;
-14.4285;-1.34965;-2.33812;-1.34242;-2.35888;
-14.496;-1.35014;-2.40231;-1.28394;-2.38132;
-14.5658;-1.39648;-2.46865;-1.32668;-2.38182;
-14.6348;-1.37897;-2.53205;-1.26802;-2.39808;
-14.7084;-1.47156;-2.59397;-1.23833;-2.44205;
-14.788;-1.59305;-2.65558;-1.23234;-2.48318;
-14.8644;-1.52751;-2.71075;-1.10331;-2.51606;
-14.9537;-1.78568;-2.76602;-1.10543;-2.58728;
-15.0388;-1.70282;-2.82035;-1.0866;-2.57362;
-15.1247;-1.71685;-2.88617;-1.31633;-2.48748;
-15.204;-1.58734;-2.9523;-1.32268;-2.44689;
-15.2742;-1.4042;-3.02135;-1.38105;-2.36451;
-15.3461;-1.43814;-3.08883;-1.34946;-2.388;
-15.4235;-1.5468;-3.16245;-1.47241;-2.38083;
-15.4913;-1.35588;-3.23016;-1.35434;-2.35677;
-15.5638;-1.44963;-3.29805;-1.35767;-2.38894;
-15.6356;-1.43621;-3.36938;-1.42662;-2.35954;
-15.7075;-1.43942;-3.43633;-1.33906;-2.3923;
-15.7795;-1.43926;-3.50029;-1.27925;-2.41499;
-15.8534;-1.47789;-3.55955;-1.18522;-2.46565;
-15.9413;-1.75847;-3.62053;-1.21952;-2.53523;
-16.0314;-1.8014;-3.67986;-1.18664;-2.55911;
-16.1131;-1.634;-3.72976;-0.997982;-2.5933;
-16.2033;-1.80368;-3.79477;-1.30021;-2.517;
-16.2868;-1.66964;-3.86044;-1.31328;-2.4751;
-16.3678;-1.62176;-3.92406;-1.2724;-2.47632;
-16.4597;-1.8372;-3.99312;-1.38122;-2.49694;
-16.5557;-1.91936;-4.05555;-1.24875;-2.56479;
-16.6423;-1.7322;-4.10993;-1.08761;-2.58093;
-16.724;-1.63444;-4.15586;-0.918438;-2.62964;
-16.8082;-1.68387;-4.20165;-0.915801;-2.64347;
-16.8836;-1.50892;-4.23894;-0.745852;-2.68252;
-16.9692;-1.71146;-4.27518;-0.724805;-2.74099;
-17.0553;-1.72204;-4.31197;-0.735923;-2.73773;
-17.1397;-1.68761;-4.34697;-0.69982;-2.74849;
-17.2318;-1.84126;-4.39051;-0.870856;-2.6998;
-17.3162;-1.68813;-4.4175;-0.539865;-2.83207;
-17.4095;-1.86769;-4.4457;-0.563928;-2.84836;
-17.513;-2.06838;-4.4692;-0.470016;-2.91815;
-17.6128;-1.99639;-4.49013;-0.418714;-2.93485;
-17.7077;-1.89797;-4.50629;-0.323169;-2.97294;
-17.799;-1.82647;-4.5063;-0.0001403;-3.14152;
-17.8942;-1.9038;-4.5068;-0.0100136;-3.13633;
-17.9924;-1.96312;-4.51977;-0.259476;-3.01018;
-18.0903;-1.95903;-4.53332;-0.270836;-3.00421;
-18.1895;-1.98455;-4.54674;-0.268567;-3.00708;
-18.3021;-2.25168;-4.55649;-0.194944;-3.05523;
-18.4044;-2.04487;-4.57091;-0.288348;-3.00151;
-18.5049;-2.01051;-4.57911;-0.164027;-3.06019;
-18.602;-1.94194;-4.58601;-0.13791;-3.0707;
-18.7066;-2.09317;-4.58425;0.035047;3.12485;
-18.8108;-2.08413;-4.58329;0.0192276;3.13237;
-18.9019;-1.82165;-4.58121;0.0417222;3.11869;
-18.9966;-1.8942;-4.58163;-0.00840526;-3.13716;
-19.0943;-1.95406;-4.58266;-0.0206231;-3.13104;
-19.1757;-1.62631;-4.5684;0.285209;2.96799;
-19.2575;-1.63638;-4.56192;0.129555;3.06259;
-19.3526;-1.90329;-4.5527;0.184451;3.04498;
-19.4518;-1.98233;-4.54324;0.189105;3.04648;
-19.5529;-2.02245;-4.53762;0.11249;3.08603;
-19.6563;-2.06757;-4.53941;-0.0357554;-3.1243;
-19.7618;-2.11051;-4.54485;-0.108944;-3.09002;
-19.8647;-2.05796;-4.54793;-0.0614575;-3.11174;
-19.9671;-2.04777;-4.54589;0.0407433;3.1217;
-20.0677;-2.01278;-4.54307;0.0563124;3.11362;
-20.1797;-2.23893;-4.53604;0.140684;3.07884;
-20.2907;-2.22045;-4.54059;-0.0910389;-3.10062;
-20.3955;-2.0966;-4.54703;-0.128888;-3.0802;
-20.5213;-2.51647;-4.55324;-0.124184;-3.09228;
-20.6311;-2.1954;-4.56824;-0.299895;-3.00583;
-20.7351;-2.08017;-4.58332;-0.301666;-2.99758;
-20.8324;-1.94504;-4.60033;-0.340173;-2.96845;
-20.9335;-2.02283;-4.6124;-0.241381;-3.02283;
-21.0455;-2.24054;-4.61816;-0.115294;-3.09018;
-21.1504;-2.09831;-4.62613;-0.159271;-3.06583;
-21.2541;-2.07228;-4.63954;-0.268244;-3.01286;
-21.3554;-2.02701;-4.65256;-0.260388;-3.01383;
-21.4518;-1.928;-4.66559;-0.260552;-3.00727;
-21.5478;-1.92011;-4.68164;-0.321007;-2.97594;
-21.6495;-2.03337;-4.70254;-0.418044;-2.93883;
-21.7494;-1.99789;-4.72375;-0.424244;-2.93235;
-21.8542;-2.09696;-4.7614;-0.753011;-2.79684;
-21.951;-1.9362;-4.80408;-0.85346;-2.72642;
-22.0462;-1.90302;-4.83327;-0.583932;-2.84387;
-22.1399;-1.87453;-4.86031;-0.54073;-2.86075;
-22.2371;-1.94413;-4.88699;-0.533541;-2.87375;
-22.3316;-1.88875;-4.90628;-0.385904;-2.94005;
-22.4247;-1.86182;-4.92073;-0.289047;-2.98757;
-22.5119;-1.74563;-4.93515;-0.288241;-2.97795;
-22.6077;-1.91489;-4.95027;-0.302456;-2.98494;
-22.7006;-1.85855;-4.97134;-0.421492;-2.91858;
-22.7992;-1.97139;-4.99154;-0.403923;-2.9395;
-22.8875;-1.76567;-5.01124;-0.394036;-2.92202;
-22.9822;-1.89521;-5.03504;-0.47598;-2.89553;
-23.0778;-1.91143;-5.05802;-0.459705;-2.90557;
-23.173;-1.90441;-5.07802;-0.39985;-2.93464;
-23.2648;-1.83496;-5.09598;-0.35929;-2.94824;
-23.362;-1.94482;-5.10464;-0.173216;-3.05276;
-23.4631;-2.02181;-5.10944;-0.0958626;-3.09421;
-23.5795;-2.32815;-5.12404;-0.292173;-3.01675;
-23.6874;-2.15849;-5.13799;-0.278875;-3.01311;
-23.7826;-1.90298;-5.14647;-0.169617;-3.0527;
-23.8804;-1.95609;-5.15612;-0.19293;-3.04328;
-23.9924;-2.2398;-5.16409;-0.159578;-3.07047;
-24.101;-2.17219;-5.18098;-0.337765;-2.98733;
-24.2068;-2.11579;-5.19273;-0.234875;-3.03103;
-24.3042;-1.94836;-5.19573;-0.0600578;-3.11078;
-24.4003;-1.92168;-5.19967;-0.078793;-3.10061;
-24.4807;-1.60862;-5.19827;0.0279791;3.1242;
-24.5624;-1.63428;-5.19572;0.0510799;3.11035;
-24.6535;-1.8223;-5.19312;0.0518848;3.11313;
-24.7595;-2.11889;-5.19031;0.0563301;3.11501;
-24.8503;-1.81716;-5.18757;0.0546579;3.11152;
-24.946;-1.91292;-5.18574;0.0366129;3.12246;
-25.0529;-2.13921;-5.17011;0.312654;2.99647;
-25.163;-2.20216;-5.15548;0.292626;3.00949;
-25.2758;-2.25546;-5.1518;0.0736367;3.10896;
-25.3791;-2.06531;-5.14561;0.123806;3.08172;
-25.4822;-2.06229;-5.15147;-0.117212;-3.08482;
-25.5787;-1.92953;-5.16607;-0.291986;-2.99141;
-25.6866;-2.15758;-5.19605;-0.599622;-2.87052;
-25.783;-1.92954;-5.22136;-0.506235;-2.88501;
-25.8782;-1.9033;-5.24698;-0.512447;-2.87859;
-25.9678;-1.79118;-5.26819;-0.424222;-2.90904;
-26.0605;-1.85389;-5.28926;-0.421434;-2.91807;
-26.1571;-1.93215;-5.31129;-0.440453;-2.91746;
-26.2553;-1.96435;-5.34085;-0.591223;-2.84924;
-26.35;-1.89547;-5.36595;-0.502081;-2.88265;
-26.4447;-1.8938;-5.39111;-0.50318;-2.88189;
-26.5327;-1.75833;-5.42379;-0.653516;-2.78575;
-26.6298;-1.94205;-5.45791;-0.682399;-2.80369;
-26.7239;-1.88329;-5.48651;-0.572109;-2.84667;
-26.7989;-1.49891;-5.50637;-0.397174;-2.88257;
-26.8821;-1.6639;-5.53658;-0.604213;-2.79327;
-26.9516;-1.39052;-5.57794;-0.827263;-2.60491;
-27.0263;-1.49397;-5.62949;-1.03097;-2.53755;
-27.0989;-1.45314;-5.68542;-1.11864;-2.48553;
-27.1726;-1.47303;-5.75427;-1.37683;-2.38994;
-27.2523;-1.59395;-5.81737;-1.2621;-2.47187;
-27.3288;-1.52939;-5.87238;-1.1002;-2.51798;
-27.4103;-1.62978;-5.92131;-0.978552;-2.60086;
-27.4939;-1.67211;-5.97105;-0.994769;-2.60492;
-27.5821;-1.76403;-6.02773;-1.13374;-2.57037;
-27.6757;-1.87271;-6.08867;-1.21866;-2.56469;
-27.7719;-1.92316;-6.14071;-1.04079;-2.64554;
-27.8602;-1.7666;-6.18981;-0.982005;-2.63425;
-27.9589;-1.97341;-6.21435;-0.490904;-2.89778;
-28.0572;-1.96647;-6.24713;-0.655584;-2.8198;
-28.1545;-1.94659;-6.2795;-0.647317;-2.82056;
-28.2585;-2.07907;-6.31086;-0.62733;-2.84854;
-28.3574;-1.97918;-6.33724;-0.527463;-2.88114;
-28.4551;-1.95308;-6.36003;-0.455867;-2.91229;
-28.5451;-1.80019;-6.36379;-0.0752948;-3.09979;
-28.642;-1.93909;-6.36602;-0.0444831;-3.11866;
-28.7382;-1.92386;-6.35515;0.217308;3.02912;
-28.8329;-1.89259;-6.34833;0.136373;3.06966;
-28.9317;-1.97619;-6.34221;0.122585;3.07964;
-29.0334;-2.03488;-6.3386;0.072137;3.10616;
-29.1341;-2.01327;-6.33038;0.164292;3.06017;
-29.2351;-2.02097;-6.32328;0.142013;3.07144;
-29.336;-2.01752;-6.31507;0.164164;3.0604;
-29.4359;-1.99849;-6.30286;0.244391;3.01991;
-29.5355;-1.99085;-6.29627;0.131618;3.07558;
-29.6447;-2.18468;-6.28441;0.237204;3.03344;
-29.7492;-2.08995;-6.27395;0.209371;3.04175;
-29.8519;-2.05499;-6.26652;0.148417;3.0695;
-29.9391;-1.74204;-6.24602;0.41015;2.91036;

29.9682;-1.85449;-6.22575;0.405328;2.92641;
29.8683;-1.99763;-6.21326;0.249748;3.01722;
29.7602;-2.16314;-6.19367;0.391935;2.96235;
29.6647;-1.90953;-6.17982;0.276916;2.99758;
29.5664;-1.96593;-6.1574;0.448378;2.91735;
29.4685;-1.95798;-6.13813;0.385437;2.94722;
29.3709;-1.95326;-6.11642;0.434242;2.92283;
29.2685;-2.04628;-6.0961;0.406448;2.94552;
29.1663;-2.04557;-6.08603;0.201337;3.04348;
29.0587;-2.15053;-6.06948;0.331028;2.98886;
28.9566;-2.04257;-6.05622;0.265063;3.01254;
28.8518;-2.09634;-6.04574;0.20962;3.04193;
28.7447;-2.14145;-6.03522;0.21055;3.04359;
28.637;-2.15441;-6.02595;0.185241;3.05582;
28.5349;-2.04209;-6.00947;0.329744;2.9815;
28.4352;-1.99415;-5.99202;0.348918;2.96838;
28.3272;-2.15959;-5.97367;0.366957;2.97328;
28.2101;-2.34117;-5.9522;0.429512;2.96015;
28.1026;-2.15159;-5.9336;0.37203;2.97038;
27.9954;-2.14327;-5.91352;0.401439;2.95644;
27.8978;-1.95269;-5.89816;0.3073;2.9855;
27.8027;-1.90095;-5.87955;0.372175;2.94825;
27.706;-1.93491;-5.85887;0.413642;2.93098;
27.6122;-1.87456;-5.81527;0.871985;2.7062;
27.5203;-1.83869;-5.76822;0.941026;2.66856;
27.4295;-1.81643;-5.72145;0.935431;2.66603;
27.3438;-1.71336;-5.69251;0.578775;2.81583;
27.2556;-1.76415;-5.64669;0.916384;2.66251;
27.1664;-1.78479;-5.60088;0.916073;2.66739;
27.0835;-1.65652;-5.55644;0.888787;2.64914;
27;-1.67105;-5.52481;0.632638;2.77968;
26.9194;-1.61172;-5.49408;0.61457;2.7773;
26.8303;-1.78295;-5.45507;0.780258;2.72908;
26.7357;-1.89202;-5.41252;0.850962;2.71894;
26.6447;-1.82016;-5.36854;0.879648;2.69141;
26.5559;-1.77472;-5.32432;0.884396;2.67928;
26.4743;-1.6332;-5.28309;0.824685;2.67399;
26.3864;-1.75719;-5.24367;0.788412;2.71984;
26.2963;-1.80141;-5.19349;1.00353;2.63333;
26.2055;-1.816;-5.14293;1.01128;2.63349;
26.1095;-1.92021;-5.0909;1.04058;2.64498;
26.0249;-1.69319;-5.03822;1.05364;2.58495;
25.942;-1.65623;-4.98394;1.08541;2.56146;
25.8782;-1.27685;-4.94329;0.813026;2.57459;
25.8034;-1.49584;-4.89638;0.938238;2.58139;
25.7317;-1.43427;-4.85164;0.89492;2.58374;
25.6613;-1.40862;-4.80364;0.959814;2.54347;
25.5917;-1.39224;-4.75252;1.02252;2.50813;
25.5225;-1.38322;-4.6987;1.07636;2.48031;
25.4521;-1.40698;-4.63934;1.18712;2.44075;
25.3756;-1.53043;-4.57738;1.23931;2.46092;
25.3022;-1.46879;-4.51496;1.24847;2.4371;
25.2272;-1.50013;-4.45225;1.25405;2.44531;
25.1517;-1.50965;-4.38862;1.27266;2.44117;
25.0765;-1.50481;-4.32262;1.31991;2.42156;
24.9993;-1.54364;-4.25859;1.28075;2.44901;
24.9196;-1.59302;-4.19101;1.3516;2.438;
24.8413;-1.56581;-4.12383;1.34347;2.43247;
24.7637;-1.55174;-4.0555;1.36675;2.4195;
24.6948;-1.37919;-3.9886;1.33793;2.37138;
24.6293;-1.31062;-3.92151;1.3417;2.34448;
24.5524;-1.53695;-3.84957;1.43897;2.38911;
24.4775;-1.49843;-3.77942;1.40294;2.38909;
24.4046;-1.45727;-3.70344;1.51964;2.33525;
24.3294;-1.50406;-3.62954;1.47787;2.36498;
24.2547;-1.4935;-3.56187;1.35357;2.40531;
24.1816;-1.46195;-3.49776;1.28215;2.42162;
24.1073;-1.48763;-3.43356;1.28392;2.42957;
24.0344;-1.45789;-3.36149;1.44149;2.36185;
23.9734;-1.21917;-3.29513;1.32723;2.31379;
23.9075;-1.31847;-3.2226;1.45054;2.30853;
23.8216;-1.71759;-3.16176;1.21687;2.5252;
23.7393;-1.64672;-3.10416;1.15198;2.53116;
23.6369;-2.04742;-3.05167;1.04967;2.66786;
23.5451;-1.83583;-3.00193;0.994928;2.64495;
23.4572;-1.75895;-2.94322;1.17409;2.55302;
23.3695;-1.7535;-2.88194;1.22555;2.53159;
23.2834;-1.72103;-2.82548;1.1293;2.56089;
23.1999;-1.67014;-2.76668;1.17608;2.52807;
23.1144;-1.71018;-2.70014;1.3308;2.48031;
23.0336;-1.61554;-2.63726;1.25757;2.48015;
22.9512;-1.64912;-2.58546;1.03596;2.5807;
22.8768;-1.48813;-2.53456;1.01794;2.54166;
22.7972;-1.59094;-2.47793;1.13272;2.52287;
22.7157;-1.62965;-2.42132;1.13212;2.53443;
22.6183;-1.94863;-2.3666;1.0945;2.62983;
22.5175;-2.01622;-2.31753;0.981216;2.68867;
22.4133;-2.08406;-2.26922;0.966215;2.70747;
22.3084;-2.09839;-2.22964;0.791728;2.7808;
22.2098;-1.97127;-2.19151;0.762457;2.77253;
22.1201;-1.79485;-2.15307;0.768955;2.73683;
22.0326;-1.74947;-2.11296;0.802092;2.71171;
21.9319;-2.01404;-2.07471;0.764967;2.77861;
21.8303;-2.03287;-2.04675;0.559197;2.87315;
21.7299;-2.00809;-2.00863;0.762483;2.7787;
21.632;-1.95682;-1.98092;0.554189;2.86561;
21.5409;-1.82238;-1.93661;0.886273;2.68894;
21.4435;-1.94804;-1.87941;1.14393;2.61062;
21.36;-1.66904;-1.82112;1.16587;2.53185;
21.2781;-1.63821;-1.76679;1.08647;2.55599;
21.1958;-1.64756;-1.70942;1.14738;2.53328;
21.1173;-1.56881;-1.65433;1.1019;2.52927;
21.0454;-1.438;-1.60124;1.06186;2.50554;
20.9787;-1.33326;-1.54528;1.11917;2.44327;
20.906;-1.45565;-1.48414;1.22267;2.44296;
20.831;-1.49835;-1.42154;1.25201;2.44552;
20.7553;-1.51502;-1.3588;1.25483;2.44986;
20.6833;-1.44003;-1.29381;1.29991;2.40729;
20.613;-1.40551;-1.23113;1.25355;2.41328;
20.5376;-1.50799;-1.17064;1.20969;2.46552;
20.4608;-1.53639;-1.10914;1.23003;2.46649;
20.3903;-1.411;-1.05023;1.17828;2.44583;
20.3188;-1.42966;-0.987107;1.26244;2.41823;
20.2447;-1.48219;-0.917348;1.39519;2.38642;
20.1713;-1.46799;-0.856653;1.21389;2.45066;
20.1034;-1.35737;-0.801564;1.10178;2.45976;
20.019;-1.68876;-0.731684;1.39761;2.45025;
19.9404;-1.57172;-0.670876;1.21616;2.48305;
19.8748;-1.31059;-0.596657;1.48437;2.2941;
19.8044;-1.40936;-0.517629;1.58057;2.29899;
19.7267;-1.55429;-0.434016;1.67225;2.31965;
19.6536;-1.461;-0.353531;1.60969;2.30781;
19.5786;-1.50016;-0.277157;1.5275;2.34716;
19.5059;-1.45299;-0.202719;1.48876;2.34404;
19.4367;-1.38528;-0.126962;1.51514;2.31145;
19.3591;-1.55241;-0.0557566;1.42411;2.39927;
19.2954;-1.27381;0.0135873;1.38688;2.31372;
19.2401;-1.10625;0.0837374;1.403;2.23848;
19.1834;-1.13347;0.161074;1.54673;2.20321;
19.1249;-1.17073;0.239914;1.57681;2.20946;
19.0677;-1.14375;0.322276;1.64722;2.17772;
19.0112;-1.12994;0.398866;1.53181;2.20635;
18.9472;-1.27904;0.471144;1.44556;2.29515;
18.8829;-1.28547;0.544385;1.46481;2.29108;
18.8148;-1.36229;0.609653;1.30536;2.37753;
18.7574;-1.14793;0.671032;1.22758;2.32268;
18.6838;-1.47346;0.732485;1.22907;2.44638;
18.6143;-1.38931;0.799302;1.33633;2.37563;
18.5426;-1.43409;0.865389;1.32175;2.39693;
18.4708;-1.43507;0.933718;1.36659;2.38063;
18.3993;-1.42994;1.00123;1.35013;2.3849;
18.3233;-1.52056;1.06044;1.18439;2.47984;
18.2411;-1.64343;1.11776;1.14635;2.53252;
18.16;-1.62257;1.17127;1.07007;2.55857;
18.0848;-1.50448;1.22686;1.1119;2.50513;
18.0046;-1.60343;1.28373;1.13739;2.52462;
17.9134;-1.82398;1.33608;1.04709;2.62046;
17.8139;-1.99121;1.38011;0.880566;2.72522;
17.7223;-1.83153;1.42517;0.90117;2.68434;
17.6321;-1.80436;1.47124;0.921302;2.6695;
17.5421;-1.79877;1.51353;0.845826;2.70205;
17.4498;-1.84611;1.55788;0.887102;2.69365;
17.3594;-1.80891;1.60133;0.868993;2.69375;
17.2501;-2.18443;1.63635;0.700404;2.83131;
17.1479;-2.04424;1.66912;0.65543;2.83133;
17.0507;-1.94395;1.7007;0.631421;2.82753;
16.9559;-1.89639;1.73237;0.633468;2.81921;
16.8625;-1.86805;1.76222;0.597067;2.83223;
16.7685;-1.88028;1.79039;0.563324;2.85051;
16.6786;-1.79776;1.82781;0.748445;2.7471;
16.5903;-1.76662;1.86543;0.75243;2.73895;
16.497;-1.86496;1.89989;0.689101;2.78765;
16.4038;-1.8652;1.93411;0.684546;2.78985;
16.3045;-1.98625;1.96412;0.600039;2.84821;
16.2067;-1.95429;1.99244;0.566478;2.85946;
16.1039;-2.05792;2.01429;0.437063;2.93232;
15.9963;-2.15168;2.0351;0.416229;2.95051;
15.8921;-2.08398;2.04632;0.224243;3.0344;
15.7904;-2.03397;2.05954;0.264396;3.01233;
15.6949;-1.90975;2.07635;0.336199;2.96733;
15.6038;-1.82118;2.09925;0.458116;2.89516;
15.5136;-1.80409;2.12661;0.54722;2.84709;
15.422;-1.83338;2.15548;0.577389;2.83649;
15.3318;-1.80379;2.19232;0.736823;2.75379;
15.2318;-1.99969;2.23245;0.802476;2.75997;
15.1351;-1.93377;2.26043;0.559595;2.85991;
15.0401;-1.90046;2.2889;0.56948;2.85045;
14.9416;-1.96955;2.31341;0.490198;2.89766;
14.8391;-2.04939;2.34378;0.607405;2.85346;
14.7371;-2.04081;2.36434;0.411239;2.94275;
14.6322;-2.09741;2.377;0.25319;3.02146;
14.525;-2.14386;2.39811;0.422216;2.94714;
14.4239;-2.02245;2.41779;0.393604;2.94938;
14.316;-2.15765;2.42891;0.22223;3.03896;
14.2148;-2.02426;2.44062;0.234321;3.02635;
14.1157;-1.98257;2.45465;0.280608;3.00099;
14.0231;-1.85113;2.46668;0.240565;3.01236;
13.9237;-1.98876;2.48575;0.381351;2.95214;
13.8271;-1.93153;2.50543;0.393724;2.94051;
13.7306;-1.93004;2.5275;0.441223;2.91685;
13.6317;-1.97784;2.54317;0.313407;2.98444;
13.535;-1.93313;2.55834;0.303424;2.9859;
13.4312;-2.07603;2.57571;0.34738;2.9758;
13.3298;-2.02912;2.58653;0.216517;3.03529;
13.2282;-2.03082;2.59745;0.218343;3.03449;
13.1274;-2.01773;2.6096;0.242947;3.02176;
13.0293;-1.96217;2.62238;0.255582;3.01207;
12.9249;-2.08727;2.63974;0.347349;2.97669;
12.8345;-1.80718;2.6414;0.0331118;3.12327;
12.7365;-1.96043;2.6432;0.0359671;3.12325;
12.6452;-1.82645;2.6398;-0.067852;-3.10446;
12.5553;-1.79825;2.639;-0.0161525;-3.13261;
12.4596;-1.9137;2.64363;0.0927629;3.09316;
12.3636;-1.91883;2.64258;-0.0211286;-3.13058;
12.2622;-2.02836;2.6446;0.0403972;3.12168;
12.1587;-2.07138;2.65282;0.164344;3.06242;
12.0554;-2.06569;2.65852;0.114059;3.08643;
11.9525;-2.05765;2.67058;0.241334;3.02484;
11.8535;-1.98075;2.68188;0.225936;3.02802;
11.7463;-2.14385;2.71298;0.621869;2.85927;
11.6539;-1.84634;2.75843;0.909164;2.68403;
11.5658;-1.76268;2.79921;0.815566;2.70824;
11.4734;-1.84855;2.83772;0.77017;2.74683;
11.3678;-2.11152;2.88086;0.862782;2.75369;
11.2822;-1.71187;2.91127;0.60819;2.80022;
11.1859;-1.92696;2.94341;0.642888;2.81958;
11.0873;-1.97087;2.97457;0.623052;2.8354;
10.9909;-1.92839;3.02245;0.957647;2.68067;
10.8901;-2.01591;3.06034;0.757806;2.78202;
10.7955;-1.89222;3.10577;0.908642;2.69391;
10.7089;-1.73148;3.15866;1.05786;2.59315;
10.6104;-1.96973;3.20056;0.837947;2.73937;
10.5173;-1.86366;3.23448;0.67847;2.79246;
10.4278;-1.78882;3.27092;0.728735;2.75474;
10.3414;-1.72859;3.29825;0.546597;2.83533;
10.2501;-1.82535;3.32787;0.59242;2.82777;
10.1478;-2.04574;3.37731;0.988724;2.69139;
10.0505;-1.94751;3.42782;1.01021;2.66308;
9.96015;-1.80613;3.47058;0.85526;2.69934;
9.8688;-1.82703;3.51375;0.863328;2.70016;
9.78491;-1.67767;3.54458;0.616723;2.78932;
9.69335;-1.83128;3.57464;0.601089;2.82444;
9.5953;-1.96094;3.58968;0.300878;2.98934;
9.49831;-1.93989;3.60743;0.354889;2.96065;
9.39863;-1.99348;3.63315;0.514405;2.88906;
9.30401;-1.89246;3.65823;0.501666;2.88247;
9.20812;-1.9178;3.68307;0.49687;2.88808;
9.11198;-1.92272;3.70826;0.503703;2.88538;
9.01518;-1.93616;3.73467;0.528178;2.87528;
8.90652;-2.17302;3.74887;0.284098;3.01159;
8.80151;-2.10033;3.76404;0.303345;2.99816;
8.69835;-2.06306;3.77841;0.287358;3.0032;
8.60429;-1.88135;3.7858;0.147785;3.0632;
8.49325;-2.22075;3.78711;0.0262236;3.12978;
8.39217;-2.0216;3.80713;0.400371;2.94608;
8.29487;-1.94609;3.82839;0.425355;2.92641;
8.19573;-1.98279;3.84807;0.393536;2.94566;
8.09761;-1.96239;3.86902;0.418922;2.93127;
8.00427;-1.86677;3.88684;0.356457;2.95292;
7.90026;-2.08009;3.90207;0.304529;2.99622;
7.80734;-1.85857;3.91678;0.294203;2.9846;
7.71264;-1.89392;3.93217;0.30777;2.9805;
7.60826;-2.08753;3.94285;0.21376;3.03955;
7.50618;-2.04165;3.95437;0.230248;3.02929;
7.40651;-1.99345;3.96495;0.211602;3.03584;
7.29972;-2.1358;3.9748;0.196986;3.04962;
7.19068;-2.18069;3.98214;0.146864;3.07435;
7.07743;-2.26508;3.99348;0.2268;3.0418;
6.96608;-2.22701;3.99654;0.0611403;3.11415;
6.85928;-2.13603;4.00287;0.12661;3.08239;
6.75342;-2.11714;4.00561;0.0549762;3.11563;
6.64747;-2.11904;4.00567;0.00106718;3.14109;
6.54717;-2.00591;4.00179;-0.0775829;-3.10293;
6.44584;-2.02666;3.99937;-0.04837;-3.11773;
6.33015;-2.31371;4.00183;0.0492655;3.1203;
6.21566;-2.28991;4.01133;0.189922;3.05884;
6.10383;-2.23656;4.0204;0.181324;3.0607;
5.9992;-2.09273;4.02924;0.176833;3.05729;
5.88503;-2.28331;4.04633;0.341826;2.99299;
5.77868;-2.12702;4.07511;0.575604;2.87731;
5.67252;-2.12312;4.10413;0.580403;2.87474;
5.57619;-1.92668;4.12941;0.505535;2.88499;
5.47926;-1.93852;4.15378;0.48752;2.89521;
5.36993;-2.18664;4.17208;0.365944;2.97577;
5.26119;-2.1748;4.1843;0.244486;3.02964;
5.16021;-2.01965;4.18859;0.0857789;3.09915;
5.06828;-1.83862;4.18298;-0.11221;-3.08064;
4.97523;-1.86094;4.16972;-0.265187;-3.00004;
4.87961;-1.91235;4.15309;-0.332624;-2.96938;
4.78324;-1.92754;4.1331;-0.399779;-2.93709;
4.67861;-2.09247;4.10786;-0.504758;-2.90489;
4.57783;-2.01557;4.08069;-0.543496;-2.87821;
4.4781;-1.99477;4.05477;-0.518388;-2.88734;
4.38354;-1.89118;4.03499;-0.395629;-2.93537;
4.28095;-2.05168;4.01037;-0.492467;-2.90602;
4.18227;-1.97359;3.99238;-0.359615;-2.96136;
4.08302;-1.98512;3.96701;-0.507588;-2.89126;
3.98494;-1.96163;3.9631;-0.0780776;-3.10181;
3.88205;-2.05767;3.95996;-0.0627413;-3.11111;
3.79413;-1.75846;3.96374;0.0755458;3.09866;
3.69495;-1.98363;3.9748;0.221135;3.03057;
3.59888;-1.92141;3.99144;0.332823;2.97008;
3.50462;-1.88509;4.0133;0.43719;2.9137;
3.41405;-1.81147;4.04954;0.724715;2.76102;
3.3222;-1.83698;4.09119;0.833101;2.71582;
3.23821;-1.67989;4.13336;0.84342;2.67629;
3.16004;-1.56341;4.17974;0.927647;2.60608;
3.08;-1.60062;4.23194;1.04387;2.5637;
3.00445;-1.51103;4.28454;1.05208;2.53338;
2.92814;-1.52631;4.34033;1.11578;2.51034;
2.85833;-1.39612;4.39668;1.12691;2.46249;
2.77474;-1.67187;4.45746;1.21575;2.51286;
2.69917;-1.51136;4.52414;1.33355;2.41861;
2.62356;-1.51215;4.58878;1.29273;2.43426;
2.53774;-1.71646;4.64224;1.06932;2.58445;
2.44246;-1.9055;4.69607;1.07664;2.62729;
2.3453;-1.94328;4.74786;1.03571;2.65192;
2.25368;-1.83244;4.79911;1.02501;2.63159;
2.16287;-1.81618;4.84772;0.972169;2.65012;
2.06938;-1.86978;4.89243;0.894308;2.69546;
1.98963;-1.59504;4.91624;0.476191;2.85147;
1.89305;-1.93157;4.95238;0.722752;2.78354;
1.79968;-1.8673;4.9776;0.504419;2.87776;
1.70564;-1.88084;5.00587;0.565246;2.84965;
1.60118;-2.08917;5.01762;0.235147;3.02951;
1.50013;-2.02106;5.03259;0.299402;2.99452;
1.4018;-1.9666;5.05851;0.518431;2.88384;
1.31262;-1.78359;5.09009;0.631535;2.80129;
1.22276;-1.79728;5.12513;0.700723;2.76984;
1.13549;-1.74531;5.15903;0.678112;2.77101;
1.04678;-1.77418;5.19827;0.78479;2.72513;
0.947769;-1.9803;5.22159;0.466393;2.91029;
0.845647;-2.04244;5.24572;0.482645;2.90954;
0.74627;-1.98753;5.2805;0.695475;2.80499;
0.657613;-1.77314;5.31767;0.743346;2.74462;
0.567165;-1.80896;5.35838;0.814305;2.71861;
0.481631;-1.71067;5.40165;0.86546;2.67322;
0.392236;-1.7879;5.45731;1.11305;2.58476;
0.314345;-1.55783;5.52022;1.25833;2.46215;
0.241264;-1.46162;5.59037;1.40289;2.3767;
0.171092;-1.40343;5.66487;1.49007;2.32626;
0.115363;-1.11458;5.74485;1.59966;2.17935;
0.0550407;-1.20645;5.83561;1.81514;2.15741;
-0.0021341;-1.1435;5.92381;1.7639;2.14596;
-0.0593274;-1.14387;6.00936;1.71113;2.16006;
-0.110385;-1.02116;6.07855;1.38372;2.20656;
-0.163245;-1.05719;6.15102;1.44952;2.20094;
-0.218917;-1.11344;6.24047;1.78898;2.12752;
-0.270197;-1.0256;6.33281;1.84674;2.07774;
-0.328806;-1.17217;6.42986;1.94104;2.11407;
-0.385179;-1.12747;6.52102;1.82315;2.12465;
-0.431053;-0.917461;6.60147;1.60907;2.089;
-0.483116;-1.04128;6.68836;1.73768;2.11065;
-0.537002;-1.07771;6.77824;1.79768;2.11085;
-0.595451;-1.16898;6.86091;1.65339;2.18622;
-0.656029;-1.21155;6.9438;1.65769;2.20194;
-0.735128;-1.58198;7.03639;1.85192;2.27775;
-0.808999;-1.47743;7.11683;1.60884;2.31364;
-0.881095;-1.44192;7.19286;1.52051;2.32967;
-0.959652;-1.57114;7.28014;1.74569;2.30362;
-1.03537;-1.51444;7.35945;1.58619;2.33306;
-1.10076;-1.30772;7.43354;1.48182;2.29387;
-1.17196;-1.42394;7.50595;1.44816;2.34776;
-1.24623;-1.48551;7.56666;1.21415;2.45637;
-1.32646;-1.60446;7.63099;1.28656;2.46572;
-1.4067;-1.60484;7.69977;1.37569;2.43293;
-1.48801;-1.62627;7.76302;1.26502;2.48049;
-1.56913;-1.62231;7.82465;1.2326;2.49186;
-1.63813;-1.38;7.88798;1.26646;2.39907;
-1.71264;-1.49035;7.94883;1.21705;2.4568;
-1.79026;-1.55235;8.00908;1.20493;2.48153;
-1.86097;-1.41421;8.0687;1.19242;2.44108;
-1.9331;-1.44257;8.13138;1.25377;2.4261;
-2.00964;-1.53083;8.19724;1.31704;2.43113;
-2.09052;-1.61761;8.26276;1.31039;2.46074;
-2.16628;-1.51521;8.32859;1.31674;2.42616;
-2.244;-1.55434;8.38445;1.11713;2.51842;
-2.32278;-1.57565;8.43711;1.05313;2.5524;
-2.40455;-1.63544;8.49064;1.07062;2.56196;
-2.47795;-1.46787;8.52957;0.778581;2.65391;
-2.55996;-1.64029;8.57036;0.815886;2.68002;
-2.64584;-1.71752;8.61308;0.854429;2.67996;
-2.73364;-1.75601;8.65558;0.84998;2.69079;
-2.82858;-1.89873;8.69203;0.728964;2.77502;
-2.92331;-1.89465;8.73031;0.765609;2.75757;
-3.02252;-1.98418;8.77446;0.88292;2.72292;
-3.1248;-2.04571;8.80575;0.625946;2.84466;
-3.23292;-2.16233;8.81568;0.198532;3.05004;
-3.34993;-2.34014;8.80721;-0.16944;-3.06931;
-3.44974;-1.99625;8.7787;-0.570049;-2.86344;
-3.54391;-1.88339;8.75883;-0.397459;-2.93361;
-3.63675;-1.85682;8.74087;-0.359263;-2.95047;
-3.72709;-1.80674;8.74719;0.126423;3.07173;
-3.82222;-1.90272;8.75752;0.206626;3.03342;
-3.92006;-1.95677;8.77016;0.252681;3.01317;
-4.02755;-2.14983;8.79565;0.509864;2.90873;
-4.12067;-1.86235;8.83563;0.799685;2.736;
-4.21239;-1.83451;8.87703;0.827952;2.71764;
-4.30207;-1.79344;8.92574;0.974148;2.64401;
-4.38906;-1.73977;8.97854;1.05613;2.596;
-4.46226;-1.46409;9.03378;1.10478;2.49516;
-4.54124;-1.57965;9.09892;1.30276;2.45196;
-4.62286;-1.6324;9.15344;1.09042;2.55268;
-4.70451;-1.63302;9.21348;1.20067;2.5076;
-4.78399;-1.5896;9.27517;1.23379;2.48156;
-4.85731;-1.46636;9.33606;1.21791;2.44849;
-4.92628;-1.37937;9.40229;1.32461;2.37645;
-4.99639;-1.40209;9.46304;1.21499;2.42757;
-5.06846;-1.44152;9.52697;1.27866;2.416;
-5.1418;-1.46682;9.59126;1.28573;2.42189;
-5.21594;-1.48282;9.65707;1.31618;2.41566;
-5.2906;-1.49317;9.71892;1.2371;2.44971;
-5.37136;-1.61523;9.78142;1.24996;2.48299;
-5.45745;-1.72172;9.8313;0.997637;2.61643;
-5.54804;-1.81181;9.87712;0.916235;2.67339;
-5.63837;-1.80652;9.92773;1.01221;2.63087;
-5.71535;-1.53963;9.98159;1.07718;2.53111;
-5.79765;-1.64605;10.0436;1.24087;2.49563;
-5.87786;-1.60414;10.108;1.28647;2.46565;
-5.93889;-1.22073;10.1601;1.04259;2.43474;
-6.00843;-1.39068;10.2172;1.14218;2.45399;
-6.0811;-1.45343;10.2758;1.17256;2.46275;
-6.16141;-1.6063;10.3399;1.28224;2.46792;
-6.23462;-1.46407;10.411;1.42226;2.37068;
-6.30594;-1.42636;10.4787;1.35392;2.38224;
-6.378;-1.4412;10.5502;1.4286;2.36058;
-6.44416;-1.32331;10.6166;1.32816;2.35437;
-6.52619;-1.64059;10.6798;1.26498;2.48475;
-6.61024;-1.68106;10.737;1.1433;2.54434;
-6.68725;-1.54012;10.7968;1.19679;2.48099;
-6.76405;-1.53594;10.8417;0.896663;2.61318;
-6.85095;-1.73812;10.8866;0.899477;2.66404;
-6.94212;-1.82328;10.9373;1.01369;2.63418;
-7.03417;-1.84106;10.9851;0.955326;2.66294;
-7.12023;-1.7213;11.0418;1.13459;2.55881;
-7.20997;-1.79478;11.0927;1.01684;2.62613;
-7.30481;-1.89664;11.1381;0.909659;2.69438;
-7.40332;-1.97032;11.1829;0.8961;2.71476;
-7.49852;-1.90399;11.2186;0.713871;2.78288;
-7.59582;-1.94592;11.254;0.706761;2.79321;
-7.6966;-2.01567;11.2893;0.706796;2.80434;
-7.78991;-1.86627;11.3208;0.628993;2.81652;
-7.88337;-1.86915;11.3531;0.645934;2.80886;
-7.97784;-1.88946;11.3839;0.61735;2.82579;
-8.05582;-1.55951;11.4298;0.917541;2.60978;
-8.14078;-1.69922;11.4729;0.862106;2.67208;
-8.23524;-1.88908;11.5118;0.778425;2.75073;
-8.33746;-2.04455;11.5399;0.560982;2.8738;
-8.43324;-1.91561;11.5721;0.644186;2.81719;
-8.53365;-2.0082;11.6051;0.659542;2.82427;
-8.63253;-1.97758;11.6384;0.66658;2.81648;
-8.72852;-1.91978;11.6703;0.637997;2.82075;
-8.82112;-1.85193;11.6972;0.537261;2.85923;
-8.91533;-1.88424;11.7264;0.584676;2.84071;
-9.00562;-1.80572;11.7585;0.641808;2.80009;
-9.09318;-1.75123;11.7952;0.734833;2.7443;
-9.18749;-1.88622;11.8238;0.571108;2.84759;
-9.28992;-2.04857;11.86;0.724568;2.80163;
-9.38792;-1.9601;11.894;0.679189;2.80803;
-9.48809;-2.00333;11.9286;0.693003;2.80855;
-9.57838;-1.80585;11.9454;0.335794;2.95774;
-9.68067;-2.04574;11.9687;0.464871;2.91815;
-9.77745;-1.93562;11.9987;0.600069;2.84097;
-9.87642;-1.97953;12.0308;0.643621;2.82724;
-9.97573;-1.98614;12.0609;0.601809;2.84738;
-10.075;-1.98591;12.0864;0.510108;2.89017;
-10.1689;-1.87663;12.116;0.591817;2.8361;
-10.2575;-1.77377;12.1545;0.768452;2.73277;
-10.3473;-1.79605;12.1938;0.786774;2.72871;
-10.4384;-1.82091;12.2312;0.747404;2.75211;
-10.5367;-1.96666;12.2724;0.82577;2.74406;
-10.6277;-1.81864;12.2979;0.510005;2.86818;
-10.7271;-1.98891;12.3262;0.564048;2.86525;
-10.827;-1.998;12.3533;0.542004;2.87669;
-10.9196;-1.85228;12.3826;0.587612;2.8344;
-11.0114;-1.8359;12.4111;0.569427;2.84084;
-11.1141;-2.05317;12.4416;0.610377;2.85263;
-11.2178;-2.07485;12.4777;0.722167;2.80665;
-11.3157;-1.95802;12.5064;0.572453;2.85716;
-11.4116;-1.91817;12.5377;0.627841;2.82527;
-11.5018;-1.8029;12.5729;0.702436;2.77007;
-11.5826;-1.61653;12.6243;1.02935;2.57458;
-11.6677;-1.70288;12.6753;1.0188;2.60244;
-11.7367;-1.37842;12.7332;1.15936;2.4423;
-11.8206;-1.67933;12.7821;0.977063;2.61465;
-11.9005;-1.59701;12.8297;0.952818;2.60366;
-11.9875;-1.74041;12.8808;1.02164;2.61078;
-12.0855;-1.95977;12.9244;0.871636;2.7231;
-12.1806;-1.90229;12.9891;1.29434;2.54413;
-12.2823;-2.03486;13.0438;1.09353;2.64847;
-12.3703;-1.75922;13.1043;1.21026;2.539;
-12.4594;-1.78257;13.1533;0.980376;2.63877;
-12.5593;-1.99795;13.2081;1.09499;2.64024;
-12.6534;-1.88135;13.2707;1.25288;2.55409;
-12.7443;-1.81872;13.3357;1.30024;2.52092;
-12.8325;-1.76231;13.405;1.38448;2.47569;
-12.9017;-1.38498;13.4687;1.2744;2.39775;
-12.9645;-1.25527;13.5358;1.34236;2.32268;
-13.0341;-1.39322;13.6107;1.49774;2.32006;
-13.1023;-1.36312;13.6839;1.46389;2.32056;
-13.1677;-1.30839;13.7518;1.3581;2.33756;
-13.2331;-1.30876;13.8249;1.46228;2.30085;
-13.3071;-1.47984;13.8962;1.42526;2.37498;
-13.3812;-1.4811;13.9654;1.38435;2.38994;
-13.4564;-1.50345;14.0333;1.35807;2.40696;
-13.5405;-1.68309;14.0915;1.16409;2.5365;
-13.6144;-1.47716;14.151;1.18932;2.46373;
-13.6883;-1.47937;14.2088;1.15775;2.47755;
-13.765;-1.53248;14.2693;1.20829;2.47393;
-13.8437;-1.57507;14.3318;1.25093;2.47039;
-13.9248;-1.62081;14.3906;1.17547;2.51413;
-14.0024;-1.55239;14.4439;1.06631;2.53972;
-14.0889;-1.73059;14.5007;1.13711;2.56027;
-14.1892;-2.00512;14.5597;1.17995;2.6097;
-14.281;-1.83694;14.6115;1.03588;2.62813;
-14.377;-1.91933;14.6675;1.11945;2.61358;
-14.4703;-1.8662;14.726;1.17056;2.58138;
-14.5564;-1.72165;14.782;1.11863;2.5654;
-14.6403;-1.67936;14.8337;1.03507;2.58924;
-14.7126;-1.44578;14.8831;0.988532;2.54186;
-14.7941;-1.62918;14.9327;0.991984;2.59467;
-14.8801;-1.72003;14.9749;0.843898;2.68547;
-14.9717;-1.83279;15.0195;0.892178;2.68857;
-15.0664;-1.89295;15.0448;0.505075;2.88085;
-15.166;-1.99256;15.0722;0.548308;2.87306;
-15.2635;-1.94951;15.0982;0.518982;2.88142;
-15.3728;-2.18622;15.1271;0.579252;2.88259;
-15.4692;-1.92769;15.1646;0.749056;2.77097;
-15.5644;-1.9039;15.2026;0.759978;2.7618;
-15.6659;-2.03047;15.2408;0.764003;2.78171;
-15.7499;-1.68098;15.2735;0.653468;2.77083;
-15.8393;-1.78675;15.3037;0.604785;2.81521;
-15.93;-1.8142;15.3336;0.597808;2.82328;
-16.0191;-1.78247;15.3645;0.618227;2.80774;
-16.1065;-1.74866;15.4049;0.80835;2.70858;
-16.1949;-1.76784;15.4568;1.03843;2.61049;
-16.2859;-1.81847;15.5049;0.96081;2.65551;
-16.3737;-1.75733;15.5545;0.991872;2.62775;
-16.4501;-1.52794;15.6043;0.99755;2.5632;
-16.5341;-1.68003;15.6602;1.11646;2.55506;
-16.6105;-1.52658;15.7227;1.25119;2.45501;
-16.6801;-1.39209;15.7809;1.16309;2.44557;
-16.7474;-1.34737;15.8368;1.11857;2.44871;
-16.8272;-1.59605;15.9134;1.53077;2.37707;
-16.9012;-1.4789;15.9925;1.58368;2.322;
-16.9529;-1.03539;16.0665;1.47901;2.18156;
-17.0069;-1.0788;16.1451;1.57326;2.17187;
-17.0725;-1.31147;16.2205;1.50614;2.28722;
-17.1411;-1.37342;16.2897;1.38539;2.35186;
-17.2152;-1.48054;16.3674;1.55409;2.33196;
-17.2808;-1.3125;16.4465;1.58137;2.26355;
-17.3455;-1.29507;16.5303;1.67537;2.22886;
-17.3971;-1.03205;16.6228;1.85141;2.07933;
-17.441;-0.877733;16.7121;1.78587;2.02761;
-17.4742;-0.664436;16.8026;1.80942;1.92272;
-17.5092;-0.698123;16.8939;1.82623;1.93593;
-17.544;-0.69606;16.9763;1.64732;1.97058;
-17.5738;-0.596078;17.0736;1.94699;1.86789;
-17.6017;-0.559329;17.1706;1.93942;1.85158;
-17.626;-0.484986;17.2666;1.91948;1.81828;
-17.6613;-0.706173;17.3649;1.96722;1.91544;
-17.7005;-0.783804;17.4591;1.8831;1.96522;
-17.7369;-0.728116;17.5533;1.88476;1.93945;
-17.77;-0.663253;17.6435;1.80265;1.92336;
-17.8069;-0.737437;17.7408;1.9475;1.93277;
-17.8302;-0.465921;17.835;1.88252;1.81342;
-17.8481;-0.357174;17.9354;2.0089;1.74675;
-17.8677;-0.393099;18.0245;1.78279;1.78782;
-17.889;-0.425279;18.1144;1.79688;1.8032;
-17.9055;-0.330141;18.2047;1.8054;1.75166;
-17.9247;-0.383892;18.2932;1.77178;1.78417;
-17.9402;-0.30985;18.3875;1.88404;1.7338;
-17.9547;-0.289535;18.4834;1.91869;1.72057;
-17.9555;-0.0160529;18.5836;2.00407;1.57881;
-17.9564;-0.0182317;18.6833;1.99372;1.57994;
-17.9572;-0.0175723;18.7835;2.00374;1.57957;
-17.936;0.424571;18.8767;1.86561;1.34703;
-17.9168;0.384315;18.9713;1.89213;1.37041;
-17.899;0.356911;19.0697;1.96708;1.39131;
-17.8872;0.234962;19.1649;1.90387;1.448;
-17.8842;0.0607205;19.2598;1.89766;1.53881;
-17.8827;0.0294834;19.355;1.90415;1.55531;
-17.889;-0.12524;19.447;1.84118;1.63871;
-17.9031;-0.28366;19.5536;2.13036;1.70317;
-17.9198;-0.332737;19.6551;2.03034;1.73324;
-17.9418;-0.439955;19.7486;1.87126;1.80171;
-17.9686;-0.537152;19.8416;1.85862;1.85214;
-17.9952;-0.531279;19.9406;1.98064;1.83286;
-18.0217;-0.529228;20.0382;1.95103;1.83568;
-18.0455;-0.47714;20.1319;1.87561;1.8199;
-18.0709;-0.507917;20.2257;1.87474;1.83537;
-18.1034;-0.649778;20.3228;1.94185;1.8937;
-18.1315;-0.56254;20.4279;2.10204;1.83228;
-18.1654;-0.677232;20.516;1.76225;1.9377;
-18.1965;-0.622281;20.6127;1.93421;1.88206;
-18.2292;-0.653412;20.7051;1.84719;1.91079;
-18.2628;-0.672662;20.7933;1.76405;1.93509;
-18.2944;-0.632755;20.8878;1.89016;1.89383;
-18.3278;-0.666405;20.9848;1.94031;1.90163;
-18.3616;-0.67576;21.0765;1.83466;1.92371;
-18.3943;-0.65474;21.1611;1.69255;1.9399;
-18.4233;-0.579626;21.2669;2.11514;1.83827;
-18.4561;-0.657345;21.3785;2.23269;1.85712;
-18.5044;-0.964327;21.4635;1.70011;2.08676;
-18.5538;-0.989434;21.5506;1.74171;2.08742;
-18.6155;-1.23422;21.6435;1.85723;2.15733;
-18.675;-1.1886;21.7308;1.7454;2.16865;
-18.7314;-1.12932;21.8185;1.75403;2.14283;
-18.7829;-1.03018;21.9144;1.91886;2.06351;
-18.8342;-1.02416;22.0055;1.82135;2.08304;
-18.8841;-0.998325;22.0882;1.65483;2.11362;
-18.9237;-0.793087;22.1732;1.69937;2.00745;
-18.9679;-0.882522;22.2588;1.71311;2.0465;
-19.0151;-0.944743;22.3456;1.73508;2.0694;
-19.0629;-0.955853;22.4319;1.72666;2.07639;
-19.1151;-1.04343;22.518;1.72137;2.11573;
-19.1776;-1.25093;22.6062;1.76371;2.18771;
-19.2319;-1.08631;22.6949;1.77372;2.12032;
-19.2892;-1.14516;22.7778;1.65895;2.17498;
-19.3409;-1.03421;22.8568;1.57992;2.1504;
-19.3974;-1.1295;22.9368;1.59932;2.18569;
-19.4571;-1.19384;23.0226;1.71745;2.17824;
-19.5097;-1.05251;23.1169;1.88499;2.08004;
-19.5655;-1.11683;23.195;1.56211;2.19149;
-19.6207;-1.10373;23.2761;1.62309;2.16799;
-19.6795;-1.17546;23.3574;1.62468;2.19712;
-19.7402;-1.2139;23.4313;1.47764;2.25852;
-19.7986;-1.16891;23.5052;1.4786;2.23975;
-19.8593;-1.21308;23.582;1.53703;2.23894;
-19.9231;-1.27575;23.6607;1.57347;2.25208;
-19.9997;-1.5321;23.7385;1.55613;2.34841;
-20.0758;-1.5228;23.8075;1.37945;2.40555;
-20.1464;-1.41153;23.8737;1.32497;2.38782;
-20.222;-1.51249;23.9411;1.34782;2.4137;
-20.3013;-1.58646;24.0095;1.3671;2.43033;
-20.3698;-1.36859;24.0775;1.3599;2.35938;
-20.4443;-1.49102;24.1336;1.12298;2.49607;
-20.5314;-1.74216;24.1935;1.19819;2.53913;
-20.6356;-2.08366;24.2402;0.932498;2.7208;
-20.7264;-1.81582;24.2842;0.880278;2.69019;
-20.8219;-1.90932;24.3289;0.893372;2.70395;
-20.9062;-1.68617;24.3586;0.595129;2.80229;
-20.9948;-1.77349;24.3907;0.641746;2.7944;
-21.0864;-1.83092;24.4243;0.671336;2.79015;
-21.181;-1.89215;24.4625;0.765332;2.75723;
-21.281;-2.00081;24.5158;1.0662;2.65198;
-21.3815;-2.00858;24.5619;0.920814;2.71174;
-21.4839;-2.04891;24.6142;1.04595;2.66959;
-21.5786;-1.89467;24.6553;0.822893;2.73185;
-21.6715;-1.85802;24.6848;0.589194;2.83451;
-21.7662;-1.89396;24.7153;0.609498;2.83025;
-21.861;-1.89453;24.7471;0.637089;2.81719;
-21.9539;-1.85951;24.7703;0.46353;2.8973;
-22.0489;-1.89933;24.7953;0.501102;2.88364;
-22.1382;-1.78657;24.8193;0.478411;2.87995;
-22.2317;-1.87;24.847;0.555365;2.8529;
-22.3274;-1.91379;24.8785;0.630292;2.82344;
-22.4405;-2.26116;24.9168;0.765913;2.815;
-22.5322;-1.83427;24.9565;0.79355;2.73328;
-22.6238;-1.8323;24.9984;0.83746;2.71289;
-22.7142;-1.80868;25.0425;0.882198;2.68779;
-22.8004;-1.7231;25.0873;0.896556;2.66183;
-22.8833;-1.65886;25.1461;1.17585;2.52497;
-22.9651;-1.63552;25.2043;1.16348;2.52327;
-23.0396;-1.48947;25.2689;1.29193;2.4271;
-23.1079;-1.36569;25.3428;1.47794;2.31674;
-23.1553;-0.949302;25.4237;1.61872;2.10119;
-23.2069;-1.03038;25.498;1.48482;2.17744;
-23.2592;-1.04759;25.5675;1.39072;2.21639;
-23.3144;-1.10249;25.6374;1.39693;2.23893;
-23.3729;-1.17038;25.7086;1.42448;2.25858;
-23.4287;-1.11712;25.7737;1.30259;2.27969;
-23.4873;-1.17183;25.8501;1.52838;2.22491;
-23.5443;-1.14002;25.9222;1.44216;2.23971;
-23.6;-1.11407;26.0089;1.73272;2.14221;
-23.6476;-0.951813;26.0964;1.75018;2.0689;
-23.6933;-0.913106;26.1858;1.7886;2.04282;
-23.7355;-0.845039;26.2772;1.82824;2.00376;
-23.7801;-0.891181;26.368;1.81491;2.02725;
-23.8158;-0.714664;26.4418;1.47634;2.02163;
-23.8684;-1.05064;26.5284;1.73164;2.11615;
-23.9115;-0.863511;26.6145;1.72222;2.03556;
-23.9539;-0.846629;26.7025;1.75989;2.01919;
-23.9952;-0.825744;26.7936;1.8236;1.99598;
-24.0502;-1.101;26.8868;1.86331;2.10448;
-24.0952;-0.899422;26.9687;1.63722;2.07315;
-24.1357;-0.809865;27.0538;1.70253;2.0148;
-24.1745;-0.776817;27.1427;1.77836;1.98263;
-24.2161;-0.830777;27.2241;1.62684;2.04294;
-24.2576;-0.830209;27.312;1.75886;2.01181;
-24.296;-0.769529;27.4023;1.80545;1.97371;
-24.3307;-0.692386;27.5007;1.96779;1.90913;
-24.3622;-0.629975;27.5967;1.92051;1.88776;
-24.3729;-0.214828;27.6921;1.9089;1.68287;
-24.3859;-0.259095;27.7944;2.04594;1.69676;
-24.4035;-0.353453;27.8948;2.00729;1.74509;
-24.4199;-0.327432;27.9926;1.95572;1.73668;
-24.438;-0.361522;28.087;1.88786;1.76;
-24.4687;-0.613593;28.1734;1.72884;1.91184;
-24.4947;-0.521868;28.2672;1.87598;1.84212;
-24.5207;-0.51869;28.3506;1.66854;1.87219;
-24.5482;-0.550823;28.4403;1.79393;1.86871;
-24.5837;-0.710091;28.5245;1.68297;1.97006;
-24.6197;-0.720465;28.6131;1.7728;1.95681;
-24.6641;-0.887893;28.7159;2.0545;1.97872;
-24.7078;-0.872525;28.8214;2.11185;1.96259;
-24.7531;-0.906509;28.9187;1.94574;2.00679;
-24.7839;-0.616267;29.0181;1.98667;1.87159;
-24.8118;-0.558119;29.1173;1.98416;1.845;
-24.8423;-0.610385;29.215;1.95465;1.87347;
-24.8864;-0.882293;29.3198;2.09529;1.96935;
-24.9323;-0.916967;29.4189;1.98282;2.00396;
-24.9717;-0.787395;29.5141;1.90392;1.96294;
-25.0133;-0.832296;29.6092;1.90124;1.98343;
-25.063;-0.99415;29.6993;1.80188;2.07497;
-25.1027;-0.793919;29.7947;1.90797;1.96511;
-25.1465;-0.877175;29.8848;1.80347;2.02349;
-25.1907;-0.884034;29.975;1.80383;2.02648;

-25.2375;-0.934627;-29.9325;1.8489;2.03884;
-25.2791;-0.831561;-29.8347;1.95581;1.97281;
-25.3248;-0.914991;-29.7368;1.95826;2.0079;
-25.3687;-0.878324;-29.6467;1.80141;2.02445;
-25.4092;-0.80925;-29.554;1.85399;1.98236;
-25.4465;-0.745714;-29.4621;1.83849;1.95613;
-25.4814;-0.697994;-29.3686;1.86955;1.92812;
-25.5177;-0.726984;-29.2701;1.97086;1.92418;
-25.5571;-0.787163;-29.1728;1.94597;1.95518;
-25.588;-0.618402;-29.0782;1.89189;1.88672;
-25.6173;-0.585984;-28.9923;1.71842;1.89943;
-25.6431;-0.516221;-28.9211;1.42468;1.91842;
-25.6707;-0.552765;-28.8365;1.6906;1.8868;
-25.6956;-0.497663;-28.7482;1.76591;1.84549;
-25.7206;-0.499551;-28.6575;1.8148;1.83941;
-25.7393;-0.374126;-28.565;1.84976;1.77036;
-25.753;-0.272871;-28.4646;2.00797;1.70586;
-25.7669;-0.278025;-28.3667;1.95814;1.71184;
-25.7799;-0.261522;-28.2695;1.94372;1.70454;
-25.7884;-0.168713;-28.1801;1.78723;1.66492;
-25.7976;-0.183872;-28.0814;1.97442;1.66366;
-25.8031;-0.111545;-27.9709;2.21137;1.6212;
-25.8203;-0.343847;-27.8689;2.03836;1.73791;
-25.8372;-0.338281;-27.7675;2.02979;1.73594;
-25.8578;-0.410469;-27.6681;1.98619;1.77459;
-25.8784;-0.413049;-27.5657;2.04787;1.76982;
-25.891;-0.251324;-27.4492;2.33146;1.67818;
-25.9016;-0.212049;-27.3404;2.17595;1.66794;
-25.9059;-0.0871061;-27.2298;2.21129;1.61017;
-25.899;0.138786;-27.1236;2.12478;1.50557;
-25.895;0.0795377;-27.0154;2.16267;1.53404;
-25.8887;0.12612;-26.9116;2.07722;1.51016;
-25.893;-0.0856178;-26.8098;2.03576;1.61283;
-25.898;-0.100826;-26.712;1.95512;1.62232;
-25.9035;-0.110062;-26.6091;2.05803;1.62422;
-25.9137;-0.202453;-26.5117;1.94777;1.67437;
-25.9246;-0.217893;-26.4136;1.96308;1.68134;
-25.9359;-0.226896;-26.3048;2.17577;1.6747;
-25.9457;-0.195737;-26.2033;2.02973;1.66693;
-25.9572;-0.230063;-26.09;2.26728;1.67192;
-25.9614;-0.0835123;-25.979;2.21999;1.6084;
-25.9705;-0.181786;-25.8719;2.14097;1.6555;
-25.9794;-0.178445;-25.7714;2.01094;1.6593;
-25.9907;-0.22639;-25.6658;2.11068;1.67765;
-26.0115;-0.416291;-25.5489;2.33771;1.74703;
-26.0349;-0.466596;-25.4471;2.03607;1.79607;
-26.0621;-0.545938;-25.3282;2.37829;1.79644;
-26.088;-0.517907;-25.2086;2.39333;1.78391;
-26.1034;-0.307825;-25.0934;2.30226;1.70371;
-26.1122;-0.1757;-24.9837;2.19502;1.65067;
-26.1187;-0.129703;-24.8789;2.09664;1.63258;
-26.1236;-0.0971688;-24.7744;2.08859;1.61729;
-26.1236;-0.000745879;-24.6799;1.89009;1.57119;
-26.1254;-0.0356885;-24.5855;1.88791;1.5897;
-26.1358;-0.207798;-24.4888;1.93467;1.67779;
-26.1371;-0.0266504;-24.3879;2.01764;1.584;
-26.1457;-0.170875;-24.2958;1.84242;1.66328;
-26.1524;-0.133999;-24.1996;1.9239;1.64033;
-26.1567;-0.0879751;-24.1012;1.96819;1.61547;
-26.1609;-0.0822078;-23.9989;2.04551;1.61096;
-26.1631;-0.0438444;-23.8993;1.99251;1.5928;
-26.1589;0.0828449;-23.8017;1.95246;1.52839;
-26.1508;0.162508;-23.7163;1.70663;1.47586;
-26.1133;0.750332;-23.6302;1.72332;1.16015;
-26.0754;0.757857;-23.5317;1.96919;1.20341;
-26.0407;0.693558;-23.4383;1.86732;1.21517;
-26.012;0.572986;-23.3435;1.89781;1.27758;
-25.9577;1.08704;-23.2515;1.83946;1.03705;
-25.9011;1.1312;-23.164;1.74985;0.996917;
-25.8426;1.17074;-23.0768;1.74291;0.979306;
-25.7916;1.02012;-22.9857;1.82316;1.06066;
-25.7417;0.996965;-22.8982;1.74918;1.05276;
-25.6947;0.940437;-22.8102;1.76003;1.08006;
-25.651;0.875234;-22.726;1.68438;1.09158;
-25.6069;0.88098;-22.6351;1.818;1.11956;
-25.5598;0.942986;-22.5424;1.85428;1.10034;
-25.5161;0.873388;-22.4444;1.95973;1.15155;
-25.4643;1.03577;-22.3445;1.99782;1.0925;
-25.4166;0.955002;-22.2507;1.87593;1.09991;
-25.3624;1.08251;-22.1576;1.86308;1.04444;
-25.3106;1.03611;-22.0626;1.89969;1.07148;
-25.2627;0.95876;-21.9562;2.12803;1.1475;
-25.22;0.852956;-21.8515;2.09248;1.18373;
-25.1767;0.867247;-21.7486;2.05841;1.17205;
-25.1447;0.639369;-21.6507;1.95873;1.25528;
-25.1108;0.67748;-21.5556;1.90245;1.22869;
-25.0773;0.670249;-21.4579;1.9531;1.24022;
-25.0603;0.340011;-21.3607;1.94471;1.39771;
-25.0472;0.262267;-21.2615;1.98338;1.43933;
-25.0355;0.23425;-21.1555;2.12027;1.46076;
-25.0243;0.224369;-21.0528;2.05331;1.46196;
-25.0201;0.0836561;-20.956;1.93708;1.52764;
-25.0235;-0.0683025;-20.8585;1.94976;1.60581;
-25.0294;-0.117276;-20.7522;2.12594;1.6259;
-25.0404;-0.220198;-20.6449;2.14616;1.67304;
-25.0527;-0.246415;-20.5464;1.96937;1.69527;
-25.0668;-0.282058;-20.4488;1.95157;1.71433;
-25.0806;-0.275329;-20.3504;1.96834;1.70977;
-25.095;-0.289474;-20.2652;1.70486;1.73899;
-25.1203;-0.504467;-20.1709;1.88459;1.83234;
-25.1517;-0.628994;-20.075;1.91838;1.88763;
-25.1766;-0.497613;-19.983;1.8415;1.83471;
-25.1907;-0.281626;-19.8866;1.92651;1.71595;
-25.2007;-0.200766;-19.7858;2.01653;1.67003;
-25.1961;0.0930931;-19.6887;1.94123;1.52288;
-25.1915;0.0916278;-19.5912;1.95099;1.52387;
-25.1775;0.27968;-19.4913;1.99722;1.43167;
-25.1602;0.345105;-19.3882;2.06201;1.40497;
-25.1448;0.309305;-19.2819;2.12722;1.42641;
-25.1347;0.200623;-19.1626;2.38553;1.48689;
-25.1173;0.348855;-19.0569;2.11313;1.40718;
-25.0895;0.556757;-18.9571;1.99686;1.29889;
-25.0629;0.531362;-18.8654;1.83364;1.28874;
-25.0366;0.525695;-18.7705;1.89869;1.30069;
-25.0118;0.496875;-18.68;1.80994;1.30287;
-24.9876;0.482602;-18.5869;1.86228;1.31723;
-24.9593;0.566192;-18.4917;1.90294;1.2816;
-24.932;0.545704;-18.3939;1.95656;1.2988;
-24.9031;0.578391;-18.2962;1.95298;1.28287;
-24.8818;0.42584;-18.2027;1.87032;1.34693;
-24.8584;0.468668;-18.116;1.73401;1.30682;
-24.8479;0.210811;-18.0264;1.79182;1.45368;
-24.8287;0.382273;-17.9422;1.68498;1.3477;
-24.8066;0.442591;-17.8495;1.85388;1.33644;
-24.7911;0.310914;-17.7561;1.86803;1.40587;
-24.7732;0.3569;-17.6588;1.94656;1.38946;
-24.7583;0.299065;-17.5732;1.71049;1.3977;
-24.7416;0.333381;-17.4814;1.83675;1.39125;
-24.7235;0.361129;-17.3865;1.89848;1.38282;
-24.7007;0.457388;-17.2891;1.94729;1.34009;
-24.6759;0.496129;-17.1885;2.01132;1.32896;
-24.6641;0.235744;-17.0804;2.16284;1.46223;
-24.656;0.16136;-16.9799;2.01078;1.49072;
-24.6477;0.166115;-16.8808;1.9807;1.48713;
-24.6408;0.138954;-16.7801;2.01517;1.50195;
-24.6366;0.0825631;-16.6834;1.93397;1.52813;
-24.631;0.111971;-16.5836;1.99573;1.51475;
-24.6235;0.150251;-16.4871;1.92895;1.49306;
-24.6174;0.122399;-16.3896;1.95012;1.50811;
-24.6144;0.0596673;-16.2995;1.80218;1.5377;
-24.6144;0.000970783;-16.2043;1.90393;1.57029;
-24.6172;-0.0572573;-16.0994;2.09886;1.59807;
-24.6223;-0.101982;-16.0006;1.97603;1.62236;
-24.6378;-0.308875;-15.8989;2.03351;1.72154;
-24.6529;-0.302115;-15.7986;2.00679;1.72022;
-24.6598;-0.138704;-15.7041;1.88903;1.64409;
-24.6811;-0.42606;-15.6012;2.05902;1.77484;
-24.705;-0.477286;-15.4883;2.258;1.77911;
-24.7292;-0.484624;-15.3823;2.1198;1.79555;
-24.7503;-0.4226;-15.2677;2.29165;1.75316;
-24.7686;-0.365419;-15.1617;2.11949;1.74153;
-24.7972;-0.571136;-15.0612;2.01111;1.8475;
-24.8182;-0.420007;-14.9467;2.28993;1.75219;
-24.8367;-0.370936;-14.8408;2.11684;1.74427;
-24.8543;-0.351365;-14.7373;2.07084;1.73887;
-24.872;-0.354355;-14.6343;2.06057;1.7411;
-24.8918;-0.395552;-14.5205;2.27428;1.743;
-24.9105;-0.374062;-14.4122;2.166;1.74181;
-24.9257;-0.303319;-14.299;2.26446;1.70395;
-24.941;-0.306487;-14.1947;2.08658;1.71664;
-24.9549;-0.277486;-14.0928;2.0367;1.70621;
-24.9702;-0.306979;-13.9934;1.9897;1.72387;
-24.9926;-0.448062;-13.8975;1.91816;1.80027;
-25.0179;-0.504958;-13.8039;1.87126;1.83437;
-25.0427;-0.497827;-13.7087;1.9034;1.82661;
-25.0612;-0.369468;-13.6049;2.07612;1.74691;
-25.0895;-0.564954;-13.5023;2.05147;1.83952;
-25.1187;-0.584692;-13.4024;1.9988;1.85538;
-25.1486;-0.597928;-13.3012;2.024;1.85804;
-25.1961;-0.950185;-13.1935;2.15455;1.98615;
-25.2356;-0.790036;-13.0913;2.0429;1.9398;
-25.2737;-0.760854;-12.9939;1.94822;1.94312;
-25.3096;-0.719746;-12.9008;1.86189;1.93967;
-25.3462;-0.730768;-12.8074;1.86812;1.94368;
-25.3794;-0.664105;-12.7237;1.67422;1.94843;
-25.4143;-0.698166;-12.6353;1.76756;1.94697;
-25.4627;-0.967977;-12.5417;1.87197;2.04802;
-25.4872;-0.489944;-12.4582;1.67162;1.85591;
-25.514;-0.536978;-12.3698;1.76703;1.86582;
-25.5467;-0.6541;-12.2732;1.93194;1.89725;
-25.5761;-0.58704;-12.1874;1.71612;1.90039;
-25.6138;-0.754304;-12.0881;1.98497;1.93395;
-25.6652;-1.02699;-11.9843;2.07681;2.03004;
-25.715;-0.995907;-11.8877;1.9319;2.04677;
-25.7706;-1.11363;-11.8043;1.66806;2.15946;
-25.8173;-0.933196;-11.7191;1.70513;2.07155;
-25.8653;-0.960747;-11.631;1.76194;2.07001;
-25.9209;-1.11114;-11.5449;1.72199;2.14384;
-25.9723;-1.0286;-11.4572;1.75369;2.10126;
-26.0144;-0.841152;-11.3713;1.71769;2.02617;
-26.0443;-0.598221;-11.2738;1.94875;1.86864;
-26.0706;-0.526156;-11.1718;2.0414;1.82305;
-26.0952;-0.491623;-11.07;2.03464;1.80788;
-26.1261;-0.618518;-10.9783;1.8351;1.89589;
-26.1583;-0.643356;-10.885;1.86653;1.90272;
-26.1857;-0.548486;-10.7863;1.97353;1.84188;
-26.2103;-0.492253;-10.6887;1.95188;1.81784;
-26.2349;-0.490901;-10.5906;1.96143;1.81604;
-26.2585;-0.473456;-10.477;2.27277;1.77618;
-26.2786;-0.400585;-10.3726;2.08811;1.76033;
-26.2997;-0.423297;-10.2756;1.93975;1.78565;
-26.3148;-0.301125;-10.1804;1.90343;1.7277;
-26.3367;-0.438187;-10.0784;2.04129;1.78225;
-26.3577;-0.421244;-9.98166;1.93395;1.78526;
-26.3859;-0.563629;-9.8988;1.65722;1.89863;
-26.4146;-0.572646;-9.80756;1.82478;1.87488;
-26.4474;-0.657123;-9.70944;1.96247;1.89391;
-26.4799;-0.648922;-9.60992;1.99034;1.88596;
-26.5113;-0.629175;-9.51272;1.94399;1.88381;
-26.5396;-0.565878;-9.4164;1.92632;1.85652;
-26.5571;-0.349033;-9.31446;2.03894;1.74034;
-26.5745;-0.348428;-9.21725;1.94422;1.74813;
-26.5858;-0.225906;-9.12276;1.8898;1.68977;
-26.5935;-0.153983;-9.02592;1.93673;1.65014;
-26.598;-0.0901764;-8.93139;1.89062;1.61846;
-26.6021;-0.0820247;-8.83369;1.95404;1.61275;
-26.613;-0.217536;-8.73673;1.93903;1.68252;
-26.6212;-0.164452;-8.63472;2.04023;1.65123;
-26.6181;0.0615729;-8.52935;2.10752;1.54159;
-26.6159;0.0450734;-8.43245;1.93792;1.54754;
-26.6184;-0.0517305;-8.33163;2.01645;1.59644;
-26.6207;-0.0455313;-8.22585;2.11549;1.59232;
-26.6294;-0.172828;-8.12318;2.05355;1.65476;
-26.6431;-0.274599;-8.02349;1.99382;1.70766;
-26.6473;-0.0844478;-7.91477;2.17428;1.60962;
-26.6483;-0.0200889;-7.81291;2.03721;1.58066;
-26.651;-0.0528829;-7.71186;2.021;1.59696;
-26.6503;0.01258;-7.61384;1.9605;1.56438;
-26.6464;0.0795193;-7.51161;2.04448;1.53192;
-26.6396;0.134962;-7.41257;1.9809;1.50277;
-26.6302;0.187416;-7.31603;1.9308;1.47403;
-26.6127;0.350021;-7.20839;2.15267;1.40961;
-26.5999;0.256759;-7.09223;2.32333;1.46073;
-26.5968;0.0619668;-6.98473;2.14992;1.54198;
-26.5957;0.0214998;-6.88261;2.04248;1.56027;
-26.614;-0.365612;-6.79243;1.80364;1.77079;
-26.6357;-0.432986;-6.69874;1.87362;1.7979;
-26.6645;-0.576075;-6.60339;1.90713;1.86415;
-26.7106;-0.922444;-6.51153;1.83709;2.03614;
-26.7692;-1.17201;-6.42464;1.7378;2.16415;
-26.8232;-1.08059;-6.3481;1.5309;2.18544;
-26.8813;-1.16086;-6.28528;1.25634;2.31671;
-26.9615;-1.60539;-6.22131;1.2795;2.46868;
-27.0469;-1.70833;-6.16269;1.17241;2.54013;
-27.1324;-1.70915;-6.09866;1.28042;2.49863;
-27.2048;-1.4486;-6.04308;1.11168;2.48704;
-27.2831;-1.56447;-5.984;1.18159;2.49473;
-27.3583;-1.5042;-5.9229;1.22194;2.45937;
-27.4356;-1.54687;-5.85662;1.32573;2.43303;
-27.513;-1.54688;-5.78787;1.37505;2.41493;
-27.5915;-1.57027;-5.72208;1.3157;2.44418;
-27.6754;-1.67953;-5.66478;1.14594;2.54284;
-27.7644;-1.77867;-5.60681;1.15943;2.56392;
-27.8534;-1.78143;-5.55029;1.13034;2.57618;
-27.9401;-1.73382;-5.49607;1.08446;2.58265;
-28.0261;-1.71983;-5.44188;1.0839;2.57924;
-28.1129;-1.73459;-5.39343;0.968965;2.63216;
-28.2146;-2.03574;-5.3416;1.0365;2.67065;
-28.3131;-1.96911;-5.29922;0.847577;2.73513;
-28.4109;-1.95561;-5.26871;0.610272;2.83911;
-28.5187;-2.15596;-5.24541;0.465942;2.92875;
-28.6189;-2.00452;-5.22061;0.49607;2.89899;
-28.721;-2.0412;-5.1993;0.426112;2.93579;
-28.8222;-2.02543;-5.1774;0.438185;2.92853;
-28.9029;-1.61246;-5.162;0.307883;2.95292;
-28.9939;-1.82069;-5.1495;0.250091;3.00509;
-29.0879;-1.87955;-5.13526;0.284645;2.99129;
-29.18;-1.84197;-5.12411;0.223064;3.02108;
-29.2686;-1.77197;-5.11173;0.24759;3.00277;
-29.3661;-1.95079;-5.09832;0.268141;3.005;
-29.4682;-2.04256;-5.08308;0.304955;2.99339;
-29.5798;-2.23106;-5.05768;0.507914;2.91775;
-29.6819;-2.04196;-5.02658;0.621951;2.84594;
-29.7719;-1.79974;-4.99353;0.661023;2.7896;
-29.8659;-1.88029;-4.97;0.470712;2.89629;
-29.9623;-1.9286;-4.94598;0.480315;2.89751;

29.9463;-1.8276;-4.91768;0.565938;2.8413;
29.8343;-2.23937;-4.90413;0.271033;3.02115;
29.7275;-2.13748;-4.89141;0.254544;3.02306;
29.6237;-2.07459;-4.8719;0.390101;2.95573;
29.518;-2.11389;-4.85116;0.414884;2.94779;
29.4047;-2.2666;-4.8267;0.489062;2.92908;
29.2983;-2.12715;-4.80415;0.451157;2.93259;
29.1868;-2.2312;-4.78398;0.403335;2.96275;
29.0705;-2.32589;-4.76335;0.412472;2.96608;
28.9708;-1.99398;-4.7415;0.437132;2.92578;
28.8753;-1.9106;-4.72036;0.422778;2.92382;
28.7767;-1.97152;-4.69826;0.442074;2.92101;
28.6688;-2.1577;-4.67692;0.42666;2.94637;
28.553;-2.31649;-4.65048;0.528834;2.91715;
28.4453;-2.15348;-4.62603;0.489056;2.91828;
28.3429;-2.04898;-4.60248;0.470922;2.91568;
28.2422;-2.01355;-4.57106;0.628424;2.83908;
28.1495;-1.85309;-4.53918;0.637707;2.81016;
28.0579;-1.83259;-4.49776;0.828356;2.71707;
27.9669;-1.81921;-4.45398;0.875618;2.693;
27.8927;-1.48434;-4.4225;0.629582;2.74044;
27.8135;-1.58496;-4.38419;0.766099;2.69135;
27.7374;-1.5208;-4.34819;0.720014;2.69942;
27.6542;-1.664;-4.30907;0.782463;2.70204;
27.5705;-1.6744;-4.26257;0.929966;2.63461;
27.4845;-1.7202;-4.21509;0.94954;2.63722;
27.3786;-2.11806;-4.1611;1.07983;2.67012;
27.279;-1.99204;-4.10869;1.04826;2.65719;
27.1914;-1.75122;-4.05797;1.01446;2.61654;
27.1001;-1.82616;-4.00514;1.05648;2.61711;
27.0112;-1.7789;-3.95422;1.01851;2.6216;
26.9332;-1.55961;-3.91645;0.755299;2.69059;
26.8491;-1.68178;-3.87724;0.784234;2.70526;
26.7661;-1.66097;-3.83834;0.777917;2.70358;
26.6918;-1.48489;-3.80435;0.679792;2.71227;
26.6115;-1.60727;-3.76672;0.752746;2.70359;
26.5086;-2.05781;-3.73151;0.704246;2.81186;
26.4076;-2.01991;-3.70051;0.619859;2.84384;
26.2983;-2.18517;-3.65527;0.904814;2.74902;
26.1966;-2.03318;-3.6061;0.983335;2.69112;
26.0871;-2.19121;-3.55136;1.09483;2.67823;
25.9952;-1.83853;-3.50425;0.942332;2.66796;
25.9015;-1.87278;-3.46666;0.751748;2.75987;
25.8095;-1.84;-3.42709;0.791439;2.73538;
25.7177;-1.83684;-3.38933;0.755067;2.75158;
25.6301;-1.75211;-3.35194;0.747946;2.73813;
25.5349;-1.90327;-3.30731;0.892496;2.70311;
25.4416;-1.86525;-3.26488;0.848707;2.71458;
25.3427;-1.97928;-3.23103;0.676928;2.81206;
25.2508;-1.83825;-3.1918;0.78453;2.73821;
25.1524;-1.96724;-3.15811;0.673928;2.81155;
25.0506;-2.03554;-3.12925;0.577066;2.86535;
24.9452;-2.10884;-3.09215;0.742107;2.80322;
24.8473;-1.95863;-3.05267;0.789623;2.75837;
24.7518;-1.90838;-3.0157;0.73937;2.77197;
24.6574;-1.88861;-2.98285;0.656902;2.80686;
24.5626;-1.89597;-2.95216;0.613925;2.82844;
24.4634;-1.98372;-2.93486;0.345892;2.96896;
24.3573;-2.12334;-2.92519;0.193491;3.05072;
24.2709;-1.72737;-2.90108;0.482148;2.8694;
24.1795;-1.8276;-2.87118;0.597984;2.82538;
24.0877;-1.83703;-2.83821;0.659365;2.79698;
24.0004;-1.74533;-2.80158;0.732743;2.74411;
23.9096;-1.81587;-2.77443;0.54291;2.85107;
23.8331;-1.52896;-2.75402;0.408309;2.88063;
23.7424;-1.81527;-2.72679;0.544587;2.85013;
23.6463;-1.92135;-2.69804;0.5749;2.85086;
23.5474;-1.9784;-2.66909;0.579113;2.85683;
23.4498;-1.95185;-2.63878;0.606135;2.84049;
23.3509;-1.97712;-2.6054;0.667599;2.81595;
23.2558;-1.90207;-2.57598;0.588361;2.8416;
23.1592;-1.93247;-2.54914;0.536912;2.87059;
23.0595;-1.9951;-2.53358;0.311121;2.9869;
22.9604;-1.98125;-2.51694;0.332812;2.97517;
22.8607;-1.99491;-2.49894;0.360006;2.96305;
22.7657;-1.89873;-2.48099;0.359031;2.95471;
22.6578;-2.15782;-2.47067;0.206432;3.04622;
22.5594;-1.96873;-2.46136;0.186167;3.04731;
22.4457;-2.27346;-2.44917;0.24367;3.03482;
22.3394;-2.12719;-2.44736;0.0363249;3.12452;
22.2333;-2.12174;-2.45863;-0.225398;-3.03576;
22.1297;-2.07146;-2.46581;-0.143717;-3.07232;
22.0313;-1.96904;-2.46781;-0.0399077;-3.12133;
21.9328;-1.9695;-2.47051;-0.0539581;-3.1142;
21.8358;-1.93933;-2.46351;0.139995;3.06953;
21.7316;-2.08426;-2.4536;0.198174;3.0468;
21.6285;-2.06221;-2.44478;0.176314;3.0563;
21.521;-2.15002;-2.4406;0.0835429;3.10276;
21.413;-2.15898;-2.4455;-0.097899;-3.09628;
21.3142;-1.9772;-2.45072;-0.104431;-3.08882;
21.2205;-1.87296;-2.45152;-0.0160042;-3.13305;
21.1278;-1.85539;-2.4445;0.140458;3.06603;
21.0239;-2.07718;-2.4259;0.371972;2.9644;
20.9199;-2.08036;-2.40161;0.485777;2.9122;
20.816;-2.07765;-2.37012;0.629735;2.84729;
20.7104;-2.11143;-2.33945;0.613413;2.85886;
20.6045;-2.11889;-2.3078;0.633017;2.85128;
20.5027;-2.03476;-2.27583;0.639465;2.8371;
20.406;-1.93493;-2.24451;0.626382;2.82852;
20.3108;-1.90486;-2.20014;0.887377;2.70564;
20.222;-1.77474;-2.16061;0.790601;2.72251;
20.1299;-1.84322;-2.11806;0.851106;2.70901;
20.039;-1.81774;-2.07558;0.849622;2.70436;
19.9471;-1.83837;-2.03877;0.736103;2.76073;
19.8559;-1.82332;-2.00166;0.742137;2.75504;
19.7585;-1.94772;-1.97315;0.57034;2.85673;
19.6556;-2.05858;-1.94581;0.546777;2.88198;
19.5496;-2.12003;-1.917;0.57619;2.87622;
19.4508;-1.97534;-1.89284;0.483152;2.90171;
19.364;-1.73675;-1.86359;0.585053;2.81667;
19.2733;-1.81381;-1.83225;0.626752;2.80889;
19.1785;-1.89574;-1.78441;0.956802;2.67418;
19.0744;-2.08254;-1.74058;0.87665;2.74316;
18.9812;-1.86296;-1.69994;0.812792;2.7302;
18.8782;-2.05924;-1.66371;0.72448;2.8033;
18.7843;-1.87863;-1.62293;0.815648;2.73198;
18.6901;-1.88445;-1.5815;0.828546;2.72736;
18.6094;-1.6144;-1.54312;0.767717;2.6977;
18.5357;-1.47262;-1.50889;0.684503;2.70648;
18.4598;-1.51981;-1.46531;0.871702;2.62084;
18.3826;-1.54285;-1.42172;0.871843;2.62724;
18.3022;-1.60767;-1.37587;0.916924;2.62326;
18.2153;-1.73914;-1.32805;0.956312;2.63884;
18.1225;-1.85475;-1.2826;0.909121;2.68585;
18.0278;-1.89433;-1.22676;1.11668;2.60894;
17.9375;-1.80639;-1.16784;1.17854;2.56351;
17.8505;-1.74072;-1.11105;1.13576;2.56349;
17.7635;-1.73998;-1.0548;1.12503;2.56763;
17.6771;-1.72768;-1.00977;0.90053;2.6611;
17.5856;-1.83033;-0.962904;0.937343;2.6683;
17.4891;-1.92826;-0.91729;0.912267;2.69969;
17.3907;-1.9682;-0.865214;1.04152;2.65488;
17.2924;-1.96726;-0.812468;1.05493;2.64937;
17.2077;-1.69324;-0.759602;1.05732;2.5834;
17.1205;-1.74459;-0.700215;1.18773;2.54386;
17.0316;-1.77692;-0.63292;1.34591;2.49335;
16.9447;-1.738;-0.568755;1.2833;2.50557;
16.8639;-1.6173;-0.506804;1.23901;2.48787;
16.7871;-1.53499;-0.459348;0.949114;2.58781;
16.7178;-1.38658;-0.404803;1.0909;2.47498;
16.6467;-1.42123;-0.348167;1.13273;2.46868;
16.5649;-1.63585;-0.288296;1.19742;2.50972;
16.4689;-1.92035;-0.229006;1.18578;2.58842;
16.3736;-1.90746;-0.171933;1.14147;2.60233;
16.2828;-1.81563;-0.115803;1.1226;2.58783;
16.192;-1.81563;-0.0562269;1.19152;2.56083;
16.0947;-1.94635;-0.00128177;1.0989;2.62761;
16.0006;-1.88226;0.0531285;1.08821;2.6174;
15.9078;-1.85513;0.111158;1.1606;2.58255;
15.818;-1.79648;0.165748;1.09179;2.5955;
15.7161;-2.03689;0.217468;1.03442;2.67169;
15.6171;-1.98047;0.268023;1.0111;2.66955;
15.5213;-1.91692;0.31416;0.922739;2.69296;
15.4291;-1.8424;0.364638;1.00956;2.64032;
15.3369;-1.84553;0.420556;1.11836;2.59679;
15.2532;-1.67385;0.472767;1.04421;2.58383;
15.1693;-1.67745;0.525171;1.04809;2.58313;
15.0857;-1.67174;0.575625;1.00908;2.59852;
15.0051;-1.61305;0.633679;1.16106;2.51771;
14.9254;-1.59298;0.689503;1.11649;2.53027;
14.8446;-1.61699;0.746308;1.1361;2.52912;
14.7687;-1.51638;0.811508;1.304;2.43135;
14.6861;-1.65283;0.895766;1.68515;2.34651;
14.6087;-1.549;0.974655;1.57778;2.34699;
14.5306;-1.56086;1.04288;1.36447;2.42323;
14.452;-1.57168;1.11373;1.41703;2.40789;
14.3723;-1.59358;1.18044;1.33422;2.44455;
14.2997;-1.45335;1.2502;1.39514;2.37663;
14.2282;-1.42922;1.32083;1.41259;2.36205;
14.1698;-1.16888;1.40062;1.59583;2.20298;
14.1105;-1.18515;1.48029;1.59338;2.21031;
14.0445;-1.31971;1.55924;1.57901;2.26698;
13.9819;-1.25282;1.63901;1.59548;2.23647;
13.9193;-1.25203;1.72143;1.64829;2.22041;
13.8568;-1.24991;1.78472;1.26588;2.34985;
13.788;-1.376;1.85456;1.39681;2.34869;
13.7187;-1.38542;1.91896;1.28789;2.39266;
13.6484;-1.40568;1.9828;1.27689;2.40417;
13.5801;-1.36748;2.04547;1.25332;2.39973;
13.51;-1.4009;2.1129;1.34875;2.37516;
13.4434;-1.3317;2.18394;1.42067;2.32388;
13.3686;-1.49716;2.26935;1.70819;2.29045;
13.3014;-1.34351;2.3471;1.55503;2.28335;
13.2369;-1.28908;2.42519;1.5618;2.26082;
13.173;-1.27927;2.49699;1.43604;2.29852;
13.1068;-1.32448;2.56707;1.40154;2.32793;
13.0365;-1.40581;2.63712;1.40095;2.35792;
12.9679;-1.37212;2.70262;1.31012;2.37931;
12.8925;-1.50757;2.77103;1.36813;2.40465;
12.8157;-1.53505;2.83694;1.31815;2.43207;
12.7321;-1.67221;2.906;1.38125;2.4512;
12.6501;-1.64092;2.96637;1.20744;2.50722;
12.5603;-1.79545;3.02489;1.17037;2.56392;
12.4741;-1.72471;3.0753;1.0082;2.6126;
12.3852;-1.77816;3.11702;0.83435;2.70287;
12.2947;-1.80957;3.16314;0.922488;2.67015;
12.2012;-1.8694;3.20262;0.789613;2.74194;
12.1094;-1.83664;3.24435;0.83464;2.71505;
12.0229;-1.72916;3.28175;0.747911;2.73336;
11.9297;-1.86425;3.32257;0.816405;2.72882;
11.8336;-1.92253;3.34975;0.543697;2.86599;
11.743;-1.81188;3.37743;0.55356;2.84508;
11.6508;-1.84393;3.40543;0.559987;2.84675;
11.5563;-1.88893;3.43234;0.538255;2.864;
11.4642;-1.84215;3.46105;0.574194;2.83944;
11.365;-1.98451;3.50737;0.9264;2.70484;
11.2718;-1.86477;3.54798;0.812105;2.73086;
11.1724;-1.98703;3.59109;0.862222;2.73219;
11.0712;-2.02526;3.62217;0.621603;2.8438;
10.968;-2.06239;3.64907;0.537909;2.88646;
10.8573;-2.21435;3.66819;0.382451;2.97056;
10.7587;-1.9721;3.68868;0.40989;2.93667;
10.6645;-1.88489;3.69268;0.0798653;3.09925;
10.5765;-1.75923;3.70665;0.279471;2.98405;
10.4872;-1.78678;3.7227;0.321064;2.9638;
10.3929;-1.8859;3.7394;0.333855;2.96638;
10.2975;-1.90763;3.74753;0.162755;3.05648;
10.196;-2.02904;3.75539;0.157155;3.06429;
10.0957;-2.0064;3.76356;0.163296;3.06038;
9.99091;-2.09626;3.77032;0.135305;3.07714;
9.88983;-2.02171;3.78146;0.222796;3.03183;
9.79013;-1.99394;3.78519;0.074612;3.10419;
9.69716;-1.85931;3.80567;0.409549;2.92479;
9.60381;-1.86704;3.82722;0.430972;2.91473;
9.5079;-1.91818;3.84828;0.421169;2.92546;
9.40289;-2.10025;3.88022;0.638901;2.84628;
9.30107;-2.03628;3.90763;0.54826;2.87858;
9.20648;-1.89194;3.91428;0.132828;3.0715;
9.1078;-1.97357;3.92656;0.245774;3.0177;
9.01541;-1.84772;3.93667;0.202179;3.03261;
8.91773;-1.95361;3.94942;0.254879;3.01186;
8.81278;-2.09912;3.97797;0.571063;2.87597;
8.71631;-1.92936;3.98731;0.186775;3.04509;
8.62262;-1.87374;4.00086;0.271054;2.99793;
8.50766;-2.29914;4.01696;0.322058;3.00242;
8.40389;-2.07543;4.02481;0.156818;3.06618;
8.30388;-2.00027;4.03021;0.108014;3.08765;
8.207;-1.93757;4.03131;0.0220946;3.13019;
8.1175;-1.78999;4.02979;-0.0305181;-3.12454;
8.02306;-1.8889;4.02711;-0.0534233;-3.11332;
7.92831;-1.89492;4.02422;-0.0577931;-3.1111;
7.85131;-1.54005;4.02802;0.0758449;3.09238;
7.75861;-1.85388;4.02548;-0.0508012;-3.1142;
7.6535;-2.10237;4.02485;-0.0125195;-3.13564;
7.55746;-1.92073;4.02178;-0.061426;-3.10962;
7.4488;-2.17309;4.00641;-0.307479;-3.00103;
7.34993;-1.9774;3.99891;-0.14997;-3.0659;
7.24459;-2.1069;3.97645;-0.449238;-2.93152;
7.14391;-2.01353;3.94799;-0.569015;-2.86618;
7.05273;-1.82357;3.92244;-0.51115;-2.8683;
6.96749;-1.70486;3.89988;-0.451137;-2.8829;
6.88472;-1.65546;3.86622;-0.673253;-2.75534;
6.80285;-1.63739;3.8366;-0.592417;-2.79444;
6.71787;-1.6995;3.80756;-0.580637;-2.81237;
6.64788;-1.39984;3.77391;-0.673133;-2.69337;
6.56938;-1.56999;3.7332;-0.814167;-2.66319;
6.487;-1.64764;3.6907;-0.849917;-2.66536;
6.40472;-1.6457;3.64638;-0.886512;-2.64748;
6.31882;-1.71787;3.60175;-0.892581;-2.6624;
6.24143;-1.54774;3.55351;-0.964837;-2.58416;
6.15314;-1.76582;3.48869;-1.29638;-2.50831;
6.07109;-1.64107;3.42694;-1.23501;-2.49645;
5.98864;-1.64902;3.36663;-1.2061;-2.5101;
5.90669;-1.63894;3.30853;-1.16213;-2.5248;
5.81251;-1.8837;3.25773;-1.01596;-2.64697;
5.72116;-1.82695;3.21573;-0.839897;-2.71068;
5.62816;-1.86006;3.17328;-0.84912;-2.71335;
5.53207;-1.92178;3.13181;-0.829416;-2.73416;
5.43204;-2.00054;3.08905;-0.855127;-2.73765;
5.33121;-2.01652;3.04778;-0.825459;-2.75305;
5.22274;-2.16943;3.01673;-0.621027;-2.86279;
5.11609;-2.13307;2.98688;-0.596872;-2.86875;
5.01236;-2.07454;2.95999;-0.537862;-2.88791;
4.90921;-2.06307;2.92777;-0.644458;-2.83882;
4.8129;-1.92627;2.8904;-0.74725;-2.77154;
4.71737;-1.91059;2.85518;-0.704465;-2.78834;
4.62658;-1.81575;2.8243;-0.617635;-2.81372;
4.54358;-1.65998;2.79665;-0.553038;-2.82;
4.44765;-1.9185;2.75708;-0.791332;-2.75038;
4.35558;-1.84146;2.71501;-0.841424;-2.71299;
4.26857;-1.74016;2.6599;-1.10218;-2.57699;
4.18341;-1.70333;2.59047;-1.38861;-2.45763;
4.09744;-1.71943;2.52534;-1.30264;-2.49325;
4.00358;-1.87705;2.46464;-1.21395;-2.56752;
3.90688;-1.93398;2.40412;-1.21045;-2.58236;
3.81599;-1.81779;2.34608;-1.16085;-2.57327;
3.73481;-1.62366;2.29032;-1.115;-2.53983;
3.65112;-1.67393;2.234;-1.12646;-2.54925;
3.57408;-1.54074;2.17956;-1.08882;-2.52639;
3.49331;-1.61542;2.11598;-1.27161;-2.47472;
3.41004;-1.66534;2.04438;-1.43205;-2.43137;
3.32891;-1.62261;1.97355;-1.41661;-2.42387;
3.2449;-1.68029;1.90774;-1.3161;-2.47714;
3.17207;-1.45662;1.85188;-1.11724;-2.48729;
3.09551;-1.53102;1.79423;-1.15306;-2.49609;
3.02735;-1.36336;1.73693;-1.14592;-2.44263;
2.95689;-1.40921;1.67066;-1.32545;-2.38681;
2.88472;-1.44324;1.60286;-1.35587;-2.3874;
2.80999;-1.49478;1.5356;-1.34531;-2.40877;
2.73067;-1.58632;1.46731;-1.36587;-2.43073;
2.64979;-1.61757;1.39879;-1.37027;-2.43878;
2.57107;-1.57443;1.33383;-1.29916;-2.4517;
2.4972;-1.47731;1.26809;-1.31485;-2.41431;
2.42113;-1.52144;1.20389;-1.28405;-2.44061;
2.34755;-1.47167;1.126;-1.55783;-2.32776;
2.27856;-1.37986;1.05097;-1.50051;-2.31433;
2.21358;-1.29947;0.977547;-1.46851;-2.2952;
2.15555;-1.16062;0.904354;-1.46386;-2.24116;
2.104;-1.03106;0.835259;-1.3819;-2.21181;
2.03898;-1.30033;0.747094;-1.76328;-2.20622;
1.97689;-1.2419;0.664467;-1.65255;-2.21526;
1.9162;-1.21377;0.582488;-1.63958;-2.20805;
1.8404;-1.51598;0.493896;-1.77184;-2.27853;
1.75681;-1.67182;0.410067;-1.67658;-2.35477;
1.67846;-1.56691;0.331788;-1.56558;-2.35662;
1.6003;-1.56316;0.254755;-1.54065;-2.36345;
1.51857;-1.63472;0.178946;-1.51617;-2.3938;
1.43775;-1.61634;0.110812;-1.36268;-2.44114;
1.37661;-1.22291;0.0455284;-1.30568;-2.32347;
1.31964;-1.13929;-0.027132;-1.45321;-2.23569;
1.2604;-1.18475;-0.102044;-1.49824;-2.23988;
1.20023;-1.20339;-0.178478;-1.52868;-2.23769;
1.13586;-1.28748;-0.259304;-1.61652;-2.24337;
1.07353;-1.24658;-0.338659;-1.58712;-2.23659;
1.00619;-1.34674;-0.416723;-1.56127;-2.28256;
0.943159;-1.26071;-0.498906;-1.64366;-2.2251;
0.881107;-1.24104;-0.57891;-1.60008;-2.23049;
0.819011;-1.24192;-0.658546;-1.59272;-2.23307;
0.752459;-1.33104;-0.738434;-1.59775;-2.26538;
0.677671;-1.49575;-0.819992;-1.63116;-2.31292;
0.608416;-1.38512;-0.899084;-1.58184;-2.28999;
0.551662;-1.13508;-0.985668;-1.7317;-2.15101;
0.495913;-1.11497;-1.06666;-1.6198;-2.17365;
0.441035;-1.09757;-1.14209;-1.50868;-2.19974;
0.372893;-1.36283;-1.21625;-1.48318;-2.31393;
0.293947;-1.57894;-1.27956;-1.26624;-2.46566;
0.222734;-1.42424;-1.34718;-1.35226;-2.38211;
0.157639;-1.30191;-1.40965;-1.24952;-2.37673;
0.0926083;-1.30061;-1.47407;-1.28826;-2.36096;
0.0282077;-1.28801;-1.55345;-1.58768;-2.25236;
-0.035335;-1.27085;-1.63445;-1.62008;-2.23598;
-0.0950193;-1.19369;-1.72219;-1.75465;-2.16818;
-0.149554;-1.0907;-1.8054;-1.66425;-2.15094;
-0.212462;-1.25816;-1.887;-1.63203;-2.22755;
-0.272646;-1.20367;-1.95973;-1.45457;-2.26209;
-0.335605;-1.25918;-2.02968;-1.3991;-2.3036;
-0.400546;-1.29883;-2.1007;-1.42023;-2.31158;
-0.458033;-1.14973;-2.17746;-1.53535;-2.21355;
-0.532214;-1.48364;-2.25095;-1.46978;-2.36089;
-0.61151;-1.58591;-2.32501;-1.48116;-2.39033;
-0.698578;-1.74137;-2.39851;-1.46999;-2.4405;
-0.779859;-1.62562;-2.46736;-1.37706;-2.43879;
-0.85673;-1.53742;-2.53563;-1.36527;-2.41543;
-0.933438;-1.53416;-2.60333;-1.35414;-2.41844;
-1.01007;-1.5327;-2.67018;-1.33685;-2.42434;
-1.08655;-1.52954;-2.73666;-1.32963;-2.426;
-1.15563;-1.38163;-2.80718;-1.41055;-2.34584;
-1.21438;-1.17497;-2.87026;-1.26143;-2.32072;
-1.28071;-1.32663;-2.92923;-1.17956;-2.41481;
-1.35218;-1.42934;-2.99472;-1.30978;-2.39982;
-1.4247;-1.45045;-3.06599;-1.42528;-2.36495;
-1.49677;-1.44131;-3.1362;-1.40431;-2.36919;
-1.56839;-1.4324;-3.20646;-1.40508;-2.36582;
-1.63823;-1.3969;-3.27446;-1.35998;-2.36959;
-1.71132;-1.4617;-3.34506;-1.41209;-2.37345;
-1.77742;-1.32208;-3.41146;-1.328;-2.35396;
-1.84444;-1.34033;-3.48467;-1.46422;-2.31205;
-1.90824;-1.27599;-3.55825;-1.47152;-2.28515;
-1.97242;-1.28359;-3.63331;-1.50128;-2.27818;
-2.05415;-1.63466;-3.7094;-1.52179;-2.39194;
-2.13373;-1.59157;-3.77942;-1.40046;-2.41998;
-2.21278;-1.58099;-3.85302;-1.47201;-2.39188;
-2.28438;-1.43212;-3.93349;-1.60933;-2.29799;
-2.35437;-1.39976;-4.0125;-1.58021;-2.29571;
-2.42218;-1.35614;-4.08054;-1.36076;-2.3545;
-2.49472;-1.45083;-4.15732;-1.53568;-2.32779;
-2.56504;-1.4064;-4.23452;-1.54386;-2.30964;
-2.63695;-1.43822;-4.30619;-1.43357;-2.35782;
-2.70177;-1.29641;-4.37921;-1.46029;-2.29682;
-2.76623;-1.28918;-4.45898;-1.59549;-2.25041;
-2.82874;-1.25027;-4.53716;-1.56351;-2.24533;
-2.89183;-1.26171;-4.61503;-1.55734;-2.25171;
-2.95484;-1.26028;-4.69041;-1.5077;-2.26705;
-3.02212;-1.34554;-4.77344;-1.66068;-2.25174;
-3.07935;-1.14461;-4.85126;-1.55627;-2.20494;
-3.13877;-1.18835;-4.93145;-1.60378;-2.20849;
-3.19844;-1.19338;-5.01172;-1.60552;-2.20999;
-3.25954;-1.22201;-5.09188;-1.60307;-2.22212;
-3.32533;-1.31582;-5.17692;-1.70086;-2.22925;
-3.38389;-1.17131;-5.25879;-1.63745;-2.19174;
-3.43614;-1.04482;-5.34003;-1.62472;-2.14229;
-3.48902;-1.05765;-5.42318;-1.6631;-2.13723;
-3.54022;-1.02404;-5.50368;-1.60987;-2.13734;
-3.59197;-1.03498;-5.57922;-1.51082;-2.17141;
-3.64514;-1.06341;-5.65952;-1.60613;-2.15563;
-3.6946;-0.989304;-5.749;-1.78955;-2.0758;
-3.74271;-0.962045;-5.83795;-1.77905;-2.06652;
-3.79601;-1.06599;-5.92562;-1.75326;-2.11708;
-3.85604;-1.20074;-6.01155;-1.71865;-2.18062;
-3.9038;-0.955103;-6.09555;-1.68;-2.08774;
-3.97273;-1.37857;-6.17962;-1.68148;-2.25753;
-4.03727;-1.29086;-6.27831;-1.97374;-2.14999;
