#1 AntPos X;#2 AntPos Y;#3 Distance form nest;#4 Total Distance;#5 Total Y Distance
17.436;-22.6804;28.6079;0.110158;-0.0653697
17.3524;-22.74;28.6044;0.212832;-0.125002
17.2666;-22.787;28.5899;0.310031;-0.171947
17.175;-22.8371;28.5747;0.414165;-0.222095
17.0873;-22.8878;28.5627;0.515396;-0.272803
16.9997;-22.9408;28.553;0.617795;-0.325791
16.9156;-22.9914;28.5436;0.715967;-0.37636
16.8295;-23.0477;28.5382;0.818771;-0.432686
16.7484;-23.0955;28.5291;0.91295;-0.480512
16.668;-23.1518;28.5276;1.01091;-0.536742
16.5835;-23.2071;28.5233;1.11182;-0.592028
16.4982;-23.2685;28.5239;1.21679;-0.653455
16.4105;-23.3343;28.5271;1.32613;-0.719326
16.3258;-23.3964;28.5293;1.43099;-0.781328
16.2422;-23.4531;28.5281;1.53197;-0.838031
16.1635;-23.5036;28.525;1.6255;-0.888564
16.0824;-23.5658;28.5305;1.72741;-0.95079
16.0002;-23.6203;28.5294;1.8261;-1.00531
15.9179;-23.6855;28.5374;1.93068;-1.07047
15.8366;-23.7473;28.5435;2.03264;-1.13231
15.7498;-23.811;28.5486;2.14022;-1.19601
15.6782;-23.8602;28.5503;2.22705;-1.2452
15.5988;-23.9043;28.5436;2.31758;-1.28927
15.517;-23.9512;28.5384;2.41159;-1.33618
15.4349;-23.9958;28.5313;2.50472;-1.38081
15.3556;-24.0456;28.5305;2.59835;-1.43063
15.2641;-24.1019;28.5288;2.7057;-1.48683
15.1733;-24.1527;28.5233;2.80944;-1.53764
15.0854;-24.2045;28.5206;2.91134;-1.58943
15.0078;-24.251;28.5192;3.00178;-1.63598
14.9217;-24.3087;28.5231;3.10545;-1.69364
14.8371;-24.3637;28.5259;3.20634;-1.74867
14.7667;-24.409;28.5281;3.29004;-1.79395
14.6673;-24.4667;28.5263;3.40488;-1.85169
14.5743;-24.5209;28.5252;3.51239;-1.90592
14.4931;-24.5764;28.5315;3.61068;-1.96134
14.415;-24.6279;28.5364;3.70422;-2.01289
14.3321;-24.6785;28.5383;3.80135;-2.06344
14.233;-24.7313;28.5345;3.91321;-2.11626
14.1414;-24.7912;28.5409;4.02274;-2.17621
14.0572;-24.8557;28.5554;4.12844;-2.2407
13.974;-24.9091;28.5611;4.22724;-2.29409
13.8905;-24.9629;28.5673;4.3266;-2.34789
13.8081;-25.0189;28.5764;4.42619;-2.40393
13.731;-25.0861;28.5981;4.52743;-2.47105
13.6573;-25.15;28.6189;4.62414;-2.53499
13.5812;-25.216;28.6409;4.72393;-2.60101
13.5114;-25.2747;28.6595;4.81454;-2.65968
13.4344;-25.338;28.6792;4.91373;-2.72297
13.3497;-25.4077;28.7013;5.02285;-2.79267
13.2767;-25.4772;28.729;5.12221;-2.86213
13.2086;-25.5486;28.7611;5.21862;-2.93359
13.1427;-25.6215;28.7957;5.31418;-3.00652
13.0782;-25.6967;28.8333;5.41;-3.08172
13.0181;-25.7754;28.8764;5.5043;-3.16043
12.9578;-25.8542;28.9196;5.59896;-3.23916
12.8918;-25.9418;28.9685;5.70351;-3.32676
12.8344;-26.0226;29.0155;5.79745;-3.4076
12.7773;-26.0975;29.0575;5.88772;-3.48252
12.715;-26.1675;29.0931;5.97929;-3.55245
12.6524;-26.2378;29.1291;6.0715;-3.62277
12.5904;-26.2993;29.1577;6.15795;-3.68427
12.5211;-26.3591;29.1818;6.24921;-3.74403
12.452;-26.4173;29.2049;6.33943;-3.80224
12.3831;-26.4756;29.2283;6.42955;-3.86053
12.3104;-26.537;29.2534;6.52453;-3.92196
12.2193;-26.602;29.2742;6.63643;-3.987
12.1359;-26.6665;29.2982;6.74187;-4.05149
12.0488;-26.7293;29.3194;6.84922;-4.11427
11.9683;-26.8084;29.3587;6.96113;-4.1934
11.8844;-26.8838;29.3935;7.07352;-4.2688
11.7995;-26.9464;29.4166;7.17895;-4.33136
11.7022;-26.9966;29.4238;7.28685;-4.38156
11.6102;-27.0497;29.4361;7.39235;-4.43472
11.5265;-27.1017;29.451;7.49056;-4.48669
11.4541;-27.1487;29.4661;7.5767;-4.53371
11.3785;-27.2218;29.5042;7.68101;-4.60681
11.3137;-27.2925;29.5445;7.77523;-4.67747
11.2471;-27.366;29.5871;7.87265;-4.75094
11.1809;-27.4403;29.6308;7.97031;-4.82529
11.1094;-27.5156;29.6737;8.07286;-4.90062
11.0398;-27.5893;29.7161;8.17293;-4.97432
10.9688;-27.6574;29.7531;8.27065;-5.04234
10.8952;-27.7348;29.7981;8.3763;-5.11982
10.8143;-27.8088;29.8376;8.48555;-5.19381
10.7402;-27.8777;29.875;8.58632;-5.26269
10.6739;-27.9393;29.9088;8.67643;-5.32424
10.5951;-27.9969;29.9346;8.77401;-5.38186
10.5201;-28.0495;29.9574;8.86546;-5.43444
10.4323;-28.0985;29.9727;8.96496;-5.48353
10.3445;-28.144;29.9849;9.06223;-5.52902
10.2571;-28.1955;30.0032;9.16288;-5.58043
10.168;-28.2477;30.022;9.26531;-5.63264
10.1006;-28.2928;30.0417;9.34629;-5.67777
10.029;-28.343;30.065;9.43368;-5.72797
9.95669;-28.3996;30.0944;9.52547;-5.78455
9.88135;-28.4593;30.126;9.62162;-5.8443
9.80548;-28.517;30.1557;9.71691;-5.90195
9.72797;-28.5716;30.1823;9.81166;-5.95658
9.64819;-28.629;30.211;9.90989;-6.01396
9.57147;-28.681;30.2359;10.0024;-6.06596
9.49083;-28.7348;30.2616;10.0992;-6.11974
9.39788;-28.7899;30.2849;10.2065;-6.17487
9.31847;-28.841;30.309;10.3007;-6.22597
9.23653;-28.8898;30.3304;10.3954;-6.27474
9.1513;-28.9416;30.3539;10.4946;-6.32654
9.07677;-29.0009;30.3881;10.5899;-6.38585
8.9989;-29.0641;30.4254;10.6901;-6.44912
8.92537;-29.1243;30.4612;10.7851;-6.50924
8.83913;-29.188;30.497;10.8923;-6.57293
8.75726;-29.2495;30.5323;10.9947;-6.63447
8.66466;-29.3182;30.5717;11.11;-6.70314
8.57819;-29.3823;30.6089;11.2176;-6.7673
8.49756;-29.4513;30.6527;11.3235;-6.83623
8.41636;-29.5124;30.689;11.4252;-6.89736
8.33587;-29.573;30.7254;11.5259;-6.958
8.24707;-29.6215;30.7481;11.626;-7.00645
8.16737;-29.6677;30.7714;11.7174;-7.05264
8.09458;-29.7225;30.805;11.8086;-7.10749
8.01442;-29.7948;30.8538;11.9161;-7.17974
7.93689;-29.8639;30.9006;12.0196;-7.24891
7.86055;-29.9436;30.9582;12.1286;-7.3286

7.78641;29.9756;30.9704;12.2365;-7.4094
7.71532;29.8981;30.8775;12.34;-7.48688
7.64249;29.8243;30.7879;12.4427;-7.56068
7.58238;29.7559;30.7068;12.532;-7.62906
7.5237;29.6894;30.6279;12.619;-7.69555
7.45768;29.6167;30.5412;12.7157;-7.7683
7.39468;29.5413;30.4527;12.8117;-7.8437
7.32721;29.4792;30.3761;12.9031;-7.90579
7.2481;29.3962;30.2766;13.0165;-7.98881
7.17877;29.3199;30.1859;13.118;-8.06508
7.11184;29.2413;30.0937;13.2191;-8.14366
7.048;29.1597;29.9993;13.3197;-8.22532
7.0009;29.083;29.9137;13.4042;-8.30203
6.95294;28.9989;29.8207;13.494;-8.38612
6.90852;28.9116;29.7256;13.583;-8.47333
6.86272;28.8217;29.6274;13.675;-8.5633
6.81351;28.7276;29.5245;13.7724;-8.6574
6.77265;28.6337;29.4238;13.8633;-8.75127
6.72994;28.5538;29.3362;13.9469;-8.83116
6.68331;28.4747;29.2485;14.0331;-8.91026
6.6351;28.386;29.1511;14.1267;-8.99902
6.57843;28.2997;29.0542;14.2254;-9.08531
6.52327;28.2159;28.9601;14.3214;-9.16907
6.46809;28.1321;28.8661;14.4174;-9.25283
6.4089;28.0586;28.7812;14.51;-9.32641
6.34768;27.9824;28.6933;14.6059;-9.40261
6.28457;27.9078;28.6067;14.7022;-9.47715
6.20799;27.8319;28.5158;14.8097;-9.5531
6.14554;27.7628;28.4349;14.902;-9.62215
6.08329;27.6912;28.3515;14.9958;-9.69382
6.01802;27.6208;28.2688;15.0911;-9.76418
5.95372;27.5621;28.1979;15.1781;-9.82283
5.88626;27.4974;28.1203;15.2714;-9.88762
5.82094;27.4216;28.0327;15.3702;-9.96334
5.75438;27.3458;27.9447;15.4701;-10.0392
5.69687;27.2792;27.8677;15.5571;-10.1058
5.62948;27.2236;27.7996;15.6444;-10.1614
5.55054;27.1678;27.729;15.7407;-10.2172
5.47191;27.1133;27.6599;15.8359;-10.2717
5.3939;27.0575;27.5899;15.9315;-10.3275
5.31423;27.0002;27.5182;16.0292;-10.3847
5.23826;26.947;27.4514;16.1216;-10.438
5.14045;26.8934;27.3802;16.2309;-10.4916
5.03722;26.8451;27.3136;16.3409;-10.5399
4.93895;26.7906;27.2421;16.4511;-10.5943
4.85176;26.7419;27.1785;16.5492;-10.6431
4.76249;26.6902;27.1118;16.6508;-10.6948
4.66773;26.6447;27.0505;16.7527;-10.7402
4.57385;26.5994;26.9898;16.8538;-10.7856
4.48429;26.5572;26.9332;16.9497;-10.8278
4.39522;26.514;26.8758;17.0458;-10.871
4.30427;26.4718;26.8195;17.1428;-10.9132
4.2146;26.4315;26.7654;17.2376;-10.9535
4.12347;26.3913;26.7115;17.3335;-10.9936
4.02678;26.3625;26.6683;17.4266;-11.0225
3.91452;26.3084;26.598;17.5478;-11.0766
3.79437;26.2497;26.5226;17.6781;-11.1352
3.69807;26.1884;26.4482;17.7915;-11.1965
3.60809;26.121;26.3691;17.9038;-11.2639
3.54032;26.0541;26.2935;17.9986;-11.3309
3.46738;25.9847;26.215;18.099;-11.4003
3.37918;25.9068;26.1263;18.2165;-11.4782
3.28443;25.8288;26.0368;18.3392;-11.5561
3.1888;25.7593;25.956;18.4573;-11.6256
3.09737;25.7058;25.8918;18.562;-11.6791
3.01126;25.6467;25.8229;18.6662;-11.7383
2.92613;25.5889;25.7557;18.7687;-11.7961
2.84606;25.5317;25.6899;18.8669;-11.8532
2.76379;25.4736;25.6231;18.9674;-11.9113
2.6833;25.4185;25.5597;19.0647;-11.9665
2.60215;25.3628;25.4959;19.1628;-12.0222
2.51791;25.3037;25.4286;19.2655;-12.0813
2.43347;25.2536;25.3706;19.3626;-12.1313
2.34807;25.2026;25.3118;19.4612;-12.1823
2.26254;25.1461;25.2477;19.5633;-12.2389
2.17664;25.0906;25.1848;19.665;-12.2944
2.09014;25.0359;25.123;19.7667;-12.3491
2.00343;24.9774;25.0577;19.8709;-12.4075
1.90817;24.9121;24.9851;19.9862;-12.4729
1.81889;24.849;24.9154;20.0953;-12.536
1.73306;24.7925;24.853;20.1976;-12.5925
1.6424;24.7374;24.7919;20.3028;-12.6476
1.55516;24.6883;24.7373;20.4017;-12.6966
1.47072;24.6428;24.6866;20.4961;-12.7422
1.38442;24.5942;24.6331;20.5939;-12.7908
1.2908;24.5368;24.5708;20.7029;-12.8481
1.21462;24.4787;24.5088;20.7988;-12.9063
1.12531;24.4231;24.449;20.9033;-12.9619
1.04464;24.3608;24.3832;21.0052;-13.0242
0.973697;24.2953;24.3148;21.1015;-13.0897
0.915753;24.2203;24.2377;21.1934;-13.1646
0.851049;24.1549;24.1699;21.2848;-13.2301
0.782656;24.0863;24.099;21.381;-13.2987
0.713938;24.0055;24.0162;21.4851;-13.3794
0.646324;23.9278;23.9366;21.5864;-13.4572
0.564915;23.8513;23.858;21.6977;-13.5337
0.496021;23.7755;23.7807;21.7989;-13.6095
0.423742;23.6987;23.7025;21.9033;-13.6863
0.344561;23.616;23.6185;22.0168;-13.769
0.265124;23.5347;23.5362;22.1296;-13.8503
0.193297;23.4604;23.4612;22.2322;-13.9246
0.126353;23.3862;23.3865;22.3308;-13.9988
0.0600699;23.3124;23.3125;22.4287;-14.0726
-0.00798518;23.2397;23.2397;22.5274;-14.1453
-0.0792232;23.164;23.1642;22.6303;-14.221
-0.163521;23.0953;23.0959;22.7391;-14.2896
-0.250534;23.0377;23.0391;22.8429;-14.3473
-0.342423;22.9898;22.9924;22.9445;-14.3951
-0.439996;22.952;22.9562;23.0443;-14.433
-0.538444;22.9241;22.9304;23.1385;-14.4609
-0.639804;22.904;22.9129;23.2303;-14.481
-0.724587;22.8901;22.9015;23.3053;-14.4949
-0.823211;22.8739;22.8887;23.3926;-14.5111
-0.921909;22.8595;22.878;23.479;-14.5255
-1.01452;22.8389;22.8614;23.5646;-14.5461
-1.10755;22.8312;22.8581;23.6425;-14.5537
-1.19941;22.8224;22.8539;23.7204;-14.5625
-1.29446;22.8111;22.8478;23.8024;-14.5738
-1.38783;22.798;22.8402;23.8843;-14.587
-1.4813;22.7856;22.8337;23.966;-14.5994
-1.57273;22.7559;22.8102;24.0566;-14.6291
-1.65;22.7107;22.7706;24.1454;-14.6743
-1.73238;22.667;22.7331;24.2374;-14.7179
-1.8156;22.6316;22.7044;24.325;-14.7533
-1.91291;22.5864;22.6673;24.4298;-14.7986
-2.00295;22.536;22.6248;24.532;-14.849
-2.08979;22.4948;22.5916;24.6261;-14.8902
-2.17738;22.4467;22.552;24.7249;-14.9383
-2.26214;22.393;22.507;24.8249;-14.9919
-2.33521;22.3429;22.4646;24.9134;-15.0421
-2.41366;22.2863;22.4166;25.0101;-15.0987
-2.49707;22.2277;22.3676;25.112;-15.1572
-2.57318;22.1723;22.3211;25.2061;-15.2127
-2.64099;22.105;22.2622;25.3008;-15.28
-2.70657;22.0331;22.1988;25.3965;-15.3518
-2.76519;21.9569;22.1304;25.4892;-15.4281
-2.82585;21.8793;22.0611;25.5845;-15.5056
-2.87009;21.8004;21.9885;25.6676;-15.5846
-2.91743;21.7225;21.9175;25.7525;-15.6625
-2.97386;21.641;21.8444;25.8468;-15.7439
-3.02789;21.5582;21.7698;25.9402;-15.8267
-3.08442;21.477;21.6974;26.0345;-15.9079
-3.14806;21.3948;21.6252;26.1351;-15.9902
-3.21658;21.3138;21.5552;26.2389;-16.0711
-3.28159;21.2332;21.4853;26.3397;-16.1518
-3.34352;21.1537;21.4163;26.4373;-16.2312
-3.40254;21.0681;21.3411;26.5365;-16.3169
-3.45905;20.9848;21.268;26.6323;-16.4001
-3.51296;20.9026;21.1957;26.7254;-16.4824
-3.5627;20.8115;21.1143;26.8208;-16.5735
-3.61138;20.7221;21.0344;26.9144;-16.6629
-3.65541;20.657;20.978;26.9892;-16.728
-3.70602;20.5838;20.9148;27.0743;-16.8011
-3.76038;20.5196;20.8613;27.1568;-16.8654
-3.83117;20.4413;20.7972;27.2609;-16.9437
-3.89772;20.3615;20.7312;27.3627;-17.0235
-3.96503;20.2823;20.6662;27.4647;-17.1027
-4.02166;20.2076;20.6039;27.5555;-17.1774
-4.07401;20.126;20.5342;27.6473;-17.2589
-4.12869;20.0378;20.4587;27.7451;-17.3472
-4.18563;19.9506;20.385;27.844;-17.4343
-4.24763;19.8792;20.3279;27.9372;-17.5058
-4.31059;19.8101;20.2737;28.0295;-17.5749
-4.37855;19.739;20.2188;28.127;-17.6459
-4.44216;19.673;20.1682;28.218;-17.712
-4.50315;19.5945;20.1052;28.3148;-17.7905
-4.5751;19.5128;20.042;28.422;-17.8722
-4.65774;19.4309;19.9813;28.5378;-17.9541
-4.73537;19.3442;19.9154;28.6527;-18.0408
-4.80529;19.2504;19.8411;28.7661;-18.1346
-4.86836;19.1706;19.7791;28.8654;-18.2144
-4.92598;19.0962;19.7213;28.957;-18.2888
-4.98467;19.0131;19.6556;29.055;-18.3719
-5.04695;18.9279;19.5892;29.1572;-18.4571
-5.10644;18.8441;19.5237;29.2563;-18.5409
-5.16128;18.7646;19.4615;29.3491;-18.6204
-5.22084;18.686;19.4017;29.445;-18.6989
-5.27688;18.597;19.3312;29.5448;-18.7879
-5.34067;18.5049;19.2601;29.6527;-18.8801
-5.3992;18.4173;19.1924;29.7536;-18.9677
-5.45865;18.33;19.1255;29.855;-19.055
-5.51746;18.2462;19.0621;29.9538;-19.1388
-5.57697;18.1638;19.0007;30.0523;-19.2212
-5.6308;18.0766;18.9333;30.1494;-19.3084
-5.67067;17.995;18.8674;30.2323;-19.3899
-5.70677;17.9193;18.8061;30.3086;-19.4657
-5.77051;17.8474;18.7571;30.4036;-19.5375
-5.85142;17.7722;18.7107;30.5139;-19.6128
-5.9358;17.7096;18.6779;30.6188;-19.6753
-6.04464;17.6831;18.6877;30.7193;-19.7018
-6.14847;17.6566;18.6965;30.816;-19.7284
-6.24497;17.6245;18.6982;30.9107;-19.7605
-6.35136;17.6249;18.7344;30.9923;-19.7601
-6.45661;17.6275;18.7728;31.0718;-19.7574
-6.55962;17.6301;18.8109;31.1497;-19.7548
-6.66129;17.6483;18.8636;31.2169;-19.7366
-6.76633;17.6611;18.9129;31.2903;-19.7238
-6.87806;17.6885;18.9787;31.3599;-19.6964
-6.9851;17.7066;19.0346;31.4319;-19.6784
-7.0791;17.7476;19.1074;31.4796;-19.6373
-7.16732;17.7882;19.1778;31.5234;-19.5968
-7.2565;17.836;19.2556;31.5637;-19.549
-7.35136;17.8897;19.3413;31.6051;-19.4953
-7.44966;17.9459;19.4307;31.648;-19.4391
-7.54206;18;19.5162;31.6878;-19.385
-7.62649;18.0508;19.5958;31.7236;-19.3341
-7.70865;18.1014;19.6745;31.7581;-19.2836
-7.79424;18.1538;19.7563;31.7944;-19.2312
-7.87845;18.2091;19.8404;31.8281;-19.1759
-7.96076;18.2642;19.9237;31.8608;-19.1208
-8.04339;18.3145;20.0029;31.8968;-19.0705
-8.13002;18.3627;20.0819;31.9376;-19.0223
-8.21959;18.4114;20.1628;31.9807;-18.9736
-8.30491;18.4662;20.2478;32.0169;-18.9187
-8.40087;18.5253;20.3411;32.0596;-18.8597
-8.4894;18.5854;20.4325;32.096;-18.7995
-8.57719;18.6499;20.5277;32.1296;-18.7351
-8.66152;18.7118;20.6192;32.1621;-18.6732
-8.74191;18.773;20.7086;32.1922;-18.612
-8.83261;18.8295;20.7982;32.2337;-18.5554
-8.91648;18.8848;20.884;32.2705;-18.5001
-9.0177;18.9381;20.9755;32.3231;-18.4469
-9.10823;19.0041;21.0741;32.3599;-18.3809
-9.17829;19.0636;21.158;32.3839;-18.3214
-9.24746;19.1351;21.2525;32.4006;-18.2499
-9.31964;19.2124;21.3535;32.4169;-18.1725
-9.39091;19.2859;21.4508;32.4349;-18.0991
-9.44899;19.3564;21.5396;32.4439;-18.0286
-9.51627;19.4227;21.6287;32.4631;-17.9623
-9.58476;19.4878;21.7173;32.4843;-17.8972
-9.65961;19.5623;21.8173;32.5058;-17.8226
-9.73418;19.6419;21.9216;32.5248;-17.7431
-9.80485;19.7169;22.0203;32.5432;-17.6681
-9.88011;19.7905;22.1197;32.5666;-17.5944
-9.95615;19.8741;22.2285;32.5856;-17.5109
-10.0492;19.9657;22.3521;32.6152;-17.4193
-10.1342;20.0442;22.4605;32.6453;-17.3407
-10.2327;20.0998;22.5546;32.6993;-17.2852
-10.3248;20.1523;22.6433;32.7499;-17.2327
-10.4199;20.2069;22.7353;32.8021;-17.178
-10.5046;20.241;22.8045;32.8566;-17.144
-10.5946;20.2837;22.8839;32.9111;-17.1013
-10.6917;20.3283;22.9685;32.971;-17.0567
-10.7851;20.3696;23.0487;33.0298;-17.0153
-10.8867;20.4096;23.1316;33.0963;-16.9753
-10.9818;20.4449;23.2076;33.1599;-16.9401
-11.0897;20.4691;23.2802;33.2404;-16.9158
-11.2085;20.4958;23.3604;33.3292;-16.8892
-11.3195;20.5173;23.4327;33.4141;-16.8677
-11.4255;20.531;23.4961;33.4987;-16.8539
-11.5249;20.5453;23.557;33.5776;-16.8397
-11.6245;20.563;23.6213;33.6549;-16.822
-11.7325;20.5689;23.6797;33.7455;-16.8161
-11.8356;20.5784;23.7393;33.8302;-16.8065
-11.9335;20.5878;23.7963;33.9106;-16.7972
-12.0462;20.5982;23.8621;34.0034;-16.7867
-12.1527;20.6073;23.9238;34.0916;-16.7777
-12.2414;20.6113;23.9724;34.1668;-16.7737
-12.3352;20.6228;24.0303;34.2429;-16.7622
-12.4317;20.6333;24.089;34.322;-16.7517
-12.5325;20.6388;24.1459;34.4074;-16.7462
-12.6265;20.6214;24.1799;34.4979;-16.7636
-12.7242;20.6385;24.2457;34.5751;-16.7465
-12.8224;20.6584;24.3143;34.6515;-16.7266
-12.9228;20.6802;24.3859;34.7289;-16.7047
-13.0271;20.6943;24.4532;34.8136;-16.6907
-13.1224;20.7035;24.5119;34.8929;-16.6814
-13.2129;20.7169;24.5718;34.966;-16.6681
-13.2995;20.7306;24.63;35.0356;-16.6544
-13.3878;20.7351;24.6815;35.1112;-16.6499
-13.48;20.7666;24.758;35.1775;-16.6184
-13.5826;20.8093;24.8498;35.2479;-16.5757
-13.6909;20.8621;24.9533;35.3188;-16.5229
-13.7894;20.9015;25.0404;35.3874;-16.4834
-13.8847;20.9335;25.1196;35.457;-16.4515
-13.9935;20.9814;25.2198;35.5313;-16.4036
-14.095;21.0231;25.3109;35.6022;-16.3619
-14.1966;21.0599;25.3981;35.6755;-16.325
-14.3079;21.0888;25.4844;35.7614;-16.2962
-14.4054;21.1433;25.5843;35.8234;-16.2416
-14.4845;21.2055;25.6802;35.8659;-16.1795
-14.5645;21.2664;25.7756;35.9099;-16.1186
-14.6575;21.3249;25.8765;35.9669;-16.0601
-14.749;21.3686;25.9644;36.0293;-16.0164
-14.8429;21.4196;26.0597;36.0909;-15.9654
-14.9437;21.4672;26.1564;36.1603;-15.9177
-15.0381;21.4985;26.236;36.2314;-15.8865
-15.1091;21.5191;26.2937;36.2861;-15.8658
-15.189;21.5464;26.362;36.3461;-15.8386
-15.2892;21.5823;26.4491;36.4208;-15.8027
-15.3864;21.6166;26.5334;36.4935;-15.7684
-15.4826;21.6655;26.6291;36.5593;-15.7194
-15.5812;21.7094;26.7221;36.6295;-15.6756
-15.6753;21.7588;26.8172;36.6935;-15.6261
-15.7541;21.8038;26.8998;36.7457;-15.5812
-15.8379;21.8506;26.9868;36.8018;-15.5344
-15.9236;21.8995;27.0768;36.859;-15.4855
-16.0093;21.9512;27.1689;36.9151;-15.4338
-16.0866;22.0164;27.2672;36.9582;-15.3686
-16.1649;22.0823;27.3666;37.0021;-15.3027
-16.2362;22.1359;27.452;37.0449;-15.2491
-16.3202;22.1864;27.5425;37.1008;-15.1986
-16.4015;22.2301;27.6258;37.1572;-15.1549
-16.4749;22.2829;27.7119;37.2026;-15.102
-16.552;22.3378;27.8019;37.251;-15.0472
-16.6375;22.3965;27.9;37.3056;-14.9885
-16.7192;22.461;28.0005;37.3546;-14.924
-16.8082;22.5248;28.1048;37.4108;-14.8602
-16.8915;22.5878;28.2051;37.4623;-14.7972
-16.9704;22.6441;28.2976;37.5127;-14.7408
-17.0495;22.7112;28.3987;37.5592;-14.6738
-17.1267;22.7785;28.4988;37.604;-14.6065
-17.2007;22.8462;28.5974;37.646;-14.5388
-17.2756;22.9119;28.695;37.6899;-14.4731
-17.3593;22.977;28.7974;37.7422;-14.4079
-17.444;23.0454;28.903;37.7945;-14.3396
-17.526;23.1095;29.0036;37.8462;-14.2755
-17.6046;23.1642;29.0947;37.8985;-14.2208
-17.6873;23.2167;29.1866;37.9555;-14.1683
-17.7817;23.2634;29.2809;38.0257;-14.1216
-17.8678;23.3204;29.3786;38.0846;-14.0645
-17.9538;23.3783;29.4768;38.1432;-14.0067
-18.04;23.4432;29.5808;38.1997;-13.9418
-18.121;23.5054;29.6796;38.2525;-13.8796
-18.2023;23.5654;29.7767;38.3066;-13.8196
-18.2858;23.6347;29.8827;38.3596;-13.7502
-18.368;23.7003;29.9848;38.4129;-13.6847
-18.442;23.7687;30.0841;38.4578;-13.6163
-18.5156;23.8366;30.1829;38.5027;-13.5484
-18.5847;23.9094;30.2829;38.5418;-13.4755
-18.6471;23.9878;30.383;38.573;-13.3972
-18.7097;24.0674;30.4843;38.6042;-13.3176
-18.7724;24.1461;30.5849;38.6361;-13.2389
-18.8363;24.2267;30.6877;38.6686;-13.1583
-18.9083;24.297;30.7875;38.7124;-13.088
-18.9727;24.3661;30.8816;38.7498;-13.0188
-19.044;24.4357;30.9802;38.7936;-12.9493
-19.1163;24.5063;31.0804;38.8384;-12.8787
-19.1892;24.5753;31.1797;38.8843;-12.8097
-19.2616;24.636;31.272;38.9328;-12.749
-19.3316;24.7121;31.3751;38.9741;-12.6729
-19.4115;24.784;31.481;39.0264;-12.601
-19.456;24.8809;31.5847;39.0375;-12.5041
-19.4961;24.9723;31.6815;39.0463;-12.4127
-19.5391;25.0664;31.7821;39.0572;-12.3186
-19.5846;25.1615;31.8851;39.0706;-12.2234
-19.612;25.2543;31.9751;39.0677;-12.1307
-19.6501;25.3458;32.0708;39.0756;-12.0392
-19.6871;25.4399;32.1679;39.0819;-11.9451
-19.7283;25.5444;32.2757;39.0894;-11.8406
-19.7576;25.6386;32.3682;39.0889;-11.7464
-19.7863;25.7319;32.4596;39.0883;-11.6531
-19.8155;25.8258;32.5519;39.0883;-11.5591
-19.8517;25.9163;32.6457;39.0963;-11.4687
-19.8831;25.9967;32.7287;39.1029;-11.3882
-19.9226;26.0788;32.8179;39.1168;-11.3061
-19.9673;26.1711;32.9184;39.133;-11.2138
-20.009;26.2615;33.0156;39.1472;-11.1234
-20.0542;26.3606;33.1217;39.1625;-11.0244
-20.0979;26.4571;33.2251;39.1774;-10.9278
-20.1471;26.5562;33.3337;39.1972;-10.8288
-20.1942;26.6565;33.4421;39.2149;-10.7285
-20.2292;26.7528;33.54;39.2223;-10.6322
-20.2662;26.8491;33.6392;39.232;-10.5359
-20.2988;26.9544;33.7429;39.2353;-10.4306
-20.3184;27.0597;33.8388;39.2263;-10.3252
-20.3371;27.1641;33.9335;39.217;-10.2209
-20.3554;27.2666;34.0266;39.2082;-10.1184
-20.379;27.3685;34.1224;39.2048;-10.0165
-20.4054;27.4731;34.2221;39.2037;-9.91184
-20.4355;27.5786;34.3248;39.2063;-9.80633
-20.4669;27.6922;34.4347;39.2086;-9.69281
-20.5017;27.789;34.5333;39.2184;-9.59598
-20.5423;27.8846;34.6343;39.2345;-9.50038
-20.5771;27.9662;34.7207;39.2486;-9.41877
-20.606;28.0549;34.8093;39.2555;-9.33008
-20.6367;28.1481;34.9026;39.2633;-9.23688
-20.6687;28.243;34.998;39.2722;-9.14202
-20.7008;28.3396;35.095;39.281;-9.04533
-20.7394;28.4385;35.1976;39.2959;-8.94643
-20.7854;28.5293;35.298;39.3202;-8.85569
-20.8373;28.5994;35.3853;39.3551;-8.7856
-20.8948;28.6735;35.479;39.3947;-8.71149
-20.9542;28.7506;35.5763;39.4356;-8.6344
-21.015;28.8287;35.6752;39.478;-8.5563
-21.0717;28.9168;35.7799;39.5144;-8.46817
-21.1272;29.0033;35.8825;39.5501;-8.38163
-21.1911;29.0911;35.9911;39.5942;-8.29387
-21.2453;29.1818;36.0963;39.6283;-8.20313
-21.2986;29.2717;36.2003;39.662;-8.11328
-21.3543;29.3589;36.3036;39.6987;-8.0261
-21.4089;29.4445;36.405;39.735;-7.94044
-21.4633;29.5309;36.5068;39.7712;-7.8541
-21.5189;29.6173;36.6094;39.8088;-7.76772
-21.5717;29.7016;36.7087;39.8442;-7.68337
-21.6233;29.7883;36.8091;39.8782;-7.5967
-21.6684;29.8934;36.9206;39.9026;-7.49163
-21.7176;29.9979;37.0341;39.9314;-7.3871

-21.7647;-29.9044;36.9861;39.9598;-7.28936
-21.7769;-29.7843;36.8963;39.9501;-7.1693
-21.789;-29.6791;36.8186;39.9433;-7.06409
-21.811;-29.5703;36.744;39.9458;-6.95525
-21.8347;-29.4601;36.6695;39.9501;-6.84503
-21.8596;-29.3516;36.5973;39.9562;-6.73659
-21.8852;-29.2475;36.5292;39.9641;-6.63248
-21.9082;-29.1482;36.4635;39.9704;-6.5332
-21.9347;-29.0433;36.3957;39.9795;-6.42829
-21.9568;-28.9542;36.3379;39.9871;-6.33914
-21.9677;-28.8543;36.265;39.9821;-6.23925
-21.9795;-28.7543;36.1926;39.9783;-6.13926
-21.9911;-28.6544;36.1204;39.9745;-6.03936
-22.0073;-28.5565;36.0526;39.9759;-5.94146
-22.0306;-28.4626;35.9926;39.9852;-5.8476
-22.0489;-28.3679;35.929;39.9895;-5.75288
-22.0673;-28.2735;35.8658;39.9942;-5.65846
-22.0864;-28.1785;35.8028;39.9998;-5.56351
-22.0903;-28.0836;35.7305;39.9906;-5.46853
-22.0962;-27.9858;35.6574;39.9832;-5.37081
-22.1079;-27.8888;35.5886;39.9819;-5.27376
-22.1208;-27.7903;35.5195;39.9818;-5.17527
-22.1386;-27.6928;35.4543;39.987;-5.07773
-22.1511;-27.5962;35.3868;39.9872;-4.98122
-22.1614;-27.5023;35.32;39.9859;-4.88727
-22.1653;-27.4093;35.2501;39.9784;-4.79427
-22.1687;-27.3229;35.1851;39.9715;-4.70793
-22.1783;-27.2366;35.1242;39.971;-4.62161
-22.1869;-27.1411;35.0557;39.9687;-4.52607
-22.2026;-27.0503;34.9953;39.974;-4.43524
-22.2173;-26.9554;34.9314;39.9782;-4.34033
-22.2332;-26.8575;34.8661;39.9835;-4.24252
-22.25;-26.759;34.8009;39.9899;-4.14396
-22.2672;-26.6604;34.7363;39.9969;-4.04541
-22.2829;-26.5637;34.6721;40.0029;-3.94863
-22.2958;-26.4666;34.6061;40.0063;-3.85155
-22.3077;-26.3696;34.5397;40.0089;-3.75458
-22.3268;-26.2653;34.4725;40.0183;-3.65031
-22.337;-26.1453;34.3878;40.0177;-3.53032
-22.3473;-26.0256;34.3036;40.0176;-3.41058
-22.3579;-25.9125;34.2247;40.0186;-3.29747
-22.3521;-25.8129;34.1456;40.0047;-3.19784
-22.3401;-25.7133;34.0625;39.985;-3.0983
-22.3263;-25.6124;33.9774;39.9635;-2.99743
-22.3093;-25.5077;33.8873;39.9388;-2.89268
-22.286;-25.4033;33.7934;39.9082;-2.7883
-22.2654;-25.3025;33.7041;39.8807;-2.68745
-22.2429;-25.2117;33.6211;39.8522;-2.5967
-22.2162;-25.1193;33.5342;39.8197;-2.50428
-22.1784;-25.036;33.4468;39.7768;-2.42103
-22.1325;-24.9373;33.3424;39.7251;-2.32227
-22.0877;-24.8282;33.2311;39.6741;-2.21319
-22.0486;-24.7411;33.1401;39.6303;-2.12608
-21.9986;-24.6715;33.0549;39.5767;-2.05652
-21.9404;-24.5933;32.9577;39.5146;-1.97827
-21.8814;-24.514;32.8593;39.4518;-1.89897
-21.8223;-24.431;32.758;39.3888;-1.81602
-21.7685;-24.3398;32.6541;39.331;-1.72475
-21.716;-24.2429;32.5469;39.2743;-1.62788
-21.6656;-24.1513;32.4451;39.2203;-1.53628
-21.6161;-24.0537;32.3394;39.1672;-1.43864
-21.5668;-23.9608;32.2373;39.1145;-1.34574
-21.5151;-23.8687;32.1343;39.0598;-1.25371
-21.4695;-23.7799;32.0379;39.0116;-1.1649
-21.4257;-23.6921;31.9433;38.9652;-1.07708
-21.3783;-23.5997;31.843;38.9154;-0.984668
-21.3327;-23.5086;31.7449;38.8676;-0.893543
-21.2562;-23.4205;31.6282;38.7892;-0.805435
-21.1854;-23.3388;31.5201;38.7168;-0.723737
-21.1369;-23.2492;31.4213;38.6667;-0.634225
-21.0893;-23.1606;31.3237;38.6178;-0.545572
-21.044;-23.0724;31.2279;38.5713;-0.45737
-20.9998;-22.9848;31.1334;38.5262;-0.369748
-20.9527;-22.8926;31.0336;38.4784;-0.277544
-20.9066;-22.8035;30.9368;38.4317;-0.188463
-20.8575;-22.7122;30.8364;38.3823;-0.0971989
-20.833;-22.6089;30.7437;38.3577;0.00612298
-20.8017;-22.5104;30.6501;38.3265;0.104656
-20.7725;-22.4199;30.5639;38.2977;0.195121
-20.7689;-22.3264;30.4929;38.2946;0.288601
-20.7739;-22.2373;30.4311;38.3004;0.377676
-20.7809;-22.1538;30.3749;38.3083;0.461188
-20.7889;-22.0626;30.3139;38.3175;0.552467
-20.7915;-21.9613;30.2421;38.3217;0.653693
-20.8016;-21.8676;30.1811;38.3335;0.747457
-20.8098;-21.7739;30.1189;38.3437;0.841168
-20.8254;-21.6782;30.0606;38.3614;0.936861
-20.8451;-21.5748;29.9999;38.3838;1.04018
-20.8666;-21.4811;29.9475;38.408;1.13389
-20.8879;-21.3828;29.8919;38.4322;1.23224
-20.9011;-21.2884;29.8337;38.4486;1.32666
-20.9185;-21.1887;29.7749;38.4696;1.42632
-20.9366;-21.0791;29.7097;38.4918;1.5359
-20.9614;-20.9625;29.6447;38.5215;1.65252
-20.9898;-20.8547;29.5887;38.5546;1.76028
-21.0161;-20.7533;29.536;38.5857;1.86173
-21.0205;-20.6535;29.4691;38.595;1.96153
-21.0249;-20.553;29.4019;38.6047;2.06204
-21.0302;-20.4436;29.3293;38.6159;2.17146
-21.0339;-20.339;29.2592;38.6257;2.276
-21.0452;-20.2345;29.1948;38.6433;2.38055
-21.0598;-20.1346;29.1362;38.6641;2.48041
-21.0775;-20.0352;29.0805;38.6883;2.57978
-21.0937;-19.9446;29.0298;38.7106;2.67047
-21.109;-19.8438;28.9719;38.7329;2.77121
-21.1157;-19.7459;28.9097;38.7466;2.86909
-21.1298;-19.6453;28.8514;38.7683;2.96976
-21.1439;-19.5513;28.7978;38.7897;3.06375
-21.1532;-19.4573;28.741;38.8065;3.15772
-21.1788;-19.3657;28.698;38.8396;3.24928
-21.2154;-19.27;28.6606;38.8842;3.34498
-21.2422;-19.1834;28.6222;38.9184;3.43163
-21.2711;-19.0951;28.5847;38.9551;3.51988
-21.3135;-18.9873;28.5444;39.0072;3.62777
-21.3522;-18.8875;28.5071;39.0551;3.72749
-21.3968;-18.7803;28.4697;39.1099;3.83472
-21.4458;-18.6732;28.4361;39.1693;3.94184
-21.4912;-18.574;28.4054;39.2246;4.04107
-21.5456;-18.4841;28.388;39.288;4.13091
-21.5958;-18.3946;28.368;39.3475;4.22042
-21.6429;-18.3142;28.3518;39.4029;4.30085
-21.6917;-18.2309;28.3354;39.4606;4.38416
-21.7515;-18.1495;28.329;39.5292;4.46549
-21.8093;-18.0733;28.3248;39.5953;4.54168
-21.875;-17.9971;28.3269;39.6693;4.61789
-21.944;-17.9164;28.3291;39.7473;4.69866
-21.9982;-17.8332;28.3186;39.811;4.78182
-22.0521;-17.7478;28.3069;39.8749;4.8672
-22.1007;-17.6596;28.2896;39.934;4.95544
-22.1465;-17.5676;28.2682;39.9909;5.04738
-22.1651;-17.4737;28.2245;40.0213;5.14129
-22.1853;-17.3702;28.1764;40.0548;5.24486
-22.2029;-17.2835;28.1369;40.0837;5.33156
-22.2215;-17.1884;28.0934;40.1149;5.4266
-22.2444;-17.0893;28.051;40.1511;5.52569
-22.2351;-16.9808;27.9776;40.1569;5.63418
-22.2424;-16.8715;27.9172;40.1796;5.74356
-22.2474;-16.7621;27.8552;40.2004;5.85294
-22.2561;-16.6567;27.7989;40.2245;5.95837
-22.2451;-16.5398;27.7203;40.2311;6.07518
-22.2381;-16.4356;27.6525;40.24;6.17943
-22.231;-16.3352;27.5872;40.2485;6.27982
-22.2181;-16.2378;27.5193;40.2511;6.37724
-22.2046;-16.1475;27.4551;40.2522;6.4675
-22.1875;-16.0681;27.3947;40.2482;6.54692
-22.1807;-15.9695;27.3314;40.2576;6.64552
-22.1759;-15.8824;27.2768;40.2674;6.7326
-22.1699;-15.792;27.2193;40.2766;6.823
-22.1633;-15.6963;27.1585;40.2865;6.91873
-22.1414;-15.5964;27.083;40.2822;7.01867
-22.1201;-15.4969;27.0084;40.2787;7.11811
-22.0981;-15.4028;26.9365;40.2738;7.21219
-22.0679;-15.3205;26.8646;40.2589;7.29456
-22.0344;-15.2315;26.7864;40.2422;7.38355
-21.9975;-15.1563;26.7133;40.2198;7.45871
-21.9559;-15.0681;26.6291;40.1954;7.54688
-21.9133;-14.9798;26.544;40.1702;7.63525
-21.8792;-14.8976;26.4696;40.1525;7.71739
-21.8436;-14.8111;26.3915;40.1343;7.80391
-21.8091;-14.7065;26.3043;40.1209;7.9085
-21.7775;-14.6069;26.2225;40.1097;8.00814
-21.7426;-14.5117;26.1406;40.0946;8.10332
-21.7121;-14.4113;26.0596;40.0852;8.20377
-21.6755;-14.3123;25.9744;40.0698;8.30275
-21.6481;-14.2144;25.8977;40.0634;8.40062
-21.6206;-14.1061;25.8154;40.0593;8.50891
-21.5875;-14.0093;25.7348;40.0477;8.6057
-21.5765;-13.9078;25.6705;40.0589;8.70725
-21.5725;-13.8162;25.6176;40.075;8.79884
-21.5748;-13.7406;25.5788;40.0939;8.87443
-21.5788;-13.6516;25.5345;40.1176;8.96342
-21.5693;-13.5576;25.4764;40.1295;9.05741
-21.5679;-13.4646;25.4257;40.1491;9.15045
-21.5581;-13.3666;25.3657;40.1621;9.24843
-21.5898;-13.2625;25.338;40.217;9.35255
-21.618;-13.1631;25.3102;40.2677;9.45192
-21.6303;-13.071;25.2729;40.3013;9.54404
-21.6413;-12.9746;25.2326;40.3349;9.64041
-21.6774;-12.8773;25.2138;40.3933;9.73767
-21.7183;-12.794;25.2066;40.4532;9.82099
-21.7781;-12.6991;25.2101;40.5343;9.91594
-21.8342;-12.6083;25.2132;40.611;10.0067
-21.8856;-12.5302;25.2187;40.6801;10.0849
-21.9437;-12.4466;25.2278;40.7572;10.1685
-22.0026;-12.3642;25.2386;40.8349;10.2509
-22.0726;-12.2855;25.2613;40.9223;10.3295
-22.1353;-12.2058;25.2776;41.0032;10.4092
-22.1873;-12.124;25.2837;41.0743;10.4911
-22.2477;-12.0427;25.2979;41.1535;10.5723
-22.3014;-11.9653;25.3086;41.2254;10.6497
-22.3534;-11.8746;25.3116;41.2991;10.7405
-22.4057;-11.7865;25.3167;41.3725;10.8285
-22.4563;-11.6987;25.3208;41.4444;10.9163
-22.5138;-11.6058;25.3291;41.5244;11.0093
-22.5681;-11.5174;25.3371;41.6003;11.0976
-22.6174;-11.4305;25.3417;41.6711;11.1846
-22.6656;-11.3522;25.3496;41.7386;11.2628
-22.7138;-11.2719;25.3569;41.8067;11.3431
-22.7839;-11.203;25.3893;41.8929;11.412
-22.8548;-11.1335;25.4224;41.98;11.4815
-22.9296;-11.0785;25.4657;42.0671;11.5365
-22.9922;-11.006;25.4907;42.1472;11.6091
-23.0444;-10.921;25.5012;42.2208;11.694
-23.0983;-10.8329;25.5124;42.2971;11.7821
-23.1526;-10.7427;25.5234;42.3743;11.8723
-23.2029;-10.6372;25.525;42.4523;11.9778
-23.2452;-10.535;25.5211;42.5219;12.08
-23.2873;-10.4345;25.5181;42.5908;12.1806
-23.3042;-10.3303;25.4912;42.6369;12.2847
-23.3194;-10.2297;25.4645;42.6805;12.3854
-23.3348;-10.1295;25.4386;42.7245;12.4855
-23.3471;-10.0323;25.4113;42.7647;12.5827
-23.3516;-9.93465;25.3771;42.7979;12.6804
-23.3691;-9.81238;25.3456;42.851;12.8026
-23.3814;-9.70262;25.3146;42.8956;12.9124
-23.3925;-9.60115;25.2861;42.9368;13.0139
-23.4016;-9.49996;25.2564;42.9763;13.1151
-23.4121;-9.40659;25.2311;43.0149;13.2084
-23.4333;-9.3225;25.2196;43.0609;13.2925
-23.4236;-9.22599;25.175;43.0816;13.389
-23.4099;-9.12793;25.1266;43.0992;13.4871
-23.401;-9.0286;25.0823;43.1219;13.5864
-23.3902;-8.91682;25.0322;43.147;13.6982
-23.3725;-8.80458;24.9758;43.166;13.8104
-23.3655;-8.68751;24.9282;43.1969;13.9275
-23.3609;-8.57703;24.8857;43.2284;14.038
-23.3611;-8.46351;24.847;43.2656;14.1515
-23.3619;-8.35731;24.8117;43.3012;14.2577
-23.3627;-8.25433;24.778;43.3359;14.3607
-23.3635;-8.15281;24.7451;43.3704;14.4622
-23.3645;-8.05382;24.7136;43.4045;14.5612
-23.3706;-7.95217;24.6865;43.4445;14.6629
-23.3728;-7.8469;24.6548;43.4821;14.7681
-23.371;-7.75261;24.6233;43.5125;14.8624
-23.3596;-7.65636;24.5824;43.5349;14.9587
-23.3469;-7.56226;24.5411;43.5553;15.0528
-23.3299;-7.46573;24.4953;43.5729;15.1493
-23.3135;-7.36917;24.4504;43.5911;15.2458
-23.2951;-7.27198;24.4037;43.608;15.343
-23.2724;-7.16835;24.3514;43.6233;15.4467
-23.2456;-7.06455;24.2954;43.6351;15.5505
-23.2191;-6.97385;24.2438;43.6429;15.6412
-23.1869;-6.88259;24.1868;43.6456;15.7324
-23.1558;-6.78432;24.1292;43.6522;15.8307
-23.1172;-6.69264;24.0665;43.6495;15.9224
-23.0831;-6.60222;24.0088;43.6509;16.0128
-23.0447;-6.5125;23.9473;43.6482;16.1025
-23.0209;-6.43096;23.9022;43.6562;16.1841
-22.9931;-6.33375;23.8495;43.6665;16.2813
-22.9649;-6.23745;23.7969;43.6763;16.3776
-22.9392;-6.1391;23.7465;43.6895;16.4759
-22.9154;-6.04089;23.6983;43.7047;16.5741
-22.8859;-5.93938;23.644;43.716;16.6756
-22.8727;-5.84009;23.6065;43.7417;16.7749
-22.8652;-5.73996;23.5746;43.7733;16.8751
-22.8643;-5.64112;23.55;43.8108;16.9739
-22.8581;-5.54389;23.5208;43.8428;17.0711
-22.8442;-5.45205;23.4858;43.8659;17.163
-22.819;-5.36515;23.4412;43.8767;17.2499
-22.7888;-5.26282;23.3886;43.8893;17.3522
-22.7492;-5.16782;23.3288;43.8906;17.4472
-22.6922;-5.09458;23.2571;43.8675;17.5204
-22.6205;-5.01806;23.1704;43.8325;17.597
-22.5667;-4.95873;23.105;43.807;17.6563
-22.4984;-4.8983;23.0254;43.769;17.7167
-22.4119;-4.83392;22.9272;43.716;17.7811
-22.3279;-4.77546;22.8329;43.6632;17.8396
-22.2457;-4.71636;22.7401;43.6124;17.8987
-22.1624;-4.65993;22.647;43.5596;17.9551
-22.0827;-4.59919;22.5566;43.5122;18.0158
-21.9911;-4.54718;22.4563;43.4504;18.0678
-21.9179;-4.47655;22.3704;43.4133;18.1385
-21.8553;-4.42049;22.2979;43.38;18.1945
-21.7814;-4.36321;22.2141;43.3369;18.2518
-21.689;-4.31506;22.1141;43.2735;18.3
-21.6108;-4.23929;22.0227;43.2348;18.3757
-21.5372;-4.16147;21.9356;43.2014;18.4536
-21.4643;-4.08712;21.85;43.1674;18.5279
-21.3932;-4.01375;21.7665;43.1347;18.6013
-21.3198;-3.94189;21.6811;43.0996;18.6731
-21.2287;-3.87955;21.5803;43.0446;18.7355
-21.146;-3.82049;21.4883;42.9959;18.7945
-21.0643;-3.76177;21.3975;42.9482;18.8532
-20.9977;-3.68204;21.3181;42.9235;18.933
-20.9297;-3.60338;21.2377;42.8973;19.0116
-20.8771;-3.52672;21.1729;42.8843;19.0883
-20.8254;-3.45138;21.1095;42.8715;19.1636
-20.766;-3.36837;21.0374;42.8556;19.2467
-20.7009;-3.28259;20.9595;42.8361;19.3324
-20.6351;-3.20123;20.8819;42.8142;19.4138
-20.5744;-3.12274;20.8101;42.7959;19.4923
-20.5153;-3.02618;20.7373;42.7874;19.5888
-20.4606;-2.93075;20.6694;42.7826;19.6843
-20.4145;-2.83843;20.6109;42.7842;19.7766
-20.3694;-2.74932;20.5541;42.7855;19.8657
-20.3259;-2.65831;20.499;42.7894;19.9567
-20.2665;-2.56587;20.4282;42.7801;20.0492
-20.2147;-2.48;20.3662;42.7747;20.135
-20.1591;-2.39328;20.3006;42.7666;20.2217
-20.1085;-2.30842;20.2406;42.7623;20.3066
-20.068;-2.21487;20.1899;42.7712;20.4001
-20.0282;-2.12302;20.1404;42.7801;20.492
-19.9773;-2.02872;20.08;42.7807;20.5863
-19.9289;-1.93593;20.0227;42.7831;20.6791
-19.8841;-1.84083;19.9691;42.79;20.7742
-19.8408;-1.74767;19.9176;42.7975;20.8674
-19.7984;-1.65594;19.8675;42.8053;20.9591
-19.7644;-1.56956;19.8266;42.818;21.0455
-19.7291;-1.48157;19.7847;42.8307;21.1335
-19.7054;-1.39056;19.7544;42.855;21.2245
-19.6825;-1.29746;19.7252;42.8813;21.3176
-19.6632;-1.20266;19.6999;42.9118;21.4124
-19.632;-1.10699;19.6632;42.9326;21.508
-19.6059;-1.01603;19.6322;42.9557;21.599
-19.58;-0.929267;19.602;42.977;21.6858
-19.5595;-0.841207;19.5776;43.0039;21.7738
-19.5389;-0.74705;19.5532;43.0339;21.868
-19.5;-0.658406;19.5111;43.0455;21.9566
-19.4631;-0.570251;19.4714;43.0588;22.0448
-19.4174;-0.480007;19.4234;43.0659;22.135
-19.3783;-0.383531;19.3821;43.0821;22.2315
-19.3181;-0.301334;19.3204;43.073;22.3137
-19.2474;-0.212326;19.2485;43.0588;22.4027
-19.1852;-0.132963;19.1857;43.0471;22.4821
-19.1137;-0.0581651;19.1137;43.0253;22.5569
-19.0332;0.00509782;19.0332;42.9901;22.6201
-18.9402;0.0621451;18.9403;42.9411;22.6772
-18.8675;0.114294;18.8678;42.907;22.7293
-18.7921;0.174189;18.7929;42.8748;22.7892
-18.71;0.23898;18.7115;42.8399;22.854
-18.6283;0.299355;18.6307;42.803;22.9144
-18.5503;0.360721;18.5538;42.7701;22.9757
-18.4766;0.425697;18.4815;42.743;23.0407
-18.4026;0.486829;18.409;42.7137;23.1019
-18.3169;0.549551;18.3252;42.6757;23.1646
-18.2344;0.612283;18.2447;42.6405;23.2273
-18.1507;0.671309;18.1631;42.6026;23.2863
-18.0665;0.721268;18.0809;42.5595;23.3363
-17.9781;0.767574;17.9945;42.5111;23.3826
-17.8971;0.819409;17.9159;42.472;23.4344
-17.8099;0.874963;17.8314;42.43;23.49
-17.7211;0.91569;17.7448;42.3787;23.5307
-17.6305;0.95715;17.6565;42.3265;23.5722
-17.5405;0.994532;17.5687;42.2726;23.6096
-17.4491;1.03296;17.4796;42.2183;23.648
-17.3594;1.08794;17.3934;42.1749;23.703
-17.2705;1.15069;17.3088;42.1368;23.7657
-17.1842;1.20887;17.2267;42.0985;23.8239
-17.0981;1.26453;17.1447;42.059;23.8796
-17.0218;1.32334;17.0732;42.0298;23.9384
-16.9387;1.38337;16.9951;41.9958;23.9984
-16.8558;1.44422;16.9175;41.9626;24.0592
-16.7673;1.51252;16.8354;41.9294;24.1275
-16.6726;1.57525;16.7468;41.8882;24.1903
-16.5871;1.62939;16.6669;41.8497;24.2444
-16.5017;1.67891;16.5869;41.8089;24.2939
-16.4097;1.73303;16.5009;41.7656;24.3481
-16.3128;1.77979;16.4096;41.7143;24.3948
-16.2169;1.82804;16.3196;41.6648;24.4431
-16.114;1.88815;16.2242;41.6168;24.5032
-16.02;1.93351;16.1362;41.5677;24.5485
-15.9286;1.97805;16.051;41.5204;24.5931
-15.8505;2.02138;15.9789;41.4831;24.6364
-15.7505;2.04407;15.8826;41.4162;24.6591
-15.6374;2.06288;15.7729;41.3367;24.6779
-15.5464;2.07571;15.6844;41.2714;24.6907
-15.4571;2.08942;15.5976;41.208;24.7044
-15.3565;2.11291;15.5012;41.1417;24.7279
-15.2567;2.12521;15.404;41.0694;24.7402
-15.1573;2.13759;15.3073;40.9976;24.7526
-15.0855;2.15614;15.2388;40.9515;24.7712
-14.9976;2.16491;15.153;40.8869;24.7799
-14.9013;2.17143;15.0587;40.8143;24.7864
-14.8042;2.17457;14.963;40.7391;24.7896
-14.7062;2.17583;14.8663;40.6622;24.7909
-14.6075;2.15804;14.7661;40.5731;24.7731
-14.5042;2.13776;14.6609;40.479;24.7528
-14.3944;2.11328;14.5487;40.3772;24.7283
-14.2706;2.08349;14.4218;40.261;24.6985
-14.1611;2.04344;14.3078;40.1501;24.6585
-14.0445;2.00995;14.1876;40.0374;24.625
-13.9429;1.95222;14.0789;39.9218;24.5672
-13.8544;1.8957;13.9834;39.8173;24.5107
-13.7604;1.84626;13.8837;39.7128;24.4613
-13.6697;1.79546;13.7871;39.6101;24.4105
-13.5852;1.74303;13.6966;39.5112;24.3581
-13.5006;1.69051;13.6061;39.4123;24.3055
-13.4109;1.6314;13.5098;39.3052;24.2464
-13.3284;1.57863;13.4215;39.2077;24.1936
-13.2517;1.53037;13.3398;39.1175;24.1454
-13.1686;1.46828;13.2503;39.0139;24.0833
-13.0886;1.40673;13.164;38.9129;24.0218
-13.0106;1.34617;13.0801;38.8142;23.9612
-12.9297;1.28334;12.9932;38.7117;23.8984
-12.8465;1.22536;12.9049;38.6105;23.8404
-12.77;1.15265;12.8219;38.5054;23.7677
-12.6963;1.08628;12.7426;38.4064;23.7013
-12.6212;1.01307;12.6618;38.3022;23.6281
-12.5355;0.929337;12.5699;38.1831;23.5444
-12.4576;0.854698;12.4869;38.0758;23.4697
-12.38;0.786133;12.4049;37.9724;23.4012
-12.296;0.716351;12.3169;37.8632;23.3314
-12.2157;0.648846;12.2329;37.7584;23.2639
-12.1377;0.583611;12.1517;37.6567;23.1986
-12.061;0.517746;12.0721;37.5557;23.1328
-11.9925;0.44809;12.0009;37.4589;23.0631
-11.9235;0.379727;11.9295;37.3624;22.9948
-11.8544;0.310781;11.8585;37.2655;22.9258
-11.7817;0.239175;11.7841;37.1642;22.8542
-11.6983;0.166471;11.6994;37.0537;22.7815
-11.6277;0.0862626;11.6281;36.9487;22.7013
-11.5584;0.0133797;11.5585;36.8493;22.6284
-11.4936;-0.0759763;11.4939;36.7433;22.539
-11.4306;-0.152638;11.4317;36.6465;22.4624
-11.3704;-0.233129;11.3728;36.5496;22.3819
-11.3053;-0.310767;11.3096;36.4506;22.3043
-11.2336;-0.386395;11.2402;36.3476;22.2286
-11.1608;-0.456404;11.1701;36.2472;22.1586
-11.0961;-0.524701;11.1085;36.1543;22.0903
-11.0195;-0.595488;11.0356;36.0503;22.0195
-10.9421;-0.658234;10.9619;35.9508;21.9568
-10.8639;-0.723079;10.888;35.8492;21.8919
-10.7941;-0.788842;10.8229;35.7538;21.8262
-10.7156;-0.85949;10.75;35.6484;21.7555
-10.6392;-0.931211;10.6799;35.5442;21.6838
-10.5636;-0.989375;10.6099;35.4488;21.6256
-10.4798;-1.03586;10.5309;35.354;21.5792
-10.3939;-1.08402;10.4503;35.2566;21.531
-10.3034;-1.13384;10.3656;35.1545;21.4812
-10.211;-1.18036;10.279;35.053;21.4347
-10.1165;-1.23081;10.1911;34.9474;21.3842
-10.0257;-1.2787;10.1069;34.8462;21.3363
-9.93033;-1.31451;10.017;34.7489;21.3005
-9.84256;-1.36606;9.93691;34.648;21.249
-9.7564;-1.41788;9.85889;34.5481;21.1971
-9.66138;-1.47121;9.77276;34.4404;21.1438
-9.57672;-1.52319;9.6971;34.3416;21.0918
-9.49262;-1.57717;9.62275;34.2421;21.0378
-9.40926;-1.63211;9.54976;34.1426;20.9829
-9.33405;-1.69454;9.48662;34.0449;20.9205
-9.25891;-1.75967;9.42464;33.9456;20.8554
-9.18415;-1.8346;9.36559;33.8406;20.7804
-9.10885;-1.91266;9.30749;33.7332;20.7024
-9.03149;-1.99031;9.2482;33.6245;20.6247
-8.94893;-2.05594;9.18206;33.519;20.5591
-8.88347;-2.13426;9.13625;33.4193;20.4808
-8.81075;-2.22248;9.08673;33.3078;20.3925
-8.74558;-2.31866;9.04773;33.1974;20.2964
-8.69032;-2.39897;9.01536;33.1046;20.2161
-8.63085;-2.47159;8.97777;33.0131;20.1434
-8.57293;-2.54791;8.94355;32.9207;20.0671
-8.51451;-2.62429;8.90976;32.8278;19.9907
-8.45772;-2.70587;8.88002;32.7331;19.9092
-8.38663;-2.79615;8.84048;32.6218;19.8189
-8.32622;-2.88642;8.81234;32.519;19.7286
-8.26334;-2.987;8.78664;32.408;19.628
-8.20681;-3.07776;8.76495;32.3081;19.5373
-8.14729;-3.16795;8.74153;32.2062;19.4471
-8.0886;-3.25099;8.71748;32.1092;19.364
-8.03078;-3.33293;8.69493;32.0137;19.2821
-7.98492;-3.40269;8.6797;31.9351;19.2123
-7.93615;-3.46942;8.66137;31.856;19.1456
-7.8813;-3.54288;8.641;31.768;19.0721
-7.8298;-3.63304;8.63161;31.6727;18.982
-7.78245;-3.72676;8.62875;31.5787;18.8883
-7.72855;-3.82445;8.62305;31.4771;18.7906
-7.675;-3.92882;8.62214;31.3719;18.6862
-7.62592;-4.02511;8.623;31.2751;18.5899
-7.57597;-4.11641;8.62208;31.1807;18.4986
-7.51142;-4.20149;8.60662;31.0783;18.4135
-7.45007;-4.28044;8.59219;30.9821;18.3346
-7.38178;-4.35868;8.57256;30.8808;18.2563
-7.32592;-4.44611;8.56954;30.7841;18.1689
-7.26961;-4.5304;8.56573;30.6889;18.0846
-7.21709;-4.61686;8.56749;30.5955;17.9982
-7.16241;-4.70395;8.56897;30.5001;17.9111
-7.1089;-4.79721;8.57611;30.4021;17.8178
-7.06969;-4.89693;8.60003;30.3119;17.7181
-7.03315;-4.98541;8.62088;30.2306;17.6296
-6.99947;-5.0774;8.64712;30.1496;17.5376
-6.96619;-5.16833;8.67407;30.0697;17.4467
-6.93272;-5.26218;8.70363;29.988;17.3528
-6.89798;-5.35195;8.73072;29.9078;17.2631
-6.86257;-5.44346;8.75934;29.8261;17.1716
-6.82663;-5.53777;8.79032;29.7425;17.0773
-6.7906;-5.63159;8.82196;29.6592;16.9834
-6.73987;-5.72649;8.84413;29.5633;16.8885
-6.68635;-5.82888;8.87035;29.4609;16.7861
-6.64417;-5.92838;8.90454;29.3696;16.6866
-6.61117;-6.03004;8.94813;29.2848;16.585
-6.5964;-6.12523;9.00172;29.2188;16.4898
-6.58002;-6.2275;9.05971;29.1476;16.3875
-6.56337;-6.32869;9.11758;29.0771;16.2863
-6.55233;-6.42339;9.17567;29.015;16.1916
-6.54507;-6.52794;9.24402;28.9507;16.0871
-6.53604;-6.63058;9.31044;28.8863;15.9844
-6.5302;-6.73932;9.38414;28.8214;15.8757
-6.51514;-6.84037;9.44657;28.7533;15.7747
-6.49998;-6.93815;9.50724;28.687;15.6769
-6.47768;-7.03462;9.56275;28.6157;15.5804
-6.45166;-7.13404;9.61864;28.5399;15.481
-6.42589;-7.2365;9.67775;28.4627;15.3785
-6.39967;-7.33559;9.73482;28.3872;15.2794
-6.37959;-7.4357;9.79739;28.3165;15.1793
-6.34576;-7.52641;9.84457;28.2394;15.0886
-6.307;-7.62432;9.89487;28.1544;14.9907
-6.26504;-7.72142;9.9434;28.0672;14.8936
-6.21922;-7.8139;9.98677;27.9793;14.8011
-6.17482;-7.89569;10.0235;27.8984;14.7193
-6.12853;-7.97988;10.0617;27.8147;14.6351
-6.08075;-8.07104;10.1053;27.7262;14.544
-6.03393;-8.16237;10.1505;27.6385;14.4527
-5.99125;-8.25829;10.2027;27.552;14.3567
-5.95066;-8.35821;10.2601;27.4654;14.2568
-5.90951;-8.45486;10.3154;27.3801;14.1602
-5.86655;-8.54741;10.367;27.2955;14.0676
-5.82366;-8.63844;10.4181;27.2119;13.9766
-5.78404;-8.7331;10.4748;27.1294;13.8819
-5.73457;-8.81792;10.5186;27.0435;13.7971
-5.683;-8.90411;10.5631;26.9552;13.7109
-5.65656;-9.00099;10.6308;26.8833;13.614
-5.63029;-9.09422;10.696;26.8135;13.5208
-5.59824;-9.17792;10.7506;26.7437;13.4371
-5.56815;-9.26818;10.8122;26.6724;13.3468
-5.53731;-9.36746;10.8817;26.5961;13.2476
-5.51729;-9.45917;10.9506;26.5331;13.1559
-5.49973;-9.55071;11.021;26.4726;13.0643
-5.47004;-9.63351;11.0782;26.406;12.9815
-5.46914;-9.73623;11.1672;26.3548;12.8788
-5.46424;-9.83025;11.2469;26.3047;12.7848
-5.47067;-9.93794;11.3442;26.2582;12.6771
-5.47818;-10.0566;11.4519;26.2077;12.5584
-5.49122;-10.1641;11.5526;26.1678;12.4509
-5.50288;-10.2669;11.6487;26.1293;12.3481
-5.50324;-10.3666;11.7368;26.0827;12.2484
-5.49907;-10.4764;11.832;26.0276;12.1386
-5.49797;-10.5802;11.9235;25.9784;12.0348
-5.49438;-10.6792;12.0097;25.9295;11.9358
-5.49176;-10.7794;12.0977;25.8812;11.8356
-5.49013;-10.8809;12.1875;25.8335;11.7341
-5.48752;-10.9817;12.2765;25.7855;11.6333
-5.48603;-11.0707;12.3555;25.7441;11.5443
-5.48024;-11.1688;12.4408;25.6951;11.4463
-5.48096;-11.2782;12.5395;25.6472;11.3368
-5.48149;-11.3812;12.6324;25.6024;11.2339
-5.48653;-11.4849;12.7281;25.5615;11.1301
-5.49498;-11.5887;12.8255;25.5241;11.0263
-5.50717;-11.6885;12.9209;25.4922;10.9265
-5.5166;-11.7816;13.0092;25.461;10.8334
-5.52692;-11.8781;13.101;25.4294;10.7369
-5.54128;-11.9731;13.1932;25.4025;10.6419
-5.56774;-12.0746;13.2964;25.3842;10.5405
-5.60773;-12.1805;13.4093;25.3769;10.4345
-5.65312;-12.2785;13.5173;25.3782;10.3366
-5.67742;-12.3616;13.603;25.3667;10.2535
-5.69974;-12.4549;13.6972;25.3495;10.1601
-5.71259;-12.5457;13.785;25.3251;10.0693
-5.72679;-12.6409;13.8776;25.3004;9.97416
-5.74611;-12.7337;13.9702;25.2818;9.88128
-5.77275;-12.8249;14.0642;25.2708;9.79017
-5.78756;-12.9082;14.1463;25.2523;9.70683
-5.80488;-12.9943;14.2319;25.2354;9.62075
-5.81954;-13.0827;14.3186;25.2154;9.53237
-5.83076;-13.1716;14.4045;25.1923;9.44339
-5.84697;-13.2587;14.4907;25.1748;9.3563
-5.86307;-13.3537;14.5841;25.1547;9.26136
-5.8866;-13.4518;14.6834;25.1406;9.1632
-5.90974;-13.5629;14.7945;25.1219;9.05208
-5.92586;-13.6669;14.8963;25.0997;8.9481
-5.93422;-13.7659;14.9905;25.0724;8.84913
-5.94685;-13.855;15.0773;25.0529;8.76007
-5.94898;-13.9572;15.1721;25.0194;8.65783
-5.95083;-14.0576;15.2653;24.9865;8.55742
-5.95418;-14.1585;15.3596;24.9553;8.45649
-5.96398;-14.2541;15.4515;24.9323;8.36091
-5.99747;-14.357;15.5593;24.9296;8.25807
-6.02489;-14.4637;15.6684;24.9203;8.15129
-6.05297;-14.5693;15.7767;24.9126;8.04568
-6.08149;-14.6659;15.8768;24.9086;7.9491
-6.11097;-14.7596;15.9747;24.9068;7.85543
-6.13124;-14.8562;16.0717;24.8958;7.75879
-6.15372;-14.9511;16.168;24.8877;7.66392
-6.16955;-15.0509;16.2663;24.8723;7.56417
-6.1733;-15.1499;16.3593;24.8459;7.46517
-6.16969;-15.2423;16.4437;24.8149;7.37268
-6.16395;-15.3513;16.5426;24.7772;7.26372
-6.18473;-15.4387;16.6314;24.7716;7.17635
-6.20201;-15.5423;16.734;24.7584;7.07274
-6.21787;-15.6428;16.8333;24.745;6.97218
-6.2341;-15.7429;16.9323;24.7326;6.87211
-6.25233;-15.8366;17.0262;24.7243;6.77841
-6.2786;-15.9281;17.1209;24.7247;6.68697
-6.30422;-16.0247;17.2201;24.7234;6.59036
-6.33166;-16.1195;17.3184;24.7248;6.49553
-6.36;-16.2134;17.4162;24.7277;6.40167
-6.38978;-16.3087;17.5158;24.7319;6.30631
-6.42001;-16.4044;17.616;24.737;6.21058
-6.4479;-16.5026;17.7175;24.7395;6.11245
-6.47361;-16.5989;17.8166;24.7408;6.01608
-6.49272;-16.704;17.9215;24.7341;5.91102
-6.50327;-16.8141;18.0279;24.7182;5.80096
-6.52837;-16.9098;18.1263;24.7204;5.7052
-6.54825;-17.0091;18.2261;24.717;5.60593
-6.57581;-17.1063;18.3266;24.722;5.50875
-6.58503;-17.2078;18.4247;24.7086;5.40725
-6.62626;-17.3053;18.5305;24.7277;5.30976
-6.67632;-17.3983;18.6353;24.7568;5.21674
-6.72491;-17.4978;18.7456;24.7836;5.11718
-6.77809;-17.6042;18.864;24.8139;5.01081
-6.82833;-17.7033;18.9745;24.8433;4.91177
-6.88871;-17.8127;19.0983;24.8812;4.80232
-6.95302;-17.9151;19.217;24.9248;4.69997
-7.01103;-18.0086;19.3253;24.9643;4.60639
-7.07469;-18.0963;19.4301;25.0109;4.51869
-7.1364;-18.1814;19.5318;25.0564;4.43367
-7.19293;-18.2694;19.6344;25.0967;4.34566
-7.24804;-18.3555;19.7347;25.1362;4.25948
-7.28653;-18.4484;19.8353;25.1586;4.1666
-7.32434;-18.5428;19.9369;25.1804;4.07221
-7.3708;-18.6411;20.0455;25.2106;3.9739
-7.41864;-18.7356;20.1509;25.2431;3.8794
-7.46922;-18.8265;20.254;25.2793;3.78852
-7.50677;-18.9046;20.3405;25.3049;3.71045
-7.54971;-18.9955;20.4408;25.3342;3.6195
-7.58817;-19.0842;20.5374;25.3598;3.53085
-7.63295;-19.1741;20.6375;25.3918;3.44094
-7.68238;-19.2493;20.7257;25.4307;3.36576
-7.74195;-19.3212;20.8146;25.4804;3.29385
-7.8066;-19.3965;20.9086;25.5349;3.21848
-7.86567;-19.468;20.9969;25.5846;3.14707
-7.9268;-19.5411;21.0877;25.6364;3.07389
-7.99898;-19.6183;21.1864;25.6989;2.99668
-8.06772;-19.6942;21.2826;25.7585;2.92082
-8.14329;-19.7739;21.3851;25.8247;2.84111
-8.21483;-19.8499;21.4826;25.8876;2.76516
-8.28297;-19.9139;21.5678;25.9486;2.70115
-8.34327;-19.9845;21.6561;26.0013;2.63057
-8.40381;-20.061;21.7501;26.0539;2.55403
-8.45426;-20.1381;21.8408;26.0967;2.47689
-8.51362;-20.2171;21.9366;26.1484;2.39791
-8.57734;-20.2732;22.013;26.2068;2.34184
-8.64495;-20.3312;22.0928;26.269;2.28384
-8.71874;-20.4003;22.1853;26.3367;2.21475
-8.78503;-20.4682;22.2739;26.3971;2.14678
-8.84983;-20.548;22.3728;26.4553;2.06698
-8.92541;-20.6337;22.4813;26.5241;1.98137
-8.99455;-20.7285;22.5958;26.5862;1.88655
-9.05753;-20.8188;22.7037;26.6428;1.79625
-9.10913;-20.8999;22.7987;26.6889;1.71517
-9.16065;-20.9846;22.897;26.735;1.63044
-9.20695;-21.059;22.9837;26.7768;1.55597
-9.26706;-21.132;23.0747;26.8327;1.48303
-9.3301;-21.207;23.1687;26.8916;1.40804
-9.39469;-21.2972;23.2773;26.9516;1.31783
-9.4559;-21.3794;23.3771;27.0088;1.23567
-9.52831;-21.4481;23.4693;27.0781;1.16695
-9.60573;-21.5194;23.566;27.1525;1.09561
-9.67391;-21.5795;23.6487;27.2182;1.03553
-9.76971;-21.6469;23.7494;27.3115;0.968139
-9.85556;-21.7071;23.8397;27.3952;0.907874
-9.93958;-21.7649;23.9271;27.4774;0.850074
-10.0241;-21.8223;24.0145;27.5602;0.792682
-10.1091;-21.8881;24.1098;27.6433;0.726923
-10.1866;-21.9367;24.1865;27.7195;0.678332
-10.2668;-21.9874;24.2663;27.7985;0.627648
-10.338;-22.05;24.3532;27.8684;0.565002
-10.4184;-22.0961;24.4291;27.9478;0.518918
-10.506;-22.1455;24.5112;28.0346;0.46957
-10.5979;-22.2079;24.607;28.1255;0.407151
-10.6768;-22.2696;24.6967;28.2035;0.34541
-10.7523;-22.3365;24.7898;28.2783;0.278489
-10.8468;-22.4066;24.894;28.3722;0.208408
-10.9342;-22.4662;24.9857;28.4592;0.148809
-10.9993;-22.5512;25.0906;28.524;0.0638697
-11.0661;-22.6347;25.195;28.5907;-0.0196908
-11.1291;-22.7051;25.2859;28.6538;-0.0900388
-11.1805;-22.7902;25.385;28.7056;-0.175195
-11.2318;-22.8757;25.4843;28.7576;-0.260694
-11.2715;-22.9595;25.577;28.7982;-0.344442
-11.3126;-23.0479;25.6745;28.8405;-0.432896
-11.353;-23.1345;25.7701;28.8823;-0.519503
-11.3923;-23.2228;25.8666;28.9233;-0.607759
-11.4293;-23.3141;25.9649;28.9624;-0.699104
-11.4779;-23.4205;26.0819;29.0138;-0.805474
-11.4977;-23.5337;26.1923;29.0369;-0.918722
-11.5204;-23.6436;26.3009;29.0632;-1.02859
-11.5419;-23.747;26.4034;29.0886;-1.13202
-11.5717;-23.831;26.4919;29.1217;-1.21599
-11.5961;-23.9192;26.5819;29.1499;-1.30415
-11.611;-24.0213;26.6803;29.1695;-1.40625
-11.6262;-24.1199;26.7757;29.1896;-1.50487
-11.6407;-24.217;26.8695;29.2093;-1.60197
-11.6552;-24.315;26.9642;29.2293;-1.70002
-11.6629;-24.4095;27.0526;29.2426;-1.79443
-11.6729;-24.4978;27.1367;29.2581;-1.88277
-11.6961;-24.5965;27.2357;29.2878;-1.98146
-11.7109;-24.6991;27.3348;29.3097;-2.08409
-11.718;-24.8025;27.4313;29.3244;-2.18744
-11.7258;-24.906;27.5282;29.34;-2.29097
-11.7386;-25.0129;27.6304;29.3613;-2.3979
-11.737;-25.1175;27.7245;29.3684;-2.50251
-11.7493;-25.2362;27.8373;29.3911;-2.62119
-11.7742;-25.3379;27.9399;29.4251;-2.72286
-11.7917;-25.4503;28.0493;29.4531;-2.8353
-11.8046;-25.5602;28.1544;29.4767;-2.94514
-11.8159;-25.665;28.2544;29.4987;-3.05001
-11.8275;-25.7675;28.3523;29.5209;-3.1525
-11.8531;-25.8763;28.4618;29.5581;-3.26123
-11.8762;-25.9899;28.5748;29.5939;-3.37486
-11.9039;-26.0927;28.6798;29.6333;-3.47771
-11.9399;-26.1926;28.7857;29.6809;-3.5776
-11.9776;-26.2853;28.8856;29.7297;-3.67024
-12.0211;-26.3969;29.0052;29.7867;-3.78188
-12.0716;-26.503;29.1227;29.8505;-3.888
-12.1204;-26.6037;29.2346;29.9122;-3.98872
-12.1678;-26.7001;29.3419;29.9721;-4.08505
-12.211;-26.78;29.4326;30.0259;-4.16494
-12.2598;-26.8651;29.5303;30.0862;-4.25012
-12.2929;-26.96;29.6303;30.1324;-4.34493
-12.3229;-27.0526;29.7271;30.1756;-4.43762
-12.3507;-27.146;29.8235;30.217;-4.53093
-12.377;-27.241;29.921;30.2573;-4.62602
-12.4018;-27.3386;30.0201;30.297;-4.72361
-12.4273;-27.4277;30.1118;30.3362;-4.81273
-12.4429;-27.5209;30.2031;30.3664;-4.9059
-12.4571;-27.6172;30.2967;30.3961;-5.00215
-12.4706;-27.7185;30.3946;30.4263;-5.10347
-12.5;-27.8161;30.4957;30.4718;-5.2011
-12.5301;-27.9169;30.6;30.5188;-5.30189
-12.559;-28.0189;30.7049;30.5651;-5.40391
-12.5788;-28.1222;30.8072;30.603;-5.50714
-12.6024;-28.2329;30.9179;30.6463;-5.61792
-12.6218;-28.3392;31.0229;30.6851;-5.72422
-12.6483;-28.4496;31.1345;30.7319;-5.83456
-12.6737;-28.5494;31.2361;30.7759;-5.93439
-12.6975;-28.6476;31.3354;30.8183;-6.03253
-12.7203;-28.7493;31.4377;30.8607;-6.13429
-12.7426;-28.8405;31.5302;30.9008;-6.22552
-12.7725;-28.9389;31.6322;30.9501;-6.3239
-12.7961;-29.0316;31.7265;30.9922;-6.41655
-12.8387;-29.1211;31.8257;31.0526;-6.50612
-12.8839;-29.2077;31.9231;31.115;-6.59264
-12.926;-29.3137;32.0371;31.1787;-6.69865
-12.9738;-29.4185;32.1522;31.2481;-6.80344
-13.0171;-29.5242;32.2664;31.3135;-6.90913
-13.0662;-29.6256;32.3791;31.3839;-7.01058
-13.1085;-29.7202;32.4826;31.4463;-7.10516
-13.1517;-29.8073;32.5798;31.5082;-7.19224
-13.195;-29.8951;32.6776;31.5704;-7.28006
-13.2386;-29.9847;32.7772;31.6337;-7.36969

-13.2823;29.9204;32.7361;31.6984;-7.4646
-13.306;29.8212;32.6551;31.7449;-7.56373
-13.3601;29.7312;32.5951;31.819;-7.65373
-13.4122;29.6372;32.5308;31.8922;-7.74777
-13.4627;29.5414;32.4644;31.9647;-7.84362
-13.5206;29.4488;32.4043;32.0435;-7.93621
-13.5782;29.3688;32.3558;32.1192;-8.01614
-13.6398;29.282;32.303;32.2006;-8.10295
-13.6985;29.1972;32.2509;32.2788;-8.18781
-13.7619;29.1155;32.2041;32.3609;-8.26945
-13.8258;29.0336;32.1574;32.4437;-8.35138
-13.8858;28.9534;32.111;32.5224;-8.43161
-13.9446;28.8741;32.065;32.5998;-8.51093
-13.998;28.7897;32.0124;32.6735;-8.59523
-14.0539;28.7048;31.9606;32.7498;-8.68014
-14.1229;28.6252;31.9195;32.8375;-8.75982
-14.193;28.5378;31.8724;32.9284;-8.84713
-14.2752;28.4579;31.8376;33.0291;-8.92709
-14.3522;28.3831;31.8054;33.1235;-9.00188
-14.4189;28.3042;31.7653;33.2092;-9.08079
-14.4877;28.228;31.7288;33.2962;-9.15694
-14.5637;28.1639;31.7066;33.3869;-9.22105
-14.611;28.078;31.6521;33.4562;-9.30696
-14.6533;28.0016;31.6039;33.5182;-9.38338
-14.7007;27.9174;31.5514;33.5873;-9.4676
-14.7483;27.8375;31.503;33.6555;-9.54747
-14.8012;27.7548;31.4548;33.7298;-9.63015
-14.8352;27.6519;31.38;33.7919;-9.73312
-14.8663;27.5494;31.3046;33.8514;-9.83558
-14.8873;27.4505;31.2276;33.9002;-9.93443
-14.8993;27.3564;31.1506;33.9394;-10.0286
-14.9081;27.2546;31.0655;33.9781;-10.1304
-14.915;27.1531;30.9798;34.015;-10.2319
-14.925;27.0658;30.9082;34.0509;-10.3191
-14.942;26.9768;30.8385;34.0942;-10.4082
-14.9686;26.8782;30.7652;34.1497;-10.5068
-14.9893;26.7844;30.6934;34.1984;-10.6006
-15.0136;26.6907;30.6235;34.2506;-10.6943
-15.0371;26.5942;30.551;34.3032;-10.7908
-15.0656;26.4826;30.468;34.3654;-10.9024
-15.0868;26.3842;30.3931;34.4169;-11.0008
-15.112;26.2769;30.3126;34.4752;-11.108
-15.1358;26.1743;30.2355;34.5309;-11.2107
-15.1587;26.0749;30.161;34.5849;-11.3101
-15.1838;25.9757;30.0879;34.6412;-11.4093
-15.1995;25.8753;30.0093;34.6892;-11.5096
-15.2111;25.7786;29.9318;34.7324;-11.6064
-15.221;25.6807;29.8526;34.7745;-11.7042
-15.2283;25.5846;29.7737;34.8138;-11.8004
-15.2336;25.484;29.69;34.853;-11.901
-15.2348;25.3771;29.5989;34.8908;-12.0079
-15.2343;25.2635;29.5013;34.9296;-12.1215
-15.2355;25.1539;29.4081;34.9689;-12.2311
-15.2451;25.0467;29.3215;35.0155;-12.3383
-15.2607;24.9465;29.2441;35.0655;-12.4385
-15.2775;24.8478;29.1687;35.1164;-12.5372
-15.293;24.7518;29.0951;35.1652;-12.6332
-15.3106;24.6513;29.019;35.2179;-12.7336
-15.3291;24.5385;28.933;35.2761;-12.8465
-15.3542;24.4376;28.8608;35.3363;-12.9474
-15.3792;24.3403;28.7918;35.3953;-13.0447
-15.4098;24.253;28.7345;35.456;-13.132
-15.4424;24.146;28.6617;35.526;-13.239
-15.4754;24.0446;28.5942;35.5945;-13.3404
-15.5071;23.9424;28.5256;35.6623;-13.4426
-15.5243;23.8503;28.4577;35.713;-13.5347
-15.5524;23.7491;28.3883;35.7775;-13.6359
-15.5712;23.6585;28.3229;35.8294;-13.7265
-15.5979;23.5665;28.2609;35.8895;-13.8185
-15.6382;23.4809;28.2118;35.9596;-13.9041
-15.6678;23.3892;28.152;36.0225;-13.9958
-15.7248;23.2928;28.1038;36.1126;-14.0922
-15.7888;23.2069;28.0686;36.205;-14.1781
-15.8469;23.1352;28.0421;36.2865;-14.2498
-15.9076;23.0541;28.0097;36.3743;-14.3309
-15.9699;22.9723;27.9779;36.4638;-14.4126
-16.0253;22.8913;27.9432;36.5467;-14.4937
-16.0815;22.8092;27.9083;36.6309;-14.5758
-16.1388;22.7301;27.8769;36.7151;-14.6549
-16.2003;22.6375;27.8371;36.8083;-14.7474
-16.2702;22.5493;27.8063;36.9078;-14.8357
-16.3589;22.4807;27.8028;37.0167;-14.9043
-16.4636;22.4338;27.8267;37.1313;-14.9512
-16.5808;22.4155;27.8816;37.246;-14.9694
-16.6972;22.4253;27.9587;37.3487;-14.9597
-16.8055;22.4567;28.0486;37.4354;-14.9283
-16.9008;22.5129;28.1508;37.5006;-14.8721
-16.9931;22.593;28.2703;37.5536;-14.792
-17.0793;22.6769;28.3892;37.6;-14.708
-17.1546;22.7548;28.4967;37.639;-14.6302
-17.2123;22.8389;28.5986;37.6596;-14.546
-17.2748;22.9147;28.6967;37.688;-14.4703
-17.3366;22.9909;28.7948;37.716;-14.3941
-17.3859;23.0717;28.889;37.7309;-14.3133
-17.4393;23.1316;28.969;37.7576;-14.2534
-17.5004;23.1966;29.0576;37.7897;-14.1884
-17.5698;23.2597;29.1498;37.8304;-14.1253
-17.6361;23.3342;29.2492;37.8642;-14.0508
-17.7069;23.3904;29.3368;37.9092;-13.9945
-17.7885;23.4596;29.4412;37.9596;-13.9254
-17.8791;23.5176;29.5422;38.0228;-13.8674
-17.9597;23.5802;29.6408;38.075;-13.8048
-18.037;23.6477;29.7414;38.1227;-13.7372
-18.1109;23.7191;29.843;38.1661;-13.6659
-18.1892;23.7874;29.9447;38.2148;-13.5976
-18.2749;23.8496;30.0462;38.2729;-13.5354
-18.3637;23.9021;30.1419;38.3374;-13.4828
-18.458;23.9361;30.2264;38.4138;-13.4489
-18.5483;23.9888;30.3233;38.4801;-13.3962
-18.6325;24.0601;30.4312;38.5343;-13.3249
-18.7035;24.1386;30.5368;38.5739;-13.2463
-18.7658;24.2215;30.6405;38.6041;-13.1635
-18.8285;24.3031;30.7433;38.6353;-13.0819
-18.8867;24.382;30.8414;38.6635;-13.003
-18.9461;24.4592;30.9388;38.6936;-12.9257
-19.0183;24.5244;31.0345;38.7399;-12.8606
-19.0844;24.6081;31.1412;38.7746;-12.7769
-19.1508;24.6957;31.2511;38.8086;-12.6893
-19.2118;24.7819;31.3566;38.8382;-12.6031
-19.2701;24.8612;31.455;38.8677;-12.5238
-19.3256;24.9392;31.5507;38.8952;-12.4458
-19.3756;25.0257;31.6496;38.915;-12.3593
-19.4271;25.112;31.7494;38.9365;-12.273
-19.476;25.193;31.8434;38.9575;-12.192
-19.5301;25.2752;31.9415;38.9833;-12.1098
-19.5807;25.3607;32.0402;39.005;-12.0242
-19.6311;25.4462;32.1386;39.0267;-11.9388
-19.68;25.5344;32.2383;39.0464;-11.8506
-19.7259;25.621;32.3349;39.064;-11.764
-19.7744;25.7062;32.432;39.0846;-11.6788
-19.821;25.7949;32.5308;39.1028;-11.5901
-19.8733;25.8959;32.6427;39.123;-11.4891
-19.9273;25.9882;32.7488;39.1476;-11.3968
-19.9733;26.0806;32.8501;39.1648;-11.3044
-20.0192;26.1691;32.9483;39.1833;-11.2159
-20.066;26.2543;33.0444;39.2039;-11.1307
-20.1194;26.3365;33.1422;39.2318;-11.0484
-20.1677;26.4234;33.2405;39.2539;-10.9616
-20.2165;26.5023;33.3328;39.2788;-10.8827
-20.2603;26.588;33.4276;39.2972;-10.7969
-20.2981;26.6773;33.5215;39.3092;-10.7077
-20.3302;26.7636;33.6096;39.3167;-10.6214
-20.3696;26.8456;33.6987;39.3325;-10.5394
-20.4032;26.9391;33.7935;39.34;-10.4459
-20.4331;27.0258;33.8807;39.3459;-10.3592
-20.4597;27.1179;33.9703;39.3475;-10.2671
-20.4873;27.2119;34.0619;39.3497;-10.1731
-20.5189;27.3045;34.155;39.3563;-10.0804
-20.5567;27.3905;34.2464;39.371;-9.99452
-20.5892;27.4831;34.34;39.3791;-9.90184
-20.6185;27.5784;34.4339;39.3836;-9.80656
-20.646;27.6787;34.5307;39.3854;-9.70631
-20.6711;27.7801;34.627;39.3849;-9.60486
-20.6988;27.8793;34.7231;39.3877;-9.5057
-20.7264;27.9793;34.8199;39.3905;-9.40566
-20.7672;28.0687;34.916;39.4089;-9.31628
-20.7947;28.1681;35.0123;39.4122;-9.21687
-20.8228;28.2605;35.1033;39.418;-9.1245
-20.8496;28.3615;35.2006;39.4209;-9.02352
-20.858;28.4624;35.2868;39.4061;-8.92262
-20.882;28.5635;35.3826;39.4067;-8.8215
-20.9121;28.6637;35.4813;39.4138;-8.72132
-20.9572;28.7577;35.5839;39.4371;-8.62725
-20.9932;28.8571;35.6854;39.4505;-8.52789
-21.0259;28.9544;35.7833;39.4616;-8.43058
-21.0693;29.0351;35.8741;39.4868;-8.34992
-21.1051;29.1257;35.9685;39.5028;-8.25925
-21.1462;29.2153;36.0652;39.5244;-8.16963
-21.1891;29.308;36.1654;39.5474;-8.07701
-21.2308;29.3964;36.2615;39.5702;-7.98859
-21.2708;29.4832;36.3553;39.592;-7.90173
-21.3045;29.5768;36.4509;39.6064;-7.80818
-21.342;29.6827;36.5588;39.6224;-7.70224
-21.3842;29.7781;36.6609;39.6455;-7.60686
-21.4135;29.8818;36.7622;39.6544;-7.50316
-21.4375;29.9763;36.853;39.6602;-7.40865

-21.4523;-29.9357;36.8286;39.6585;-7.32065
-21.4784;-29.8456;36.7707;39.6676;-7.23057
-21.5177;-29.7595;36.7238;39.6907;-7.14444
-21.5494;-29.6749;36.6739;39.7067;-7.05989
-21.5761;-29.5872;36.6187;39.7175;-6.97218
-21.6024;-29.4953;36.56;39.7274;-6.88025
-21.6342;-29.3988;36.5011;39.7421;-6.78377
-21.6616;-29.2987;36.4367;39.7521;-6.68363
-21.6839;-29.2016;36.372;39.7579;-6.58654
-21.7018;-29.1154;36.3136;39.7614;-6.50041
-21.73;-29.0196;36.2537;39.7737;-6.40458
-21.7597;-28.9254;36.1962;39.7879;-6.31034
-21.7945;-28.8264;36.1381;39.8067;-6.21134
-21.818;-28.7232;36.07;39.8139;-6.1082
-21.8339;-28.6229;35.9999;39.8145;-6.00788
-21.8314;-28.5296;35.9242;39.798;-5.91458
-21.8555;-28.44;35.8678;39.8086;-5.82495
-21.8779;-28.3593;35.8175;39.819;-5.74432
-21.8921;-28.2619;35.7491;39.8192;-5.64685
-21.9049;-28.161;35.6773;39.8177;-5.54597
-21.9227;-28.0597;35.6083;39.8213;-5.4447
-21.9356;-27.958;35.5362;39.8203;-5.34299
-21.9456;-27.8621;35.4669;39.8174;-5.24705
-21.9786;-27.7615;35.4085;39.8371;-5.14652
-21.984;-27.6531;35.3269;39.8285;-5.03804
-21.9931;-27.5497;35.2518;39.8247;-4.93472
-22.004;-27.4485;35.1795;39.8231;-4.83345
-22.0172;-27.349;35.1102;39.8242;-4.73396
-22.0287;-27.2575;35.0462;39.8248;-4.64247
-22.038;-27.1642;34.9796;39.8233;-4.5492
-22.0471;-27.0704;34.9125;39.8217;-4.4554
-22.0612;-26.9731;34.8461;39.825;-4.35812
-22.0728;-26.8761;34.7783;39.826;-4.26106
-22.0808;-26.785;34.7131;39.8244;-4.16996
-22.0949;-26.6927;34.6509;39.8288;-4.07767
-22.1194;-26.6057;34.5995;39.8443;-3.99064
-22.1317;-26.5103;34.5342;39.8472;-3.8953
-22.1266;-26.4212;34.4625;39.8335;-3.80619
-22.1352;-26.322;34.3921;39.8327;-3.707
-22.1401;-26.2227;34.3193;39.8285;-3.6077
-22.1303;-26.1216;34.2358;39.8096;-3.50663
-22.1268;-26.0209;34.1568;39.7975;-3.4059
-22.1317;-25.9206;34.0836;39.7939;-3.3056
-22.1284;-25.8201;34.0051;39.7824;-3.20513
-22.122;-25.7236;33.9276;39.7683;-3.10856
-22.1118;-25.6335;33.8527;39.7512;-3.01844
-22.0875;-25.5443;33.7693;39.7203;-2.92926
-22.0636;-25.4518;33.6838;39.6897;-2.83675
-22.0439;-25.356;33.5985;39.6634;-2.741
-22.0183;-25.2575;33.5074;39.6311;-2.64251
-21.9905;-25.1512;33.4091;39.5965;-2.53622
-21.9623;-25.0595;33.3215;39.5625;-2.44445
-21.9366;-24.9712;33.2381;39.5315;-2.35615
-21.9127;-24.8691;33.1457;39.5017;-2.25412
-21.8805;-24.7708;33.0507;39.464;-2.15579
-21.847;-24.6727;32.955;39.4254;-2.05763
-21.8222;-24.5828;32.8713;39.396;-1.96774
-21.7928;-24.4969;32.7876;39.3624;-1.8819
-21.7553;-24.4085;32.6966;39.3208;-1.79347
-21.7165;-24.3175;32.6029;39.2781;-1.70252
-21.6742;-24.2246;32.5054;39.2318;-1.60961
-21.6282;-24.1325;32.4061;39.1822;-1.51743
-21.5819;-24.0398;32.3062;39.1325;-1.4248
-21.5386;-23.9412;32.2039;39.0857;-1.32617
-21.4971;-23.8454;32.105;39.0411;-1.2304
-21.4646;-23.7622;32.0214;39.0061;-1.14717
-21.4217;-23.6877;31.9374;38.9611;-1.07272
-21.3919;-23.5934;31.8475;38.9289;-0.978366
-21.3511;-23.5257;31.7699;38.8864;-0.910628
-21.3156;-23.4464;31.6873;38.8491;-0.831353
-21.2869;-23.3514;31.5978;38.8185;-0.736366
-21.2615;-23.2628;31.5152;38.7915;-0.647796
-21.2281;-23.1684;31.4231;38.7567;-0.553405
-21.1945;-23.0799;31.3351;38.7219;-0.464904
-21.1577;-22.9851;31.2404;38.6841;-0.370031
-21.1265;-22.8757;31.1388;38.652;-0.260646
-21.1092;-22.7777;31.0552;38.6342;-0.162726
-21.1;-22.6784;30.9761;38.6247;-0.063374
-21.086;-22.5817;30.8958;38.6106;0.03331
-21.0616;-22.4918;30.8135;38.5864;0.12325
-21.0542;-22.3987;30.7406;38.5794;0.216291
-21.0394;-22.3002;30.6587;38.5653;0.314798
-21.0257;-22.2041;30.5794;38.5525;0.410959
-21.0126;-22.1058;30.4991;38.5406;0.509253
-21.0044;-22.0129;30.4262;38.5338;0.602093
-20.9974;-21.9171;30.3521;38.5283;0.697879
-20.9934;-21.8214;30.2803;38.5263;0.793599
-21.0019;-21.7114;30.2071;38.5372;0.903611
-21.0002;-21.6062;30.1303;38.5381;1.00883
-20.9917;-21.5159;30.0597;38.5321;1.09913
-21.0035;-21.4224;30.0011;38.5466;1.19263
-21.0135;-21.3331;29.9444;38.5594;1.28189
-21.0297;-21.2323;29.8841;38.5791;1.38269
-21.0406;-21.1315;29.8203;38.5938;1.48352
-21.047;-21.0299;29.7529;38.6042;1.58515
-21.0521;-20.9301;29.686;38.6135;1.68489
-21.0669;-20.8387;29.6322;38.6324;1.77634
-21.0908;-20.7511;29.5877;38.6604;1.86389
-21.097;-20.6569;29.5261;38.6712;1.95809
-21.1158;-20.5678;29.4773;38.6947;2.04723
-21.1078;-20.4731;29.4056;38.6918;2.1419
-21.1186;-20.3711;29.3424;38.7083;2.24391
-21.1335;-20.2665;29.2806;38.7294;2.34853
-21.1638;-20.1552;29.2256;38.7666;2.45986
-21.1888;-20.0544;29.1743;38.798;2.56067
-21.2072;-19.957;29.1209;38.8229;2.65803
-21.2274;-19.8702;29.0762;38.8491;2.74484
-21.2452;-19.7791;29.0271;38.8734;2.8359
-21.2672;-19.6848;28.9791;38.9024;2.93022
-21.2869;-19.5844;28.9255;38.9297;3.03057
-21.2949;-19.4918;28.8687;38.945;3.12324
-21.3167;-19.3945;28.8192;38.9746;3.22056
-21.3573;-19.3081;28.7913;39.0223;3.30692
-21.3985;-19.2068;28.7541;39.0721;3.40824
-21.4305;-19.0976;28.7051;39.1136;3.51745
-21.4605;-18.9954;28.6597;39.1528;3.61964
-21.4937;-18.8969;28.6194;39.1951;3.71812
-21.5294;-18.7985;28.5814;39.2401;3.81654
-21.5661;-18.7149;28.5542;39.2848;3.90011
-21.607;-18.6264;28.5273;39.3343;3.9886
-21.655;-18.5473;28.5121;39.3902;4.06772
-21.69;-18.4539;28.4781;39.4348;4.16112
-21.7254;-18.3494;28.4375;39.4811;4.26564
-21.7686;-18.2506;28.407;39.5349;4.36444
-21.8003;-18.1481;28.3656;39.5778;4.46689
-21.8389;-18.0539;28.3352;39.6269;4.5611
-21.876;-17.9707;28.3109;39.6734;4.64429
-21.8949;-17.8734;28.2639;39.7037;4.74166
-21.9126;-17.7736;28.2146;39.7333;4.84143
-21.9218;-17.6749;28.1597;39.7546;4.94016
-21.9426;-17.5839;28.1188;39.7866;5.03111
-21.961;-17.4898;28.0745;39.8169;5.12524
-21.9796;-17.394;28.0296;39.8478;5.22101
-21.9962;-17.2988;27.9836;39.8767;5.31618
-22.0106;-17.2016;27.9349;39.9041;5.41345
-22.0148;-17.0966;27.8738;39.9227;5.51843
-22.0233;-16.9915;27.8162;39.9458;5.6235
-22.0369;-16.8847;27.7618;39.9743;5.73027
-22.0511;-16.7798;27.7094;40.0036;5.83521
-22.0559;-16.6807;27.6533;40.0229;5.93434
-22.0629;-16.5718;27.5934;40.0461;6.04323
-22.0666;-16.4614;27.5303;40.0666;6.15359
-22.07;-16.3477;27.4651;40.0876;6.26729
-22.0652;-16.238;27.3961;40.1002;6.37705
-22.0606;-16.1358;27.3319;40.112;6.47924
-22.051;-16.0312;27.2625;40.1195;6.58384
-22.0408;-15.9282;27.1939;40.1265;6.68678
-22.0305;-15.8358;27.1314;40.1318;6.77922
-22.0216;-15.7386;27.0676;40.1396;6.87645
-22.0176;-15.6393;27.0067;40.1528;6.97575
-22.01;-15.5407;26.9435;40.1626;7.07431
-21.9957;-15.4333;26.87;40.1676;7.18176
-21.9826;-15.328;26.7989;40.1736;7.28703
-21.9651;-15.2291;26.7281;40.1745;7.38589
-21.9399;-15.1357;26.6543;40.1671;7.47934
-21.9209;-15.0386;26.5835;40.1666;7.57647
-21.9148;-14.9461;26.5263;40.1782;7.66893
-21.8891;-14.8574;26.4551;40.1699;7.75763
-21.8783;-14.7625;26.393;40.1778;7.85255
-21.8677;-14.6707;26.333;40.1855;7.94437
-21.8603;-14.5729;26.2725;40.1976;8.04208
-21.8509;-14.4788;26.2126;40.2073;8.1362
-21.845;-14.3807;26.1535;40.2215;8.23435
-21.8346;-14.2869;26.0934;40.2306;8.32811
-21.8284;-14.1797;26.0296;40.2469;8.43532
-21.8181;-14.0766;25.965;40.2586;8.5384
-21.8142;-13.9617;25.8996;40.2794;8.65328
-21.8089;-13.8552;25.8378;40.2972;8.75987
-21.7979;-13.7579;25.7765;40.3077;8.8571
-21.78;-13.6591;25.7088;40.3121;8.95588
-21.7788;-13.5546;25.6524;40.3343;9.06044
-21.7908;-13.4545;25.6099;40.3686;9.1605
-21.8009;-13.3544;25.566;40.4012;9.2606
-21.8293;-13.2512;25.5365;40.4526;9.36386
-21.846;-13.1471;25.4969;40.493;9.46789
-21.8686;-13.0595;25.4713;40.5356;9.55549
-21.8911;-12.9651;25.4423;40.5798;9.64993
-21.9209;-12.8719;25.4207;40.631;9.74314
-21.9501;-12.7796;25.3993;40.6816;9.83545
-21.983;-12.6891;25.3824;40.7355;9.92593
-22.0101;-12.6023;25.3626;40.783;10.0127
-22.0463;-12.5107;25.3487;40.8406;10.1043
-22.0822;-12.4184;25.3346;40.8983;10.1966
-22.1173;-12.3333;25.3236;40.9536;10.2817
-22.1568;-12.2458;25.3157;41.0139;10.3692
-22.2031;-12.1504;25.3102;41.0828;10.4647
-22.2488;-12.0556;25.3051;41.1513;10.5594
-22.2956;-11.9596;25.3008;41.2212;10.6554
-22.3435;-11.8553;25.2939;41.2945;10.7597
-22.391;-11.7493;25.2864;41.3681;10.8657
-22.4336;-11.6487;25.2777;41.4358;10.9663
-22.4812;-11.5661;25.282;41.5036;11.049
-22.528;-11.4849;25.2867;41.5704;11.1301
-22.5787;-11.4172;25.3012;41.6373;11.1978
-22.6296;-11.3307;25.3078;41.7097;11.2843
-22.6761;-11.2347;25.3066;41.7805;11.3803
-22.7245;-11.1461;25.3108;41.8513;11.4689
-22.7716;-11.0574;25.3143;41.9209;11.5576
-22.8183;-10.9653;25.3162;41.9912;11.6497
-22.8513;-10.8737;25.3065;42.0484;11.7413
-22.9003;-10.7925;25.3161;42.1182;11.8225
-22.948;-10.7016;25.3207;42.1896;11.9135
-22.9912;-10.6175;25.3245;42.2549;11.9976
-23.0334;-10.5349;25.3283;42.3189;12.0802
-23.0596;-10.445;25.3149;42.3697;12.17
-23.0797;-10.3512;25.2947;42.416;12.2638
-23.1035;-10.2523;25.2761;42.4674;12.3627
-23.1278;-10.1477;25.2561;42.5212;12.4673
-23.1488;-10.0381;25.2316;42.5736;12.5769
-23.1679;-9.934;25.2079;42.6227;12.681
-23.1855;-9.82705;25.1821;42.6713;12.788
-23.1997;-9.72882;25.1571;42.7145;12.8862
-23.2253;-9.63937;25.1462;42.766;12.9757
-23.2484;-9.53443;25.1275;42.8198;13.0806
-23.2557;-9.44037;25.0987;42.8556;13.1747
-23.2611;-9.348;25.0692;42.8893;13.267
-23.2626;-9.25278;25.0352;42.9202;13.3622
-23.2635;-9.15485;25.0001;42.9517;13.4602
-23.2495;-9.04761;24.9479;42.9721;13.5674
-23.2451;-8.94618;24.9072;43.0001;13.6688
-23.2315;-8.84667;24.8589;43.0189;13.7684
-23.2263;-8.7515;24.8203;43.0445;13.8635
-23.2241;-8.65494;24.7844;43.0737;13.9601
-23.202;-8.55956;24.7305;43.0838;14.0555
-23.1895;-8.46193;24.6851;43.1039;14.1531
-23.191;-8.3652;24.6535;43.1372;14.2498
-23.1879;-8.26879;24.6181;43.1662;14.3462
-23.1815;-8.18243;24.5832;43.189;14.4326
-23.1815;-8.09045;24.5527;43.2198;14.5246
-23.1669;-7.98657;24.5049;43.2411;14.6285
-23.1657;-7.8968;24.4746;43.2704;14.7182
-23.1595;-7.80187;24.4383;43.297;14.8132
-23.1419;-7.7119;24.3931;43.3113;14.9031
-23.1333;-7.61452;24.3543;43.3369;15.0005
-23.1058;-7.52483;24.3002;43.3422;15.0902
-23.0862;-7.42912;24.2521;43.3573;15.1859
-23.0705;-7.33192;24.2075;43.3767;15.2831
-23.0572;-7.23312;24.1651;43.3991;15.3819
-23.0415;-7.13506;24.1209;43.4193;15.48
-23.0248;-7.03695;24.0762;43.4389;15.5781
-23.0099;-6.94794;24.036;43.4569;15.6671
-22.9856;-6.8635;23.9885;43.4648;15.7515
-22.9641;-6.77036;23.9413;43.4786;15.8447
-22.9481;-6.67233;23.8985;43.4996;15.9427
-22.9362;-6.58076;23.8616;43.5222;16.0343
-22.9354;-6.4714;23.8309;43.5618;16.1436
-22.9223;-6.36175;23.7887;43.5904;16.2533
-22.9096;-6.25741;23.7488;43.6177;16.3576
-22.8888;-6.15287;23.7014;43.6377;16.4621
-22.8763;-6.04925;23.6626;43.6653;16.5658
-22.8738;-5.94096;23.6328;43.7042;16.6741
-22.8588;-5.83354;23.5914;43.7314;16.7815
-22.8393;-5.72556;23.5461;43.755;16.8895
-22.818;-5.62177;23.5003;43.7755;16.9933
-22.7934;-5.51023;23.45;43.7964;17.1048
-22.7615;-5.41555;23.3968;43.804;17.1995
-22.7134;-5.32399;23.329;43.7959;17.291
-22.6641;-5.22708;23.2591;43.789;17.3879
-22.6093;-5.14194;23.1866;43.7726;17.4731
-22.555;-5.03993;23.1112;43.7637;17.5751
-22.4924;-4.95042;23.0307;43.7424;17.6646
-22.4206;-4.88044;22.9456;43.7051;17.7346
-22.356;-4.80639;22.8668;43.6762;17.8086
-22.2778;-4.73945;22.7764;43.6322;17.8756
-22.2125;-4.65198;22.6944;43.6086;17.963
-22.1469;-4.57724;22.6149;43.5797;18.0378
-22.0776;-4.50737;22.533;43.5457;18.1077
-22.0115;-4.44484;22.4558;43.5116;18.1702
-21.9371;-4.39527;22.373;43.4647;18.2198
-21.864;-4.33088;22.2889;43.4255;18.2841
-21.782;-4.2636;22.1953;43.3795;18.3514
-21.703;-4.20392;22.1064;43.3333;18.4111
-21.6333;-4.14508;22.0269;43.2953;18.4699
-21.5713;-4.06813;21.9516;43.2722;18.5469
-21.512;-3.99679;21.8802;43.2493;18.6182
-21.4629;-3.91263;21.8166;43.2413;18.7024
-21.3955;-3.85148;21.7394;43.207;18.7635
-21.3229;-3.78906;21.6569;43.1688;18.826
-21.2539;-3.72291;21.5775;43.1357;18.8921
-21.1905;-3.65542;21.5035;43.1083;18.9596
-21.1333;-3.56902;21.4325;43.0951;19.046
-21.076;-3.48661;21.3624;43.0802;19.1284
-21.0146;-3.41712;21.2906;43.0561;19.1979
-20.9533;-3.35208;21.2198;43.0304;19.2629
-20.9027;-3.2743;21.1576;43.02;19.3407
-20.8418;-3.19828;21.0858;42.9999;19.4167
-20.7896;-3.12091;21.0225;42.9883;19.4941
-20.726;-3.0345;20.9469;42.971;19.5805
-20.6421;-2.95976;20.8532;42.9305;19.6553
-20.5656;-2.87754;20.7659;42.9003;19.7375
-20.4999;-2.79405;20.6894;42.8804;19.821
-20.4614;-2.69925;20.6387;42.8903;19.9158
-20.4193;-2.61049;20.5855;42.8943;20.0045
-20.3573;-2.52566;20.5134;42.8792;20.0894
-20.2879;-2.43635;20.4336;42.8598;20.1787
-20.2235;-2.34719;20.3593;42.8452;20.2678
-20.1654;-2.2597;20.2916;42.8354;20.3553
-20.1127;-2.17421;20.2299;42.8298;20.4408
-20.07;-2.08804;20.1784;42.8336;20.527
-20.0243;-2.00373;20.1243;42.8339;20.6113
-19.9782;-1.92582;20.0708;42.8311;20.6892
-19.9312;-1.84292;20.0162;42.8301;20.7721
-19.8876;-1.76174;19.9655;42.8315;20.8533
-19.8406;-1.68361;19.912;42.8286;20.9314
-19.7943;-1.59469;19.8584;42.8317;21.0203
-19.7386;-1.49988;19.7955;42.8299;21.1151
-19.6905;-1.40065;19.7403;42.8371;21.2144
-19.6404;-1.30643;19.6838;42.8403;21.3086
-19.5905;-1.20977;19.6279;42.8453;21.4053
-19.5363;-1.12457;19.5687;42.841;21.4905
-19.4857;-1.03837;19.5134;42.8406;21.5767
-19.4267;-0.954382;19.4501;42.832;21.6606
-19.3811;-0.857991;19.4;42.8415;21.757
-19.3363;-0.7653;19.3514;42.8502;21.8497
-19.2788;-0.675123;19.2906;42.8468;21.9399
-19.2218;-0.591332;19.2309;42.8409;22.0237
-19.1634;-0.507707;19.1701;42.8339;22.1073
-19.1098;-0.435142;19.1147;42.8255;22.1799
-19.0517;-0.363136;19.0552;42.8132;22.2519
-18.9933;-0.28698;18.9955;42.8031;22.328
-18.9338;-0.210894;18.9349;42.792;22.4041
-18.8722;-0.134367;18.8727;42.7798;22.4807
-18.8058;-0.0591183;18.8059;42.7629;22.5559
-18.7221;0.0209797;18.7222;42.7343;22.636
-18.6482;0.0963892;18.6485;42.7116;22.7114
-18.581;0.153974;18.5816;42.6854;22.769
-18.5095;0.204494;18.5106;42.6519;22.8195
-18.4335;0.267401;18.4354;42.6215;22.8824
-18.3571;0.315512;18.3598;42.5829;22.9305
-18.2798;0.377262;18.2837;42.5512;22.9923
-18.2008;0.439503;18.2061;42.5185;23.0545
-18.1113;0.499707;18.1182;42.476;23.1147
-18.0173;0.562218;18.0261;42.4313;23.1772
-17.9207;0.620145;17.9314;42.3821;23.2352
-17.8223;0.681255;17.8353;42.3334;23.2963
-17.7337;0.744072;17.7493;42.2942;23.3591
-17.6469;0.804981;17.6652;42.2556;23.42
-17.5552;0.86435;17.5764;42.2122;23.4794
-17.4682;0.915864;17.4922;42.1687;23.5309
-17.3722;0.965354;17.399;42.1167;23.5804
-17.2809;1.01562;17.3107;42.0694;23.6306
-17.1854;1.07187;17.2188;42.0221;23.6869
-17.0969;1.12217;17.1336;41.9774;23.7372
-17.0126;1.17194;17.053;41.9362;23.787
-16.9234;1.22938;16.968;41.8954;23.8444
-16.8366;1.28059;16.8852;41.8532;23.8956
-16.7523;1.34132;16.8059;41.8188;23.9563
-16.656;1.39897;16.7146;41.773;24.014
-16.5493;1.44874;16.6126;41.7145;24.0638
-16.4463;1.49566;16.5142;41.6575;24.1107
-16.3503;1.54141;16.4227;41.6058;24.1564
-16.2599;1.58943;16.3374;41.5602;24.2045
-16.163;1.62524;16.2445;41.5024;24.2403
-16.0685;1.66744;16.1548;41.4504;24.2825
-15.9762;1.70655;16.067;41.3986;24.3216
-15.8622;1.73548;15.9569;41.3235;24.3505
-15.7655;1.77425;15.865;41.2683;24.3893
-15.6763;1.80989;15.7805;41.2175;24.4249
-15.5721;1.84468;15.681;41.1542;24.4597
-15.4779;1.88688;15.5925;41.1036;24.5019
-15.3581;1.91562;15.4771;41.0247;24.5306
-15.2402;1.93874;15.363;40.9441;24.5538
-15.1308;1.95244;15.2563;40.8649;24.5675
-15.0255;1.95889;15.1527;40.7847;24.5739
-14.9147;1.95601;15.0424;40.6945;24.571
-14.8092;1.94975;14.937;40.6067;24.5648
-14.7035;1.94297;14.8313;40.5185;24.558
-14.5931;1.92406;14.7193;40.4192;24.5391
-14.4858;1.90479;14.6105;40.3223;24.5198
-14.3931;1.87921;14.5153;40.2332;24.4942
-14.2877;1.85324;14.4074;40.1338;24.4683
-14.1923;1.82439;14.3091;40.0406;24.4394
-14.0977;1.7836;14.2101;39.9408;24.3986
-14.0037;1.74293;14.1117;39.8415;24.358
-13.9091;1.6987;14.0125;39.7396;24.3137
-13.8301;1.65381;13.9286;39.6496;24.2688
-13.7431;1.60827;13.8369;39.553;24.2233
-13.6574;1.56723;13.747;39.4601;24.1823
-13.5805;1.52564;13.6659;39.3738;24.1407
-13.4985;1.4762;13.579;39.2788;24.0912
-13.4105;1.42916;13.4865;39.1804;24.0442
-13.3238;1.36882;13.394;39.075;23.9838
-13.2315;1.30818;13.296;38.9648;23.9232
-13.1497;1.24718;13.2087;38.8628;23.8622
-13.0669;1.193;13.1213;38.7642;23.808
-12.9938;1.12585;13.0425;38.6653;23.7409
-12.9311;1.06998;12.9753;38.5814;23.685
-12.8706;1.01045;12.9102;38.4972;23.6255
-12.8005;0.950832;12.8358;38.4052;23.5659
-12.7394;0.878894;12.7697;38.3128;23.4939
-12.669;0.819834;12.6955;38.2211;23.4349
-12.6033;0.763101;12.6264;38.1344;23.3781
-12.5271;0.701042;12.5467;38.0361;23.3161
-12.4696;0.634604;12.4857;37.9499;23.2496
-12.4022;0.570713;12.4153;37.8575;23.1857
-12.3216;0.501385;12.3317;37.7513;23.1164
-12.2482;0.423164;12.2555;37.6454;23.0382
-12.1711;0.355288;12.1763;37.5429;22.9703
-12.0965;0.287371;12.0999;37.4424;22.9024
-12.0208;0.217781;12.0228;37.34;22.8328
-11.9524;0.147257;11.9533;37.2427;22.7623
-11.8883;0.0689385;11.8885;37.1441;22.684
-11.8167;-0.0152128;11.8167;37.036;22.5998
-11.7498;-0.096221;11.7502;36.9336;22.5188
-11.6855;-0.179021;11.6868;36.8321;22.436
-11.6118;-0.248272;11.6145;36.7315;22.3668
-11.5373;-0.311374;11.5415;36.634;22.3036
-11.4668;-0.373952;11.4729;36.5399;22.2411
-11.3922;-0.435392;11.4006;36.4434;22.1796
-11.325;-0.506797;11.3363;36.3466;22.1082
-11.2517;-0.569747;11.2661;36.2501;22.0453
-11.1807;-0.631093;11.1985;36.1565;21.9839
-11.0916;-0.701038;11.1137;36.0432;21.914
-11.0022;-0.766435;11.0289;35.9325;21.8486
-10.9214;-0.846088;10.9541;35.8199;21.7689
-10.8392;-0.913449;10.8776;35.7136;21.7016
-10.7714;-0.973758;10.8153;35.6232;21.6413
-10.698;-1.03108;10.7476;35.53;21.5839
-10.6146;-1.09327;10.6707;35.426;21.5218
-10.5264;-1.17629;10.5919;35.3055;21.4387
-10.4355;-1.24112;10.509;35.1939;21.3739
-10.3488;-1.29654;10.4297;35.0914;21.3185
-10.248;-1.3581;10.3376;34.9739;21.2569
-10.1516;-1.41266;10.2495;34.8642;21.2024
-10.0598;-1.47954;10.168;34.7506;21.1355
-9.96535;-1.53973;10.0836;34.6391;21.0753
-9.87565;-1.59554;10.0037;34.534;21.0195
-9.78922;-1.65057;9.92739;34.4319;20.9645
-9.695;-1.70512;9.8438;34.3239;20.9099
-9.60346;-1.75543;9.76258;34.2207;20.8596
-9.52105;-1.81681;9.69285;34.1179;20.7982
-9.43802;-1.87238;9.62196;34.0183;20.7426
-9.35474;-1.94084;9.55395;33.9105;20.6742
-9.27739;-2.01031;9.4927;33.8068;20.6047
-9.20503;-2.07303;9.43557;33.7112;20.542
-9.14384;-2.16382;9.39637;33.6074;20.4512
-9.06549;-2.24043;9.33823;33.4986;20.3746
-8.99224;-2.31601;9.28571;33.3945;20.299
-8.9229;-2.39736;9.23934;33.29;20.2177
-8.85965;-2.49258;9.20361;33.182;20.1224
-8.78905;-2.58991;9.1627;33.0668;20.0251
-8.71676;-2.66875;9.11615;32.9616;19.9463
-8.64978;-2.74788;9.07577;32.8604;19.8671
-8.5846;-2.82808;9.03844;32.76;19.7869
-8.52227;-2.90855;9.00493;32.6617;19.7065
-8.46209;-3.00189;8.97877;32.5574;19.6131
-8.39695;-3.09527;8.94927;32.4492;19.5198
-8.3344;-3.18178;8.92109;32.3472;19.4332
-8.26658;-3.26035;8.88629;32.2458;19.3547
-8.20512;-3.35093;8.863;32.1423;19.2641
-8.14819;-3.43619;8.8431;32.0456;19.1788
-8.09874;-3.52923;8.83431;31.9503;19.0858
-8.04324;-3.61583;8.81861;31.8541;18.9992
-8.00706;-3.69491;8.81846;31.7779;18.9201
-7.95836;-3.77983;8.81037;31.6883;18.8352
-7.89878;-3.85346;8.78862;31.5966;18.7616
-7.84075;-3.93731;8.77381;31.5001;18.6777
-7.78224;-4.0207;8.75952;31.4036;18.5943
-7.72382;-4.09689;8.74311;31.3114;18.5181
-7.67984;-4.17765;8.74258;31.2282;18.4374
-7.62816;-4.26555;8.73978;31.1346;18.3495
-7.57651;-4.35227;8.73761;31.0418;18.2628
-7.52376;-4.43822;8.73526;30.9486;18.1768
-7.47715;-4.524;8.73924;30.8606;18.091
-7.42103;-4.59657;8.72927;30.7726;18.0185
-7.36582;-4.68119;8.72747;30.6783;17.9338
-7.3161;-4.77907;8.7387;30.5808;17.836
-7.27391;-4.86917;8.75321;30.494;17.7458
-7.23504;-4.96568;8.77518;30.4063;17.6493
-7.18186;-5.05576;8.78293;30.3107;17.5593
-7.13462;-5.14656;8.79715;30.2196;17.4685
-7.09036;-5.23777;8.81518;30.1308;17.3773
-7.04167;-5.32649;8.82931;30.0399;17.2885
-6.99698;-5.41391;8.84693;29.9531;17.2011
-6.94823;-5.50583;8.86522;29.8604;17.1092
-6.90122;-5.59076;8.88164;29.7733;17.0243
-6.85555;-5.6802;8.90299;29.6847;16.9348
-6.81085;-5.77108;8.9271;29.5962;16.8439
-6.77147;-5.86474;8.95812;29.5105;16.7503
-6.72863;-5.94661;8.97979;29.4288;16.6684
-6.69024;-6.02992;9.00662;29.3501;16.5851
-6.64457;-6.1163;9.03103;29.2636;16.4987
-6.58602;-6.21992;9.05886;29.1569;16.3951
-6.53797;-6.31542;9.09009;29.0635;16.2996
-6.48426;-6.42691;9.12966;28.9565;16.1881
-6.44132;-6.52967;9.17209;28.8636;16.0854
-6.40457;-6.62164;9.2122;28.7818;15.9934
-6.35427;-6.70529;9.23784;28.6936;15.9097
-6.32246;-6.78818;9.27647;28.6212;15.8268
-6.28698;-6.87227;9.31419;28.5452;15.7428
-6.26231;-6.96184;9.36396;28.4753;15.6532
-6.23786;-7.05713;9.41881;28.4025;15.5579
-6.20665;-7.16177;9.47699;28.3192;15.4533
-6.17413;-7.2625;9.53224;28.2371;15.3525
-6.14558;-7.35746;9.58647;28.1615;15.2576
-6.10973;-7.44692;9.63252;28.083;15.1681
-6.07829;-7.53838;9.68364;28.0072;15.0766
-6.05394;-7.62047;9.73251;27.9425;14.9946
-6.03099;-7.71197;9.79017;27.8741;14.9031
-6.01038;-7.80129;9.84808;27.809;14.8137
-5.98585;-7.89166;9.90499;27.7402;14.7234
-5.95279;-7.98151;9.95692;27.6646;14.6335
-5.91638;-8.07521;10.0106;27.5842;14.5398
-5.88597;-8.172;10.0711;27.5074;14.443
-5.8687;-8.26927;10.1401;27.4417;14.3458
-5.84625;-8.36733;10.2074;27.3714;14.2477
-5.82199;-8.46444;10.2734;27.3002;14.1506
-5.79762;-8.56673;10.3441;27.2265;14.0483
-5.77751;-8.6634;10.4132;27.1595;13.9516
-5.74801;-8.76862;10.4847;27.0802;13.8464
-5.72954;-8.87177;10.5611;27.0117;13.7432
-5.72026;-8.98431;10.6508;26.9466;13.6307
-5.70994;-9.08355;10.7291;26.8877;13.5315
-5.69731;-9.18214;10.8061;26.8272;13.4329
-5.67842;-9.27859;10.8783;26.7627;13.3364
-5.65102;-9.36279;10.936;26.6971;13.2522
-5.64034;-9.45912;11.0131;26.6401;13.1559
-5.64203;-9.55457;11.0961;26.5945;13.0605
-5.63575;-9.66047;11.1842;26.5372;12.9546
-5.62832;-9.76213;11.2684;26.4812;12.8529
-5.62125;-9.86069;11.3504;26.4273;12.7543
-5.61415;-9.96018;11.4335;26.3732;12.6548
-5.60731;-10.0613;11.5183;26.3189;12.5537
-5.59645;-10.1389;11.5809;26.2724;12.4762
-5.59229;-10.2241;11.6536;26.2284;12.3909
-5.58767;-10.3254;11.7403;26.1766;12.2896
-5.58659;-10.4287;11.8308;26.1273;12.1863
-5.57509;-10.5212;11.907;26.0741;12.0939
-5.57571;-10.6164;11.9915;26.0306;11.9986
-5.57646;-10.7104;12.0752;25.9881;11.9046
-5.57598;-10.8154;12.1682;25.9397;11.7996
-5.57598;-10.9104;12.2527;25.8966;11.7046
-5.57735;-11.0313;12.3611;25.8434;11.5837
-5.5899;-11.1359;12.4602;25.808;11.4791
-5.599;-11.2357;12.5535;25.7719;11.3793
-5.60116;-11.3349;12.6433;25.7302;11.2801
-5.59887;-11.4352;12.7323;25.6843;11.1798
-5.6101;-11.5394;12.8309;25.6493;11.0756
-5.61236;-11.6357;12.9186;25.6099;10.9793
-5.61897;-11.7264;13.0032;25.5771;10.8886
-5.62978;-11.8251;13.0968;25.545;10.7899
-5.64895;-11.9338;13.2032;25.5167;10.6813
-5.66615;-12.0379;13.3048;25.489;10.5771
-5.69705;-12.1513;13.4205;25.4703;10.4637
-5.73222;-12.2608;13.5346;25.4576;10.3543
-5.75489;-12.3692;13.6424;25.4345;10.2458
-5.77099;-12.4747;13.7449;25.4069;10.1403
-5.78627;-12.5777;13.8448;25.38;10.0374
-5.79907;-12.6848;13.9475;25.3496;9.93022
-5.81571;-12.7874;14.0477;25.325;9.82767
-5.83818;-12.8906;14.151;25.3058;9.72446
-5.853;-12.9776;14.2364;25.2862;9.63739
-5.86638;-13.0671;14.3235;25.2647;9.54796
-5.88478;-13.1609;14.4166;25.2464;9.45414
