#1 AntPos X;#2 AntPos Y;#3 Distance form nest;#4 Total Distance;#5 Total Y Distance
14.998;3.97025;15.5146;0.10172;0.0706259
14.9284;4.04378;15.4664;0.202956;0.144157
14.8544;4.12136;15.4155;0.310149;0.221731
14.7803;4.1933;15.3636;0.413385;0.293675
14.7;4.25671;15.3039;0.515084;0.357086
14.6165;4.32152;15.2419;0.620346;0.421897
14.5331;4.39594;15.1834;0.732093;0.496316
14.453;4.46312;15.1264;0.83653;0.56349
14.3799;4.53001;15.0766;0.935566;0.630386
14.3044;4.5935;15.0239;1.03417;0.693877
14.2274;4.65834;14.9706;1.13477;0.758713
14.1623;4.73303;14.9322;1.2332;0.8334
14.0996;4.79941;14.8941;1.32425;0.899783
14.0398;4.87141;14.8609;1.4171;0.971785
13.9796;4.9477;14.8294;1.51329;1.04807
13.9171;5.02375;14.7961;1.61113;1.12412
13.8541;5.10069;14.7633;1.70996;1.20107
13.7912;5.1819;14.7326;1.81181;1.28228
13.7291;5.26187;14.7029;1.91234;1.36224
13.6734;5.34465;14.6808;2.01052;1.44503
13.6247;5.44435;14.6722;2.11628;1.54473
13.5714;5.54068;14.6588;2.22323;1.64105
13.5141;5.633;14.6411;2.33006;1.73338
13.4634;5.72185;14.6288;2.43016;1.82223
13.4044;5.81678;14.6121;2.54044;1.91716
13.3506;5.91202;14.601;2.64774;2.0124
13.2947;6.00736;14.589;2.75656;2.10774
13.2499;6.10039;14.5868;2.85668;2.20076
13.2045;6.18372;14.5807;2.94987;2.28409
13.1644;6.26057;14.5772;3.03484;2.36094
13.1195;6.34772;14.5745;3.13087;2.4481
13.0768;6.4325;14.5732;3.22388;2.53288
13.0335;6.51331;14.5704;3.31415;2.61369
13.0017;6.59821;14.5801;3.40079;2.69858
12.9654;6.68154;14.5858;3.48908;2.78191
12.9249;6.77471;14.5928;3.5879;2.87508
12.8963;6.87008;14.6121;3.68158;2.97046
12.8672;6.96627;14.6319;3.77654;3.06665
12.8376;7.06206;14.6519;3.8717;3.16243
12.8119;7.1585;14.6762;3.96545;3.25888
12.7852;7.25435;14.6999;4.05959;3.35473
12.7608;7.35125;14.7268;4.15356;3.45163
12.7348;7.45482;14.7563;4.25423;3.55519
12.7117;7.56099;14.7904;4.35582;3.66136
12.6908;7.66129;14.8241;4.45158;3.76167
12.6715;7.75403;14.8557;4.54042;3.85441
12.654;7.84257;14.8872;4.62494;3.94294
12.625;7.93588;14.912;4.71969;4.03626
12.6082;8.03086;14.9486;4.80974;4.13124
12.5751;8.12841;14.9734;4.91056;4.22878
12.5479;8.22484;15.0033;5.00745;4.32522
12.5221;8.32082;15.0346;5.10343;4.4212
12.496;8.41587;15.0657;5.1989;4.51625
12.4813;8.51424;15.1088;5.29174;4.61462
12.466;8.61451;15.1529;5.38677;4.71488
12.4507;8.71602;15.1983;5.48314;4.81639
12.4354;8.81643;15.2436;5.57877;4.9168
12.4186;8.9121;15.2855;5.67112;5.01247
12.4036;9.0076;15.3293;5.76261;5.10798
12.3911;9.09426;15.3703;5.84528;5.19464
12.3729;9.18094;15.4071;5.93071;5.28132
12.3613;9.28726;15.4614;6.03079;5.38763
12.3471;9.37756;15.5045;6.1179;5.47793
12.3317;9.47404;15.5508;6.21121;5.57441
12.3193;9.57332;15.6017;6.30587;5.67369
12.2951;9.68113;15.6491;6.4135;5.7815
12.2654;9.77942;15.6869;6.51496;5.8798
12.2373;9.88168;15.7289;6.61939;5.98205
12.2135;9.98075;15.7729;6.71914;6.08112
12.1942;10.088;15.8261;6.82451;6.18841
12.1625;10.2037;15.8758;6.9428;6.30408
12.1333;10.3104;15.9223;7.05192;6.41076
12.1045;10.415;15.9685;7.15905;6.51541
12.075;10.5245;16.0178;7.2709;6.62483
12.039;10.637;16.0649;7.38826;6.73734
12.0189;10.7318;16.1129;7.48304;6.83221
11.9992;10.8274;16.1621;7.57841;6.92782
11.9691;10.923;16.2041;7.67801;7.02342
11.9453;11.014;16.248;7.77079;7.11434
11.9211;11.1079;16.2941;7.86655;7.20826
11.9325;11.2146;16.3753;7.95994;7.31497
11.9174;11.3214;16.4378;8.06411;7.42182
11.8782;11.4207;16.478;8.1708;7.52106
11.8145;11.497;16.4853;8.26602;7.59742
11.7563;11.5729;16.4967;8.3587;7.67327
11.6886;11.6452;16.4995;8.45202;7.7456
11.6109;11.7081;16.4892;8.54089;7.80851
11.5311;11.7695;16.4769;8.62948;7.86991
11.4414;11.8197;16.4503;8.71231;7.92012
11.3485;11.8621;16.4164;8.78976;7.96248
11.2446;11.8979;16.3707;8.86656;7.99828
11.1549;11.929;16.332;8.93359;8.02942
11.057;11.9374;16.2714;8.98447;8.0378
10.9671;11.938;16.2109;9.02552;8.0384
10.8731;11.939;16.1482;9.06955;8.03942
10.7785;11.9416;16.0866;9.11593;8.04195
10.6807;11.9453;16.024;9.16573;8.04571
10.5851;11.9453;15.9604;9.21188;8.04571
10.4898;11.9417;15.8947;9.2555;8.04207
10.3884;11.9352;15.823;9.30048;8.03553
10.2853;11.9268;15.7492;9.34567;8.02722
10.1836;11.9126;15.6721;9.38595;8.01294
10.0855;11.908;15.605;9.43352;8.00835
9.98985;11.9041;15.5404;9.48114;8.00446
9.89627;11.8907;15.4701;9.52039;7.99109
9.79188;11.8832;15.3977;9.57123;7.98353
9.68676;11.8656;15.3175;9.61508;7.966
9.58482;11.8473;15.239;9.65749;7.94772
9.4976;11.8039;15.1505;9.67176;7.90426
9.40917;11.7614;15.062;9.6885;7.8618
9.3209;11.7121;14.9684;9.70056;7.81245
9.2302;11.6628;14.8734;9.71517;7.76316
9.13956;11.6156;14.7802;9.73248;7.71598
9.05542;11.5803;14.7005;9.75619;7.6807
8.96924;11.544;14.6189;9.78116;7.64438
8.8759;11.508;14.5333;9.81171;7.60837
8.78404;11.4844;14.4586;9.8518;7.58478
8.7004;11.4688;14.3955;9.89344;7.56918
8.60641;11.45;14.3238;9.93991;7.55034
8.50894;11.4402;14.2577;9.99624;7.54062
8.4296;11.4254;14.1985;10.0374;7.52576
8.35089;11.4003;14.1317;10.0709;7.50068
8.27652;11.374;14.0666;10.1012;7.4744
8.19313;11.3437;13.9931;10.1352;7.44404
8.10466;11.3118;13.9155;10.1722;7.41216
8.00908;11.2784;13.8328;10.2137;7.37875
7.9179;11.2462;13.7539;10.2539;7.34653
7.82274;11.197;13.659;10.2855;7.29738
7.73184;11.1545;13.5722;10.3199;7.25485
7.63243;11.1069;13.4766;10.3576;7.20728
7.53082;11.069;13.3879;10.4047;7.16941
7.42193;11.0273;13.2923;10.4554;7.12763
7.32629;10.9974;13.2143;10.5054;7.09778
7.24054;10.967;13.1416;10.5484;7.06742
7.15433;10.9319;13.0649;10.5892;7.03227
7.06493;10.8973;12.9871;10.6334;6.99772
6.97113;10.8601;12.905;10.6799;6.96046
6.88101;10.8269;12.8285;10.7269;6.92724
6.7891;10.7929;12.7506;10.7755;6.89323
6.69149;10.7611;12.6719;10.8305;6.86152
6.59493;10.7381;12.6015;10.8909;6.83842
6.49867;10.7151;12.5318;10.9517;6.81543
6.40402;10.6918;12.463;11.0116;6.79217
6.31019;10.6788;12.4038;11.0776;6.77915
6.21854;10.6686;12.3487;11.144;6.76898
6.12031;10.6582;12.2904;11.2159;6.75855
6.02043;10.6584;12.2412;11.2959;6.75877
5.91372;10.6642;12.1942;11.3851;6.76461
5.81534;10.6674;12.1496;11.4662;6.7678
5.71294;10.6761;12.1085;11.5541;6.77646
5.62582;10.6861;12.0765;11.6307;6.78647
5.52953;10.6974;12.042;11.7156;6.7978
5.4331;10.6828;11.985;11.7858;6.78314
5.32718;10.6614;11.9182;11.8604;6.76174
5.2206;10.6361;11.8482;11.9338;6.73643
5.11878;10.6118;11.7819;12.0044;6.7122
5.01519;10.5915;11.7188;12.0791;6.69184
4.9076;10.576;11.6592;12.1603;6.67638
4.80429;10.5607;11.6021;12.2385;6.66104
4.70952;10.5482;11.5518;12.3114;6.64862
4.61293;10.5365;11.502;12.3864;6.63684
4.52924;10.5346;11.467;12.4562;6.635
4.43355;10.5394;11.4339;12.5398;6.63976
4.32957;10.5524;11.4061;12.635;6.65279
4.22829;10.5666;11.3812;12.7286;6.66697
4.12885;10.5814;11.3584;12.8212;6.68181
4.0382;10.5916;11.3353;12.9039;6.69201
3.94482;10.5981;11.3085;12.9872;6.69851
3.84588;10.6055;11.2813;13.0759;6.70591
3.75004;10.6181;11.2609;13.1647;6.71851
3.65249;10.6314;11.2413;13.2554;6.73175
3.55467;10.6459;11.2236;13.347;6.74624
3.44788;10.6694;11.2127;13.4511;6.76978
3.34155;10.6793;11.1899;13.5481;6.77968
3.23869;10.6888;11.1687;13.6419;6.78921
3.1352;10.6944;11.1445;13.7346;6.7948
3.0361;10.6928;11.1155;13.82;6.79322
2.94151;10.6915;11.0887;13.9018;6.79184
2.84584;10.6872;11.0596;13.9833;6.78761
2.75057;10.6863;11.0346;14.0662;6.78663
2.65582;10.6998;11.0244;14.1557;6.80013
2.55729;10.717;11.0179;14.2505;6.81736
2.45936;10.7374;11.0155;14.3462;6.83778
2.36225;10.7626;11.0188;14.4437;6.863
2.26515;10.7879;11.0231;14.5411;6.88827
2.1856;10.8209;11.0394;14.6268;6.92128
2.10288;10.8568;11.0586;14.7167;6.95718
2.02125;10.8974;11.0833;14.8078;6.99782
1.93679;10.9246;11.0949;14.8951;7.02494
1.85592;10.9499;11.1061;14.9784;7.0503
1.7668;10.98;11.1212;15.0711;7.08034
1.66419;11.002;11.1272;15.1721;7.10242
1.56118;11.0132;11.1233;15.2684;7.11356
1.46258;11.0097;11.1064;15.3541;7.11006
1.35656;10.9881;11.0715;15.4382;7.08846
1.25434;10.9613;11.0328;15.5169;7.06164
1.15129;10.9373;10.9978;15.5979;7.03771
1.05001;10.9201;10.9704;15.6806;7.02044
0.958667;10.9167;10.9587;15.7608;7.01705
0.853694;10.9208;10.9541;15.8567;7.02113
0.751218;10.9292;10.955;15.9524;7.02961
0.648133;10.9536;10.9728;16.0557;7.05398
0.548778;10.9686;10.9824;16.1516;7.06902
0.455849;10.9917;11.0012;16.2452;7.0921
0.364581;11.0126;11.0186;16.3365;7.11296
0.275007;11.0347;11.0381;16.4267;7.13508
0.179717;11.0614;11.0628;16.5242;7.16176
0.083987;11.0883;11.0886;16.6221;7.18863
-0.0121696;11.1158;11.1159;16.7207;7.21622
-0.111269;11.1374;11.138;16.8195;7.23779
-0.19302;11.167;11.1686;16.906;7.26733
-0.289458;11.1998;11.2035;17.0072;7.30015
-0.383313;11.2356;11.2421;17.1073;7.33594
-0.476806;11.2714;11.2815;17.2071;7.3718
-0.564028;11.2994;11.3135;17.2979;7.3998
-0.668579;11.3455;11.3651;17.4121;7.44583
-0.770102;11.3975;11.4235;17.5261;7.49784
-0.857756;11.4477;11.4798;17.6269;7.54804
-0.948444;11.5002;11.5392;17.7313;7.60057
-1.03619;11.5532;11.5995;17.8333;7.65353
-1.11271;11.6121;11.6653;17.9277;7.7125
-1.19061;11.6896;11.7501;18.0314;7.78995
-1.26076;11.76;11.8274;18.1251;7.86038
-1.33869;11.8385;11.9139;18.2294;7.93887
-1.40735;11.9132;11.9961;18.3238;8.01362
-1.48203;11.9776;12.069;18.4192;8.07802
-1.56254;12.0456;12.1465;18.5213;8.14596
-1.63987;12.1154;12.2259;18.6215;8.21578
-1.71413;12.1923;12.3122;18.7221;8.29267
-1.78544;12.2623;12.3916;18.8171;8.36266
-1.85928;12.3306;12.47;18.9136;8.43095
-1.9425;12.4063;12.5574;19.0218;8.50666
-2.01947;12.4761;12.6385;19.1219;8.57644
-2.09606;12.5414;12.7153;19.2197;8.64174
-2.17229;12.6043;12.7901;19.3161;8.70467
-2.24595;12.68;12.8773;19.416;8.78035
-2.31921;12.7504;12.9596;19.5132;8.85077
-2.39361;12.8102;13.0319;19.6066;8.9106
-2.47029;12.8732;13.1081;19.7036;8.9736
-2.54184;12.9413;13.1886;19.7983;9.04169
-2.61739;13.0128;13.2734;19.8982;9.1132
-2.69101;13.0791;13.353;19.994;9.17945
-2.76794;13.1643;13.4522;20.1015;9.26472
-2.83675;13.2471;13.5474;20.2008;9.34745
-2.90166;13.327;13.6393;20.2954;9.42742
-2.9693;13.4092;13.734;20.3935;9.5096
-3.03652;13.4908;13.8283;20.491;9.59115
-3.09957;13.5695;13.919;20.5836;9.66989
-3.15427;13.6375;13.9975;20.6639;9.73789
-3.21902;13.7098;14.0827;20.7551;9.81021
-3.29195;13.7879;14.1755;20.8563;9.88831
-3.36395;13.8678;14.2699;20.9576;9.96815
-3.42324;13.9285;14.343;21.0386;10.0289
-3.49443;13.992;14.4218;21.1315;10.0924
-3.56665;14.0604;14.5057;21.2276;10.1607
-3.64015;14.1262;14.5877;21.3237;10.2266
-3.72096;14.207;14.6862;21.4334;10.3074
-3.7948;14.2823;14.7778;21.5343;10.3826
-3.86953;14.3556;14.8679;21.6352;10.456
-3.94418;14.4276;14.957;21.7353;10.5279
-4.0153;14.4975;15.0433;21.8314;10.5979
-4.08306;14.5711;15.1324;21.9264;10.6715
-4.14976;14.6433;15.22;22.0199;10.7437
-4.22366;14.722;15.3158;22.1228;10.8223
-4.28586;14.7987;15.4068;22.2146;10.8991
-4.34482;14.8746;15.4962;22.3032;10.975
-4.39918;14.947;15.581;22.3862;11.0474
-4.45597;15.0222;15.6692;22.4727;11.1226
-4.53206;15.105;15.7703;22.5799;11.2054
-4.59349;15.1886;15.868;22.6747;11.289
-4.64671;15.2736;15.9648;22.7632;11.374
-4.69606;15.3479;16.0503;22.8432;11.4483
-4.7397;15.4193;16.1313;22.9167;11.5197
-4.79407;15.4991;16.2236;23.0039;11.5995
-4.85015;15.5892;16.3262;23.0978;11.6895
-4.90834;15.6757;16.4262;23.1918;11.7761
-4.97505;15.7625;16.529;23.2934;11.8629
-5.03773;15.8462;16.6277;23.39;11.9466
-5.09495;15.916;16.7116;23.4748;12.0163
-5.15144;15.9951;16.8042;23.5639;12.0955
-5.20725;16.0744;16.8968;23.6525;12.1748
-5.26567;16.1503;16.987;23.7417;12.2507
-5.32157;16.2342;17.0842;23.8329;12.3346
-5.38153;16.32;17.1844;23.9287;12.4204
-5.44436;16.4033;17.2832;24.0256;12.5036
-5.50591;16.4845;17.3797;24.1205;12.5849
-5.56512;16.5648;17.4747;24.213;12.6652
-5.62094;16.637;17.5609;24.2983;12.7374
-5.67571;16.7131;17.6505;24.3848;12.8134
-5.73006;16.7949;17.7455;24.4741;12.8953
-5.78446;16.8797;17.8433;24.5651;12.9801
-5.84259;16.9624;17.9405;24.6582;13.0628
-5.90293;17.0333;18.0271;24.7469;13.1337
-5.95223;17.1026;18.1088;24.8255;13.203
-6.01507;17.1553;18.1793;24.9067;13.2557
-6.08073;17.2172;18.2594;24.9953;13.3175
-6.1562;17.2841;18.3477;25.0948;13.3844
-6.22623;17.3504;18.4337;25.1894;13.4508
-6.29762;17.4181;18.5216;25.2859;13.5185
-6.3717;17.4925;18.6168;25.3883;13.5928
-6.44611;17.5647;18.7102;25.4898;13.6651
-6.51666;17.6382;18.8036;25.5888;13.7386
-6.58788;17.7176;18.9028;25.6915;13.818
-6.65912;17.7841;18.99;25.7874;13.8845
-6.73105;17.8498;19.0767;25.8833;13.9501
-6.79899;17.9109;19.1579;25.9735;14.0113
-6.86381;17.9607;19.2275;26.0549;14.061
-6.9317;18.0121;19.2999;26.1399;14.1125
-7.0016;18.0588;19.3686;26.2239;14.1592
-7.07781;18.107;19.4412;26.3141;14.2074
-7.15876;18.1577;19.518;26.4096;14.2581
-7.24098;18.2091;19.596;26.5065;14.3094
-7.31779;18.2563;19.6683;26.5967;14.3566
-7.40367;18.306;19.7465;26.6958;14.4063
-7.51311;18.3592;19.837;26.8166;14.4596
-7.60512;18.4026;19.9121;26.9175;14.5029
-7.69833;18.4445;19.9866;27.0187;14.5449
-7.80235;18.4944;20.0729;27.1332;14.5948
-7.89293;18.5458;20.1556;27.2372;14.6462
-7.99154;18.6063;20.2499;27.3528;14.7067
-8.08282;18.6695;20.344;27.4638;14.7698
-8.17593;18.7419;20.4476;27.5812;14.8423
-8.27189;18.8128;20.551;27.7002;14.9131
-8.36241;18.8784;20.6476;27.8119;14.9788
-8.44588;18.9346;20.7329;27.9125;15.035
-8.52778;18.9916;20.8184;28.0122;15.092
-8.61138;19.0474;20.9036;28.1127;15.1478
-8.69788;19.1004;20.9876;28.2141;15.2008
-8.79532;19.1499;21.0731;28.3228;15.2502
-8.89576;19.1984;21.1592;28.4336;15.2987
-8.99914;19.2437;21.2439;28.5451;15.3441
-9.10178;19.2962;21.3351;28.6599;15.3966
-9.19399;19.3395;21.4136;28.7609;15.4398
-9.28602;19.3791;21.489;28.8598;15.4795
-9.38388;19.431;21.5783;28.9703;15.5314
-9.48144;19.4809;21.6657;29.0794;15.5813
-9.56072;19.5247;21.7399;29.1698;15.6251
-9.64288;19.5703;21.817;29.2636;15.6707
-9.73249;19.6074;21.89;29.3591;15.7078
-9.8324;19.6436;21.967;29.4629;15.744
-9.9307;19.6908;22.0533;29.5712;15.7912
-10.0216;19.7257;22.1254;29.6667;15.8261
-10.1063;19.7563;22.1912;29.7547;15.8567
-10.2002;19.7924;22.2662;29.8535;15.8928
-10.2991;19.839;22.353;29.9619;15.9394
-10.3908;19.8815;22.433;30.0622;15.9818
-10.483;19.9253;22.5147;30.1636;16.0257
-10.575;19.9682;22.5956;30.2643;16.0686
-10.6725;20.0113;22.6794;30.3698;16.1117
-10.7556;20.0456;22.7488;30.4585;16.146
-10.8386;20.0631;22.8036;30.5382;16.1634
-10.9252;20.0743;22.8547;30.6176;16.1747
-11.0026;20.0857;22.9018;30.6893;16.186
-11.0932;20.1089;22.9658;30.7785;16.2092
-11.1883;20.1338;23.0336;30.8725;16.2342
-11.2845;20.1621;23.1052;30.9692;16.2625
-11.3816;20.1931;23.1798;31.0682;16.2935
-11.4724;20.2347;23.2607;31.1673;16.3351
-11.5587;20.2873;23.349;31.2683;16.3877
-11.6487;20.333;23.4333;31.3689;16.4333
-11.7292;20.3751;23.51;31.4596;16.4755
-11.8141;20.4194;23.5908;31.5551;16.5198
-11.9092;20.4583;23.6722;31.6565;16.5587
-12.0043;20.4911;23.7484;31.7547;16.5914
-12.089;20.521;23.8171;31.8425;16.6214
-12.1786;20.5537;23.8908;31.936;16.654
-12.2725;20.5889;23.9691;32.0345;16.6893
-12.3661;20.6296;24.052;32.1357;16.73
-12.4546;20.6743;24.136;32.2345;16.7747
-12.535;20.7187;24.2155;32.3262;16.8191
-12.6158;20.7571;24.2903;32.4153;16.8575
-12.6978;20.794;24.3644;32.5044;16.8944
-12.7884;20.8329;24.4449;32.6021;16.9333
-12.8762;20.8666;24.5197;32.6947;16.967
-12.9667;20.9011;24.5966;32.7899;17.0015
-13.0614;20.9465;24.6851;32.8944;17.0468
-13.1546;20.99;24.7714;32.9966;17.0904
-13.2436;21.0279;24.8509;33.0924;17.1283
-13.3283;21.064;24.9266;33.1836;17.1644
-13.4141;21.0999;25.0029;33.2756;17.2003
-13.5056;21.1402;25.086;33.3747;17.2406
-13.6113;21.18;25.1766;33.4858;17.2803
-13.7113;21.2257;25.2691;33.595;17.3261
-13.804;21.2744;25.3605;33.6996;17.3748
-13.8958;21.3201;25.4488;33.8018;17.4205
-13.9943;21.3638;25.5393;33.9088;17.4642
-14.0893;21.4018;25.6231;34.0097;17.5022
-14.1875;21.4428;25.7114;34.115;17.5431
-14.2862;21.487;25.8028;34.2224;17.5873
-14.3948;21.5384;25.9059;34.342;17.6388
-14.4939;21.581;25.9964;34.4489;17.6814
-14.5829;21.6265;26.0838;34.5486;17.7268
-14.6722;21.6714;26.1711;34.6484;17.7718
-14.749;21.7231;26.257;34.7408;17.8235
-14.84;21.7692;26.3463;34.8426;17.8696
-14.9326;21.8127;26.4344;34.9443;17.9131
-15.0386;21.8578;26.5316;35.0586;17.9582
-15.1412;21.8994;26.6241;35.1679;17.9998
-15.2388;21.9395;26.7126;35.2723;18.0399
-15.3276;21.9805;26.7969;35.3696;18.0809
-15.4174;22.0221;26.8825;35.4681;18.1225
-15.5069;22.0656;26.9696;35.5672;18.166
-15.597;22.1075;27.0556;35.666;18.2078
-15.6884;22.1518;27.1446;35.7672;18.2522
-15.7772;22.197;27.2328;35.8667;18.2974
-15.8479;22.2317;27.3021;35.9452;18.332
-15.9286;22.2709;27.3809;36.0346;18.3713
-16.0082;22.3106;27.4596;36.1234;18.411
-16.0827;22.357;27.5407;36.2111;18.4573
-16.1558;22.4075;27.6244;36.2998;18.5079
-16.2373;22.4653;27.7189;36.3993;18.5656
-16.3156;22.5171;27.8069;36.4931;18.6175
-16.3965;22.5694;27.8967;36.5893;18.6698
-16.4623;22.6275;27.9824;36.6756;18.7279
-16.5369;22.6807;28.0693;36.7669;18.7811
-16.6184;22.7385;28.164;36.8665;18.8389
-16.7;22.7962;28.2588;36.9661;18.8966
-16.7805;22.8593;28.3573;37.0676;18.9597
-16.8476;22.9206;28.4464;37.1566;19.021
-16.9182;22.9853;28.5403;37.2503;19.0856
-16.9935;23.0596;28.6447;37.353;19.16
-17.0632;23.1209;28.7355;37.4444;19.2213
-17.1351;23.1846;28.8295;37.5388;19.285
-17.2041;23.2392;28.9144;37.6261;19.3396
-17.2764;23.306;29.011;37.7223;19.4063
-17.3549;23.3766;29.1146;37.8261;19.477
-17.4337;23.4405;29.2128;37.9265;19.5408
-17.5099;23.5023;29.3079;38.0236;19.6026
-17.5959;23.5653;29.4098;38.1298;19.6657
-17.6797;23.6279;29.5102;38.2339;19.7283
-17.7577;23.6945;29.6103;38.3351;19.7949
-17.8346;23.7532;29.7033;38.4312;19.8535
-17.9011;23.8078;29.7869;38.5163;19.9081
-17.9788;23.8783;29.89;38.6194;19.9787
-18.0557;23.9465;29.9908;38.7205;20.0469
-18.1359;24.0166;30.095;38.8254;20.117
-18.2168;24.0874;30.2003;38.9312;20.1878
-18.2932;24.1537;30.2992;39.031;20.2541
-18.3652;24.2153;30.3917;39.1244;20.3156
-18.4483;24.2761;30.4905;39.227;20.3765
-18.5314;24.3498;30.5995;39.3363;20.4502
-18.621;24.4203;30.7098;39.4495;20.5206
-18.7117;24.4849;30.8162;39.5606;20.5853
-18.7961;24.5476;30.9172;39.6653;20.648
-18.8712;24.6208;31.0211;39.7676;20.7212
-18.9435;24.6935;31.1228;39.8671;20.7939
-19.0095;24.7679;31.222;39.9623;20.8683
-19.0762;24.8376;31.3178;40.0555;20.938
-19.1369;24.9076;31.4103;40.1439;21.008
-19.1842;24.9786;31.4955;40.2214;21.079
-19.2228;25.0441;31.5709;40.2886;21.1445
-19.2678;25.1215;31.6597;40.3676;21.2219
-19.3205;25.2069;31.7596;40.4573;21.3073
-19.3668;25.3054;31.8659;40.5486;21.4058
-19.4116;25.3907;31.9609;40.6317;21.4911
-19.4583;25.4795;32.0598;40.7183;21.5799
-19.5033;25.5762;32.164;40.8077;21.6766
-19.5444;25.6756;32.2679;40.8954;21.7759
-19.598;25.7795;32.3831;40.9962;21.8799
-19.6476;25.873;32.4875;41.088;21.9734
-19.6958;25.9627;32.5881;41.1767;22.063
-19.7471;26.0433;32.6834;41.2633;22.1437
-19.8097;26.122;32.7839;41.3584;22.2224
-19.8732;26.2003;32.8846;41.454;22.3007
-19.934;26.2808;32.9855;41.5485;22.3811
-19.9939;26.3623;33.0866;41.6429;22.4626
-20.0557;26.4545;33.1975;41.7448;22.5549
-20.1149;26.5378;33.2996;41.8396;22.6382
-20.1687;26.6148;33.3935;41.9265;22.7152
-20.2241;26.6919;33.4884;42.0149;22.7923
-20.2846;26.7621;33.5808;42.1037;22.8624
-20.3274;26.8347;33.6646;42.1791;22.9351
-20.3645;26.9183;33.7537;42.2558;23.0187
-20.4014;27.0079;33.8474;42.3356;23.1083
-20.4389;27.0916;33.9367;42.4127;23.192
-20.4702;27.1716;34.0195;42.4827;23.272
-20.504;27.2581;34.109;42.5584;23.3585
-20.542;27.357;34.2108;42.6445;23.4574
-20.5745;27.4555;34.3091;42.7258;23.5559
-20.6074;27.5527;34.4066;42.8069;23.653
-20.6399;27.6483;34.5027;42.8869;23.7487
-20.6825;27.7456;34.6061;42.9763;23.8459
-20.7194;27.8413;34.7049;43.0601;23.9417
-20.7575;27.9418;34.8084;43.1478;24.0422
-20.7913;28.0297;34.899;43.2248;24.1301
-20.8206;28.1248;34.9929;43.3022;24.2252
-20.8407;28.2173;35.0792;43.3707;24.3177
-20.8637;28.3217;35.1768;43.4483;24.422
-20.8825;28.4197;35.267;43.519;24.5201
-20.897;28.5133;35.351;43.5838;24.6136
-20.9168;28.6008;35.4333;43.6496;24.7012
-20.9386;28.6909;35.5189;43.7186;24.7913
-20.9644;28.7942;35.6176;43.7985;24.8946
-21.0078;28.905;35.7327;43.8972;25.0053
-21.0316;29.0063;35.8287;43.9746;25.1067
-21.049;29.1067;35.9202;44.0462;25.2071
-21.068;29.2198;36.0231;44.1266;25.3202
-21.0863;29.3255;36.1195;44.2023;25.4258
-21.1006;29.412;36.1981;44.2638;25.5123
-21.1161;29.5044;36.2822;44.3297;25.6048
-21.135;29.6069;36.3765;44.4044;25.7072
-21.1644;29.7142;36.481;44.4906;25.8145
-21.1915;29.8161;36.5798;44.5719;25.9165
-21.2174;29.9221;36.6812;44.6546;26.0225

-21.2488;-29.9827;36.7488;44.7356;26.1176
-21.2816;-29.8908;36.6929;44.816;26.2096
-21.315;-29.7961;36.6352;44.8985;26.3043
-21.3545;-29.6957;36.5766;44.9893;26.4047
-21.3886;-29.602;36.5205;45.072;26.4984
-21.4145;-29.4953;36.4493;45.1557;26.6051
-21.4412;-29.3888;36.3789;45.2401;26.7116
-21.4627;-29.2778;36.302;45.323;26.8225
-21.4879;-29.1568;36.2194;45.4151;26.9436
-21.4994;-29.0367;36.1297;45.4957;27.0637
-21.5219;-28.9309;36.0581;45.5768;27.1695
-21.5569;-28.8327;36.0003;45.6635;27.2677
-21.5875;-28.74;35.9445;45.7433;27.3604
-21.6181;-28.6473;35.8888;45.8234;27.4531
-21.646;-28.5618;35.8375;45.897;27.5386
-21.6732;-28.4734;35.7835;45.9717;27.627
-21.7057;-28.3706;35.7216;46.0595;27.7297
-21.7351;-28.2662;35.6566;46.1459;27.8341
-21.7609;-28.1722;35.5979;46.2233;27.9282
-21.7864;-28.079;35.5398;46.2999;28.0214
-21.8143;-27.9888;35.4857;46.3768;28.1116
-21.8433;-27.8958;35.4303;46.4562;28.2045
-21.872;-27.8013;35.3737;46.5365;28.2991
-21.8934;-27.7239;35.3261;46.6005;28.3765
-21.9212;-27.6364;35.2747;46.6759;28.464
-21.9406;-27.5494;35.2187;46.7443;28.551
-21.9494;-27.4578;35.1527;46.8073;28.6426
-21.9592;-27.3621;35.084;46.8737;28.7383
-21.9791;-27.2602;35.0171;46.952;28.8402
-22.0075;-27.1772;34.9704;47.0253;28.9232
-22.0262;-27.0888;34.9136;47.0945;29.0115
-22.0365;-26.9853;34.8399;47.1664;29.115
-22.054;-26.8841;34.7726;47.2428;29.2163
-22.0657;-26.7798;34.6994;47.3165;29.3206
-22.0738;-26.686;34.6323;47.381;29.4144
-22.0812;-26.5829;34.5577;47.4508;29.5174
-22.0936;-26.4803;34.4867;47.5244;29.62
-22.105;-26.3787;34.4161;47.5968;29.7217
-22.1018;-26.2835;34.3411;47.6537;29.8169
-22.1042;-26.1922;34.2729;47.7128;29.9081
-22.1091;-26.0932;34.2004;47.7788;30.0072
-22.1168;-26.0008;34.135;47.8428;30.0996
-22.1065;-25.9137;34.062;47.8897;30.1867
-22.093;-25.8204;33.9823;47.9381;30.28
-22.0701;-25.7341;33.9019;47.9749;30.3663
-22.0452;-25.6443;33.8174;48.0125;30.4561
-22.0235;-25.5426;33.7263;48.0603;30.5577
-21.9937;-25.4445;33.6325;48.0998;30.6559
-21.9587;-25.3505;33.5385;48.1328;30.7498
-21.9214;-25.2547;33.4417;48.1655;30.8457
-21.8906;-25.1551;33.3464;48.2057;30.9453
-21.8613;-25.0568;33.2529;48.2464;31.0436
-21.8322;-24.9597;33.1607;48.2867;31.1406
-21.8005;-24.859;33.0641;48.3275;31.2413
-21.7726;-24.7577;32.9695;48.3718;31.3427
-21.7439;-24.6601;32.8773;48.4133;31.4403
-21.7;-24.5683;32.7794;48.4396;31.5321
-21.6549;-24.4779;32.6818;48.4644;31.6225
-21.6087;-24.3903;32.5856;48.4866;31.7101
-21.5583;-24.3188;32.4987;48.4953;31.7816
-21.5008;-24.2398;32.4014;48.5037;31.8606
-21.4416;-24.1652;32.3063;48.5082;31.9352
-21.3921;-24.0773;32.2077;48.5288;32.023
-21.3527;-23.9946;32.1198;48.5539;32.1057
-21.3236;-23.9071;32.0351;48.59;32.1933
-21.2966;-23.8186;31.9511;48.6285;32.2818
-21.2691;-23.7263;31.864;48.6693;32.3741
-21.2471;-23.6282;31.7762;48.7182;32.4722
-21.2253;-23.5298;31.6885;48.7677;32.5706
-21.1957;-23.4278;31.593;48.8138;32.6726
-21.1774;-23.3232;31.5032;48.8704;32.7772
-21.1567;-23.2233;31.4154;48.9221;32.8771
-21.1392;-23.1284;31.3335;48.9729;32.9719
-21.1221;-23.0338;31.2522;49.024;33.0666
-21.1054;-22.9358;31.1687;49.0779;33.1646
-21.0922;-22.8323;31.0837;49.1381;33.268
-21.0818;-22.7393;31.0084;49.1936;33.3611
-21.0714;-22.6439;30.9314;49.2507;33.4565
-21.0676;-22.5507;30.8607;49.3112;33.5496
-21.0523;-22.4608;30.7845;49.3612;33.6396
-21.0389;-22.3675;30.7073;49.4151;33.7329
-21.0386;-22.2793;30.6429;49.4751;33.8211
-21.0407;-22.185;30.5759;49.5411;33.9154
-21.0389;-22.0918;30.5071;49.6037;34.0086
-21.0429;-22.0038;30.4462;49.667;34.0966
-21.0506;-21.9118;30.3851;49.7358;34.1886
-21.0583;-21.8157;30.3213;49.8074;34.2846
-21.0711;-21.7048;30.2505;49.8931;34.3956
-21.0854;-21.6138;30.1952;49.9662;34.4865
-21.1016;-21.5176;30.1377;50.0444;34.5828
-21.1202;-21.4112;30.075;50.1314;34.6892
-21.1469;-21.3159;30.0259;50.2167;34.7845
-21.1644;-21.2212;29.9712;50.2949;34.8792
-21.1755;-21.1268;29.9122;50.3684;34.9736
-21.1972;-21.0268;29.8572;50.4535;35.0735
-21.2057;-20.9449;29.8056;50.5166;35.1555
-21.2158;-20.845;29.7426;50.5934;35.2554
-21.2287;-20.7336;29.6738;50.6803;35.3668
-21.2411;-20.6293;29.61;50.762;35.4711
-21.2489;-20.5266;29.5441;50.8394;35.5738
-21.2812;-20.4254;29.4972;50.9333;35.675
-21.3086;-20.3266;29.4487;51.0221;35.7738
-21.3404;-20.226;29.4025;51.1153;35.8743
-21.3714;-20.1292;29.3586;51.2054;35.9711
-21.4011;-20.0395;29.3187;51.2896;36.0609
-21.4279;-19.949;29.2766;51.3722;36.1514
-21.4567;-19.8635;29.2396;51.4529;36.2368
-21.4857;-19.7577;29.1891;51.548;36.3427
-21.5092;-19.6547;29.1368;51.6374;36.4457
-21.5342;-19.554;29.0875;51.7261;36.5463
-21.5587;-19.4557;29.0397;51.813;36.6447
-21.5838;-19.3581;28.993;51.8998;36.7423
-21.6109;-19.26;28.9478;51.9884;36.8404
-21.6372;-19.1626;28.9029;52.076;36.9377
-21.6638;-19.071;28.8621;52.1597;37.0293
-21.6878;-18.9675;28.8119;52.2501;37.1329
-21.7144;-18.8585;28.7604;52.3464;37.2419
-21.7496;-18.7417;28.7105;52.4543;37.3587
-21.7838;-18.6313;28.6646;52.5569;37.4691
-21.8258;-18.5363;28.635;52.6541;37.5641
-21.8618;-18.4476;28.6051;52.7426;37.6528
-21.8896;-18.3629;28.5718;52.8226;37.7375
-21.911;-18.2771;28.5332;52.8988;37.8233
-21.9353;-18.1885;28.4952;52.9792;37.9119
-21.9635;-18.0987;28.4598;53.0632;38.0017
-21.9727;-17.9901;28.3979;53.1474;38.1103
-21.9665;-17.8794;28.3232;53.2225;38.2209
-21.9693;-17.7765;28.2605;53.2985;38.3239
-21.9789;-17.6687;28.2003;53.3827;38.4317
-21.9856;-17.556;28.135;53.4685;38.5444
-21.9801;-17.4659;28.0746;53.5296;38.6344
-21.976;-17.369;28.0112;53.5969;38.7314
-21.9669;-17.278;27.9477;53.6563;38.8223
-21.9625;-17.1987;27.8953;53.7107;38.9017
-21.9627;-17.1121;27.8421;53.7736;38.9883
-21.9561;-17.0256;27.7838;53.8318;39.0748
-21.9518;-16.9267;27.7199;53.9007;39.1737
-21.9498;-16.8249;27.6563;53.9734;39.2755
-21.9251;-16.7237;27.5752;54.0301;39.3767
-21.9015;-16.6258;27.4972;54.0853;39.4745
-21.8753;-16.5364;27.4223;54.1327;39.564
-21.8664;-16.4666;27.3732;54.1778;39.6338
-21.8526;-16.3714;27.3049;54.238;39.7289
-21.8405;-16.2693;27.2342;54.3046;39.831
-21.829;-16.1694;27.1653;54.3701;39.931
-21.8152;-16.076;27.0987;54.4294;40.0244
-21.8107;-15.9827;27.0399;54.495;40.1176
-21.8077;-15.8988;26.9879;54.5547;40.2016
-21.8059;-15.8074;26.9327;54.6209;40.293
-21.799;-15.7091;26.8696;54.6889;40.3913
-21.7834;-15.6025;26.7947;54.7571;40.4979
-21.7779;-15.4986;26.7299;54.8303;40.6018
-21.7724;-15.3964;26.6662;54.9023;40.7039
-21.7671;-15.2965;26.6043;54.9729;40.8038
-21.7643;-15.1925;26.5424;55.0483;40.9079
-21.761;-15.09;26.4811;55.1223;41.0103
-21.7521;-14.9957;26.4202;55.1865;41.1046
-21.745;-14.9081;26.3647;55.2471;41.1923
-21.7416;-14.8007;26.3013;55.3249;41.2997
-21.7425;-14.6966;26.2436;55.4034;41.4038
-21.7418;-14.598;26.188;55.4765;41.5023
-21.7389;-14.4975;26.1297;55.5498;41.6028
-21.7487;-14.3898;26.0782;55.6371;41.7106
-21.7628;-14.2752;26.0269;55.7323;41.8251
-21.7835;-14.1686;25.986;55.8261;41.9318
-21.8091;-14.0608;25.9489;55.924;42.0396
-21.8268;-13.947;25.9023;56.0211;42.1533
-21.835;-13.8381;25.8508;56.1086;42.2622
-21.836;-13.7407;25.7996;56.1826;42.3596
-21.8416;-13.6447;25.7533;56.2587;42.4557
-21.8441;-13.5461;25.7033;56.3348;42.5543
-21.8582;-13.4499;25.6647;56.4167;42.6505
-21.8727;-13.3476;25.6237;56.5036;42.7528
-21.8883;-13.2437;25.583;56.5924;42.8567
-21.9127;-13.1413;25.5511;56.686;42.9591
-21.9467;-13.0398;25.5283;56.785;43.0605
-21.9831;-12.9505;25.5141;56.8765;43.1499
-22.0198;-12.8569;25.4985;56.9714;43.2434
-22.0578;-12.7642;25.4847;57.0665;43.3362
-22.097;-12.6716;25.4725;57.1624;43.4288
-22.1458;-12.5681;25.4636;57.2728;43.5323
-22.1941;-12.4696;25.4572;57.3791;43.6308
-22.2438;-12.3754;25.4546;57.4829;43.725
-22.2918;-12.2839;25.4522;57.5837;43.8165
-22.3477;-12.1947;25.4584;57.6878;43.9057
-22.3995;-12.1017;25.4596;57.7922;43.9986
-22.4562;-12.0022;25.4624;57.9047;44.0982
-22.5032;-11.8977;25.4548;58.0148;44.2027
-22.5574;-11.8044;25.4593;58.121;44.296
-22.6052;-11.7179;25.4618;58.2178;44.3824
-22.6496;-11.6299;25.4609;58.3137;44.4705
-22.6913;-11.5466;25.4601;58.4042;44.5538
-22.7241;-11.4519;25.4466;58.4976;44.6484
-22.7559;-11.3552;25.4317;58.592;44.7452
-22.7859;-11.2559;25.4144;58.6872;44.8445
-22.8141;-11.1561;25.3957;58.7817;44.9443
-22.8436;-11.0549;25.378;58.8781;45.0455
-22.854;-10.9575;25.345;58.9594;45.1429
-22.8627;-10.866;25.3135;59.035;45.2343
-22.879;-10.7622;25.2838;59.1251;45.3382
-22.8955;-10.6607;25.2558;59.2135;45.4397
-22.9248;-10.5588;25.2396;59.3105;45.5416
-22.9514;-10.4605;25.2228;59.403;45.6398
-22.978;-10.3623;25.2065;59.4955;45.738
-23.0009;-10.252;25.1822;59.595;45.8484
-23.029;-10.1378;25.1617;59.7008;45.9625
-23.0421;-10.0224;25.1274;59.7981;46.078
-23.054;-9.9159;25.096;59.8877;46.1845
-23.0498;-9.80366;25.0481;59.9717;46.2967
-23.0509;-9.68539;25.003;60.0637;46.415
-23.0527;-9.5773;24.963;60.1484;46.5231
-23.0466;-9.46725;24.9154;60.2297;46.6331
-23.0412;-9.36121;24.8702;60.3084;46.7392
-23.0369;-9.2573;24.8273;60.3863;46.8431
-23.0373;-9.15863;24.7911;60.4631;46.9417
-23.0382;-9.06086;24.7559;60.5396;47.0395
-23.0452;-8.96715;24.7283;60.6168;47.1332
-23.0426;-8.8659;24.6894;60.694;47.2345
-23.0442;-8.7549;24.6512;60.7814;47.3455
-23.0458;-8.64914;24.6154;60.8649;47.4512
-23.0486;-8.54043;24.58;60.9514;47.5599
-23.0564;-8.43722;24.5517;61.0368;47.6632
-23.065;-8.33053;24.5233;61.1256;47.7698
-23.081;-8.22766;24.5037;61.216;47.8727
-23.0994;-8.13113;24.4887;61.3029;47.9692
-23.1111;-8.028;24.4658;61.3909;48.0724
-23.11;-7.92449;24.4309;61.4713;48.1759
-23.1089;-7.82922;24.3992;61.5453;48.2712
-23.1092;-7.73434;24.3691;61.6199;48.366
-23.1078;-7.63521;24.3366;61.697;48.4652
-23.0927;-7.53555;24.2911;61.7659;48.5648
-23.077;-7.44108;24.247;61.8305;48.6593
-23.046;-7.35144;24.1901;61.882;48.7489
-23.0125;-7.25928;24.1303;61.934;48.8411
-22.9881;-7.15602;24.0762;62.0005;48.9444
-22.9637;-7.05294;24.0224;62.0669;49.0474
-22.9439;-6.95718;23.9755;62.1306;49.1432
-22.9277;-6.85921;23.9317;62.1982;49.2412
-22.9145;-6.75859;23.8904;62.2698;49.3418
-22.9094;-6.65949;23.8577;62.3452;49.4409
-22.9194;-6.55465;23.8383;62.4345;49.5457
-22.9297;-6.45189;23.8201;62.5224;49.6485
-22.9378;-6.35302;23.8013;62.6058;49.7474
-22.9403;-6.2434;23.7747;62.6944;49.857
-22.9605;-6.13332;23.7655;62.7942;49.9671
-22.98;-6.04121;23.7608;62.8794;50.0592
-22.9959;-5.94648;23.7523;62.9645;50.1539
-23.0189;-5.84884;23.7503;63.0561;50.2515
-23.0364;-5.74869;23.7429;63.1465;50.3517
-23.0504;-5.64785;23.7322;63.2354;50.4525
-23.066;-5.54993;23.7243;63.3229;50.5504
-23.0693;-5.46324;23.7074;63.3942;50.6371
-23.066;-5.37718;23.6845;63.461;50.7232
-23.0512;-5.29288;23.651;63.5194;50.8075
-23.0235;-5.20289;23.6041;63.5749;50.8975
-22.9907;-5.10111;23.5498;63.6368;50.9993
-22.9513;-5.00686;23.4911;63.6888;51.0935
-22.9075;-4.91954;23.4298;63.7328;51.1808
-22.8603;-4.83214;23.3654;63.7748;51.2682
-22.8058;-4.75985;23.2973;63.8007;51.3405
-22.7428;-4.68814;23.2209;63.821;51.4122
-22.6693;-4.61435;23.1341;63.837;51.486
-22.6089;-4.55118;23.0625;63.8523;51.5492
-22.5407;-4.48671;22.9829;63.8641;51.6137
-22.4641;-4.41877;22.8946;63.874;51.6816
-22.3943;-4.34194;22.8113;63.8952;51.7584
-22.3108;-4.25633;22.7132;63.9158;51.844
-22.2337;-4.18011;22.6233;63.9326;51.9203
-22.1598;-4.1168;22.539;63.9409;51.9836
-22.0822;-4.05986;22.4523;63.9421;52.0405
-21.9906;-3.99758;22.351;63.9397;52.1028
-21.9009;-3.94881;22.2541;63.9275;52.1516
-21.814;-3.88394;22.1571;63.9303;52.2164
-21.739;-3.8144;22.0711;63.9439;52.286
-21.662;-3.74518;21.9834;63.9562;52.3552
-21.5828;-3.69332;21.8965;63.9533;52.4071
-21.499;-3.63273;21.8038;63.955;52.4676
-21.4155;-3.56774;21.7107;63.9606;52.5326
-21.3389;-3.49699;21.6235;63.9751;52.6034
-21.2482;-3.41847;21.5214;63.9882;52.6819
-21.1702;-3.34412;21.4327;64.0052;52.7563
-21.0955;-3.2652;21.3467;64.028;52.8352
-21.0227;-3.18611;21.2628;64.0523;52.9143
-20.9454;-3.10017;21.1736;64.0798;53.0002
-20.8739;-3.01969;21.0911;64.1062;53.0807
-20.8103;-2.93239;21.0159;64.143;53.168
-20.7337;-2.83214;20.9262;64.1833;53.2682
-20.6707;-2.74243;20.8518;64.2227;53.3579
-20.5984;-2.65786;20.7691;64.2528;53.4425
-20.5237;-2.57935;20.6851;64.2767;53.521
-20.452;-2.50589;20.605;64.2983;53.5945
-20.3807;-2.43476;20.5257;64.3183;53.6656
-20.306;-2.3602;20.4427;64.3394;53.7402
-20.2462;-2.28219;20.3744;64.3717;53.8182
-20.1921;-2.18367;20.3098;64.4245;53.9167
-20.142;-2.08335;20.2495;64.4811;54.017
-20.0841;-1.99509;20.183;64.5235;54.1053
-20.0265;-1.90733;20.1171;64.5658;54.193
-19.9679;-1.81999;20.0506;64.6073;54.2804
-19.912;-1.73565;19.9875;64.6479;54.3647
-19.8572;-1.65925;19.9264;64.6826;54.4411
-19.7968;-1.57677;19.8595;64.7194;54.5236
-19.7358;-1.4996;19.7927;64.7516;54.6008
-19.6747;-1.42244;19.726;64.7839;54.6779
-19.6199;-1.34463;19.6659;64.8202;54.7557
-19.5784;-1.2724;19.6197;64.8591;54.828
-19.5368;-1.19812;19.5735;64.8997;54.9023
-19.4879;-1.11825;19.52;64.9413;54.9821
-19.4395;-1.0362;19.4671;64.9851;55.0642
-19.3799;-0.940988;19.4027;65.0341;55.1594
-19.3222;-0.852888;19.3411;65.0784;55.2475
-19.2646;-0.756283;19.2794;65.13;55.3441
-19.2096;-0.652741;19.2207;65.1891;55.4476
-19.158;-0.558949;19.1661;65.2418;55.5414
-19.1003;-0.471343;19.1061;65.2861;55.629
-19.0445;-0.387247;19.0484;65.3287;55.7131
-18.9916;-0.309204;18.9941;65.3677;55.7912
-18.9262;-0.231233;18.9276;65.4002;55.8691
-18.8603;-0.160515;18.861;65.4264;55.9399
-18.7861;-0.1068;18.7864;65.434;55.9936
-18.7073;-0.0553046;18.7074;65.4373;56.0451
-18.6254;-0.00184091;18.6254;65.4409;56.0985
-18.5452;0.0508437;18.5453;65.4448;56.1512
-18.4618;0.107442;18.4621;65.4506;56.2078
-18.376;0.164174;18.3767;65.4554;56.2645
-18.2908;0.217053;18.2921;65.4575;56.3174
-18.2031;0.272311;18.2051;65.4604;56.3727
-18.1153;0.329904;18.1183;65.4655;56.4303
-18.0204;0.383479;18.0244;65.4636;56.4839
-17.9263;0.437079;17.9316;65.4623;56.5375
-17.8248;0.481097;17.8313;65.4493;56.5815
-17.7283;0.519577;17.7359;65.4342;56.62
-17.6309;0.556915;17.6397;65.4177;56.6573
-17.5328;0.592605;17.5428;65.3997;56.693
-17.4438;0.644986;17.4557;65.4008;56.7454
-17.3465;0.708665;17.361;65.4078;56.809
-17.2561;0.767613;17.2731;65.4142;56.868
-17.1633;0.820352;17.1829;65.4143;56.9207
-17.0736;0.873071;17.0959;65.4161;56.9734
-16.9851;0.921104;17.0101;65.4145;57.0215
-16.8946;0.979837;16.923;65.4214;57.0802
-16.8047;1.03325;16.8364;65.4242;57.1336
-16.7105;1.09497;16.7464;65.4323;57.1953
-16.6058;1.15691;16.646;65.4357;57.2573
-16.5056;1.22264;16.5509;65.4448;57.323
-16.411;1.29424;16.4619;65.462;57.3946
-16.3255;1.36256;16.3822;65.4809;57.4629
-16.2399;1.42923;16.3027;65.4984;57.5296
-16.1389;1.48122;16.2067;65.4959;57.5816
-16.0455;1.53069;16.1183;65.495;57.6311
-15.9577;1.5803;16.0357;65.497;57.6807
-15.8631;1.62417;15.9461;65.4909;57.7245
-15.7806;1.66917;15.8686;65.4916;57.7695
-15.7013;1.70433;15.7936;65.4854;57.8047
-15.6223;1.73045;15.7178;65.4713;57.8308
-15.5329;1.75439;15.6317;65.4507;57.8548
-15.4341;1.77922;15.5363;65.4265;57.8796
-15.3311;1.81045;15.4376;65.4062;57.9108
-15.2288;1.84284;15.3399;65.3874;57.9432
-15.1292;1.87364;15.2448;65.3686;57.974
-15.0539;1.89745;15.1731;65.355;57.9978
-14.9645;1.92238;15.0874;65.3359;58.0228
-14.8741;1.93519;14.9995;65.3058;58.0356
-14.7814;1.94232;14.9085;65.2697;58.0427
-14.6955;1.94231;14.8233;65.2304;58.0427
-14.596;1.92152;14.7219;65.1666;58.0219
-14.5037;1.88921;14.6263;65.0959;57.9896
-14.4114;1.85715;14.5306;65.0254;57.9575
-14.3131;1.81199;14.4274;64.9406;57.9124
-14.2227;1.75863;14.331;64.8521;57.859
-14.1153;1.69924;14.2172;64.7506;57.7996
-14.0233;1.63615;14.1184;64.6529;57.7365
-13.9373;1.57683;14.0262;64.5612;57.6772
-13.8514;1.5215;13.9347;64.4732;57.6219
-13.7649;1.46499;13.8427;64.384;57.5654
-13.6739;1.41493;13.7469;64.2985;57.5153
-13.5913;1.36975;13.6602;64.2212;57.4701
-13.5119;1.31558;13.5758;64.1373;57.416
-13.442;1.25981;13.5009;64.0562;57.3602
-13.3693;1.20813;13.4237;63.9776;57.3085
-13.2907;1.15461;13.3407;63.8947;57.255
-13.209;1.10121;13.2548;63.8106;57.2016
-13.1365;1.0382;13.1775;63.722;57.1386
-13.0523;0.978346;13.0889;63.6311;57.0787
-12.9684;0.919728;13.0009;63.5414;57.0201
-12.8855;0.859399;12.9141;63.4507;56.9598
-12.8035;0.803478;12.8287;63.3644;56.9039
-12.7214;0.742527;12.7431;63.2736;56.8429
-12.6598;0.685192;12.6783;63.195;56.7856
-12.5922;0.622727;12.6075;63.1092;56.7231
-12.5206;0.557933;12.533;63.0196;56.6583
-12.4526;0.491799;12.4623;62.9304;56.5922
-12.3901;0.41868;12.3972;62.8373;56.5191
-12.3305;0.34396;12.3353;62.7441;56.4443
-12.27;0.269592;12.2729;62.6507;56.37
-12.1998;0.199018;12.2014;62.5566;56.2994
-12.1265;0.126362;12.1271;62.4593;56.2267
-12.0743;0.0740362;12.0745;62.3895;56.1744
-12.0175;0.00607656;12.0175;62.3036;56.1065
-11.9565;-0.0658288;11.9567;62.2123;56.0345
-11.8858;-0.155459;11.8868;62.1008;55.9449
-11.8208;-0.239094;11.8232;61.9973;55.8613
-11.7628;-0.320742;11.7671;61.8986;55.7796
-11.7046;-0.397309;11.7113;61.8043;55.7031
-11.631;-0.473175;11.6406;61.7041;55.6272
-11.5467;-0.543818;11.5595;61.6039;55.5566
-11.4712;-0.614196;11.4876;61.5078;55.4862
-11.3907;-0.682095;11.4111;61.4119;55.4183
-11.3172;-0.734317;11.341;61.3331;55.3661
-11.2357;-0.787362;11.2632;61.2502;55.313
-11.1525;-0.843229;11.1843;61.164;55.2571
-11.0691;-0.891591;11.105;61.0846;55.2088
-10.986;-0.939821;11.0261;61.0055;55.1606
-10.902;-0.986256;10.9465;60.9276;55.1141
-10.8149;-1.03416;10.8642;60.8472;55.0662
-10.7264;-1.08404;10.781;60.7644;55.0163
-10.6442;-1.13528;10.7046;60.6832;54.9651
-10.552;-1.19675;10.6196;60.5884;54.9036
-10.4696;-1.24792;10.5438;60.5073;54.8525
-10.3861;-1.29902;10.467;60.4257;54.8014
-10.2975;-1.36883;10.3881;60.3251;54.7315
-10.2139;-1.43367;10.314;60.2311;54.6667
-10.122;-1.50166;10.2328;60.1309;54.5987
-10.0348;-1.55974;10.1553;60.0416;54.5406
-9.95203;-1.61458;10.0822;59.9572;54.4858
-9.8681;-1.66626;10.0078;59.8752;54.4341
-9.78527;-1.73064;9.93713;59.7822;54.3697
-9.7179;-1.79515;9.88231;59.6956;54.3052
-9.64787;-1.8547;9.82453;59.6123;54.2457
-9.57898;-1.91346;9.76822;59.5303;54.1869
-9.51132;-1.98256;9.71575;59.4394;54.1178
-9.43959;-2.05304;9.66027;59.3456;54.0473
-9.37098;-2.12574;9.60906;59.251;53.9746
-9.3;-2.20168;9.55706;59.1526;53.8987
-9.23382;-2.27248;9.50934;59.0608;53.8279
-9.16679;-2.34389;9.46171;58.9681;53.7565
-9.09641;-2.42323;9.41365;58.8669;53.6771
-9.0275;-2.49979;9.36721;58.7688;53.6006
-8.97407;-2.57744;9.33687;58.6761;53.5229
-8.92602;-2.65232;9.31175;58.5881;53.4481
-8.86506;-2.73594;9.27764;58.4868;53.3644
-8.80441;-2.81863;9.24458;58.3866;53.2817
-8.74553;-2.89996;9.2138;58.2883;53.2004
-8.68626;-2.98006;9.18324;58.1909;53.1203
-8.63133;-3.05346;9.15552;58.1015;53.0469
-8.57488;-3.12572;9.12681;58.0125;52.9747
-8.52388;-3.19155;9.10179;57.9316;52.9088
-8.47143;-3.26294;9.0781;57.8451;52.8374
-8.41126;-3.33965;9.05001;57.7505;52.7607
-8.35849;-3.41355;9.02866;57.6615;52.6868
-8.3005;-3.49094;9.00472;57.5673;52.6094
-8.24338;-3.56933;8.98295;57.4724;52.531
-8.18184;-3.64211;8.95586;57.381;52.4583
-8.11878;-3.71694;8.92918;57.287;52.3834
-8.05078;-3.79295;8.89952;57.19;52.3074
-7.98683;-3.86741;8.87391;57.096;52.233
-7.92805;-3.94814;8.85674;56.9984;52.1522
-7.87094;-4.02873;8.84208;56.9017;52.0716
-7.8204;-4.11776;8.83824;56.7998;51.9826
-7.77035;-4.2081;8.83665;56.697;51.8923
-7.72282;-4.29844;8.83847;56.5951;51.8019
-7.6736;-4.38999;8.84059;56.4915;51.7104
-7.62602;-4.49165;8.85049;56.3793;51.6087
-7.57687;-4.59423;8.86092;56.2656;51.5061
-7.54606;-4.66778;8.87306;56.1859;51.4326
-7.51495;-4.74752;8.88895;56.1004;51.3529
-7.47861;-4.83032;8.9029;56.01;51.2701
-7.44092;-4.91889;8.9198;55.9137;51.1815
-7.40126;-5.00383;8.93403;55.82;51.0965
-7.36567;-5.0916;8.95418;55.7253;51.0088
-7.3276;-5.1753;8.97092;55.6334;50.9251
-7.28616;-5.26349;8.98846;55.536;50.8369
-7.24315;-5.35265;9.00634;55.437;50.7477
-7.1973;-5.4528;9.02963;55.3269;50.6476
-7.15295;-5.55476;9.05649;55.2157;50.5456
-7.11243;-5.64082;9.07775;55.1206;50.4596
-7.07138;-5.72923;9.10101;55.0232;50.3711
-7.03295;-5.81164;9.12346;54.9322;50.2887
-6.98613;-5.89789;9.14282;54.8345;50.2025
-6.93943;-5.9769;9.15855;54.7433;50.1235
-6.87829;-6.04341;9.15608;54.6579;50.057
-6.8126;-6.11544;9.15479;54.5655;49.9849
-6.75058;-6.17394;9.14811;54.4871;49.9264
-6.6833;-6.23273;9.13857;54.4063;49.8676
-6.6109;-6.29428;9.12809;54.3209;49.8061
-6.53683;-6.36337;9.12264;54.228;49.737
-6.47894;-6.43634;9.13253;54.138;49.664
-6.42048;-6.51104;9.14419;54.0462;49.5893
-6.35629;-6.58404;9.15161;53.9537;49.5163
-6.29798;-6.65685;9.16396;53.8638;49.4435
-6.24497;-6.73398;9.18401;53.7719;49.3664
-6.19369;-6.82355;9.21535;53.6694;49.2768
-6.14521;-6.90754;9.24542;53.5731;49.1928
-6.10711;-6.98499;9.2783;53.4869;49.1154
-6.07926;-7.07527;9.32828;53.3929;49.0251
-6.04991;-7.17373;9.38423;53.2909;48.9266
-6.01671;-7.27114;9.4377;53.1883;48.8292
-5.98347;-7.36526;9.48941;53.0887;48.7351
-5.95324;-7.45282;9.53864;52.9964;48.6476
-5.93172;-7.54167;9.59489;52.9063;48.5587
-5.91023;-7.63452;9.65488;52.8125;48.4659
-5.88835;-7.7296;9.71696;52.7166;48.3708
-5.86544;-7.82909;9.78254;52.6162;48.2713
-5.8366;-7.94233;9.85629;52.5008;48.158
-5.81144;-8.04891;9.92763;52.393;48.0515
-5.78818;-8.16081;10.0051;52.2811;47.9396
-5.76792;-8.27872;10.0899;52.1649;47.8217
-5.75067;-8.38684;10.169;52.0589;47.7135
-5.73504;-8.48356;10.2402;51.964;47.6168
-5.73251;-8.58626;10.324;51.8689;47.5141
-5.72531;-8.69807;10.4132;51.7636;47.4023
-5.71823;-8.79335;10.4891;51.6736;47.307
-5.71081;-8.89034;10.5665;51.5818;47.21
-5.72048;-8.97995;10.6472;51.5037;47.1204
-5.73551;-9.06801;10.7296;51.4292;47.0324
-5.74706;-9.16676;10.8193;51.3436;46.9336
-5.7576;-9.26196;10.9057;51.2609;46.8384
-5.76476;-9.35831;10.9914;51.1758;46.7421
-5.77221;-9.45647;11.079;51.0892;46.6439
-5.78888;-9.55875;11.175;51.0026;46.5416
-5.79131;-9.66547;11.2677;50.9062;46.4349
-5.79483;-9.76411;11.3542;50.8177;46.3363
-5.7944;-9.86308;11.4392;50.7273;46.2373
-5.79331;-9.9654;11.527;50.6336;46.135
-5.79275;-10.0534;11.6029;50.5532;46.0469
-5.79492;-10.1612;11.6975;50.4559;45.9391
-5.79011;-10.2537;11.7756;50.3697;45.8467
-5.78645;-10.348;11.856;50.2824;45.7523
-5.77846;-10.4509;11.942;50.1855;45.6495
-5.76957;-10.5575;12.0311;50.0849;45.5429
-5.77005;-10.6517;12.1142;49.9994;45.4486
-5.76857;-10.7542;12.2037;49.9056;45.3461
-5.75715;-10.8608;12.2924;49.804;45.2395
-5.74056;-10.965;12.3768;49.7024;45.1353
-5.72702;-11.0741;12.4674;49.5977;45.0262
-5.71929;-11.1698;12.5489;49.5076;44.9306
-5.71336;-11.2713;12.6366;49.413;44.8291
-5.70158;-11.3854;12.7332;49.3046;44.715
-5.70349;-11.4939;12.8312;49.207;44.6065
-5.71028;-11.5941;12.924;49.119;44.5063
-5.71759;-11.7039;13.0259;49.0226;44.3964
-5.72712;-11.8306;13.1439;48.912;44.2698
-5.73735;-11.9356;13.243;48.8213;44.1647
-5.74335;-12.0372;13.3372;48.732;44.0631
-5.74813;-12.139;13.4312;48.6421;43.9614
-5.76233;-12.2388;13.5275;48.5579;43.8615
-5.774;-12.338;13.6223;48.4734;43.7624
-5.79906;-12.4321;13.7181;48.3993;43.6683
-5.82448;-12.5275;13.8153;48.3242;43.5729
-5.84987;-12.6235;13.9131;48.2486;43.4769
-5.87127;-12.7164;14.0064;48.1742;43.3839
-5.89202;-12.8088;14.099;48.1001;43.2916
-5.91091;-12.9031;14.1926;48.0235;43.1973
-5.92369;-12.9918;14.2786;47.9493;43.1085
-5.93798;-13.0853;14.3696;47.8715;43.015
-5.95149;-13.1804;14.4618;47.792;42.92
-5.96036;-13.2771;14.5536;47.7091;42.8233
-5.97935;-13.3762;14.6518;47.6286;42.7242
-5.992;-13.4652;14.7382;47.5544;42.6352
-6.00928;-13.5615;14.8333;47.4757;42.5388
-6.03623;-13.6515;14.9265;47.4071;42.4489
-6.05696;-13.7415;15.0172;47.3357;42.3588
-6.07911;-13.8156;15.0939;47.2794;42.2848
-6.10335;-13.8935;15.175;47.2205;42.2068
-6.13192;-13.9846;15.2699;47.152;42.1157
-6.17183;-14.066;15.3605;47.0973;42.0344
-6.21428;-14.1565;15.4604;47.0358;41.9439
-6.24406;-14.2393;15.5482;46.9754;41.861
-6.27806;-14.3295;15.6444;46.9106;41.7709
-6.32013;-14.4311;15.7544;46.8393;41.6693
-6.35537;-14.5339;15.8627;46.764;41.5665
-6.38882;-14.6322;15.9662;46.692;41.4682
-6.41093;-14.7227;16.058;46.6218;41.3777
-6.43565;-14.8136;16.1512;46.5526;41.2868
-6.45931;-14.9104;16.2494;46.4777;41.1899
-6.48385;-15.0069;16.3477;46.4036;41.0935
-6.50401;-15.1192;16.4588;46.3136;40.9812
-6.5149;-15.2316;16.5664;46.2193;40.8688
-6.52739;-15.3294;16.6612;46.1387;40.771
-6.54719;-15.4302;16.7618;46.0588;40.6701
-6.56555;-15.5306;16.8614;45.9789;40.5698
-6.58019;-15.6289;16.9577;45.899;40.4714
-6.59664;-15.725;17.0526;45.8221;40.3753
-6.60926;-15.8218;17.1468;45.7428;40.2786
-6.62405;-15.9195;17.2426;45.6639;40.1809
-6.63573;-16.0174;17.3375;45.5833;40.083
-6.6472;-16.1163;17.4333;45.5018;39.9841
-6.66791;-16.2278;17.5443;45.4138;39.8726
-6.6913;-16.3266;17.6446;45.3383;39.7738
-6.70735;-16.4301;17.7464;45.2553;39.6703
-6.72427;-16.5298;17.8451;45.1761;39.5706
-6.73898;-16.6267;17.9404;45.0983;39.4737
-6.76876;-16.7328;18.05;45.0199;39.3675
-6.79115;-16.8421;18.1597;44.9353;39.2583
-6.81728;-16.9305;18.2515;44.8708;39.1699
-6.83789;-17.0121;18.3349;44.8096;39.0882
-6.86251;-17.0978;18.4236;44.747;39.0026
-6.89273;-17.196;18.526;44.6762;38.9044
-6.95059;-17.2775;18.6231;44.6338;38.8229
-7.00819;-17.3605;18.7217;44.5901;38.7399
-7.06524;-17.4445;18.821;44.5454;38.6558
-7.11926;-17.5393;18.9291;44.4902;38.5611
-7.161;-17.6154;19.0153;44.4451;38.485
-7.21131;-17.6983;19.1111;44.3985;38.4021
-7.2644;-17.7802;19.2069;44.3545;38.3202
-7.312;-17.865;19.3034;44.3053;38.2354
-7.36142;-17.9618;19.4118;44.2467;38.1385
-7.4108;-18.0452;19.5076;44.2;38.0552
-7.46073;-18.1428;19.6169;44.1415;37.9576
-7.50318;-18.2283;19.7121;44.0897;37.8721
-7.54628;-18.3173;19.8109;44.0353;37.783
-7.58513;-18.4049;19.9066;43.9803;37.6955
-7.62573;-18.494;20.0045;43.9249;37.6064
-7.66415;-18.5907;20.1086;43.862;37.5097
-7.70146;-18.6738;20.1996;43.8104;37.4266
-7.7526;-18.7453;20.2852;43.7759;37.3551
-7.80584;-18.8216;20.3761;43.7386;37.2788
-7.86166;-18.8997;20.4696;43.7013;37.2006
-7.91211;-18.9766;20.56;43.6625;37.1238
-7.96961;-19.0612;20.6602;43.6209;37.0392
-8.02802;-19.1507;20.7653;43.5759;36.9497
-8.08602;-19.242;20.872;43.5293;36.8584
-8.15781;-19.3358;20.9863;43.4882;36.7646
-8.22071;-19.4185;21.0869;43.452;36.6819
-8.29398;-19.5023;21.1927;43.4207;36.5981
-8.36859;-19.5821;21.2953;43.3937;36.5183
-8.44003;-19.6586;21.3938;43.368;36.4418
-8.51172;-19.7331;21.4906;43.3443;36.3672
-8.57757;-19.8108;21.588;43.3151;36.2895
-8.64653;-19.8895;21.6876;43.287;36.2109
-8.71241;-19.9602;21.7788;43.264;36.1402
-8.76819;-20.0516;21.8848;43.2185;36.0488
-8.82589;-20.127;21.977;43.1875;35.9734
-8.87878;-20.2046;22.0694;43.1521;35.8957
-8.92684;-20.2805;22.1583;43.1158;35.8198
-8.99185;-20.3464;22.2448;43.0973;35.754
-9.05789;-20.4142;22.3335;43.078;35.6861
-9.12284;-20.4837;22.4234;43.0569;35.6167
-9.18659;-20.5552;22.5146;43.0337;35.5452
-9.2517;-20.6281;22.6078;43.0104;35.4723
-9.31377;-20.6993;22.6982;42.9868;35.401
-9.3777;-20.7729;22.7915;42.9626;35.3275
-9.43924;-20.8509;22.888;42.9335;35.2495
-9.50832;-20.9278;22.9865;42.91;35.1726
-9.57995;-20.9986;23.0807;42.8931;35.1018
-9.66174;-21.0745;23.1837;42.8781;35.0259
-9.73935;-21.1481;23.2829;42.8629;34.9523
-9.81641;-21.2195;23.3801;42.8494;34.8809
-9.88784;-21.292;23.476;42.832;34.8083
-9.96289;-21.3474;23.5578;42.8308;34.753
-10.0463;-21.4176;23.6568;42.8227;34.6827
-10.1268;-21.4853;23.7522;42.8152;34.6151
-10.2072;-21.5543;23.849;42.8069;34.546
-10.278;-21.6229;23.9413;42.7935;34.4775
-10.3511;-21.696;24.0388;42.778;34.4043
-10.4168;-21.7683;24.1323;42.759;34.332
-10.4833;-21.8409;24.2266;42.7404;34.2594
-10.5427;-21.9225;24.3258;42.7106;34.1778
-10.6073;-22.0121;24.4346;42.6778;34.0882
-10.6645;-22.1045;24.5426;42.6385;33.9958
-10.719;-22.1896;24.643;42.6037;33.9107
-10.7759;-22.2793;24.7485;42.5669;33.8211
-10.8249;-22.3672;24.8489;42.5269;33.7332
-10.8736;-22.4547;24.9489;42.4873;33.6457
-10.9204;-22.5507;25.0558;42.4399;33.5496
-10.959;-22.6453;25.1577;42.3889;33.4551
-10.9981;-22.7382;25.2583;42.3397;33.3622
-11.0263;-22.8172;25.3417;42.2948;33.2832
-11.0436;-22.9002;25.424;42.2403;33.2002
-11.067;-22.988;25.5133;42.1857;33.1123
-11.0866;-23.079;25.6038;42.1266;33.0214
-11.1072;-23.176;25.7002;42.0633;32.9243
-11.116;-23.2708;25.7894;41.9947;32.8296
-11.1397;-23.373;25.8919;41.9297;32.7274
-11.1607;-23.4652;25.9841;41.8709;32.6352
-11.1721;-23.5562;26.0713;41.8071;32.5442
-11.185;-23.6505;26.162;41.7418;32.4498
-11.1991;-23.7445;26.253;41.6777;32.3559
-11.2185;-23.8399;26.3476;41.616;32.2605
-11.2323;-23.9441;26.4478;41.544;32.1563
-11.2515;-24.0447;26.547;41.4783;32.0557
-11.2692;-24.1408;26.6416;41.4154;31.9596
-11.2858;-24.2363;26.7352;41.3523;31.8641
-11.3028;-24.3333;26.8303;41.2884;31.7671
-11.326;-24.4297;26.9274;41.2292;31.6707
-11.3483;-24.5221;27.0206;41.1726;31.5783
-11.378;-24.6129;27.1155;41.1221;31.4875
-11.4054;-24.7111;27.2162;41.0646;31.3893
-11.4366;-24.8064;27.3158;41.0119;31.294
-11.4661;-24.9057;27.4183;40.9553;31.1947
-11.495;-25.0027;27.5185;40.9003;31.0977
-11.5263;-25.1039;27.6235;40.8437;30.9965
-11.5544;-25.1853;27.7093;40.8004;30.9151
-11.5849;-25.2688;27.7979;40.7571;30.8316
-11.6317;-25.3625;27.9025;40.7169;30.7379
-11.6769;-25.4543;28.0049;40.6773;30.6461
-11.7181;-25.5332;28.0937;40.645;30.5672
-11.7601;-25.621;28.1911;40.6068;30.4793
-11.8015;-25.7008;28.2809;40.5744;30.3995
-11.8321;-25.7814;28.3669;40.5343;30.319
-11.8614;-25.8686;28.4583;40.4886;30.2318
-11.8932;-25.96;28.5547;40.4416;30.1403
-11.9231;-26.0526;28.6513;40.3926;30.0478
-11.9516;-26.1528;28.7543;40.3373;29.9476
-11.987;-26.2547;28.8617;40.2854;29.8457
-12.0259;-26.3581;28.9719;40.235;29.7422
-12.0669;-26.4536;29.0758;40.1922;29.6468
-12.111;-26.5475;29.1796;40.1528;29.5528
-12.16;-26.6421;29.286;40.1164;29.4582
-12.2123;-26.7372;29.3942;40.0822;29.3632
-12.259;-26.828;29.4962;40.0476;29.2723
-12.3016;-26.9224;29.5998;40.0078;29.1779
-12.3421;-27.0187;29.7042;39.9654;29.0817
-12.3795;-27.1178;29.8099;39.9191;28.9826
-12.4124;-27.2211;29.9175;39.8668;28.8793
-12.4376;-27.3272;30.0245;39.8075;28.7732
-12.4662;-27.4331;30.1327;39.7507;28.6672
-12.4863;-27.5356;30.2344;39.6909;28.5647
-12.5061;-27.636;30.334;39.6324;28.4643
-12.5253;-27.7313;30.4287;39.5774;28.3691
-12.5467;-27.8289;30.5265;39.5225;28.2715
-12.5688;-27.9276;30.6256;39.4675;28.1728
-12.594;-28.0169;30.7174;39.4214;28.0835
-12.61;-28.1066;30.8058;39.3688;27.9937
-12.6153;-28.2111;30.9033;39.2983;27.8893
-12.6323;-28.3014;30.9927;39.2462;27.7989
-12.6545;-28.4029;31.0944;39.1901;27.6974
-12.6784;-28.4949;31.1881;39.1422;27.6055
-12.7091;-28.5944;31.2916;39.0938;27.5059
-12.7547;-28.6856;31.3934;39.0622;27.4148
-12.7982;-28.7812;31.4984;39.0262;27.3192
-12.8465;-28.8719;31.6009;38.9973;27.2285
-12.9113;-28.9593;31.7072;38.9828;27.141
-12.9753;-29.0515;31.8175;38.9647;27.0488
-13.0376;-29.1376;31.9215;38.9499;26.9627
-13.0956;-29.2269;32.0267;38.9301;26.8734
-13.1541;-29.3164;32.1323;38.9108;26.784
-13.2112;-29.4067;32.238;38.8903;26.6937
-13.2608;-29.4954;32.3393;38.8655;26.605
-13.3152;-29.5815;32.44;38.8464;26.5189
-13.3742;-29.6702;32.5452;38.829;26.4302
-13.432;-29.7577;32.6487;38.812;26.3427
-13.4739;-29.8405;32.7415;38.7866;26.2598
-13.521;-29.9299;32.8423;38.7609;26.1705

-13.5683;29.9831;32.9103;38.7372;26.0835
-13.6291;29.8923;32.8527;38.7212;25.9927
-13.6882;29.8097;32.8022;38.7096;25.9101
-13.7483;29.7239;32.7494;38.697;25.8243
-13.8058;29.6428;32.7001;38.6858;25.7432
-13.8498;29.5567;32.6407;38.6615;25.6571
-13.8966;29.4716;32.5836;38.6401;25.572
-13.9482;29.3905;32.5323;38.6253;25.4909
-13.9972;29.31;32.4807;38.6091;25.4104
-14.0473;29.2267;32.4272;38.5921;25.327
-14.0837;29.1318;32.3575;38.5574;25.2321
-14.1121;29.0468;32.2934;38.5233;25.1471
-14.1412;28.9568;32.2253;38.4867;25.0572
-14.1755;28.8637;32.1567;38.4523;24.964
-14.2137;28.7636;32.0839;38.4165;24.864
-14.2434;28.6784;32.0207;38.384;24.7788
-14.2791;28.5901;31.9575;38.3544;24.6904
-14.3097;28.5081;31.8979;38.3251;24.6085
-14.3381;28.433;31.8436;38.2987;24.5333
-14.365;28.3434;31.7758;38.2622;24.4438
-14.3929;28.2507;31.7058;38.2245;24.3511
-14.42;28.1545;31.6324;38.1842;24.2548
-14.4492;28.0606;31.5622;38.1471;24.1609
-14.4783;27.9675;31.4929;38.1109;24.0679
-14.5157;27.8653;31.4194;38.0754;23.9657
-14.5537;27.7694;31.3521;38.0448;23.8698
-14.5749;27.6701;31.274;37.9991;23.7705
-14.6008;27.5643;31.1925;37.9532;23.6646
-14.6255;27.4604;31.1123;37.9079;23.5607
-14.6447;27.3648;31.0371;37.8636;23.4652
-14.6615;27.2758;30.9665;37.8217;23.3761
-14.679;27.1822;30.8925;37.7777;23.2826
-14.6857;27.0896;30.8142;37.726;23.19
-14.6918;26.994;30.7331;37.6721;23.0944
-14.7092;26.8915;30.6515;37.6232;22.9919
-14.7212;26.7943;30.572;37.5733;22.8947
-14.7502;26.7021;30.5053;37.5403;22.8025
-14.7791;26.6118;30.4402;37.5084;22.7121
-14.8071;26.5145;30.3689;37.472;22.6149
-14.834;26.423;30.3022;37.4383;22.5234
-14.857;26.3288;30.2313;37.4001;22.4292
-14.8785;26.2374;30.1624;37.3626;22.3378
-14.9039;26.1398;30.0901;37.3247;22.2401
-14.9286;26.0387;30.0147;37.2845;22.1391
-14.957;25.9546;29.9558;37.2574;22.0549
-14.9862;25.8609;29.8893;37.2256;21.9613
-15.0016;25.7598;29.8096;37.1785;21.8602
-15.0264;25.6603;29.7362;37.1402;21.7606
-15.0526;25.5625;29.6652;37.1043;21.6629
-15.0771;25.463;29.5919;37.0662;21.5633
-15.0996;25.3648;29.519;37.0274;21.4651
-15.1154;25.2646;29.441;36.9824;21.3649
-15.1329;25.1669;29.3663;36.9403;21.2673
-15.1562;25.0626;29.289;36.8995;21.1629
-15.1813;24.9657;29.2191;36.8645;21.0661
-15.2004;24.8645;29.1427;36.8225;20.9649
-15.2099;24.762;29.0603;36.7721;20.8624
-15.2231;24.6619;28.9819;36.7263;20.7623
-15.2482;24.5445;28.8953;36.6808;20.6449
-15.2709;24.4392;28.818;36.6405;20.5396
-15.2924;24.3379;28.7436;36.6016;20.4383
-15.3232;24.2298;28.6685;36.5669;20.3302
-15.3552;24.1211;28.5939;36.5333;20.2215
-15.3951;24.0339;28.5419;36.5184;20.1343
-15.4345;23.9426;28.4863;36.501;20.043
-15.4798;23.8458;28.4297;36.4858;19.9462
-15.5242;23.753;28.3762;36.4725;19.8534
-15.5685;23.6626;28.3248;36.4605;19.763
-15.6148;23.5723;28.275;36.4506;19.6727
-15.6558;23.4912;28.2302;36.4415;19.5916
-15.7036;23.4102;28.1893;36.4383;19.5106
-15.7668;23.3263;28.1551;36.447;19.4267
-15.8179;23.2408;28.113;36.4447;19.3412
-15.8586;23.1539;28.0642;36.4333;19.2543
-15.9192;23.0869;28.0433;36.4494;19.1873
-15.9716;23.0019;28.0032;36.4493;19.1022
-16.0156;22.93;27.9694;36.4493;19.0304
-16.0639;22.8509;27.9322;36.4492;18.9512
-16.1131;22.7697;27.8943;36.4492;18.8701
-16.1731;22.68;27.8559;36.4542;18.7804
-16.2317;22.5941;27.8202;36.4604;18.6945
-16.2968;22.5153;27.7943;36.476;18.6157
-16.3669;22.4434;27.7773;36.4996;18.5437
-16.4456;22.3822;27.7745;36.5365;18.4826
-16.531;22.3336;27.786;36.5857;18.434
-16.6204;22.3045;27.816;36.6483;18.4048
-16.7142;22.2849;27.8564;36.7196;18.3852
-16.8151;22.2858;27.9178;36.8075;18.3862
-16.9119;22.3211;28.0043;36.9089;18.4215
-16.9905;22.3822;28.1006;37.0076;18.4826
-17.0505;22.4629;28.2011;37.0999;18.5633
-17.096;22.5517;28.2993;37.1837;18.6521
-17.1323;22.6406;28.3921;37.2598;18.741
-17.1857;22.726;28.4925;37.349;18.8264
-17.2434;22.8037;28.5892;37.438;18.9041
-17.3038;22.883;28.6888;37.5301;18.9833
-17.3653;22.9536;28.7824;37.619;19.054
-17.4279;23.0297;28.8807;37.7114;19.13
-17.4984;23.1074;28.9853;37.8116;19.2078
-17.5625;23.1809;29.0826;37.9042;19.2813
-17.6371;23.2545;29.1863;38.0059;19.3549
-17.7022;23.321;29.2786;38.0958;19.4213
-17.7745;23.382;29.3709;38.1891;19.4823
-17.8445;23.4452;29.4636;38.2815;19.5455
-17.9157;23.513;29.5607;38.3774;19.6134
-17.9929;23.5795;29.6604;38.4778;19.6799
-18.0671;23.6536;29.7643;38.5794;19.754
-18.1508;23.7212;29.8689;38.686;19.8216
-18.2365;23.7746;29.9633;38.7868;19.875
-18.3241;23.835;30.0646;38.8931;19.9354
-18.4151;23.8816;30.157;38.995;19.982
-18.4973;23.9343;30.249;39.0926;20.0347
-18.5766;23.9926;30.3437;39.1907;20.093
-18.6478;24.0595;30.4401;39.2861;20.1598
-18.7048;24.1423;30.5404;39.3774;20.2426
-18.7527;24.2414;30.6481;39.4695;20.3417
-18.8178;24.3257;30.7546;39.5688;20.4261
-18.886;24.4075;30.8611;39.6695;20.5079
-18.9655;24.4794;30.9666;39.7747;20.5798
-19.0362;24.5579;31.072;39.8758;20.6583
-19.1066;24.6379;31.1783;39.9775;20.7383
-19.1637;24.7236;31.281;40.0708;20.824
-19.2253;24.8057;31.3837;40.1662;20.9061
-19.2818;24.8861;31.4818;40.2562;20.9864
-19.3324;24.9708;31.5797;40.3436;21.0711
-19.375;25.0551;31.6725;40.424;21.1555
-19.4374;25.1463;31.7829;40.5249;21.2467
-19.4855;25.2383;31.8851;40.6141;21.3387
-19.5252;25.3114;31.9672;40.6863;21.4118
-19.5737;25.3826;32.0532;40.7651;21.483
-19.6218;25.4638;32.1468;40.8487;21.5642
-19.6737;25.5426;32.2409;40.9344;21.6429
-19.7289;25.6349;32.3477;41.0301;21.7353
-19.7829;25.7223;32.45;41.1222;21.8227
-19.8358;25.8136;32.5546;41.2156;21.914
-19.8881;25.9101;32.663;41.3112;22.0105
-19.9429;26.0026;32.7698;41.4069;22.103
-19.9892;26.0814;32.8604;41.4881;22.1818
-20.0336;26.1665;32.955;41.5712;22.2669
-20.0776;26.2556;33.0525;41.6561;22.356
-20.1104;26.3428;33.1416;41.7306;22.4431
-20.149;26.4334;33.2371;41.8119;22.5338
-20.1901;26.5223;33.3328;41.8945;22.6227
-20.2332;26.6127;33.4308;41.9796;22.7131
-20.2737;26.7057;33.5293;42.064;22.806
-20.3125;26.7984;33.6267;42.1469;22.8988
-20.3505;26.8963;33.7277;42.2321;22.9967
-20.3843;26.985;33.8188;42.3087;23.0854
-20.4256;27.071;33.9123;42.3903;23.1714
-20.4615;27.1648;34.0088;42.4717;23.2652
-20.4988;27.2589;34.1064;42.5545;23.3593
-20.5323;27.3538;34.2024;42.6346;23.4542
-20.5535;27.4592;34.2995;42.7104;23.5596
-20.5877;27.5613;34.4017;42.7953;23.6617
-20.6162;27.6589;34.497;42.873;23.7593
-20.6454;27.749;34.5867;42.9473;23.8493
-20.6791;27.8501;34.688;43.0315;23.9505
-20.7099;27.9473;34.7844;43.1113;24.0477
-20.7414;28.0439;34.8808;43.1914;24.1443
-20.7558;28.1511;34.9756;43.2633;24.2515
-20.781;28.2536;35.073;43.3417;24.3539
-20.8115;28.3413;35.1617;43.4162;24.4416
-20.8434;28.4297;35.2518;43.4923;24.53
-20.8692;28.524;35.3432;43.5669;24.6243
-20.9009;28.6177;35.4376;43.646;24.7181
-20.932;28.7127;35.5326;43.7255;24.813
-20.9742;28.7994;35.6276;43.8096;24.8998
-21.0091;28.9034;35.7322;43.8974;25.0038
-21.0439;29.0029;35.8331;43.9827;25.1033
-21.0753;29.0978;35.9284;44.0627;25.1982
-21.1146;29.1986;36.0331;44.1526;25.299
-21.1535;29.2947;36.1338;44.2396;25.3951
-21.1936;29.3893;36.234;44.3268;25.4897
-21.2329;29.4783;36.3291;44.4101;25.5786
-21.2703;29.5706;36.4259;44.4939;25.671
-21.306;29.6699;36.5274;44.5804;25.7703
-21.3468;29.7568;36.6218;44.6639;25.8572
-21.3803;29.851;36.7179;44.7459;25.9514
-21.4182;29.9421;36.814;44.8296;26.0425

-21.4669;-29.9669;36.8625;44.9221;26.1335
-21.5032;-29.8711;36.8058;45.0074;26.2293
-21.5329;-29.7748;36.7451;45.0876;26.3256
-21.568;-29.6829;36.6913;45.1698;26.4175
-21.5947;-29.5858;36.6285;45.2483;26.5145
-21.6236;-29.4916;36.5696;45.327;26.6088
-21.6403;-29.3993;36.5051;45.3947;26.701
-21.6647;-29.3032;36.4422;45.471;26.7971
-21.6781;-29.2078;36.3735;45.5382;26.8926
-21.698;-29.1118;36.3084;45.611;26.9886
-21.7289;-29.0124;36.2473;45.6947;27.088
-21.7612;-28.9165;36.19;45.7777;27.1839
-21.7829;-28.8167;36.1233;45.8544;27.2837
-21.7985;-28.7186;36.0545;45.9254;27.3818
-21.8153;-28.6163;35.9833;45.9999;27.4841
-21.8327;-28.5191;35.9166;46.072;27.5813
-21.8481;-28.4213;35.8484;46.143;27.6791
-21.8644;-28.3181;35.7766;46.2179;27.7823
-21.8718;-28.205;35.6917;46.2919;27.8954
-21.8816;-28.112;35.6243;46.3558;27.9883
-21.8988;-28.0182;35.5609;46.4262;28.0822
-21.9102;-27.9217;35.4919;46.4937;28.1786
-21.9268;-27.8219;35.4238;46.5674;28.2785
-21.9404;-27.7116;35.3456;46.6453;28.3888
-21.9656;-27.6047;35.2776;46.7305;28.4957
-21.9799;-27.5144;35.2159;46.7969;28.586
-21.9848;-27.4131;35.1399;46.8627;28.6873
-21.9997;-27.3125;35.0707;46.9361;28.7879
-22.0183;-27.2133;35.0052;47.0117;28.8871
-22.0448;-27.1079;34.9401;47.0974;28.9925
-22.0676;-27.0052;34.8749;47.1786;29.0952
-22.073;-26.9053;34.8011;47.2445;29.195
-22.0875;-26.8209;34.7451;47.3081;29.2794
-22.1072;-26.7372;34.6931;47.3754;29.3631
-22.1327;-26.6414;34.6355;47.4549;29.459
-22.153;-26.553;34.5806;47.5257;29.5474
-22.1638;-26.4486;34.5074;47.5991;29.6518
-22.1663;-26.3454;34.43;47.6654;29.755
-22.1615;-26.2646;34.3651;47.7122;29.8358
-22.1585;-26.1705;34.2913;47.7687;29.9299
-22.1551;-26.0777;34.2183;47.8243;30.0227
-22.1458;-25.9771;34.1357;47.8803;30.1233
-22.1318;-25.8823;34.0545;47.9291;30.2181
-22.1314;-25.7671;33.9668;48.0015;30.3333
-22.1207;-25.6693;33.8857;48.0551;30.4311
-22.1065;-25.5684;33.8;48.1081;30.532
-22.1013;-25.4701;33.7224;48.1665;30.6302
-22.105;-25.3685;33.648;48.234;30.7319
-22.0937;-25.2602;33.559;48.2944;30.8402
-22.0725;-25.1595;33.4694;48.3425;30.9408
-22.0442;-25.0652;33.3798;48.3812;31.0352
-22.0075;-24.9737;33.2869;48.4118;31.1266
-21.9845;-24.8747;33.1974;48.458;31.2257
-21.9464;-24.78;33.1012;48.4899;31.3204
-21.8984;-24.6959;33.0065;48.5076;31.4044
-21.8568;-24.614;32.9176;48.529;31.4864
-21.8147;-24.5319;32.8282;48.5504;31.5685
-21.7786;-24.4435;32.7383;48.5805;31.6568
-21.7382;-24.355;32.6452;48.6077;31.7454
-21.6966;-24.2639;32.5497;48.6357;31.8364
-21.6555;-24.1743;32.4555;48.6634;31.9261
-21.6122;-24.0869;32.3615;48.6882;32.0135
-21.5713;-24.0011;32.2703;48.7139;32.0993
-21.5359;-23.9146;32.1823;48.7443;32.1858
-21.501;-23.8222;32.0903;48.7792;32.2782
-21.4662;-23.7367;32.0036;48.8097;32.3637
-21.4373;-23.6416;31.9137;48.8512;32.4588
-21.3991;-23.5358;31.8097;48.8932;32.5646
-21.3593;-23.4383;31.7107;48.9285;32.6621
-21.3221;-23.3516;31.6216;48.9587;32.7488
-21.2778;-23.2578;31.5225;48.9887;32.8426
-21.2352;-23.1582;31.4203;49.0239;32.9422
-21.2028;-23.0689;31.3326;49.06;33.0315
-21.1698;-22.9855;31.2489;49.0918;33.1148
-21.1409;-22.8954;31.163;49.1314;33.205
-21.1192;-22.7974;31.0764;49.1817;33.303
-21.0863;-22.6917;30.9765;49.2292;33.4087
-21.0532;-22.5945;30.8828;49.2708;33.5059
-21.0348;-22.4902;30.794;49.3284;33.6102
-21.021;-22.3922;30.7131;49.3852;33.7082
-21.0075;-22.2936;30.6321;49.4426;33.8067
-20.9865;-22.2035;30.5521;49.489;33.8968
-20.9719;-22.1106;30.4746;49.542;33.9898
-20.9668;-22.0071;30.3961;49.6094;34.0932
-20.965;-21.9067;30.3222;49.6771;34.1936
-20.9798;-21.8238;30.2726;49.745;34.2766
-20.9857;-21.7249;30.2055;49.8174;34.3754
-21.0001;-21.6108;30.1335;49.9066;34.4895
-21.0176;-21.4995;30.0661;49.9962;34.6008
-21.0253;-21.393;29.9954;50.0755;34.7073
-21.0338;-21.2835;29.9234;50.1576;34.8169
-21.0416;-21.1793;29.8549;50.2356;34.921
-21.0508;-21.078;29.7896;50.3127;35.0223
-21.0608;-20.9837;29.73;50.3856;35.1167
-21.0714;-20.8909;29.6721;50.4579;35.2095
-21.0876;-20.7912;29.6135;50.5391;35.3091
-21.1001;-20.6871;29.5495;50.6208;35.4133
-21.1084;-20.5827;29.4824;50.6999;35.5177
-21.1197;-20.4813;29.4198;50.779;35.6191
-21.143;-20.3787;29.3652;50.8676;35.7217
-21.1617;-20.2751;29.3069;50.9537;35.8253
-21.1711;-20.1825;29.2498;51.0255;35.9179
-21.1886;-20.0854;29.1956;51.1064;36.015
-21.2074;-19.9861;29.141;51.1897;36.1143
-21.2316;-19.8855;29.0898;51.2778;36.2149
-21.2536;-19.7798;29.0337;51.3681;36.3206
-21.2866;-19.671;28.9839;51.4684;36.4294
-21.3199;-19.5611;28.934;51.5697;36.5393
-21.3378;-19.4496;28.872;51.6613;36.6507
-21.3656;-19.3333;28.8143;51.7635;36.7671
-21.3974;-19.2277;28.7673;51.8609;36.8726
-21.4199;-19.1353;28.7223;51.9425;36.9651
-21.457;-19.0384;28.6856;52.0375;37.062
-21.5032;-18.9372;28.6532;52.142;37.1631
-21.5483;-18.8319;28.6177;52.2488;37.2685
-21.5938;-18.7306;28.5855;52.3529;37.3698
-21.6307;-18.63;28.5476;52.4505;37.4703
-21.6617;-18.5264;28.5036;52.5463;37.574
-21.6943;-18.4274;28.4642;52.6399;37.673
-21.7251;-18.3305;28.4251;52.7307;37.7699
-21.7582;-18.2336;28.3881;52.8233;37.8668
-21.7868;-18.1393;28.3496;52.9108;37.9611
-21.8064;-18.0583;28.3129;52.9827;38.0421
-21.8383;-17.9767;28.2855;53.0634;38.1237
-21.8713;-17.8929;28.2579;53.1466;38.2075
-21.9012;-17.8002;28.2225;53.2341;38.3002
-21.9241;-17.7081;28.1823;53.3163;38.3923
-21.9428;-17.6159;28.139;53.3957;38.4845
-21.9564;-17.5244;28.0925;53.4711;38.576
-21.9636;-17.4337;28.0416;53.5415;38.6667
-21.9768;-17.337;27.992;53.6205;38.7633
-21.9898;-17.2381;27.9411;53.7011;38.8623
-22.0026;-17.1456;27.8942;53.7767;38.9547
-22.013;-17.0446;27.8404;53.8572;39.0558
-22.0307;-16.9518;27.7977;53.9367;39.1486
-22.0452;-16.851;27.7479;54.0199;39.2494
-22.0631;-16.7452;27.6981;54.1091;39.3552
-22.0711;-16.6376;27.6395;54.1928;39.4628
-22.0766;-16.5389;27.5846;54.2685;39.5615
-22.0718;-16.4467;27.5256;54.3325;39.6537
-22.08;-16.355;27.4775;54.4051;39.7454
-22.0799;-16.2575;27.4195;54.4763;39.8429
-22.0735;-16.1586;27.3558;54.5443;39.9418
-22.0707;-16.0742;27.3038;54.6042;40.0262
-22.071;-15.9851;27.2517;54.6697;40.1152
-22.0599;-15.8897;27.1868;54.7323;40.2107
-22.0592;-15.7944;27.1306;54.8018;40.306
-22.0424;-15.6998;27.062;54.8601;40.4006
-22.0232;-15.5897;26.9826;54.9282;40.5107
-22.0007;-15.4783;26.9;54.9952;40.622
-21.9785;-15.3681;26.8185;55.0618;40.7322
-21.9608;-15.2687;26.7472;55.1235;40.8317
-21.9489;-15.1859;26.6902;55.1769;40.9145
-21.9484;-15.1088;26.646;55.2337;40.9915
-21.9237;-15.0053;26.567;55.2941;41.0951
-21.9119;-14.9147;26.5062;55.3535;41.1857
-21.8968;-14.8204;26.4408;55.4136;41.2799
-21.8857;-14.7158;26.3731;55.4842;41.3845
-21.8675;-14.6151;26.3019;55.5473;41.4853
-21.8454;-14.5104;26.2254;55.6108;41.59
-21.8347;-14.4025;26.1569;55.6845;41.6979
-21.8091;-14.2897;26.0736;55.7521;41.8107
-21.7875;-14.1972;26.0049;55.8072;41.9032
-21.7764;-14.0952;25.9401;55.8765;42.0052
-21.7629;-13.9903;25.8718;55.9465;42.1101
-21.7636;-13.8835;25.8148;56.0274;42.2169
-21.7646;-13.7797;25.76;56.1063;42.3207
-21.7631;-13.6666;25.6984;56.1907;42.4338
-21.7646;-13.5665;25.6466;56.2672;42.5338
-21.7853;-13.471;25.6138;56.3531;42.6294
-21.8032;-13.3787;25.5806;56.4346;42.7216
-21.8229;-13.2809;25.5465;56.5215;42.8194
-21.8391;-13.1814;25.5087;56.6075;42.919
-21.8579;-13.0808;25.4731;56.6961;43.0195
-21.8974;-12.9839;25.4574;56.7953;43.1164
-21.9367;-12.8932;25.4451;56.8898;43.2072
-21.9674;-12.8007;25.4249;56.98;43.2997
-21.9836;-12.7126;25.3947;57.0575;43.3878
-21.9935;-12.6291;25.3615;57.1275;43.4713
-22.0224;-12.545;25.3449;57.2102;43.5553
-22.0545;-12.4663;25.334;57.2909;43.634
-22.0866;-12.3855;25.3223;57.3733;43.7148
-22.1139;-12.2897;25.2994;57.464;43.8107
-22.1578;-12.2045;25.2966;57.5573;43.8958
-22.2023;-12.1135;25.2919;57.6556;43.9869
-22.2495;-12.0366;25.2966;57.7447;44.0638
-22.2934;-11.9576;25.2978;57.8334;44.1428
-22.3345;-11.8756;25.2954;57.9225;44.2248
-22.376;-11.7884;25.2913;58.0159;44.312
-22.4217;-11.697;25.2894;58.1153;44.4034
-22.4887;-11.5969;25.3028;58.2349;44.5034
-22.535;-11.5035;25.3014;58.3362;44.5969
-22.5908;-11.4187;25.3127;58.437;44.6817
-22.6389;-11.3327;25.317;58.5337;44.7676
-22.6867;-11.2467;25.3214;58.6304;44.8537
-22.7295;-11.1536;25.3186;58.7291;44.9468
-22.7808;-11.0565;25.3222;58.8365;45.0439
-22.8219;-10.9571;25.3159;58.939;45.1433
-22.8693;-10.8599;25.3168;59.0439;45.2405
-22.9147;-10.7668;25.3181;59.1445;45.3336
-22.9576;-10.6805;25.3205;59.2381;45.4198
-22.9991;-10.582;25.3168;59.3404;45.5184
-23.0342;-10.4948;25.3123;59.4297;45.6056
-23.0562;-10.405;25.2953;59.5128;45.6954
-23.077;-10.3163;25.278;59.5942;45.7841
-23.0993;-10.2157;25.2575;59.6859;45.8847
-23.109;-10.1205;25.228;59.7652;45.9799
-23.1297;-10.0244;25.2086;59.8524;46.076
-23.156;-9.91793;25.1906;59.9511;46.1824
-23.1781;-9.8147;25.1705;60.0448;46.2857
-23.2028;-9.71338;25.1539;60.1386;46.387
-23.213;-9.6184;25.1268;60.2184;46.482
-23.2224;-9.52007;25.0981;60.3003;46.5803
-23.224;-9.41575;25.0601;60.382;46.6846
-23.2334;-9.31397;25.0308;60.4666;46.7864
-23.2461;-9.21128;25.0045;60.5541;46.8891
-23.2546;-9.10605;24.9739;60.6411;46.9943
-23.2646;-9.00213;24.9455;60.7279;47.0982
-23.2631;-8.90558;24.9095;60.8019;47.1948
-23.2624;-8.81307;24.8759;60.8733;47.2873
-23.2517;-8.71308;24.8306;60.9443;47.3873
-23.2504;-8.6286;24.7999;61.0092;47.4718
-23.2429;-8.52357;24.7565;61.0862;47.5768
-23.2522;-8.42297;24.7308;61.1704;47.6774
-23.2508;-8.31022;24.6913;61.2575;47.7902
-23.2426;-8.20393;24.6479;61.3353;47.8964
-23.229;-8.10846;24.6035;61.4014;47.9919
-23.2112;-8.0143;24.5559;61.464;48.0861
-23.1957;-7.90646;24.5061;61.5387;48.1939
-23.1756;-7.80431;24.4544;61.6063;48.2961
-23.1594;-7.69423;24.4041;61.6826;48.4061
-23.1439;-7.58984;24.3567;61.7549;48.5105
-23.1173;-7.48917;24.3001;61.8176;48.6112
-23.1019;-7.38998;24.2551;61.8861;48.7104
-23.0803;-7.2965;24.2062;61.9464;48.8039
-23.059;-7.19444;24.1553;62.0137;48.9059
-23.0323;-7.10536;24.1034;62.0676;48.995
-23.0127;-7.0133;24.0576;62.1283;49.0871
-22.997;-6.9194;24.0154;62.1929;49.181
-22.9801;-6.82562;23.9724;62.2568;49.2748
-22.9718;-6.73376;23.9384;62.3245;49.3666
-22.9603;-6.63929;23.9009;62.3923;49.4611
-22.9529;-6.54692;23.8684;62.461;49.5535
-22.941;-6.45839;23.8328;62.5241;49.642
-22.9377;-6.36575;23.8046;62.5956;49.7346
-22.9187;-6.28049;23.7636;62.6518;49.8199
-22.9091;-6.19854;23.7329;62.7112;49.9018
-22.8937;-6.11777;23.697;62.7662;49.9826
-22.8868;-6.02046;23.6655;62.8396;50.0799
-22.8748;-5.92048;23.6286;62.912;50.1799
-22.8584;-5.82136;23.588;62.9813;50.279
-22.8478;-5.72079;23.5531;63.0552;50.3796
-22.8248;-5.6221;23.507;63.1203;50.4783
-22.7841;-5.55063;23.4505;63.153;50.5497
-22.7511;-5.45873;23.3968;63.2069;50.6416
-22.7199;-5.36125;23.3439;63.2663;50.7391
-22.6837;-5.26714;23.2872;63.3203;50.8332
-22.644;-5.17249;23.2273;63.3726;50.9279
-22.5881;-5.08493;23.1534;63.4098;51.0154
-22.5269;-5.00234;23.0757;63.44;51.098
-22.4579;-4.93315;22.9933;63.4549;51.1672
-22.389;-4.84544;22.9073;63.4849;51.2549
-22.3124;-4.76299;22.8151;63.5064;51.3374
-22.2397;-4.68451;22.7277;63.5271;51.4159
-22.1765;-4.60849;22.6502;63.5516;51.4919
-22.1067;-4.53625;22.5673;63.5693;51.5641
-22.0331;-4.47116;22.4822;63.5792;51.6292
-21.9595;-4.405;22.3969;63.59;51.6954
-21.8864;-4.3372;22.312;63.6026;51.7632
-21.8146;-4.26735;22.2281;63.6178;51.833
-21.7427;-4.20092;22.1448;63.6303;51.8995
-21.6711;-4.12993;22.0611;63.6469;51.9704
-21.5971;-4.06067;21.9756;63.6608;52.0397
-21.5181;-3.98978;21.8849;63.6733;52.1106
-21.4439;-3.91655;21.7986;63.6907;52.1838
-21.3757;-3.84117;21.7181;63.7135;52.2592
-21.3087;-3.76723;21.6392;63.7359;52.3331
-21.2413;-3.70642;21.5623;63.7474;52.394
-21.1785;-3.64027;21.4891;63.766;52.4601
-21.1233;-3.56837;21.4225;63.7938;52.532
-21.0801;-3.48615;21.3664;63.8371;52.6142
-21.0217;-3.40856;21.2963;63.8681;52.6918
-20.9529;-3.33393;21.2165;63.8908;52.7664
-20.8852;-3.25853;21.1378;63.915;52.8418
-20.8189;-3.182;21.0607;63.9411;52.9184
-20.7553;-3.10183;20.9858;63.9717;52.9985
-20.6903;-3.02557;20.9104;63.9986;53.0748
-20.6455;-2.944;20.8544;64.0413;53.1564
-20.5919;-2.8654;20.7903;64.0767;53.235
-20.5294;-2.78503;20.7174;64.1087;53.3153
-20.4606;-2.69903;20.6379;64.1422;53.4013
-20.3982;-2.61521;20.5651;64.1774;53.4852
-20.3333;-2.53886;20.4912;64.2053;53.5615
-20.2812;-2.46857;20.4309;64.2353;53.6318
-20.2345;-2.38878;20.375;64.2762;53.7116
-20.1816;-2.30281;20.3125;64.319;53.7976
-20.1306;-2.22073;20.2527;64.3598;53.8796
-20.0768;-2.13916;20.1904;64.3987;53.9612
-20.0314;-2.0572;20.1368;64.4427;54.0432
-19.9691;-1.97342;20.0664;64.4791;54.127
-19.9091;-1.87532;19.9972;64.5289;54.2251
-19.8685;-1.78513;19.9485;64.5827;54.3152
-19.8326;-1.69667;19.905;64.6378;54.4037
-19.7911;-1.61273;19.8567;64.6861;54.4876
-19.7489;-1.53303;19.8083;64.7305;54.5673
-19.7004;-1.44323;19.7532;64.7802;54.6571
-19.6563;-1.34747;19.7024;64.8374;54.7529
-19.6203;-1.26188;19.6608;64.8904;54.8385
-19.5866;-1.154;19.6206;64.9636;54.9464
-19.5248;-1.05146;19.5531;65.0174;55.0489
-19.4698;-0.961634;19.4936;65.0643;55.1387
-19.4319;-0.880515;19.4519;65.113;55.2199
-19.3775;-0.796695;19.3939;65.1553;55.3037
-19.325;-0.705041;19.3379;65.2054;55.3953
-19.2736;-0.608781;19.2832;65.2601;55.4916
-19.2154;-0.517077;19.2224;65.3076;55.5833
-19.1636;-0.438804;19.1686;65.347;55.6616
-19.0997;-0.360686;19.1031;65.3802;55.7397
-19.0359;-0.296902;19.0382;65.4012;55.8035
-18.9744;-0.219982;18.9757;65.4349;55.8804
-18.9044;-0.137209;18.9049;65.4692;55.9632
-18.8296;-0.0551205;18.8297;65.5007;56.0453
-18.7478;0.00940283;18.7478;65.5136;56.1098
-18.6735;0.0716557;18.6736;65.5286;56.172
-18.5947;0.119894;18.5951;65.5295;56.2203
-18.5199;0.183065;18.5208;65.5453;56.2834
-18.4393;0.240257;18.4409;65.5532;56.3406
-18.3604;0.291118;18.3627;65.5567;56.3915
-18.2926;0.352304;18.296;65.5748;56.4527
-18.2136;0.400642;18.218;65.5763;56.501
-18.1324;0.457332;18.1382;65.584;56.5577
-18.0524;0.521826;18.0599;65.5992;56.6222
-17.9663;0.581486;17.9757;65.6073;56.6819
-17.8808;0.649454;17.8926;65.623;56.7498
-17.79;0.708764;17.8041;65.6288;56.8091
-17.7029;0.750163;17.7187;65.6211;56.8505
-17.6077;0.804657;17.6261;65.6209;56.905
-17.5181;0.859495;17.5391;65.6239;56.9599
-17.4319;0.913705;17.4558;65.6282;57.0141
-17.3483;0.964286;17.3751;65.6308;57.0647
-17.2725;1.01465;17.3023;65.6372;57.115
-17.1918;1.06798;17.2249;65.6439;57.1684
-17.1128;1.12261;17.1495;65.6527;57.223
-17.0328;1.16467;17.0725;65.6502;57.265
-16.9715;1.21166;17.0147;65.6613;57.312
-16.9004;1.26759;16.9478;65.6755;57.368
-16.8187;1.31694;16.8702;65.6789;57.4173
-16.7376;1.36398;16.7931;65.6807;57.4644
-16.6514;1.40813;16.7108;65.6777;57.5085
-16.5564;1.44728;16.6195;65.6661;57.5477
-16.4545;1.47761;16.5207;65.6437;57.578
-16.3645;1.52233;16.4352;65.6398;57.6227
-16.2726;1.5665;16.3478;65.6346;57.6669
-16.1812;1.60901;16.261;65.6284;57.7094
-16.1015;1.65531;16.1864;65.6312;57.7557
-16.0185;1.70069;16.1085;65.6318;57.8011
-15.9272;1.74722;16.0227;65.6296;57.8476
-15.8327;1.79411;15.934;65.6264;57.8945
-15.7308;1.8334;15.8373;65.6132;57.9338
-15.6316;1.86445;15.7424;65.5941;57.9648
-15.5343;1.89462;15.6494;65.5753;57.995
-15.4312;1.91682;15.5498;65.5469;58.0172
-15.3345;1.93628;15.4562;65.5192;58.0367
-15.2374;1.94998;15.3617;65.4863;58.0503
-15.1399;1.96334;15.2667;65.4531;58.0637
-15.0406;1.96921;15.169;65.4125;58.0696
-14.9395;1.97129;15.069;65.3679;58.0717
-14.8449;1.96504;14.9744;65.319;58.0654
-14.7426;1.95252;14.8714;65.2611;58.0529
-14.6479;1.93588;14.7753;65.203;58.0363
-14.5457;1.90552;14.6699;65.1294;58.0059
-14.446;1.88204;14.568;65.0632;57.9824
-14.3686;1.854;14.4877;65.0032;57.9544
-14.2829;1.83067;14.3998;64.9436;57.931
-14.2004;1.80775;14.315;64.8859;57.9081
-14.1175;1.76752;14.2277;64.8126;57.8679
-14.0301;1.73161;14.1366;64.7412;57.832
-13.9554;1.69752;14.0582;64.6772;57.7979
-13.8724;1.65683;13.971;64.6036;57.7572
-13.7803;1.61881;13.8751;64.5284;57.7192
-13.6882;1.58132;13.7792;64.4537;57.6817
-13.6039;1.55438;13.6924;64.392;57.6548
-13.5131;1.50649;13.5968;64.3088;57.6069
-13.4267;1.45335;13.5051;64.2228;57.5537
-13.3447;1.40539;13.4185;64.1434;57.5058
-13.2617;1.34246;13.3295;64.0503;57.4428
-13.173;1.28436;13.2355;63.9589;57.3847
-13.093;1.22267;13.15;63.8683;57.323
-13.0147;1.15945;13.0662;63.777;57.2598
-12.9651;1.09821;13.0116;63.7002;57.1986
-12.8907;1.03127;12.9319;63.6073;57.1316
-12.8193;0.97869;12.8566;63.5288;57.0791
-12.7461;0.926181;12.7797;63.4495;57.0266
-12.6775;0.858309;12.7065;63.3584;56.9587
-12.6079;0.79961;12.6332;63.2751;56.9
-12.5454;0.742444;12.5674;63.1964;56.8428
-12.4781;0.678388;12.4965;63.1094;56.7788
-12.4094;0.61146;12.4245;63.0192;56.7118
-12.3398;0.542552;12.3517;62.9268;56.6429
-12.2656;0.470644;12.2746;62.8298;56.571
-12.1923;0.396562;12.1988;62.7312;56.4969
-12.1155;0.318599;12.1197;62.6276;56.419
-12.045;0.242559;12.0475;62.5285;56.3429
-11.9873;0.161404;11.9884;62.4304;56.2618
-11.9189;0.0839814;11.9192;62.331;56.1844
-11.8451;0.0217888;11.8451;62.243;56.1222
-11.7785;-0.0610216;11.7787;62.1395;56.0394
-11.7081;-0.136417;11.7089;62.0411;55.964
-11.6238;-0.205331;11.6257;61.9426;55.895
-11.5495;-0.274268;11.5528;61.8484;55.8261
-11.468;-0.347225;11.4732;61.7474;55.7531
-11.4032;-0.420438;11.4109;61.6535;55.6799
-11.3339;-0.48829;11.3444;61.5624;55.6121
-11.2586;-0.552519;11.2722;61.4722;55.5479
-11.2075;-0.626209;11.225;61.3837;55.4742
-11.1509;-0.691484;11.1723;61.3005;55.4089
-11.0814;-0.751867;11.1069;61.2162;55.3485
-11.0017;-0.813718;11.0317;61.1262;55.2867
-10.937;-0.883512;10.9726;61.0355;55.2169
-10.8608;-0.921146;10.8998;60.969;55.1792
-10.7863;-0.976599;10.8304;60.8871;55.1238
-10.7077;-1.02091;10.7563;60.8137;55.0795
-10.626;-1.05835;10.6785;60.7451;55.042
-10.5447;-1.10038;10.602;60.6727;55
-10.4639;-1.15543;10.5275;60.5887;54.9449
-10.3823;-1.21127;10.4528;60.5037;54.8891
-10.3182;-1.2592;10.3947;60.4332;54.8412
-10.2437;-1.31013;10.3272;60.3558;54.7902
-10.165;-1.36371;10.2561;60.2741;54.7367
-10.0796;-1.42338;10.1796;60.1842;54.677
-10.0044;-1.4744;10.1125;60.1064;54.626
-9.93296;-1.52733;10.0497;60.0286;54.573
-9.85133;-1.58092;9.97737;59.9459;54.5195
-9.76795;-1.64103;9.90484;59.8565;54.4593
-9.68349;-1.70369;9.83222;59.7645;54.3967
-9.60145;-1.76526;9.76238;59.6745;54.3351
-9.52538;-1.83116;9.69979;59.5831;54.2692
-9.45891;-1.89637;9.64713;59.4962;54.204
-9.39197;-1.96643;9.59562;59.4048;54.1339
-9.32187;-2.0287;9.54007;59.3192;54.0717
-9.24763;-2.09277;9.48147;59.2303;54.0076
-9.1724;-2.16121;9.42357;59.137;53.9392
-9.1072;-2.21764;9.37331;59.0588;53.8827
-9.03693;-2.2753;9.31896;58.9775;53.8251
-8.97003;-2.34163;9.27064;58.8896;53.7587
-8.90502;-2.41593;9.22692;58.7952;53.6844
-8.82774;-2.49244;9.17285;58.6939;53.6079
-8.76066;-2.57436;9.13108;58.5918;53.526
-8.68923;-2.66458;9.0886;58.4803;53.4358
-8.62989;-2.74316;9.05538;58.3844;53.3572
-8.56931;-2.83175;9.02507;58.2788;53.2686
-8.5163;-2.91658;9.00188;58.1798;53.1838
-8.45014;-3.00883;8.96983;58.0686;53.0915
-8.38433;-3.09215;8.93635;57.9658;53.0082
-8.32448;-3.18104;8.91157;57.8603;52.9193
-8.25874;-3.26541;8.88086;57.7566;52.835
-8.19959;-3.34899;8.85714;57.6562;52.7514
-8.14307;-3.42997;8.83597;57.5593;52.6704
-8.08101;-3.50895;8.80996;57.462;52.5914
-8.0244;-3.58282;8.78792;57.3716;52.5176
-7.95816;-3.66423;8.76122;57.2704;52.4361
-7.90241;-3.75497;8.74916;57.1649;52.3454
-7.8695;-3.83684;8.75502;57.0767;52.2635
-7.82415;-3.91743;8.75006;56.9847;52.1829
-7.77204;-3.98638;8.73475;56.9007;52.114
-7.7211;-4.06454;8.72559;56.8086;52.0358
-7.65577;-4.15378;8.71003;56.7007;51.9466
-7.59855;-4.2325;8.69782;56.6056;51.8679
-7.55261;-4.32091;8.70127;56.5062;51.7795
-7.50892;-4.40802;8.70715;56.4089;51.6924
-7.46524;-4.48532;8.70907;56.3206;51.6151
-7.41628;-4.54885;8.70018;56.2428;51.5515
-7.37437;-4.62733;8.70594;56.1541;51.473
-7.33331;-4.72042;8.72122;56.0523;51.38
-7.29074;-4.81073;8.73488;55.9525;51.2896
-7.24551;-4.90102;8.74742;55.8517;51.1994
-7.19698;-4.99749;8.76193;55.7439;51.1029
-7.1557;-5.09452;8.78398;55.6384;51.0059
-7.1175;-5.18325;8.80482;55.5418;50.9171
-7.07455;-5.27399;8.82407;55.4415;50.8264
-7.03324;-5.36679;8.84697;55.3399;50.7336
-7.00077;-5.44479;8.86885;55.2554;50.6556
-6.95693;-5.52824;8.88596;55.1614;50.5721
-6.91187;-5.60855;8.90111;55.0698;50.4918
-6.86356;-5.68826;8.9143;54.9774;50.4121
-6.81018;-5.77476;8.92896;54.8768;50.3256
-6.76829;-5.85685;8.95056;54.7848;50.2435
-6.72527;-5.94137;8.9738;54.6902;50.159
-6.67929;-6.02967;8.99832;54.5909;50.0707
-6.63549;-6.11923;9.02634;54.4913;49.9811
-6.59366;-6.2098;9.05748;54.3915;49.8906
-6.54954;-6.29643;9.08523;54.2945;49.8039
-6.50866;-6.38228;9.11571;54.1995;49.7181
-6.46916;-6.47277;9.15132;54.1007;49.6276
-6.43441;-6.56384;9.19161;54.0033;49.5365
-6.37278;-6.64946;9.2102;53.9003;49.4509
-6.32832;-6.74287;9.24738;53.7969;49.3575
-6.29793;-6.84138;9.29884;53.6944;49.259
-6.27269;-6.9254;9.34386;53.6073;49.175
-6.24929;-7.01274;9.3932;53.5179;49.0876
-6.22569;-7.09498;9.43917;53.433;49.0054
-6.20702;-7.18506;9.49485;53.343;48.9153
-6.17905;-7.2792;9.54816;53.2455;48.8212
-6.14798;-7.38913;9.61233;53.1323;48.7112
-6.11135;-7.4913;9.66789;53.024;48.6091
-6.0753;-7.58841;9.72076;52.9206;48.512
-6.03551;-7.68697;9.77327;52.8143;48.4134
-5.99983;-7.77246;9.81881;52.7217;48.3279
-5.9784;-7.84296;9.8617;52.6485;48.2574
-5.95507;-7.94445;9.9286;52.5462;48.1559
-5.92906;-8.04413;9.99309;52.4444;48.0562
-5.89976;-8.14781;10.0595;52.3377;47.9526
-5.87006;-8.24802;10.1236;52.234;47.8524
-5.84158;-8.35167;10.1919;52.1276;47.7487
-5.82245;-8.43782;10.2517;52.041;47.6626
-5.80177;-8.52931;10.3155;51.9489;47.5711
-5.77674;-8.61789;10.3749;51.8577;47.4825
-5.74876;-8.71388;10.4393;51.7586;47.3865
-5.72682;-8.81265;10.51;51.6594;47.2877
-5.71068;-8.90601;10.5796;51.5674;47.1944
-5.70726;-9.0038;10.6603;51.4765;47.0966
-5.69309;-9.10383;10.7374;51.3793;46.9965
-5.67457;-9.20194;10.8109;51.2821;46.8984
-5.66613;-9.30195;10.8918;51.1872;46.7984
-5.6509;-9.40081;10.9685;51.0907;46.6996
-5.63815;-9.48074;11.0306;51.0124;46.6196
-5.62807;-9.57088;11.103;50.926;46.5295
-5.61987;-9.66363;11.1789;50.8379;46.4367
-5.61197;-9.75441;11.2536;50.7518;46.346
-5.60755;-9.85051;11.3348;50.6622;46.2499
-5.59818;-9.94419;11.4117;50.5729;46.1562
-5.59238;-10.0243;11.4787;50.4975;46.0761
-5.58906;-10.1142;11.5557;50.414;45.9862
-5.59544;-10.2181;11.6498;50.322;45.8823
-5.59561;-10.3155;11.7354;50.2332;45.7849
-5.58821;-10.414;11.8186;50.1404;45.6864
-5.58271;-10.51;11.9007;50.0507;45.5904
-5.58928;-10.6104;11.9926;49.9619;45.4899
-5.5912;-10.7078;12.0796;49.8741;45.3926
-5.57991;-10.8087;12.1641;49.7775;45.2916
-5.57756;-10.9093;12.2524;49.6851;45.1911
-5.58376;-11.0174;12.3515;49.5894;45.083
-5.58;-11.1261;12.447;49.489;44.9742
-5.58309;-11.2184;12.5309;49.4064;44.8819
-5.59733;-11.3072;12.6168;49.3317;44.7931
-5.59893;-11.3979;12.6989;49.25;44.7024
-5.60336;-11.4933;12.7865;49.1653;44.607
-5.61114;-11.5899;12.8768;49.081;44.5105
-5.62004;-11.6875;12.9686;48.9962;44.4128
-5.64285;-11.7804;13.0621;48.9217;44.32
-5.65832;-11.8826;13.161;48.8357;44.2178
-5.66718;-11.9744;13.2478;48.7564;44.126
-5.69209;-12.0653;13.3406;48.6847;44.0351
-5.72277;-12.1616;13.4407;48.6108;43.9388
-5.74114;-12.2549;13.5331;48.5343;43.8454
-5.74799;-12.3595;13.6307;48.4428;43.7409
-5.74653;-12.4554;13.7171;48.3556;43.645
-5.75862;-12.5498;13.808;48.2756;43.5505
-5.77564;-12.6392;13.8963;48.2023;43.4612
-5.79333;-12.7346;13.9905;48.124;43.3658
-5.81816;-12.8233;14.0815;48.0549;43.277
-5.8399;-12.9176;14.1763;47.9795;43.1828
-5.83838;-13.0078;14.258;47.8976;43.0926
-5.86386;-13.1122;14.3637;47.8148;42.9881
-5.88709;-13.2112;14.4636;47.736;42.8891
-5.91073;-13.308;14.5616;47.6595;42.7923
-5.93321;-13.4072;14.6614;47.5804;42.6931
-5.9515;-13.5085;14.7614;47.4976;42.5919
-5.9747;-13.5986;14.8533;47.4271;42.5018
-5.99609;-13.6867;14.9425;47.3577;42.4137
-6.0157;-13.7765;15.0326;47.2861;42.3239
-6.02878;-13.8671;15.1209;47.2108;42.2333
-6.04352;-13.9592;15.2113;47.135;42.1412
