#1 AntPos X;#2 AntPos Y;#3 Distance form nest;#4 Total Distance;#5 Total Y Distance
14.9998;19.0252;24.2271;0.2;-0.0129083
14.8002;19.0123;24.0938;0.4;-0.0258166
14.6006;18.9994;23.9615;0.6;-0.0387248
14.401;18.9865;23.8301;0.8;-0.0516331
14.2014;18.9735;23.6997;1;-0.0645414
14.0019;18.9606;23.5703;1.2;-0.0774497
13.8023;18.9477;23.4418;1.4;-0.090358
13.6027;18.9348;23.3144;1.6;-0.103266
13.4031;18.9219;23.188;1.8;-0.116175
13.2035;18.909;23.0626;2;-0.129083
13.0039;18.8961;22.9383;2.2;-0.141991
12.8044;18.8832;22.8151;2.4;-0.154899
12.6048;18.8703;22.6929;2.6;-0.167808
12.4052;18.8574;22.5719;2.8;-0.180716
12.2056;18.8445;22.452;3;-0.193624
12.006;18.8316;22.3332;3.2;-0.206533
11.8065;18.8186;22.2156;3.4;-0.219441
11.6069;18.8057;22.0992;3.6;-0.232349
11.4073;18.7928;21.984;3.8;-0.245257
11.2077;18.7799;21.87;4;-0.258166
11.0081;18.767;21.7573;4.2;-0.271074
10.8085;18.7541;21.6458;4.4;-0.283982
10.609;18.7412;21.5356;4.6;-0.29689
10.4094;18.7283;21.4267;4.8;-0.309799
10.2098;18.7154;21.3191;5;-0.322707
10.0102;18.7025;21.2129;5.2;-0.335615
9.81062;18.6896;21.108;5.4;-0.348524
9.61104;18.6767;21.0045;5.6;-0.361432
9.41146;18.6638;20.9024;5.8;-0.37434
9.21187;18.6508;20.8017;6;-0.387248
9.01229;18.6379;20.7025;6.2;-0.400157
8.81271;18.625;20.6047;6.4;-0.413065
8.61312;18.6121;20.5085;6.6;-0.425973
8.41354;18.5992;20.4137;6.8;-0.438882
8.21396;18.5863;20.3204;7;-0.45179
8.01437;18.5734;20.2287;7.2;-0.464698
7.81479;18.5605;20.1386;7.4;-0.477606
7.61521;18.5476;20.05;7.6;-0.490515
7.41563;18.5347;19.9631;7.8;-0.503423
7.21604;18.5218;19.8778;8;-0.516331
7.01646;18.5089;19.7941;8.2;-0.52924
6.81688;18.4959;19.7122;8.4;-0.542148
6.61729;18.483;19.6319;8.6;-0.555056
6.41771;18.4701;19.5533;8.8;-0.567964
6.21813;18.4572;19.4765;9;-0.580873
6.01854;18.4443;19.4014;9.2;-0.593781
5.81896;18.4314;19.3281;9.4;-0.606689
5.61938;18.4185;19.2566;9.6;-0.619598
5.4198;18.4056;19.187;9.8;-0.632506
5.22021;18.3927;19.1191;10;-0.645414
5.02063;18.3798;19.0532;10.2;-0.658322
4.82105;18.3669;18.989;10.4;-0.671231
4.62146;18.354;18.9268;10.6;-0.684139
4.42188;18.341;18.8666;10.8;-0.697047
4.2223;18.3281;18.8082;11;-0.709955
4.02271;18.3152;18.7518;11.2;-0.722864
3.82313;18.3023;18.6974;11.4;-0.735772
3.62355;18.2894;18.6449;11.6;-0.74868
3.42397;18.2765;18.5945;11.8;-0.761589
3.22438;18.2636;18.546;12;-0.774497
3.0248;18.2507;18.4996;12.2;-0.787405
2.82522;18.2378;18.4553;12.4;-0.800313
2.62563;18.2249;18.413;12.6;-0.813222
2.42605;18.212;18.3728;12.8;-0.82613
2.22647;18.1991;18.3347;13;-0.839038
2.02688;18.1861;18.2987;13.2;-0.851947
1.8273;18.1732;18.2649;13.4;-0.864855
1.62772;18.1603;18.2331;13.6;-0.877763
1.42814;18.1474;18.2035;13.8;-0.890671
1.22855;18.1345;18.1761;14;-0.90358
1.02897;18.1216;18.1508;14.2;-0.916488
0.829386;18.1087;18.1277;14.4;-0.929396
0.629803;18.0958;18.1067;14.6;-0.942305
0.43022;18.0829;18.088;14.8;-0.955213
0.230637;18.07;18.0714;15;-0.968121
0.0310542;18.0571;18.0571;15.2;-0.981029
-0.168529;18.0442;18.0449;15.4;-0.993938
-0.368112;18.0312;18.035;15.6;-1.00685
-0.567695;18.0183;18.0273;15.8;-1.01975
-0.767278;18.0054;18.0218;16;-1.03266
-0.966861;17.9925;18.0185;16.2;-1.04557
-1.16644;17.9796;18.0174;16.4;-1.05848
-1.36603;17.9667;18.0186;16.6;-1.07139
-1.56561;17.9538;18.0219;16.8;-1.0843
-1.76519;17.9409;18.0275;17;-1.0972
-1.96478;17.928;18.0353;17.2;-1.11011
-2.16436;17.9151;18.0453;17.4;-1.12302
-2.36394;17.9022;18.0576;17.6;-1.13593
-2.56352;17.8893;18.072;17.8;-1.14884
-2.76311;17.8763;18.0886;18;-1.16175
-2.96269;17.8634;18.1075;18.2;-1.17465
-3.16227;17.8505;18.1285;18.4;-1.18756
-3.36186;17.8376;18.1517;18.6;-1.20047
-3.56144;17.8247;18.177;18.8;-1.21338
-3.76102;17.8118;18.2045;19;-1.22629
-3.96061;17.7989;18.2343;19.2;-1.23916
-4.16037;17.7888;18.2689;19.4;-1.24926
-4.36155;17.8071;18.3334;19.5996;-1.23102
-4.55717;17.8644;18.4365;19.7914;-1.1737
-4.75136;17.9129;18.5324;19.9824;-1.12517
-4.94852;17.9489;18.6186;20.1773;-1.08919
-5.14563;17.9828;18.7046;20.3723;-1.05524
-5.34273;18.0168;18.7923;20.5675;-1.02131
-5.53983;18.0507;18.8817;20.7627;-0.987387
-5.73693;18.0846;18.9728;20.958;-0.95346
-5.93403;18.1186;19.0655;21.1534;-0.919533
-6.13113;18.1525;19.1599;21.3489;-0.885606
-6.32824;18.1864;19.256;21.5444;-0.851679
-6.52534;18.2203;19.3536;21.7401;-0.817753
-6.72244;18.2543;19.4527;21.9358;-0.783826
-6.91954;18.2882;19.5535;22.1316;-0.749899
-7.11664;18.3221;19.6557;22.3275;-0.715972
-7.31374;18.356;19.7594;22.5234;-0.682045
-7.51084;18.39;19.8646;22.7195;-0.648118
-7.70795;18.4239;19.9713;22.9155;-0.614191
-7.90505;18.4578;20.0794;23.1117;-0.580264
-8.10215;18.4918;20.1889;23.3079;-0.546338
-8.29925;18.5257;20.2997;23.5042;-0.512411
-8.49635;18.5596;20.4119;23.7005;-0.478484
-8.69345;18.5935;20.5255;23.897;-0.444557
-8.89055;18.6275;20.6404;24.0934;-0.41063
-9.08766;18.6614;20.7565;24.2899;-0.376703
-9.28476;18.6953;20.8739;24.4865;-0.342776
-9.48186;18.7292;20.9926;24.6832;-0.308849
-9.67896;18.7632;21.1125;24.8798;-0.274922
-9.87606;18.7971;21.2336;25.0766;-0.240996
-10.0732;18.831;21.3559;25.2734;-0.207069
-10.2703;18.8649;21.4794;25.4702;-0.173142
-10.4674;18.8989;21.604;25.6671;-0.139215
-10.6645;18.9328;21.7297;25.864;-0.105288
-10.8616;18.9667;21.8566;26.061;-0.0713612
-11.0587;19.0007;21.9845;26.2581;-0.0374343
-11.2558;19.0346;22.1135;26.4551;-0.0035074
-11.4529;19.0685;22.2436;26.6523;0.0304195
-11.65;19.1024;22.3747;26.8494;0.0643464
-11.8471;19.1364;22.5067;27.0466;0.0982733
-12.0442;19.1703;22.6398;27.2439;0.1322
-12.2413;19.2042;22.7739;27.4411;0.166127
-12.4384;19.2381;22.9089;27.6385;0.200054
-12.6355;19.2721;23.0449;27.8358;0.233981
-12.8326;19.306;23.1818;28.0332;0.267908
-13.0297;19.3399;23.3196;28.2307;0.301835
-13.2268;19.3739;23.4583;28.4281;0.335761
-13.4239;19.4078;23.5979;28.6256;0.369688
-13.621;19.4417;23.7384;28.8232;0.403615
-13.8181;19.4756;23.8797;29.0208;0.437542
-14.0152;19.5096;24.0218;29.2184;0.471469
-14.2123;19.5435;24.1648;29.416;0.505396
-14.4094;19.5774;24.3086;29.6137;0.539323
-14.6065;19.6113;24.4531;29.8114;0.57325
-14.8036;19.6453;24.5984;30.0091;0.607177
-15.0007;19.6792;24.7445;30.2069;0.641103
-15.1978;19.7131;24.8914;30.4047;0.67503
-15.3949;19.747;25.0389;30.6025;0.708957
-15.592;19.781;25.1872;30.8003;0.742884
-15.7891;19.8149;25.3363;30.9982;0.776811
-15.9862;19.8488;25.486;31.1961;0.810738
-16.1833;19.8828;25.6364;31.394;0.844665
-16.3804;19.9167;25.7874;31.592;0.878592
-16.5775;19.9506;25.9392;31.79;0.912518
-16.7746;19.9845;26.0916;31.988;0.946445
-16.9717;20.0185;26.2446;32.186;0.980372
-17.1688;20.0524;26.3982;32.3841;1.0143
-17.3659;20.0863;26.5525;32.5821;1.04823
-17.563;20.1202;26.7074;32.7802;1.08215
-17.7601;20.1542;26.8628;32.9784;1.11608
-17.9572;20.1881;27.0189;33.1765;1.15001
-18.1543;20.222;27.1755;33.3747;1.18391
-18.3516;20.255;27.3322;33.573;1.21695
-18.5504;20.2785;27.4834;33.7726;1.24043
-18.7516;20.2804;27.621;33.9737;1.24233
-18.9516;20.2786;27.7558;34.1735;1.24052
-19.1517;20.2848;27.8973;34.3737;1.24669
-19.3513;20.2989;28.045;34.5737;1.26086
-19.5507;20.3146;28.1942;34.7735;1.27649
-19.7501;20.3303;28.3441;34.9734;1.29219
-19.9495;20.346;28.4946;35.1732;1.30788
-20.1489;20.3617;28.6457;35.373;1.32357
-20.3483;20.3774;28.7974;35.5729;1.33927
-20.5477;20.393;28.9497;35.7727;1.35496
-20.747;20.4087;29.1025;35.9725;1.37065
-20.9464;20.4244;29.2559;36.1724;1.38635
-21.1458;20.4401;29.4099;36.3722;1.40204
-21.3452;20.4558;29.5645;36.572;1.41773
-21.5446;20.4715;29.7195;36.7719;1.43343
-21.744;20.4872;29.8752;36.9717;1.44912
-21.9433;20.5029;30.0313;37.1716;1.46481
-22.1427;20.5186;30.188;37.3714;1.48051
-22.3421;20.5343;30.3451;37.5713;1.4962
-22.5415;20.55;30.5028;37.7711;1.5119
-22.7409;20.5657;30.661;37.971;1.52759
-22.9403;20.5814;30.8196;38.1708;1.54328
-23.1396;20.5971;30.9787;38.3707;1.55898
-23.339;20.6128;31.1383;38.5705;1.57467
-23.5384;20.6285;31.2984;38.7704;1.59036
-23.7378;20.6441;31.4589;38.9703;1.60606
-23.9372;20.6598;31.6199;39.1701;1.62175
-24.1366;20.6755;31.7813;39.37;1.63744
-24.3359;20.6912;31.9431;39.5698;1.65314
-24.5353;20.7069;32.1054;39.7697;1.66883
-24.7347;20.7226;32.2681;39.9696;1.68452
-24.9341;20.7383;32.4313;40.1694;1.70022
-25.1335;20.754;32.5948;40.3693;1.71591
-25.3329;20.7697;32.7587;40.5692;1.73161
-25.5322;20.7854;32.9231;40.7691;1.7473
-25.7316;20.8011;33.0878;40.9689;1.76299
-25.931;20.8168;33.2529;41.1688;1.77869
-26.1304;20.8325;33.4184;41.3687;1.79438
-26.3298;20.8482;33.5843;41.5686;1.81007
-26.5292;20.8639;33.7505;41.7684;1.82577
-26.7285;20.8796;33.9171;41.9683;1.84146
-26.9279;20.8952;34.0841;42.1682;1.85715
-27.1273;20.9109;34.2514;42.3681;1.87285
-27.3267;20.9266;34.4191;42.568;1.88854
-27.5261;20.9423;34.5871;42.7678;1.90423
-27.7255;20.958;34.7554;42.9677;1.91993
-27.9248;20.9737;34.9241;43.1676;1.93562
-28.1242;20.9894;35.0931;43.3675;1.95132
-28.3236;21.0051;35.2625;43.5674;1.96701
-28.523;21.0208;35.4321;43.7673;1.9827
-28.7224;21.0365;35.6021;43.9672;1.9984
-28.9218;21.0522;35.7724;44.1671;2.01409
-29.1211;21.0679;35.943;44.367;2.02978
-29.3205;21.0836;36.1138;44.5669;2.04548
-29.5199;21.0993;36.285;44.7667;2.06117
-29.7193;21.115;36.4565;44.9666;2.07686
-29.9187;21.1306;36.6283;45.1665;2.09256

29.8819;21.1463;36.6074;45.3664;2.10825
29.6826;21.162;36.4539;45.5663;2.12394
29.4832;21.1777;36.3009;45.7662;2.13964
29.2838;21.1934;36.1483;45.9661;2.15533
29.0844;21.2091;35.9962;46.166;2.17103
28.885;21.2248;35.8446;46.3659;2.18672
28.6856;21.2405;35.6935;46.5658;2.20241
28.4863;21.2562;35.5428;46.7657;2.21811
28.2869;21.2719;35.3927;46.9656;2.2338
28.0875;21.2876;35.243;47.1655;2.24949
27.8881;21.3033;35.0938;47.3654;2.26519
27.6887;21.319;34.9452;47.5654;2.28088
27.4893;21.3347;34.797;47.7653;2.29657
27.29;21.3504;34.6494;47.9652;2.31227
27.0906;21.3661;34.5023;48.1651;2.32796
26.8912;21.3817;34.3557;48.365;2.34365
26.6918;21.3974;34.2097;48.5649;2.35935
26.4924;21.4131;34.0642;48.7648;2.37504
26.293;21.4288;33.9193;48.9647;2.39074
26.0937;21.4445;33.7749;49.1646;2.40643
25.8943;21.4602;33.6312;49.3645;2.42212
25.6949;21.4759;33.4879;49.5645;2.43782
25.4955;21.4916;33.3453;49.7644;2.45351
25.2961;21.5073;33.2033;49.9643;2.4692
25.0967;21.523;33.0618;50.1642;2.4849
24.8974;21.5387;32.921;50.3641;2.50059
24.698;21.5544;32.7808;50.564;2.51628
24.4986;21.5701;32.6412;50.764;2.53198
24.2992;21.5858;32.5023;50.9639;2.54767
24.0998;21.6015;32.3639;51.1638;2.56336
23.9004;21.6171;32.2263;51.3637;2.57906
23.7011;21.6328;32.0893;51.5636;2.59475
23.5017;21.6485;31.9529;51.7635;2.61045
23.3023;21.6642;31.8172;51.9635;2.62614
23.1029;21.6799;31.6822;52.1634;2.64183
22.9035;21.6956;31.5479;52.3633;2.65753
22.7041;21.7113;31.4143;52.5632;2.67322
22.5048;21.727;31.2814;52.7632;2.68891
22.3054;21.7427;31.1492;52.9631;2.70461
22.106;21.7584;31.0178;53.163;2.7203
21.9066;21.7741;30.8871;53.3629;2.73599
21.7072;21.7898;30.7571;53.5629;2.75169
21.5078;21.8054;30.6278;53.7628;2.76734
21.3084;21.8199;30.4984;53.9628;2.78181
21.1077;21.8178;30.357;54.1631;2.77968
20.9085;21.7396;30.1625;54.358;2.70151
20.7809;21.5173;29.9139;54.4749;2.47922
20.6865;21.3409;29.7215;54.5615;2.30278
20.6779;21.1187;29.5563;54.5611;2.08057
20.8185;20.9131;29.5087;54.4132;1.87498
20.9334;20.7494;29.4744;54.2929;1.71126
21.0556;20.5908;29.4502;54.166;1.55267
21.189;20.4411;29.4417;54.0285;1.40303
21.3319;20.3006;29.4477;53.8822;1.26249
21.482;20.1679;29.4656;53.7293;1.12983
21.6374;20.0417;29.4932;53.5714;1.00365
21.7968;19.9208;29.5286;53.4099;0.88269
21.9592;19.8039;29.5703;53.2457;0.765828
22.1238;19.6902;29.617;53.0796;0.652145
22.29;19.579;29.6678;52.9121;0.540893
22.4574;19.4696;29.7221;52.7437;0.431483
22.6258;19.3615;29.7791;52.5746;0.323456
22.7947;19.2545;29.8385;52.4051;0.216458
22.9642;19.1483;29.9;52.2353;0.110212
23.134;19.0426;29.9633;52.0654;0.0045008
23.304;18.9372;30.0282;51.8955;-0.100864
23.4741;18.832;30.0945;51.7257;-0.206063
23.6441;18.7268;30.1619;51.5562;-0.311298
23.814;18.6213;30.2301;51.387;-0.416825
23.9835;18.5151;30.2988;51.2185;-0.522982
24.1524;18.4079;30.3675;51.0509;-0.630195
24.3202;18.2991;30.4357;50.8845;-0.738941
24.4868;18.1884;30.5028;50.7197;-0.849668
24.6518;18.0754;30.5685;50.5567;-0.962688
24.8152;17.96;30.6326;50.3957;-1.07812
24.9769;17.8422;30.6951;50.2367;-1.1959
25.1369;17.7223;30.7562;50.0797;-1.31581
25.2956;17.6005;30.8164;49.9244;-1.43755
25.4532;17.4773;30.8759;49.7707;-1.56079
25.6098;17.3529;30.9352;49.6182;-1.68516
25.7658;17.2278;30.9947;49.4667;-1.8103
25.9215;17.1022;31.0549;49.3159;-1.93587
26.0771;16.9766;31.1162;49.1655;-2.06149
26.233;16.8512;31.179;49.0152;-2.18684
26.3893;16.7265;31.2437;48.8648;-2.31161
26.5463;16.6026;31.3105;48.714;-2.43552
26.7041;16.4797;31.3797;48.5627;-2.55839
26.8628;16.358;31.4514;48.4108;-2.68011
27.0224;16.2374;31.5256;48.2583;-2.80066
27.1828;16.118;31.6021;48.1053;-2.9201
27.3439;15.9995;31.6808;47.9518;-3.03858
27.5056;15.8818;31.7615;47.7981;-3.15631
27.6677;15.7646;31.8437;47.6443;-3.2735
27.8299;15.6477;31.9273;47.4906;-3.39042
27.9923;15.5308;32.0121;47.3372;-3.50728
28.1545;15.4138;32.0976;47.1843;-3.62428
28.3165;15.2965;32.1839;47.032;-3.74155
28.4782;15.1789;32.2709;46.8802;-3.85917
28.6397;15.0609;32.3584;46.7292;-3.97716
28.801;14.9426;32.4465;46.5788;-4.09548
28.962;14.824;32.5354;46.429;-4.21408
29.1229;14.7052;32.6249;46.2797;-4.33289
29.2836;14.5862;32.7153;46.1311;-4.4519
29.4441;14.4668;32.8062;45.983;-4.57127
29.6042;14.3469;32.8974;45.8359;-4.69119
29.7639;14.2265;32.9892;45.6895;-4.81155
29.9235;14.106;33.0817;45.5437;-4.93205

-29.9169;13.9855;33.0244;45.3983;-5.05257
-29.7559;13.8668;32.8284;45.2517;-5.17132
-29.5942;13.7492;32.6321;45.1047;-5.28892
-29.4319;13.6322;32.4357;44.9575;-5.40591
-29.2696;13.5154;32.2393;44.8106;-5.5227
-29.1073;13.3985;32.043;44.6641;-5.63958
-28.9452;13.2814;31.8468;44.5183;-5.75671
-28.7833;13.1639;31.6507;44.3732;-5.87415
-28.6216;13.0462;31.4547;44.2287;-5.99189
-28.4601;12.9282;31.2589;44.0849;-6.10986
-28.2987;12.8101;31.0631;43.9417;-6.22799
-28.1374;12.6919;30.8674;43.799;-6.34621
-27.9761;12.5736;30.6718;43.6567;-6.46446
-27.8148;12.4554;30.4762;43.515;-6.58271
-27.6535;12.3372;30.2807;43.3736;-6.70093
-27.4921;12.219;30.0852;43.2327;-6.81911
-27.3308;12.1008;29.8898;43.0922;-6.93726
-27.1694;11.9827;29.6945;42.9522;-7.05539
-27.008;11.8646;29.4991;42.8126;-7.1735
-26.8466;11.7465;29.3039;42.6735;-7.29161
-26.6852;11.6284;29.1087;42.5349;-7.40974
-26.5238;11.5102;28.9136;42.3969;-7.5279
-26.3625;11.392;28.7186;42.2593;-7.64609
-26.2012;11.2737;28.5237;42.1223;-7.76434
-26.0399;11.1554;28.3288;41.9859;-7.88266
-25.8788;11.037;28.1341;41.8501;-8.00107
-25.7177;10.9185;27.9394;41.7149;-8.11957
-25.5566;10.7999;27.7449;41.5803;-8.23819
-25.3957;10.6811;27.5505;41.4463;-8.35695
-25.2349;10.5622;27.3562;41.3131;-8.47586
-25.0742;10.4431;27.162;41.1805;-8.59495
-24.9137;10.3239;26.968;41.0487;-8.71423
-24.7533;10.2044;26.7741;40.9176;-8.83371
-24.5931;10.0847;26.5804;40.7873;-8.95341
-24.433;9.96476;26.3869;40.6577;-9.07333
-24.2731;9.84463;26.1935;40.5289;-9.19346
-24.1134;9.72428;26.0003;40.401;-9.31381
-23.9538;9.60373;25.8073;40.2738;-9.43436
-23.7943;9.483;25.6144;40.1473;-9.55509
-23.635;9.36211;25.4217;40.0216;-9.67598
-23.4758;9.24111;25.2291;39.8967;-9.79699
-23.3166;9.12001;25.0367;39.7724;-9.91808
-23.1575;8.99886;24.8445;39.6488;-10.0392
-22.9983;8.87771;24.6523;39.5259;-10.1604
-22.8391;8.75662;24.4603;39.4035;-10.2815
-22.6799;8.63565;24.2683;39.2816;-10.4024
-22.5204;8.5149;24.0764;39.1602;-10.5232
-22.3608;8.39447;23.8845;39.0391;-10.6436
-22.2007;8.27451;23.6926;38.9181;-10.7636
-22.0402;8.1552;23.5006;38.7972;-10.8829
-21.879;8.03679;23.3084;38.676;-11.0013
-21.717;7.91956;23.1159;38.5544;-11.1185
-21.5538;7.80385;22.9231;38.4318;-11.2342
-21.3894;7.69001;22.7298;38.3082;-11.3481
-21.2234;7.57839;22.5359;38.183;-11.4597
-21.0558;7.46923;22.3414;38.0562;-11.5689
-20.8865;7.36267;22.1462;37.9277;-11.6754
-20.7156;7.25872;21.9505;37.7974;-11.7794
-20.5433;7.15722;21.7544;37.6655;-11.8809
-20.3697;7.05783;21.5578;37.5325;-11.9803
-20.1952;6.96005;21.3609;37.3986;-12.078
-20.0201;6.86338;21.1639;37.2644;-12.1747
-19.8445;6.7677;20.9668;37.13;-12.2704
-19.6677;6.67416;20.7693;36.9943;-12.3639
-19.4854;6.59104;20.57;36.8506;-12.4471
-19.2785;6.56278;20.3649;36.6655;-12.4753
-19.0866;6.48974;20.1598;36.5101;-12.5483
-18.841;6.57275;19.9546;36.251;-12.4653
-18.6472;6.62401;19.7888;36.0514;-12.4141
-18.4935;6.82484;19.7126;35.8381;-12.2132
-18.3635;6.97724;19.6444;35.6642;-12.0608
-18.2997;7.18562;19.6599;35.534;-11.8525
-18.2439;7.37772;19.6792;35.4178;-11.6604
-18.2179;7.57843;19.7313;35.3276;-11.4597
-18.213;7.77947;19.8049;35.2583;-11.2586
-18.2275;7.97988;19.8977;35.2085;-11.0582
-18.2573;8.17825;20.0053;35.175;-10.8598
-18.2992;8.37419;20.1243;35.155;-10.6639
-18.3502;8.5678;20.2519;35.1454;-10.4703
-18.4075;8.75953;20.3855;35.1436;-10.2786
-18.4686;8.95001;20.523;35.1469;-10.0881
-18.5312;9.13998;20.6626;35.1528;-9.89811
-18.593;9.33017;20.8027;35.1592;-9.70792
-18.6518;9.52137;20.9415;35.1635;-9.51672
-18.7046;9.71439;21.0768;35.1626;-9.3237
-18.7472;9.91008;21.2054;35.1524;-9.12801
-18.7741;10.1089;21.3227;35.1273;-8.92918
-18.7796;10.31;21.4236;35.082;-8.7281
-18.7615;10.5106;21.505;35.0151;-8.52753
-18.7198;10.7076;21.5658;34.9272;-8.33048
-18.6554;10.8984;21.6055;34.8195;-8.13968
-18.5707;11.0809;21.6254;34.6949;-7.95719
-18.4682;11.2538;21.6269;34.5558;-7.78426
-18.35;11.4163;21.6114;34.4042;-7.62183
-18.2183;11.5678;21.5806;34.2425;-7.47032
-18.077;11.7099;21.5383;34.0737;-7.32816
-17.9312;11.847;21.4913;33.902;-7.19112
-17.7862;11.9848;21.4472;33.7312;-7.05334
-17.6466;12.1282;21.4125;33.5649;-6.90994
-17.5131;12.2774;21.3879;33.4038;-6.76072
-17.3848;12.4309;21.3719;33.2473;-6.60715
-17.2603;12.5876;21.3627;33.0944;-6.45054
-17.1385;12.7462;21.3587;32.9443;-6.2919
-17.0184;12.9061;21.3587;32.7961;-6.13198
-16.8993;13.0668;21.3619;32.6494;-5.97126
-16.7809;13.228;21.3678;32.5038;-5.81005
-16.663;13.3896;21.3761;32.3592;-5.64853
-16.5453;13.5513;21.3866;32.2154;-5.4868
-16.4279;13.7132;21.3992;32.0724;-5.32493
-16.3106;13.8751;21.4139;31.9301;-5.16295
-16.1934;14.0372;21.4306;31.7886;-5.00086
-16.0764;14.1994;21.4493;31.6478;-4.83867
-15.9595;14.3617;21.4701;31.5079;-4.67636
-15.8429;14.5242;21.493;31.3687;-4.51392
-15.7264;14.6868;21.5179;31.2304;-4.35132
-15.6102;14.8496;21.545;31.093;-4.18854
-15.4943;15.0125;21.5743;30.9565;-4.02554
-15.3788;15.1758;21.6058;30.8211;-3.86229
-15.2636;15.3393;21.6396;30.6867;-3.69875
-15.149;15.5032;21.6758;30.5535;-3.53487
-15.0349;15.6675;21.7145;30.4216;-3.3706
-14.9215;15.8322;21.7557;30.2909;-3.20588
-14.8087;15.9974;21.7995;30.1618;-3.04066
-14.6969;16.1632;21.846;30.0341;-2.87489
-14.5859;16.3296;21.8953;29.9081;-2.70852
-14.4758;16.4966;21.9474;29.7838;-2.54149
-14.3669;16.6643;22.0024;29.6614;-2.37377
-14.2591;16.8328;22.0604;29.5408;-2.20532
-14.1524;17.002;22.1214;29.4223;-2.03613
-14.0469;17.1719;22.1854;29.3058;-1.86619
-13.9426;17.3426;22.2522;29.1913;-1.69553
-13.8395;17.5139;22.322;29.0788;-1.52416
-13.7375;17.686;22.3944;28.9684;-1.35214
-13.6366;17.8587;22.4697;28.8601;-1.17943
-13.5372;18.0322;22.5481;28.7542;-1.00586
-13.4399;18.207;22.6302;28.6513;-0.831134
-13.3445;18.3827;22.7156;28.5514;-0.655355
-13.2488;18.5584;22.8023;28.4522;-0.479705
-13.1499;18.7322;22.887;28.3509;-0.30586
-13.0462;18.9034;22.9683;28.2459;-0.134713
-12.9411;19.0735;23.0493;28.1405;0.0354397
-12.8411;19.2468;23.1373;28.0413;0.208759
-12.7505;19.4255;23.2363;27.9526;0.387379
-12.6663;19.607;23.3425;27.8715;0.568919
-12.5788;19.7869;23.4467;27.7883;0.748798
-12.4836;19.963;23.5448;27.6984;0.924877
-12.3776;20.1331;23.6336;27.5987;1.09497
-12.2633;20.2975;23.7144;27.4915;1.25936
-12.1408;20.4559;23.7875;27.3769;1.4178
-12.0142;20.6108;23.8567;27.2589;1.57268
-11.8828;20.7617;23.9218;27.137;1.72365
-11.7503;20.9115;23.9866;27.0147;1.8734
-11.6148;21.0587;24.0494;26.8902;2.02061
-11.4797;21.2062;24.114;26.767;2.16809
-11.3425;21.3517;24.1774;26.6425;2.31362
-11.2066;21.4985;24.244;26.5203;2.46036
-11.0687;21.6434;24.3095;26.397;2.60526
-10.9329;21.7902;24.3791;26.2767;2.75206
-10.7948;21.9349;24.4472;26.1551;2.89681
-10.6594;22.0821;24.5202;26.0373;3.04403
-10.5213;22.2268;24.5913;25.9176;3.18876
-10.3865;22.3746;24.6679;25.8025;3.33654
-10.2483;22.5193;24.7416;25.6847;3.48123
-10.1141;22.6677;24.8218;25.5724;3.6296
-9.97574;22.8122;24.898;25.4564;3.77413
-9.84211;22.9612;24.9816;25.3469;3.92308
-9.70338;23.1054;25.0602;25.2327;4.0673
-9.57026;23.2549;25.1471;25.126;4.21677
-9.43101;23.3987;25.2278;25.0134;4.36057
-9.29832;23.5486;25.3179;24.9095;4.51048
-9.15843;23.6918;25.4004;24.7984;4.65375
-9.02606;23.8421;25.4935;24.6972;4.80403
-8.88547;23.9848;25.5778;24.5876;4.94671
-8.75328;24.1353;25.6736;24.489;5.09724
-8.61198;24.2774;25.7596;24.381;5.23933
-8.47983;24.4281;25.858;24.2849;5.38997
-8.3379;24.5696;25.9458;24.1785;5.53152
-8.20563;24.7202;26.0465;24.0848;5.68211
-8.06319;24.8613;26.1362;23.9803;5.82319
-7.93064;25.0117;26.2389;23.8889;5.97357
-7.78787;25.1524;26.3305;23.7865;6.11433
-7.6549;25.3024;26.435;23.6972;6.26433
-7.51198;25.443;26.5288;23.5972;6.40491
-7.37846;25.5925;26.6349;23.51;6.55438
-7.23559;25.733;26.7309;23.4126;6.69493
-7.10142;25.8818;26.8384;23.3273;6.84373
-6.95876;26.0225;26.9369;23.2328;6.98439
-6.82384;26.1705;27.0455;23.1494;7.13242
-6.68153;26.3114;27.1465;23.0581;7.27332
-6.54581;26.4586;27.2563;22.9764;7.4205
-6.40394;26.5998;27.3598;22.8885;7.56173
-6.26742;26.7462;27.4707;22.8087;7.70808
-6.12605;26.8878;27.5768;22.7242;7.84971
-5.98882;27.0334;27.6888;22.6465;7.99532
-5.848;27.1755;27.7976;22.5657;8.13742
-5.71028;27.3206;27.911;22.4903;8.28251
-5.57012;27.4633;28.0225;22.4133;8.42523
-5.43226;27.6083;28.1376;22.3408;8.57016
-5.293;27.7518;28.2521;22.268;8.71372
-5.15552;27.8971;28.3695;22.1992;8.859
-5.0175;28.0418;28.4872;22.1312;9.00375
-4.88106;28.1881;28.6076;22.0668;9.14999
-4.7448;28.3345;28.729;22.0044;9.29639
-4.61013;28.4824;28.8531;21.9456;9.44428
-4.47619;28.6309;28.9787;21.8895;9.59281
-4.34365;28.7807;29.1066;21.8368;9.74259
-4.21141;28.9307;29.2357;21.7863;9.89264
-4.07895;29.0806;29.3652;21.7372;10.0425
-3.94469;29.2288;29.4938;21.6875;10.1907
-3.80769;29.3746;29.6203;21.6359;10.3365
-3.66742;29.5172;29.7442;21.5817;10.4791
-3.52405;29.6567;29.8654;21.5249;10.6186
-3.37807;29.7935;29.9844;21.4663;10.7554
-3.23017;29.9282;30.102;21.4066;10.8901

-3.08098;-29.9386;30.0967;21.3467;11.0233
-2.92966;-29.8078;29.9514;21.2856;11.1541
-2.77609;-29.6796;29.8092;21.2228;11.2823
-2.6231;-29.5508;29.667;21.1625;11.4111
-2.4733;-29.4182;29.522;21.1088;11.5437
-2.32995;-29.2784;29.371;21.0661;11.6835
-2.19309;-29.1323;29.2147;21.0342;11.8296
-2.05854;-28.9843;29.0573;21.0071;11.9776
-1.92294;-28.8373;28.9013;20.9805;12.1246
-1.78546;-28.692;28.7475;20.9532;12.2699
-1.64615;-28.5485;28.5959;20.9252;12.4135
-1.5054;-28.4064;28.4462;20.8972;12.5556
-1.36356;-28.2653;28.2982;20.8694;12.6966
-1.22093;-28.1251;28.1516;20.8425;12.8368
-1.07771;-27.9855;28.0063;20.8166;12.9764
-0.934064;-27.8464;27.862;20.7919;13.1155
-0.790132;-27.7075;27.7188;20.7688;13.2544
-0.646038;-27.5688;27.5764;20.7473;13.3931
-0.501908;-27.4302;27.4347;20.7277;13.5318
-0.357889;-27.2914;27.2937;20.7102;13.6705
-0.214152;-27.1523;27.1532;20.695;13.8096
-0.0709188;-27.0127;27.0128;20.6824;13.9492
0.0715294;-26.8723;26.8724;20.6729;14.0896
0.212821;-26.7308;26.7316;20.6669;14.2311
0.352466;-26.5876;26.5899;20.6652;14.3743
0.489818;-26.4422;26.4467;20.6687;14.5197
0.624024;-26.2938;26.3012;20.6783;14.6681
0.753969;-26.1417;26.1525;20.6956;14.8202
0.878219;-25.9848;25.9996;20.7222;14.9771
0.994995;-25.8221;25.8413;20.76;15.1398
1.10219;-25.6529;25.6766;20.811;15.309
1.19743;-25.4765;25.5046;20.8771;15.4854
1.27827;-25.2928;25.3251;20.9599;15.6691
1.34241;-25.1025;25.1384;21.0603;15.8594
1.38785;-24.9068;24.9454;21.1784;16.0551
1.41311;-24.7073;24.7477;21.3136;16.2546
1.41824;-24.5064;24.5474;21.464;16.4555
1.40782;-24.3061;24.3468;21.6246;16.6558
1.39237;-24.1066;24.1468;21.7884;16.8553
1.38234;-23.9068;23.9467;21.9497;17.0551
1.38297;-23.7065;23.7468;22.1052;17.2554
1.39522;-23.5065;23.5479;22.2541;17.4554
1.41754;-23.3075;23.3506;22.3968;17.6544
1.44749;-23.1096;23.1549;22.5348;17.8523
1.4828;-22.9127;22.9606;22.6698;18.0492
1.52175;-22.7165;22.7674;22.8029;18.2454
1.56315;-22.5208;22.575;22.9351;18.4411
1.60618;-22.3255;22.3832;23.0671;18.6364
1.65028;-22.1304;22.1919;23.1992;18.8315
1.69511;-21.9355;22.0009;23.3317;19.0264
1.74045;-21.7407;21.8103;23.4648;19.2212
1.78619;-21.546;21.6199;23.5985;19.4159
1.8323;-21.3514;21.4299;23.7329;19.6105
1.87875;-21.1569;21.2401;23.8679;19.8051
1.92549;-20.9624;21.0506;24.0037;19.9995
1.97247;-20.768;20.8614;24.1401;20.1939
2.01963;-20.5736;20.6725;24.2773;20.3883
2.06691;-20.3793;20.4838;24.4153;20.5826
2.11426;-20.185;20.2954;24.554;20.7769
2.16169;-19.9907;20.1072;24.6936;20.9712
2.20916;-19.7964;19.9193;24.8339;21.1655
2.25668;-19.6021;19.7316;24.9751;21.3598
2.30425;-19.4079;19.5442;25.1169;21.554
2.35186;-19.2136;19.357;25.2596;21.7483
2.39951;-19.0194;19.1701;25.403;21.9425
2.44719;-18.8251;18.9835;25.5471;22.1368
2.49489;-18.6309;18.7972;25.692;22.331
2.54261;-18.4367;18.6112;25.8375;22.5252
2.59032;-18.2425;18.4255;25.9839;22.7194
2.63802;-18.0482;18.24;26.1309;22.9137
2.68567;-17.854;18.0549;26.2787;23.1079
2.73324;-17.6597;17.87;26.4272;23.3022
2.7807;-17.4655;17.6854;26.5764;23.4965
2.82799;-17.2711;17.5011;26.7265;23.6908
2.87504;-17.0767;17.3171;26.8773;23.8852
2.92177;-16.8823;17.1332;27.029;24.0796
2.96806;-16.6877;16.9496;27.1816;24.2742
3.0138;-16.493;16.7661;27.3352;24.4689
3.05886;-16.2981;16.5827;27.4899;24.6638
3.10309;-16.1031;16.3994;27.6456;24.8588
3.14638;-15.9078;16.216;27.8025;25.0541
3.18859;-15.7123;16.0326;27.9607;25.2496
3.22959;-15.5166;15.8491;28.1201;25.4453
3.26923;-15.3205;15.6655;28.2809;25.6414
3.30731;-15.1242;15.4816;28.4431;25.8377
3.34359;-14.9275;15.2974;28.6068;26.0344
3.3778;-14.7304;15.1128;28.7722;26.2315
3.40964;-14.533;14.9276;28.9394;26.4289
3.43886;-14.3351;14.7418;29.1084;26.6268
3.4653;-14.1368;14.5554;29.2792;26.8251
3.48892;-13.9382;14.3682;29.4519;27.0237
3.50981;-13.7393;14.1805;29.6263;27.2226
3.52816;-13.5401;13.9922;29.8022;27.4218
3.54422;-13.3408;13.8035;29.9795;27.6212
3.55827;-13.1412;13.6145;30.158;27.8207
3.57053;-12.9416;13.4251;30.3376;28.0203
3.58118;-12.7419;13.2356;30.5181;28.22
3.59034;-12.5421;13.0459;30.6994;28.4198
3.59817;-12.3422;12.856;30.8816;28.6197
3.60498;-12.1423;12.6662;31.0644;28.8196
3.61153;-11.9425;12.4766;31.2475;29.0195
3.61926;-11.7426;12.2877;31.4304;29.2193
3.63029;-11.5429;12.1003;31.6121;29.419
3.64724;-11.3435;11.9154;31.7915;29.6184
3.67266;-11.1449;11.7345;31.9674;29.817
3.70835;-10.9479;11.5589;32.1385;30.014
3.7546;-10.753;11.3897;32.3042;30.2089
3.80986;-10.5606;11.2268;32.4648;30.4013
3.87108;-10.3701;11.069;32.6219;30.5918
3.93466;-10.1804;10.9143;32.7779;30.7815
3.99745;-9.99053;10.7606;32.9349;30.9714
4.05737;-9.7997;10.6064;33.0942;31.1622
4.11353;-9.6077;10.4513;33.2563;31.3542
4.16596;-9.41466;10.2952;33.421;31.5473
4.21522;-9.22079;10.1386;33.5879;31.7411
4.2621;-9.02635;9.98201;33.7565;31.9356
4.30736;-8.83153;9.82595;33.9263;32.1304
4.35157;-8.63647;9.67082;34.097;32.3254
4.39512;-8.44127;9.51694;34.2684;32.5206
4.43826;-8.24598;9.36452;34.4403;32.7159
4.48106;-8.05061;9.2137;34.6126;32.9113
4.52355;-7.85518;9.06456;34.7855;33.1067
4.56567;-7.65966;8.91716;34.9588;33.3022
4.60732;-7.46405;8.77151;35.1326;33.4979
4.6484;-7.26831;8.62763;35.307;33.6936
4.68878;-7.07243;8.48551;35.482;33.8895
4.72831;-6.87637;8.34514;35.6576;34.0855
4.76683;-6.68011;8.2065;35.8341;34.2818
4.80409;-6.48361;8.06948;36.0113;34.4783
4.8397;-6.2868;7.93388;36.1896;34.6751
4.87311;-6.0896;7.79939;36.3691;34.8723
4.90376;-5.89194;7.66562;36.55;35.07
4.93128;-5.69382;7.5324;36.7324;35.2681
4.95607;-5.49534;7.40009;36.9162;35.4666
4.97962;-5.29673;7.26993;37.1005;35.6652
5.00477;-5.09831;7.14426;37.2844;35.8636
5.03535;-4.90058;7.02641;37.4663;36.0613
5.07493;-4.70433;6.91994;37.6446;36.2576
5.12511;-4.51042;6.8272;37.818;36.4515
5.1846;-4.31923;6.74802;37.9866;36.6427
5.25012;-4.13016;6.67997;38.1519;36.8318
5.31835;-3.94213;6.62007;38.3158;37.0198
5.38751;-3.75447;6.56668;38.4794;37.2074
5.45754;-3.56713;6.5199;38.6429;37.3948
5.52914;-3.38038;6.48061;38.8057;37.5815
5.60264;-3.19436;6.4493;38.9677;37.7676
5.67715;-3.00875;6.42516;39.1295;37.9532
5.75055;-2.8227;6.40597;39.2922;38.1392
5.82004;-2.63512;6.3888;39.4578;38.3268
5.88332;-2.44528;6.37125;39.6273;38.5166
5.9392;-2.25309;6.35221;39.801;38.7088
5.98774;-2.05892;6.33184;39.9787;38.903
6.0297;-1.86325;6.31103;40.1595;39.0987
6.06608;-1.66651;6.29083;40.3429;39.2954
6.09764;-1.46895;6.27208;40.5282;39.493
6.12476;-1.27075;6.25519;40.7153;39.6912
6.14731;-1.07197;6.24008;40.9041;39.8899
6.16469;-0.872659;6.22615;41.0947;40.0893
6.17586;-0.672874;6.21241;41.2872;40.289
6.17945;-0.472763;6.19751;41.4817;40.4891
6.17393;-0.272631;6.17995;41.6782;40.6893
6.15766;-0.0730041;6.1581;41.8767;40.8889
6.12915;0.125335;6.13043;42.0765;41.0872
6.0871;0.321346;6.09557;42.277;41.2833
6.03058;0.513772;6.05242;42.477;41.4757
5.95901;0.7012;6.00012;42.6755;41.6631
5.87212;0.882106;5.93801;42.871;41.844
5.76992;1.05489;5.86556;43.0619;42.0168
5.6527;1.21792;5.78242;43.2467;42.1798
5.52096;1.36953;5.68829;43.4238;42.3314
5.37529;1.50791;5.58279;43.5913;42.4698
5.21614;1.63076;5.46511;43.747;42.5927
5.04393;1.73498;5.33398;43.888;42.6969
4.8616;1.81999;5.1911;44.0132;42.7819
4.68149;1.90698;5.05499;44.1403;42.8689
4.51368;2.0194;4.94483;44.2897;42.9813
4.31659;2.08454;4.79356;44.4008;43.0465
4.12317;2.13663;4.64389;44.4991;43.0985
3.89554;2.06054;4.40694;44.4827;43.0224
3.73571;1.90786;4.19469;44.376;42.8698
3.57867;1.7827;3.99812;44.2961;42.7446
3.43369;1.64372;3.80684;44.2003;42.6056
3.2898;1.50481;3.61763;44.1051;42.4667
3.14653;1.36526;3.42996;44.0098;42.3272
3.00167;1.22734;3.2429;43.9172;42.1893
2.85449;1.09188;3.0562;43.8283;42.0538
2.70455;0.95946;2.8697;43.7438;41.9214
2.552;0.83006;2.6836;43.6638;41.792
2.39745;0.703083;2.49842;43.5874;41.665
2.24172;0.577579;2.31493;43.5136;41.5395
2.08555;0.452632;2.1341;43.4412;41.4145
1.9294;0.327663;1.95703;43.3696;41.2896
1.77342;0.202481;1.78494;43.2985;41.1644
1.61756;0.0771524;1.6194;43.2281;41.0391
1.46168;-0.0481573;1.46248;43.1585;40.9138
1.30566;-0.173285;1.31711;43.09;40.7886
1.1494;-0.29812;1.18744;43.0226;40.6638
0.99287;-0.422609;1.07907;42.9565;40.5393
0.836059;-0.546747;0.998963;42.8916;40.4152
0.678994;-0.670565;0.9543;42.828;40.2913
0.521716;-0.794112;0.950159;42.7655;40.1678
0.364287;-0.917466;0.987141;42.7041;40.0444
0.206804;-1.04075;1.0611;42.6436;39.9212
0.0494463;-1.16419;1.16524;42.5838;39.7977
-0.107458;-1.28822;1.29269;42.5241;39.6737
-0.263391;-1.41347;1.4378;42.4638;39.5484
-0.417709;-1.54072;1.59634;42.4019;39.4212
-0.56992;-1.6705;1.76504;42.3378;39.2914
-0.720121;-1.80259;1.94111;42.2715;39.1593
-0.869308;-1.9358;2.12203;42.2047;39.0261
-1.0192;-2.06822;2.30571;42.1398;38.8937
-1.17149;-2.19791;2.49062;42.0791;38.764
-1.32708;-2.32368;2.67594;42.0242;38.6382
-1.48577;-2.44551;2.86147;41.9751;38.5164
-1.64653;-2.56455;3.04761;41.9302;38.3974
-1.80798;-2.6826;3.23498;41.8874;38.2793
-1.96895;-2.80128;3.42403;41.8448;38.1606
-2.12888;-2.9214;3.61479;41.8013;38.0405
-2.2878;-3.04283;3.80695;41.7571;37.9191
-2.44614;-3.16502;4.00012;41.7129;37.7969
-2.60438;-3.28733;4.19397;41.6695;37.6746
-2.76286;-3.40933;4.38827;41.6274;37.5526
-2.92177;-3.53077;4.58291;41.5868;37.4311
-3.08115;-3.6516;4.77783;41.548;37.3103
-3.24097;-3.77185;4.973;41.5108;37.1901
-3.40116;-3.89159;5.1684;41.4751;37.0703
-3.56164;-4.01095;5.36405;41.4409;36.951
-3.72233;-4.13003;5.55993;41.4079;36.8319
-3.88313;-4.24895;5.75606;41.3761;36.713
-4.04396;-4.36783;5.95244;41.3453;36.5941
-4.20474;-4.48678;6.14907;41.3153;36.4751
-4.36539;-4.60592;6.34595;41.286;36.356
-4.52582;-4.72534;6.54308;41.2574;36.2366
-4.68597;-4.84513;6.74045;41.2292;36.1168
-4.84579;-4.96539;6.93806;41.2014;35.9965
-5.00521;-5.08616;7.1359;41.174;35.8758
-5.16419;-5.2075;7.33396;41.1467;35.7544
-5.32275;-5.3294;7.53221;41.1197;35.6325
-5.48092;-5.45181;7.73063;41.0931;35.5101
-5.63879;-5.5746;7.92919;41.0669;35.3873
-5.79639;-5.69773;8.12787;41.0412;35.2642
-5.95368;-5.82126;8.32667;41.0161;35.1406
-6.11051;-5.94538;8.5256;40.9911;35.0165
-6.2667;-6.07031;8.72468;40.966;34.8916
-6.42211;-6.19619;8.92392;40.9407;34.7657
-6.57683;-6.32293;9.12328;40.9153;34.639
-6.73118;-6.45012;9.32271;40.8903;34.5118
-6.88555;-6.57728;9.52216;40.8662;34.3846
-7.04015;-6.70417;9.7216;40.8435;34.2577
-7.19499;-6.83075;9.92104;40.8221;34.1312
-7.35007;-6.95705;10.1205;40.8021;34.0049
-7.50543;-7.083;10.3199;40.7834;33.8789
-7.66117;-7.20848;10.5193;40.7664;33.7534
-7.81743;-7.33331;10.7187;40.7511;33.6286
-7.97435;-7.45732;10.918;40.7379;33.5046
-8.13202;-7.58037;11.1172;40.7269;33.3815
-8.29047;-7.70242;11.3163;40.7181;33.2595
-8.44968;-7.82347;11.5154;40.7116;33.1384
-8.60961;-7.94357;11.7143;40.7072;33.0183
-8.77016;-8.06283;11.9132;40.7049;32.8991
-8.93126;-8.18136;12.1121;40.7044;32.7806
-9.0928;-8.29927;12.3108;40.7057;32.6626
-9.25471;-8.41669;12.5096;40.7086;32.5452
-9.4169;-8.53372;12.7084;40.713;32.4282
-9.5793;-8.65044;12.9071;40.7187;32.3115
-9.74187;-8.76694;13.1058;40.7257;32.195
-9.90456;-8.88326;13.3046;40.7339;32.0786
-10.0673;-8.99947;13.5034;40.7431;31.9624
-10.2302;-9.11559;13.7022;40.7535;31.8463
-10.3931;-9.23166;13.901;40.7649;31.7303
-10.556;-9.34769;14.0999;40.7774;31.6142
-10.7189;-9.46369;14.2988;40.7908;31.4982
-10.8818;-9.57969;14.4977;40.8053;31.3822
-11.0447;-9.69567;14.6967;40.8207;31.2662
-11.2077;-9.81166;14.8957;40.8371;31.1503
-11.3706;-9.92764;15.0947;40.8545;31.0343
-11.5335;-10.0436;15.2937;40.8728;30.9183
-11.6965;-10.1596;15.4927;40.8921;30.8023
-11.8594;-10.2756;15.6918;40.9124;30.6863
-12.0223;-10.3916;15.8909;40.9337;30.5703
-12.1853;-10.5076;16.0901;40.9559;30.4543
-12.3482;-10.6236;16.2892;40.979;30.3383
-12.5111;-10.7396;16.4884;41.0032;30.2223
-12.674;-10.8556;16.6876;41.0282;30.1063
-12.837;-10.9716;16.8868;41.0543;29.9903
-12.9999;-11.0876;17.086;41.0813;29.8743
-13.1628;-11.2036;17.2852;41.1092;29.7583
-13.3257;-11.3196;17.4845;41.1382;29.6423
-13.4886;-11.4356;17.6838;41.168;29.5263
-13.6516;-11.5516;17.8831;41.1988;29.4103
-13.8145;-11.6676;18.0824;41.2305;29.2943
-13.9774;-11.7836;18.2817;41.2632;29.1783
-14.1403;-11.8997;18.4811;41.2968;29.0622
-14.3031;-12.0158;18.6804;41.3313;28.9462
-14.466;-12.1319;18.8798;41.3667;28.8301
-14.6288;-12.248;19.0792;41.403;28.7139
-14.7916;-12.3642;19.2786;41.4401;28.5977
-14.9543;-12.4806;19.478;41.478;28.4813
-15.1169;-12.597;19.6775;41.5168;28.3649
-15.2794;-12.7136;19.877;41.5562;28.2483
-15.4418;-12.8303;20.0765;41.5964;28.1316
-15.604;-12.9473;20.276;41.6373;28.0146
-15.7661;-13.0645;20.4756;41.6789;27.8975
-15.928;-13.1819;20.6752;41.721;27.78
-16.0897;-13.2995;20.8748;41.7638;27.6624
-16.2513;-13.4175;21.0744;41.8072;27.5445
-16.4126;-13.5356;21.2741;41.8511;27.4263
-16.5738;-13.654;21.4738;41.8957;27.3079
-16.7348;-13.7727;21.6735;41.941;27.1892
-16.8956;-13.8916;21.8732;41.9868;27.0703
-17.0563;-14.0106;22.073;42.0333;26.9513
-17.2169;-14.1299;22.2727;42.0805;26.832
-17.3773;-14.2493;22.4725;42.1285;26.7126
-17.5377;-14.3688;22.6723;42.1771;26.5931
-17.698;-14.4884;22.8721;42.2265;26.4735
-17.8582;-14.6082;23.0719;42.2767;26.3537
-18.0183;-14.728;23.2717;42.3277;26.2339
-18.1784;-14.8479;23.4715;42.3794;26.114
-18.3384;-14.9678;23.6714;42.432;25.9941
-18.4984;-15.0878;23.8712;42.4854;25.8741
-18.6584;-15.2079;24.071;42.5396;25.7541
-18.8184;-15.3279;24.2709;42.5947;25.634
-18.9783;-15.448;24.4707;42.6506;25.5139
-19.1382;-15.5681;24.6706;42.7073;25.3938
-19.2982;-15.6882;24.8704;42.7649;25.2737
-19.4581;-15.8083;25.0703;42.8234;25.1536
-19.618;-15.9284;25.2701;42.8827;25.0335
-19.7779;-16.0486;25.47;42.9428;24.9134
-19.9378;-16.1687;25.6699;43.0038;24.7932
-20.0977;-16.2888;25.8697;43.0656;24.6731
-20.2576;-16.409;26.0696;43.1282;24.5529
-20.4175;-16.5291;26.2695;43.1917;24.4328
-20.5774;-16.6492;26.4693;43.256;24.3127
-20.7373;-16.7694;26.6692;43.3211;24.1925
-20.8972;-16.8895;26.8691;43.3871;24.0724
-21.0571;-17.0097;27.0689;43.4539;23.9523
-21.217;-17.1298;27.2688;43.5215;23.8321
-21.3769;-17.2499;27.4687;43.5899;23.712
-21.5367;-17.3701;27.6686;43.6591;23.5918
-21.6966;-17.4902;27.8685;43.7291;23.4717
-21.8565;-17.6103;28.0684;43.8;23.3516
-22.0164;-17.7305;28.2682;43.8716;23.2314
-22.1763;-17.8506;28.4681;43.944;23.1113
-22.3362;-17.9707;28.668;44.0172;22.9912
-22.4961;-18.0909;28.8679;44.0912;22.871
-22.656;-18.211;29.0678;44.166;22.7509
-22.816;-18.3311;29.2677;44.2416;22.6308
-22.9759;-18.4513;29.4676;44.3179;22.5107
-23.1358;-18.5714;29.6675;44.395;22.3905
-23.2957;-18.6915;29.8674;44.4729;22.2704
-23.4556;-18.8116;30.0673;44.5515;22.1503
-23.6155;-18.9317;30.2672;44.6309;22.0302
-23.7754;-19.0519;30.4671;44.7111;21.9101
-23.9353;-19.172;30.667;44.792;21.79
-24.0953;-19.2921;30.8669;44.8737;21.6699
-24.2552;-19.4121;31.0668;44.9561;21.5498
-24.4151;-19.5322;31.2667;45.0393;21.4297
-24.5751;-19.6523;31.4666;45.1233;21.3096
-24.7351;-19.7723;31.6665;45.2079;21.1896
-24.8951;-19.8923;31.8664;45.2934;21.0696
-25.0551;-20.0123;32.0663;45.3796;20.9496
-25.2151;-20.1322;32.2662;45.4665;20.8297
-25.3752;-20.2521;32.4661;45.5542;20.7098
-25.5353;-20.372;32.666;45.6427;20.5899
-25.6955;-20.4918;32.8659;45.732;20.4701
-25.8557;-20.6115;33.0658;45.822;20.3504
-26.0159;-20.7312;33.2657;45.9127;20.2307
-26.1762;-20.8508;33.4656;46.0043;20.1111
-26.3366;-20.9703;33.6655;46.0967;19.9917
-26.497;-21.0897;33.8654;46.1898;19.8723
-26.6576;-21.209;34.0653;46.2837;19.753
-26.8182;-21.3281;34.2652;46.3784;19.6338
-26.9789;-21.4472;34.4651;46.4739;19.5147
-27.1396;-21.5662;34.665;46.5702;19.3957
-27.3005;-21.685;34.8649;46.6673;19.2769
-27.4614;-21.8038;35.0647;46.7651;19.1581
-27.6224;-21.9224;35.2646;46.8637;19.0395
-27.7835;-22.0409;35.4645;46.9631;18.921
-27.9447;-22.1593;35.6643;47.0632;18.8026
-28.106;-22.2777;35.8642;47.1641;18.6842
-28.2673;-22.3959;36.064;47.2657;18.566
-28.4287;-22.514;36.2639;47.368;18.4479
-28.5901;-22.6321;36.4638;47.4711;18.3298
-28.7516;-22.7501;36.6636;47.5748;18.2119
-28.9131;-22.868;36.8635;47.6792;18.0939
-29.0747;-22.9859;37.0633;47.7842;17.976
-29.2362;-23.1038;37.2632;47.8898;17.8581
-29.3978;-23.2217;37.463;47.9961;17.7402
-29.5594;-23.3396;37.6629;48.1029;17.6223
-29.7209;-23.4575;37.8627;48.2104;17.5045
-29.8825;-23.5753;38.0626;48.3184;17.3866

29.9559;-23.6932;38.1932;48.4271;17.2687
29.794;-23.8106;38.1396;48.5367;17.1513
29.6322;-23.9281;38.087;48.6469;17.0338
29.4703;-24.0456;38.0354;48.7577;16.9163
29.3084;-24.1631;37.9847;48.869;16.7988
29.1466;-24.2806;37.9351;48.9809;16.6813
28.9848;-24.3981;37.8865;49.0933;16.5638
28.8229;-24.5156;37.8388;49.2062;16.4463
28.6611;-24.6331;37.7922;49.3197;16.3288
28.4993;-24.7507;37.7466;49.4338;16.2112
28.3375;-24.8682;37.702;49.5484;16.0937
28.1757;-24.9858;37.6584;49.6635;15.9761
28.0139;-25.1033;37.6159;49.7792;15.8586
27.852;-25.2208;37.5743;49.8954;15.7411
27.6902;-25.3384;37.5337;50.0121;15.6235
27.5284;-25.4559;37.4942;50.1294;15.506
27.3666;-25.5734;37.4557;50.2472;15.3885
27.2048;-25.691;37.4182;50.3655;15.2709
27.0429;-25.8085;37.3818;50.4843;15.1534
26.8811;-25.926;37.3464;50.6037;15.0359
26.7193;-26.0435;37.312;50.7235;14.9184
26.5574;-26.1611;37.2787;50.8439;14.8009
26.3956;-26.2786;37.2464;50.9648;14.6833
26.2338;-26.3961;37.2151;51.0861;14.5658
26.0719;-26.5136;37.1849;51.208;14.4483
25.9101;-26.6311;37.1558;51.3303;14.3308
25.7483;-26.7486;37.1277;51.4531;14.2133
25.5864;-26.8662;37.1006;51.5765;14.0957
25.4246;-26.9837;37.0747;51.7003;13.9782
25.2628;-27.1012;37.0497;51.8245;13.8607
25.101;-27.2187;37.0259;51.9493;13.7432
24.9391;-27.3362;37.0031;52.0745;13.6257
24.7773;-27.4537;36.9814;52.2002;13.5082
24.6155;-27.5713;36.9607;52.3263;13.3906
24.4536;-27.6888;36.9411;52.4529;13.2731
24.2918;-27.8063;36.9226;52.5799;13.1556
24.13;-27.9238;36.9052;52.7075;13.0381
23.9681;-28.0413;36.8889;52.8354;12.9206
23.8063;-28.1589;36.8736;52.9638;12.803
23.6445;-28.2764;36.8594;53.0926;12.6855
23.4826;-28.3939;36.8463;53.2219;12.568
23.3208;-28.5114;36.8343;53.3516;12.4505
23.159;-28.629;36.8233;53.4818;12.3329
22.9972;-28.7465;36.8135;53.6123;12.2154
22.8354;-28.864;36.8047;53.7433;12.0979
22.6736;-28.9816;36.797;53.8747;11.9803
22.5117;-29.0991;36.7905;54.0066;11.8628
22.3499;-29.2167;36.785;54.1388;11.7452
22.1881;-29.3342;36.7805;54.2716;11.6278
22.0262;-29.4516;36.777;54.4048;11.5103
21.8642;-29.5689;36.7744;54.5385;11.393
21.7021;-29.6861;36.7729;54.6727;11.2758
21.54;-29.8032;36.7723;54.8073;11.1587
21.3779;-29.9203;36.7728;54.9424;11.0416

21.2157;29.9626;36.7133;55.0779;10.9245
21.0545;29.8443;36.5236;55.2127;10.8062
20.8931;29.7261;36.3341;55.348;10.688
20.7317;29.6081;36.1447;55.4838;10.57
20.5702;29.49;35.9555;55.62;10.4519
20.4087;29.372;35.7664;55.7566;10.3339
20.2473;29.254;35.5774;55.8936;10.2159
