###  Units are X_hat = 1cm.
4.52891	7.46689
4.3573;7.36417
4.18569;7.26146
4.01408;7.15875
3.84247;7.05604
3.67086;6.95332
3.49925;6.85061
3.32764;6.7479
3.15602;6.64518
2.98441;6.54247
2.8128;6.43976
2.64119;6.33705
2.46958;6.23433
2.29797;6.13162
2.12636;6.02891
1.95475;5.9262
1.78314;5.82348
1.61153;5.72077
1.43992;5.61806
1.26831;5.51534
1.09873;5.40924
0.989655;5.20651
0.979939;4.98463
0.974347;4.78468
1.07832;4.58169
1.16951;4.40369
1.26073;4.2257
1.36483;4.05432
1.49323;3.89831
1.62132;3.7447
1.75783;3.59812
1.90135;3.45848
2.05002;3.32448
2.20237;3.19479
2.3573;3.06824
2.51401;2.94395
2.67199;2.82128
2.83085;2.69977
2.99034;2.57909
3.15028;2.45901
3.31054;2.33935
3.47102;2.21999
3.63166;2.10085
3.79241;1.98186
3.95324;1.86298
4.11413;1.74416
4.27505;1.6254
4.436;1.50668
4.59696;1.38798
4.75794;1.26929
4.91892;1.15061
5.07992;1.03195
5.24091;0.913285
5.40191;0.794626
5.5629;0.675967
5.72389;0.557299
5.88154;0.434092
6.00617;0.268771
6.09792;0.0874759
6.16142;-0.104544
6.20122;-0.302034
6.2211;-0.502047
6.22476;-0.70267
6.2154;-0.902874
6.19578;-1.10217
6.16822;-1.30043
6.13461;-1.49768
6.09643;-1.69406
6.05486;-1.88972
6.0108;-2.08482
5.96491;-2.2795
5.92141;-2.47472
5.86661;-2.66742
5.77611;-2.84961
5.67387;-3.02214
5.57182;-3.19415
5.46968;-3.3661
5.3413;-3.52246
5.24435;-3.70164
5.18983;-3.89953
5.14538;-4.09474
5.11949;-4.29397
5.10379;-4.49361
5.09234;-4.69332
5.0826;-4.89309
5.07351;-5.09289
5.06468;-5.29269
5.056;-5.4925
5.05088;-5.69247
5.1021;-5.89385
5.13655;-6.09145
5.29081;-6.26757
5.43288;-6.40901
5.60914;-6.51545
5.78942;-6.60379
5.98124;-6.66685
6.17752;-6.71022
6.3765;-6.73663
6.57659;-6.74924
6.77688;-6.75085
6.97694;-6.74388
7.17659;-6.73034
7.3758;-6.71183
7.5746;-6.68966
7.77307;-6.66483
7.97129;-6.63814
8.16933;-6.61021
8.36727;-6.58158
8.56517;-6.55266
8.76308;-6.52383
8.96105;-6.4954
9.15912;-6.46764
9.3573;-6.44075
9.55562;-6.41485
9.75408;-6.39
9.95266;-6.36619
10.1514;-6.34337
10.3502;-6.32146
10.549;-6.30035
10.748;-6.27993
10.947;-6.26007
11.1461;-6.24067
11.3452;-6.22163
11.5443;-6.20285
11.7434;-6.18426
11.9425;-6.16577
12.1417;-6.14733
12.3408;-6.12888
12.54;-6.11037
12.7391;-6.09176
12.9382;-6.07303
13.1373;-6.05414
13.3364;-6.03508
13.5355;-6.01583
13.7346;-5.99638
13.9336;-5.97672
14.1326;-5.95685
14.3316;-5.93677
14.5306;-5.91649
14.7295;-5.89601
14.9284;-5.87534
15.1273;-5.85449
15.3262;-5.83347
15.5251;-5.81229
15.724;-5.79097
15.9228;-5.76952
16.1217;-5.74795
16.3205;-5.72627
16.5193;-5.70449
16.7181;-5.68264
16.9169;-5.66071
17.1157;-5.63872
17.3145;-5.61668
17.5132;-5.5946
17.712;-5.57249
17.9108;-5.55035
18.1095;-5.5282
18.3083;-5.50603
18.5071;-5.48386
18.7058;-5.4617
18.9046;-5.43954
19.1034;-5.41739
19.3022;-5.39526
19.5009;-5.37315
19.6997;-5.35106
19.8985;-5.329
20.0973;-5.30697
20.2961;-5.28497
20.4948;-5.263
20.6936;-5.24106
20.8924;-5.21915
21.0912;-5.19729
21.29;-5.17545
21.4889;-5.15366
21.6877;-5.1319
21.8865;-5.11018
22.0853;-5.08849
22.2841;-5.06684
22.483;-5.04522
22.6818;-5.02364
22.8806;-5.00209
23.0795;-4.98057
23.2783;-4.95909
23.4772;-4.93763
23.676;-4.9162
23.8749;-4.8948
24.0737;-4.87343
24.2726;-4.85208
24.4714;-4.83075
24.6703;-4.80944
24.8691;-4.78816
25.068;-4.76688
25.2669;-4.74563
25.4657;-4.72438
25.6646;-4.70314
25.8635;-4.68191
26.0624;-4.66069
26.2612;-4.63946
26.4601;-4.61823
26.659;-4.59699
26.8578;-4.57575
27.0567;-4.55448
27.2556;-4.5332
27.4544;-4.51189
27.6533;-4.49055
27.8521;-4.46918
28.051;-4.44775
28.2498;-4.42628
28.4487;-4.40474
28.6475;-4.38314
28.8463;-4.36146
29.0451;-4.33969
29.2439;-4.31782
29.4427;-4.29583
29.6415;-4.27376
29.8403;-4.25168
-29.9609;-4.2296
-29.7622;-4.20736
-29.5634;-4.18495
-29.3647;-4.16235
-29.166;-4.13956
-28.9674;-4.11657
-28.7687;-4.09337
-28.5701;-4.06995
-28.3715;-4.04632
-28.1729;-4.02248
-27.9744;-3.99843
-27.7758;-3.97418
-27.5773;-3.94974
-27.3789;-3.92512
-27.1804;-3.90033
-27.0018;-3.71663
-26.7679;-3.66507
-26.5617;-3.67144
-26.3618;-3.67906
-26.162;-3.6871
-25.9622;-3.69497
-25.7623;-3.70189
-25.5623;-3.70637
-25.3623;-3.70643
-25.1623;-3.70085
-24.9625;-3.68975
-24.7631;-3.67396
-24.564;-3.65446
-24.3652;-3.63214
-24.1667;-3.60774
-23.9684;-3.58184
-23.7702;-3.55489
-23.5721;-3.52722
-23.3741;-3.49909
-23.1761;-3.47069
-22.9782;-3.44219
-22.7802;-3.41369
-22.5822;-3.38533
-22.3842;-3.35719
-22.1862;-3.32939
-21.988;-3.30204
-21.7898;-3.27523
-21.5916;-3.24908
-21.3932;-3.22365
-21.1947;-3.19903
-20.9961;-3.17525
-20.7974;-3.15234
-20.5986;-3.13028
-20.3998;-3.10905
-20.2008;-3.08861
-20.0018;-3.06888
-19.8027;-3.04981
-19.6036;-3.03132
-19.4044;-3.01335
-19.2051;-2.99582
-19.0059;-2.97868
-18.8066;-2.96187
-18.6073;-2.94535
-18.4079;-2.92906
-18.2086;-2.91297
-18.0092;-2.89705
-17.8098;-2.88127
-17.6104;-2.86563
-17.411;-2.8501
-17.2116;-2.83469
-17.0122;-2.81937
-16.8128;-2.80412
-16.6134;-2.78891
-16.414;-2.77373
-16.2145;-2.75855
-16.0151;-2.74338
-15.8157;-2.7282
-15.6163;-2.71301
-15.4169;-2.69779
-15.2174;-2.68255
-15.018;-2.66727
-14.8186;-2.65195
-14.6192;-2.63658
-14.4198;-2.62115
-14.2204;-2.60566
-14.021;-2.59011
-13.8216;-2.57458
-13.6222;-2.55964
-13.4221;-2.55287
-13.2208;-2.58943
-13.0344;-2.6823
-12.874;-2.80899
-12.636;-2.83034
-12.4421;-2.90763
-12.2061;-2.85566
-12.0268;-2.73987
-11.8538;-2.63906
-11.688;-2.52646
-11.5249;-2.41062
-11.3633;-2.29268
-11.2023;-2.17401
-11.0414;-2.05531
-10.8802;-1.93692
-10.7186;-1.81898
-10.5568;-1.70149
-10.3946;-1.58442
-10.2322;-1.4677
-10.0696;-1.35127
-9.90683;-1.23505
-9.74397;-1.11897
-9.58113;-1.00285
-9.41876;-0.886064
-9.25842;-0.766476
-9.10388;-0.639153
-8.96037;-0.498803
-8.83108;-0.344967
-8.71535;-0.180977
-8.60727;-0.0124624
-8.50556;0.159907
-8.41335;0.337719
-8.34038;0.525171
-8.29192;0.720925
-8.25552;0.917952
-8.21772;1.11435
-8.17978;1.31072
-8.14439;1.50758
-8.11721;1.7059
-8.10004;1.90542
-8.08912;2.10522
-8.08247;2.30515
-8.08017;2.50519
-8.08247;2.70523
-8.08953;2.90516
-8.10138;3.10487
-8.11805;3.30423
-8.13973;3.50311
-8.16746;3.70127
-8.20438;3.89806
-8.25621;4.09182
-8.32689;4.27995
-8.41669;4.45986
-8.52432;4.62967
-8.64001;4.79313
-8.74247;4.96564
-8.82879;5.14698
-8.89401;5.33744
-8.94241;5.53227
-8.96916;5.7317
-8.982;5.93177
-8.9751;6.13262
-8.95813;6.33216
-8.92577;6.53013
-8.88657;6.72638
-8.83678;6.92038
-8.78243;7.11291
-8.72136;7.30349
-8.65739;7.49301
-8.58941;7.68115
-8.51974;7.86863
-8.44785;8.05528
-8.37515;8.2416
-8.30143;8.42752
-8.22757;8.61338
-8.15348;8.79915
-8.0797;8.98505
-8.00619;9.17105
-7.93325;9.35727
-7.86082;9.5437
-7.78904;9.73038
-7.71787;9.91729
-7.64736;10.1044
-7.57747;10.2918
-7.50825;10.4795
-7.43966;10.6674
-7.37172;10.8555
-7.30439;11.0438
-7.23768;11.2323
-7.17151;11.4211
-7.10584;11.61
-7.04059;11.799
-6.97564;11.9882
-6.91085;12.1774
-6.84601;12.3666
-6.78064;12.5556
-6.71329;12.744
-6.63963;12.93
-6.55067;13.1099
-6.43533;13.276
-6.29012;13.4186
-6.12214;13.533
-5.92165;13.594
-5.71484;13.6013
-5.51363;13.5703
-5.32061;13.5096
-5.13831;13.4226
-4.96765;13.3159
-4.80842;13.1933
-4.65962;13.0587
-4.5199;12.915
-4.38776;12.7646
-4.26177;12.609
-4.14059;12.4498
-4.0231;12.2879
-3.90839;12.124
-3.79572;11.9588
-3.68457;11.7925
-3.57452;11.6255
-3.46527;11.458
-3.35661;11.29
-3.24838;11.1219
-3.14045;10.9535
-3.03275;10.785
-2.9252;10.6163
-2.81776;10.4476
-2.71038;10.2789
-2.60303;10.1102
-2.49566;9.94143
-2.38825;9.77272
-2.28076;9.60407
-2.17313;9.43549
-2.06534;9.26703
-1.95732;9.09871
-1.84902;8.93057
-1.74038;8.76264
-1.63134;8.59498
-1.52185;8.42761
-1.41186;8.26058
-1.3013;8.09391
-1.19015;7.92763
-1.07838;7.76178
-0.965968;7.59636
-0.852905;7.43138
-0.739198;7.26685
-0.624866;7.10275
-0.509964;6.93905
-0.394648;6.77564
-0.279277;6.61227
-0.164441;6.44852
-0.0506077;6.28407
0.0627632;6.11931
0.177822;5.95571
0.296838;5.7949
0.419549;5.6369
0.542823;5.47941
0.662467;5.31908
0.776103;5.15433
0.885292;4.98668
0.994404;4.81906
1.10705;4.65375
1.22485;4.492
1.34821;4.33443
1.47686;4.18114
1.61019;4.03194
1.74748;3.8864
1.88797;3.74399
2.03096;3.60411
2.17579;3.46615
2.32184;3.32951
2.4686;3.19363
2.61546;3.05786
2.75699;2.91634
2.89415;2.77065
3.01739;2.61198
3.10571;2.42734
3.19328;2.24753
3.39065;2.12119
3.64232;2.14339
3.84752;2.09327
4.04397;2.05467
4.2268;1.94781
4.39996;1.84772
4.5499;1.70748
4.6887;1.56309
4.82013;1.41201
4.95071;1.26052
5.08452;1.11181
5.22431;0.968551
5.36803;0.829348
5.50845;0.686865
5.63831;0.53404
5.75458;0.370384
5.8536;0.195393
5.93439;0.0113106
5.99567;-0.180206
6.03906;-0.376314
6.0656;-0.575279
6.07782;-0.775419
6.07762;-0.975804
6.06723;-1.17579
6.04843;-1.37509
6.02284;-1.57356
5.99167;-1.7712
5.95566;-1.96799
5.91477;-2.16383
5.86807;-2.35839
5.81405;-2.55111
5.75131;-2.74123
5.67991;-2.92827
5.60258;-3.11283
5.52427;-3.29687
5.45003;-3.48263
5.38379;-3.67154
5.32832;-3.86402
5.28379;-4.05933
5.24774;-4.25625
5.2175;-4.45403
5.1922;-4.65249
5.17329;-4.8517
5.16482;-5.05179
5.17253;-5.2523
5.20174;-5.45132
5.25629;-5.64546
5.33827;-5.83017
5.44763;-6.00045
5.58192;-6.15189
5.73691;-6.28176
5.90779;-6.38923
6.09002;-6.47514
6.27993;-6.54133
6.47472;-6.59014
6.6724;-6.62406
6.87165;-6.6455
7.0716;-6.65668
7.27175;-6.65955
7.47182;-6.65577
7.67169;-6.64674
7.8713;-6.63364
8.07067;-6.61739
8.26981;-6.59875
8.46877;-6.57836
8.6676;-6.55668
8.86633;-6.53412
9.06498;-6.51098
9.2636;-6.48751
9.4622;-6.46387
9.6608;-6.44022
9.8594;-6.41665
10.058;-6.39322
10.2567;-6.36999
10.4553;-6.34698
10.654;-6.32421
10.8528;-6.30167
11.0515;-6.27937
11.2503;-6.25729
11.4491;-6.23543
11.6479;-6.21376
11.8468;-6.19227
12.0456;-6.17094
12.2445;-6.14975
12.4434;-6.12867
12.6423;-6.10769
12.8412;-6.08679
13.0401;-6.06594
13.239;-6.04514
13.4379;-6.02436
13.6369;-6.00359
13.8358;-5.98282
14.0347;-5.96204
14.2336;-5.94124
14.4325;-5.92041
14.6314;-5.89955
14.8303;-5.87865
15.0292;-5.85772
15.2281;-5.83674
15.427;-5.81572
15.6259;-5.79467
15.8248;-5.77358
16.0237;-5.75246
16.2226;-5.73132
16.4214;-5.71019
16.6203;-5.6892
16.8193;-5.66867
17.0183;-5.64934
17.2176;-5.63225
17.4172;-5.61817
17.6168;-5.60654
17.8165;-5.59492
18.0159;-5.57978
18.2149;-5.55864
18.4133;-5.53236
18.6113;-5.50411
18.8092;-5.47585
19.0074;-5.44865
19.2057;-5.42256
19.4041;-5.39769
19.6027;-5.37363
19.8013;-5.35041
20;-5.32761
20.1988;-5.30535
20.3976;-5.28322
20.5964;-5.26145
20.7952;-5.23962
20.994;-5.21809
21.1928;-5.19639
21.3917;-5.17497
21.5905;-5.15331
21.7894;-5.13196
21.9882;-5.1103
22.1871;-5.089
22.3859;-5.06733
22.5847;-5.04609
22.7836;-5.02438
22.9824;-5.00319
23.1813;-4.98143
23.3801;-4.96029
23.5789;-4.93846
23.7778;-4.91738
23.9766;-4.89547
24.1755;-4.87443
24.3743;-4.85241
24.5732;-4.83143
24.772;-4.80928
24.9709;-4.78836
25.1696;-4.76604
25.3686;-4.74517
25.5673;-4.72267
25.7662;-4.70186
25.9649;-4.67914
26.1639;-4.65839
26.3625;-4.63541
26.5615;-4.61473
26.7601;-4.59148
26.9591;-4.57088
27.1577;-4.54731
27.3567;-4.52681
27.5553;-4.50291
27.7543;-4.48253
27.9529;-4.45828
28.1519;-4.43803
28.3504;-4.41338
28.5494;-4.39319
28.7479;-4.36807
28.9469;-4.34737
29.1454;-4.3224
29.344;-4.29941
29.5426;-4.27568
29.7412;-4.25151
29.9397;-4.22706
-29.8619;-4.20249
-29.6625;-4.1853
-29.464;-4.15889
-29.2645;-4.14147
-29.0662;-4.11394
-28.8667;-4.09638
-28.6685;-4.06777
-28.469;-4.04966
-28.271;-4.01879
-28.0718;-3.99794
-27.8746;-3.9613
-27.6762;-3.93417
-27.4803;-3.89044
-27.2822;-3.85979
-27.0862;-3.8187
-26.8866;-3.79603
-26.6883;-3.76945
-26.488;-3.75874
-26.2886;-3.74112
-26.0884;-3.7347
-25.8889;-3.71728
-25.6887;-3.71037
-25.4893;-3.68986
-25.2892;-3.68101
-25.09;-3.6567
-24.8899;-3.64588
-24.6911;-3.61809
-24.4908;-3.60588
-24.2923;-3.57526
-24.092;-3.56237
-23.8937;-3.52959
-23.6931;-3.51665
-23.4949;-3.48226
-23.2941;-3.46973
-23.0959;-3.4342
-22.8948;-3.42237
-22.6966;-3.38609
-22.4953;-3.37512
-22.297;-3.33844
-22.0955;-3.32842
-21.8971;-3.29167
-21.6953;-3.28263
-21.4968;-3.24607
-21.2949;-3.23802
-21.0962;-3.20185
-20.8942;-3.19478
-20.6953;-3.15911
-20.4932;-3.15295
-20.2942;-3.11778
-20.092;-3.1124
-19.8929;-3.07763
-19.6907;-3.07283
-19.4915;-3.03827
-19.2892;-3.03386
-19.09;-2.99935
-18.8877;-2.99523
-18.6883;-2.96079
-18.486;-2.95711
-18.2866;-2.92303
-18.0842;-2.92019
-17.8846;-2.8872
-17.6821;-2.88598
-17.4823;-2.85552
-17.2798;-2.85706
-17.0796;-2.83136
-16.8774;-2.83504
-16.677;-2.81436
-16.4761;-2.81301
-16.2763;-2.79127
-16.0766;-2.77699
-15.878;-2.74998
-15.679;-2.7294
-15.4807;-2.70255
-15.2815;-2.68313
-15.0829;-2.65881
-14.8835;-2.64186
-14.6846;-2.6206
-14.4848;-2.60794
-14.2853;-2.59356
-14.0849;-2.59255
-13.8849;-2.59377
-13.685;-2.61339
-13.4863;-2.63599
-13.2892;-2.67349
-13.0912;-2.70285
-12.8932;-2.73065
-12.6912;-2.73058
-12.4912;-2.72088
-12.2933;-2.67319
-12.1001;-2.62109
-11.9156;-2.53707
-11.7323;-2.45695
-11.5599;-2.35215
-11.3839;-2.25663
-11.219;-2.14123
-11.047;-2.0382
-10.886;-1.91771
-10.7158;-1.81127
-10.5568;-1.68843
-10.3875;-1.58045
-10.2295;-1.45621
-10.0609;-1.34702
-9.90461;-1.22045
-9.73805;-1.10834
-9.58626;-0.975678
-9.42482;-0.856473
-9.28318;-0.711593
-9.13245;-0.579259
-9.0089;-0.416844
-8.87195;-0.269732
-8.77845;-0.0835199
-8.65962;0.0806079
-8.61397;0.294474
-8.53154;0.481385
-8.51817;0.694074
-8.48254;0.892229
-8.45513;1.09051
-8.40141;1.28498
-8.33503;1.47414
-8.28653;1.66907
-8.2327;1.86178
-8.21047;2.06323
-8.16514;2.25944
-8.17688;2.46742
-8.12886;2.67044
-8.17925;2.88788
-8.13316;3.10386
-8.21288;3.32538
-8.18645;3.54745
-8.29113;3.76131
-8.29174;3.98368
-8.41739;4.18334
-8.44125;4.40463
-8.57658;4.5912
-8.60396;4.81841
-8.73442;5.00414
-8.74415;5.24171
-8.85295;5.43742
-8.83181;5.678
-8.90873;5.88553
-8.85346;6.11931
-8.8998;6.33577
-8.81559;6.55833
-8.83694;6.78024
-8.73152;6.99131
-8.73429;7.21625
-8.61474;7.41774
-8.60474;7.64436
-8.47652;7.8389
-8.45848;8.06654
-8.32546;8.25662
-8.30291;8.48495
-8.16771;8.67257
-8.1432;8.90143
-8.00747;9.08804
-7.9827;9.31733
-7.84741;9.50387
-7.82336;9.7335
-7.68905;9.92052
-7.66625;10.1504
-7.53314;10.3382
-7.51181;10.5682
-7.37994;10.7568
-7.35998;10.9869
-7.2291;11.1763
-7.21001;11.4062
-7.07915;11.596
-7.05927;11.8253
-6.925;12.0144
-6.89958;12.2416
-6.74931;12.426
-6.70529;12.6482
-6.51109;12.8135
-6.4154;13.0097
-6.17874;13.1167
-6.01118;13.2316
-5.77022;13.2338
-5.57067;13.2843
-5.34356;13.2022
-5.13945;13.1786
-4.95463;13.0361
-4.75517;12.9672
-4.60651;12.7849
-4.41448;12.6835
-4.29572;12.4801
-4.11098;12.3564
-4.01296;12.1433
-3.83396;12.0055
-3.74872;11.7884
-3.57365;11.6423
-3.49567;11.4236
-3.32309;11.2728
-3.24905;11.0536
-3.07798;10.9002
-3.006;10.6809
-2.83581;10.5262
-2.76484;10.3069
-2.59511;10.1516
-2.52451;9.93253
-2.35497;9.77703
-2.28429;9.5582
-2.11467;9.40281
-2.04355;9.18438
-1.87363;9.02937
-1.80171;8.81145
-1.63126;8.65709
-1.55822;8.4398
-1.38704;8.28634
-1.31261;8.06974
-1.14056;7.91738
-1.06457;7.70153
-0.891654;7.55038
-0.814096;7.33522
-0.64048;7.1852
-0.56161;6.97058
-0.387509;6.82148
-0.307563;6.60736
-0.132856;6.45911
-0.0516068;6.24575
0.123983;6.0986
0.206679;5.8859
0.382501;5.73967
0.465566;5.52677
0.640637;5.38039
0.723301;5.16746
0.898955;5.02111
0.983397;4.81002
1.16306;4.66647
1.25349;4.45925
1.43915;4.32206
1.53828;4.11966
1.72944;3.99059
1.83693;3.79239
2.0315;3.67039
2.14454;3.47418
2.33992;3.35593
2.45328;3.15697
2.64882;3.03819
2.75925;2.83475
2.95261;2.71215
3.07863;2.53742
3.25683;2.41935
3.432;2.32162
3.61641;2.24166
3.79213;2.14418
3.97237;2.0568
4.13448;1.93273
4.31131;1.83469
4.45342;1.67855
4.63559;1.57392
4.76047;1.38979
4.94987;1.27659
5.06381;1.07739
5.25022;0.95361
5.35113;0.744026
5.52384;0.605209
5.60142;0.382484
5.74848;0.221923
5.79143;-0.00995288
5.90618;-0.192101
5.91084;-0.425545
5.99487;-0.623908
5.96493;-0.853797
6.02325;-1.06308
5.96519;-1.28688
6.00253;-1.50319
5.92244;-1.71997
5.94145;-1.94021
5.84365;-2.1494
5.84571;-2.37114
5.73422;-2.57218
5.72318;-2.79476
5.60418;-2.9891
5.5889;-3.21426
5.47123;-3.40674
5.46204;-3.63554
5.3546;-3.83139
5.35981;-4.06237
5.26818;-4.26449
5.29558;-4.4965
5.22613;-4.7061
5.28894;-4.9376
5.25598;-5.15378
5.36872;-5.37328
5.39231;-5.586
5.55634;-5.76903
5.64276;-5.96014
5.84397;-6.08865
5.9809;-6.24582
6.2024;-6.31811
6.37266;-6.44105
6.60253;-6.46434
6.79397;-6.55893
7.02452;-6.5438
7.22972;-6.6165
7.45697;-6.57398
7.67104;-6.63065
7.89393;-6.57024
8.11351;-6.61589
8.3326;-6.54463
8.55552;-6.58338
8.77198;-6.50593
8.99688;-6.54081
9.2118;-6.46006
9.43787;-6.49312
9.65204;-6.41078
9.87881;-6.44328
10.0927;-6.36031
10.3199;-6.39297
10.5339;-6.30985
10.7614;-6.34302
10.9756;-6.25999
11.2032;-6.2938
11.4177;-6.21093
11.6454;-6.24538
11.8602;-6.16267
12.088;-6.19761
12.3029;-6.11536
12.5305;-6.15039
12.7455;-6.06792
12.9737;-6.10437
13.1896;-6.02079
13.4184;-6.05785
13.6346;-5.97403
13.8636;-6.01132
14.0799;-5.92729
14.309;-5.96472
14.5254;-5.88046
14.7547;-5.918
14.9712;-5.83348
15.2005;-5.8711
15.4171;-5.78638
15.6466;-5.82414
15.8633;-5.73939
16.093;-5.77761
16.3097;-5.6934
16.5396;-5.73284
16.7567;-5.65012
16.9866;-5.69162
17.2044;-5.61061
17.4337;-5.65344
17.6524;-5.57201
17.8811;-5.61316
18.0996;-5.52853
18.3285;-5.56567
18.5454;-5.47756
18.7752;-5.51186
18.9908;-5.42226
19.2214;-5.45611
19.4367;-5.36685
19.6676;-5.40158
19.8831;-5.31335
20.1139;-5.34918
20.3298;-5.26187
20.5604;-5.29854
20.7767;-5.21187
21.007;-5.24904
21.2235;-5.16276
21.4537;-5.20016
21.6703;-5.11412
21.9004;-5.15161
22.1171;-5.06572
22.3471;-5.10321
22.5637;-5.01744
22.7936;-5.0549
23.0102;-4.96922
23.2401;-5.00661
23.4566;-4.92103
23.6864;-4.95832
23.9029;-4.87282
24.1326;-4.91
24.3491;-4.82457
24.5787;-4.86162
24.7951;-4.77625
25.0246;-4.81315
25.2409;-4.7278
25.4704;-4.76455
25.6866;-4.67921
25.9161;-4.71578
26.1322;-4.63043
26.3616;-4.66682
26.5777;-4.58143
26.807;-4.61763
27.023;-4.53219
27.2523;-4.5682
27.4682;-4.48267
27.6975;-4.51848
27.9133;-4.43278
28.1426;-4.46837
28.3584;-4.38219
28.5879;-4.41757
28.8036;-4.33112
29.0319;-4.36327
29.2447;-4.28672
29.4595;-4.29305
29.6604;-4.26701
29.8584;-4.23884
-29.9437;-4.21015
-29.743;-4.20032
-29.5449;-4.15683
-29.3379;-4.16696
-29.1342;-4.09567
-28.9115;-4.12637
-28.6976;-4.03929
-28.4692;-4.07011
-28.2551;-3.97962
-28.0264;-4.00695
-27.8139;-3.91382
-27.5843;-3.9394
-27.3728;-3.8468
-27.1421;-3.87507
-26.9299;-3.78746
-26.6994;-3.8217
-26.4851;-3.74031
-26.2561;-3.77998
-26.0396;-3.70214
-25.8119;-3.74414
-25.5943;-3.66673
-25.3673;-3.70817
-25.1496;-3.62929
-24.9226;-3.66873
-24.7055;-3.58774
-24.4781;-3.62495
-24.2619;-3.54201
-24.0341;-3.5774
-23.8186;-3.493
-23.5904;-3.52722
-23.3754;-3.44189
-23.1469;-3.47553
-22.9321;-3.38982
-22.7034;-3.4233
-22.4887;-3.33769
-22.26;-3.37134
-22.0453;-3.28615
-21.8166;-3.32025
-21.6018;-3.23569
-21.3731;-3.27046
-21.1581;-3.18662
-20.9296;-3.22216
-20.7143;-3.13911
-20.4859;-3.17537
-20.2704;-3.09311
-20.0422;-3.12995
-19.8265;-3.04841
-19.5986;-3.08568
-19.3827;-3.00477
-19.155;-3.04241
-18.939;-2.96214
-18.7115;-3.0003
-18.4954;-2.92098
-18.268;-2.96015
-18.0516;-2.88242
-17.8244;-2.92341
-17.6075;-2.84791
-17.3807;-2.89116
-17.163;-2.81749
-16.9369;-2.8618
-16.7186;-2.7877
-16.4929;-2.83018
-16.275;-2.75327
-16.0492;-2.79195
-15.8327;-2.71221
-15.6062;-2.74844
-15.3908;-2.66829
-15.1635;-2.70555
-14.9483;-2.62869
-14.7206;-2.67145
-14.5042;-2.60265
-14.2775;-2.6556
-14.059;-2.59936
-13.8359;-2.6638
-13.6144;-2.61762
-13.3956;-2.68715
-13.1696;-2.63628
-12.9514;-2.69469
-12.7247;-2.62127
-12.5054;-2.64921
-12.2906;-2.5454
-12.0723;-2.53749
-11.8769;-2.40602
-11.6598;-2.37049
-11.482;-2.21828
-11.2654;-2.16374
-11.1008;-1.9982
-10.8845;-1.93126
-10.7287;-1.75801
-10.5129;-1.68311
-10.3631;-1.50475
-10.1488;-1.42357
-10.0046;-1.23953
-9.79394;-1.15051
-9.65835;-0.957563
-9.45513;-0.855933
-9.33468;-0.649635
-9.14532;-0.528602
-9.04993;-0.306473
-8.88412;-0.160016
-8.82336;0.073307
-8.68661;0.244368
-8.66074;0.479733
-8.54139;0.667818
-8.53783;0.902419
-8.42254;1.10069
-8.42742;1.33487
-8.31706;1.53721
-8.32992;1.77204
-8.23143;1.97773
-8.25999;2.21315
-8.17922;2.42441
-8.22881;2.65748
-8.16842;2.87481
-8.24099;3.10255
-8.20269;3.32466
-8.2978;3.54401
-8.28183;3.76893
-8.39533;3.97749
-8.39702;4.20427
-8.52232;4.40334
-8.52934;4.63524
-8.655;4.83153
-8.65469;5.0692
-8.76697;5.26934
-8.74716;5.50978
-8.83559;5.71774
-8.78934;5.95473
-8.85056;6.17045
-8.77665;6.39932
-8.81442;6.62169
-8.71691;6.84111
-8.73505;7.06803
-8.62022;7.27784
-8.62304;7.50738
-8.4964;7.70895
-8.48846;7.94017
-8.35453;8.13569
-8.33972;8.36797
-8.20184;8.55959
-8.18322;8.79258
-8.04368;8.98206
-8.02343;9.21554
-7.88367;9.40417
-7.86327;9.63797
-7.72412;9.82659
-7.70443;10.0606
-7.56627;10.2497
-7.54761;10.4837
-7.41038;10.6734
-7.39246;10.9073
-7.25534;11.0974
-7.23675;11.3306
-7.09719;11.5201
-7.07408;11.7515
-6.92504;11.9376
-6.88796;12.1641
-6.71229;12.338
-6.63982;12.5491
-6.42369;12.6863
-6.29232;12.8525
-6.04952;12.9156
-5.86971;13.0189
-5.62714;12.9982
-5.4234;13.0334
-5.2043;12.9403
-4.99735;12.9158
-4.81336;12.7683
-4.61084;12.7012
-4.46105;12.5174
-4.26525;12.419
-4.14438;12.2142
-3.95529;12.0935
-3.85558;11.878
-3.67222;11.7424
-3.58636;11.5221
-3.40707;11.3773
-3.3294;11.1552
-3.15272;11.0051
-3.07957;10.7823
-2.90442;10.6293
-2.83361;10.4063
-2.65926;10.2519
-2.58952;10.029
-2.41548;9.87389
-2.34604;9.65119
-2.17194;9.49598
-2.10228;9.27357
-1.92783;9.11863
-1.85755;8.89659
-1.68249;8.74223
-1.61124;8.52064
-1.43538;8.3671
-1.3629;8.14602
-1.18611;7.99351
-1.11225;7.77294
-0.934513;7.62155
-0.859253;7.40147
-0.680621;7.25118
-0.604035;7.03155
-0.424573;6.88232
-0.346728;6.66312
-0.166475;6.5149
-0.0874394;6.29613
0.0934638;6.14883
0.17348;5.93034
0.354827;5.78377
0.435637;5.56558
0.617664;5.41972
0.699801;5.20239
0.883648;5.05806
0.968846;4.8427
1.1561;4.7017
1.24664;4.48945
1.43828;4.35376
1.53558;4.14507
1.73131;4.01566
1.83503;3.8099
2.03353;3.68598
2.14183;3.48179
2.34231;3.36172
2.45373;3.15851
2.65893;3.04293
2.77641;2.84399
2.99094;2.73841
3.12257;2.55292
3.34394;2.46477
3.49093;2.29327
3.71221;2.21952
3.86551;2.04695
4.08193;1.97168
4.2304;1.78975
4.43863;1.70154
4.57421;1.50886
4.7746;1.40531
4.89481;1.20227
5.08643;1.08329
5.18906;0.869433
5.36723;0.733101
5.44669;0.507821
5.60434;0.351348
5.65351;0.116985
5.78463;-0.0598589
5.79932;-0.297938
5.90213;-0.491973
5.88301;-0.728442
5.95909;-0.935247
5.91005;-1.16639
5.96227;-1.38192
5.88836;-1.60562
5.91982;-1.82665
5.82627;-2.04198
5.84063;-2.26627
5.73301;-2.47357
5.73554;-2.70023
5.6203;-2.90154
5.61829;-3.13084
5.50291;-3.32984
5.5049;-3.56218
5.39753;-3.76311
5.41319;-3.99824
5.32242;-4.20473
5.36403;-4.44149
5.30045;-4.65573
5.38184;-4.8885
5.36075;-5.10775
5.49085;-5.32119
5.52594;-5.53403
5.70258;-5.7076
5.79373;-5.9002
6.00421;-6.02185
6.14107;-6.18473
6.37043;-6.25325
6.53993;-6.38457
6.77634;-6.40598
6.96779;-6.50938
7.20381;-6.49325
7.4098;-6.57415
7.64177;-6.53064
7.85725;-6.59458
8.08426;-6.53259
8.3058;-6.58467
8.52855;-6.51109
8.75387;-6.55555
8.97359;-6.47518
9.20119;-6.5152
9.41905;-6.43112
9.648;-6.46889
9.86488;-6.38297
10.0946;-6.41986
10.3111;-6.33316
10.5413;-6.36996
10.7577;-6.28305
10.9881;-6.32015
11.2047;-6.23331
11.4352;-6.27087
11.652;-6.18419
11.8826;-6.22223
12.0996;-6.13572
12.3302;-6.17419
12.5474;-6.08781
12.7781;-6.12662
12.9954;-6.04032
13.2261;-6.07938
13.4436;-5.99309
13.6743;-6.0323
13.8918;-5.94598
14.1226;-5.98525
14.3401;-5.89899
14.5707;-5.93799
14.7882;-5.85173
15.0191;-5.89145
15.237;-5.80425
15.4685;-5.84444
15.6866;-5.75741
15.9182;-5.79806
16.1364;-5.71169
16.3679;-5.75307
16.5863;-5.66801
16.8174;-5.71044
17.0364;-5.62539
17.2679;-5.66901
17.4875;-5.58333
17.7189;-5.62606
17.9384;-5.53886
18.1697;-5.57954
18.3885;-5.49032
18.6202;-5.52892
18.8381;-5.43823
19.0703;-5.47564
19.2876;-5.38449
19.5201;-5.42174
19.7372;-5.33093
19.9697;-5.36863
20.187;-5.2785
20.4194;-5.31684
20.6369;-5.22737
20.8691;-5.26624
21.0868;-5.17729
21.3189;-5.2165
21.5367;-5.12791
21.7686;-5.16731
21.9865;-5.07894
22.2183;-5.11841
22.4362;-5.0302
22.668;-5.06968
22.8859;-4.98158
23.1175;-5.02101
23.3354;-4.933
23.567;-4.97236
23.7848;-4.88441
24.0164;-4.9237
24.2341;-4.83579
24.4656;-4.87497
24.6834;-4.7871
24.9148;-4.82615
25.1324;-4.7383
25.3638;-4.77721
25.5814;-4.68935
25.8128;-4.72811
26.0303;-4.64023
26.2616;-4.67881
26.479;-4.5909
26.7102;-4.62928
26.9276;-4.54132
27.1588;-4.57947
27.376;-4.49144
27.6071;-4.52931
27.8242;-4.44111
28.0554;-4.47873
28.2725;-4.38991
28.5041;-4.42788
28.7215;-4.3378
28.9534;-4.37491
29.1694;-4.2909
29.3913;-4.30959
29.5953;-4.27059
29.793;-4.2396
29.9909;-4.21069
-29.8112;-4.18229
-29.6093;-4.18077
-29.4097;-4.12905
-29.1974;-4.15102
-28.9878;-4.06887
-28.7596;-4.10308
-28.5438;-4.01272
-28.3137;-4.04462
-28.0989;-3.95199
-27.868;-3.98241
-27.654;-3.88943
-27.4224;-3.92051
-27.2084;-3.82954
-26.9766;-3.8635
-26.7617;-3.77616
-26.5305;-3.81392
-26.3142;-3.73011
-26.0839;-3.77088
-25.8663;-3.68911
-25.6369;-3.73111
-25.4186;-3.64965
-25.1896;-3.6912
-24.9714;-3.60884
-24.7425;-3.64895
-24.5248;-3.56517
-24.2957;-3.60357
-24.0786;-3.51843
-23.8493;-3.55534
-23.6329;-3.46917
-23.4033;-3.50504
-23.1873;-3.41829
-22.9576;-3.4536
-22.7419;-3.3667
-22.5121;-3.40185
-22.2966;-3.31516
-22.0668;-3.35049
-21.8512;-3.26428
-21.6215;-3.30005
-21.4057;-3.21449
-21.1762;-3.25084
-20.9602;-3.16603
-20.7308;-3.20302
-20.5147;-3.11896
-20.2855;-3.15658
-20.0691;-3.07322
-19.8401;-3.11142
-19.6235;-3.02872
-19.3946;-3.06748
-19.1779;-2.9855
-18.9492;-3.02493
-18.7322;-2.94387
-18.5036;-2.98429
-18.2864;-2.90453
-18.058;-2.94629
-17.8404;-2.86809
-17.6124;-2.91125
-17.3943;-2.8343
-17.1667;-2.87819
-16.9482;-2.80144
-16.721;-2.84475
-16.5026;-2.76694
-16.2754;-2.80864
-16.0575;-2.7294
-15.83;-2.76979
-15.6128;-2.69027
-15.3848;-2.73135
-15.1676;-2.65412
-14.9394;-2.69907
-14.7214;-2.62737
-14.4939;-2.67907
-14.2742;-2.61492
-14.0487;-2.67356
-13.8268;-2.6147
-13.6037;-2.67577
-13.3793;-2.6138
-13.1569;-2.66778
-12.9326;-2.59138
-12.7094;-2.62631
-12.4915;-2.52754
-12.2683;-2.53558
-12.0637;-2.41286
-11.8415;-2.39452
-11.6527;-2.25113
-11.4318;-2.2113
-11.2572;-2.05232
-11.0377;-1.99632
-10.8747;-1.82641
-10.6566;-1.75843
-10.5026;-1.58047
-10.287;-1.50262
-10.1413;-1.317
-9.9298;-1.22875
-9.79453;-1.03355
-9.59051;-0.931605
-9.47068;-0.723959
-9.27941;-0.603422
-9.18223;-0.382508
-9.00977;-0.239881
-8.94109;-0.00909832
-8.78962;0.154494
-8.74953;0.389947
-8.61504;0.569929
-8.59803;0.806888
-8.47531;0.998593
-8.47513;1.23595
-8.36266;1.43587
-8.37681;1.67331
-8.27677;1.87962
-8.30689;2.1165
-8.22303;2.32877
-8.27214;2.56321
-8.20766;2.78106
-8.27761;3.01034
-8.23389;3.23278
-8.32403;3.45432
-8.29963;3.68017
-8.40613;3.89285
-8.39594;4.12163
-8.51163;4.32699
-8.50678;4.55928
-8.62397;4.76177
-8.61358;4.99886
-8.72135;5.20377
-8.69632;5.44291
-8.78535;5.65333
-8.73895;5.89013
-8.80506;6.10689
-8.73536;6.33724
-8.77926;6.55948
-8.68697;6.78157
-8.71244;7.00873
-8.60261;7.2223
-8.6123;7.45218
-8.48955;7.65753
-8.48748;7.8893
-8.35607;8.08814
-8.34593;8.32117
-8.2093;8.51542
-8.19421;8.74932
-8.0549;8.94075
-8.03726;9.17527
-7.89699;9.36529
-7.8785;9.60022
-7.73829;9.78981
-7.71992;10.025
-7.58015;10.2147
-7.56212;10.4498
-7.42238;10.6397
-7.4038;10.8744
-7.26231;11.0638
-7.24035;11.297
-7.09252;11.484
-7.06064;11.7137
-6.89633;11.8929
-6.84051;12.1131
-6.64536;12.2699
-6.54497;12.4643
-6.31672;12.5715
-6.16447;12.7178
-5.92023;12.7522
-5.73057;12.8396
-5.49207;12.7997
-5.28515;12.8246
-5.0712;12.7201
-4.86194;12.6929
-4.68023;12.5395
-4.47559;12.4718
-4.32657;12.2854
-4.12841;12.1878
-4.00707;11.9816
-3.81593;11.862
-3.71552;11.6454
-3.53008;11.5109
-3.44365;11.2894
-3.26237;11.1454
-3.18444;10.9219
-3.00586;10.7724
-2.93269;10.5483
-2.75571;10.3957
-2.68496;10.1715
-2.50882;10.0173
-2.4391;9.79331
-2.26328;9.63856
-2.19372;9.41487
-2.01785;9.26011
-1.94789;9.03685
-1.77168;8.88248
-1.70092;8.65974
-1.52415;8.50604
-1.4523;8.28387
-1.27481;8.13106
-1.20169;7.90946
-1.02343;7.75768
-0.948949;7.53666
-0.769919;7.38594
-0.694088;7.16547
-0.514296;7.01581
-0.437176;6.79584
-0.256663;6.64719
-0.178346;6.42767
0.00282855;6.27997
0.082259;6.06088
0.264135;5.91408
0.344772;5.69556
0.527702;5.54988
0.610111;5.33231
0.79488;5.18843
0.880226;4.97251
1.06783;4.8316
1.15757;4.61805
1.34873;4.48143
1.44391;4.27065
1.63867;4.13915
1.7395;3.93107
1.93746;3.80475
2.04358;3.59927
2.24469;3.47803
2.35637;3.27591
2.56188;3.16096
2.68104;2.96429
2.89251;2.85857
3.02167;2.66966
3.23836;2.57554
3.3773;2.39341
3.59612;2.30878
3.74059;2.12786
3.95777;2.04534
4.10123;1.85982
4.31306;1.7708
4.44866;1.57723
4.65248;1.47583
4.77473;1.27255
4.96826;1.15555
5.07264;0.941624
5.25223;0.80671
5.33366;0.582128
5.49434;0.427651
5.54757;0.194438
5.68479;0.0206118
5.70632;-0.217195
5.81768;-0.40793
5.8071;-0.645704
5.8927;-0.849712
5.85237;-1.08353
5.914;-1.29711
5.84806;-1.5243
5.88867;-1.74434
5.8023;-1.96366
5.82598;-2.18793
5.72509;-2.3997
5.73728;-2.62705
5.62843;-2.83317
5.63603;-3.06336
5.52657;-3.26708
5.53799;-3.50026
5.43625;-3.70548
5.46194;-3.94144
5.37782;-4.15178
5.43051;-4.38825
5.37636;-4.60521
5.46814;-4.83425
5.45809;-5.05374
5.59541;-5.26023
5.63826;-5.47192
5.81799;-5.6396
5.91191;-5.83211
6.12325;-5.95154
6.25951;-6.11693
6.48948;-6.18659
6.65722;-6.32273
6.89486;-6.34729
7.08463;-6.45655
7.32255;-6.44414
7.52735;-6.53094
7.76164;-6.49069
7.97648;-6.56005
8.20591;-6.50036
8.42733;-6.55711
8.65233;-6.48479
8.87794;-6.5331
9.0996;-6.45311
9.32778;-6.49623
9.54726;-6.41192
9.77698;-6.45218
9.9952;-6.36563
10.2258;-6.40455
10.4434;-6.31697
10.6745;-6.35548
10.8919;-6.26753
11.1232;-6.3061
11.3407;-6.21815
11.5721;-6.25699
11.7897;-6.16917
12.0212;-6.20835
12.2388;-6.12072
12.4703;-6.1602
12.6881;-6.07272
12.9196;-6.11246
13.1375;-6.02509
13.369;-6.06498
13.587;-5.97769
13.8185;-6.01763
14.0364;-5.93056
14.2677;-5.97027
14.4856;-5.88304
14.7172;-5.9236
14.9357;-5.83569
15.1677;-5.87653
15.3862;-5.78885
15.6182;-5.82999
15.8368;-5.74283
16.0687;-5.78431
16.2873;-5.69809
16.519;-5.74048
16.7381;-5.6539
16.9703;-5.69719
17.1899;-5.61051
17.4219;-5.65347
17.6414;-5.56611
17.8733;-5.60798
18.0926;-5.51941
18.3246;-5.55979
18.5432;-5.46994
18.7755;-5.50902
18.9936;-5.4183
19.2261;-5.45663
19.4438;-5.36564
19.6766;-5.40383
19.8942;-5.31305
20.1269;-5.35152
20.3446;-5.26119
20.5772;-5.30009
20.795;-5.21026
21.0276;-5.24957
21.2456;-5.16014
21.478;-5.19977
21.6961;-5.11063
21.9284;-5.15045
22.1466;-5.0615
22.3788;-5.10144
22.5971;-5.0126
22.8293;-5.05258
23.0475;-4.96383
23.2797;-5.0038
23.4979;-4.91509
23.73;-4.95503
23.9482;-4.86634
24.1803;-4.90622
24.3985;-4.81754
24.6306;-4.85734
24.8487;-4.76865
25.0807;-4.80835
25.2988;-4.71964
25.5308;-4.7592
25.7488;-4.67048
25.9808;-4.70988
26.1987;-4.62112
26.4307;-4.66034
26.6485;-4.57154
26.8804;-4.61053
27.0981;-4.52166
27.33;-4.56037
27.5476;-4.47141
27.7793;-4.50979
27.9968;-4.42065
28.2287;-4.45891
28.4462;-4.36906
28.6786;-4.40783
28.8963;-4.31815
29.1266;-4.35222
29.3395;-4.2797
29.55;-4.27729
29.7498;-4.26127
29.9489;-4.24164
-29.8522;-4.22102
-29.6552;-4.1809
-29.4519;-4.17703
-29.2531;-4.1137
-29.0355;-4.13774
-28.8244;-4.04816
-28.5932;-4.08112
-28.378;-3.98862
-28.1463;-4.02107
-27.9314;-3.92824
-27.6994;-3.96091
-27.4845;-3.86898
-27.2524;-3.90309
-27.037;-3.81332
-26.8051;-3.84985
-26.5889;-3.76276
-26.3576;-3.80184
-26.1404;-3.71702
-25.9098;-3.75789
-25.6918;-3.67432
-25.4617;-3.71581
-25.2435;-3.63238
-25.0137;-3.6734
-24.7955;-3.58932
-24.5658;-3.62923
-24.348;-3.54412
-24.1182;-3.58273
-23.9009;-3.49662
-23.6709;-3.53407
-23.4541;-3.44721
-23.224;-3.48385
-23.0076;-3.39659
-22.7774;-3.4328
-22.5612;-3.34548
-22.3309;-3.38162
-22.1148;-3.29456
-21.8845;-3.33092
-21.6684;-3.24435
-21.4382;-3.28112
-21.2219;-3.19518
-20.9919;-3.23249
-20.7755;-3.14726
-20.5456;-3.18514
-20.329;-3.10064
-20.0993;-3.13911
-19.8825;-3.05535
-19.653;-3.09441
-19.436;-3.01144
-19.2067;-3.05118
-18.9895;-2.96915
-18.7604;-3.00972
-18.5429;-2.92884
-18.3141;-2.97044
-18.0963;-2.8908
-17.8678;-2.93344
-17.6497;-2.85488
-17.4215;-2.8982
-17.2031;-2.82014
-16.9752;-2.86349
-16.7567;-2.78523
-16.529;-2.82802
-16.3107;-2.7492
-16.0827;-2.79152
-15.8647;-2.71266
-15.6365;-2.75565
-15.4184;-2.67821
-15.1899;-2.72382
-14.9712;-2.64972
-14.7431;-2.69977
-14.5231;-2.63015
-14.296;-2.68478
-14.0743;-2.61824
-13.8485;-2.67468
-13.6253;-2.60627
-13.4001;-2.65842
-13.1768;-2.58067
-12.9513;-2.62025
-12.7317;-2.52616
-12.5057;-2.54579
-12.295;-2.43158
-12.0693;-2.42823
-11.8713;-2.29404
-11.6466;-2.26904
-11.4623;-2.11768
-11.2391;-2.07428
-11.0675;-1.90933
-10.8463;-1.85084
-10.6859;-1.67516
-10.4675;-1.60372
-10.3177;-1.41858
-10.1037;-1.33444
-9.96556;-1.13929
-9.75877;-1.04064
-9.63571;-0.834098
-9.44001;-0.71789
-9.33707;-0.499527
-9.15659;-0.363498
-9.07821;-0.135214
-8.91511;0.0202472
-8.86259;0.255015
-8.7161;0.427186
-8.68729;0.665273
-8.55537;0.850768
-8.54677;1.09008
-8.42825;1.28595
-8.43743;1.52527
-8.33286;1.72943
-8.35949;1.96778
-8.27079;2.17893
-8.31596;2.41484
-8.24525;2.63202
-8.30988;2.8634
-8.2581;3.08552
-8.34123;3.31027
-8.30714;3.53612
-8.4056;3.75325
-8.38406;3.98261
-8.49315;4.19373
-8.47739;4.42699
-8.5886;4.63496
-8.57086;4.87125
-8.67561;5.07968
-8.64776;5.31752
-8.73792;5.52944
-8.69292;5.76593
-8.76481;5.9832
-8.69898;6.21565
-8.75117;6.43829
-8.6654;6.66382
-8.69868;6.89045
-8.59551;7.10774
-8.61268;7.33729
-8.4958;7.54659
-8.50017;7.7781
-8.37338;7.98053
-8.36834;8.21336
-8.23503;8.41052
-8.22365;8.64425
-8.08652;8.83781
-8.07136;9.07219
-7.93233;9.26361
-7.91529;9.49841
-7.77555;9.68879
-7.75771;9.92379
-7.61762;10.1137
-7.5991;10.3486
-7.45794;10.5381
-7.43739;10.7722
-7.29266;10.9602
-7.26629;11.1923
-7.1124;11.3761
-7.07218;11.6033
-6.89932;11.7758
-6.8309;11.9904
-6.62905;12.1359
-6.51632;12.3215
-6.2867;12.4161
-6.12816;12.5563
-5.88535;12.5837
-5.69369;12.6688
-5.4565;12.6276
-5.2487;12.6551
-5.03343;12.5531
-4.82258;12.531
-4.63713;12.3816
-4.43025;12.3197
-4.27613;12.1372
-4.0757;12.0447
-3.94924;11.8414
-3.75576;11.7262
-3.65097;11.5113
-3.46339;11.3802
-3.37377;11.1593
-3.19063;11.0178
-3.11065;10.7942
-2.93045;10.6462
-2.8561;10.4216
-2.67763;10.27
-2.60625;10.0451
-2.42862;9.89166
-2.35857;9.66682
-2.18122;9.5126
-2.11146;9.28803
-1.934;9.13373
-1.86388;8.90957
-1.68604;8.75565
-1.61513;8.53197
-1.43673;8.37872
-1.36475;8.15559
-1.18568;8.00321
-1.11245;7.78066
-0.932682;7.62926
-0.858137;7.40729
-0.677666;7.25693
-0.601803;7.03554
-0.420658;6.88619
-0.343513;6.66536
-0.16171;6.51702
-0.0832962;6.29677
0.0992292;6.14945
0.179032;5.92989
0.362541;5.78378
0.444135;5.56517
0.629151;5.42075
0.713305;5.20352
0.900528;5.06157
0.988257;4.84625
1.17833;4.70773
1.27059;4.49474
1.4639;4.36051
1.5613;4.15012
1.75797;4.02078
1.86084;3.81323
2.06107;3.68926
2.16992;3.48514
2.37424;3.36744
2.49007;3.16783
2.69906;3.05788
2.82297;2.86383
3.03633;2.76278
3.16822;2.574
3.38436;2.48103
3.52204;2.29494
3.73842;2.20625
3.87775;2.01882
4.09138;1.92842
4.22701;1.73575
4.43474;1.6374
4.56095;1.4366
4.75968;1.32529
4.87092;1.11463
5.05725;0.986859
5.14822;0.765872
5.31816;0.619544
5.38387;0.389342
5.53339;0.224034
5.56999;-0.0125364
5.69616;-0.195396
5.70201;-0.434345
5.8036;-0.631917
5.77957;-0.869159
5.85714;-1.07804
5.80621;-1.3103
5.86197;-1.52728
5.78865;-1.75261
5.8262;-1.97515
5.73607;-2.19319
5.76038;-2.41966
5.6598;-2.63161
5.67728;-2.86128
5.57345;-3.06975
5.59214;-3.3025
5.49333;-3.51108
5.52345;-3.74664
5.43952;-3.959
5.49313;-4.19524
5.4361;-4.41327
5.52468;-4.64317
5.50779;-4.86401
5.63846;-5.07458
5.67061;-5.29
5.84255;-5.46655
5.92392;-5.66648
6.129;-5.79894
6.25321;-5.97525
6.48;-6.06012
6.6378;-6.20908
6.87536;-6.24877
7.05772;-6.37089
7.29781;-6.37181
7.49743;-6.47026
7.73506;-6.44059
7.94649;-6.51977
8.17955;-6.46771
8.39891;-6.53228
8.62722;-6.46491
8.85174;-6.51914
9.07612;-6.442
9.30392;-6.48943
9.52548;-6.40647
9.75528;-6.44982
9.97507;-6.3636
10.206;-6.40475
10.4248;-6.31689
10.6565;-6.35703
10.8748;-6.26846
11.1068;-6.30827
11.3249;-6.2195
11.5571;-6.25934
11.7752;-6.17062
12.0074;-6.21065
12.2256;-6.12208
12.4578;-6.16232
12.6761;-6.07391
12.9083;-6.11434
13.1267;-6.02608
13.3588;-6.06656
13.5771;-5.97871
13.8089;-6.01904
14.0273;-5.93081
14.2597;-5.9721
14.4786;-5.88335
14.7112;-5.92481
14.9301;-5.83623
15.1627;-5.87786
15.3817;-5.78967
15.6141;-5.83137
15.833;-5.74375
16.0655;-5.78645
16.285;-5.69838
16.5179;-5.74178
16.7377;-5.65393
16.9705;-5.6974
17.1904;-5.60944
17.423;-5.6525
17.6428;-5.56396
17.8754;-5.60613
18.0949;-5.51668
18.3276;-5.55774
18.5466;-5.46736
18.7795;-5.50743
18.9981;-5.41635
19.2312;-5.45578
19.4495;-5.36441
19.6827;-5.40361
19.9009;-5.31231
20.1341;-5.35162
20.3523;-5.26062
20.5855;-5.30021
20.8037;-5.2096
21.0368;-5.24951
21.2552;-5.15927
21.4882;-5.19945
21.7067;-5.10951
21.9396;-5.14988
22.1581;-5.06016
22.3909;-5.10063
22.6095;-5.01107
22.8422;-5.05158
23.0608;-4.96213
23.2935;-5.00263
23.5121;-4.91326
23.7447;-4.95371
23.9632;-4.86439
24.1958;-4.90476
24.4143;-4.81548
24.6468;-4.85574
24.8652;-4.76649
25.0977;-4.80662
25.316;-4.71737
25.5484;-4.75735
25.7667;-4.6681
25.9991;-4.70791
26.2173;-4.61862
26.4496;-4.65824
26.6677;-4.5689
26.9;-4.60828
27.118;-4.51886
27.3502;-4.55797
27.5681;-4.46847
27.8003;-4.5073
28.018;-4.41761
28.2504;-4.45655
28.4683;-4.36604
28.7014;-4.40569
28.9195;-4.31582
29.1499;-4.34993
29.3623;-4.28057
29.5706;-4.27406
29.7703;-4.26039
29.9696;-4.24434
-29.8311;-4.22765
-29.6348;-4.17426
-29.4246;-4.18501
-29.2201;-4.10091
-28.9906;-4.13318
-28.7755;-4.04036
-28.5433;-4.07367
-28.328;-3.98089
-28.0957;-4.01451
-27.8802;-3.92201
-27.6479;-3.95626
-27.4322;-3.86483
-27.1999;-3.90041
-26.9839;-3.81078
-26.7518;-3.84823
-26.5351;-3.7606
-26.3034;-3.79994
-26.086;-3.714
-25.8549;-3.75467
-25.6368;-3.66971
-25.4061;-3.7109
-25.1878;-3.62612
-24.9574;-3.66705
-24.7391;-3.58183
-24.5087;-3.62196
-24.2907;-3.53597
-24.0603;-3.5751
-23.8427;-3.48832
-23.6122;-3.52652
-23.395;-3.43911
-23.1643;-3.47662
-22.9474;-3.38887
-22.7166;-3.42599
-22.4999;-3.33822
-22.2692;-3.37525
-22.0526;-3.28773
-21.8218;-3.32493
-21.6052;-3.23787
-21.3745;-3.27543
-21.1578;-3.18898
-20.9273;-3.22701
-20.7105;-3.14125
-20.4801;-3.17982
-20.2631;-3.0948
-20.033;-3.13396
-19.8158;-3.04973
-19.5858;-3.08953
-19.3684;-3.00616
-19.1387;-3.04672
-18.921;-2.96432
-18.6915;-3.00575
-18.4736;-2.9244
-18.2443;-2.96676
-18.026;-2.88637
-17.797;-2.92955
-17.5784;-2.84985
-17.3496;-2.89352
-17.1309;-2.8141
-16.9022;-2.85791
-16.6833;-2.77843
-16.4546;-2.82226
-16.2358;-2.74282
-16.0069;-2.78713
-15.788;-2.70841
-15.559;-2.75423
-15.3396;-2.67734
-15.1107;-2.72587
-14.8905;-2.6517
-14.6621;-2.70341
-14.4408;-2.6316
-14.2131;-2.68526
-13.9906;-2.61326
-13.7635;-2.66537
-13.5407;-2.58844
-13.3136;-2.63342
-13.0923;-2.54583
-12.8648;-2.57733
-12.6486;-2.47426
-12.4208;-2.48734
-12.2135;-2.36636
-11.9861;-2.35917
-11.7904;-2.22051
-11.5642;-2.19383
-11.381;-2.03945
-11.1567;-1.99528
-10.9859;-1.82763
-10.7643;-1.76791
-10.6054;-1.58881
-10.3878;-1.51453
-10.2412;-1.32465
-10.0295;-1.23538
-9.89723;-1.03443
-9.69427;-0.9286
-9.57942;-0.716295
-9.38846;-0.59221
-9.29473;-0.369394
-9.11841;-0.226591
-9.04823;0.00453639
-8.88768;0.164803
-8.84127;0.401413
-8.6963;0.576792
-8.67217;0.816322
-8.54221;1.00424
-8.5384;1.24477
-8.4234;1.44298
-8.4387;1.68308
-8.33939;1.88982
-8.37355;2.1281
-8.29114;2.34196
-8.34413;2.57671
-8.27953;2.79633
-8.35091;3.0258
-8.30273;3.25024
-8.3909;3.47373
-8.35611;3.70245
-8.45591;3.91993
-8.43005;4.15185
-8.53542;4.36484
-8.51199;4.59957
-8.61548;4.81089
-8.5869;5.04759
-8.68257;5.2606
-8.64168;5.49821
-8.72337;5.71521
-8.66613;5.95046
-8.73022;6.17188
-8.65473;6.40193
-8.70074;6.62752
-8.60775;6.8506
-8.63703;7.07948
-8.52897;7.29493
-8.54395;7.52619
-8.42399;7.73438
-8.42761;7.96729
-8.29903;8.16932
-8.29426;8.40336
-8.15994;8.60066
-8.14948;8.83548
-8.01172;9.02954
-7.99772;9.26488
-7.85805;9.45693
-7.84193;9.6925
-7.70097;9.88332
-7.68308;10.1187
-7.5403;10.3085
-7.51943;10.5431
-7.37249;10.7308
-7.34505;10.9633
-7.18884;11.1462
-7.14751;11.3739
-6.97347;11.5456
-6.90609;11.7621
-6.7052;11.909
-6.59802;12.1013
-6.37;12.2031
-6.21891;12.3553
-5.97529;12.3952
-5.78928;12.4969
-5.54695;12.4705
-5.34067;12.5173
-5.11566;12.4296
-4.90248;12.4257
-4.70491;12.2884
-4.49355;12.2421
-4.32686;12.0685
-4.12138;11.9886
-3.98355;11.7913
-3.78532;11.6858
-3.67131;11.4743
-3.47974;11.3504
-3.38335;11.1311
-3.19707;10.9946
-3.11258;10.7716
-2.93003;10.6269
-2.85287;10.4022
-2.67267;10.2527
-2.59964;10.0275
-2.42072;9.87528
-2.34972;9.65008
-2.17132;9.49662
-2.10104;9.27163
-1.92265;9.11782
-1.85226;8.89318
-1.67356;8.73959
-1.60254;8.51539
-1.42332;8.36237
-1.35134;8.13867
-1.17149;7.98644
-1.09836;7.76326
-0.917806;7.61196
-0.843429;7.38933
-0.662166;7.23902
-0.586503;7.01695
-0.40453;6.86766
-0.327554;6.64616
-0.144834;6.49792
-0.0664616;6.27708
0.117152;6.13001
0.197162;5.90998
0.381977;5.76437
0.464103;5.54544
0.650588;5.40178
0.735538;5.18433
0.92425;5.04333
1.01285;4.82777
1.20429;4.69023
1.29732;4.47694
1.49188;4.3436
1.58998;4.13296
1.78794;4.00453
1.89169;3.79698
2.09343;3.67422
2.2035;3.47038
2.40933;3.35423
2.52641;3.15474
2.73633;3.04604
2.86061;2.85111
3.07388;2.74989
3.20445;2.55855
3.41953;2.46318
3.55402;2.27309
3.76871;2.17999
3.90342;1.98794
4.11502;1.89208
4.24522;1.69482
4.45067;1.59078
4.57098;1.38566
4.76692;1.26872
4.87176;1.05413
5.05461;0.920876
5.13865;0.69662
5.30471;0.54527
5.36341;0.312762
5.50931;0.143318
5.53958;-0.0945335
5.66293;-0.280445
5.66375;-0.51992
5.76371;-0.71958
5.73618;-0.957024
5.81361;-1.16734
5.76082;-1.39989
5.81813;-1.61799
5.7447;-1.84407
5.78581;-2.0677
5.69754;-2.28728
5.72783;-2.515
5.63148;-2.72958
5.65792;-2.96069
5.56123;-3.17305
5.59261;-3.40709
5.50472;-3.62066
5.55163;-3.85624
5.48358;-4.07371
5.55725;-4.30633
5.52165;-4.5274
5.63136;-4.74764
5.63882;-4.96736
5.78833;-5.1624
5.84285;-5.3726
6.02866;-5.53102
6.12763;-5.7232
6.3412;-5.83818
6.47778;-6.00641
6.70878;-6.07648
6.87464;-6.21871
7.11377;-6.24709
7.30125;-6.36442
7.5416;-6.35737
7.74449;-6.45289
7.98197;-6.418
8.19554;-6.49575
8.42851;-6.44047
8.6493;-6.50467
8.87773;-6.4354
9.10326;-6.48996
9.32796;-6.41171
9.55652;-6.45989
9.77856;-6.37621
10.009;-6.42052
10.2293;-6.33378
10.4609;-6.37593
10.6802;-6.28762
10.9124;-6.32874
11.1312;-6.23971
11.3637;-6.28045
11.5824;-6.19116
11.8151;-6.23188
12.0337;-6.14258
12.2664;-6.18341
12.4852;-6.0942
12.7179;-6.13518
12.9366;-6.04621
13.1691;-6.08702
13.3878;-5.9982
13.6206;-6.03988
13.8398;-5.95021
14.0731;-5.99225
14.2925;-5.90266
14.5257;-5.94483
14.7451;-5.85543
14.9783;-5.89766
15.1976;-5.80888
15.4306;-5.85137
15.6502;-5.76214
15.8838;-5.80575
16.1039;-5.71653
16.3375;-5.76041
16.5577;-5.67142
16.7911;-5.71534
17.0114;-5.62631
17.2448;-5.66993
17.4649;-5.58054
17.6982;-5.62352
17.9182;-5.53349
18.1515;-5.57561
18.3712;-5.48484
18.6046;-5.52609
18.8239;-5.4347
19.0575;-5.47526
19.2764;-5.3835
19.5101;-5.42367
19.7288;-5.33181
19.9626;-5.37189
20.1812;-5.28017
20.4149;-5.32036
20.6336;-5.22894
20.8673;-5.26934
21.086;-5.17826
21.3196;-5.21888
21.5384;-5.12811
21.7718;-5.16893
21.9907;-5.07841
22.224;-5.11936
22.4429;-5.02905
22.6762;-5.07005
22.8951;-4.9799
23.1283;-5.0209
23.3472;-4.93086
23.5803;-4.97182
23.7992;-4.88187
24.0322;-4.92275
24.251;-4.83286
24.484;-4.87364
24.7028;-4.78378
24.9357;-4.82443
25.1544;-4.7346
25.3872;-4.77509
25.6058;-4.68528
25.8386;-4.72559
26.0571;-4.63577
26.2899;-4.67588
26.5083;-4.58601
26.741;-4.62591
26.9593;-4.53598
27.1919;-4.57561
27.4101;-4.48565
27.6427;-4.525
27.8608;-4.435
28.0933;-4.47425
28.3114;-4.38385
28.5445;-4.42376
28.763;-4.33263
28.9958;-4.37117
29.2122;-4.288
29.433;-4.30486
29.6361;-4.27138
29.8337;-4.24002
-29.9687;-4.20923
-29.7674;-4.20214
-29.5692;-4.1491
-29.3566;-4.16981
-29.1472;-4.08355
-28.9162;-4.11925
-28.6996;-4.02723
-28.4674;-4.0623
-28.2512;-3.9698
-28.0186;-4.00488
-27.8025;-3.91269
-27.5698;-3.94838
-27.3535;-3.8572
-27.1209;-3.89405
-26.9042;-3.80435
-26.6719;-3.84267
-26.4547;-3.75455
-26.2227;-3.79427
-26.0049;-3.70747
-25.7734;-3.74816
-25.5552;-3.66213
-25.3241;-3.7032
-25.1057;-3.61735
-24.8747;-3.65819
-24.6564;-3.57206
-24.4255;-3.61227
-24.2074;-3.52558
-23.9765;-3.56499
-23.7587;-3.4777
-23.5278;-3.51635
-23.3103;-3.42857
-23.0792;-3.46666
-22.862;-3.37861
-22.6309;-3.4164
-22.4138;-3.32832
-22.1827;-3.36609
-21.9657;-3.27821
-21.7345;-3.31618
-21.5175;-3.2287
-21.2864;-3.26705
-21.0692;-3.18009
-20.8382;-3.21894
-20.6209;-3.13261
-20.39;-3.17204
-20.1725;-3.08642
-19.9418;-3.1265
-19.724;-3.04164
-19.4935;-3.08247
-19.2755;-2.99844
-19.0451;-3.04011
-18.8268;-2.95696
-18.5966;-2.9995
-18.378;-2.91723
-18.1479;-2.96061
-17.929;-2.87908
-17.6992;-2.92314
-17.48;-2.84213
-17.2504;-2.88665
-17.031;-2.80593
-16.8014;-2.85078
-16.5819;-2.77033
-16.3523;-2.81567
-16.1326;-2.73579
-15.9029;-2.78217
-15.683;-2.70343
-15.4534;-2.75156
-15.2329;-2.67455
-15.0035;-2.72483
-14.7822;-2.64946
-14.5532;-2.70133
-14.3312;-2.62624
-14.1027;-2.67762
-13.8802;-2.59978
-13.6518;-2.64699
-13.43;-2.56214
-13.2013;-2.6003
-12.9824;-2.50397
-12.7533;-2.52819
-12.5404;-2.41695
-12.3111;-2.4238
-12.1072;-2.29611
-11.8786;-2.28432
-11.6858;-2.14046
-11.4587;-2.11044
-11.2779;-1.95182
-11.0532;-1.90469
-10.8848;-1.73292
-10.6636;-1.66965
-10.5082;-1.48586
-10.2921;-1.40665
-10.1507;-1.2113
-9.94196;-1.11552
-9.81677;-0.908758
-9.61785;-0.795394
-9.51165;-0.577813
-9.32517;-0.446282
-9.24046;-0.219375
-9.0683;-0.0701625
-9.00641;0.163804
-8.84947;0.32917
-8.81029;0.567717
-8.66882;0.747161
-8.65134;0.988057
-8.52548;1.17945
-8.52856;1.42084
-8.41871;1.62225
-8.44145;1.86247
-8.34843;2.07217
-8.39032;2.30954
-8.31398;2.5261
-8.37512;2.7597
-8.31445;2.98232
-8.39198;3.21074
-8.34574;3.43764
-8.43625;3.66019
-8.40059;3.8906
-8.49881;4.10818
-8.46848;4.3413
-8.56932;4.5561
-8.5372;4.79212
-8.63425;5.00717
-8.59499;5.24432
-8.68184;5.46142
-8.63023;5.69747
-8.70267;5.91803
-8.63549;6.15061
-8.69158;6.37499
-8.60796;6.60204
-8.64776;6.82983
-8.54877;7.05015
-8.57368;7.28061
-8.46158;7.49389
-8.47386;7.72628
-8.35147;7.93302
-8.35373;8.16678
-8.22384;8.36805
-8.21868;8.60275
-8.08372;8.79983
-8.07338;9.03515
-7.93514;9.22927
-7.92122;9.46488
-7.78061;9.65692
-7.76371;9.89242
-7.62043;10.0826
-7.59963;10.3174
-7.4517;10.505
-7.42381;10.7377
-7.26689;10.9203
-7.2254;11.1484
-7.05246;11.3202
-6.98681;11.5379
-6.79027;11.6875
-6.68834;11.8838
-6.46618;11.9938
-6.32292;12.1552
-6.08304;12.2097
-5.90427;12.3256
-5.66096;12.3179
-5.45884;12.382
-5.22742;12.314
-5.01479;12.3282
-4.80636;12.2085
-4.59276;12.1788
-4.41303;12.0191
-4.20371;11.9536
-4.0529;11.7659
-3.85028;11.6721
-3.72504;11.4665
-3.52929;11.3516
-3.42421;11.1355
-3.23443;11.0055
-3.14382;10.7839
-2.95857;10.6436
-2.87746;10.4195
-2.69526;10.2727
-2.61983;10.0475
-2.43945;9.89701
-2.36708;9.67156
-2.18758;9.51912
-2.11655;9.29379
-1.93731;9.14059
-1.86655;8.91556
-1.68716;8.76232
-1.616;8.53769
-1.43618;8.38486
-1.36423;8.16069
-1.18381;8.00855
-1.11081;7.78486
-0.929705;7.63358
-0.855534;7.4104
-0.673689;7.26008
-0.598257;7.03743
-0.415629;6.88813
-0.338853;6.66605
-0.155347;6.51788
-0.0770746;6.29646
0.107493;6.14957
0.187558;5.929
0.373487;5.78372
0.455821;5.56426
0.643524;5.42106
0.728765;5.20306
0.918716;5.06258
1.00759;4.8464
1.20024;4.70936
1.29349;4.49541
1.48923;4.36255
1.58754;4.15126
1.78671;4.02334
1.89072;3.8152
2.09361;3.69301
2.20393;3.48852
2.41065;3.37279
2.5276;3.17227
2.73785;3.06336
2.86118;2.86661
3.07409;2.76402
3.20258;2.56994
3.41667;2.47183
3.548;2.27834
3.76129;2.18138
3.89204;1.98572
4.10204;1.8855
4.22784;1.68474
4.43164;1.57643
4.5474;1.36809
4.74171;1.24726
4.84205;1.02988
5.02334;0.893286
5.10311;0.666799
5.2679;0.512796
5.32288;0.278709
5.4681;0.107374
5.49559;-0.131507
5.61916;-0.31861
5.61837;-0.558812
5.71964;-0.759145
5.69184;-0.997297
5.77176;-1.20798
5.72004;-1.44151
5.78121;-1.6599
5.7102;-1.88748
5.75673;-2.11151
5.67228;-2.33332
5.70986;-2.56164
5.61897;-2.77929
5.65492;-3.01104
5.56582;-3.22726
5.6093;-3.46149
5.53179;-3.67929
5.59345;-3.91351
5.53899;-4.13466
5.62931;-4.36288
5.60954;-4.58579
5.73586;-4.79778
5.75885;-5.01689
5.92263;-5.2008
5.99029;-5.40836
6.18678;-5.55467
6.29567;-5.74331
6.51629;-5.84688
6.6598;-6.01182
6.89492;-6.07235
7.06545;-6.21214
7.30671;-6.23331
7.49731;-6.3492
7.73868;-6.33718
7.94366;-6.43218
8.18173;-6.39412
8.39672;-6.47204
8.63018;-6.41486
8.85198;-6.47973
9.08094;-6.40935
9.30724;-6.46486
9.53253;-6.38593
9.7617;-6.43518
9.98435;-6.35105
10.2153;-6.39639
10.4362;-6.30931
10.6682;-6.35242
10.8881;-6.26378
11.1206;-6.30575
11.34;-6.21639
11.5728;-6.25785
11.7919;-6.16823
12.0249;-6.20955
12.2439;-6.11993
12.4769;-6.16112
12.6957;-6.07192
12.9286;-6.11327
13.1477;-6.02333
13.3812;-6.06552
13.6007;-5.97541
13.8343;-6.01772
14.0538;-5.92774
14.2873;-5.97015
14.5069;-5.8805
14.7402;-5.92277
14.9596;-5.83333
15.1932;-5.87661
15.4133;-5.78657
15.6473;-5.8303
15.8675;-5.74053
16.1014;-5.78448
16.3218;-5.69492
16.5556;-5.73895
16.7759;-5.64941
17.0096;-5.69327
17.23;-5.60352
17.4636;-5.64695
17.6838;-5.55676
17.9174;-5.59952
18.1374;-5.50876
18.3711;-5.55078
18.5907;-5.45944
18.8245;-5.5008
19.0439;-5.40903
19.2777;-5.44988
19.4968;-5.3579
19.7308;-5.39848
19.9497;-5.30649
20.1837;-5.34703
20.4026;-5.2552
20.6365;-5.29584
20.8554;-5.20427
21.0893;-5.24507
21.3082;-5.1538
21.542;-5.19478
21.761;-5.10378
21.9947;-5.1449
22.2137;-5.05412
22.4473;-5.09534
22.6664;-5.00473
22.8999;-5.046
23.119;-4.95551
23.3524;-4.99679
23.5715;-4.90638
23.8049;-4.94762
24.0239;-4.85727
24.2572;-4.89844
24.4763;-4.80811
24.7096;-4.8492
24.9286;-4.75887
25.1618;-4.79986
25.3808;-4.70949
25.614;-4.75035
25.8329;-4.65993
26.0661;-4.70064
26.2849;-4.61017
26.5181;-4.65068
26.7368;-4.56014
26.9699;-4.60046
27.1886;-4.50984
27.4217;-4.54994
27.6402;-4.45928
27.8733;-4.4992
28.0918;-4.4084
28.3251;-4.44855
28.5438;-4.35697
28.7776;-4.39765
28.9963;-4.30769
29.226;-4.34039
29.4372;-4.27622
29.6419;-4.2621
29.8414;-4.24836
-29.9591;-4.23438
-29.7622;-4.18247
-29.5512;-4.19826
-29.3441;-4.11131
-29.1124;-4.14659
-28.8959;-4.05342
-28.663;-4.08869
-28.4466;-3.99551
-28.2135;-4.03111
-27.997;-3.93827
-27.7639;-3.97446
-27.5472;-3.88244
-27.3142;-3.91956
-27.0972;-3.82874
-26.8643;-3.86704
-26.6469;-3.77756
-26.4144;-3.81706
-26.1965;-3.72882
-25.9644;-3.7693
-25.7461;-3.68196
-25.5143;-3.723
-25.2958;-3.6361
-25.0642;-3.67722
-24.8456;-3.59033
-24.6142;-3.63112
-24.3957;-3.54394
-24.1644;-3.58413
-23.9461;-3.49651
-23.7148;-3.53604
-23.4968;-3.44799
-23.2654;-3.48695
-23.0477;-3.3986
-22.8162;-3.43717
-22.5987;-3.34873
-22.3672;-3.38713
-22.1498;-3.29882
-21.9183;-3.33727
-21.7009;-3.24928
-21.4695;-3.28797
-21.2521;-3.20047
-21.0208;-3.23955
-20.8033;-3.15264
-20.5721;-3.19223
-20.3544;-3.10601
-20.1234;-3.1462
-19.9055;-3.06073
-19.6746;-3.10162
-19.4565;-3.01695
-19.2258;-3.05863
-19.0074;-2.97477
-18.7768;-3.0173
-18.5581;-2.93421
-18.3277;-2.97758
-18.1087;-2.89514
-17.8784;-2.9393
-17.659;-2.85734
-17.4288;-2.90219
-17.2091;-2.82055
-16.9788;-2.86604
-16.7589;-2.78469
-16.5285;-2.83096
-16.3083;-2.7501
-16.0778;-2.79747
-15.8572;-2.71744
-15.6267;-2.7663
-15.4056;-2.6874
-15.1752;-2.73786
-14.9534;-2.6599
-14.7233;-2.71135
-14.5009;-2.63319
-14.2711;-2.68388
-14.0485;-2.60316
-13.8187;-2.6501
-13.5969;-2.56347
-13.3669;-2.60266
-13.1476;-2.50637
-12.9172;-2.53359
-12.7029;-2.42439
-12.4724;-2.43624
-12.2658;-2.31212
-12.0357;-2.30668
-11.839;-2.16712
-11.6102;-2.14389
-11.4249;-1.9895
-11.1985;-1.94881
-11.0255;-1.78067
-10.8026;-1.72301
-10.6428;-1.5421
-10.425;-1.46764
-10.2797;-1.27464
-10.0688;-1.18307
-9.93963;-0.97849
-9.73801;-0.86927
-9.62724;-0.653866
-9.43712;-0.526736
-9.3469;-0.301866
-9.17015;-0.157284
-9.10186;0.0751059
-8.93974;0.235919
